w(6,1,0,0,0)
w(86,1,0,1,1)
w(0,1,0,2,2)
w(42,1,0,3,3)
w(0,2,0,4,4)
w(75,1,0,5,5)
w(1,1,0,6,6)
w(14,1,0,7,7)
w(43,1,0,8,8)
w(0,3,0,9,9)
w(67,1,0,10,10)
r(1,1,0,11,11)
w(0,4,0,12,12)
w(22,1,0,13,13)
w(25,1,0,14,14)
w(1,2,0,15,15)
w(9,1,0,16,16)
w(4,1,0,17,17)
w(4,2,0,18,18)
w(2,1,0,19,19)
w(35,1,0,20,20)
w(7,1,0,21,21)
w(0,5,0,22,22)
r(0,5,0,23,23)
w(0,6,0,24,24)
w(0,7,0,25,25)
w(39,1,0,26,26)
w(23,1,0,27,27)
w(21,1,0,28,28)
w(40,1,0,29,29)
r(45,0,0,30,30)
w(4,3,0,31,31)
w(4,4,0,32,32)
w(34,1,0,33,33)
w(7,2,0,34,34)
w(2,2,0,35,35)
w(2,3,0,36,36)
w(0,8,0,37,37)
w(1,3,0,38,38)
w(0,9,0,39,39)
w(14,2,0,40,40)
w(24,1,0,41,41)
w(50,1,0,42,42)
w(43,2,0,43,43)
w(19,1,0,44,44)
w(43,3,0,45,45)
w(0,10,0,46,46)
w(0,11,0,47,47)
r(0,11,0,48,48)
w(21,2,0,49,49)
r(11,0,0,50,50)
w(0,12,0,51,51)
r(95,0,0,52,52)
w(0,13,0,53,53)
w(35,2,0,54,54)
w(0,14,0,55,55)
w(50,2,0,56,56)
w(95,1,0,57,57)
w(19,2,0,58,58)
w(21,3,0,59,59)
w(0,15,0,60,60)
w(3,1,0,61,61)
w(50,3,0,62,62)
w(84,1,0,63,63)
w(0,16,0,64,64)
r(0,16,0,65,65)
w(30,1,0,66,66)
r(2,3,0,67,67)
w(1,4,0,68,68)
w(1,5,0,69,69)
w(2,4,0,70,70)
r(29,0,0,71,71)
w(23,2,0,72,72)
r(1,5,0,73,73)
w(0,17,0,74,74)
w(1,6,0,75,75)
w(79,1,0,76,76)
w(55,1,0,77,77)
w(62,1,0,78,78)
r(1,6,0,79,79)
w(6,2,0,80,80)
w(0,18,0,81,81)
r(22,1,0,82,82)
w(12,1,0,83,83)
r(1,6,0,84,84)
w(31,1,0,85,85)
w(89,1,0,86,86)
r(2,4,0,87,87)
r(1,6,0,88,88)
w(14,3,0,89,89)
w(0,19,0,90,90)
w(0,20,0,91,91)
w(13,1,0,92,92)
w(59,1,0,93,93)
w(43,4,0,94,94)
w(53,1,0,95,95)
w(0,21,0,96,96)
w(12,2,0,97,97)
w(99,1,0,98,98)
w(13,2,0,99,99)
w(2,5,0,100,100)
w(12,3,0,101,101)
w(1,7,0,102,102)
r(53,1,0,103,103)
w(7,3,0,104,104)
w(4,5,0,105,105)
w(41,1,0,106,106)
w(9,2,0,107,107)
w(45,1,0,108,108)
w(0,22,0,109,109)
r(8,0,0,110,110)
w(3,2,0,111,111)
w(83,1,0,112,112)
w(1,8,0,113,113)
w(40,2,0,114,114)
w(7,4,0,115,115)
r(20,0,0,116,116)
w(0,23,0,117,117)
r(22,1,0,118,118)
w(0,24,0,119,119)
w(2,6,0,120,120)
w(11,1,0,121,121)
w(69,1,0,122,122)
w(43,5,0,123,123)
w(95,2,0,124,124)
w(82,1,0,125,125)
w(0,25,0,126,126)
w(9,3,0,127,127)
w(2,7,0,128,128)
w(0,26,0,129,129)
w(1,9,0,130,130)
w(26,1,0,131,131)
w(62,2,0,132,132)
w(10,1,0,133,133)
w(56,1,0,134,134)
w(4,6,0,135,135)
w(12,4,0,136,136)
w(39,2,0,137,137)
w(17,1,0,138,138)
w(0,27,0,139,139)
w(11,2,0,140,140)
w(2,8,0,141,141)
w(2,9,0,142,142)
w(38,1,0,143,143)
w(15,1,0,144,144)
w(2,10,0,145,145)
r(19,2,0,146,146)
w(8,1,0,147,147)
w(8,2,0,148,148)
w(85,1,0,149,149)
w(8,3,0,150,150)
w(0,28,0,151,151)
w(4,7,0,152,152)
w(1,10,0,153,153)
r(33,0,0,154,154)
w(12,5,0,155,155)
w(38,2,0,156,156)
w(33,1,0,157,157)
w(11,3,0,158,158)
w(1,11,0,159,159)
w(20,1,0,160,160)
w(28,1,0,161,161)
w(55,2,0,162,162)
w(7,5,0,163,163)
w(3,3,0,164,164)
w(87,1,0,165,165)
w(4,8,0,166,166)
r(0,28,0,167,167)
w(26,2,0,168,168)
w(1,12,0,169,169)
w(6,3,0,170,170)
w(2,11,0,171,171)
w(17,2,0,172,172)
w(98,1,0,173,173)
w(8,4,0,174,174)
w(1,13,0,175,175)
w(0,29,0,176,176)
w(7,6,0,177,177)
w(1,14,0,178,178)
w(20,2,0,179,179)
w(44,1,0,180,180)
w(9,4,0,181,181)
w(18,1,0,182,182)
w(0,30,0,183,183)
w(27,1,0,184,184)
w(1,15,0,185,185)
w(0,31,0,186,186)
w(32,1,0,187,187)
w(1,16,0,188,188)
w(11,4,0,189,189)
w(39,3,0,190,190)
w(4,9,0,191,191)
w(22,2,0,192,192)
w(37,1,0,193,193)
w(15,2,0,194,194)
w(33,2,0,195,195)
w(79,2,0,196,196)
w(1,17,0,197,197)
w(8,5,0,198,198)
w(50,4,0,199,199)
w(3,4,0,200,200)
w(0,32,0,201,201)
w(7,7,0,202,202)
w(4,10,0,203,203)
w(2,12,0,204,204)
w(10,2,0,205,205)
w(50,5,0,206,206)
w(4,11,0,207,207)
w(16,1,0,208,208)
w(89,2,0,209,209)
w(0,33,0,210,210)
w(0,34,0,211,211)
w(30,2,0,212,212)
w(26,3,0,213,213)
w(61,1,0,214,214)
w(37,2,0,215,215)
w(10,3,0,216,216)
r(9,4,0,217,217)
r(68,0,0,218,218)
w(3,5,0,219,219)
w(33,3,0,220,220)
w(1,18,0,221,221)
w(4,12,0,222,222)
w(79,3,0,223,223)
w(9,5,0,224,224)
w(66,1,0,225,225)
w(55,3,0,226,226)
w(5,1,0,227,227)
w(73,1,0,228,228)
w(3,6,0,229,229)
w(20,3,0,230,230)
w(10,4,0,231,231)
w(0,35,0,232,232)
w(43,6,0,233,233)
w(35,3,0,234,234)
w(0,36,0,235,235)
r(1,18,0,236,236)
w(2,13,0,237,237)
w(4,13,0,238,238)
w(58,1,0,239,239)
w(0,37,0,240,240)
w(69,2,0,241,241)
w(11,5,0,242,242)
w(0,38,0,243,243)
w(2,14,0,244,244)
w(0,39,0,245,245)
w(14,4,0,246,246)
w(8,6,0,247,247)
w(25,2,0,248,248)
w(0,40,0,249,249)
r(2,14,0,250,250)
w(3,7,0,251,251)
r(0,40,0,252,252)
w(12,6,0,253,253)
w(0,41,0,254,254)
r(14,4,0,255,255)
w(51,1,0,256,256)
w(21,4,0,257,257)
w(4,14,0,258,258)
w(0,42,0,259,259)
w(37,3,0,260,260)
w(4,15,0,261,261)
w(10,5,0,262,262)
w(5,2,0,263,263)
w(61,2,0,264,264)
w(3,8,0,265,265)
w(5,3,0,266,266)
r(3,8,0,267,267)
w(3,9,0,268,268)
w(60,1,0,269,269)
w(38,3,0,270,270)
w(34,2,0,271,271)
w(47,1,0,272,272)
w(1,19,0,273,273)
w(4,16,0,274,274)
w(15,3,0,275,275)
r(12,6,0,276,276)
w(9,6,0,277,277)
w(0,43,0,278,278)
w(28,2,0,279,279)
w(47,2,0,280,280)
w(22,3,0,281,281)
w(4,17,0,282,282)
w(0,44,0,283,283)
w(9,7,0,284,284)
w(10,6,0,285,285)
w(1,20,0,286,286)
w(4,18,0,287,287)
w(0,45,0,288,288)
w(80,1,0,289,289)
w(21,5,0,290,290)
w(5,4,0,291,291)
w(46,1,0,292,292)
w(41,2,0,293,293)
w(7,8,0,294,294)
w(0,46,0,295,295)
w(2,15,0,296,296)
w(15,4,0,297,297)
w(16,2,0,298,298)
w(0,47,0,299,299)
w(3,10,0,300,300)
w(9,8,0,301,301)
r(31,1,0,302,302)
w(5,5,0,303,303)
w(0,48,0,304,304)
w(4,19,0,305,305)
w(0,49,0,306,306)
w(2,16,0,307,307)
w(8,7,0,308,308)
w(18,2,0,309,309)
w(8,8,0,310,310)
w(2,17,0,311,311)
w(0,50,0,312,312)
w(5,6,0,313,313)
w(16,3,0,314,314)
w(0,51,0,315,315)
w(9,9,0,316,316)
w(65,1,0,317,317)
w(2,18,0,318,318)
w(71,1,0,319,319)
r(9,9,0,320,320)
w(4,20,0,321,321)
w(25,3,0,322,322)
w(19,3,0,323,323)
w(50,6,0,324,324)
w(1,21,0,325,325)
r(3,10,0,326,326)
w(8,9,0,327,327)
w(31,2,0,328,328)
w(0,52,0,329,329)
w(1,22,0,330,330)
w(8,10,0,331,331)
w(13,3,0,332,332)
r(78,0,0,333,333)
w(2,19,0,334,334)
w(3,11,0,335,335)
w(0,53,0,336,336)
w(0,54,0,337,337)
w(30,3,0,338,338)
w(20,4,0,339,339)
w(1,23,0,340,340)
w(23,3,0,341,341)
w(6,4,0,342,342)
w(0,55,0,343,343)
w(28,3,0,344,344)
w(29,1,0,345,345)
w(9,10,0,346,346)
w(16,4,0,347,347)
w(98,2,0,348,348)
w(4,21,0,349,349)
w(1,24,0,350,350)
w(1,25,0,351,351)
w(18,3,0,352,352)
w(14,5,0,353,353)
w(82,2,0,354,354)
w(3,12,0,355,355)
w(6,5,0,356,356)
w(15,5,0,357,357)
w(0,56,0,358,358)
r(65,1,0,359,359)
w(4,22,0,360,360)
w(20,5,0,361,361)
r(2,19,0,362,362)
w(3,13,0,363,363)
w(73,2,0,364,364)
w(14,6,0,365,365)
w(51,2,0,366,366)
w(2,20,0,367,367)
w(5,7,0,368,368)
w(65,2,0,369,369)
w(42,2,0,370,370)
w(3,14,0,371,371)
w(90,1,0,372,372)
w(0,57,0,373,373)
w(0,58,0,374,374)
w(0,59,0,375,375)
w(1,26,0,376,376)
w(0,60,0,377,377)
w(0,61,0,378,378)
w(8,11,0,379,379)
w(20,6,0,380,380)
w(25,4,0,381,381)
w(8,12,0,382,382)
w(17,3,0,383,383)
w(10,7,0,384,384)
w(44,2,0,385,385)
w(9,11,0,386,386)
w(0,62,0,387,387)
w(11,6,0,388,388)
w(23,4,0,389,389)
w(54,1,0,390,390)
w(2,21,0,391,391)
w(0,63,0,392,392)
w(1,27,0,393,393)
w(20,7,0,394,394)
w(41,3,0,395,395)
w(0,64,0,396,396)
w(41,4,0,397,397)
r(2,21,0,398,398)
w(42,3,0,399,399)
w(21,6,0,400,400)
w(18,4,0,401,401)
w(9,12,0,402,402)
r(24,1,0,403,403)
w(1,28,0,404,404)
w(0,65,0,405,405)
w(0,66,0,406,406)
w(15,6,0,407,407)
w(4,23,0,408,408)
r(1,28,0,409,409)
w(34,3,0,410,410)
r(0,66,0,411,411)
w(1,29,0,412,412)
w(7,9,0,413,413)
w(33,4,0,414,414)
w(2,22,0,415,415)
w(8,13,0,416,416)
w(0,67,0,417,417)
w(4,24,0,418,418)
w(0,68,0,419,419)
w(68,1,0,420,420)
w(20,8,0,421,421)
w(20,9,0,422,422)
w(0,69,0,423,423)
w(0,70,0,424,424)
w(0,71,0,425,425)
w(0,72,0,426,426)
w(0,73,0,427,427)
w(1,30,0,428,428)
w(0,74,0,429,429)
w(12,7,0,430,430)
w(4,25,0,431,431)
w(0,75,0,432,432)
r(16,4,0,433,433)
w(8,14,0,434,434)
w(3,15,0,435,435)
w(4,26,0,436,436)
w(45,2,0,437,437)
w(4,27,0,438,438)
w(21,7,0,439,439)
w(71,2,0,440,440)
w(1,31,0,441,441)
w(3,16,0,442,442)
w(32,2,0,443,443)
w(2,23,0,444,444)
r(9,12,0,445,445)
w(56,2,0,446,446)
w(1,32,0,447,447)
w(0,76,0,448,448)
w(62,3,0,449,449)
w(28,4,0,450,450)
w(24,2,0,451,451)
w(1,33,0,452,452)
w(5,8,0,453,453)
w(16,5,0,454,454)
w(61,3,0,455,455)
w(2,24,0,456,456)
w(9,13,0,457,457)
w(40,3,0,458,458)
w(0,77,0,459,459)
r(3,16,0,460,460)
w(57,1,0,461,461)
w(1,34,0,462,462)
w(18,5,0,463,463)
w(85,2,0,464,464)
w(12,8,0,465,465)
w(2,25,0,466,466)
w(3,17,0,467,467)
w(37,4,0,468,468)
w(17,4,0,469,469)
w(5,9,0,470,470)
w(70,1,0,471,471)
w(42,4,0,472,472)
w(3,18,0,473,473)
w(22,4,0,474,474)
r(49,0,0,475,475)
w(15,7,0,476,476)
w(11,7,0,477,477)
w(11,8,0,478,478)
w(0,78,0,479,479)
w(18,6,0,480,480)
w(3,19,0,481,481)
w(62,4,0,482,482)
w(9,14,0,483,483)
w(96,1,0,484,484)
w(27,2,0,485,485)
w(59,2,0,486,486)
w(0,79,0,487,487)
w(7,10,0,488,488)
w(2,26,0,489,489)
w(0,80,0,490,490)
w(24,3,0,491,491)
w(2,27,0,492,492)
w(1,35,0,493,493)
w(2,28,0,494,494)
r(0,80,0,495,495)
w(2,29,0,496,496)
w(65,3,0,497,497)
w(14,7,0,498,498)
w(35,4,0,499,499)
w(53,2,1,0,0)
w(0,81,1,1,1)
w(5,10,1,2,2)
w(8,15,1,3,3)
r(2,29,1,4,4)
w(2,30,1,5,5)
w(2,31,1,6,6)
w(27,3,1,7,7)
w(21,8,1,8,8)
w(97,1,1,9,9)
r(1,35,1,10,10)
w(58,2,1,11,11)
r(23,4,1,12,12)
r(9,14,1,13,13)
w(5,11,1,14,14)
w(18,7,1,15,15)
w(6,6,1,16,16)
w(2,32,1,17,17)
w(39,4,1,18,18)
r(11,8,1,19,19)
w(3,20,1,20,20)
w(32,3,1,21,21)
w(20,10,1,22,22)
w(71,3,1,23,23)
w(0,82,1,24,24)
w(3,21,1,25,25)
w(46,2,1,26,26)
w(60,2,1,27,27)
w(5,12,1,28,28)
w(0,83,1,29,29)
w(14,8,1,30,30)
w(22,5,1,31,31)
w(12,9,1,32,32)
w(14,9,1,33,33)
r(12,9,1,34,34)
r(32,3,1,35,35)
w(11,9,1,36,36)
r(36,0,1,37,37)
w(6,7,1,38,38)
r(0,83,1,39,39)
w(0,84,1,40,40)
w(93,1,1,41,41)
w(7,11,1,42,42)
w(0,85,1,43,43)
r(4,27,1,44,44)
w(28,5,1,45,45)
w(32,4,1,46,46)
w(0,86,1,47,47)
w(92,1,1,48,48)
w(1,36,1,49,49)
r(57,1,1,50,50)
w(9,15,1,51,51)
w(12,10,1,52,52)
w(1,37,1,53,53)
w(4,28,1,54,54)
w(9,16,1,55,55)
w(13,4,1,56,56)
w(1,38,1,57,57)
w(0,87,1,58,58)
w(0,88,1,59,59)
w(5,13,1,60,60)
w(1,39,1,61,61)
w(7,12,1,62,62)
w(4,29,1,63,63)
w(32,5,1,64,64)
w(29,2,1,65,65)
w(83,2,1,66,66)
w(0,89,1,67,67)
w(0,90,1,68,68)
w(38,4,1,69,69)
w(97,2,1,70,70)
w(12,11,1,71,71)
w(46,3,1,72,72)
w(2,33,1,73,73)
w(0,91,1,74,74)
r(4,29,1,75,75)
w(22,6,1,76,76)
w(2,34,1,77,77)
w(1,40,1,78,78)
w(34,4,1,79,79)
w(51,3,1,80,80)
w(19,4,1,81,81)
w(91,1,1,82,82)
w(51,4,1,83,83)
r(25,4,1,84,84)
w(9,17,1,85,85)
w(0,92,1,86,86)
w(0,93,1,87,87)
w(8,16,1,88,88)
w(2,35,1,89,89)
w(2,36,1,90,90)
w(0,94,1,91,91)
w(21,9,1,92,92)
w(25,5,1,93,93)
w(1,41,1,94,94)
w(8,17,1,95,95)
r(0,94,1,96,96)
w(0,95,1,97,97)
w(81,1,1,98,98)
w(9,18,1,99,99)
w(29,3,1,100,100)
r(0,95,1,101,101)
w(47,3,1,102,102)
w(5,14,1,103,103)
w(1,42,1,104,104)
w(83,3,1,105,105)
r(10,7,1,106,106)
w(2,37,1,107,107)
w(30,4,1,108,108)
w(14,10,1,109,109)
w(44,3,1,110,110)
w(7,13,1,111,111)
w(13,5,1,112,112)
w(0,96,1,113,113)
r(18,7,1,114,114)
w(15,8,1,115,115)
w(82,3,1,116,116)
w(25,6,1,117,117)
w(9,19,1,118,118)
w(14,11,1,119,119)
w(36,1,1,120,120)
w(7,14,1,121,121)
w(81,2,1,122,122)
w(0,97,1,123,123)
w(1,43,1,124,124)
w(57,2,1,125,125)
r(0,97,1,126,126)
w(0,98,1,127,127)
w(13,6,1,128,128)
w(94,1,1,129,129)
w(50,7,1,130,130)
w(3,22,1,131,131)
w(14,12,1,132,132)
w(7,15,1,133,133)
w(1,44,1,134,134)
w(55,4,1,135,135)
w(35,5,1,136,136)
w(0,99,1,137,137)
w(5,15,1,138,138)
w(0,100,1,139,139)
w(34,5,1,140,140)
w(57,3,1,141,141)
r(29,3,1,142,142)
w(0,101,1,143,143)
w(2,38,1,144,144)
w(88,1,1,145,145)
w(0,102,1,146,146)
w(0,103,1,147,147)
w(11,10,1,148,148)
w(1,45,1,149,149)
w(5,16,1,150,150)
w(36,2,1,151,151)
w(1,46,1,152,152)
w(0,104,1,153,153)
w(0,105,1,154,154)
w(1,47,1,155,155)
w(0,106,1,156,156)
w(40,4,1,157,157)
w(8,18,1,158,158)
w(0,107,1,159,159)
w(2,39,1,160,160)
w(1,48,1,161,161)
w(0,108,1,162,162)
w(34,6,1,163,163)
w(31,3,1,164,164)
w(3,23,1,165,165)
w(10,8,1,166,166)
w(10,9,1,167,167)
w(41,5,1,168,168)
w(2,40,1,169,169)
w(1,49,1,170,170)
w(5,17,1,171,171)
w(0,109,1,172,172)
w(82,4,1,173,173)
w(16,6,1,174,174)
w(39,5,1,175,175)
w(0,110,1,176,176)
w(1,50,1,177,177)
w(57,4,1,178,178)
w(8,19,1,179,179)
w(0,111,1,180,180)
w(12,12,1,181,181)
w(13,7,1,182,182)
w(0,112,1,183,183)
w(77,1,1,184,184)
w(33,5,1,185,185)
w(23,5,1,186,186)
w(77,2,1,187,187)
w(0,113,1,188,188)
w(58,3,1,189,189)
w(47,4,1,190,190)
w(1,51,1,191,191)
w(0,114,1,192,192)
w(6,8,1,193,193)
w(1,52,1,194,194)
w(47,5,1,195,195)
r(0,114,1,196,196)
w(7,16,1,197,197)
w(0,115,1,198,198)
w(2,41,1,199,199)
w(6,9,1,200,200)
w(0,116,1,201,201)
w(2,42,1,202,202)
w(2,43,1,203,203)
w(0,117,1,204,204)
w(12,13,1,205,205)
w(3,24,1,206,206)
w(10,10,1,207,207)
w(69,3,1,208,208)
w(13,8,1,209,209)
r(39,5,1,210,210)
w(94,2,1,211,211)
w(60,3,1,212,212)
w(7,17,1,213,213)
w(45,3,1,214,214)
w(48,1,1,215,215)
w(47,6,1,216,216)
w(0,118,1,217,217)
w(93,2,1,218,218)
w(2,44,1,219,219)
w(0,119,1,220,220)
w(2,45,1,221,221)
w(0,120,1,222,222)
w(77,3,1,223,223)
w(0,121,1,224,224)
w(6,10,1,225,225)
w(7,18,1,226,226)
w(0,122,1,227,227)
w(0,123,1,228,228)
w(0,124,1,229,229)
w(6,11,1,230,230)
w(48,2,1,231,231)
w(0,125,1,232,232)
w(12,14,1,233,233)
w(35,6,1,234,234)
w(4,30,1,235,235)
w(24,4,1,236,236)
w(2,46,1,237,237)
w(6,12,1,238,238)
w(12,15,1,239,239)
w(4,31,1,240,240)
w(49,1,1,241,241)
w(4,32,1,242,242)
w(0,126,1,243,243)
w(37,5,1,244,244)
w(3,25,1,245,245)
w(22,7,1,246,246)
w(1,53,1,247,247)
w(0,127,1,248,248)
w(4,33,1,249,249)
w(1,54,1,250,250)
w(7,19,1,251,251)
w(59,3,1,252,252)
w(29,4,1,253,253)
w(25,7,1,254,254)
w(14,13,1,255,255)
w(22,8,1,256,256)
w(70,2,1,257,257)
w(3,26,1,258,258)
w(4,34,1,259,259)
w(21,10,1,260,260)
w(23,6,1,261,261)
w(1,55,1,262,262)
w(5,18,1,263,263)
w(13,9,1,264,264)
w(32,6,1,265,265)
w(79,4,1,266,266)
w(0,128,1,267,267)
w(0,129,1,268,268)
w(32,7,1,269,269)
w(7,20,1,270,270)
w(2,47,1,271,271)
w(92,2,1,272,272)
w(4,35,1,273,273)
w(28,6,1,274,274)
w(1,56,1,275,275)
r(6,12,1,276,276)
w(54,2,1,277,277)
w(19,5,1,278,278)
w(71,4,1,279,279)
w(11,11,1,280,280)
w(2,48,1,281,281)
w(8,20,1,282,282)
w(68,2,1,283,283)
w(0,130,1,284,284)
w(49,2,1,285,285)
w(4,36,1,286,286)
w(1,57,1,287,287)
w(3,27,1,288,288)
w(7,21,1,289,289)
w(6,13,1,290,290)
w(1,58,1,291,291)
w(2,49,1,292,292)
w(6,14,1,293,293)
r(5,18,1,294,294)
w(0,131,1,295,295)
w(30,5,1,296,296)
w(4,37,1,297,297)
w(9,20,1,298,298)
w(1,59,1,299,299)
w(57,5,1,300,300)
w(3,28,1,301,301)
w(7,22,1,302,302)
r(45,3,1,303,303)
w(2,50,1,304,304)
w(0,132,1,305,305)
w(1,60,1,306,306)
w(5,19,1,307,307)
w(2,51,1,308,308)
w(47,7,1,309,309)
w(17,5,1,310,310)
w(80,2,1,311,311)
r(0,132,1,312,312)
w(8,21,1,313,313)
w(24,5,1,314,314)
w(0,133,1,315,315)
w(32,8,1,316,316)
r(18,7,1,317,317)
w(5,20,1,318,318)
w(12,16,1,319,319)
w(34,7,1,320,320)
w(2,52,1,321,321)
w(9,21,1,322,322)
w(35,7,1,323,323)
w(21,11,1,324,324)
w(10,11,1,325,325)
w(6,15,1,326,326)
w(0,134,1,327,327)
w(46,4,1,328,328)
w(0,135,1,329,329)
r(7,22,1,330,330)
w(2,53,1,331,331)
w(68,3,1,332,332)
w(0,136,1,333,333)
w(8,22,1,334,334)
w(39,6,1,335,335)
w(2,54,1,336,336)
w(0,137,1,337,337)
w(5,21,1,338,338)
w(51,5,1,339,339)
w(99,2,1,340,340)
w(11,12,1,341,341)
w(5,22,1,342,342)
w(3,29,1,343,343)
w(34,8,1,344,344)
w(0,138,1,345,345)
w(0,139,1,346,346)
r(87,1,1,347,347)
w(3,30,1,348,348)
w(18,8,1,349,349)
w(80,3,1,350,350)
w(28,7,1,351,351)
w(26,4,1,352,352)
w(0,140,1,353,353)
w(60,4,1,354,354)
w(2,55,1,355,355)
w(20,11,1,356,356)
w(29,5,1,357,357)
w(17,6,1,358,358)
w(72,1,1,359,359)
w(2,56,1,360,360)
r(9,21,1,361,361)
w(0,141,1,362,362)
r(98,2,1,363,363)
w(14,14,1,364,364)
w(33,6,1,365,365)
w(44,4,1,366,366)
w(65,4,1,367,367)
w(20,12,1,368,368)
w(7,23,1,369,369)
w(85,3,1,370,370)
w(82,5,1,371,371)
w(13,10,1,372,372)
w(7,24,1,373,373)
w(60,5,1,374,374)
w(0,142,1,375,375)
w(0,143,1,376,376)
w(56,3,1,377,377)
w(0,144,1,378,378)
w(21,12,1,379,379)
w(5,23,1,380,380)
w(1,61,1,381,381)
w(27,4,1,382,382)
w(1,62,1,383,383)
w(80,4,1,384,384)
w(6,16,1,385,385)
r(2,56,1,386,386)
w(0,145,1,387,387)
w(5,24,1,388,388)
w(0,146,1,389,389)
w(77,4,1,390,390)
w(30,6,1,391,391)
r(9,21,1,392,392)
w(59,4,1,393,393)
r(64,0,1,394,394)
w(0,147,1,395,395)
w(2,57,1,396,396)
w(5,25,1,397,397)
w(3,31,1,398,398)
w(64,1,1,399,399)
w(42,5,1,400,400)
w(61,4,1,401,401)
w(0,148,1,402,402)
w(21,13,1,403,403)
w(2,58,1,404,404)
w(91,2,1,405,405)
w(0,149,1,406,406)
w(1,63,1,407,407)
r(5,25,1,408,408)
w(0,150,1,409,409)
w(44,5,1,410,410)
r(4,37,1,411,411)
w(51,6,1,412,412)
w(0,151,1,413,413)
w(0,152,1,414,414)
w(1,64,1,415,415)
w(8,23,1,416,416)
w(1,65,1,417,417)
w(0,153,1,418,418)
w(35,8,1,419,419)
w(45,4,1,420,420)
w(40,5,1,421,421)
w(0,154,1,422,422)
w(2,59,1,423,423)
w(74,1,1,424,424)
w(2,60,1,425,425)
w(39,7,1,426,426)
w(3,32,1,427,427)
w(4,38,1,428,428)
w(0,155,1,429,429)
w(2,61,1,430,430)
w(34,9,1,431,431)
w(0,156,1,432,432)
w(1,66,1,433,433)
w(29,6,1,434,434)
w(17,7,1,435,435)
w(0,157,1,436,436)
w(16,7,1,437,437)
w(3,33,1,438,438)
w(46,5,1,439,439)
w(2,62,1,440,440)
w(1,67,1,441,441)
r(16,7,1,442,442)
w(0,158,1,443,443)
r(93,2,1,444,444)
w(96,2,1,445,445)
w(48,3,1,446,446)
w(23,7,1,447,447)
w(3,34,1,448,448)
w(39,8,1,449,449)
w(1,68,1,450,450)
w(14,15,1,451,451)
w(86,2,1,452,452)
w(3,35,1,453,453)
w(10,12,1,454,454)
w(17,8,1,455,455)
w(1,69,1,456,456)
w(3,36,1,457,457)
w(0,159,1,458,458)
w(0,160,1,459,459)
w(3,37,1,460,460)
w(0,161,1,461,461)
w(0,162,1,462,462)
w(61,5,1,463,463)
w(34,10,1,464,464)
w(40,6,1,465,465)
w(92,3,1,466,466)
w(20,13,1,467,467)
w(14,16,1,468,468)
w(16,8,1,469,469)
w(4,39,1,470,470)
r(12,16,1,471,471)
w(74,2,1,472,472)
w(0,163,1,473,473)
w(13,11,1,474,474)
r(25,7,1,475,475)
w(1,70,1,476,476)
w(22,9,1,477,477)
w(3,38,1,478,478)
w(32,9,1,479,479)
w(0,164,1,480,480)
w(0,165,1,481,481)
w(0,166,1,482,482)
w(0,167,1,483,483)
r(1,70,1,484,484)
w(39,9,1,485,485)
w(73,3,1,486,486)
w(41,6,1,487,487)
w(1,71,1,488,488)
w(3,39,1,489,489)
w(55,5,1,490,490)
w(1,72,1,491,491)
w(24,6,1,492,492)
w(1,73,1,493,493)
w(8,24,1,494,494)
w(82,6,1,495,495)
w(0,168,1,496,496)
w(93,3,1,497,497)
w(7,25,1,498,498)
w(0,169,1,499,499)
w(52,1,2,0,0)
w(29,7,2,1,1)
w(3,40,2,2,2)
w(64,2,2,3,3)
w(0,170,2,4,4)
r(39,9,2,5,5)
w(0,171,2,6,6)
w(2,63,2,7,7)
w(17,9,2,8,8)
w(1,74,2,9,9)
w(87,2,2,10,10)
w(3,41,2,11,11)
w(53,3,2,12,12)
w(0,172,2,13,13)
w(62,5,2,14,14)
w(6,17,2,15,15)
w(34,11,2,16,16)
w(0,173,2,17,17)
w(19,6,2,18,18)
r(8,24,2,19,19)
w(34,12,2,20,20)
w(6,18,2,21,21)
r(0,173,2,22,22)
w(5,26,2,23,23)
w(9,22,2,24,24)
r(1,74,2,25,25)
w(4,40,2,26,26)
w(56,4,2,27,27)
w(43,7,2,28,28)
w(0,174,2,29,29)
w(15,9,2,30,30)
w(0,175,2,31,31)
w(21,14,2,32,32)
w(6,19,2,33,33)
w(81,3,2,34,34)
w(9,23,2,35,35)
w(7,26,2,36,36)
w(1,75,2,37,37)
w(70,3,2,38,38)
r(12,16,2,39,39)
w(33,7,2,40,40)
w(0,176,2,41,41)
w(2,64,2,42,42)
w(10,13,2,43,43)
w(43,8,2,44,44)
w(0,177,2,45,45)
w(14,17,2,46,46)
w(26,5,2,47,47)
w(0,178,2,48,48)
w(80,5,2,49,49)
w(1,76,2,50,50)
w(7,27,2,51,51)
r(10,13,2,52,52)
w(74,3,2,53,53)
w(24,7,2,54,54)
w(15,10,2,55,55)
w(0,179,2,56,56)
w(28,8,2,57,57)
w(46,6,2,58,58)
w(2,65,2,59,59)
r(5,26,2,60,60)
w(11,13,2,61,61)
w(44,6,2,62,62)
w(14,18,2,63,63)
w(2,66,2,64,64)
w(0,180,2,65,65)
w(9,24,2,66,66)
w(5,27,2,67,67)
w(18,9,2,68,68)
w(4,41,2,69,69)
w(76,1,2,70,70)
w(2,67,2,71,71)
w(64,3,2,72,72)
w(92,4,2,73,73)
w(7,28,2,74,74)
r(2,67,2,75,75)
w(1,77,2,76,76)
w(1,78,2,77,77)
w(6,20,2,78,78)
r(28,8,2,79,79)
w(0,181,2,80,80)
w(22,10,2,81,81)
w(7,29,2,82,82)
w(48,4,2,83,83)
w(8,25,2,84,84)
r(5,27,2,85,85)
w(0,182,2,86,86)
w(1,79,2,87,87)
w(0,183,2,88,88)
w(7,30,2,89,89)
w(55,6,2,90,90)
w(2,68,2,91,91)
w(87,3,2,92,92)
w(0,184,2,93,93)
w(0,185,2,94,94)
w(1,80,2,95,95)
w(0,186,2,96,96)
w(3,42,2,97,97)
w(45,5,2,98,98)
w(10,14,2,99,99)
w(24,8,2,100,100)
w(37,6,2,101,101)
w(85,4,2,102,102)
w(0,187,2,103,103)
w(4,42,2,104,104)
w(0,188,2,105,105)
w(1,81,2,106,106)
w(0,189,2,107,107)
r(5,27,2,108,108)
w(5,28,2,109,109)
w(59,5,2,110,110)
w(4,43,2,111,111)
w(1,82,2,112,112)
w(74,4,2,113,113)
w(0,190,2,114,114)
w(2,69,2,115,115)
w(0,191,2,116,116)
w(0,192,2,117,117)
w(1,83,2,118,118)
w(14,19,2,119,119)
w(0,193,2,120,120)
w(13,12,2,121,121)
w(3,43,2,122,122)
w(15,11,2,123,123)
w(25,8,2,124,124)
w(11,14,2,125,125)
w(25,9,2,126,126)
r(20,13,2,127,127)
w(39,10,2,128,128)
w(0,194,2,129,129)
w(81,4,2,130,130)
w(26,6,2,131,131)
w(6,21,2,132,132)
w(43,9,2,133,133)
w(5,29,2,134,134)
w(0,195,2,135,135)
w(44,7,2,136,136)
w(4,44,2,137,137)
w(0,196,2,138,138)
w(0,197,2,139,139)
w(2,70,2,140,140)
w(61,6,2,141,141)
w(1,84,2,142,142)
w(95,3,2,143,143)
r(0,197,2,144,144)
w(2,71,2,145,145)
w(78,1,2,146,146)
w(0,198,2,147,147)
w(7,31,2,148,148)
w(6,22,2,149,149)
w(11,15,2,150,150)
w(28,9,2,151,151)
w(3,44,2,152,152)
w(3,45,2,153,153)
w(1,85,2,154,154)
w(2,72,2,155,155)
w(81,5,2,156,156)
w(34,13,2,157,157)
w(36,3,2,158,158)
w(0,199,2,159,159)
w(10,15,2,160,160)
w(4,45,2,161,161)
w(15,12,2,162,162)
w(1,86,2,163,163)
w(28,10,2,164,164)
w(1,87,2,165,165)
w(2,73,2,166,166)
w(8,26,2,167,167)
w(0,200,2,168,168)
w(39,11,2,169,169)
w(1,88,2,170,170)
w(0,201,2,171,171)
w(2,74,2,172,172)
w(4,46,2,173,173)
w(11,16,2,174,174)
w(6,23,2,175,175)
w(39,12,2,176,176)
w(52,2,2,177,177)
w(2,75,2,178,178)
w(3,46,2,179,179)
w(89,3,2,180,180)
w(2,76,2,181,181)
w(18,10,2,182,182)
w(86,3,2,183,183)
w(34,14,2,184,184)
w(2,77,2,185,185)
w(84,2,2,186,186)
w(1,89,2,187,187)
w(6,24,2,188,188)
w(0,202,2,189,189)
w(6,25,2,190,190)
w(32,10,2,191,191)
w(1,90,2,192,192)
w(13,13,2,193,193)
w(17,10,2,194,194)
w(1,91,2,195,195)
w(89,4,2,196,196)
w(11,17,2,197,197)
w(42,6,2,198,198)
w(27,5,2,199,199)
w(0,203,2,200,200)
w(89,5,2,201,201)
w(33,8,2,202,202)
w(5,30,2,203,203)
w(19,7,2,204,204)
w(4,47,2,205,205)
w(0,204,2,206,206)
w(25,10,2,207,207)
w(11,18,2,208,208)
r(34,14,2,209,209)
w(17,11,2,210,210)
w(41,7,2,211,211)
r(3,46,2,212,212)
w(0,205,2,213,213)
w(1,92,2,214,214)
w(0,206,2,215,215)
w(0,207,2,216,216)
w(0,208,2,217,217)
r(69,3,2,218,218)
w(10,16,2,219,219)
w(68,4,2,220,220)
w(41,8,2,221,221)
w(10,17,2,222,222)
w(8,27,2,223,223)
r(14,19,2,224,224)
w(8,28,2,225,225)
w(80,6,2,226,226)
w(88,2,2,227,227)
w(3,47,2,228,228)
r(56,4,2,229,229)
w(56,5,2,230,230)
w(0,209,2,231,231)
w(1,93,2,232,232)
w(66,2,2,233,233)
w(0,210,2,234,234)
w(0,211,2,235,235)
w(3,48,2,236,236)
w(26,7,2,237,237)
w(3,49,2,238,238)
w(0,212,2,239,239)
r(24,8,2,240,240)
w(0,213,2,241,241)
w(32,11,2,242,242)
w(1,94,2,243,243)
w(1,95,2,244,244)
w(0,214,2,245,245)
r(19,7,2,246,246)
w(5,31,2,247,247)
w(5,32,2,248,248)
r(4,47,2,249,249)
w(2,78,2,250,250)
w(43,10,2,251,251)
w(1,96,2,252,252)
w(4,48,2,253,253)
w(9,25,2,254,254)
w(2,79,2,255,255)
w(12,17,2,256,256)
w(14,20,2,257,257)
w(1,97,2,258,258)
w(0,215,2,259,259)
w(43,11,2,260,260)
w(0,216,2,261,261)
w(20,14,2,262,262)
w(21,15,2,263,263)
w(0,217,2,264,264)
w(0,218,2,265,265)
r(8,28,2,266,266)
w(2,80,2,267,267)
w(2,81,2,268,268)
r(27,5,2,269,269)
w(29,8,2,270,270)
w(0,219,2,271,271)
w(0,220,2,272,272)
r(1,97,2,273,273)
w(4,49,2,274,274)
w(25,11,2,275,275)
r(39,12,2,276,276)
w(66,3,2,277,277)
w(37,7,2,278,278)
w(5,33,2,279,279)
w(75,2,2,280,280)
w(64,4,2,281,281)
w(6,26,2,282,282)
w(2,82,2,283,283)
r(87,3,2,284,284)
w(11,19,2,285,285)
w(12,18,2,286,286)
w(59,6,2,287,287)
w(52,3,2,288,288)
w(3,50,2,289,289)
w(82,7,2,290,290)
r(0,220,2,291,291)
w(1,98,2,292,292)
w(5,34,2,293,293)
w(16,9,2,294,294)
r(1,98,2,295,295)
w(48,5,2,296,296)
w(70,4,2,297,297)
r(73,3,2,298,298)
w(22,11,2,299,299)
w(38,5,2,300,300)
w(0,221,2,301,301)
w(8,29,2,302,302)
w(1,99,2,303,303)
w(2,83,2,304,304)
w(56,6,2,305,305)
w(26,8,2,306,306)
w(2,84,2,307,307)
w(6,27,2,308,308)
w(8,30,2,309,309)
w(22,12,2,310,310)
w(0,222,2,311,311)
w(2,85,2,312,312)
w(0,223,2,313,313)
w(18,11,2,314,314)
w(23,8,2,315,315)
r(0,223,2,316,316)
w(10,18,2,317,317)
w(6,28,2,318,318)
w(2,86,2,319,319)
w(0,224,2,320,320)
w(0,225,2,321,321)
w(1,100,2,322,322)
w(2,87,2,323,323)
w(0,226,2,324,324)
w(0,227,2,325,325)
w(0,228,2,326,326)
w(61,7,2,327,327)
w(4,50,2,328,328)
w(0,229,2,329,329)
w(98,3,2,330,330)
w(2,88,2,331,331)
w(91,3,2,332,332)
w(2,89,2,333,333)
w(2,90,2,334,334)
w(4,51,2,335,335)
w(1,101,2,336,336)
w(54,3,2,337,337)
w(15,13,2,338,338)
r(71,4,2,339,339)
w(6,29,2,340,340)
w(0,230,2,341,341)
r(5,34,2,342,342)
w(11,20,2,343,343)
w(7,32,2,344,344)
w(93,4,2,345,345)
w(0,231,2,346,346)
w(31,4,2,347,347)
w(2,91,2,348,348)
w(5,35,2,349,349)
w(14,21,2,350,350)
w(3,51,2,351,351)
w(15,14,2,352,352)
w(92,5,2,353,353)
r(0,231,2,354,354)
w(50,8,2,355,355)
w(31,5,2,356,356)
w(7,33,2,357,357)
r(46,6,2,358,358)
w(3,52,2,359,359)
w(0,232,2,360,360)
r(74,4,2,361,361)
w(95,4,2,362,362)
w(0,233,2,363,363)
w(2,92,2,364,364)
w(85,5,2,365,365)
w(5,36,2,366,366)
w(21,16,2,367,367)
w(19,8,2,368,368)
w(26,9,2,369,369)
w(30,7,2,370,370)
w(75,3,2,371,371)
w(4,52,2,372,372)
w(16,10,2,373,373)
w(1,102,2,374,374)
w(9,26,2,375,375)
w(33,9,2,376,376)
w(1,103,2,377,377)
w(0,234,2,378,378)
w(0,235,2,379,379)
w(0,236,2,380,380)
w(15,15,2,381,381)
r(36,3,2,382,382)
w(4,53,2,383,383)
w(55,7,2,384,384)
w(20,15,2,385,385)
w(13,14,2,386,386)
w(2,93,2,387,387)
w(92,6,2,388,388)
w(6,30,2,389,389)
w(34,15,2,390,390)
w(8,31,2,391,391)
w(8,32,2,392,392)
w(0,237,2,393,393)
w(0,238,2,394,394)
w(80,7,2,395,395)
w(19,9,2,396,396)
w(81,6,2,397,397)
w(64,5,2,398,398)
w(6,31,2,399,399)
w(43,12,2,400,400)
w(87,4,2,401,401)
w(1,104,2,402,402)
w(0,239,2,403,403)
w(24,9,2,404,404)
w(20,16,2,405,405)
w(18,12,2,406,406)
w(0,240,2,407,407)
w(1,105,2,408,408)
r(16,10,2,409,409)
w(5,37,2,410,410)
w(3,53,2,411,411)
w(5,38,2,412,412)
w(3,54,2,413,413)
r(9,26,2,414,414)
w(3,55,2,415,415)
w(6,32,2,416,416)
r(7,33,2,417,417)
w(58,4,2,418,418)
w(40,7,2,419,419)
w(54,4,2,420,420)
w(1,106,2,421,421)
w(1,107,2,422,422)
w(9,27,2,423,423)
w(12,19,2,424,424)
w(31,6,2,425,425)
w(9,28,2,426,426)
w(0,241,2,427,427)
w(5,39,2,428,428)
w(2,94,2,429,429)
r(23,8,2,430,430)
w(73,4,2,431,431)
w(0,242,2,432,432)
w(4,54,2,433,433)
w(1,108,2,434,434)
w(42,7,2,435,435)
w(27,6,2,436,436)
w(27,7,2,437,437)
w(49,3,2,438,438)
w(0,243,2,439,439)
w(2,95,2,440,440)
w(32,12,2,441,441)
w(1,109,2,442,442)
w(3,56,2,443,443)
w(58,5,2,444,444)
w(40,8,2,445,445)
w(83,4,2,446,446)
w(43,13,2,447,447)
w(2,96,2,448,448)
w(42,8,2,449,449)
w(61,8,2,450,450)
w(69,4,2,451,451)
w(8,33,2,452,452)
w(2,97,2,453,453)
w(2,98,2,454,454)
w(4,55,2,455,455)
r(18,12,2,456,456)
w(0,244,2,457,457)
w(11,21,2,458,458)
r(4,55,2,459,459)
w(77,5,2,460,460)
w(31,7,2,461,461)
w(59,7,2,462,462)
w(21,17,2,463,463)
w(34,16,2,464,464)
w(0,245,2,465,465)
w(1,110,2,466,466)
w(82,8,2,467,467)
w(13,15,2,468,468)
w(3,57,2,469,469)
w(44,8,2,470,470)
w(23,9,2,471,471)
w(0,246,2,472,472)
w(35,9,2,473,473)
r(74,4,2,474,474)
w(43,14,2,475,475)
w(7,34,2,476,476)
w(3,58,2,477,477)
w(0,247,2,478,478)
w(0,248,2,479,479)
w(7,35,2,480,480)
r(76,1,2,481,481)
w(6,33,2,482,482)
w(11,22,2,483,483)
w(90,2,2,484,484)
w(8,34,2,485,485)
w(26,10,2,486,486)
w(0,249,2,487,487)
r(0,249,2,488,488)
w(5,40,2,489,489)
r(2,98,2,490,490)
w(8,35,2,491,491)
w(1,111,2,492,492)
w(2,99,2,493,493)
w(38,6,2,494,494)
w(15,16,2,495,495)
w(90,3,2,496,496)
w(0,250,2,497,497)
w(27,8,2,498,498)
w(11,23,2,499,499)
w(0,251,3,0,0)
r(4,55,3,1,1)
r(14,21,3,2,2)
w(0,252,3,3,3)
w(1,112,3,4,4)
w(0,253,3,5,5)
w(0,254,3,6,6)
w(1,113,3,7,7)
w(59,8,3,8,8)
w(79,5,3,9,9)
w(27,9,3,10,10)
w(0,255,3,11,11)
w(58,6,3,12,12)
w(6,34,3,13,13)
r(2,99,3,14,14)
w(29,9,3,15,15)
w(0,256,3,16,16)
w(34,17,3,17,17)
w(4,56,3,18,18)
w(2,100,3,19,19)
w(1,114,3,20,20)
w(5,41,3,21,21)
w(4,57,3,22,22)
w(0,257,3,23,23)
w(4,58,3,24,24)
w(39,13,3,25,25)
w(0,258,3,26,26)
w(0,259,3,27,27)
w(76,2,3,28,28)
w(24,10,3,29,29)
w(0,260,3,30,30)
w(0,261,3,31,31)
w(0,262,3,32,32)
w(0,263,3,33,33)
w(1,115,3,34,34)
w(4,59,3,35,35)
w(1,116,3,36,36)
w(0,264,3,37,37)
w(0,265,3,38,38)
r(0,265,3,39,39)
w(1,117,3,40,40)
w(97,3,3,41,41)
w(0,266,3,42,42)
w(9,29,3,43,43)
r(11,23,3,44,44)
w(4,60,3,45,45)
w(1,118,3,46,46)
w(74,5,3,47,47)
w(7,36,3,48,48)
w(28,11,3,49,49)
w(56,7,3,50,50)
w(93,5,3,51,51)
w(0,267,3,52,52)
w(30,8,3,53,53)
r(31,7,3,54,54)
r(3,58,3,55,55)
w(32,13,3,56,56)
w(1,119,3,57,57)
r(1,119,3,58,58)
r(4,60,3,59,59)
w(10,19,3,60,60)
w(1,120,3,61,61)
w(54,5,3,62,62)
w(16,11,3,63,63)
w(73,5,3,64,64)
w(67,2,3,65,65)
w(6,35,3,66,66)
w(3,59,3,67,67)
w(38,7,3,68,68)
w(2,101,3,69,69)
w(2,102,3,70,70)
r(21,17,3,71,71)
w(2,103,3,72,72)
w(0,268,3,73,73)
w(1,121,3,74,74)
w(70,5,3,75,75)
w(38,8,3,76,76)
w(7,37,3,77,77)
w(6,36,3,78,78)
w(0,269,3,79,79)
w(0,270,3,80,80)
w(6,37,3,81,81)
w(48,6,3,82,82)
w(0,271,3,83,83)
w(25,12,3,84,84)
w(6,38,3,85,85)
w(7,38,3,86,86)
w(9,30,3,87,87)
w(0,272,3,88,88)
w(76,3,3,89,89)
w(2,104,3,90,90)
w(9,31,3,91,91)
w(5,42,3,92,92)
w(5,43,3,93,93)
w(7,39,3,94,94)
w(15,17,3,95,95)
w(17,12,3,96,96)
w(25,13,3,97,97)
w(3,60,3,98,98)
w(96,3,3,99,99)
w(44,9,3,100,100)
w(0,273,3,101,101)
w(0,274,3,102,102)
w(42,9,3,103,103)
r(28,11,3,104,104)
w(9,32,3,105,105)
w(0,275,3,106,106)
w(4,61,3,107,107)
w(3,61,3,108,108)
w(56,8,3,109,109)
w(20,17,3,110,110)
w(2,105,3,111,111)
w(49,4,3,112,112)
w(34,18,3,113,113)
r(15,17,3,114,114)
w(47,8,3,115,115)
w(6,39,3,116,116)
w(16,12,3,117,117)
w(2,106,3,118,118)
w(44,10,3,119,119)
w(1,122,3,120,120)
w(60,6,3,121,121)
r(0,275,3,122,122)
w(40,9,3,123,123)
r(0,275,3,124,124)
w(27,10,3,125,125)
w(2,107,3,126,126)
r(20,17,3,127,127)
w(2,108,3,128,128)
w(1,123,3,129,129)
w(0,276,3,130,130)
w(0,277,3,131,131)
w(3,62,3,132,132)
w(51,7,3,133,133)
w(2,109,3,134,134)
w(0,278,3,135,135)
w(14,22,3,136,136)
w(96,4,3,137,137)
w(1,124,3,138,138)
w(3,63,3,139,139)
r(1,124,3,140,140)
w(1,125,3,141,141)
w(22,13,3,142,142)
w(6,40,3,143,143)
w(23,10,3,144,144)
w(3,64,3,145,145)
w(7,40,3,146,146)
w(11,24,3,147,147)
w(1,126,3,148,148)
r(4,61,3,149,149)
w(22,14,3,150,150)
w(38,9,3,151,151)
w(2,110,3,152,152)
w(40,10,3,153,153)
w(0,279,3,154,154)
r(0,279,3,155,155)
w(12,20,3,156,156)
w(0,280,3,157,157)
w(0,281,3,158,158)
w(12,21,3,159,159)
w(0,282,3,160,160)
w(3,65,3,161,161)
w(2,111,3,162,162)
w(44,11,3,163,163)
r(11,24,3,164,164)
w(94,3,3,165,165)
w(7,41,3,166,166)
w(0,283,3,167,167)
w(0,284,3,168,168)
w(34,19,3,169,169)
w(1,127,3,170,170)
w(0,285,3,171,171)
w(34,20,3,172,172)
r(6,40,3,173,173)
w(0,286,3,174,174)
r(3,65,3,175,175)
w(24,11,3,176,176)
w(0,287,3,177,177)
w(0,288,3,178,178)
r(2,111,3,179,179)
w(0,289,3,180,180)
w(0,290,3,181,181)
w(0,291,3,182,182)
w(5,44,3,183,183)
w(0,292,3,184,184)
r(5,44,3,185,185)
w(31,8,3,186,186)
w(3,66,3,187,187)
w(0,293,3,188,188)
w(1,128,3,189,189)
w(86,4,3,190,190)
w(15,18,3,191,191)
w(70,6,3,192,192)
w(1,129,3,193,193)
w(37,8,3,194,194)
w(44,12,3,195,195)
w(1,130,3,196,196)
w(0,294,3,197,197)
w(4,62,3,198,198)
w(48,7,3,199,199)
w(2,112,3,200,200)
w(3,67,3,201,201)
w(51,8,3,202,202)
w(0,295,3,203,203)
w(10,20,3,204,204)
w(41,9,3,205,205)
w(41,10,3,206,206)
w(8,36,3,207,207)
w(0,296,3,208,208)
w(2,113,3,209,209)
w(34,21,3,210,210)
w(56,9,3,211,211)
r(0,296,3,212,212)
w(3,68,3,213,213)
w(44,13,3,214,214)
w(45,6,3,215,215)
w(69,5,3,216,216)
w(18,13,3,217,217)
w(71,5,3,218,218)
w(16,13,3,219,219)
w(9,33,3,220,220)
w(12,22,3,221,221)
w(17,13,3,222,222)
w(9,34,3,223,223)
r(6,40,3,224,224)
w(0,297,3,225,225)
w(1,131,3,226,226)
w(40,11,3,227,227)
w(30,9,3,228,228)
w(0,298,3,229,229)
w(0,299,3,230,230)
w(25,14,3,231,231)
w(42,10,3,232,232)
w(20,18,3,233,233)
w(96,5,3,234,234)
w(0,300,3,235,235)
r(0,300,3,236,236)
r(11,24,3,237,237)
w(14,23,3,238,238)
w(9,35,3,239,239)
w(1,132,3,240,240)
w(11,25,3,241,241)
w(28,12,3,242,242)
w(15,19,3,243,243)
w(80,8,3,244,244)
w(0,301,3,245,245)
w(0,302,3,246,246)
r(14,23,3,247,247)
w(4,63,3,248,248)
w(3,69,3,249,249)
r(86,4,3,250,250)
w(0,303,3,251,251)
w(27,11,3,252,252)
w(56,10,3,253,253)
w(22,15,3,254,254)
w(30,10,3,255,255)
r(4,63,3,256,256)
w(1,133,3,257,257)
w(73,6,3,258,258)
w(6,41,3,259,259)
w(0,304,3,260,260)
w(1,134,3,261,261)
r(99,2,3,262,262)
w(0,305,3,263,263)
w(1,135,3,264,264)
w(0,306,3,265,265)
w(3,70,3,266,266)
w(5,45,3,267,267)
w(83,5,3,268,268)
w(0,307,3,269,269)
w(59,9,3,270,270)
w(6,42,3,271,271)
w(0,308,3,272,272)
w(17,14,3,273,273)
w(16,14,3,274,274)
w(7,42,3,275,275)
w(0,309,3,276,276)
w(1,136,3,277,277)
r(20,18,3,278,278)
w(6,43,3,279,279)
w(4,64,3,280,280)
w(1,137,3,281,281)
w(43,15,3,282,282)
w(2,114,3,283,283)
w(2,115,3,284,284)
w(1,138,3,285,285)
w(0,310,3,286,286)
w(3,71,3,287,287)
w(9,36,3,288,288)
w(3,72,3,289,289)
w(36,4,3,290,290)
w(15,20,3,291,291)
w(24,12,3,292,292)
w(1,139,3,293,293)
w(9,37,3,294,294)
w(1,140,3,295,295)
w(57,6,3,296,296)
w(66,4,3,297,297)
w(1,141,3,298,298)
w(0,311,3,299,299)
r(83,5,3,300,300)
w(81,7,3,301,301)
w(5,46,3,302,302)
w(0,312,3,303,303)
w(1,142,3,304,304)
w(0,313,3,305,305)
w(6,44,3,306,306)
w(2,116,3,307,307)
w(26,11,3,308,308)
w(0,314,3,309,309)
w(1,143,3,310,310)
w(4,65,3,311,311)
w(1,144,3,312,312)
w(64,6,3,313,313)
w(1,145,3,314,314)
w(1,146,3,315,315)
w(23,11,3,316,316)
w(3,73,3,317,317)
w(9,38,3,318,318)
w(66,5,3,319,319)
w(24,13,3,320,320)
w(5,47,3,321,321)
r(1,146,3,322,322)
w(0,315,3,323,323)
w(4,66,3,324,324)
w(13,16,3,325,325)
w(53,4,3,326,326)
w(3,74,3,327,327)
w(2,117,3,328,328)
w(25,15,3,329,329)
w(86,5,3,330,330)
w(6,45,3,331,331)
w(12,23,3,332,332)
w(2,118,3,333,333)
w(1,147,3,334,334)
w(0,316,3,335,335)
w(0,317,3,336,336)
r(64,6,3,337,337)
w(7,43,3,338,338)
w(70,7,3,339,339)
w(1,148,3,340,340)
w(0,318,3,341,341)
w(43,16,3,342,342)
w(66,6,3,343,343)
w(4,67,3,344,344)
w(0,319,3,345,345)
w(27,12,3,346,346)
w(0,320,3,347,347)
w(19,10,3,348,348)
w(53,5,3,349,349)
w(0,321,3,350,350)
r(34,21,3,351,351)
w(86,6,3,352,352)
w(11,26,3,353,353)
w(5,48,3,354,354)
w(1,149,3,355,355)
w(20,19,3,356,356)
w(68,5,3,357,357)
w(1,150,3,358,358)
w(1,151,3,359,359)
w(51,9,3,360,360)
w(4,68,3,361,361)
w(0,322,3,362,362)
w(6,46,3,363,363)
r(1,151,3,364,364)
w(1,152,3,365,365)
w(0,323,3,366,366)
r(2,118,3,367,367)
w(1,153,3,368,368)
w(0,324,3,369,369)
w(4,69,3,370,370)
w(11,27,3,371,371)
w(0,325,3,372,372)
w(11,28,3,373,373)
w(5,49,3,374,374)
w(9,39,3,375,375)
w(68,6,3,376,376)
w(8,37,3,377,377)
w(6,47,3,378,378)
r(1,153,3,379,379)
w(7,44,3,380,380)
w(7,45,3,381,381)
w(36,5,3,382,382)
w(17,15,3,383,383)
r(1,153,3,384,384)
w(44,14,3,385,385)
w(1,154,3,386,386)
r(2,118,3,387,387)
w(11,29,3,388,388)
w(0,326,3,389,389)
w(1,155,3,390,390)
w(13,17,3,391,391)
w(1,156,3,392,392)
w(86,7,3,393,393)
w(9,40,3,394,394)
w(32,14,3,395,395)
w(7,46,3,396,396)
w(10,21,3,397,397)
w(3,75,3,398,398)
w(1,157,3,399,399)
r(28,12,3,400,400)
w(14,24,3,401,401)
w(32,15,3,402,402)
w(1,158,3,403,403)
w(11,30,3,404,404)
w(33,10,3,405,405)
w(11,31,3,406,406)
w(47,9,3,407,407)
w(60,7,3,408,408)
w(1,159,3,409,409)
w(55,8,3,410,410)
w(45,7,3,411,411)
w(1,160,3,412,412)
w(61,9,3,413,413)
w(95,5,3,414,414)
r(27,12,3,415,415)
w(5,50,3,416,416)
w(0,327,3,417,417)
w(1,161,3,418,418)
w(11,32,3,419,419)
w(6,48,3,420,420)
w(87,5,3,421,421)
w(52,4,3,422,422)
w(13,18,3,423,423)
w(12,24,3,424,424)
w(15,21,3,425,425)
r(1,161,3,426,426)
w(3,76,3,427,427)
w(4,70,3,428,428)
w(6,49,3,429,429)
w(13,19,3,430,430)
w(5,51,3,431,431)
w(5,52,3,432,432)
w(30,11,3,433,433)
w(2,119,3,434,434)
r(3,76,3,435,435)
w(0,328,3,436,436)
w(99,3,3,437,437)
w(2,120,3,438,438)
w(0,329,3,439,439)
w(1,162,3,440,440)
w(2,121,3,441,441)
w(0,330,3,442,442)
w(13,20,3,443,443)
r(15,21,3,444,444)
w(1,163,3,445,445)
w(2,122,3,446,446)
w(5,53,3,447,447)
w(58,7,3,448,448)
w(33,11,3,449,449)
w(6,50,3,450,450)
w(2,123,3,451,451)
w(0,331,3,452,452)
w(0,332,3,453,453)
w(39,14,3,454,454)
w(0,333,3,455,455)
w(0,334,3,456,456)
w(0,335,3,457,457)
w(8,38,3,458,458)
w(0,336,3,459,459)
w(27,13,3,460,460)
r(0,336,3,461,461)
w(0,337,3,462,462)
w(69,6,3,463,463)
w(74,6,3,464,464)
w(2,124,3,465,465)
r(2,124,3,466,466)
w(0,338,3,467,467)
w(0,339,3,468,468)
w(9,41,3,469,469)
r(47,9,3,470,470)
w(0,340,3,471,471)
w(65,5,3,472,472)
w(98,4,3,473,473)
w(22,16,3,474,474)
w(16,15,3,475,475)
w(2,125,3,476,476)
w(0,341,3,477,477)
w(31,9,3,478,478)
w(28,13,3,479,479)
w(0,342,3,480,480)
r(63,0,3,481,481)
w(55,9,3,482,482)
r(1,163,3,483,483)
w(0,343,3,484,484)
w(32,16,3,485,485)
w(6,51,3,486,486)
w(5,54,3,487,487)
w(3,77,3,488,488)
r(0,343,3,489,489)
w(0,344,3,490,490)
w(69,7,3,491,491)
w(9,42,3,492,492)
w(0,345,3,493,493)
w(6,52,3,494,494)
w(85,6,3,495,495)
w(3,78,3,496,496)
w(2,126,3,497,497)
w(53,6,3,498,498)
w(8,39,3,499,499)
w(0,346,4,0,0)
w(1,164,4,1,1)
w(0,347,4,2,2)
r(6,52,4,3,3)
w(2,127,4,4,4)
w(0,348,4,5,5)
w(69,8,4,6,6)
w(2,128,4,7,7)
w(8,40,4,8,8)
w(0,349,4,9,9)
w(0,350,4,10,10)
w(7,47,4,11,11)
w(4,71,4,12,12)
w(0,351,4,13,13)
w(53,7,4,14,14)
w(31,10,4,15,15)
w(0,352,4,16,16)
w(28,14,4,17,17)
w(0,353,4,18,18)
w(47,10,4,19,19)
w(3,79,4,20,20)
w(63,1,4,21,21)
w(16,16,4,22,22)
w(2,129,4,23,23)
w(12,25,4,24,24)
w(8,41,4,25,25)
w(3,80,4,26,26)
w(32,17,4,27,27)
w(56,11,4,28,28)
r(36,5,4,29,29)
w(0,354,4,30,30)
r(24,13,4,31,31)
w(48,8,4,32,32)
w(19,11,4,33,33)
w(19,12,4,34,34)
w(68,7,4,35,35)
w(41,11,4,36,36)
w(3,81,4,37,37)
w(0,355,4,38,38)
w(3,82,4,39,39)
w(6,53,4,40,40)
w(42,11,4,41,41)
w(4,72,4,42,42)
w(0,356,4,43,43)
w(15,22,4,44,44)
r(0,356,4,45,45)
w(58,8,4,46,46)
w(47,11,4,47,47)
w(20,20,4,48,48)
w(7,48,4,49,49)
w(43,17,4,50,50)
w(40,12,4,51,51)
w(0,357,4,52,52)
w(35,10,4,53,53)
w(55,10,4,54,54)
w(19,13,4,55,55)
r(42,11,4,56,56)
w(0,358,4,57,57)
r(21,17,4,58,58)
w(32,18,4,59,59)
w(1,165,4,60,60)
r(23,11,4,61,61)
w(8,42,4,62,62)
w(1,166,4,63,63)
r(0,358,4,64,64)
w(6,54,4,65,65)
w(62,6,4,66,66)
r(61,9,4,67,67)
w(1,167,4,68,68)
w(0,359,4,69,69)
w(68,8,4,70,70)
w(2,130,4,71,71)
r(78,1,4,72,72)
w(4,73,4,73,73)
w(2,131,4,74,74)
w(33,12,4,75,75)
w(15,23,4,76,76)
w(36,6,4,77,77)
w(4,74,4,78,78)
w(1,168,4,79,79)
w(33,13,4,80,80)
w(4,75,4,81,81)
w(77,6,4,82,82)
w(46,7,4,83,83)
w(1,169,4,84,84)
r(4,75,4,85,85)
w(0,360,4,86,86)
w(31,11,4,87,87)
w(44,15,4,88,88)
w(31,12,4,89,89)
w(69,9,4,90,90)
w(1,170,4,91,91)
w(85,7,4,92,92)
w(5,55,4,93,93)
w(88,3,4,94,94)
w(18,14,4,95,95)
w(4,76,4,96,96)
w(21,18,4,97,97)
w(67,3,4,98,98)
w(2,132,4,99,99)
w(0,361,4,100,100)
r(0,361,4,101,101)
w(10,22,4,102,102)
w(1,171,4,103,103)
w(3,83,4,104,104)
w(2,133,4,105,105)
r(8,42,4,106,106)
w(9,43,4,107,107)
w(1,172,4,108,108)
w(2,134,4,109,109)
w(2,135,4,110,110)
w(26,12,4,111,111)
w(1,173,4,112,112)
w(37,9,4,113,113)
w(17,16,4,114,114)
w(16,17,4,115,115)
w(19,14,4,116,116)
w(1,174,4,117,117)
w(0,362,4,118,118)
r(0,362,4,119,119)
w(87,6,4,120,120)
w(1,175,4,121,121)
w(0,363,4,122,122)
w(8,43,4,123,123)
w(53,8,4,124,124)
w(5,56,4,125,125)
w(0,364,4,126,126)
w(64,7,4,127,127)
w(13,21,4,128,128)
w(0,365,4,129,129)
w(52,5,4,130,130)
w(2,136,4,131,131)
w(2,137,4,132,132)
w(17,17,4,133,133)
w(6,55,4,134,134)
w(42,12,4,135,135)
w(0,366,4,136,136)
w(0,367,4,137,137)
w(14,25,4,138,138)
r(5,56,4,139,139)
w(1,176,4,140,140)
w(3,84,4,141,141)
w(5,57,4,142,142)
w(4,77,4,143,143)
w(1,177,4,144,144)
w(7,49,4,145,145)
w(3,85,4,146,146)
w(4,78,4,147,147)
w(1,178,4,148,148)
w(6,56,4,149,149)
r(27,13,4,150,150)
w(4,79,4,151,151)
w(9,44,4,152,152)
w(23,12,4,153,153)
w(0,368,4,154,154)
w(21,19,4,155,155)
w(5,58,4,156,156)
r(1,178,4,157,157)
w(0,369,4,158,158)
w(6,57,4,159,159)
w(0,370,4,160,160)
w(0,371,4,161,161)
w(9,45,4,162,162)
w(25,16,4,163,163)
w(9,46,4,164,164)
w(2,138,4,165,165)
r(8,43,4,166,166)
w(13,22,4,167,167)
w(28,15,4,168,168)
w(20,21,4,169,169)
w(3,86,4,170,170)
r(73,6,4,171,171)
w(5,59,4,172,172)
w(2,139,4,173,173)
w(0,372,4,174,174)
w(1,179,4,175,175)
r(0,372,4,176,176)
w(19,15,4,177,177)
w(27,14,4,178,178)
w(3,87,4,179,179)
w(13,23,4,180,180)
w(55,11,4,181,181)
w(0,373,4,182,182)
w(22,17,4,183,183)
w(0,374,4,184,184)
w(27,15,4,185,185)
w(4,80,4,186,186)
w(7,50,4,187,187)
w(6,58,4,188,188)
w(20,22,4,189,189)
w(5,60,4,190,190)
w(0,375,4,191,191)
w(1,180,4,192,192)
w(2,140,4,193,193)
w(44,16,4,194,194)
w(78,2,4,195,195)
r(6,58,4,196,196)
w(53,9,4,197,197)
w(1,181,4,198,198)
w(65,6,4,199,199)
w(25,17,4,200,200)
w(3,88,4,201,201)
w(4,81,4,202,202)
w(25,18,4,203,203)
w(4,82,4,204,204)
w(19,16,4,205,205)
r(9,46,4,206,206)
w(97,4,4,207,207)
w(43,18,4,208,208)
w(16,18,4,209,209)
w(1,182,4,210,210)
w(13,24,4,211,211)
w(68,9,4,212,212)
r(12,25,4,213,213)
w(8,44,4,214,214)
w(50,9,4,215,215)
w(70,8,4,216,216)
w(80,9,4,217,217)
r(4,82,4,218,218)
w(9,47,4,219,219)
w(3,89,4,220,220)
r(0,375,4,221,221)
r(0,375,4,222,222)
w(53,10,4,223,223)
w(12,26,4,224,224)
w(4,83,4,225,225)
w(7,51,4,226,226)
w(5,61,4,227,227)
r(2,140,4,228,228)
r(1,182,4,229,229)
w(1,183,4,230,230)
w(2,141,4,231,231)
w(7,52,4,232,232)
w(51,10,4,233,233)
w(3,90,4,234,234)
r(1,183,4,235,235)
w(0,376,4,236,236)
w(2,142,4,237,237)
w(0,377,4,238,238)
w(2,143,4,239,239)
w(5,62,4,240,240)
w(1,184,4,241,241)
w(1,185,4,242,242)
w(59,10,4,243,243)
w(3,91,4,244,244)
w(14,26,4,245,245)
w(3,92,4,246,246)
w(37,10,4,247,247)
w(0,378,4,248,248)
w(11,33,4,249,249)
w(0,379,4,250,250)
w(4,84,4,251,251)
w(6,59,4,252,252)
w(1,186,4,253,253)
w(38,10,4,254,254)
w(29,10,4,255,255)
w(2,144,4,256,256)
w(7,53,4,257,257)
w(13,25,4,258,258)
w(97,5,4,259,259)
r(29,10,4,260,260)
w(87,7,4,261,261)
w(8,45,4,262,262)
r(0,379,4,263,263)
w(6,60,4,264,264)
w(31,13,4,265,265)
w(1,187,4,266,266)
w(4,85,4,267,267)
r(53,10,4,268,268)
w(2,145,4,269,269)
w(17,18,4,270,270)
w(1,188,4,271,271)
r(0,379,4,272,272)
w(0,380,4,273,273)
w(2,146,4,274,274)
w(0,381,4,275,275)
w(20,23,4,276,276)
w(1,189,4,277,277)
w(28,16,4,278,278)
w(12,27,4,279,279)
w(12,28,4,280,280)
w(1,190,4,281,281)
w(63,2,4,282,282)
w(83,6,4,283,283)
w(55,12,4,284,284)
w(5,63,4,285,285)
w(5,64,4,286,286)
w(0,382,4,287,287)
w(87,8,4,288,288)
w(53,11,4,289,289)
w(0,383,4,290,290)
w(14,27,4,291,291)
w(0,384,4,292,292)
w(2,147,4,293,293)
w(32,19,4,294,294)
r(11,33,4,295,295)
w(2,148,4,296,296)
w(62,7,4,297,297)
w(0,385,4,298,298)
w(87,9,4,299,299)
w(0,386,4,300,300)
w(2,149,4,301,301)
w(0,387,4,302,302)
r(17,18,4,303,303)
w(37,11,4,304,304)
w(7,54,4,305,305)
r(6,60,4,306,306)
w(5,65,4,307,307)
w(2,150,4,308,308)
w(52,6,4,309,309)
w(30,12,4,310,310)
r(59,10,4,311,311)
w(0,388,4,312,312)
w(65,7,4,313,313)
w(45,8,4,314,314)
w(0,389,4,315,315)
w(19,17,4,316,316)
w(55,13,4,317,317)
w(23,13,4,318,318)
w(0,390,4,319,319)
w(73,7,4,320,320)
w(72,2,4,321,321)
w(49,5,4,322,322)
w(43,19,4,323,323)
w(8,46,4,324,324)
w(3,93,4,325,325)
w(1,191,4,326,326)
w(0,391,4,327,327)
w(1,192,4,328,328)
r(20,23,4,329,329)
w(1,193,4,330,330)
w(4,86,4,331,331)
w(29,11,4,332,332)
w(0,392,4,333,333)
w(1,194,4,334,334)
w(8,47,4,335,335)
w(49,6,4,336,336)
r(3,93,4,337,337)
w(0,393,4,338,338)
w(4,87,4,339,339)
w(16,19,4,340,340)
w(0,394,4,341,341)
w(71,6,4,342,342)
w(0,395,4,343,343)
w(5,66,4,344,344)
w(0,396,4,345,345)
w(0,397,4,346,346)
r(0,397,4,347,347)
w(0,398,4,348,348)
w(21,20,4,349,349)
w(7,55,4,350,350)
w(39,15,4,351,351)
r(23,13,4,352,352)
w(9,48,4,353,353)
w(93,6,4,354,354)
w(0,399,4,355,355)
w(76,4,4,356,356)
w(0,400,4,357,357)
w(0,401,4,358,358)
w(0,402,4,359,359)
w(26,13,4,360,360)
w(20,24,4,361,361)
w(14,28,4,362,362)
w(60,8,4,363,363)
w(5,67,4,364,364)
w(9,49,4,365,365)
w(3,94,4,366,366)
w(17,19,4,367,367)
w(1,195,4,368,368)
w(8,48,4,369,369)
w(1,196,4,370,370)
r(3,94,4,371,371)
w(2,151,4,372,372)
r(8,48,4,373,373)
w(13,26,4,374,374)
w(5,68,4,375,375)
w(25,19,4,376,376)
w(0,403,4,377,377)
w(2,152,4,378,378)
w(0,404,4,379,379)
r(0,404,4,380,380)
w(2,153,4,381,381)
w(85,8,4,382,382)
w(8,49,4,383,383)
w(15,24,4,384,384)
r(33,13,4,385,385)
w(8,50,4,386,386)
w(56,12,4,387,387)
w(6,61,4,388,388)
w(0,405,4,389,389)
w(1,197,4,390,390)
w(47,12,4,391,391)
w(23,14,4,392,392)
r(40,12,4,393,393)
r(0,405,4,394,394)
w(18,15,4,395,395)
w(5,69,4,396,396)
w(3,95,4,397,397)
w(9,50,4,398,398)
w(3,96,4,399,399)
w(5,70,4,400,400)
w(0,406,4,401,401)
r(26,13,4,402,402)
w(3,97,4,403,403)
r(8,50,4,404,404)
w(13,27,4,405,405)
w(0,407,4,406,406)
w(28,17,4,407,407)
w(0,408,4,408,408)
w(0,409,4,409,409)
w(9,51,4,410,410)
w(5,71,4,411,411)
w(99,4,4,412,412)
w(12,29,4,413,413)
w(0,410,4,414,414)
w(10,23,4,415,415)
w(0,411,4,416,416)
w(20,25,4,417,417)
r(0,411,4,418,418)
w(3,98,4,419,419)
w(4,88,4,420,420)
w(64,8,4,421,421)
w(16,20,4,422,422)
r(39,15,4,423,423)
w(1,198,4,424,424)
w(1,199,4,425,425)
r(47,12,4,426,426)
w(9,52,4,427,427)
w(1,200,4,428,428)
w(4,89,4,429,429)
w(0,412,4,430,430)
w(54,6,4,431,431)
w(2,154,4,432,432)
r(45,8,4,433,433)
w(9,53,4,434,434)
w(17,20,4,435,435)
w(4,90,4,436,436)
w(25,20,4,437,437)
w(29,12,4,438,438)
w(9,54,4,439,439)
w(64,9,4,440,440)
w(15,25,4,441,441)
w(8,51,4,442,442)
w(1,201,4,443,443)
w(0,413,4,444,444)
w(1,202,4,445,445)
w(4,91,4,446,446)
r(80,9,4,447,447)
w(4,92,4,448,448)
w(30,13,4,449,449)
w(22,18,4,450,450)
w(0,414,4,451,451)
w(0,415,4,452,452)
w(5,72,4,453,453)
w(9,55,4,454,454)
w(1,203,4,455,455)
w(0,416,4,456,456)
w(9,56,4,457,457)
w(0,417,4,458,458)
w(1,204,4,459,459)
w(14,29,4,460,460)
w(0,418,4,461,461)
w(0,419,4,462,462)
w(44,17,4,463,463)
w(26,14,4,464,464)
w(0,420,4,465,465)
w(22,19,4,466,466)
w(37,12,4,467,467)
w(13,28,4,468,468)
w(60,9,4,469,469)
w(11,34,4,470,470)
w(3,99,4,471,471)
w(9,57,4,472,472)
w(39,16,4,473,473)
w(36,7,4,474,474)
w(30,14,4,475,475)
r(2,154,4,476,476)
r(4,92,4,477,477)
w(2,155,4,478,478)
w(0,421,4,479,479)
w(4,93,4,480,480)
w(2,156,4,481,481)
w(0,422,4,482,482)
w(10,24,4,483,483)
w(13,29,4,484,484)
w(6,62,4,485,485)
w(3,100,4,486,486)
w(52,7,4,487,487)
r(16,20,4,488,488)
w(9,58,4,489,489)
w(13,30,4,490,490)
w(8,52,4,491,491)
w(0,423,4,492,492)
w(5,73,4,493,493)
w(0,424,4,494,494)
w(81,8,4,495,495)
w(1,205,4,496,496)
w(52,8,4,497,497)
w(0,425,4,498,498)
w(4,94,4,499,499)
