w(5,1,0,0,0)
w(4,1,0,1,1)
r(24,0,0,2,2)
r(590,0,0,3,3)
w(3,1,0,4,4)
w(9,1,0,5,5)
w(897,1,0,6,6)
w(229,1,0,7,7)
r(69,0,0,8,8)
r(220,0,0,9,9)
r(5,1,0,10,10)
r(9,1,0,11,11)
w(3,2,0,12,12)
w(32,1,0,13,13)
w(35,1,0,14,14)
w(2,1,0,15,15)
w(812,1,0,16,16)
r(27,0,0,17,17)
w(0,1,0,18,18)
w(3,3,0,19,19)
r(981,0,0,20,20)
w(3,4,0,21,21)
r(0,1,0,22,22)
w(45,1,0,23,23)
r(0,1,0,24,24)
r(59,0,0,25,25)
w(2,2,0,26,26)
r(8,0,0,27,27)
r(8,0,0,28,28)
r(28,0,0,29,29)
r(159,0,0,30,30)
r(21,0,0,31,31)
w(113,1,0,32,32)
r(63,0,0,33,33)
w(58,1,0,34,34)
w(8,1,0,35,35)
r(0,1,0,36,36)
r(212,0,0,37,37)
r(17,0,0,38,38)
w(4,2,0,39,39)
w(0,2,0,40,40)
w(37,1,0,41,41)
w(22,1,0,42,42)
w(0,3,0,43,43)
r(44,0,0,44,44)
r(1,0,0,45,45)
w(3,5,0,46,46)
w(0,4,0,47,47)
r(32,1,0,48,48)
w(9,2,0,49,49)
r(0,4,0,50,50)
r(88,0,0,51,51)
w(33,1,0,52,52)
w(0,5,0,53,53)
w(108,1,0,54,54)
w(49,1,0,55,55)
r(0,5,0,56,56)
w(66,1,0,57,57)
w(387,1,0,58,58)
r(0,5,0,59,59)
r(3,5,0,60,60)
w(1,1,0,61,61)
w(25,1,0,62,62)
r(7,0,0,63,63)
w(1,2,0,64,64)
r(143,0,0,65,65)
r(93,0,0,66,66)
w(0,6,0,67,67)
w(65,1,0,68,68)
r(827,0,0,69,69)
w(366,1,0,70,70)
w(562,1,0,71,71)
r(4,2,0,72,72)
r(9,2,0,73,73)
r(2,2,0,74,74)
r(987,0,0,75,75)
w(1,3,0,76,76)
r(48,0,0,77,77)
r(0,6,0,78,78)
w(1,4,0,79,79)
r(58,1,0,80,80)
w(47,1,0,81,81)
r(554,0,0,82,82)
r(29,0,0,83,83)
r(6,0,0,84,84)
r(943,0,0,85,85)
r(3,5,0,86,86)
r(0,6,0,87,87)
w(188,1,0,88,88)
w(0,7,0,89,89)
r(130,0,0,90,90)
r(4,2,0,91,91)
r(232,0,0,92,92)
r(959,0,0,93,93)
r(324,0,0,94,94)
w(3,6,0,95,95)
r(32,1,0,96,96)
r(659,0,0,97,97)
r(2,2,0,98,98)
w(557,1,0,99,99)
w(1,5,1,0,0)
w(93,1,1,1,1)
w(42,1,1,2,2)
r(44,0,1,3,3)
w(459,1,1,4,4)
w(190,1,1,5,5)
w(0,8,1,6,6)
w(0,9,1,7,7)
r(57,0,1,8,8)
r(6,0,1,9,9)
r(0,9,1,10,10)
w(34,1,1,11,11)
r(2,2,1,12,12)
r(139,0,1,13,13)
r(5,1,1,14,14)
w(2,3,1,15,15)
r(40,0,1,16,16)
w(2,4,1,17,17)
r(4,2,1,18,18)
r(6,0,1,19,19)
r(68,0,1,20,20)
w(0,10,1,21,21)
w(18,1,1,22,22)
r(78,0,1,23,23)
r(286,0,1,24,24)
r(186,0,1,25,25)
r(73,0,1,26,26)
r(2,4,1,27,27)
w(2,5,1,28,28)
r(225,0,1,29,29)
w(961,1,1,30,30)
r(201,0,1,31,31)
w(38,1,1,32,32)
w(0,11,1,33,33)
w(7,1,1,34,34)
r(29,0,1,35,35)
w(2,6,1,36,36)
r(414,0,1,37,37)
r(8,1,1,38,38)
r(7,1,1,39,39)
r(47,1,1,40,40)
w(526,1,1,41,41)
w(29,1,1,42,42)
r(478,0,1,43,43)
w(0,12,1,44,44)
w(2,7,1,45,45)
r(6,0,1,46,46)
w(799,1,1,47,47)
w(175,1,1,48,48)
r(499,0,1,49,49)
w(27,1,1,50,50)
r(644,0,1,51,51)
w(49,2,1,52,52)
w(9,3,1,53,53)
r(61,0,1,54,54)
r(48,0,1,55,55)
w(60,1,1,56,56)
w(27,2,1,57,57)
w(4,3,1,58,58)
r(22,1,1,59,59)
w(924,1,1,60,60)
w(325,1,1,61,61)
w(15,1,1,62,62)
r(11,0,1,63,63)
r(6,0,1,64,64)
w(3,7,1,65,65)
r(52,0,1,66,66)
r(7,1,1,67,67)
r(981,0,1,68,68)
w(313,1,1,69,69)
r(1,5,1,70,70)
r(5,1,1,71,71)
w(0,13,1,72,72)
w(1,6,1,73,73)
r(152,0,1,74,74)
r(48,0,1,75,75)
w(56,1,1,76,76)
w(7,2,1,77,77)
w(324,1,1,78,78)
r(0,13,1,79,79)
w(2,8,1,80,80)
w(0,14,1,81,81)
w(4,4,1,82,82)
w(0,15,1,83,83)
r(112,0,1,84,84)
w(1,7,1,85,85)
r(3,7,1,86,86)
r(884,0,1,87,87)
w(1,8,1,88,88)
w(5,2,1,89,89)
w(14,1,1,90,90)
r(400,0,1,91,91)
r(38,1,1,92,92)
r(20,0,1,93,93)
w(486,1,1,94,94)
w(32,2,1,95,95)
w(1,9,1,96,96)
r(117,0,1,97,97)
r(615,0,1,98,98)
r(45,1,1,99,99)
w(42,2,2,0,0)
w(0,16,2,1,1)
r(82,0,2,2,2)
w(1,10,2,3,3)
r(3,7,2,4,4)
w(71,1,2,5,5)
w(2,9,2,6,6)
r(364,0,2,7,7)
r(0,16,2,8,8)
w(6,1,2,9,9)
w(6,2,2,10,10)
w(9,4,2,11,11)
r(1,10,2,12,12)
r(3,7,2,13,13)
w(4,5,2,14,14)
w(3,8,2,15,15)
r(3,8,2,16,16)
w(3,9,2,17,17)
r(701,0,2,18,18)
w(0,17,2,19,19)
r(123,0,2,20,20)
r(7,2,2,21,21)
r(82,0,2,22,22)
w(1,11,2,23,23)
w(3,10,2,24,24)
w(7,3,2,25,25)
w(0,18,2,26,26)
w(51,1,2,27,27)
r(52,0,2,28,28)
w(2,10,2,29,29)
r(55,0,2,30,30)
r(683,0,2,31,31)
w(27,3,2,32,32)
w(30,1,2,33,33)
w(124,1,2,34,34)
r(330,0,2,35,35)
w(212,1,2,36,36)
r(418,0,2,37,37)
r(295,0,2,38,38)
r(39,0,2,39,39)
w(307,1,2,40,40)
w(18,2,2,41,41)
r(194,0,2,42,42)
w(0,19,2,43,43)
w(21,1,2,44,44)
r(513,0,2,45,45)
w(40,1,2,46,46)
w(3,11,2,47,47)
w(478,1,2,48,48)
r(592,0,2,49,49)
w(140,1,2,50,50)
r(84,0,2,51,51)
w(25,2,2,52,52)
r(23,0,2,53,53)
r(1,11,2,54,54)
r(2,10,2,55,55)
r(2,10,2,56,56)
w(5,3,2,57,57)
w(174,1,2,58,58)
r(25,2,2,59,59)
w(28,1,2,60,60)
r(0,19,2,61,61)
r(1,11,2,62,62)
w(4,6,2,63,63)
r(86,0,2,64,64)
w(32,3,2,65,65)
w(660,1,2,66,66)
r(6,2,2,67,67)
w(842,1,2,68,68)
r(1,11,2,69,69)
r(57,0,2,70,70)
r(0,19,2,71,71)
r(995,0,2,72,72)
w(0,20,2,73,73)
w(101,1,2,74,74)
r(73,0,2,75,75)
r(0,20,2,76,76)
r(41,0,2,77,77)
r(4,6,2,78,78)
r(117,0,2,79,79)
w(376,1,2,80,80)
w(206,1,2,81,81)
r(5,3,2,82,82)
r(87,0,2,83,83)
w(3,12,2,84,84)
r(2,10,2,85,85)
r(6,2,2,86,86)
r(140,1,2,87,87)
w(925,1,2,88,88)
r(3,12,2,89,89)
r(138,0,2,90,90)
r(67,0,2,91,91)
r(1,11,2,92,92)
w(16,1,2,93,93)
r(0,20,2,94,94)
w(163,1,2,95,95)
w(2,11,2,96,96)
w(37,2,2,97,97)
w(26,1,2,98,98)
w(0,21,2,99,99)
r(145,0,3,0,0)
w(1,12,3,1,1)
r(98,0,3,2,2)
w(15,2,3,3,3)
w(80,1,3,4,4)
w(30,2,3,5,5)
r(1,12,3,6,6)
r(464,0,3,7,7)
r(53,0,3,8,8)
r(5,3,3,9,9)
r(190,1,3,10,10)
r(6,2,3,11,11)
w(34,2,3,12,12)
w(241,1,3,13,13)
r(30,2,3,14,14)
w(199,1,3,15,15)
w(36,1,3,16,16)
r(353,0,3,17,17)
r(257,0,3,18,18)
w(21,2,3,19,19)
r(740,0,3,20,20)
w(6,3,3,21,21)
w(262,1,3,22,22)
w(0,22,3,23,23)
w(831,1,3,24,24)
r(1,12,3,25,25)
w(135,1,3,26,26)
r(2,11,3,27,27)
w(29,2,3,28,28)
r(0,22,3,29,29)
r(2,11,3,30,30)
r(3,12,3,31,31)
w(48,1,3,32,32)
w(761,1,3,33,33)
r(77,0,3,34,34)
w(151,1,3,35,35)
w(0,23,3,36,36)
w(1,13,3,37,37)
w(0,24,3,38,38)
w(539,1,3,39,39)
r(3,12,3,40,40)
r(415,0,3,41,41)
w(285,1,3,42,42)
w(10,1,3,43,43)
r(27,3,3,44,44)
w(6,4,3,45,45)
r(2,11,3,46,46)
r(1,13,3,47,47)
r(7,3,3,48,48)
w(76,1,3,49,49)
r(168,0,3,50,50)
w(468,1,3,51,51)
r(1,13,3,52,52)
r(19,0,3,53,53)
w(3,13,3,54,54)
w(0,25,3,55,55)
r(893,0,3,56,56)
r(776,0,3,57,57)
r(3,13,3,58,58)
r(2,11,3,59,59)
w(9,5,3,60,60)
w(175,2,3,61,61)
r(39,0,3,62,62)
r(125,0,3,63,63)
r(38,1,3,64,64)
r(180,0,3,65,65)
r(5,3,3,66,66)
r(8,1,3,67,67)
w(121,1,3,68,68)
w(1,14,3,69,69)
w(0,26,3,70,70)
r(2,11,3,71,71)
r(962,0,3,72,72)
w(122,1,3,73,73)
w(20,1,3,74,74)
w(4,7,3,75,75)
r(423,0,3,76,76)
r(7,3,3,77,77)
w(132,1,3,78,78)
w(81,1,3,79,79)
w(630,1,3,80,80)
w(18,3,3,81,81)
r(1,14,3,82,82)
w(28,2,3,83,83)
w(1,15,3,84,84)
w(0,27,3,85,85)
w(2,12,3,86,86)
r(0,27,3,87,87)
w(0,28,3,88,88)
r(287,0,3,89,89)
w(40,2,3,90,90)
w(15,3,3,91,91)
r(1,15,3,92,92)
w(32,4,3,93,93)
w(3,14,3,94,94)
r(37,2,3,95,95)
w(76,2,3,96,96)
w(138,1,3,97,97)
r(8,1,3,98,98)
r(26,1,3,99,99)
w(69,1,4,0,0)
w(12,1,4,1,1)
w(21,3,4,2,2)
w(4,8,4,3,3)
w(0,29,4,4,4)
w(147,1,4,5,5)
r(277,0,4,6,6)
r(12,1,4,7,7)
r(54,0,4,8,8)
w(0,30,4,9,9)
r(896,0,4,10,10)
r(4,8,4,11,11)
w(1,16,4,12,12)
r(0,30,4,13,13)
r(300,0,4,14,14)
r(3,14,4,15,15)
w(574,1,4,16,16)
w(27,4,4,17,17)
w(254,1,4,18,18)
w(0,31,4,19,19)
r(1,16,4,20,20)
r(3,14,4,21,21)
w(3,15,4,22,22)
r(274,0,4,23,23)
r(37,2,4,24,24)
w(164,1,4,25,25)
r(84,0,4,26,26)
r(3,15,4,27,27)
w(0,32,4,28,28)
r(14,1,4,29,29)
r(36,1,4,30,30)
w(4,9,4,31,31)
r(3,15,4,32,32)
r(164,1,4,33,33)
r(25,2,4,34,34)
w(2,13,4,35,35)
w(754,1,4,36,36)
w(11,1,4,37,37)
r(0,32,4,38,38)
w(139,1,4,39,39)
w(5,4,4,40,40)
w(20,2,4,41,41)
r(50,0,4,42,42)
r(59,0,4,43,43)
w(33,2,4,44,44)
w(376,2,4,45,45)
r(54,0,4,46,46)
w(1,17,4,47,47)
r(0,32,4,48,48)
r(31,0,4,49,49)
w(0,33,4,50,50)
w(72,1,4,51,51)
w(50,1,4,52,52)
w(2,14,4,53,53)
r(0,33,4,54,54)
w(581,1,4,55,55)
r(35,1,4,56,56)
w(0,34,4,57,57)
w(11,2,4,58,58)
r(577,0,4,59,59)
w(44,1,4,60,60)
r(36,1,4,61,61)
w(18,4,4,62,62)
r(294,0,4,63,63)
w(6,5,4,64,64)
r(0,34,4,65,65)
r(20,2,4,66,66)
w(305,1,4,67,67)
w(2,15,4,68,68)
w(2,16,4,69,69)
r(695,0,4,70,70)
w(172,1,4,71,71)
r(243,0,4,72,72)
r(243,0,4,73,73)
w(11,3,4,74,74)
w(459,2,4,75,75)
w(0,35,4,76,76)
w(0,36,4,77,77)
w(11,4,4,78,78)
w(6,6,4,79,79)
r(305,1,4,80,80)
r(31,0,4,81,81)
w(239,1,4,82,82)
w(12,2,4,83,83)
r(99,0,4,84,84)
r(9,5,4,85,85)
w(6,7,4,86,86)
w(133,1,4,87,87)
w(3,16,4,88,88)
w(431,1,4,89,89)
w(0,37,4,90,90)
r(776,0,4,91,91)
r(59,0,4,92,92)
r(2,16,4,93,93)
w(935,1,4,94,94)
r(19,0,4,95,95)
r(138,1,4,96,96)
w(7,4,4,97,97)
r(425,0,4,98,98)
r(1,17,4,99,99)
r(6,7,5,0,0)
w(53,1,5,1,1)
r(95,0,5,2,2)
r(140,1,5,3,3)
r(57,0,5,4,4)
w(182,1,5,5,5)
r(0,37,5,6,6)
w(0,38,5,7,7)
r(441,0,5,8,8)
w(36,2,5,9,9)
r(8,1,5,10,10)
w(797,1,5,11,11)
r(0,38,5,12,12)
w(2,17,5,13,13)
r(11,4,5,14,14)
r(71,1,5,15,15)
r(0,38,5,16,16)
w(93,2,5,17,17)
r(60,1,5,18,18)
w(15,4,5,19,19)
r(0,38,5,20,20)
r(71,1,5,21,21)
r(25,2,5,22,22)
r(12,2,5,23,23)
r(5,4,5,24,24)
r(631,0,5,25,25)
r(239,1,5,26,26)
r(595,0,5,27,27)
w(9,6,5,28,28)
w(21,4,5,29,29)
w(442,1,5,30,30)
w(56,2,5,31,31)
w(26,2,5,32,32)
w(16,2,5,33,33)
w(21,5,5,34,34)
r(0,38,5,35,35)
r(242,0,5,36,36)
r(365,0,5,37,37)
r(1,17,5,38,38)
w(1,18,5,39,39)
r(0,38,5,40,40)
r(351,0,5,41,41)
r(298,0,5,42,42)
w(36,3,5,43,43)
r(34,2,5,44,44)
r(24,0,5,45,45)
r(51,1,5,46,46)
w(670,1,5,47,47)
w(35,2,5,48,48)
r(4,9,5,49,49)
w(260,1,5,50,50)
r(54,0,5,51,51)
w(15,5,5,52,52)
w(13,1,5,53,53)
w(40,3,5,54,54)
r(25,2,5,55,55)
r(0,38,5,56,56)
w(0,39,5,57,57)
w(248,1,5,58,58)
r(39,0,5,59,59)
w(1,19,5,60,60)
r(11,4,5,61,61)
w(6,8,5,62,62)
w(37,3,5,63,63)
w(21,6,5,64,64)
r(4,9,5,65,65)
r(0,39,5,66,66)
w(20,3,5,67,67)
r(64,0,5,68,68)
r(0,39,5,69,69)
w(0,40,5,70,70)
r(8,1,5,71,71)
w(58,2,5,72,72)
w(5,5,5,73,73)
r(17,0,5,74,74)
w(678,1,5,75,75)
r(319,0,5,76,76)
w(672,1,5,77,77)
w(2,18,5,78,78)
w(0,41,5,79,79)
w(70,1,5,80,80)
r(2,18,5,81,81)
w(5,6,5,82,82)
w(0,42,5,83,83)
w(2,19,5,84,84)
r(163,1,5,85,85)
w(180,1,5,86,86)
w(294,1,5,87,87)
r(37,3,5,88,88)
r(2,19,5,89,89)
w(44,2,5,90,90)
w(5,7,5,91,91)
r(325,1,5,92,92)
w(8,2,5,93,93)
r(728,0,5,94,94)
w(2,20,5,95,95)
r(60,1,5,96,96)
r(3,16,5,97,97)
r(5,7,5,98,98)
w(30,3,5,99,99)
r(184,0,6,0,0)
w(955,1,6,1,1)
w(14,2,6,2,2)
r(23,0,6,3,3)
w(0,43,6,4,4)
r(1,19,6,5,5)
w(180,2,6,6,6)
r(0,43,6,7,7)
r(460,0,6,8,8)
w(32,5,6,9,9)
r(19,0,6,10,10)
r(0,43,6,11,11)
w(1,20,6,12,12)
r(49,2,6,13,13)
r(0,43,6,14,14)
r(0,43,6,15,15)
w(0,44,6,16,16)
w(134,1,6,17,17)
r(527,0,6,18,18)
r(169,0,6,19,19)
w(7,5,6,20,20)
r(7,5,6,21,21)
w(247,1,6,22,22)
r(0,44,6,23,23)
w(155,1,6,24,24)
w(6,9,6,25,25)
r(0,44,6,26,26)
w(122,2,6,27,27)
r(17,0,6,28,28)
r(6,9,6,29,29)
r(0,44,6,30,30)
w(0,45,6,31,31)
w(0,46,6,32,32)
r(8,2,6,33,33)
r(56,2,6,34,34)
r(3,16,6,35,35)
w(9,7,6,36,36)
w(14,3,6,37,37)
r(10,1,6,38,38)
w(1,21,6,39,39)
r(0,46,6,40,40)
r(1,21,6,41,41)
w(9,8,6,42,42)
r(5,7,6,43,43)
w(426,1,6,44,44)
w(428,1,6,45,45)
w(286,1,6,46,46)
w(911,1,6,47,47)
r(0,46,6,48,48)
r(0,46,6,49,49)
w(4,10,6,50,50)
w(0,47,6,51,51)
w(895,1,6,52,52)
r(22,1,6,53,53)
r(0,47,6,54,54)
w(124,2,6,55,55)
r(0,47,6,56,56)
w(20,4,6,57,57)
w(20,5,6,58,58)
w(6,10,6,59,59)
w(56,3,6,60,60)
w(17,1,6,61,61)
r(1,21,6,62,62)
r(0,47,6,63,63)
r(0,47,6,64,64)
r(2,20,6,65,65)
r(6,10,6,66,66)
w(0,48,6,67,67)
r(5,7,6,68,68)
r(81,1,6,69,69)
w(7,6,6,70,70)
r(409,0,6,71,71)
r(3,16,6,72,72)
r(77,0,6,73,73)
w(94,1,6,74,74)
w(963,1,6,75,75)
w(79,1,6,76,76)
r(0,48,6,77,77)
w(7,7,6,78,78)
r(7,7,6,79,79)
r(0,48,6,80,80)
r(7,7,6,81,81)
w(6,11,6,82,82)
w(24,1,6,83,83)
r(942,0,6,84,84)
w(123,1,6,85,85)
w(37,4,6,86,86)
r(756,0,6,87,87)
w(10,2,6,88,88)
w(1,22,6,89,89)
r(11,4,6,90,90)
r(0,48,6,91,91)
r(29,2,6,92,92)
w(36,4,6,93,93)
w(3,17,6,94,94)
r(1,22,6,95,95)
r(143,0,6,96,96)
r(3,17,6,97,97)
w(26,3,6,98,98)
w(263,1,6,99,99)
r(370,0,7,0,0)
w(6,12,7,1,1)
w(4,11,7,2,2)
w(0,49,7,3,3)
r(512,0,7,4,4)
r(3,17,7,5,5)
r(238,0,7,6,6)
w(44,3,7,7,7)
r(111,0,7,8,8)
w(8,3,7,9,9)
r(0,49,7,10,10)
r(2,20,7,11,11)
r(690,0,7,12,12)
w(0,50,7,13,13)
w(0,51,7,14,14)
r(105,0,7,15,15)
r(201,0,7,16,16)
r(60,1,7,17,17)
r(0,51,7,18,18)
w(218,1,7,19,19)
w(92,1,7,20,20)
r(40,3,7,21,21)
r(174,1,7,22,22)
r(742,0,7,23,23)
w(547,1,7,24,24)
w(574,2,7,25,25)
r(326,0,7,26,26)
r(2,20,7,27,27)
r(15,5,7,28,28)
w(82,1,7,29,29)
w(172,2,7,30,30)
r(0,51,7,31,31)
w(82,2,7,32,32)
r(738,0,7,33,33)
r(880,0,7,34,34)
w(34,3,7,35,35)
w(68,1,7,36,36)
r(822,0,7,37,37)
w(0,52,7,38,38)
r(4,11,7,39,39)
w(0,53,7,40,40)
w(93,3,7,41,41)
w(1,23,7,42,42)
w(7,8,7,43,43)
w(31,1,7,44,44)
r(2,20,7,45,45)
w(6,13,7,46,46)
w(39,1,7,47,47)
r(207,0,7,48,48)
w(196,1,7,49,49)
r(1,23,7,50,50)
r(20,5,7,51,51)
r(29,2,7,52,52)
w(22,2,7,53,53)
w(2,21,7,54,54)
r(1,23,7,55,55)
r(1,23,7,56,56)
w(13,2,7,57,57)
w(716,1,7,58,58)
w(1,24,7,59,59)
r(3,17,7,60,60)
w(38,2,7,61,61)
w(116,1,7,62,62)
r(59,0,7,63,63)
w(19,1,7,64,64)
r(44,3,7,65,65)
w(12,3,7,66,66)
w(232,1,7,67,67)
r(4,11,7,68,68)
r(48,1,7,69,69)
w(195,1,7,70,70)
w(10,3,7,71,71)
r(53,1,7,72,72)
r(58,2,7,73,73)
r(40,3,7,74,74)
w(28,3,7,75,75)
w(425,1,7,76,76)
r(3,17,7,77,77)
w(11,5,7,78,78)
r(0,53,7,79,79)
r(3,17,7,80,80)
w(205,1,7,81,81)
w(311,1,7,82,82)
r(2,21,7,83,83)
r(107,0,7,84,84)
w(89,1,7,85,85)
r(41,0,7,86,86)
w(617,1,7,87,87)
r(113,1,7,88,88)
w(122,3,7,89,89)
r(6,13,7,90,90)
w(130,1,7,91,91)
w(2,22,7,92,92)
r(3,17,7,93,93)
r(14,3,7,94,94)
r(4,11,7,95,95)
r(172,2,7,96,96)
w(151,2,7,97,97)
r(16,2,7,98,98)
r(2,22,7,99,99)
r(2,22,8,0,0)
r(5,7,8,1,1)
r(3,17,8,2,2)
w(465,1,8,3,3)
w(275,1,8,4,4)
w(93,4,8,5,5)
r(17,1,8,6,6)
w(1,25,8,7,7)
w(89,2,8,8,8)
r(29,2,8,9,9)
w(91,1,8,10,10)
w(0,54,8,11,11)
r(0,54,8,12,12)
w(28,4,8,13,13)
w(332,1,8,14,14)
r(304,0,8,15,15)
r(63,0,8,16,16)
r(252,0,8,17,17)
w(275,2,8,18,18)
r(363,0,8,19,19)
r(382,0,8,20,20)
w(28,5,8,21,21)
r(35,2,8,22,22)
r(7,8,8,23,23)
w(0,55,8,24,24)
r(8,3,8,25,25)
w(5,8,8,26,26)
w(492,1,8,27,27)
r(0,55,8,28,28)
w(5,9,8,29,29)
r(322,0,8,30,30)
w(18,5,8,31,31)
w(90,1,8,32,32)
w(0,56,8,33,33)
w(1,26,8,34,34)
r(5,9,8,35,35)
w(474,1,8,36,36)
r(437,0,8,37,37)
r(0,56,8,38,38)
r(9,8,8,39,39)
r(10,3,8,40,40)
w(61,1,8,41,41)
r(0,56,8,42,42)
w(0,57,8,43,43)
r(21,6,8,44,44)
r(0,57,8,45,45)
w(19,2,8,46,46)
r(245,0,8,47,47)
r(0,57,8,48,48)
r(877,0,8,49,49)
w(11,6,8,50,50)
w(234,1,8,51,51)
w(6,14,8,52,52)
w(7,9,8,53,53)
w(15,6,8,54,54)
w(30,4,8,55,55)
w(153,1,8,56,56)
w(34,4,8,57,57)
w(1,27,8,58,58)
r(2,22,8,59,59)
r(116,1,8,60,60)
r(234,1,8,61,61)
r(653,0,8,62,62)
w(0,58,8,63,63)
r(9,8,8,64,64)
w(0,59,8,65,65)
w(347,1,8,66,66)
r(1,27,8,67,67)
r(100,0,8,68,68)
r(5,9,8,69,69)
w(0,60,8,70,70)
r(14,3,8,71,71)
r(0,60,8,72,72)
r(38,2,8,73,73)
r(430,0,8,74,74)
w(129,1,8,75,75)
r(7,9,8,76,76)
w(2,23,8,77,77)
r(19,2,8,78,78)
r(854,0,8,79,79)
w(27,5,8,80,80)
r(1,27,8,81,81)
r(23,0,8,82,82)
w(576,1,8,83,83)
r(1,27,8,84,84)
w(65,2,8,85,85)
r(4,11,8,86,86)
r(1,27,8,87,87)
r(9,8,8,88,88)
r(410,0,8,89,89)
r(721,0,8,90,90)
w(59,1,8,91,91)
w(0,61,8,92,92)
r(2,23,8,93,93)
r(0,61,8,94,94)
r(126,0,8,95,95)
r(0,61,8,96,96)
w(0,62,8,97,97)
r(2,23,8,98,98)
r(187,0,8,99,99)
w(0,63,9,0,0)
r(682,0,9,1,1)
w(975,1,9,2,2)
r(108,1,9,3,3)
w(0,64,9,4,4)
r(417,0,9,5,5)
r(44,3,9,6,6)
r(4,11,9,7,7)
r(45,1,9,8,8)
r(245,0,9,9,9)
w(9,9,9,10,10)
w(388,1,9,11,11)
r(43,0,9,12,12)
w(262,2,9,13,13)
r(120,0,9,14,14)
r(11,6,9,15,15)
r(15,6,9,16,16)
r(2,23,9,17,17)
r(495,0,9,18,18)
r(10,3,9,19,19)
w(60,2,9,20,20)
w(6,15,9,21,21)
r(3,17,9,22,22)
r(61,1,9,23,23)
w(68,2,9,24,24)
r(6,15,9,25,25)
w(42,3,9,26,26)
r(24,1,9,27,27)
r(438,0,9,28,28)
w(132,2,9,29,29)
w(212,2,9,30,30)
w(28,6,9,31,31)
r(33,2,9,32,32)
r(101,1,9,33,33)
w(0,65,9,34,34)
w(532,1,9,35,35)
w(150,1,9,36,36)
r(6,15,9,37,37)
r(7,9,9,38,38)
r(115,0,9,39,39)
w(5,10,9,40,40)
r(0,65,9,41,41)
r(3,17,9,42,42)
r(0,65,9,43,43)
w(39,2,9,44,44)
r(250,0,9,45,45)
w(30,5,9,46,46)
w(1,28,9,47,47)
w(2,24,9,48,48)
w(260,2,9,49,49)
w(16,3,9,50,50)
r(73,0,9,51,51)
r(485,0,9,52,52)
r(39,2,9,53,53)
r(151,2,9,54,54)
r(32,5,9,55,55)
w(9,10,9,56,56)
w(204,1,9,57,57)
w(147,2,9,58,58)
r(57,0,9,59,59)
w(4,12,9,60,60)
r(16,3,9,61,61)
r(794,0,9,62,62)
w(15,7,9,63,63)
r(783,0,9,64,64)
w(9,11,9,65,65)
r(49,2,9,66,66)
w(294,2,9,67,67)
r(7,9,9,68,68)
w(23,1,9,69,69)
w(0,66,9,70,70)
r(16,3,9,71,71)
w(0,67,9,72,72)
r(15,7,9,73,73)
w(1,29,9,74,74)
r(21,6,9,75,75)
r(0,67,9,76,76)
w(982,1,9,77,77)
w(3,18,9,78,78)
r(14,3,9,79,79)
w(0,68,9,80,80)
w(0,69,9,81,81)
w(131,1,9,82,82)
r(12,3,9,83,83)
w(167,1,9,84,84)
r(727,0,9,85,85)
r(13,2,9,86,86)
r(1,29,9,87,87)
w(442,2,9,88,88)
w(68,3,9,89,89)
w(9,12,9,90,90)
w(46,1,9,91,91)
r(128,0,9,92,92)
r(575,0,9,93,93)
r(475,0,9,94,94)
w(373,1,9,95,95)
w(43,1,9,96,96)
w(24,2,9,97,97)
w(26,4,9,98,98)
w(2,25,9,99,99)
w(151,3,10,0,0)
r(260,2,10,1,1)
w(0,70,10,2,2)
r(0,70,10,3,3)
w(184,1,10,4,4)
w(10,4,10,5,5)
w(69,2,10,6,6)
r(7,9,10,7,7)
r(125,0,10,8,8)
r(159,0,10,9,9)
w(103,1,10,10,10)
r(0,70,10,11,11)
r(4,12,10,12,12)
r(297,0,10,13,13)
r(5,10,10,14,14)
w(212,3,10,15,15)
w(1,30,10,16,16)
r(1,30,10,17,17)
r(137,0,10,18,18)
r(849,0,10,19,19)
r(522,0,10,20,20)
r(21,6,10,21,21)
w(6,16,10,22,22)
w(27,6,10,23,23)
r(96,0,10,24,24)
w(345,1,10,25,25)
r(533,0,10,26,26)
r(14,3,10,27,27)
w(0,71,10,28,28)
r(72,1,10,29,29)
w(74,1,10,30,30)
w(16,4,10,31,31)
r(0,71,10,32,32)
r(48,1,10,33,33)
w(47,2,10,34,34)
r(1,30,10,35,35)
w(307,2,10,36,36)
w(57,1,10,37,37)
w(48,2,10,38,38)
w(3,19,10,39,39)
r(75,0,10,40,40)
w(683,1,10,41,41)
r(2,25,10,42,42)
w(77,1,10,43,43)
w(7,10,10,44,44)
r(3,19,10,45,45)
w(1,31,10,46,46)
w(955,2,10,47,47)
w(0,72,10,48,48)
w(0,73,10,49,49)
r(67,0,10,50,50)
r(18,5,10,51,51)
w(18,6,10,52,52)
r(23,1,10,53,53)
w(26,5,10,54,54)
r(281,0,10,55,55)
r(2,25,10,56,56)
r(4,12,10,57,57)
r(70,1,10,58,58)
w(384,1,10,59,59)
w(53,2,10,60,60)
w(0,74,10,61,61)
w(0,75,10,62,62)
w(3,20,10,63,63)
r(179,0,10,64,64)
w(26,6,10,65,65)
w(59,2,10,66,66)
w(72,2,10,67,67)
w(21,7,10,68,68)
w(41,1,10,69,69)
w(3,21,10,70,70)
r(943,0,10,71,71)
w(1,32,10,72,72)
r(1,32,10,73,73)
w(147,3,10,74,74)
r(0,75,10,75,75)
r(28,6,10,76,76)
r(29,2,10,77,77)
r(3,21,10,78,78)
w(622,1,10,79,79)
w(0,76,10,80,80)
r(0,76,10,81,81)
w(56,4,10,82,82)
w(853,1,10,83,83)
r(710,0,10,84,84)
r(46,1,10,85,85)
r(258,0,10,86,86)
r(225,0,10,87,87)
w(916,1,10,88,88)
r(19,2,10,89,89)
r(25,2,10,90,90)
w(17,2,10,91,91)
w(901,1,10,92,92)
r(3,21,10,93,93)
r(0,76,10,94,94)
r(346,0,10,95,95)
r(1,32,10,96,96)
r(3,21,10,97,97)
r(283,0,10,98,98)
r(161,0,10,99,99)
w(42,4,11,0,0)
r(6,16,11,1,1)
r(0,76,11,2,2)
w(447,1,11,3,3)
w(332,2,11,4,4)
w(51,2,11,5,5)
r(546,0,11,6,6)
r(13,2,11,7,7)
r(2,25,11,8,8)
w(1,33,11,9,9)
r(12,3,11,10,10)
w(58,3,11,11,11)
w(190,2,11,12,12)
r(2,25,11,13,13)
r(179,0,11,14,14)
w(2,26,11,15,15)
r(26,6,11,16,16)
r(20,5,11,17,17)
w(37,5,11,18,18)
r(2,26,11,19,19)
w(1,34,11,20,20)
w(8,4,11,21,21)
r(0,76,11,22,22)
w(2,27,11,23,23)
w(73,1,11,24,24)
r(222,0,11,25,25)
r(15,7,11,26,26)
w(0,77,11,27,27)
w(111,1,11,28,28)
r(1,34,11,29,29)
w(307,3,11,30,30)
r(0,77,11,31,31)
w(536,1,11,32,32)
r(198,0,11,33,33)
r(26,6,11,34,34)
r(36,4,11,35,35)
w(90,2,11,36,36)
r(1,34,11,37,37)
r(271,0,11,38,38)
r(636,0,11,39,39)
w(186,1,11,40,40)
w(924,2,11,41,41)
w(69,3,11,42,42)
r(2,27,11,43,43)
r(283,0,11,44,44)
w(126,1,11,45,45)
r(322,0,11,46,46)
r(1,34,11,47,47)
w(72,3,11,48,48)
w(880,1,11,49,49)
w(0,78,11,50,50)
r(3,21,11,51,51)
w(3,22,11,52,52)
r(114,0,11,53,53)
w(34,5,11,54,54)
w(1,35,11,55,55)
w(14,4,11,56,56)
w(346,1,11,57,57)
w(396,1,11,58,58)
w(6,17,11,59,59)
w(0,79,11,60,60)
w(301,1,11,61,61)
w(208,1,11,62,62)
r(0,79,11,63,63)
w(263,2,11,64,64)
r(0,79,11,65,65)
r(59,2,11,66,66)
w(61,2,11,67,67)
w(835,1,11,68,68)
r(55,0,11,69,69)
r(114,0,11,70,70)
r(2,27,11,71,71)
r(0,79,11,72,72)
r(0,79,11,73,73)
r(406,0,11,74,74)
w(53,3,11,75,75)
r(17,2,11,76,76)
w(12,4,11,77,77)
r(6,17,11,78,78)
w(2,28,11,79,79)
r(28,6,11,80,80)
w(2,29,11,81,81)
r(26,6,11,82,82)
w(564,1,11,83,83)
w(459,3,11,84,84)
r(27,6,11,85,85)
r(0,79,11,86,86)
r(271,0,11,87,87)
w(6,18,11,88,88)
r(5,10,11,89,89)
w(100,1,11,90,90)
w(259,1,11,91,91)
w(0,80,11,92,92)
w(29,3,11,93,93)
w(3,23,11,94,94)
w(101,2,11,95,95)
w(36,5,11,96,96)
w(243,1,11,97,97)
r(22,2,11,98,98)
w(685,1,11,99,99)
w(34,6,12,0,0)
r(2,29,12,1,1)
r(18,6,12,2,2)
r(4,12,12,3,3)
r(126,1,12,4,4)
w(2,30,12,5,5)
r(1,35,12,6,6)
r(1,35,12,7,7)
r(102,0,12,8,8)
w(970,1,12,9,9)
w(27,7,12,10,10)
r(0,80,12,11,11)
w(0,81,12,12,12)
r(628,0,12,13,13)
w(116,2,12,14,14)
w(13,3,12,15,15)
r(1,35,12,16,16)
w(149,1,12,17,17)
r(108,1,12,18,18)
r(0,81,12,19,19)
r(2,30,12,20,20)
r(993,0,12,21,21)
r(561,0,12,22,22)
w(180,3,12,23,23)
w(773,1,12,24,24)
r(15,7,12,25,25)
r(0,81,12,26,26)
r(25,2,12,27,27)
r(731,0,12,28,28)
r(508,0,12,29,29)
w(411,1,12,30,30)
w(0,82,12,31,31)
w(433,1,12,32,32)
r(1,35,12,33,33)
w(7,11,12,34,34)
w(283,1,12,35,35)
r(1,35,12,36,36)
w(2,31,12,37,37)
r(0,82,12,38,38)
r(209,0,12,39,39)
r(8,4,12,40,40)
w(16,5,12,41,41)
r(1,35,12,42,42)
w(1,36,12,43,43)
r(2,31,12,44,44)
w(368,1,12,45,45)
w(3,24,12,46,46)
r(1,36,12,47,47)
r(101,2,12,48,48)
w(47,3,12,49,49)
w(543,1,12,50,50)
r(23,1,12,51,51)
r(1,36,12,52,52)
r(821,0,12,53,53)
r(27,7,12,54,54)
r(0,82,12,55,55)
w(0,83,12,56,56)
w(9,13,12,57,57)
w(0,84,12,58,58)
w(13,4,12,59,59)
r(0,84,12,60,60)
w(857,1,12,61,61)
r(1,36,12,62,62)
r(114,0,12,63,63)
r(19,2,12,64,64)
r(458,0,12,65,65)
r(6,18,12,66,66)
r(25,2,12,67,67)
r(9,13,12,68,68)
r(1,36,12,69,69)
r(459,3,12,70,70)
r(2,31,12,71,71)
w(38,3,12,72,72)
r(260,2,12,73,73)
w(132,3,12,74,74)
w(52,1,12,75,75)
w(0,85,12,76,76)
w(11,7,12,77,77)
w(1,37,12,78,78)
w(357,1,12,79,79)
w(2,32,12,80,80)
w(3,25,12,81,81)
r(48,2,12,82,82)
r(98,0,12,83,83)
r(0,85,12,84,84)
w(211,1,12,85,85)
r(30,5,12,86,86)
r(581,1,12,87,87)
r(22,2,12,88,88)
r(128,0,12,89,89)
w(19,3,12,90,90)
w(445,1,12,91,91)
r(537,0,12,92,92)
r(0,85,12,93,93)
w(36,6,12,94,94)
r(2,32,12,95,95)
w(14,5,12,96,96)
r(5,10,12,97,97)
w(7,12,12,98,98)
w(34,7,12,99,99)
r(0,85,13,0,0)
w(36,7,13,1,1)
r(262,2,13,2,2)
r(17,2,13,3,3)
r(0,85,13,4,4)
w(74,2,13,5,5)
w(126,2,13,6,6)
r(89,2,13,7,7)
r(11,7,13,8,8)
w(145,1,13,9,9)
w(1,38,13,10,10)
r(16,5,13,11,11)
w(9,14,13,12,12)
r(64,0,13,13,13)
r(334,0,13,14,14)
w(1,39,13,15,15)
r(0,85,13,16,16)
r(1,39,13,17,17)
r(2,32,13,18,18)
r(1,39,13,19,19)
r(0,85,13,20,20)
w(1,40,13,21,21)
r(23,1,13,22,22)
r(1,40,13,23,23)
w(844,1,13,24,24)
r(0,85,13,25,25)
r(55,0,13,26,26)
r(0,85,13,27,27)
w(27,8,13,28,28)
r(69,3,13,29,29)
r(0,85,13,30,30)
w(9,15,13,31,31)
r(24,2,13,32,32)
w(135,2,13,33,33)
r(20,5,13,34,34)
w(564,2,13,35,35)
r(13,4,13,36,36)
r(32,5,13,37,37)
r(12,4,13,38,38)
w(124,3,13,39,39)
r(97,0,13,40,40)
r(401,0,13,41,41)
r(39,2,13,42,42)
r(0,85,13,43,43)
w(0,86,13,44,44)
w(0,87,13,45,45)
r(71,1,13,46,46)
r(515,0,13,47,47)
r(11,7,13,48,48)
r(334,0,13,49,49)
r(10,4,13,50,50)
w(0,88,13,51,51)
r(70,1,13,52,52)
r(195,1,13,53,53)
r(136,0,13,54,54)
w(475,1,13,55,55)
r(0,88,13,56,56)
r(3,25,13,57,57)
w(29,4,13,58,58)
w(510,1,13,59,59)
w(0,89,13,60,60)
w(27,9,13,61,61)
w(0,90,13,62,62)
w(3,26,13,63,63)
w(5,11,13,64,64)
r(32,5,13,65,65)
w(420,1,13,66,66)
w(1,41,13,67,67)
w(0,91,13,68,68)
r(81,1,13,69,69)
w(660,2,13,70,70)
r(0,91,13,71,71)
w(18,7,13,72,72)
r(793,0,13,73,73)
w(0,92,13,74,74)
r(62,0,13,75,75)
r(753,0,13,76,76)
w(21,8,13,77,77)
r(45,1,13,78,78)
w(150,2,13,79,79)
w(15,8,13,80,80)
r(786,0,13,81,81)
w(239,2,13,82,82)
r(8,4,13,83,83)
r(20,5,13,84,84)
r(287,0,13,85,85)
w(24,3,13,86,86)
r(13,4,13,87,87)
w(625,1,13,88,88)
w(0,93,13,89,89)
w(29,5,13,90,90)
w(135,3,13,91,91)
r(0,93,13,92,92)
w(0,94,13,93,93)
r(14,5,13,94,94)
r(33,2,13,95,95)
w(107,1,13,96,96)
r(23,1,13,97,97)
w(90,3,13,98,98)
r(0,94,13,99,99)
r(197,0,14,0,0)
w(0,95,14,1,1)
w(28,7,14,2,2)
r(6,18,14,3,3)
r(28,7,14,4,4)
w(382,1,14,5,5)
w(2,33,14,6,6)
r(7,12,14,7,7)
r(13,4,14,8,8)
r(1,41,14,9,9)
r(341,0,14,10,10)
r(2,33,14,11,11)
r(0,95,14,12,12)
w(748,1,14,13,13)
r(0,95,14,14,14)
r(88,0,14,15,15)
r(20,5,14,16,16)
w(30,6,14,17,17)
w(0,96,14,18,18)
r(32,5,14,19,19)
r(3,26,14,20,20)
w(835,2,14,21,21)
r(529,0,14,22,22)
w(5,12,14,23,23)
r(25,2,14,24,24)
r(39,2,14,25,25)
w(70,2,14,26,26)
r(102,0,14,27,27)
w(248,2,14,28,28)
r(771,0,14,29,29)
w(2,34,14,30,30)
w(0,97,14,31,31)
r(5,12,14,32,32)
r(12,4,14,33,33)
w(1,42,14,34,34)
r(846,0,14,35,35)
w(445,2,14,36,36)
w(0,98,14,37,37)
w(487,1,14,38,38)
r(74,2,14,39,39)
r(48,2,14,40,40)
r(0,98,14,41,41)
r(13,4,14,42,42)
r(302,0,14,43,43)
r(10,4,14,44,44)
r(10,4,14,45,45)
r(243,1,14,46,46)
w(54,1,14,47,47)
w(128,1,14,48,48)
r(1,42,14,49,49)
w(34,8,14,50,50)
w(0,99,14,51,51)
w(6,19,14,52,52)
w(77,2,14,53,53)
w(0,100,14,54,54)
w(0,101,14,55,55)
w(90,4,14,56,56)
w(1,43,14,57,57)
w(70,3,14,58,58)
w(174,2,14,59,59)
r(989,0,14,60,60)
r(9,15,14,61,61)
r(113,1,14,62,62)
w(3,27,14,63,63)
r(119,0,14,64,64)
r(0,101,14,65,65)
w(32,6,14,66,66)
w(799,2,14,67,67)
r(81,1,14,68,68)
w(14,6,14,69,69)
r(2,34,14,70,70)
r(268,0,14,71,71)
r(1,43,14,72,72)
w(251,1,14,73,73)
r(4,12,14,74,74)
r(170,0,14,75,75)
r(222,0,14,76,76)
w(8,5,14,77,77)
r(557,1,14,78,78)
r(168,0,14,79,79)
r(156,0,14,80,80)
r(83,0,14,81,81)
w(0,102,14,82,82)
r(11,7,14,83,83)
r(0,102,14,84,84)
r(321,0,14,85,85)
w(6,20,14,86,86)
r(24,3,14,87,87)
w(13,5,14,88,88)
r(585,0,14,89,89)
r(3,27,14,90,90)
r(1,43,14,91,91)
r(3,27,14,92,92)
w(2,35,14,93,93)
r(1,43,14,94,94)
r(786,0,14,95,95)
w(0,103,14,96,96)
w(671,1,14,97,97)
r(5,12,14,98,98)
w(64,1,14,99,99)
r(0,103,15,0,0)
w(1,44,15,1,1)
w(2,36,15,2,2)
w(40,4,15,3,3)
r(0,103,15,4,4)
w(92,2,15,5,5)
r(606,0,15,6,6)
r(514,0,15,7,7)
r(18,7,15,8,8)
r(2,36,15,9,9)
w(196,2,15,10,10)
w(1,45,15,11,11)
w(16,6,15,12,12)
w(3,28,15,13,13)
r(2,36,15,14,14)
w(0,104,15,15,15)
w(21,9,15,16,16)
w(0,105,15,17,17)
r(7,12,15,18,18)
w(8,6,15,19,19)
w(48,3,15,20,20)
w(0,106,15,21,21)
r(1,45,15,22,22)
r(769,0,15,23,23)
r(10,4,15,24,24)
w(0,107,15,25,25)
r(42,4,15,26,26)
r(118,0,15,27,27)
r(18,7,15,28,28)
r(0,107,15,29,29)
r(0,107,15,30,30)
r(398,0,15,31,31)
w(560,1,15,32,32)
r(932,0,15,33,33)
r(239,2,15,34,34)
w(95,1,15,35,35)
w(5,13,15,36,36)
w(5,14,15,37,37)
w(5,15,15,38,38)
r(993,0,15,39,39)
w(241,2,15,40,40)
w(61,3,15,41,41)
w(0,108,15,42,42)
r(52,1,15,43,43)
w(4,13,15,44,44)
w(10,5,15,45,45)
r(738,0,15,46,46)
r(72,3,15,47,47)
w(4,14,15,48,48)
w(9,16,15,49,49)
w(3,29,15,50,50)
r(593,0,15,51,51)
r(33,2,15,52,52)
r(761,1,15,53,53)
w(33,3,15,54,54)
w(3,30,15,55,55)
w(116,3,15,56,56)
w(0,109,15,57,57)
r(362,0,15,58,58)
r(38,3,15,59,59)
w(174,3,15,60,60)
r(0,109,15,61,61)
w(142,1,15,62,62)
w(0,110,15,63,63)
w(65,3,15,64,64)
w(6,21,15,65,65)
r(2,36,15,66,66)
w(410,1,15,67,67)
r(55,0,15,68,68)
w(243,2,15,69,69)
w(794,1,15,70,70)
w(7,13,15,71,71)
w(1,46,15,72,72)
w(218,2,15,73,73)
r(0,110,15,74,74)
w(10,6,15,75,75)
w(1,47,15,76,76)
r(0,110,15,77,77)
r(0,110,15,78,78)
r(76,2,15,79,79)
w(93,5,15,80,80)
r(621,0,15,81,81)
r(498,0,15,82,82)
r(95,1,15,83,83)
w(2,37,15,84,84)
r(6,21,15,85,85)
r(135,3,15,86,86)
w(19,4,15,87,87)
r(245,0,15,88,88)
w(27,10,15,89,89)
w(17,3,15,90,90)
r(235,0,15,91,91)
r(1,47,15,92,92)
w(302,1,15,93,93)
w(27,11,15,94,94)
r(10,6,15,95,95)
w(82,3,15,96,96)
w(240,1,15,97,97)
r(1,47,15,98,98)
w(35,3,15,99,99)
r(5,15,16,0,0)
w(1,48,16,1,1)
r(12,4,16,2,2)
w(23,2,16,3,3)
w(19,5,16,4,4)
r(258,0,16,5,5)
r(358,0,16,6,6)
w(0,111,16,7,7)
w(727,1,16,8,8)
w(291,1,16,9,9)
w(37,6,16,10,10)
w(981,1,16,11,11)
r(40,4,16,12,12)
r(0,111,16,13,13)
w(106,1,16,14,14)
r(17,3,16,15,15)
r(639,0,16,16,16)
w(257,1,16,17,17)
r(61,3,16,18,18)
r(722,0,16,19,19)
w(541,1,16,20,20)
w(2,38,16,21,21)
w(149,2,16,22,22)
r(151,3,16,23,23)
r(0,111,16,24,24)
w(18,8,16,25,25)
r(120,0,16,26,26)
w(453,1,16,27,27)
w(16,7,16,28,28)
w(8,7,16,29,29)
w(25,3,16,30,30)
r(25,3,16,31,31)
w(59,3,16,32,32)
r(46,1,16,33,33)
w(1,49,16,34,34)
w(2,39,16,35,35)
w(494,1,16,36,36)
w(15,9,16,37,37)
r(457,0,16,38,38)
r(303,0,16,39,39)
w(754,2,16,40,40)
w(1,50,16,41,41)
r(360,0,16,42,42)
r(0,111,16,43,43)
w(48,4,16,44,44)
w(1,51,16,45,45)
w(14,7,16,46,46)
r(1,51,16,47,47)
r(245,0,16,48,48)
w(0,112,16,49,49)
w(885,1,16,50,50)
w(361,1,16,51,51)
w(14,8,16,52,52)
w(199,2,16,53,53)
w(345,2,16,54,54)
r(148,0,16,55,55)
w(247,2,16,56,56)
r(0,112,16,57,57)
w(38,4,16,58,58)
r(554,0,16,59,59)
w(3,31,16,60,60)
r(0,112,16,61,61)
w(783,1,16,62,62)
w(9,17,16,63,63)
r(3,31,16,64,64)
r(864,0,16,65,65)
r(542,0,16,66,66)
w(220,1,16,67,67)
w(41,2,16,68,68)
w(21,10,16,69,69)
r(8,7,16,70,70)
w(204,2,16,71,71)
r(191,0,16,72,72)
w(0,113,16,73,73)
r(3,31,16,74,74)
r(55,0,16,75,75)
r(525,0,16,76,76)
w(53,4,16,77,77)
w(22,3,16,78,78)
r(12,4,16,79,79)
w(89,3,16,80,80)
r(31,1,16,81,81)
r(0,113,16,82,82)
r(3,31,16,83,83)
w(69,4,16,84,84)
w(31,2,16,85,85)
w(0,114,16,86,86)
r(2,39,16,87,87)
r(34,8,16,88,88)
r(116,3,16,89,89)
w(21,11,16,90,90)
r(12,4,16,91,91)
r(506,0,16,92,92)
w(13,6,16,93,93)
r(5,15,16,94,94)
w(2,40,16,95,95)
w(0,115,16,96,96)
w(26,7,16,97,97)
r(15,9,16,98,98)
w(196,3,16,99,99)
w(30,7,17,0,0)
w(17,4,17,1,1)
r(15,9,17,2,2)
w(6,22,17,3,3)
w(3,32,17,4,4)
r(10,6,17,5,5)
r(44,3,17,6,6)
r(1,51,17,7,7)
r(228,0,17,8,8)
r(838,0,17,9,9)
w(16,8,17,10,10)
w(24,4,17,11,11)
r(61,3,17,12,12)
w(45,2,17,13,13)
r(6,22,17,14,14)
r(951,0,17,15,15)
r(17,4,17,16,16)
w(0,116,17,17,17)
r(0,116,17,18,18)
w(93,6,17,19,19)
w(0,117,17,20,20)
w(652,1,17,21,21)
w(3,33,17,22,22)
w(0,118,17,23,23)
r(2,40,17,24,24)
r(0,118,17,25,25)
w(4,15,17,26,26)
w(0,119,17,27,27)
w(275,3,17,28,28)
w(17,5,17,29,29)
w(16,9,17,30,30)
r(2,40,17,31,31)
r(15,9,17,32,32)
r(718,0,17,33,33)
r(0,119,17,34,34)
r(14,8,17,35,35)
r(4,15,17,36,36)
r(2,40,17,37,37)
w(16,10,17,38,38)
r(27,11,17,39,39)
w(737,1,17,40,40)
w(245,1,17,41,41)
w(6,23,17,42,42)
w(0,120,17,43,43)
r(2,40,17,44,44)
w(14,9,17,45,45)
w(381,1,17,46,46)
r(15,9,17,47,47)
w(4,16,17,48,48)
w(41,3,17,49,49)
w(0,121,17,50,50)
r(400,0,17,51,51)
w(51,3,17,52,52)
r(527,0,17,53,53)
r(4,16,17,54,54)
r(7,13,17,55,55)
w(279,1,17,56,56)
w(57,2,17,57,57)
r(5,15,17,58,58)
r(7,13,17,59,59)
w(73,2,17,60,60)
r(579,0,17,61,61)
w(289,1,17,62,62)
w(233,1,17,63,63)
w(742,1,17,64,64)
w(296,1,17,65,65)
w(4,17,17,66,66)
r(7,13,17,67,67)
r(105,0,17,68,68)
w(24,5,17,69,69)
w(9,18,17,70,70)
r(0,121,17,71,71)
w(8,8,17,72,72)
r(75,0,17,73,73)
w(303,1,17,74,74)
w(496,1,17,75,75)
r(15,9,17,76,76)
w(1,52,17,77,77)
r(59,3,17,78,78)
r(20,5,17,79,79)
r(9,18,17,80,80)
w(0,122,17,81,81)
w(0,123,17,82,82)
r(96,0,17,83,83)
r(33,3,17,84,84)
w(3,34,17,85,85)
r(62,0,17,86,86)
w(223,1,17,87,87)
w(144,1,17,88,88)
w(2,41,17,89,89)
r(0,123,17,90,90)
w(41,4,17,91,91)
r(12,4,17,92,92)
w(1,53,17,93,93)
w(29,6,17,94,94)
r(21,11,17,95,95)
r(0,123,17,96,96)
r(3,34,17,97,97)
w(102,1,17,98,98)
r(5,15,17,99,99)
r(7,13,18,0,0)
r(39,2,18,1,1)
r(2,41,18,2,2)
w(0,124,18,3,3)
w(154,1,18,4,4)
r(1,53,18,5,5)
r(151,3,18,6,6)
w(11,8,18,7,7)
r(268,0,18,8,8)
r(2,41,18,9,9)
w(127,1,18,10,10)
w(603,1,18,11,11)
w(871,1,18,12,12)
w(711,1,18,13,13)
w(39,3,18,14,14)
w(6,24,18,15,15)
r(22,3,18,16,16)
w(27,12,18,17,17)
w(28,8,18,18,18)
w(0,125,18,19,19)
w(14,10,18,20,20)
w(160,1,18,21,21)
w(57,3,18,22,22)
r(14,10,18,23,23)
r(179,0,18,24,24)
w(1,54,18,25,25)
r(702,0,18,26,26)
r(179,0,18,27,27)
w(353,1,18,28,28)
w(9,19,18,29,29)
w(0,126,18,30,30)
w(24,6,18,31,31)
w(0,127,18,32,32)
w(363,1,18,33,33)
w(16,11,18,34,34)
r(398,0,18,35,35)
r(45,2,18,36,36)
w(806,1,18,37,37)
w(0,128,18,38,38)
r(26,7,18,39,39)
w(1,55,18,40,40)
r(30,7,18,41,41)
w(76,3,18,42,42)
r(6,24,18,43,43)
r(20,5,18,44,44)
r(199,2,18,45,45)
w(307,4,18,46,46)
w(3,35,18,47,47)
r(30,7,18,48,48)
r(3,35,18,49,49)
r(312,0,18,50,50)
w(625,2,18,51,51)
w(294,3,18,52,52)
w(0,129,18,53,53)
w(591,1,18,54,54)
w(10,7,18,55,55)
r(2,41,18,56,56)
w(26,8,18,57,57)
r(62,0,18,58,58)
r(297,0,18,59,59)
w(736,1,18,60,60)
r(12,4,18,61,61)
w(1,56,18,62,62)
r(0,129,18,63,63)
w(8,9,18,64,64)
w(2,42,18,65,65)
w(122,4,18,66,66)
r(466,0,18,67,67)
r(129,1,18,68,68)
r(60,2,18,69,69)
w(39,4,18,70,70)
r(0,129,18,71,71)
r(271,0,18,72,72)
r(57,3,18,73,73)
w(345,3,18,74,74)
w(71,2,18,75,75)
w(10,8,18,76,76)
r(3,35,18,77,77)
r(0,129,18,78,78)
r(1,56,18,79,79)
r(184,1,18,80,80)
r(15,9,18,81,81)
r(634,0,18,82,82)
w(145,2,18,83,83)
w(900,1,18,84,84)
w(5,16,18,85,85)
r(255,0,18,86,86)
r(35,3,18,87,87)
w(16,12,18,88,88)
r(212,3,18,89,89)
r(83,0,18,90,90)
r(6,24,18,91,91)
r(4,17,18,92,92)
w(746,1,18,93,93)
w(8,10,18,94,94)
r(352,0,18,95,95)
r(1,56,18,96,96)
r(297,0,18,97,97)
r(7,13,18,98,98)
r(32,6,18,99,99)
w(175,3,19,0,0)
r(36,7,19,1,1)
r(15,9,19,2,2)
w(285,2,19,3,3)
w(8,11,19,4,4)
r(7,13,19,5,5)
r(505,0,19,6,6)
r(184,1,19,7,7)
r(6,24,19,8,8)
w(933,1,19,9,9)
w(8,12,19,10,10)
r(44,3,19,11,11)
w(1,57,19,12,12)
r(256,0,19,13,13)
r(6,24,19,14,14)
w(94,2,19,15,15)
w(98,1,19,16,16)
r(168,0,19,17,17)
w(5,17,19,18,18)
r(3,35,19,19,19)
w(15,10,19,20,20)
r(13,6,19,21,21)
w(229,2,19,22,22)
w(99,1,19,23,23)
w(281,1,19,24,24)
r(7,13,19,25,25)
w(43,2,19,26,26)
r(8,12,19,27,27)
r(2,42,19,28,28)
r(238,0,19,29,29)
r(0,129,19,30,30)
w(6,25,19,31,31)
r(87,0,19,32,32)
r(46,1,19,33,33)
r(107,1,19,34,34)
r(23,2,19,35,35)
w(14,11,19,36,36)
r(367,0,19,37,37)
r(1,57,19,38,38)
w(692,1,19,39,39)
r(102,1,19,40,40)
r(4,17,19,41,41)
r(0,129,19,42,42)
w(70,4,19,43,43)
r(29,6,19,44,44)
w(460,1,19,45,45)
w(176,1,19,46,46)
r(385,0,19,47,47)
w(70,5,19,48,48)
r(0,129,19,49,49)
w(479,1,19,50,50)
w(1,58,19,51,51)
w(6,26,19,52,52)
r(13,6,19,53,53)
w(5,18,19,54,54)
r(290,0,19,55,55)
r(1,58,19,56,56)
r(13,6,19,57,57)
r(7,13,19,58,58)
w(183,1,19,59,59)
w(10,9,19,60,60)
w(2,43,19,61,61)
w(0,130,19,62,62)
r(0,130,19,63,63)
r(539,1,19,64,64)
w(1,59,19,65,65)
r(440,0,19,66,66)
r(51,3,19,67,67)
r(31,2,19,68,68)
r(7,13,19,69,69)
w(490,1,19,70,70)
r(48,4,19,71,71)
r(15,10,19,72,72)
r(119,0,19,73,73)
r(1,59,19,74,74)
r(72,3,19,75,75)
w(65,4,19,76,76)
r(0,130,19,77,77)
w(1,60,19,78,78)
w(417,1,19,79,79)
w(278,1,19,80,80)
r(503,0,19,81,81)
w(902,1,19,82,82)
r(502,0,19,83,83)
r(771,0,19,84,84)
r(19,5,19,85,85)
r(57,3,19,86,86)
w(1,61,19,87,87)
r(9,19,19,88,88)
r(175,3,19,89,89)
r(0,130,19,90,90)
r(933,1,19,91,91)
w(129,2,19,92,92)
r(646,0,19,93,93)
w(20,6,19,94,94)
r(11,8,19,95,95)
r(116,3,19,96,96)
w(466,1,19,97,97)
r(0,130,19,98,98)
w(254,2,19,99,99)
