w(56,1,0,0,0)
w(0,1,0,1,1)
r(352,0,0,2,2)
w(105,1,0,3,3)
r(8,0,0,4,4)
w(4,1,0,5,5)
w(50,1,0,6,6)
w(58,1,0,7,7)
r(202,0,0,8,8)
w(411,1,0,9,9)
w(655,1,0,10,10)
w(0,2,0,11,11)
r(32,0,0,12,12)
r(2,0,0,13,13)
r(109,0,0,14,14)
w(953,1,0,15,15)
r(260,0,0,16,16)
w(119,1,0,17,17)
w(593,1,0,18,18)
r(21,0,0,19,19)
r(18,0,0,20,20)
w(0,3,0,21,21)
r(288,0,0,22,22)
w(7,1,0,23,23)
w(1,1,0,24,24)
w(11,1,0,25,25)
r(21,0,0,26,26)
w(25,1,0,27,27)
r(0,3,0,28,28)
r(54,0,0,29,29)
r(8,0,0,30,30)
r(12,0,0,31,31)
w(15,1,0,32,32)
r(41,0,0,33,33)
w(434,1,0,34,34)
w(8,1,0,35,35)
w(6,1,0,36,36)
r(44,0,0,37,37)
r(63,0,0,38,38)
r(0,3,0,39,39)
r(96,0,0,40,40)
w(19,1,0,41,41)
r(1,1,0,42,42)
r(5,0,0,43,43)
r(57,0,0,44,44)
r(197,0,0,45,45)
w(149,1,0,46,46)
w(2,1,0,47,47)
r(0,3,0,48,48)
w(300,1,0,49,49)
w(7,2,0,50,50)
w(276,1,0,51,51)
w(189,1,0,52,52)
r(656,0,0,53,53)
r(327,0,0,54,54)
r(36,0,0,55,55)
r(183,0,0,56,56)
w(0,4,0,57,57)
w(0,5,0,58,58)
w(53,1,0,59,59)
r(5,0,0,60,60)
r(72,0,0,61,61)
w(936,1,0,62,62)
w(227,1,0,63,63)
r(618,0,0,64,64)
r(301,0,0,65,65)
w(0,6,0,66,66)
w(561,1,0,67,67)
w(400,1,0,68,68)
r(0,6,0,69,69)
w(7,3,0,70,70)
r(384,0,0,71,71)
r(9,0,0,72,72)
w(301,1,0,73,73)
r(190,0,0,74,74)
r(11,1,0,75,75)
w(8,2,0,76,76)
w(398,1,0,77,77)
r(4,1,0,78,78)
r(3,0,0,79,79)
w(0,7,0,80,80)
w(298,1,0,81,81)
w(164,1,0,82,82)
r(0,7,0,83,83)
w(242,1,0,84,84)
r(5,0,0,85,85)
r(17,0,0,86,86)
w(28,1,0,87,87)
r(0,7,0,88,88)
w(89,1,0,89,89)
w(257,1,0,90,90)
w(480,1,0,91,91)
w(1,2,0,92,92)
w(652,1,0,93,93)
w(120,1,0,94,94)
w(189,2,0,95,95)
r(72,0,0,96,96)
w(66,1,0,97,97)
w(294,1,0,98,98)
r(150,0,0,99,99)
r(0,7,1,0,0)
r(91,0,1,1,1)
r(393,0,1,2,2)
r(76,0,1,3,3)
r(12,0,1,4,4)
w(0,8,1,5,5)
r(370,0,1,6,6)
r(39,0,1,7,7)
w(19,2,1,8,8)
r(1,2,1,9,9)
w(4,2,1,10,10)
r(724,0,1,11,11)
r(0,8,1,12,12)
r(146,0,1,13,13)
w(30,1,1,14,14)
r(1,2,1,15,15)
r(201,0,1,16,16)
w(22,1,1,17,17)
r(0,8,1,18,18)
r(5,0,1,19,19)
w(12,1,1,20,20)
w(47,1,1,21,21)
w(135,1,1,22,22)
r(25,1,1,23,23)
r(735,0,1,24,24)
w(16,1,1,25,25)
r(3,0,1,26,26)
w(1,3,1,27,27)
r(3,0,1,28,28)
r(126,0,1,29,29)
r(3,0,1,30,30)
r(0,8,1,31,31)
r(1,3,1,32,32)
r(143,0,1,33,33)
r(0,8,1,34,34)
r(0,8,1,35,35)
r(137,0,1,36,36)
w(4,3,1,37,37)
r(327,0,1,38,38)
r(230,0,1,39,39)
r(3,0,1,40,40)
r(235,0,1,41,41)
r(17,0,1,42,42)
r(33,0,1,43,43)
r(1,3,1,44,44)
w(1,4,1,45,45)
r(110,0,1,46,46)
r(393,0,1,47,47)
r(7,3,1,48,48)
w(274,1,1,49,49)
w(8,3,1,50,50)
r(8,3,1,51,51)
w(335,1,1,52,52)
r(363,0,1,53,53)
r(0,8,1,54,54)
r(5,0,1,55,55)
w(21,1,1,56,56)
w(635,1,1,57,57)
r(723,0,1,58,58)
r(2,1,1,59,59)
w(84,1,1,60,60)
r(5,0,1,61,61)
r(4,3,1,62,62)
r(21,1,1,63,63)
w(0,9,1,64,64)
r(303,0,1,65,65)
w(0,10,1,66,66)
r(4,3,1,67,67)
r(540,0,1,68,68)
r(10,0,1,69,69)
w(0,11,1,70,70)
r(80,0,1,71,71)
r(14,0,1,72,72)
r(63,0,1,73,73)
w(135,2,1,74,74)
w(57,1,1,75,75)
w(26,1,1,76,76)
w(8,4,1,77,77)
r(29,0,1,78,78)
r(4,3,1,79,79)
r(3,0,1,80,80)
w(31,1,1,81,81)
r(2,1,1,82,82)
w(198,1,1,83,83)
r(396,0,1,84,84)
w(943,1,1,85,85)
w(250,1,1,86,86)
r(1,4,1,87,87)
r(344,0,1,88,88)
r(1,4,1,89,89)
r(318,0,1,90,90)
w(2,2,1,91,91)
w(34,1,1,92,92)
w(158,1,1,93,93)
r(305,0,1,94,94)
r(0,11,1,95,95)
r(1,4,1,96,96)
w(62,1,1,97,97)
w(719,1,1,98,98)
w(0,12,1,99,99)
r(505,0,2,0,0)
r(10,0,2,1,1)
w(0,13,2,2,2)
r(68,0,2,3,3)
r(3,0,2,4,4)
w(16,2,2,5,5)
w(2,3,2,6,6)
r(101,0,2,7,7)
w(0,14,2,8,8)
r(2,3,2,9,9)
r(1,4,2,10,10)
r(29,0,2,11,11)
w(408,1,2,12,12)
w(161,1,2,13,13)
r(40,0,2,14,14)
r(14,0,2,15,15)
w(2,4,2,16,16)
r(1,4,2,17,17)
w(0,15,2,18,18)
r(0,15,2,19,19)
w(0,16,2,20,20)
r(843,0,2,21,21)
r(122,0,2,22,22)
r(563,0,2,23,23)
r(1,4,2,24,24)
w(6,2,2,25,25)
r(10,0,2,26,26)
r(28,1,2,27,27)
r(0,16,2,28,28)
r(1,4,2,29,29)
r(7,3,2,30,30)
r(982,0,2,31,31)
w(56,2,2,32,32)
r(10,0,2,33,33)
r(0,16,2,34,34)
r(17,0,2,35,35)
w(2,5,2,36,36)
r(0,16,2,37,37)
r(244,0,2,38,38)
r(0,16,2,39,39)
r(5,0,2,40,40)
r(6,2,2,41,41)
w(0,17,2,42,42)
r(4,3,2,43,43)
w(13,1,2,44,44)
w(0,18,2,45,45)
w(36,1,2,46,46)
w(98,1,2,47,47)
w(15,2,2,48,48)
w(7,4,2,49,49)
w(0,19,2,50,50)
w(274,2,2,51,51)
r(49,0,2,52,52)
r(0,19,2,53,53)
w(666,1,2,54,54)
w(550,1,2,55,55)
r(161,1,2,56,56)
w(42,1,2,57,57)
r(43,0,2,58,58)
r(645,0,2,59,59)
r(0,19,2,60,60)
w(71,1,2,61,61)
r(201,0,2,62,62)
w(621,1,2,63,63)
r(114,0,2,64,64)
r(5,0,2,65,65)
w(201,1,2,66,66)
w(16,3,2,67,67)
r(87,0,2,68,68)
w(615,1,2,69,69)
r(872,0,2,70,70)
r(261,0,2,71,71)
r(0,19,2,72,72)
r(44,0,2,73,73)
w(174,1,2,74,74)
r(0,19,2,75,75)
w(139,1,2,76,76)
r(1,4,2,77,77)
r(6,2,2,78,78)
r(2,5,2,79,79)
w(774,1,2,80,80)
r(702,0,2,81,81)
w(6,3,2,82,82)
w(147,1,2,83,83)
w(284,1,2,84,84)
w(35,1,2,85,85)
w(1,5,2,86,86)
w(0,20,2,87,87)
r(161,1,2,88,88)
r(5,0,2,89,89)
r(145,0,2,90,90)
r(7,4,2,91,91)
w(212,1,2,92,92)
w(31,2,2,93,93)
w(4,4,2,94,94)
r(0,20,2,95,95)
r(218,0,2,96,96)
r(6,3,2,97,97)
r(751,0,2,98,98)
r(88,0,2,99,99)
r(10,0,3,0,0)
w(159,1,3,1,1)
r(10,0,3,2,2)
w(50,2,3,3,3)
w(41,1,3,4,4)
w(13,2,3,5,5)
r(562,0,3,6,6)
w(3,1,3,7,7)
w(170,1,3,8,8)
w(1,6,3,9,9)
r(26,1,3,10,10)
r(162,0,3,11,11)
w(272,1,3,12,12)
r(1,6,3,13,13)
r(0,20,3,14,14)
w(3,2,3,15,15)
w(8,5,3,16,16)
r(11,1,3,17,17)
r(11,1,3,18,18)
w(2,6,3,19,19)
w(75,1,3,20,20)
r(2,6,3,21,21)
r(5,0,3,22,22)
w(250,2,3,23,23)
w(528,1,3,24,24)
r(19,2,3,25,25)
r(0,20,3,26,26)
w(11,2,3,27,27)
r(0,20,3,28,28)
r(0,20,3,29,29)
w(0,21,3,30,30)
w(504,1,3,31,31)
w(158,2,3,32,32)
r(55,0,3,33,33)
r(170,1,3,34,34)
r(48,0,3,35,35)
w(2,7,3,36,36)
r(6,3,3,37,37)
w(1,7,3,38,38)
w(11,3,3,39,39)
r(39,0,3,40,40)
r(185,0,3,41,41)
r(30,1,3,42,42)
w(3,3,3,43,43)
w(322,1,3,44,44)
w(137,1,3,45,45)
w(196,1,3,46,46)
r(122,0,3,47,47)
w(48,1,3,48,48)
r(97,0,3,49,49)
r(56,2,3,50,50)
w(0,22,3,51,51)
w(0,23,3,52,52)
w(47,2,3,53,53)
w(3,4,3,54,54)
r(41,1,3,55,55)
r(275,0,3,56,56)
w(130,1,3,57,57)
w(6,4,3,58,58)
w(493,1,3,59,59)
r(4,4,3,60,60)
w(1,8,3,61,61)
r(41,1,3,62,62)
r(2,7,3,63,63)
r(46,0,3,64,64)
w(31,3,3,65,65)
w(0,24,3,66,66)
w(0,25,3,67,67)
r(78,0,3,68,68)
r(11,3,3,69,69)
r(51,0,3,70,70)
w(71,2,3,71,71)
w(30,2,3,72,72)
r(7,4,3,73,73)
w(7,5,3,74,74)
r(33,0,3,75,75)
w(29,1,3,76,76)
r(482,0,3,77,77)
r(42,1,3,78,78)
w(1,9,3,79,79)
w(0,26,3,80,80)
w(0,27,3,81,81)
w(2,8,3,82,82)
w(2,9,3,83,83)
r(0,27,3,84,84)
r(0,27,3,85,85)
w(120,2,3,86,86)
w(7,6,3,87,87)
w(20,1,3,88,88)
r(1,9,3,89,89)
r(1,9,3,90,90)
r(0,27,3,91,91)
r(0,27,3,92,92)
r(2,9,3,93,93)
w(361,1,3,94,94)
r(7,6,3,95,95)
r(6,4,3,96,96)
r(109,0,3,97,97)
w(383,1,3,98,98)
r(14,0,3,99,99)
r(0,27,4,0,0)
r(179,0,4,1,1)
r(0,27,4,2,2)
r(0,27,4,3,3)
r(0,27,4,4,4)
r(302,0,4,5,5)
r(1,9,4,6,6)
r(180,0,4,7,7)
w(0,28,4,8,8)
r(13,2,4,9,9)
r(847,0,4,10,10)
w(222,1,4,11,11)
r(47,2,4,12,12)
r(0,28,4,13,13)
w(22,2,4,14,14)
r(45,0,4,15,15)
r(72,0,4,16,16)
r(79,0,4,17,17)
r(942,0,4,18,18)
r(401,0,4,19,19)
r(0,28,4,20,20)
w(0,29,4,21,21)
r(0,29,4,22,22)
w(10,1,4,23,23)
r(369,0,4,24,24)
w(60,1,4,25,25)
r(24,0,4,26,26)
r(5,0,4,27,27)
r(6,4,4,28,28)
r(91,0,4,29,29)
r(8,5,4,30,30)
w(167,1,4,31,31)
r(146,0,4,32,32)
r(0,29,4,33,33)
w(5,1,4,34,34)
w(76,1,4,35,35)
w(7,7,4,36,36)
r(22,2,4,37,37)
w(0,30,4,38,38)
r(208,0,4,39,39)
w(1,10,4,40,40)
w(231,1,4,41,41)
w(7,8,4,42,42)
r(180,0,4,43,43)
r(726,0,4,44,44)
w(499,1,4,45,45)
w(173,1,4,46,46)
r(62,1,4,47,47)
r(353,0,4,48,48)
w(40,1,4,49,49)
r(73,0,4,50,50)
w(270,1,4,51,51)
r(26,1,4,52,52)
r(496,0,4,53,53)
w(6,5,4,54,54)
r(9,0,4,55,55)
r(4,4,4,56,56)
r(772,0,4,57,57)
r(0,30,4,58,58)
r(801,0,4,59,59)
w(141,1,4,60,60)
w(73,1,4,61,61)
r(582,0,4,62,62)
w(0,31,4,63,63)
r(133,0,4,64,64)
r(0,31,4,65,65)
r(155,0,4,66,66)
r(778,0,4,67,67)
r(350,0,4,68,68)
r(8,5,4,69,69)
r(2,9,4,70,70)
r(0,31,4,71,71)
r(0,31,4,72,72)
r(76,1,4,73,73)
w(39,1,4,74,74)
w(744,1,4,75,75)
r(375,0,4,76,76)
r(37,0,4,77,77)
r(7,8,4,78,78)
w(0,32,4,79,79)
r(0,32,4,80,80)
w(1,11,4,81,81)
w(261,1,4,82,82)
r(47,2,4,83,83)
r(2,9,4,84,84)
w(4,5,4,85,85)
r(3,4,4,86,86)
w(1,12,4,87,87)
w(9,1,4,88,88)
r(7,8,4,89,89)
r(52,0,4,90,90)
w(363,1,4,91,91)
w(26,2,4,92,92)
r(59,0,4,93,93)
r(0,32,4,94,94)
r(112,0,4,95,95)
w(72,1,4,96,96)
w(36,2,4,97,97)
r(0,32,4,98,98)
w(30,3,4,99,99)
w(326,1,5,0,0)
w(0,33,5,1,1)
w(8,6,5,2,2)
r(0,33,5,3,3)
r(27,0,5,4,4)
r(167,1,5,5,5)
w(0,34,5,6,6)
w(9,2,5,7,7)
w(111,1,5,8,8)
w(71,3,5,9,9)
w(0,35,5,10,10)
r(0,35,5,11,11)
r(5,1,5,12,12)
w(958,1,5,13,13)
w(128,1,5,14,14)
w(5,2,5,15,15)
r(4,5,5,16,16)
w(0,36,5,17,17)
r(106,0,5,18,18)
r(20,1,5,19,19)
w(0,37,5,20,20)
r(7,8,5,21,21)
w(73,2,5,22,22)
r(2,9,5,23,23)
w(12,2,5,24,24)
w(52,1,5,25,25)
w(3,5,5,26,26)
w(0,38,5,27,27)
r(8,6,5,28,28)
r(62,1,5,29,29)
w(749,1,5,30,30)
r(43,0,5,31,31)
r(79,0,5,32,32)
r(447,0,5,33,33)
r(2,9,5,34,34)
r(100,0,5,35,35)
w(220,1,5,36,36)
w(122,1,5,37,37)
w(589,1,5,38,38)
r(0,38,5,39,39)
w(1,13,5,40,40)
w(15,3,5,41,41)
r(25,1,5,42,42)
r(2,9,5,43,43)
w(2,10,5,44,44)
w(9,3,5,45,45)
r(352,0,5,46,46)
w(9,4,5,47,47)
r(1,13,5,48,48)
r(0,38,5,49,49)
r(7,8,5,50,50)
w(878,1,5,51,51)
r(15,3,5,52,52)
w(3,6,5,53,53)
w(1,14,5,54,54)
r(2,10,5,55,55)
r(0,38,5,56,56)
r(209,0,5,57,57)
r(11,3,5,58,58)
w(2,11,5,59,59)
w(274,3,5,60,60)
r(269,0,5,61,61)
w(3,7,5,62,62)
r(470,0,5,63,63)
r(0,38,5,64,64)
w(316,1,5,65,65)
r(10,1,5,66,66)
r(213,0,5,67,67)
w(23,1,5,68,68)
r(19,2,5,69,69)
w(84,2,5,70,70)
w(2,12,5,71,71)
r(31,3,5,72,72)
w(1,15,5,73,73)
w(1,16,5,74,74)
w(371,1,5,75,75)
w(347,1,5,76,76)
r(0,38,5,77,77)
w(3,8,5,78,78)
w(910,1,5,79,79)
w(16,4,5,80,80)
w(42,2,5,81,81)
r(8,6,5,82,82)
r(42,2,5,83,83)
r(125,0,5,84,84)
r(10,1,5,85,85)
w(7,9,5,86,86)
w(47,3,5,87,87)
r(917,0,5,88,88)
w(345,1,5,89,89)
r(3,8,5,90,90)
w(1,17,5,91,91)
r(0,38,5,92,92)
w(3,9,5,93,93)
w(2,13,5,94,94)
r(22,2,5,95,95)
w(3,10,5,96,96)
w(18,1,5,97,97)
w(72,2,5,98,98)
r(3,10,5,99,99)
w(390,1,6,0,0)
r(1,17,6,1,1)
w(0,39,6,2,2)
r(303,0,6,3,3)
w(0,40,6,4,4)
r(6,5,6,5,5)
w(616,1,6,6,6)
w(8,7,6,7,7)
r(398,1,6,8,8)
w(4,6,6,9,9)
r(137,1,6,10,10)
w(196,2,6,11,11)
r(65,0,6,12,12)
r(561,1,6,13,13)
r(2,13,6,14,14)
w(5,3,6,15,15)
w(0,41,6,16,16)
r(955,0,6,17,17)
r(386,0,6,18,18)
w(3,11,6,19,19)
r(5,3,6,20,20)
r(222,1,6,21,21)
w(37,1,6,22,22)
w(64,1,6,23,23)
r(12,2,6,24,24)
r(1,17,6,25,25)
w(138,1,6,26,26)
w(0,42,6,27,27)
w(3,12,6,28,28)
r(1,17,6,29,29)
w(451,1,6,30,30)
r(1,17,6,31,31)
r(5,3,6,32,32)
r(178,0,6,33,33)
w(5,4,6,34,34)
r(456,0,6,35,35)
w(126,1,6,36,36)
r(1,17,6,37,37)
r(66,1,6,38,38)
r(10,1,6,39,39)
w(8,8,6,40,40)
r(136,0,6,41,41)
r(190,0,6,42,42)
w(0,43,6,43,43)
w(416,1,6,44,44)
w(67,1,6,45,45)
r(11,3,6,46,46)
w(865,1,6,47,47)
w(0,44,6,48,48)
w(3,13,6,49,49)
r(188,0,6,50,50)
r(42,2,6,51,51)
r(26,2,6,52,52)
w(11,4,6,53,53)
r(576,0,6,54,54)
w(358,1,6,55,55)
r(7,9,6,56,56)
w(15,4,6,57,57)
w(1,18,6,58,58)
r(0,44,6,59,59)
r(145,0,6,60,60)
w(0,45,6,61,61)
r(3,13,6,62,62)
r(16,4,6,63,63)
r(602,0,6,64,64)
w(1,19,6,65,65)
w(5,5,6,66,66)
w(403,1,6,67,67)
w(477,1,6,68,68)
r(52,1,6,69,69)
r(16,4,6,70,70)
r(505,0,6,71,71)
w(43,1,6,72,72)
w(266,1,6,73,73)
w(302,1,6,74,74)
w(0,46,6,75,75)
r(1,19,6,76,76)
r(37,1,6,77,77)
r(8,8,6,78,78)
r(398,1,6,79,79)
r(11,4,6,80,80)
r(11,4,6,81,81)
r(277,0,6,82,82)
r(615,1,6,83,83)
r(162,0,6,84,84)
w(0,47,6,85,85)
r(35,1,6,86,86)
w(0,48,6,87,87)
r(1,19,6,88,88)
r(5,5,6,89,89)
w(2,14,6,90,90)
w(90,1,6,91,91)
r(1,19,6,92,92)
r(1,19,6,93,93)
r(926,0,6,94,94)
w(1,20,6,95,95)
r(5,5,6,96,96)
r(0,48,6,97,97)
w(6,6,6,98,98)
w(0,49,6,99,99)
r(685,0,7,0,0)
w(62,2,7,1,1)
r(1,20,7,2,2)
w(5,6,7,3,3)
r(51,0,7,4,4)
r(0,49,7,5,5)
w(5,7,7,6,6)
w(54,1,7,7,7)
w(3,14,7,8,8)
r(1,20,7,9,9)
r(475,0,7,10,10)
w(37,2,7,11,11)
w(5,8,7,12,12)
w(13,3,7,13,13)
r(10,1,7,14,14)
w(1,21,7,15,15)
w(1,22,7,16,16)
r(62,2,7,17,17)
w(143,1,7,18,18)
w(31,4,7,19,19)
r(35,1,7,20,20)
w(9,5,7,21,21)
r(38,0,7,22,22)
w(973,1,7,23,23)
r(3,14,7,24,24)
w(2,15,7,25,25)
w(95,1,7,26,26)
w(326,2,7,27,27)
r(0,49,7,28,28)
w(406,1,7,29,29)
w(32,1,7,30,30)
r(14,0,7,31,31)
w(200,1,7,32,32)
r(237,0,7,33,33)
r(27,0,7,34,34)
r(0,49,7,35,35)
r(1,22,7,36,36)
r(18,1,7,37,37)
w(60,2,7,38,38)
w(6,7,7,39,39)
w(202,1,7,40,40)
w(766,1,7,41,41)
r(0,49,7,42,42)
r(69,0,7,43,43)
w(0,50,7,44,44)
w(211,1,7,45,45)
r(565,0,7,46,46)
w(23,2,7,47,47)
w(0,51,7,48,48)
r(2,15,7,49,49)
r(555,0,7,50,50)
r(1,22,7,51,51)
r(920,0,7,52,52)
w(3,15,7,53,53)
r(250,2,7,54,54)
w(951,1,7,55,55)
r(3,15,7,56,56)
r(0,51,7,57,57)
w(0,52,7,58,58)
r(924,0,7,59,59)
w(177,1,7,60,60)
w(272,2,7,61,61)
r(321,0,7,62,62)
r(2,15,7,63,63)
w(675,1,7,64,64)
w(32,2,7,65,65)
w(6,8,7,66,66)
r(385,0,7,67,67)
w(715,1,7,68,68)
r(119,1,7,69,69)
w(0,53,7,70,70)
r(12,2,7,71,71)
w(730,1,7,72,72)
w(40,2,7,73,73)
r(7,9,7,74,74)
r(38,0,7,75,75)
r(22,2,7,76,76)
r(97,0,7,77,77)
r(1,22,7,78,78)
r(318,0,7,79,79)
w(10,2,7,80,80)
w(33,1,7,81,81)
r(0,53,7,82,82)
w(27,1,7,83,83)
r(36,2,7,84,84)
w(1,23,7,85,85)
w(339,1,7,86,86)
w(2,16,7,87,87)
w(89,2,7,88,88)
r(171,0,7,89,89)
r(9,5,7,90,90)
w(2,17,7,91,91)
w(2,18,7,92,92)
r(1,23,7,93,93)
w(14,1,7,94,94)
w(9,6,7,95,95)
w(85,1,7,96,96)
w(5,9,7,97,97)
r(408,1,7,98,98)
w(18,2,7,99,99)
r(467,0,8,0,0)
w(900,1,8,1,1)
w(33,2,8,2,2)
w(1,24,8,3,3)
r(6,8,8,4,4)
r(144,0,8,5,5)
w(1,25,8,6,6)
w(37,3,8,7,7)
r(697,0,8,8,8)
r(462,0,8,9,9)
r(0,53,8,10,10)
r(28,1,8,11,11)
r(12,2,8,12,12)
r(14,1,8,13,13)
r(131,0,8,14,14)
w(3,16,8,15,15)
w(70,1,8,16,16)
w(930,1,8,17,17)
w(1,26,8,18,18)
r(5,9,8,19,19)
w(45,1,8,20,20)
w(16,5,8,21,21)
r(6,8,8,22,22)
r(0,53,8,23,23)
w(12,3,8,24,24)
r(96,0,8,25,25)
w(23,3,8,26,26)
w(1,27,8,27,27)
r(775,0,8,28,28)
r(4,6,8,29,29)
r(30,3,8,30,30)
w(94,1,8,31,31)
w(2,19,8,32,32)
r(0,53,8,33,33)
r(43,1,8,34,34)
r(0,53,8,35,35)
r(2,19,8,36,36)
w(4,7,8,37,37)
w(58,2,8,38,38)
w(1,28,8,39,39)
w(11,5,8,40,40)
r(0,53,8,41,41)
r(17,0,8,42,42)
w(14,2,8,43,43)
w(5,10,8,44,44)
r(4,7,8,45,45)
r(156,0,8,46,46)
r(89,2,8,47,47)
r(246,0,8,48,48)
w(129,1,8,49,49)
w(82,1,8,50,50)
r(73,2,8,51,51)
r(35,1,8,52,52)
r(14,2,8,53,53)
w(6,9,8,54,54)
w(41,2,8,55,55)
w(0,54,8,56,56)
w(5,11,8,57,57)
r(88,0,8,58,58)
w(91,1,8,59,59)
r(13,3,8,60,60)
w(987,1,8,61,61)
r(2,19,8,62,62)
r(557,0,8,63,63)
r(0,54,8,64,64)
r(44,0,8,65,65)
w(0,55,8,66,66)
r(21,1,8,67,67)
w(256,1,8,68,68)
r(7,9,8,69,69)
r(889,0,8,70,70)
r(133,0,8,71,71)
r(37,3,8,72,72)
r(631,0,8,73,73)
w(203,1,8,74,74)
r(116,0,8,75,75)
r(651,0,8,76,76)
w(140,1,8,77,77)
w(2,20,8,78,78)
r(3,16,8,79,79)
w(353,1,8,80,80)
w(40,3,8,81,81)
w(2,21,8,82,82)
r(22,2,8,83,83)
w(3,17,8,84,84)
r(0,55,8,85,85)
r(2,21,8,86,86)
w(20,2,8,87,87)
w(977,1,8,88,88)
w(19,3,8,89,89)
w(6,10,8,90,90)
r(1,28,8,91,91)
w(48,2,8,92,92)
r(25,1,8,93,93)
r(6,10,8,94,94)
w(58,3,8,95,95)
w(50,3,8,96,96)
w(0,56,8,97,97)
r(47,3,8,98,98)
w(3,18,8,99,99)
r(56,2,9,0,0)
r(16,5,9,1,1)
r(1,28,9,2,2)
w(429,1,9,3,3)
r(61,0,9,4,4)
r(7,9,9,5,5)
r(5,11,9,6,6)
r(24,0,9,7,7)
w(13,4,9,8,8)
w(0,57,9,9,9)
w(989,1,9,10,10)
w(18,3,9,11,11)
r(2,21,9,12,12)
r(4,7,9,13,13)
w(6,11,9,14,14)
w(1,29,9,15,15)
r(158,2,9,16,16)
w(856,1,9,17,17)
r(1,29,9,18,18)
r(61,0,9,19,19)
w(112,1,9,20,20)
w(26,3,9,21,21)
r(106,0,9,22,22)
r(954,0,9,23,23)
r(598,0,9,24,24)
r(119,1,9,25,25)
w(6,12,9,26,26)
w(413,1,9,27,27)
w(19,4,9,28,28)
r(13,4,9,29,29)
w(0,58,9,30,30)
w(21,2,9,31,31)
w(16,6,9,32,32)
r(60,2,9,33,33)
w(0,59,9,34,34)
r(0,59,9,35,35)
r(171,0,9,36,36)
r(0,59,9,37,37)
r(196,2,9,38,38)
r(1,29,9,39,39)
w(13,5,9,40,40)
w(0,60,9,41,41)
r(259,0,9,42,42)
w(0,61,9,43,43)
w(12,4,9,44,44)
r(0,61,9,45,45)
r(1,29,9,46,46)
w(8,9,9,47,47)
r(976,0,9,48,48)
r(365,0,9,49,49)
r(41,2,9,50,50)
w(103,1,9,51,51)
r(338,0,9,52,52)
r(70,1,9,53,53)
r(128,1,9,54,54)
r(319,0,9,55,55)
w(10,3,9,56,56)
r(0,61,9,57,57)
r(1,29,9,58,58)
w(23,4,9,59,59)
r(253,0,9,60,60)
r(0,61,9,61,61)
r(241,0,9,62,62)
w(14,3,9,63,63)
r(7,9,9,64,64)
r(583,0,9,65,65)
w(218,1,9,66,66)
w(132,1,9,67,67)
r(1,29,9,68,68)
w(66,2,9,69,69)
w(19,5,9,70,70)
r(0,61,9,71,71)
w(1,30,9,72,72)
w(4,8,9,73,73)
r(2,21,9,74,74)
w(429,2,9,75,75)
w(77,1,9,76,76)
w(323,1,9,77,77)
w(1,31,9,78,78)
w(1,32,9,79,79)
w(224,1,9,80,80)
w(106,1,9,81,81)
r(8,9,9,82,82)
w(1,33,9,83,83)
r(41,2,9,84,84)
r(0,61,9,85,85)
w(2,22,9,86,86)
r(144,0,9,87,87)
w(3,19,9,88,88)
r(1,33,9,89,89)
w(0,62,9,90,90)
w(17,1,9,91,91)
r(16,6,9,92,92)
r(7,9,9,93,93)
w(13,6,9,94,94)
r(16,6,9,95,95)
w(0,63,9,96,96)
r(765,0,9,97,97)
w(0,64,9,98,98)
w(73,3,9,99,99)
w(48,3,10,0,0)
r(3,19,10,1,1)
r(17,1,10,2,2)
w(220,2,10,3,3)
w(5,12,10,4,4)
r(98,1,10,5,5)
r(2,22,10,6,6)
r(20,2,10,7,7)
r(7,9,10,8,8)
w(727,1,10,9,9)
r(80,0,10,10,10)
r(8,9,10,11,11)
w(387,1,10,12,12)
r(951,1,10,13,13)
w(389,1,10,14,14)
w(230,1,10,15,15)
w(0,65,10,16,16)
r(83,0,10,17,17)
r(20,2,10,18,18)
w(66,3,10,19,19)
r(1,33,10,20,20)
r(20,2,10,21,21)
r(295,0,10,22,22)
r(2,22,10,23,23)
w(3,20,10,24,24)
w(0,66,10,25,25)
w(600,1,10,26,26)
r(6,12,10,27,27)
w(824,1,10,28,28)
r(1,33,10,29,29)
w(29,2,10,30,30)
r(509,0,10,31,31)
w(147,2,10,32,32)
r(281,0,10,33,33)
r(312,0,10,34,34)
r(0,66,10,35,35)
r(125,0,10,36,36)
w(14,4,10,37,37)
w(126,2,10,38,38)
w(21,3,10,39,39)
r(445,0,10,40,40)
r(10,3,10,41,41)
w(49,1,10,42,42)
w(120,3,10,43,43)
w(69,1,10,44,44)
w(10,4,10,45,45)
r(0,66,10,46,46)
w(252,1,10,47,47)
r(0,66,10,48,48)
r(976,0,10,49,49)
w(7,10,10,50,50)
w(33,3,10,51,51)
r(4,8,10,52,52)
w(27,2,10,53,53)
w(283,1,10,54,54)
w(427,1,10,55,55)
r(196,2,10,56,56)
r(1,33,10,57,57)
r(243,0,10,58,58)
r(0,66,10,59,59)
w(10,5,10,60,60)
w(3,21,10,61,61)
r(45,1,10,62,62)
w(568,1,10,63,63)
r(25,1,10,64,64)
r(0,66,10,65,65)
r(8,9,10,66,66)
r(2,22,10,67,67)
w(23,5,10,68,68)
w(2,23,10,69,69)
r(626,0,10,70,70)
w(100,1,10,71,71)
r(401,0,10,72,72)
w(0,67,10,73,73)
w(1,34,10,74,74)
r(732,0,10,75,75)
w(275,1,10,76,76)
w(0,68,10,77,77)
w(4,9,10,78,78)
r(0,68,10,79,79)
r(86,0,10,80,80)
w(1,35,10,81,81)
r(84,2,10,82,82)
w(1,36,10,83,83)
r(2,23,10,84,84)
w(212,2,10,85,85)
r(267,0,10,86,86)
r(0,68,10,87,87)
w(137,2,10,88,88)
r(0,68,10,89,89)
r(199,0,10,90,90)
r(3,21,10,91,91)
r(5,12,10,92,92)
r(26,3,10,93,93)
w(14,5,10,94,94)
w(34,2,10,95,95)
r(716,0,10,96,96)
w(83,1,10,97,97)
r(41,2,10,98,98)
w(160,1,10,99,99)
r(2,23,11,0,0)
w(1,37,11,1,1)
r(1,37,11,2,2)
w(9,7,11,3,3)
r(292,0,11,4,4)
w(66,4,11,5,5)
r(84,2,11,6,6)
w(52,2,11,7,7)
w(246,1,11,8,8)
w(4,10,11,9,9)
r(54,1,11,10,10)
w(243,1,11,11,11)
r(476,0,11,12,12)
w(63,1,11,13,13)
w(851,1,11,14,14)
w(74,1,11,15,15)
r(0,68,11,16,16)
w(3,22,11,17,17)
r(459,0,11,18,18)
r(0,68,11,19,19)
w(95,2,11,20,20)
w(52,3,11,21,21)
r(142,0,11,22,22)
w(325,1,11,23,23)
w(43,2,11,24,24)
r(22,2,11,25,25)
r(167,1,11,26,26)
w(716,1,11,27,27)
w(19,6,11,28,28)
w(10,6,11,29,29)
r(0,68,11,30,30)
r(77,1,11,31,31)
r(80,0,11,32,32)
w(967,1,11,33,33)
w(104,1,11,34,34)
w(175,1,11,35,35)
w(295,1,11,36,36)
r(0,68,11,37,37)
r(0,68,11,38,38)
w(131,1,11,39,39)
r(156,0,11,40,40)
w(0,69,11,41,41)
r(14,5,11,42,42)
w(18,4,11,43,43)
r(36,2,11,44,44)
w(84,3,11,45,45)
r(19,6,11,46,46)
w(0,70,11,47,47)
r(48,3,11,48,48)
r(124,0,11,49,49)
r(192,0,11,50,50)
w(9,8,11,51,51)
w(218,2,11,52,52)
r(373,0,11,53,53)
r(1,37,11,54,54)
w(10,7,11,55,55)
r(0,70,11,56,56)
w(0,71,11,57,57)
w(0,72,11,58,58)
r(2,23,11,59,59)
w(0,73,11,60,60)
w(46,1,11,61,61)
w(0,74,11,62,62)
r(1,37,11,63,63)
r(23,5,11,64,64)
r(42,2,11,65,65)
r(63,1,11,66,66)
r(0,74,11,67,67)
r(211,1,11,68,68)
r(0,74,11,69,69)
w(1,38,11,70,70)
r(29,2,11,71,71)
w(319,1,11,72,72)
r(364,0,11,73,73)
r(4,10,11,74,74)
w(172,1,11,75,75)
r(0,74,11,76,76)
r(132,1,11,77,77)
w(2,24,11,78,78)
r(890,0,11,79,79)
w(1,39,11,80,80)
r(458,0,11,81,81)
w(14,6,11,82,82)
r(0,74,11,83,83)
w(1,40,11,84,84)
r(356,0,11,85,85)
w(0,75,11,86,86)
r(10,7,11,87,87)
r(8,9,11,88,88)
w(14,7,11,89,89)
w(6,13,11,90,90)
w(956,1,11,91,91)
w(1,41,11,92,92)
r(42,2,11,93,93)
r(73,3,11,94,94)
w(2,25,11,95,95)
w(671,1,11,96,96)
r(112,1,11,97,97)
w(659,1,11,98,98)
w(0,76,11,99,99)
w(0,77,12,0,0)
w(263,1,12,1,1)
r(1,41,12,2,2)
w(54,2,12,3,3)
r(22,2,12,4,4)
w(13,7,12,5,5)
w(363,2,12,6,6)
w(19,7,12,7,7)
r(86,0,12,8,8)
r(52,3,12,9,9)
r(0,77,12,10,10)
w(0,78,12,11,11)
r(18,4,12,12,12)
r(2,25,12,13,13)
w(57,2,12,14,14)
r(5,12,12,15,15)
r(25,1,12,16,16)
r(1,41,12,17,17)
r(15,4,12,18,18)
r(330,0,12,19,19)
r(513,0,12,20,20)
r(135,2,12,21,21)
r(301,1,12,22,22)
w(440,1,12,23,23)
w(4,11,12,24,24)
w(5,13,12,25,25)
r(3,22,12,26,26)
r(38,0,12,27,27)
w(32,3,12,28,28)
w(416,2,12,29,29)
r(0,78,12,30,30)
r(216,0,12,31,31)
w(1,42,12,32,32)
r(11,5,12,33,33)
r(100,1,12,34,34)
w(54,3,12,35,35)
w(1,43,12,36,36)
r(15,4,12,37,37)
r(0,78,12,38,38)
r(0,78,12,39,39)
w(33,4,12,40,40)
r(242,1,12,41,41)
r(151,0,12,42,42)
r(159,1,12,43,43)
w(181,1,12,44,44)
w(178,1,12,45,45)
w(0,79,12,46,46)
r(4,11,12,47,47)
r(267,0,12,48,48)
w(7,11,12,49,49)
w(11,6,12,50,50)
w(2,26,12,51,51)
w(288,1,12,52,52)
r(3,22,12,53,53)
w(0,80,12,54,54)
r(288,1,12,55,55)
w(1,44,12,56,56)
w(283,2,12,57,57)
r(442,0,12,58,58)
w(26,4,12,59,59)
w(255,1,12,60,60)
w(1,45,12,61,61)
w(45,2,12,62,62)
r(0,80,12,63,63)
r(8,9,12,64,64)
w(48,4,12,65,65)
w(30,4,12,66,66)
w(52,4,12,67,67)
r(75,1,12,68,68)
w(127,1,12,69,69)
w(0,81,12,70,70)
w(75,2,12,71,71)
w(22,3,12,72,72)
w(2,27,12,73,73)
w(4,12,12,74,74)
w(66,5,12,75,75)
r(17,1,12,76,76)
r(31,4,12,77,77)
r(200,1,12,78,78)
w(283,3,12,79,79)
r(704,0,12,80,80)
w(77,2,12,81,81)
w(262,1,12,82,82)
r(757,0,12,83,83)
w(682,1,12,84,84)
r(211,1,12,85,85)
r(538,0,12,86,86)
r(59,0,12,87,87)
r(0,81,12,88,88)
r(461,0,12,89,89)
r(106,1,12,90,90)
r(17,1,12,91,91)
r(544,0,12,92,92)
r(15,4,12,93,93)
w(10,8,12,94,94)
r(5,13,12,95,95)
r(197,0,12,96,96)
w(9,9,12,97,97)
w(0,82,12,98,98)
w(99,1,12,99,99)
r(13,7,13,0,0)
w(10,9,13,1,1)
r(9,9,13,2,2)
w(26,5,13,3,3)
r(452,0,13,4,4)
r(19,7,13,5,5)
w(49,2,13,6,6)
w(0,83,13,7,7)
w(33,5,13,8,8)
r(1,45,13,9,9)
w(1,46,13,10,10)
w(153,1,13,11,11)
r(299,0,13,12,12)
r(4,12,13,13,13)
w(11,7,13,14,14)
w(37,4,13,15,15)
r(5,13,13,16,16)
w(1,47,13,17,17)
r(70,1,13,18,18)
r(0,83,13,19,19)
w(18,5,13,20,20)
r(10,9,13,21,21)
r(33,5,13,22,22)
r(300,1,13,23,23)
r(723,0,13,24,24)
r(628,0,13,25,25)
r(28,1,13,26,26)
w(100,2,13,27,27)
r(0,83,13,28,28)
r(4,12,13,29,29)
r(4,12,13,30,30)
r(5,13,13,31,31)
r(22,3,13,32,32)
r(339,1,13,33,33)
w(62,3,13,34,34)
r(369,0,13,35,35)
w(734,1,13,36,36)
r(0,83,13,37,37)
w(378,1,13,38,38)
w(8,10,13,39,39)
r(694,0,13,40,40)
r(4,12,13,41,41)
r(246,1,13,42,42)
w(104,2,13,43,43)
w(7,12,13,44,44)
r(77,2,13,45,45)
r(227,1,13,46,46)
w(371,2,13,47,47)
r(114,0,13,48,48)
r(0,83,13,49,49)
r(52,4,13,50,50)
r(1,47,13,51,51)
r(31,4,13,52,52)
w(0,84,13,53,53)
r(12,4,13,54,54)
r(396,0,13,55,55)
w(136,1,13,56,56)
r(388,0,13,57,57)
r(343,0,13,58,58)
w(700,1,13,59,59)
w(0,85,13,60,60)
r(3,22,13,61,61)
w(2,28,13,62,62)
w(2,29,13,63,63)
w(403,2,13,64,64)
w(166,1,13,65,65)
w(72,3,13,66,66)
w(0,86,13,67,67)
r(0,86,13,68,68)
w(738,1,13,69,69)
r(288,1,13,70,70)
r(1,47,13,71,71)
r(2,29,13,72,72)
w(4,13,13,73,73)
r(1,47,13,74,74)
w(26,6,13,75,75)
r(752,0,13,76,76)
w(0,87,13,77,77)
w(2,30,13,78,78)
r(8,10,13,79,79)
r(6,13,13,80,80)
r(286,0,13,81,81)
w(651,1,13,82,82)
w(676,1,13,83,83)
r(180,0,13,84,84)
r(360,0,13,85,85)
w(744,2,13,86,86)
r(606,0,13,87,87)
w(137,3,13,88,88)
w(80,1,13,89,89)
r(5,13,13,90,90)
r(306,0,13,91,91)
w(1,48,13,92,92)
w(10,10,13,93,93)
r(840,0,13,94,94)
w(8,11,13,95,95)
r(87,0,13,96,96)
r(2,30,13,97,97)
w(479,1,13,98,98)
w(674,1,13,99,99)
r(0,87,14,0,0)
r(45,2,14,1,1)
w(114,1,14,2,2)
w(5,14,14,3,3)
w(14,8,14,4,4)
r(776,0,14,5,5)
r(586,0,14,6,6)
w(384,1,14,7,7)
w(417,1,14,8,8)
r(287,0,14,9,9)
w(97,1,14,10,10)
w(230,2,14,11,11)
w(826,1,14,12,12)
r(0,87,14,13,13)
w(41,3,14,14,14)
r(0,87,14,15,15)
r(246,1,14,16,16)
r(663,0,14,17,17)
w(44,1,14,18,18)
r(918,0,14,19,19)
r(184,0,14,20,20)
w(7,13,14,21,21)
r(0,87,14,22,22)
r(2,30,14,23,23)
w(5,15,14,24,24)
r(202,1,14,25,25)
w(0,88,14,26,26)
r(109,0,14,27,27)
w(72,4,14,28,28)
w(127,2,14,29,29)
w(2,31,14,30,30)
w(116,1,14,31,31)
w(82,2,14,32,32)
r(2,31,14,33,33)
w(56,3,14,34,34)
w(7,14,14,35,35)
w(4,14,14,36,36)
w(7,15,14,37,37)
r(2,31,14,38,38)
w(1,49,14,39,39)
r(525,0,14,40,40)
w(1,50,14,41,41)
r(1,50,14,42,42)
r(45,2,14,43,43)
r(27,2,14,44,44)
w(83,2,14,45,45)
r(0,88,14,46,46)
r(2,31,14,47,47)
r(544,0,14,48,48)
r(489,0,14,49,49)
r(298,1,14,50,50)
w(44,2,14,51,51)
w(321,1,14,52,52)
r(72,4,14,53,53)
r(1,50,14,54,54)
w(9,10,14,55,55)
r(286,0,14,56,56)
r(417,1,14,57,57)
w(0,89,14,58,58)
w(0,90,14,59,59)
w(112,2,14,60,60)
w(9,11,14,61,61)
r(3,22,14,62,62)
r(13,7,14,63,63)
w(14,9,14,64,64)
r(456,0,14,65,65)
w(28,2,14,66,66)
w(148,1,14,67,67)
r(17,1,14,68,68)
w(1,51,14,69,69)
w(0,91,14,70,70)
r(962,0,14,71,71)
w(14,10,14,72,72)
w(54,4,14,73,73)
w(0,92,14,74,74)
w(55,1,14,75,75)
w(448,1,14,76,76)
w(9,12,14,77,77)
r(3,22,14,78,78)
w(512,1,14,79,79)
r(3,22,14,80,80)
w(0,93,14,81,81)
w(34,3,14,82,82)
r(84,3,14,83,83)
w(6,14,14,84,84)
w(147,3,14,85,85)
w(22,4,14,86,86)
r(124,0,14,87,87)
r(29,2,14,88,88)
w(255,2,14,89,89)
w(1,52,14,90,90)
w(84,4,14,91,91)
r(0,93,14,92,92)
w(0,94,14,93,93)
w(5,16,14,94,94)
r(5,16,14,95,95)
r(388,0,14,96,96)
w(724,1,14,97,97)
w(4,15,14,98,98)
w(282,1,14,99,99)
r(105,1,15,0,0)
w(143,2,15,1,1)
w(96,1,15,2,2)
w(74,2,15,3,3)
w(7,16,15,4,4)
w(49,3,15,5,5)
r(405,0,15,6,6)
w(0,95,15,7,7)
w(42,3,15,8,8)
r(13,7,15,9,9)
r(158,2,15,10,10)
r(0,95,15,11,11)
r(452,0,15,12,12)
w(2,32,15,13,13)
w(371,3,15,14,14)
r(0,95,15,15,15)
r(2,32,15,16,16)
w(457,1,15,17,17)
w(132,2,15,18,18)
r(441,0,15,19,19)
w(6,15,15,20,20)
w(273,1,15,21,21)
w(123,1,15,22,22)
r(39,1,15,23,23)
w(646,1,15,24,24)
w(13,8,15,25,25)
r(319,1,15,26,26)
r(124,0,15,27,27)
r(4,15,15,28,28)
r(141,1,15,29,29)
w(0,96,15,30,30)
w(19,8,15,31,31)
w(26,7,15,32,32)
r(424,0,15,33,33)
r(0,96,15,34,34)
w(0,97,15,35,35)
w(719,2,15,36,36)
r(54,4,15,37,37)
w(4,16,15,38,38)
r(14,10,15,39,39)
r(27,2,15,40,40)
w(62,4,15,41,41)
r(15,4,15,42,42)
r(103,1,15,43,43)
r(2,32,15,44,44)
r(4,16,15,45,45)
r(1,52,15,46,46)
r(26,7,15,47,47)
r(28,2,15,48,48)
r(3,22,15,49,49)
r(951,1,15,50,50)
r(6,15,15,51,51)
w(44,3,15,52,52)
r(27,2,15,53,53)
w(12,5,15,54,54)
w(315,1,15,55,55)
w(22,5,15,56,56)
r(14,10,15,57,57)
w(32,4,15,58,58)
w(2,33,15,59,59)
r(7,16,15,60,60)
w(8,12,15,61,61)
r(49,3,15,62,62)
r(21,3,15,63,63)
r(870,0,15,64,64)
r(1,52,15,65,65)
w(15,5,15,66,66)
r(989,1,15,67,67)
w(4,17,15,68,68)
r(136,1,15,69,69)
r(4,17,15,70,70)
r(539,0,15,71,71)
w(10,11,15,72,72)
r(386,0,15,73,73)
r(468,0,15,74,74)
r(942,0,15,75,75)
r(26,7,15,76,76)
w(305,1,15,77,77)
r(10,11,15,78,78)
r(580,0,15,79,79)
r(76,1,15,80,80)
r(48,4,15,81,81)
w(54,5,15,82,82)
r(0,97,15,83,83)
r(0,97,15,84,84)
w(497,1,15,85,85)
r(5,16,15,86,86)
r(69,1,15,87,87)
w(403,3,15,88,88)
r(342,0,15,89,89)
r(143,2,15,90,90)
w(24,1,15,91,91)
w(0,98,15,92,92)
r(15,5,15,93,93)
r(958,1,15,94,94)
w(0,99,15,95,95)
w(0,100,15,96,96)
w(139,2,15,97,97)
r(34,3,15,98,98)
w(65,1,15,99,99)
w(11,8,16,0,0)
r(80,1,16,1,1)
w(187,1,16,2,2)
w(28,3,16,3,3)
r(12,5,16,4,4)
r(362,0,16,5,5)
w(37,5,16,6,6)
w(9,13,16,7,7)
r(1,52,16,8,8)
r(5,16,16,9,9)
r(214,0,16,10,10)
r(2,33,16,11,11)
r(56,3,16,12,12)
r(0,100,16,13,13)
r(35,1,16,14,14)
w(112,3,16,15,15)
r(3,22,16,16,16)
w(3,23,16,17,17)
r(77,2,16,18,18)
r(75,2,16,19,19)
r(0,100,16,20,20)
r(117,0,16,21,21)
r(4,17,16,22,22)
w(895,1,16,23,23)
w(3,24,16,24,24)
w(2,34,16,25,25)
r(1,52,16,26,26)
r(1,52,16,27,27)
r(186,0,16,28,28)
w(3,25,16,29,29)
r(6,15,16,30,30)
w(0,101,16,31,31)
w(66,6,16,32,32)
w(0,102,16,33,33)
r(572,0,16,34,34)
r(8,12,16,35,35)
r(4,17,16,36,36)
r(603,0,16,37,37)
r(0,102,16,38,38)
r(832,0,16,39,39)
w(62,5,16,40,40)
r(3,25,16,41,41)
r(271,0,16,42,42)
w(18,6,16,43,43)
r(7,16,16,44,44)
r(535,0,16,45,45)
r(0,102,16,46,46)
r(201,1,16,47,47)
r(6,15,16,48,48)
r(2,34,16,49,49)
r(33,5,16,50,50)
r(6,15,16,51,51)
r(13,8,16,52,52)
w(24,2,16,53,53)
r(258,0,16,54,54)
w(3,26,16,55,55)
w(21,4,16,56,56)
r(559,0,16,57,57)
r(3,26,16,58,58)
w(428,1,16,59,59)
w(837,1,16,60,60)
w(1,53,16,61,61)
w(85,2,16,62,62)
w(1,54,16,63,63)
w(36,3,16,64,64)
r(2,34,16,65,65)
w(226,1,16,66,66)
w(3,27,16,67,67)
w(9,14,16,68,68)
w(305,2,16,69,69)
r(934,0,16,70,70)
w(484,1,16,71,71)
r(10,11,16,72,72)
r(19,8,16,73,73)
w(44,4,16,74,74)
r(350,0,16,75,75)
r(3,27,16,76,76)
r(38,0,16,77,77)
w(31,5,16,78,78)
r(5,16,16,79,79)
w(446,1,16,80,80)
w(50,4,16,81,81)
r(111,1,16,82,82)
r(174,1,16,83,83)
r(824,1,16,84,84)
w(245,1,16,85,85)
w(803,1,16,86,86)
r(26,7,16,87,87)
w(5,17,16,88,88)
r(3,27,16,89,89)
w(0,103,16,90,90)
r(173,1,16,91,91)
r(94,1,16,92,92)
w(1,55,16,93,93)
w(1,56,16,94,94)
r(50,4,16,95,95)
w(62,6,16,96,96)
r(58,3,16,97,97)
r(180,0,16,98,98)
w(1,57,16,99,99)
w(76,2,17,0,0)
w(18,7,17,1,1)
r(12,5,17,2,2)
w(4,18,17,3,3)
r(25,1,17,4,4)
w(8,13,17,5,5)
w(1,58,17,6,6)
w(144,1,17,7,7)
r(474,0,17,8,8)
w(206,1,17,9,9)
w(2,35,17,10,10)
w(145,1,17,11,11)
r(997,0,17,12,12)
w(116,2,17,13,13)
w(0,104,17,14,14)
w(0,105,17,15,15)
w(1,59,17,16,16)
r(95,2,17,17,17)
r(4,18,17,18,18)
w(0,106,17,19,19)
w(215,1,17,20,20)
w(0,107,17,21,21)
r(66,6,17,22,22)
w(323,2,17,23,23)
w(93,1,17,24,24)
r(13,8,17,25,25)
r(641,0,17,26,26)
r(359,0,17,27,27)
r(3,27,17,28,28)
w(461,1,17,29,29)
r(5,17,17,30,30)
r(4,18,17,31,31)
r(0,107,17,32,32)
w(4,19,17,33,33)
w(8,14,17,34,34)
r(35,1,17,35,35)
w(143,3,17,36,36)
r(141,1,17,37,37)
r(131,1,17,38,38)
r(61,0,17,39,39)
w(78,1,17,40,40)
w(26,8,17,41,41)
r(3,27,17,42,42)
w(0,108,17,43,43)
w(29,3,17,44,44)
r(1,59,17,45,45)
w(26,9,17,46,46)
w(29,4,17,47,47)
w(465,1,17,48,48)
r(24,2,17,49,49)
r(1,59,17,50,50)
w(21,5,17,51,51)
w(27,3,17,52,52)
r(206,1,17,53,53)
w(0,109,17,54,54)
w(1,60,17,55,55)
w(22,6,17,56,56)
r(8,14,17,57,57)
r(0,109,17,58,58)
w(295,2,17,59,59)
w(5,18,17,60,60)
w(801,1,17,61,61)
r(0,109,17,62,62)
w(2,36,17,63,63)
r(33,5,17,64,64)
r(1,60,17,65,65)
w(323,3,17,66,66)
r(3,27,17,67,67)
w(1,61,17,68,68)
r(1,61,17,69,69)
w(42,4,17,70,70)
w(1,62,17,71,71)
r(0,109,17,72,72)
r(97,1,17,73,73)
r(19,8,17,74,74)
w(6,16,17,75,75)
w(12,6,17,76,76)
w(245,2,17,77,77)
w(771,1,17,78,78)
w(1,63,17,79,79)
w(0,110,17,80,80)
w(320,1,17,81,81)
w(4,20,17,82,82)
w(6,17,17,83,83)
w(291,1,17,84,84)
w(0,111,17,85,85)
w(3,28,17,86,86)
w(5,19,17,87,87)
w(12,7,17,88,88)
w(2,37,17,89,89)
w(2,38,17,90,90)
w(0,112,17,91,91)
r(0,112,17,92,92)
r(2,38,17,93,93)
w(72,5,17,94,94)
r(254,0,17,95,95)
r(3,28,17,96,96)
w(116,3,17,97,97)
r(3,28,17,98,98)
w(0,113,17,99,99)
r(3,28,18,0,0)
r(63,1,18,1,1)
w(39,2,18,2,2)
r(7,16,18,3,3)
w(27,4,18,4,4)
r(40,3,18,5,5)
w(18,8,18,6,6)
w(169,1,18,7,7)
w(6,18,18,8,8)
w(34,4,18,9,9)
r(22,6,18,10,10)
w(4,21,18,11,11)
w(1,64,18,12,12)
w(0,114,18,13,13)
w(558,1,18,14,14)
r(28,3,18,15,15)
w(130,2,18,16,16)
w(438,1,18,17,17)
r(98,1,18,18,18)
r(87,0,18,19,19)
w(1,65,18,20,20)
r(5,19,18,21,21)
w(686,1,18,22,22)
w(42,5,18,23,23)
r(71,3,18,24,24)
r(9,14,18,25,25)
w(17,2,18,26,26)
r(6,18,18,27,27)
r(6,18,18,28,28)
w(39,3,18,29,29)
w(19,9,18,30,30)
w(173,2,18,31,31)
r(1,65,18,32,32)
r(8,14,18,33,33)
r(111,1,18,34,34)
w(0,115,18,35,35)
w(147,4,18,36,36)
r(27,4,18,37,37)
r(4,21,18,38,38)
w(30,5,18,39,39)
w(56,4,18,40,40)
r(36,3,18,41,41)
w(6,19,18,42,42)
w(2,39,18,43,43)
r(149,1,18,44,44)
r(38,0,18,45,45)
r(130,2,18,46,46)
r(219,0,18,47,47)
r(184,0,18,48,48)
w(0,116,18,49,49)
w(856,2,18,50,50)
r(135,2,18,51,51)
w(101,1,18,52,52)
w(872,1,18,53,53)
w(12,8,18,54,54)
w(96,2,18,55,55)
r(12,8,18,56,56)
w(19,10,18,57,57)
w(309,1,18,58,58)
r(3,28,18,59,59)
w(21,6,18,60,60)
w(126,3,18,61,61)
w(1,66,18,62,62)
w(6,20,18,63,63)
r(115,0,18,64,64)
w(768,1,18,65,65)
w(83,3,18,66,66)
r(92,0,18,67,67)
w(191,1,18,68,68)
r(12,8,18,69,69)
w(66,7,18,70,70)
r(293,0,18,71,71)
r(0,116,18,72,72)
w(19,11,18,73,73)
r(32,4,18,74,74)
w(99,2,18,75,75)
w(195,1,18,76,76)
w(212,3,18,77,77)
w(0,117,18,78,78)
r(127,2,18,79,79)
r(8,14,18,80,80)
r(742,0,18,81,81)
w(3,29,18,82,82)
w(0,118,18,83,83)
r(1,66,18,84,84)
r(0,118,18,85,85)
r(1,66,18,86,86)
w(32,5,18,87,87)
r(370,0,18,88,88)
r(201,1,18,89,89)
r(22,6,18,90,90)
w(2,40,18,91,91)
r(0,118,18,92,92)
w(1,67,18,93,93)
r(382,0,18,94,94)
w(97,2,18,95,95)
w(78,2,18,96,96)
w(176,1,18,97,97)
r(1,67,18,98,98)
r(40,3,18,99,99)
w(6,21,19,0,0)
w(18,9,19,1,1)
r(199,0,19,2,2)
w(174,2,19,3,3)
w(653,1,19,4,4)
r(145,1,19,5,5)
r(38,0,19,6,6)
w(192,1,19,7,7)
r(156,0,19,8,8)
r(3,29,19,9,9)
w(629,1,19,10,10)
w(272,3,19,11,11)
w(3,30,19,12,12)
w(2,41,19,13,13)
w(1,68,19,14,14)
w(14,11,19,15,15)
w(0,119,19,16,16)
r(5,19,19,17,17)
w(2,42,19,18,18)
w(1,69,19,19,19)
w(0,120,19,20,20)
w(198,2,19,21,21)
r(354,0,19,22,22)
r(79,0,19,23,23)
w(187,2,19,24,24)
r(94,1,19,25,25)
w(13,9,19,26,26)
w(3,31,19,27,27)
w(19,12,19,28,28)
r(64,1,19,29,29)
r(3,31,19,30,30)
w(899,1,19,31,31)
w(80,2,19,32,32)
r(0,120,19,33,33)
w(27,5,19,34,34)
w(88,1,19,35,35)
w(100,3,19,36,36)
w(0,121,19,37,37)
r(1,69,19,38,38)
r(14,11,19,39,39)
r(776,0,19,40,40)
r(13,9,19,41,41)
w(14,12,19,42,42)
w(1,70,19,43,43)
w(0,122,19,44,44)
r(326,2,19,45,45)
w(228,1,19,46,46)
r(69,1,19,47,47)
r(51,0,19,48,48)
w(1,71,19,49,49)
w(0,123,19,50,50)
r(0,123,19,51,51)
r(384,1,19,52,52)
w(10,12,19,53,53)
r(13,9,19,54,54)
w(8,15,19,55,55)
r(97,2,19,56,56)
w(768,2,19,57,57)
r(3,31,19,58,58)
w(4,22,19,59,59)
r(0,123,19,60,60)
w(20,3,19,61,61)
r(628,0,19,62,62)
w(0,124,19,63,63)
r(2,42,19,64,64)
r(52,4,19,65,65)
w(0,125,19,66,66)
w(17,3,19,67,67)
w(180,1,19,68,68)
r(0,125,19,69,69)
w(0,126,19,70,70)
r(7,16,19,71,71)
r(1,71,19,72,72)
r(7,16,19,73,73)
w(2,43,19,74,74)
r(90,1,19,75,75)
w(8,16,19,76,76)
w(2,44,19,77,77)
r(23,5,19,78,78)
w(3,32,19,79,79)
r(0,126,19,80,80)
w(0,127,19,81,81)
w(38,1,19,82,82)
r(60,2,19,83,83)
w(403,4,19,84,84)
w(12,9,19,85,85)
w(9,15,19,86,86)
w(47,4,19,87,87)
r(0,127,19,88,88)
r(2,44,19,89,89)
r(429,2,19,90,90)
r(0,127,19,91,91)
r(13,9,19,92,92)
w(722,1,19,93,93)
r(2,44,19,94,94)
r(64,1,19,95,95)
w(162,1,19,96,96)
r(0,127,19,97,97)
w(4,23,19,98,98)
w(2,45,19,99,99)
