w(82,1,0,0,0)
w(48,1,0,1,1)
w(58,1,0,2,2)
w(91,1,0,3,3)
w(33,1,0,4,4)
w(11,1,0,5,5)
w(30,1,0,6,6)
w(19,1,0,7,7)
w(36,1,0,8,8)
w(0,1,0,9,9)
w(56,1,0,10,10)
r(60,0,0,11,11)
w(89,1,0,12,12)
w(39,1,0,13,13)
w(57,1,0,14,14)
w(38,1,0,15,15)
w(68,1,0,16,16)
w(12,1,0,17,17)
r(71,0,0,18,18)
w(74,1,0,19,19)
w(9,1,0,20,20)
w(37,1,0,21,21)
w(45,1,0,22,22)
w(1,1,0,23,23)
w(18,1,0,24,24)
w(61,1,0,25,25)
w(94,1,0,26,26)
w(28,1,0,27,27)
w(36,2,0,28,28)
w(35,1,0,29,29)
r(49,0,0,30,30)
w(80,1,0,31,31)
w(1,2,0,32,32)
w(63,1,0,33,33)
w(12,2,0,34,34)
w(51,1,0,35,35)
r(68,1,0,36,36)
w(83,1,0,37,37)
w(5,1,0,38,38)
w(35,2,0,39,39)
r(91,1,0,40,40)
r(2,0,0,41,41)
w(4,1,0,42,42)
w(72,1,0,43,43)
w(24,1,0,44,44)
w(43,1,0,45,45)
w(52,1,0,46,46)
w(19,2,0,47,47)
w(28,2,0,48,48)
w(44,1,0,49,49)
w(20,1,0,50,50)
w(69,1,0,51,51)
w(43,2,0,52,52)
w(52,2,0,53,53)
w(39,2,0,54,54)
w(77,1,0,55,55)
w(2,1,0,56,56)
w(11,2,0,57,57)
w(21,1,0,58,58)
w(0,2,0,59,59)
w(13,1,0,60,60)
w(7,1,0,61,61)
w(35,3,0,62,62)
w(66,1,0,63,63)
w(3,1,0,64,64)
w(90,1,0,65,65)
w(64,1,0,66,66)
w(74,2,0,67,67)
w(75,1,0,68,68)
w(7,2,0,69,69)
r(29,0,0,70,70)
w(34,1,0,71,71)
w(83,2,0,72,72)
w(4,2,0,73,73)
w(72,2,0,74,74)
w(36,3,0,75,75)
w(31,1,0,76,76)
r(4,2,0,77,77)
w(71,1,0,78,78)
w(9,2,0,79,79)
w(19,3,0,80,80)
w(69,2,0,81,81)
w(55,1,0,82,82)
w(58,2,0,83,83)
r(63,1,0,84,84)
w(45,2,0,85,85)
w(10,1,0,86,86)
w(77,2,0,87,87)
r(1,2,0,88,88)
w(32,1,0,89,89)
w(72,3,0,90,90)
w(17,1,0,91,91)
w(33,2,0,92,92)
w(81,1,0,93,93)
w(43,3,0,94,94)
w(61,2,0,95,95)
w(50,1,0,96,96)
w(34,2,0,97,97)
w(2,2,0,98,98)
w(40,1,0,99,99)
w(13,2,1,0,0)
w(24,2,1,1,1)
w(45,3,1,2,2)
w(19,4,1,3,3)
r(91,1,1,4,4)
w(75,2,1,5,5)
w(79,1,1,6,6)
w(56,2,1,7,7)
w(55,2,1,8,8)
w(68,2,1,9,9)
w(33,3,1,10,10)
w(76,1,1,11,11)
w(57,2,1,12,12)
w(24,3,1,13,13)
w(14,1,1,14,14)
w(21,2,1,15,15)
w(56,3,1,16,16)
w(49,1,1,17,17)
r(60,0,1,18,18)
w(91,2,1,19,19)
w(91,3,1,20,20)
w(28,3,1,21,21)
w(97,1,1,22,22)
w(95,1,1,23,23)
w(82,2,1,24,24)
r(79,1,1,25,25)
w(6,1,1,26,26)
w(55,3,1,27,27)
r(63,1,1,28,28)
w(69,3,1,29,29)
w(0,3,1,30,30)
w(47,1,1,31,31)
w(99,1,1,32,32)
w(0,4,1,33,33)
w(97,2,1,34,34)
w(36,4,1,35,35)
w(96,1,1,36,36)
w(42,1,1,37,37)
w(97,3,1,38,38)
w(58,3,1,39,39)
w(76,2,1,40,40)
w(48,2,1,41,41)
w(82,3,1,42,42)
r(57,2,1,43,43)
w(44,2,1,44,44)
w(60,1,1,45,45)
w(25,1,1,46,46)
r(14,1,1,47,47)
w(31,2,1,48,48)
w(49,2,1,49,49)
w(20,2,1,50,50)
w(38,2,1,51,51)
w(39,3,1,52,52)
w(67,1,1,53,53)
w(11,3,1,54,54)
w(33,4,1,55,55)
w(32,2,1,56,56)
w(53,1,1,57,57)
w(90,2,1,58,58)
w(70,1,1,59,59)
r(96,1,1,60,60)
w(4,3,1,61,61)
w(59,1,1,62,62)
w(1,3,1,63,63)
r(76,2,1,64,64)
r(82,3,1,65,65)
w(26,1,1,66,66)
w(29,1,1,67,67)
w(25,2,1,68,68)
w(9,3,1,69,69)
w(99,2,1,70,70)
w(43,4,1,71,71)
w(82,4,1,72,72)
w(22,1,1,73,73)
w(88,1,1,74,74)
w(5,2,1,75,75)
w(10,2,1,76,76)
w(73,1,1,77,77)
r(15,0,1,78,78)
w(20,3,1,79,79)
w(68,3,1,80,80)
w(84,1,1,81,81)
w(6,2,1,82,82)
w(58,4,1,83,83)
w(44,3,1,84,84)
r(41,0,1,85,85)
r(28,3,1,86,86)
w(66,2,1,87,87)
w(35,4,1,88,88)
w(73,2,1,89,89)
w(90,3,1,90,90)
w(99,3,1,91,91)
w(9,4,1,92,92)
r(19,4,1,93,93)
w(20,4,1,94,94)
w(35,5,1,95,95)
w(58,5,1,96,96)
w(13,3,1,97,97)
w(46,1,1,98,98)
w(58,6,1,99,99)
r(48,2,2,0,0)
w(56,4,2,1,1)
w(27,1,2,2,2)
w(67,2,2,3,3)
w(59,2,2,4,4)
w(86,1,2,5,5)
w(34,3,2,6,6)
w(23,1,2,7,7)
w(50,2,2,8,8)
w(33,5,2,9,9)
w(34,4,2,10,10)
r(61,2,2,11,11)
w(68,4,2,12,12)
w(50,3,2,13,13)
w(4,4,2,14,14)
w(54,1,2,15,15)
w(31,3,2,16,16)
w(32,3,2,17,17)
w(71,2,2,18,18)
w(37,2,2,19,19)
w(79,2,2,20,20)
w(98,1,2,21,21)
w(97,4,2,22,22)
w(14,2,2,23,23)
w(78,1,2,24,24)
r(10,2,2,25,25)
w(86,2,2,26,26)
w(29,2,2,27,27)
w(59,3,2,28,28)
w(71,3,2,29,29)
w(64,2,2,30,30)
r(7,2,2,31,31)
w(46,2,2,32,32)
w(47,2,2,33,33)
w(98,2,2,34,34)
w(17,2,2,35,35)
w(97,5,2,36,36)
w(48,3,2,37,37)
w(85,1,2,38,38)
w(68,5,2,39,39)
w(59,4,2,40,40)
w(72,4,2,41,41)
r(37,2,2,42,42)
w(74,3,2,43,43)
w(77,3,2,44,44)
w(0,5,2,45,45)
w(75,3,2,46,46)
w(32,4,2,47,47)
w(16,1,2,48,48)
w(28,4,2,49,49)
w(59,5,2,50,50)
w(12,3,2,51,51)
r(24,3,2,52,52)
w(87,1,2,53,53)
w(79,3,2,54,54)
w(78,2,2,55,55)
r(91,3,2,56,56)
w(52,3,2,57,57)
w(27,2,2,58,58)
w(81,2,2,59,59)
w(1,4,2,60,60)
w(10,3,2,61,61)
w(48,4,2,62,62)
w(57,3,2,63,63)
w(35,6,2,64,64)
w(94,2,2,65,65)
w(44,4,2,66,66)
w(0,6,2,67,67)
w(40,2,2,68,68)
w(98,3,2,69,69)
w(74,4,2,70,70)
r(73,2,2,71,71)
w(78,3,2,72,72)
r(70,1,2,73,73)
w(82,5,2,74,74)
w(5,3,2,75,75)
w(12,4,2,76,76)
w(30,2,2,77,77)
w(5,4,2,78,78)
w(80,2,2,79,79)
w(48,5,2,80,80)
w(65,1,2,81,81)
w(98,4,2,82,82)
w(96,2,2,83,83)
w(55,4,2,84,84)
w(4,5,2,85,85)
w(15,1,2,86,86)
w(35,7,2,87,87)
w(48,6,2,88,88)
w(85,2,2,89,89)
w(40,3,2,90,90)
w(46,3,2,91,91)
w(62,1,2,92,92)
w(84,2,2,93,93)
w(12,5,2,94,94)
w(34,5,2,95,95)
w(17,3,2,96,96)
w(3,2,2,97,97)
w(54,2,2,98,98)
w(65,2,2,99,99)
w(53,2,3,0,0)
w(50,4,3,1,1)
w(63,2,3,2,2)
w(54,3,3,3,3)
w(76,3,3,4,4)
w(74,5,3,5,5)
w(38,3,3,6,6)
w(23,2,3,7,7)
w(93,1,3,8,8)
w(41,1,3,9,9)
w(6,3,3,10,10)
w(61,3,3,11,11)
w(39,4,3,12,12)
w(74,6,3,13,13)
w(17,4,3,14,14)
r(66,2,3,15,15)
w(47,3,3,16,16)
w(33,6,3,17,17)
w(90,4,3,18,18)
w(87,2,3,19,19)
w(38,4,3,20,20)
w(0,7,3,21,21)
w(91,4,3,22,22)
w(60,2,3,23,23)
w(80,3,3,24,24)
w(26,2,3,25,25)
r(96,2,3,26,26)
w(74,7,3,27,27)
r(23,2,3,28,28)
w(41,2,3,29,29)
w(90,5,3,30,30)
w(4,6,3,31,31)
w(4,7,3,32,32)
w(21,3,3,33,33)
w(22,2,3,34,34)
w(19,5,3,35,35)
w(84,3,3,36,36)
w(25,3,3,37,37)
w(45,4,3,38,38)
w(81,3,3,39,39)
w(46,4,3,40,40)
w(94,3,3,41,41)
w(70,2,3,42,42)
r(22,2,3,43,43)
w(74,8,3,44,44)
w(35,8,3,45,45)
w(63,3,3,46,46)
w(3,3,3,47,47)
w(71,4,3,48,48)
r(49,2,3,49,49)
w(20,5,3,50,50)
w(91,5,3,51,51)
w(39,5,3,52,52)
w(72,5,3,53,53)
w(63,4,3,54,54)
w(12,6,3,55,55)
w(56,5,3,56,56)
w(74,9,3,57,57)
w(4,8,3,58,58)
w(26,3,3,59,59)
w(52,4,3,60,60)
w(3,4,3,61,61)
w(86,3,3,62,62)
w(47,4,3,63,63)
w(41,3,3,64,64)
r(20,5,3,65,65)
w(71,5,3,66,66)
w(2,3,3,67,67)
w(6,4,3,68,68)
w(93,2,3,69,69)
w(46,5,3,70,70)
w(70,3,3,71,71)
w(61,4,3,72,72)
w(61,5,3,73,73)
w(89,2,3,74,74)
w(84,4,3,75,75)
w(68,6,3,76,76)
r(35,8,3,77,77)
w(47,5,3,78,78)
w(89,3,3,79,79)
w(41,4,3,80,80)
w(90,6,3,81,81)
w(52,5,3,82,82)
w(75,4,3,83,83)
w(20,6,3,84,84)
w(78,4,3,85,85)
w(99,4,3,86,86)
w(17,5,3,87,87)
r(54,3,3,88,88)
w(89,4,3,89,89)
r(90,6,3,90,90)
w(54,4,3,91,91)
w(76,4,3,92,92)
w(65,3,3,93,93)
w(27,3,3,94,94)
w(49,3,3,95,95)
w(46,6,3,96,96)
w(54,5,3,97,97)
w(84,5,3,98,98)
w(30,3,3,99,99)
w(43,5,4,0,0)
w(96,3,4,1,1)
w(69,4,4,2,2)
w(60,3,4,3,3)
w(20,7,4,4,4)
w(84,6,4,5,5)
w(97,6,4,6,6)
w(46,7,4,7,7)
w(44,5,4,8,8)
w(84,7,4,9,9)
w(88,2,4,10,10)
w(67,3,4,11,11)
w(55,5,4,12,12)
w(67,4,4,13,13)
r(65,3,4,14,14)
w(73,3,4,15,15)
w(80,4,4,16,16)
w(67,5,4,17,17)
w(66,3,4,18,18)
w(73,4,4,19,19)
w(6,5,4,20,20)
w(83,3,4,21,21)
w(65,4,4,22,22)
w(8,1,4,23,23)
w(8,2,4,24,24)
r(83,3,4,25,25)
w(71,6,4,26,26)
w(54,6,4,27,27)
w(38,5,4,28,28)
w(90,7,4,29,29)
w(75,5,4,30,30)
w(8,3,4,31,31)
w(56,6,4,32,32)
w(88,3,4,33,33)
w(47,6,4,34,34)
w(89,5,4,35,35)
w(61,6,4,36,36)
w(86,4,4,37,37)
w(57,4,4,38,38)
w(87,3,4,39,39)
w(4,9,4,40,40)
w(9,5,4,41,41)
w(41,5,4,42,42)
w(41,6,4,43,43)
w(8,4,4,44,44)
w(22,3,4,45,45)
w(57,5,4,46,46)
w(67,6,4,47,47)
w(49,4,4,48,48)
w(65,5,4,49,49)
w(67,7,4,50,50)
w(66,4,4,51,51)
w(16,2,4,52,52)
w(0,8,4,53,53)
r(99,4,4,54,54)
w(39,6,4,55,55)
w(60,4,4,56,56)
w(96,4,4,57,57)
w(83,4,4,58,58)
w(49,5,4,59,59)
w(78,5,4,60,60)
w(40,4,4,61,61)
w(15,2,4,62,62)
r(22,3,4,63,63)
w(85,3,4,64,64)
w(49,6,4,65,65)
w(69,5,4,66,66)
r(52,5,4,67,67)
w(28,5,4,68,68)
w(32,5,4,69,69)
w(96,5,4,70,70)
w(89,6,4,71,71)
w(3,5,4,72,72)
w(50,5,4,73,73)
w(41,7,4,74,74)
w(45,5,4,75,75)
w(87,4,4,76,76)
w(28,6,4,77,77)
w(59,6,4,78,78)
w(74,10,4,79,79)
w(73,5,4,80,80)
w(23,3,4,81,81)
w(8,5,4,82,82)
w(7,3,4,83,83)
r(5,4,4,84,84)
w(44,6,4,85,85)
w(61,7,4,86,86)
w(53,3,4,87,87)
w(30,4,4,88,88)
w(17,6,4,89,89)
w(24,4,4,90,90)
r(28,6,4,91,91)
w(44,7,4,92,92)
w(21,4,4,93,93)
w(83,5,4,94,94)
w(39,7,4,95,95)
w(37,3,4,96,96)
w(38,6,4,97,97)
w(7,4,4,98,98)
w(85,4,4,99,99)
w(62,2,5,0,0)
r(74,10,5,1,1)
w(35,9,5,2,2)
w(12,7,5,3,3)
w(18,2,5,4,4)
w(31,4,5,5,5)
w(38,7,5,6,6)
w(27,4,5,7,7)
w(44,8,5,8,8)
r(91,5,5,9,9)
w(47,7,5,10,10)
w(33,7,5,11,11)
w(5,5,5,12,12)
w(63,5,5,13,13)
w(14,3,5,14,14)
w(17,7,5,15,15)
w(6,6,5,16,16)
w(56,7,5,17,17)
w(28,7,5,18,18)
w(39,8,5,19,19)
w(10,4,5,20,20)
w(11,4,5,21,21)
w(22,4,5,22,22)
w(54,7,5,23,23)
w(76,5,5,24,24)
w(48,7,5,25,25)
w(75,6,5,26,26)
w(9,6,5,27,27)
w(56,8,5,28,28)
w(95,2,5,29,29)
w(43,6,5,30,30)
w(11,5,5,31,31)
w(61,8,5,32,32)
w(74,11,5,33,33)
w(80,5,5,34,34)
w(58,7,5,35,35)
w(54,8,5,36,36)
w(74,12,5,37,37)
r(61,8,5,38,38)
w(60,5,5,39,39)
w(59,7,5,40,40)
r(94,3,5,41,41)
w(24,5,5,42,42)
w(96,6,5,43,43)
w(97,7,5,44,44)
w(22,5,5,45,45)
r(80,5,5,46,46)
w(74,13,5,47,47)
w(34,6,5,48,48)
w(63,6,5,49,49)
w(60,6,5,50,50)
w(50,6,5,51,51)
w(71,7,5,52,52)
w(8,6,5,53,53)
w(86,5,5,54,54)
w(91,6,5,55,55)
w(9,7,5,56,56)
r(68,6,5,57,57)
r(84,7,5,58,58)
w(98,5,5,59,59)
w(82,6,5,60,60)
w(21,5,5,61,61)
w(35,10,5,62,62)
w(39,9,5,63,63)
w(83,6,5,64,64)
r(50,6,5,65,65)
w(62,3,5,66,66)
w(60,7,5,67,67)
w(16,3,5,68,68)
w(39,10,5,69,69)
w(1,5,5,70,70)
w(88,4,5,71,71)
w(31,5,5,72,72)
r(18,2,5,73,73)
w(88,5,5,74,74)
w(52,6,5,75,75)
w(41,8,5,76,76)
w(2,4,5,77,77)
r(48,7,5,78,78)
w(90,8,5,79,79)
w(23,4,5,80,80)
w(67,8,5,81,81)
w(78,6,5,82,82)
w(19,6,5,83,83)
w(84,8,5,84,84)
w(22,6,5,85,85)
w(13,4,5,86,86)
w(31,6,5,87,87)
w(28,8,5,88,88)
w(14,4,5,89,89)
w(27,5,5,90,90)
w(91,7,5,91,91)
w(44,9,5,92,92)
w(15,3,5,93,93)
w(29,3,5,94,94)
w(79,4,5,95,95)
r(37,3,5,96,96)
w(68,7,5,97,97)
r(44,9,5,98,98)
w(40,5,5,99,99)
w(44,10,6,0,0)
w(30,5,6,1,1)
r(28,8,6,2,2)
r(54,8,6,3,3)
r(98,5,6,4,4)
r(18,2,6,5,5)
w(66,5,6,6,6)
r(33,7,6,7,7)
w(65,6,6,8,8)
w(89,7,6,9,9)
w(21,6,6,10,10)
w(81,4,6,11,11)
w(27,6,6,12,12)
w(11,6,6,13,13)
w(70,4,6,14,14)
r(96,6,6,15,15)
r(91,7,6,16,16)
w(18,3,6,17,17)
w(32,6,6,18,18)
r(1,5,6,19,19)
w(37,4,6,20,20)
w(3,6,6,21,21)
w(61,9,6,22,22)
w(2,5,6,23,23)
w(25,4,6,24,24)
w(31,7,6,25,25)
r(4,9,6,26,26)
w(4,10,6,27,27)
w(79,5,6,28,28)
w(70,5,6,29,29)
w(42,2,6,30,30)
w(61,10,6,31,31)
w(55,6,6,32,32)
w(83,7,6,33,33)
w(7,5,6,34,34)
w(77,4,6,35,35)
w(91,8,6,36,36)
w(98,6,6,37,37)
r(3,6,6,38,38)
w(61,11,6,39,39)
r(80,5,6,40,40)
w(76,6,6,41,41)
w(16,4,6,42,42)
w(83,8,6,43,43)
w(50,7,6,44,44)
r(11,6,6,45,45)
w(35,11,6,46,46)
w(7,6,6,47,47)
w(43,7,6,48,48)
w(76,7,6,49,49)
w(17,8,6,50,50)
w(13,5,6,51,51)
w(42,3,6,52,52)
w(62,4,6,53,53)
w(4,11,6,54,54)
w(32,7,6,55,55)
w(16,5,6,56,56)
w(8,7,6,57,57)
w(97,8,6,58,58)
w(33,8,6,59,59)
w(93,3,6,60,60)
w(84,9,6,61,61)
w(8,8,6,62,62)
w(83,9,6,63,63)
w(36,5,6,64,64)
w(83,10,6,65,65)
w(14,5,6,66,66)
r(82,6,6,67,67)
w(95,3,6,68,68)
w(82,7,6,69,69)
w(92,1,6,70,70)
w(6,7,6,71,71)
w(21,7,6,72,72)
w(9,8,6,73,73)
w(64,3,6,74,74)
w(42,4,6,75,75)
w(22,7,6,76,76)
r(2,5,6,77,77)
w(50,8,6,78,78)
w(93,4,6,79,79)
w(28,9,6,80,80)
r(36,5,6,81,81)
r(92,1,6,82,82)
w(18,4,6,83,83)
r(73,5,6,84,84)
w(64,4,6,85,85)
w(99,5,6,86,86)
r(6,7,6,87,87)
w(83,11,6,88,88)
w(31,8,6,89,89)
r(31,8,6,90,90)
w(51,2,6,91,91)
w(67,9,6,92,92)
w(40,6,6,93,93)
w(72,6,6,94,94)
r(73,5,6,95,95)
w(55,7,6,96,96)
w(81,5,6,97,97)
w(14,6,6,98,98)
w(20,8,6,99,99)
w(37,5,7,0,0)
w(29,4,7,1,1)
w(46,8,7,2,2)
w(77,5,7,3,3)
w(31,9,7,4,4)
w(25,5,7,5,5)
r(9,8,7,6,6)
w(98,7,7,7,7)
w(41,9,7,8,8)
w(72,7,7,9,9)
w(8,9,7,10,10)
w(57,6,7,11,11)
w(68,8,7,12,12)
w(59,8,7,13,13)
w(44,11,7,14,14)
w(18,5,7,15,15)
w(52,7,7,16,16)
w(70,6,7,17,17)
w(0,9,7,18,18)
w(93,5,7,19,19)
w(96,7,7,20,20)
w(15,4,7,21,21)
w(77,6,7,22,22)
w(54,9,7,23,23)
w(31,10,7,24,24)
w(79,6,7,25,25)
w(0,10,7,26,26)
w(44,12,7,27,27)
w(62,5,7,28,28)
w(56,9,7,29,29)
w(17,9,7,30,30)
w(14,7,7,31,31)
w(5,6,7,32,32)
w(95,4,7,33,33)
r(70,6,7,34,34)
w(7,7,7,35,35)
w(6,8,7,36,36)
w(44,13,7,37,37)
w(13,6,7,38,38)
w(68,9,7,39,39)
w(74,14,7,40,40)
w(40,7,7,41,41)
w(87,5,7,42,42)
w(47,8,7,43,43)
w(74,15,7,44,44)
w(68,10,7,45,45)
r(12,7,7,46,46)
w(30,6,7,47,47)
w(55,8,7,48,48)
w(29,5,7,49,49)
w(76,8,7,50,50)
w(91,9,7,51,51)
w(89,8,7,52,52)
w(59,9,7,53,53)
w(69,6,7,54,54)
w(19,7,7,55,55)
r(25,5,7,56,56)
w(58,8,7,57,57)
w(32,8,7,58,58)
w(9,9,7,59,59)
w(12,8,7,60,60)
r(49,6,7,61,61)
w(15,5,7,62,62)
w(40,8,7,63,63)
w(54,10,7,64,64)
w(2,6,7,65,65)
w(61,12,7,66,66)
w(10,5,7,67,67)
w(71,8,7,68,68)
w(16,6,7,69,69)
r(77,6,7,70,70)
w(5,7,7,71,71)
r(56,9,7,72,72)
w(57,7,7,73,73)
w(44,14,7,74,74)
w(22,8,7,75,75)
w(17,10,7,76,76)
r(60,7,7,77,77)
w(86,6,7,78,78)
w(73,6,7,79,79)
w(94,4,7,80,80)
w(62,6,7,81,81)
w(8,10,7,82,82)
r(5,7,7,83,83)
w(12,9,7,84,84)
w(89,9,7,85,85)
w(86,7,7,86,86)
w(47,9,7,87,87)
w(4,12,7,88,88)
w(64,5,7,89,89)
w(61,13,7,90,90)
w(31,11,7,91,91)
w(93,6,7,92,92)
w(27,7,7,93,93)
w(73,7,7,94,94)
w(27,8,7,95,95)
w(66,6,7,96,96)
w(15,6,7,97,97)
w(63,7,7,98,98)
w(84,10,7,99,99)
w(42,5,8,0,0)
w(50,9,8,1,1)
w(67,10,8,2,2)
w(80,6,8,3,3)
w(66,7,8,4,4)
w(27,9,8,5,5)
w(83,12,8,6,6)
w(9,10,8,7,7)
w(75,7,8,8,8)
w(88,6,8,9,9)
w(36,6,8,10,10)
w(86,8,8,11,11)
w(70,7,8,12,12)
w(84,11,8,13,13)
w(17,11,8,14,14)
w(68,11,8,15,15)
w(71,9,8,16,16)
r(83,12,8,17,17)
w(38,8,8,18,18)
r(33,8,8,19,19)
w(73,8,8,20,20)
w(87,6,8,21,21)
w(39,11,8,22,22)
w(66,8,8,23,23)
w(83,13,8,24,24)
w(43,8,8,25,25)
w(31,12,8,26,26)
w(87,7,8,27,27)
w(88,7,8,28,28)
w(55,9,8,29,29)
w(60,8,8,30,30)
w(32,9,8,31,31)
w(0,11,8,32,32)
w(57,8,8,33,33)
w(89,10,8,34,34)
w(36,7,8,35,35)
r(35,11,8,36,36)
w(63,8,8,37,37)
w(71,10,8,38,38)
w(45,6,8,39,39)
w(84,12,8,40,40)
w(44,15,8,41,41)
w(97,9,8,42,42)
w(62,7,8,43,43)
w(14,8,8,44,44)
w(94,5,8,45,45)
w(15,7,8,46,46)
w(45,7,8,47,47)
r(27,9,8,48,48)
w(33,9,8,49,49)
w(71,11,8,50,50)
w(49,7,8,51,51)
w(65,7,8,52,52)
w(29,6,8,53,53)
w(31,13,8,54,54)
w(80,7,8,55,55)
r(51,2,8,56,56)
w(96,8,8,57,57)
r(51,2,8,58,58)
w(99,6,8,59,59)
w(70,8,8,60,60)
w(26,4,8,61,61)
r(14,8,8,62,62)
w(92,2,8,63,63)
w(98,8,8,64,64)
w(89,11,8,65,65)
w(28,10,8,66,66)
w(39,12,8,67,67)
w(31,14,8,68,68)
w(44,16,8,69,69)
w(28,11,8,70,70)
w(72,8,8,71,71)
w(67,11,8,72,72)
w(9,11,8,73,73)
r(23,4,8,74,74)
w(66,9,8,75,75)
r(55,9,8,76,76)
w(78,7,8,77,77)
w(32,10,8,78,78)
w(91,10,8,79,79)
w(46,9,8,80,80)
w(96,9,8,81,81)
w(58,9,8,82,82)
w(1,6,8,83,83)
r(27,9,8,84,84)
w(51,3,8,85,85)
w(84,13,8,86,86)
w(95,5,8,87,87)
w(38,9,8,88,88)
r(79,6,8,89,89)
w(43,9,8,90,90)
w(94,6,8,91,91)
w(91,11,8,92,92)
w(11,7,8,93,93)
r(44,16,8,94,94)
w(4,13,8,95,95)
w(98,9,8,96,96)
w(88,8,8,97,97)
w(27,10,8,98,98)
w(91,12,8,99,99)
w(56,10,9,0,0)
w(31,15,9,1,1)
w(14,9,9,2,2)
w(12,10,9,3,3)
w(66,10,9,4,4)
w(32,11,9,5,5)
w(99,7,9,6,6)
w(22,9,9,7,7)
w(80,8,9,8,8)
w(99,8,9,9,9)
w(20,9,9,10,10)
w(3,7,9,11,11)
w(75,8,9,12,12)
w(83,14,9,13,13)
w(73,9,9,14,14)
w(15,8,9,15,15)
w(75,9,9,16,16)
w(68,12,9,17,17)
w(23,5,9,18,18)
w(41,10,9,19,19)
w(93,7,9,20,20)
w(11,8,9,21,21)
w(4,14,9,22,22)
w(96,10,9,23,23)
w(42,6,9,24,24)
w(24,6,9,25,25)
r(71,11,9,26,26)
w(79,7,9,27,27)
w(35,12,9,28,28)
w(94,7,9,29,29)
w(24,7,9,30,30)
r(81,5,9,31,31)
w(69,7,9,32,32)
w(20,10,9,33,33)
w(35,13,9,34,34)
w(22,10,9,35,35)
w(13,7,9,36,36)
w(88,9,9,37,37)
r(63,8,9,38,38)
w(11,9,9,39,39)
w(64,6,9,40,40)
w(74,16,9,41,41)
w(14,10,9,42,42)
w(34,7,9,43,43)
w(78,8,9,44,44)
w(55,10,9,45,45)
r(43,9,9,46,46)
w(66,11,9,47,47)
w(54,11,9,48,48)
w(74,17,9,49,49)
w(17,12,9,50,50)
r(90,8,9,51,51)
w(94,8,9,52,52)
w(65,8,9,53,53)
w(99,9,9,54,54)
w(32,12,9,55,55)
w(32,13,9,56,56)
w(4,15,9,57,57)
w(1,7,9,58,58)
w(3,8,9,59,59)
w(28,12,9,60,60)
w(37,6,9,61,61)
r(50,9,9,62,62)
w(34,8,9,63,63)
w(27,11,9,64,64)
w(12,11,9,65,65)
w(67,12,9,66,66)
w(14,11,9,67,67)
r(87,7,9,68,68)
r(53,3,9,69,69)
w(60,9,9,70,70)
w(5,8,9,71,71)
r(56,10,9,72,72)
w(59,10,9,73,73)
w(29,7,9,74,74)
w(67,13,9,75,75)
w(66,12,9,76,76)
w(22,11,9,77,77)
w(53,4,9,78,78)
w(2,7,9,79,79)
w(30,7,9,80,80)
w(42,7,9,81,81)
w(66,13,9,82,82)
w(73,10,9,83,83)
w(48,8,9,84,84)
w(55,11,9,85,85)
w(24,8,9,86,86)
w(81,6,9,87,87)
w(85,5,9,88,88)
w(69,8,9,89,89)
w(97,10,9,90,90)
w(57,9,9,91,91)
w(67,14,9,92,92)
w(3,9,9,93,93)
w(12,12,9,94,94)
w(6,9,9,95,95)
w(36,8,9,96,96)
w(55,12,9,97,97)
w(3,10,9,98,98)
w(3,11,9,99,99)
w(74,18,10,0,0)
w(59,11,10,1,1)
w(24,9,10,2,2)
r(51,3,10,3,3)
w(22,12,10,4,4)
w(80,9,10,5,5)
w(65,9,10,6,6)
w(28,13,10,7,7)
w(76,9,10,8,8)
w(34,9,10,9,9)
w(25,6,10,10,10)
w(53,5,10,11,11)
r(8,10,10,12,12)
w(98,10,10,13,13)
w(50,10,10,14,14)
w(41,11,10,15,15)
w(13,8,10,16,16)
w(97,11,10,17,17)
w(63,9,10,18,18)
w(27,12,10,19,19)
w(34,10,10,20,20)
w(81,7,10,21,21)
w(57,10,10,22,22)
w(86,9,10,23,23)
w(22,13,10,24,24)
w(4,16,10,25,25)
w(44,17,10,26,26)
w(58,10,10,27,27)
w(57,11,10,28,28)
w(10,6,10,29,29)
r(54,11,10,30,30)
w(92,3,10,31,31)
w(60,10,10,32,32)
r(43,9,10,33,33)
w(53,6,10,34,34)
w(43,10,10,35,35)
w(56,11,10,36,36)
w(63,10,10,37,37)
w(20,11,10,38,38)
w(50,11,10,39,39)
w(71,12,10,40,40)
w(74,19,10,41,41)
w(92,4,10,42,42)
r(15,8,10,43,43)
w(71,13,10,44,44)
r(26,4,10,45,45)
w(50,12,10,46,46)
r(97,11,10,47,47)
w(31,16,10,48,48)
w(3,12,10,49,49)
w(27,13,10,50,50)
w(76,10,10,51,51)
w(37,7,10,52,52)
w(93,8,10,53,53)
w(32,14,10,54,54)
w(45,8,10,55,55)
w(20,12,10,56,56)
w(55,13,10,57,57)
w(32,15,10,58,58)
w(64,7,10,59,59)
w(10,7,10,60,60)
w(48,9,10,61,61)
w(37,8,10,62,62)
w(27,14,10,63,63)
w(92,5,10,64,64)
w(24,10,10,65,65)
w(2,8,10,66,66)
w(79,8,10,67,67)
w(65,10,10,68,68)
w(99,10,10,69,69)
w(20,13,10,70,70)
w(84,14,10,71,71)
w(77,7,10,72,72)
r(72,8,10,73,73)
w(95,6,10,74,74)
w(4,17,10,75,75)
w(60,11,10,76,76)
w(98,11,10,77,77)
w(14,12,10,78,78)
w(88,10,10,79,79)
w(97,12,10,80,80)
w(41,12,10,81,81)
w(3,13,10,82,82)
w(47,10,10,83,83)
w(88,11,10,84,84)
w(12,13,10,85,85)
w(79,9,10,86,86)
w(3,14,10,87,87)
w(57,12,10,88,88)
w(53,7,10,89,89)
w(80,10,10,90,90)
w(19,8,10,91,91)
w(98,12,10,92,92)
w(41,13,10,93,93)
w(53,8,10,94,94)
w(62,8,10,95,95)
w(96,11,10,96,96)
w(74,20,10,97,97)
w(13,9,10,98,98)
w(97,13,10,99,99)
w(53,9,11,0,0)
w(77,8,11,1,1)
r(33,9,11,2,2)
w(47,11,11,3,3)
w(51,4,11,4,4)
w(45,9,11,5,5)
w(28,14,11,6,6)
w(58,11,11,7,7)
w(47,12,11,8,8)
w(41,14,11,9,9)
w(8,11,11,10,10)
w(5,9,11,11,11)
w(57,13,11,12,12)
w(68,13,11,13,13)
w(23,6,11,14,14)
w(81,8,11,15,15)
r(5,9,11,16,16)
w(52,8,11,17,17)
w(74,21,11,18,18)
w(19,9,11,19,19)
w(56,12,11,20,20)
w(4,18,11,21,21)
w(27,15,11,22,22)
w(14,13,11,23,23)
w(74,22,11,24,24)
w(31,17,11,25,25)
w(83,15,11,26,26)
w(31,18,11,27,27)
w(84,15,11,28,28)
w(47,13,11,29,29)
w(15,9,11,30,30)
w(46,10,11,31,31)
w(45,10,11,32,32)
w(13,10,11,33,33)
w(26,5,11,34,34)
w(18,6,11,35,35)
w(25,7,11,36,36)
w(41,15,11,37,37)
w(2,9,11,38,38)
w(93,9,11,39,39)
r(6,9,11,40,40)
w(34,11,11,41,41)
w(6,10,11,42,42)
w(20,14,11,43,43)
w(51,5,11,44,44)
w(50,13,11,45,45)
w(1,8,11,46,46)
w(13,11,11,47,47)
w(69,9,11,48,48)
r(42,7,11,49,49)
w(11,10,11,50,50)
r(8,11,11,51,51)
w(31,19,11,52,52)
w(98,13,11,53,53)
w(1,9,11,54,54)
w(13,12,11,55,55)
w(67,15,11,56,56)
w(9,12,11,57,57)
w(46,11,11,58,58)
w(42,8,11,59,59)
w(58,12,11,60,60)
w(46,12,11,61,61)
w(61,14,11,62,62)
w(1,10,11,63,63)
w(35,14,11,64,64)
w(51,6,11,65,65)
w(19,10,11,66,66)
w(84,16,11,67,67)
w(48,10,11,68,68)
w(36,9,11,69,69)
w(36,10,11,70,70)
r(27,15,11,71,71)
w(85,6,11,72,72)
w(46,13,11,73,73)
w(86,10,11,74,74)
w(24,11,11,75,75)
w(34,12,11,76,76)
w(8,12,11,77,77)
w(27,16,11,78,78)
w(63,11,11,79,79)
w(49,8,11,80,80)
w(15,10,11,81,81)
w(99,11,11,82,82)
w(46,14,11,83,83)
w(0,12,11,84,84)
w(56,13,11,85,85)
r(48,10,11,86,86)
w(17,13,11,87,87)
w(71,14,11,88,88)
w(56,14,11,89,89)
w(34,13,11,90,90)
w(80,11,11,91,91)
w(33,10,11,92,92)
w(40,9,11,93,93)
w(2,10,11,94,94)
w(67,16,11,95,95)
w(87,8,11,96,96)
w(78,9,11,97,97)
w(52,9,11,98,98)
w(65,11,11,99,99)
r(97,13,12,0,0)
w(59,12,12,1,1)
w(90,9,12,2,2)
w(37,9,12,3,3)
w(72,9,12,4,4)
w(45,11,12,5,5)
w(24,12,12,6,6)
w(42,9,12,7,7)
w(42,10,12,8,8)
w(59,13,12,9,9)
w(8,13,12,10,10)
w(31,20,12,11,11)
r(16,6,12,12,12)
w(15,11,12,13,13)
w(52,10,12,14,14)
w(44,18,12,15,15)
w(82,8,12,16,16)
w(66,14,12,17,17)
w(13,13,12,18,18)
w(10,8,12,19,19)
w(82,9,12,20,20)
w(57,14,12,21,21)
w(48,11,12,22,22)
w(83,16,12,23,23)
w(26,6,12,24,24)
w(0,13,12,25,25)
w(92,6,12,26,26)
w(63,12,12,27,27)
w(31,21,12,28,28)
r(30,7,12,29,29)
w(2,11,12,30,30)
r(86,10,12,31,31)
r(40,9,12,32,32)
r(13,13,12,33,33)
w(99,12,12,34,34)
w(88,12,12,35,35)
w(33,11,12,36,36)
w(53,10,12,37,37)
w(25,8,12,38,38)
w(6,11,12,39,39)
r(45,11,12,40,40)
w(12,14,12,41,41)
w(56,15,12,42,42)
w(26,7,12,43,43)
w(2,12,12,44,44)
w(15,12,12,45,45)
w(25,9,12,46,46)
w(87,9,12,47,47)
r(31,21,12,48,48)
w(18,7,12,49,49)
w(18,8,12,50,50)
w(31,22,12,51,51)
w(9,13,12,52,52)
w(97,14,12,53,53)
w(47,14,12,54,54)
w(18,9,12,55,55)
w(88,13,12,56,56)
w(17,14,12,57,57)
w(40,10,12,58,58)
w(21,8,12,59,59)
w(55,14,12,60,60)
w(76,11,12,61,61)
w(39,13,12,62,62)
w(26,8,12,63,63)
w(22,14,12,64,64)
r(68,13,12,65,65)
w(26,9,12,66,66)
w(48,12,12,67,67)
w(55,15,12,68,68)
w(2,13,12,69,69)
r(98,13,12,70,70)
w(96,12,12,71,71)
w(18,10,12,72,72)
w(59,14,12,73,73)
w(44,19,12,74,74)
w(90,10,12,75,75)
w(24,13,12,76,76)
w(19,11,12,77,77)
r(33,11,12,78,78)
w(92,7,12,79,79)
r(3,14,12,80,80)
w(54,12,12,81,81)
w(18,11,12,82,82)
w(67,17,12,83,83)
w(71,15,12,84,84)
w(96,13,12,85,85)
w(14,14,12,86,86)
w(88,14,12,87,87)
r(17,14,12,88,88)
w(76,12,12,89,89)
r(58,12,12,90,90)
w(1,11,12,91,91)
w(23,7,12,92,92)
w(75,10,12,93,93)
w(11,11,12,94,94)
w(64,8,12,95,95)
w(4,19,12,96,96)
w(67,18,12,97,97)
w(24,14,12,98,98)
w(87,10,12,99,99)
w(77,9,13,0,0)
w(16,7,13,1,1)
w(15,13,13,2,2)
w(27,17,13,3,3)
r(89,11,13,4,4)
w(36,11,13,5,5)
w(6,12,13,6,6)
r(43,10,13,7,7)
w(20,15,13,8,8)
w(39,14,13,9,9)
w(9,14,13,10,10)
w(43,11,13,11,11)
w(64,9,13,12,12)
w(49,9,13,13,13)
w(70,9,13,14,14)
w(52,11,13,15,15)
r(52,11,13,16,16)
w(36,12,13,17,17)
w(42,11,13,18,18)
w(29,8,13,19,19)
w(85,7,13,20,20)
w(99,13,13,21,21)
w(46,15,13,22,22)
w(96,14,13,23,23)
w(58,13,13,24,24)
w(46,16,13,25,25)
w(20,16,13,26,26)
w(21,9,13,27,27)
w(53,11,13,28,28)
w(69,10,13,29,29)
w(55,16,13,30,30)
r(48,12,13,31,31)
w(43,12,13,32,32)
w(67,19,13,33,33)
w(66,15,13,34,34)
w(78,10,13,35,35)
w(59,15,13,36,36)
w(58,14,13,37,37)
w(98,14,13,38,38)
w(73,11,13,39,39)
w(88,15,13,40,40)
w(2,14,13,41,41)
w(7,8,13,42,42)
w(64,10,13,43,43)
w(66,16,13,44,44)
w(45,12,13,45,45)
w(98,15,13,46,46)
w(16,8,13,47,47)
w(33,12,13,48,48)
w(48,13,13,49,49)
r(72,9,13,50,50)
w(79,10,13,51,51)
w(43,13,13,52,52)
w(52,12,13,53,53)
w(72,10,13,54,54)
w(57,15,13,55,55)
w(52,13,13,56,56)
w(16,9,13,57,57)
w(39,15,13,58,58)
w(57,16,13,59,59)
w(11,12,13,60,60)
w(96,15,13,61,61)
w(63,13,13,62,62)
w(63,14,13,63,63)
w(72,11,13,64,64)
w(46,17,13,65,65)
w(3,15,13,66,66)
w(3,16,13,67,67)
w(73,12,13,68,68)
w(79,11,13,69,69)
w(78,11,13,70,70)
w(73,13,13,71,71)
w(48,14,13,72,72)
w(36,13,13,73,73)
r(55,16,13,74,74)
w(68,14,13,75,75)
w(21,10,13,76,76)
r(77,9,13,77,77)
w(56,16,13,78,78)
w(25,10,13,79,79)
w(78,12,13,80,80)
w(88,16,13,81,81)
w(48,15,13,82,82)
r(16,9,13,83,83)
w(81,9,13,84,84)
r(72,11,13,85,85)
w(63,15,13,86,86)
r(77,9,13,87,87)
w(27,18,13,88,88)
w(77,10,13,89,89)
w(79,12,13,90,90)
w(98,16,13,91,91)
w(75,11,13,92,92)
w(14,15,13,93,93)
w(54,13,13,94,94)
w(33,13,13,95,95)
r(52,13,13,96,96)
r(7,8,13,97,97)
w(33,14,13,98,98)
w(95,7,13,99,99)
w(23,8,14,0,0)
w(51,7,14,1,1)
w(5,10,14,2,2)
w(8,14,14,3,3)
w(79,13,14,4,4)
w(37,10,14,5,5)
w(11,13,14,6,6)
w(56,17,14,7,7)
w(92,8,14,8,8)
w(39,16,14,9,9)
w(58,15,14,10,10)
w(86,11,14,11,11)
w(61,15,14,12,12)
w(9,15,14,13,13)
w(72,12,14,14,14)
w(98,17,14,15,15)
w(95,8,14,16,16)
w(87,11,14,17,17)
w(2,15,14,18,18)
w(95,9,14,19,19)
w(89,12,14,20,20)
w(63,16,14,21,21)
r(70,9,14,22,22)
w(4,20,14,23,23)
w(90,11,14,24,24)
w(35,15,14,25,25)
w(51,8,14,26,26)
w(48,16,14,27,27)
w(0,14,14,28,28)
w(18,12,14,29,29)
w(60,12,14,30,30)
w(7,9,14,31,31)
w(60,13,14,32,32)
w(34,14,14,33,33)
w(11,14,14,34,34)
w(14,16,14,35,35)
w(74,23,14,36,36)
w(42,12,14,37,37)
w(35,16,14,38,38)
w(58,16,14,39,39)
w(40,11,14,40,40)
w(67,20,14,41,41)
w(90,12,14,42,42)
w(75,12,14,43,43)
r(71,15,14,44,44)
w(66,17,14,45,45)
w(41,16,14,46,46)
w(48,17,14,47,47)
w(8,15,14,48,48)
w(44,20,14,49,49)
w(12,15,14,50,50)
w(19,12,14,51,51)
r(40,11,14,52,52)
w(49,10,14,53,53)
w(13,14,14,54,54)
w(38,10,14,55,55)
w(18,13,14,56,56)
r(48,17,14,57,57)
w(50,14,14,58,58)
w(9,16,14,59,59)
w(46,18,14,60,60)
w(81,10,14,61,61)
w(97,15,14,62,62)
w(94,9,14,63,63)
w(54,14,14,64,64)
w(23,9,14,65,65)
w(53,12,14,66,66)
w(64,11,14,67,67)
r(35,16,14,68,68)
w(84,17,14,69,69)
w(28,15,14,70,70)
w(96,16,14,71,71)
w(69,11,14,72,72)
r(3,16,14,73,73)
w(30,8,14,74,74)
w(24,15,14,75,75)
w(89,13,14,76,76)
w(30,9,14,77,77)
w(1,12,14,78,78)
w(31,23,14,79,79)
w(64,12,14,80,80)
w(70,10,14,81,81)
r(13,14,14,82,82)
w(55,17,14,83,83)
w(7,10,14,84,84)
w(35,17,14,85,85)
w(44,21,14,86,86)
w(3,17,14,87,87)
w(62,9,14,88,88)
w(65,12,14,89,89)
w(10,9,14,90,90)
w(54,15,14,91,91)
w(61,16,14,92,92)
w(9,17,14,93,93)
r(94,9,14,94,94)
w(98,18,14,95,95)
w(15,14,14,96,96)
w(58,17,14,97,97)
r(95,9,14,98,98)
r(3,17,14,99,99)
r(84,17,15,0,0)
w(46,19,15,1,1)
w(81,11,15,2,2)
w(29,9,15,3,3)
w(17,15,15,4,4)
w(86,12,15,5,5)
w(23,10,15,6,6)
w(73,14,15,7,7)
w(59,16,15,8,8)
r(38,10,15,9,9)
w(17,16,15,10,10)
w(48,18,15,11,11)
w(57,17,15,12,12)
w(95,10,15,13,13)
w(43,14,15,14,14)
w(14,17,15,15,15)
w(46,20,15,16,16)
w(41,17,15,17,17)
w(60,14,15,18,18)
w(87,12,15,19,19)
w(90,13,15,20,20)
r(39,16,15,21,21)
w(64,13,15,22,22)
w(48,19,15,23,23)
w(70,11,15,24,24)
w(26,10,15,25,25)
w(6,13,15,26,26)
w(40,12,15,27,27)
w(79,14,15,28,28)
r(27,18,15,29,29)
w(90,14,15,30,30)
r(5,10,15,31,31)
w(58,18,15,32,32)
w(12,16,15,33,33)
w(99,14,15,34,34)
r(78,12,15,35,35)
w(4,21,15,36,36)
r(77,10,15,37,37)
w(81,12,15,38,38)
w(2,16,15,39,39)
w(57,18,15,40,40)
w(62,10,15,41,41)
w(45,13,15,42,42)
w(69,12,15,43,43)
w(30,10,15,44,44)
r(99,14,15,45,45)
w(95,11,15,46,46)
w(48,20,15,47,47)
w(71,16,15,48,48)
w(98,19,15,49,49)
r(87,12,15,50,50)
w(71,17,15,51,51)
r(50,14,15,52,52)
w(7,11,15,53,53)
w(76,13,15,54,54)
w(36,14,15,55,55)
w(73,15,15,56,56)
r(2,16,15,57,57)
w(19,13,15,58,58)
w(28,16,15,59,59)
w(5,11,15,60,60)
w(95,12,15,61,61)
r(72,12,15,62,62)
w(89,14,15,63,63)
w(48,21,15,64,64)
w(64,14,15,65,65)
w(11,15,15,66,66)
w(38,11,15,67,67)
w(26,11,15,68,68)
w(45,14,15,69,69)
w(42,13,15,70,70)
w(41,18,15,71,71)
w(0,15,15,72,72)
w(34,15,15,73,73)
w(3,18,15,74,74)
w(97,16,15,75,75)
w(19,14,15,76,76)
w(74,24,15,77,77)
w(66,18,15,78,78)
w(57,19,15,79,79)
w(75,13,15,80,80)
w(83,17,15,81,81)
w(92,9,15,82,82)
w(74,25,15,83,83)
w(77,11,15,84,84)
w(34,16,15,85,85)
w(98,20,15,86,86)
w(72,13,15,87,87)
w(98,21,15,88,88)
w(60,15,15,89,89)
r(46,20,15,90,90)
w(33,15,15,91,91)
w(5,12,15,92,92)
w(30,11,15,93,93)
w(29,10,15,94,94)
w(60,16,15,95,95)
r(32,15,15,96,96)
w(7,12,15,97,97)
w(80,12,15,98,98)
w(71,18,15,99,99)
r(86,12,16,0,0)
w(64,15,16,1,1)
w(71,19,16,2,2)
w(31,24,16,3,3)
w(11,16,16,4,4)
w(51,9,16,5,5)
w(71,20,16,6,6)
r(45,14,16,7,7)
w(95,13,16,8,8)
w(60,17,16,9,9)
w(68,15,16,10,10)
w(68,16,16,11,11)
w(95,14,16,12,12)
w(38,12,16,13,13)
w(41,19,16,14,14)
w(50,15,16,15,15)
w(10,10,16,16,16)
w(42,14,16,17,17)
w(97,17,16,18,18)
r(13,14,16,19,19)
w(85,8,16,20,20)
w(41,20,16,21,21)
w(87,13,16,22,22)
w(48,22,16,23,23)
r(67,20,16,24,24)
w(79,15,16,25,25)
w(3,19,16,26,26)
w(33,16,16,27,27)
w(2,17,16,28,28)
w(76,14,16,29,29)
w(83,18,16,30,30)
w(22,15,16,31,31)
w(37,11,16,32,32)
w(84,18,16,33,33)
w(24,16,16,34,34)
r(41,20,16,35,35)
w(46,21,16,36,36)
w(55,18,16,37,37)
w(1,13,16,38,38)
w(22,16,16,39,39)
w(32,16,16,40,40)
w(93,10,16,41,41)
w(96,17,16,42,42)
w(78,13,16,43,43)
w(81,13,16,44,44)
w(13,15,16,45,45)
w(54,16,16,46,46)
w(25,11,16,47,47)
w(19,15,16,48,48)
w(7,13,16,49,49)
w(5,13,16,50,50)
w(12,17,16,51,51)
w(48,23,16,52,52)
w(32,17,16,53,53)
w(61,17,16,54,54)
r(82,9,16,55,55)
w(8,16,16,56,56)
w(49,11,16,57,57)
w(78,14,16,58,58)
w(17,17,16,59,59)
r(11,16,16,60,60)
w(18,14,16,61,61)
w(34,17,16,62,62)
w(95,15,16,63,63)
w(2,18,16,64,64)
w(20,17,16,65,65)
w(78,15,16,66,66)
w(27,19,16,67,67)
w(68,17,16,68,68)
w(58,19,16,69,69)
r(37,11,16,70,70)
w(32,18,16,71,71)
w(47,15,16,72,72)
w(22,17,16,73,73)
w(19,16,16,74,74)
w(7,14,16,75,75)
w(46,22,16,76,76)
w(78,16,16,77,77)
w(63,17,16,78,78)
w(77,12,16,79,79)
w(31,25,16,80,80)
w(2,19,16,81,81)
r(29,10,16,82,82)
w(26,12,16,83,83)
r(0,15,16,84,84)
w(96,18,16,85,85)
w(94,10,16,86,86)
w(71,21,16,87,87)
w(8,17,16,88,88)
w(87,14,16,89,89)
w(30,12,16,90,90)
r(31,25,16,91,91)
r(49,11,16,92,92)
w(36,15,16,93,93)
w(4,22,16,94,94)
r(78,16,16,95,95)
w(1,14,16,96,96)
w(61,18,16,97,97)
w(18,15,16,98,98)
w(93,11,16,99,99)
w(53,13,17,0,0)
w(93,12,17,1,1)
w(97,18,17,2,2)
w(36,16,17,3,3)
w(11,17,17,4,4)
r(83,18,17,5,5)
w(19,17,17,6,6)
w(1,15,17,7,7)
w(5,14,17,8,8)
w(36,17,17,9,9)
w(10,11,17,10,10)
w(73,16,17,11,11)
w(95,16,17,12,12)
w(99,15,17,13,13)
w(75,14,17,14,14)
w(7,15,17,15,15)
w(86,13,17,16,16)
r(40,12,17,17,17)
w(72,14,17,18,18)
w(11,18,17,19,19)
w(30,13,17,20,20)
w(19,18,17,21,21)
w(47,16,17,22,22)
w(41,21,17,23,23)
w(39,17,17,24,24)
w(32,19,17,25,25)
w(81,14,17,26,26)
w(70,12,17,27,27)
w(41,22,17,28,28)
w(4,23,17,29,29)
w(66,19,17,30,30)
w(74,26,17,31,31)
w(57,20,17,32,32)
w(62,11,17,33,33)
w(8,18,17,34,34)
w(91,13,17,35,35)
w(93,13,17,36,36)
w(59,17,17,37,37)
w(98,22,17,38,38)
w(52,14,17,39,39)
w(58,20,17,40,40)
w(51,10,17,41,41)
w(84,19,17,42,42)
w(27,20,17,43,43)
w(31,26,17,44,44)
w(23,11,17,45,45)
w(25,12,17,46,46)
w(5,15,17,47,47)
w(35,18,17,48,48)
w(31,27,17,49,49)
r(77,12,17,50,50)
w(9,18,17,51,51)
w(83,19,17,52,52)
w(19,19,17,53,53)
w(66,20,17,54,54)
w(10,12,17,55,55)
w(86,14,17,56,56)
w(79,16,17,57,57)
w(87,15,17,58,58)
w(85,9,17,59,59)
r(29,10,17,60,60)
w(69,13,17,61,61)
w(54,17,17,62,62)
w(39,18,17,63,63)
r(70,12,17,64,64)
w(55,19,17,65,65)
w(35,19,17,66,66)
w(10,13,17,67,67)
w(57,21,17,68,68)
r(91,13,17,69,69)
w(61,19,17,70,70)
w(7,16,17,71,71)
r(55,19,17,72,72)
w(16,10,17,73,73)
w(66,21,17,74,74)
r(33,16,17,75,75)
w(35,20,17,76,76)
w(6,14,17,77,77)
w(75,15,17,78,78)
w(92,10,17,79,79)
w(42,15,17,80,80)
w(43,15,17,81,81)
w(7,17,17,82,82)
w(43,16,17,83,83)
w(62,12,17,84,84)
w(81,15,17,85,85)
w(99,16,17,86,86)
w(75,16,17,87,87)
w(95,17,17,88,88)
r(16,10,17,89,89)
w(59,18,17,90,90)
w(4,24,17,91,91)
w(63,18,17,92,92)
w(16,11,17,93,93)
w(57,22,17,94,94)
w(62,13,17,95,95)
w(80,13,17,96,96)
w(90,15,17,97,97)
w(90,16,17,98,98)
w(10,14,17,99,99)
w(34,18,18,0,0)
w(36,18,18,1,1)
w(53,14,18,2,2)
w(50,16,18,3,3)
r(43,16,18,4,4)
w(35,21,18,5,5)
w(96,19,18,6,6)
w(6,15,18,7,7)
w(91,14,18,8,8)
w(23,12,18,9,9)
w(48,24,18,10,10)
w(33,17,18,11,11)
w(64,16,18,12,12)
w(91,15,18,13,13)
w(24,17,18,14,14)
w(29,11,18,15,15)
r(98,22,18,16,16)
w(20,18,18,17,17)
w(2,20,18,18,18)
w(81,16,18,19,19)
w(77,13,18,20,20)
w(31,28,18,21,21)
w(15,15,18,22,22)
w(61,20,18,23,23)
w(69,14,18,24,24)
w(30,14,18,25,25)
w(24,18,18,26,26)
w(69,15,18,27,27)
w(80,14,18,28,28)
w(71,22,18,29,29)
r(67,20,18,30,30)
w(37,12,18,31,31)
w(12,18,18,32,32)
w(89,15,18,33,33)
r(12,18,18,34,34)
w(62,14,18,35,35)
w(1,16,18,36,36)
w(69,16,18,37,37)
w(63,19,18,38,38)
w(18,16,18,39,39)
w(33,18,18,40,40)
w(24,19,18,41,41)
w(18,17,18,42,42)
w(73,17,18,43,43)
w(2,21,18,44,44)
w(43,17,18,45,45)
w(22,18,18,46,46)
w(77,14,18,47,47)
w(54,18,18,48,48)
w(47,17,18,49,49)
w(99,17,18,50,50)
r(31,28,18,51,51)
w(94,11,18,52,52)
w(8,19,18,53,53)
w(21,11,18,54,54)
w(52,15,18,55,55)
w(51,11,18,56,56)
w(67,21,18,57,57)
r(4,24,18,58,58)
w(28,17,18,59,59)
w(15,16,18,60,60)
w(59,19,18,61,61)
w(2,22,18,62,62)
w(26,13,18,63,63)
w(33,19,18,64,64)
r(53,14,18,65,65)
w(52,16,18,66,66)
r(78,16,18,67,67)
w(85,10,18,68,68)
w(24,20,18,69,69)
w(81,17,18,70,70)
w(75,17,18,71,71)
w(91,16,18,72,72)
w(53,15,18,73,73)
r(0,15,18,74,74)
w(43,18,18,75,75)
w(23,13,18,76,76)
w(70,13,18,77,77)
w(10,15,18,78,78)
w(27,21,18,79,79)
w(95,18,18,80,80)
w(26,14,18,81,81)
w(85,11,18,82,82)
w(98,23,18,83,83)
w(26,15,18,84,84)
w(88,17,18,85,85)
r(70,13,18,86,86)
r(49,11,18,87,87)
w(71,23,18,88,88)
w(28,18,18,89,89)
w(4,25,18,90,90)
w(3,20,18,91,91)
w(76,15,18,92,92)
w(69,17,18,93,93)
w(31,29,18,94,94)
w(26,16,18,95,95)
w(42,16,18,96,96)
w(92,11,18,97,97)
w(94,12,18,98,98)
w(24,21,18,99,99)
w(15,17,19,0,0)
w(80,15,19,1,1)
r(15,17,19,2,2)
w(27,22,19,3,3)
w(96,20,19,4,4)
w(96,21,19,5,5)
w(33,20,19,6,6)
w(3,21,19,7,7)
w(89,16,19,8,8)
r(40,12,19,9,9)
w(42,17,19,10,10)
w(23,14,19,11,11)
r(27,22,19,12,12)
w(64,17,19,13,13)
w(48,25,19,14,14)
w(60,18,19,15,15)
w(96,22,19,16,16)
w(12,19,19,17,17)
w(90,17,19,18,18)
w(79,17,19,19,19)
w(63,20,19,20,20)
w(14,18,19,21,21)
r(49,11,19,22,22)
w(17,18,19,23,23)
w(18,18,19,24,24)
w(98,24,19,25,25)
w(15,18,19,26,26)
w(71,24,19,27,27)
w(24,22,19,28,28)
r(37,12,19,29,29)
w(81,18,19,30,30)
w(85,12,19,31,31)
w(42,18,19,32,32)
w(72,15,19,33,33)
w(83,20,19,34,34)
w(2,23,19,35,35)
w(0,16,19,36,36)
w(12,20,19,37,37)
r(55,19,19,38,38)
r(42,18,19,39,39)
w(51,12,19,40,40)
w(93,14,19,41,41)
w(27,23,19,42,42)
w(85,13,19,43,43)
w(32,20,19,44,44)
r(56,17,19,45,45)
w(40,13,19,46,46)
w(39,19,19,47,47)
r(21,11,19,48,48)
w(62,15,19,49,49)
w(0,17,19,50,50)
w(2,24,19,51,51)
r(76,15,19,52,52)
w(22,19,19,53,53)
w(53,16,19,54,54)
w(58,21,19,55,55)
w(96,23,19,56,56)
w(81,19,19,57,57)
w(28,19,19,58,58)
w(69,18,19,59,59)
w(36,19,19,60,60)
w(47,18,19,61,61)
w(57,23,19,62,62)
r(89,16,19,63,63)
w(43,19,19,64,64)
w(25,13,19,65,65)
w(88,18,19,66,66)
w(21,12,19,67,67)
w(77,15,19,68,68)
w(47,19,19,69,69)
w(22,20,19,70,70)
r(65,12,19,71,71)
w(53,17,19,72,72)
w(73,18,19,73,73)
w(43,20,19,74,74)
w(94,13,19,75,75)
w(48,26,19,76,76)
w(79,18,19,77,77)
w(65,13,19,78,78)
w(63,21,19,79,79)
w(9,19,19,80,80)
w(22,21,19,81,81)
w(4,26,19,82,82)
w(34,19,19,83,83)
w(89,17,19,84,84)
w(77,16,19,85,85)
w(15,19,19,86,86)
w(11,19,19,87,87)
w(30,15,19,88,88)
w(80,16,19,89,89)
w(90,18,19,90,90)
w(42,19,19,91,91)
w(12,21,19,92,92)
w(63,22,19,93,93)
w(18,19,19,94,94)
w(82,10,19,95,95)
w(4,27,19,96,96)
w(80,17,19,97,97)
w(24,23,19,98,98)
w(15,20,19,99,99)
w(32,21,20,0,0)
w(15,21,20,1,1)
w(79,19,20,2,2)
w(19,20,20,3,3)
r(1,16,20,4,4)
w(49,12,20,5,5)
w(75,18,20,6,6)
w(29,12,20,7,7)
w(27,24,20,8,8)
w(24,24,20,9,9)
w(44,22,20,10,10)
w(63,23,20,11,11)
w(91,17,20,12,12)
w(35,22,20,13,13)
w(58,22,20,14,14)
w(42,20,20,15,15)
w(43,21,20,16,16)
w(89,18,20,17,17)
w(69,19,20,18,18)
w(69,20,20,19,19)
w(52,17,20,20,20)
w(3,22,20,21,21)
w(83,21,20,22,22)
w(97,19,20,23,23)
w(69,21,20,24,24)
w(48,27,20,25,25)
w(78,17,20,26,26)
w(2,25,20,27,27)
w(63,24,20,28,28)
w(16,12,20,29,29)
w(64,18,20,30,30)
w(11,20,20,31,31)
w(86,15,20,32,32)
r(87,15,20,33,33)
w(56,18,20,34,34)
w(61,21,20,35,35)
w(96,24,20,36,36)
w(0,18,20,37,37)
w(75,19,20,38,38)
r(1,16,20,39,39)
w(30,16,20,40,40)
w(95,19,20,41,41)
w(76,16,20,42,42)
w(56,19,20,43,43)
w(13,16,20,44,44)
w(14,19,20,45,45)
w(3,23,20,46,46)
w(11,21,20,47,47)
w(59,20,20,48,48)
w(11,22,20,49,49)
w(81,20,20,50,50)
w(74,27,20,51,51)
w(12,22,20,52,52)
w(21,13,20,53,53)
w(11,23,20,54,54)
r(30,16,20,55,55)
w(81,21,20,56,56)
w(14,20,20,57,57)
w(71,25,20,58,58)
w(45,15,20,59,59)
w(65,14,20,60,60)
w(29,13,20,61,61)
w(41,23,20,62,62)
w(86,16,20,63,63)
w(59,21,20,64,64)
w(23,15,20,65,65)
w(82,11,20,66,66)
w(82,12,20,67,67)
w(54,19,20,68,68)
w(69,22,20,69,69)
w(2,26,20,70,70)
w(17,19,20,71,71)
w(96,25,20,72,72)
w(51,13,20,73,73)
w(47,20,20,74,74)
w(24,25,20,75,75)
w(82,13,20,76,76)
w(50,17,20,77,77)
w(38,13,20,78,78)
w(46,23,20,79,79)
w(44,23,20,80,80)
w(80,18,20,81,81)
w(93,15,20,82,82)
w(59,22,20,83,83)
w(28,20,20,84,84)
w(35,23,20,85,85)
w(44,24,20,86,86)
r(26,16,20,87,87)
w(35,24,20,88,88)
w(55,20,20,89,89)
w(0,19,20,90,90)
w(76,17,20,91,91)
w(37,13,20,92,92)
w(50,18,20,93,93)
w(8,20,20,94,94)
w(42,21,20,95,95)
w(47,21,20,96,96)
w(38,14,20,97,97)
w(76,18,20,98,98)
w(8,21,20,99,99)
w(11,24,21,0,0)
w(20,19,21,1,1)
w(35,25,21,2,2)
w(81,22,21,3,3)
r(4,27,21,4,4)
w(18,20,21,5,5)
w(98,25,21,6,6)
w(47,22,21,7,7)
w(52,18,21,8,8)
w(31,30,21,9,9)
r(47,22,21,10,10)
w(33,21,21,11,11)
w(34,20,21,12,12)
w(27,25,21,13,13)
r(6,15,21,14,14)
w(76,19,21,15,15)
w(19,21,21,16,16)
r(57,23,21,17,17)
w(18,21,21,18,18)
w(28,21,21,19,19)
w(71,26,21,20,20)
w(25,14,21,21,21)
w(48,28,21,22,22)
w(21,14,21,23,23)
r(25,14,21,24,24)
w(39,20,21,25,25)
w(35,26,21,26,26)
w(96,26,21,27,27)
w(11,25,21,28,28)
w(99,18,21,29,29)
w(5,16,21,30,30)
w(29,14,21,31,31)
w(20,20,21,32,32)
w(98,26,21,33,33)
w(88,19,21,34,34)
w(96,27,21,35,35)
r(64,18,21,36,36)
w(71,27,21,37,37)
w(11,26,21,38,38)
w(47,23,21,39,39)
w(58,23,21,40,40)
w(38,15,21,41,41)
w(15,22,21,42,42)
w(75,20,21,43,43)
w(29,15,21,44,44)
w(57,24,21,45,45)
w(97,20,21,46,46)
w(38,16,21,47,47)
w(44,25,21,48,48)
w(61,22,21,49,49)
w(25,15,21,50,50)
w(40,14,21,51,51)
w(90,19,21,52,52)
w(71,28,21,53,53)
w(2,27,21,54,54)
w(61,23,21,55,55)
w(59,23,21,56,56)
w(61,24,21,57,57)
w(95,20,21,58,58)
w(95,21,21,59,59)
w(23,16,21,60,60)
r(78,17,21,61,61)
w(49,13,21,62,62)
w(81,23,21,63,63)
w(72,16,21,64,64)
w(54,20,21,65,65)
w(52,19,21,66,66)
w(64,19,21,67,67)
w(15,23,21,68,68)
w(90,20,21,69,69)
w(6,16,21,70,70)
w(8,22,21,71,71)
r(90,20,21,72,72)
r(75,20,21,73,73)
w(72,17,21,74,74)
w(53,18,21,75,75)
w(81,24,21,76,76)
w(8,23,21,77,77)
w(89,19,21,78,78)
w(45,16,21,79,79)
w(77,17,21,80,80)
w(58,24,21,81,81)
w(19,22,21,82,82)
w(29,16,21,83,83)
w(93,16,21,84,84)
r(63,24,21,85,85)
w(74,28,21,86,86)
w(88,20,21,87,87)
w(54,21,21,88,88)
w(3,24,21,89,89)
w(71,29,21,90,90)
w(45,17,21,91,91)
w(10,16,21,92,92)
w(40,15,21,93,93)
w(90,21,21,94,94)
w(49,14,21,95,95)
w(13,17,21,96,96)
w(68,18,21,97,97)
r(65,14,21,98,98)
w(71,30,21,99,99)
w(12,23,22,0,0)
w(69,23,22,1,1)
w(96,28,22,2,2)
w(27,26,22,3,3)
w(2,28,22,4,4)
w(79,20,22,5,5)
w(48,29,22,6,6)
w(44,26,22,7,7)
w(85,14,22,8,8)
w(78,18,22,9,9)
r(60,18,22,10,10)
w(35,27,22,11,11)
r(92,11,22,12,12)
w(76,20,22,13,13)
w(6,17,22,14,14)
w(96,29,22,15,15)
w(24,26,22,16,16)
w(39,21,22,17,17)
r(74,28,22,18,18)
w(19,23,22,19,19)
w(21,15,22,20,20)
w(31,31,22,21,21)
w(77,18,22,22,22)
w(89,20,22,23,23)
w(55,21,22,24,24)
w(86,17,22,25,25)
w(91,18,22,26,26)
w(76,21,22,27,27)
w(37,14,22,28,28)
w(81,25,22,29,29)
w(85,15,22,30,30)
w(83,22,22,31,31)
w(19,24,22,32,32)
w(48,30,22,33,33)
r(99,18,22,34,34)
w(79,21,22,35,35)
w(77,19,22,36,36)
w(31,32,22,37,37)
w(78,19,22,38,38)
w(95,22,22,39,39)
w(9,20,22,40,40)
w(80,19,22,41,41)
w(67,22,22,42,42)
w(37,15,22,43,43)
w(2,29,22,44,44)
w(59,24,22,45,45)
w(88,21,22,46,46)
r(35,27,22,47,47)
w(44,27,22,48,48)
w(70,14,22,49,49)
w(61,25,22,50,50)
w(61,26,22,51,51)
w(29,17,22,52,52)
r(16,12,22,53,53)
w(81,26,22,54,54)
w(60,19,22,55,55)
w(79,22,22,56,56)
w(71,31,22,57,57)
w(93,17,22,58,58)
w(77,20,22,59,59)
w(16,13,22,60,60)
w(9,21,22,61,61)
w(19,25,22,62,62)
r(61,26,22,63,63)
w(31,33,22,64,64)
w(84,20,22,65,65)
w(89,21,22,66,66)
w(89,22,22,67,67)
r(14,20,22,68,68)
w(36,20,22,69,69)
w(57,25,22,70,70)
w(49,15,22,71,71)
w(43,22,22,72,72)
w(1,17,22,73,73)
w(43,23,22,74,74)
w(49,16,22,75,75)
w(53,19,22,76,76)
w(17,20,22,77,77)
w(6,18,22,78,78)
w(60,20,22,79,79)
w(19,26,22,80,80)
w(35,28,22,81,81)
w(15,24,22,82,82)
w(73,19,22,83,83)
w(57,26,22,84,84)
w(59,25,22,85,85)
w(24,27,22,86,86)
r(34,20,22,87,87)
w(47,24,22,88,88)
w(48,31,22,89,89)
w(95,23,22,90,90)
r(6,18,22,91,91)
w(81,27,22,92,92)
w(14,21,22,93,93)
w(53,20,22,94,94)
w(95,24,22,95,95)
r(84,20,22,96,96)
w(93,18,22,97,97)
r(99,18,22,98,98)
w(15,25,22,99,99)
w(51,14,23,0,0)
w(58,25,23,1,1)
w(61,27,23,2,2)
w(85,16,23,3,3)
w(8,24,23,4,4)
r(62,15,23,5,5)
w(4,28,23,6,6)
w(23,17,23,7,7)
w(21,16,23,8,8)
w(24,28,23,9,9)
w(85,17,23,10,10)
w(22,22,23,11,11)
w(75,21,23,12,12)
w(69,24,23,13,13)
r(76,21,23,14,14)
w(29,18,23,15,15)
w(94,14,23,16,16)
w(44,28,23,17,17)
w(32,22,23,18,18)
w(2,30,23,19,19)
w(53,21,23,20,20)
w(17,21,23,21,21)
w(84,21,23,22,22)
w(76,22,23,23,23)
w(19,27,23,24,24)
w(58,26,23,25,25)
r(63,24,23,26,26)
w(64,20,23,27,27)
w(1,18,23,28,28)
w(36,21,23,29,29)
w(41,24,23,30,30)
w(39,22,23,31,31)
w(92,12,23,32,32)
w(26,17,23,33,33)
r(20,20,23,34,34)
w(29,19,23,35,35)
w(70,15,23,36,36)
w(49,17,23,37,37)
w(73,20,23,38,38)
w(75,22,23,39,39)
w(12,24,23,40,40)
w(88,22,23,41,41)
w(4,29,23,42,42)
r(22,22,23,43,43)
w(46,24,23,44,44)
w(50,19,23,45,45)
w(15,26,23,46,46)
r(33,21,23,47,47)
w(16,14,23,48,48)
w(30,17,23,49,49)
w(52,20,23,50,50)
w(86,18,23,51,51)
w(14,22,23,52,52)
w(22,23,23,53,53)
w(63,25,23,54,54)
r(88,22,23,55,55)
r(8,24,23,56,56)
w(30,18,23,57,57)
w(39,23,23,58,58)
w(57,27,23,59,59)
w(3,25,23,60,60)
w(71,32,23,61,61)
w(36,22,23,62,62)
w(31,34,23,63,63)
w(39,24,23,64,64)
w(20,21,23,65,65)
w(56,20,23,66,66)
w(60,21,23,67,67)
r(48,31,23,68,68)
w(32,23,23,69,69)
w(74,29,23,70,70)
r(2,30,23,71,71)
w(65,15,23,72,72)
w(85,18,23,73,73)
w(72,18,23,74,74)
w(74,30,23,75,75)
r(23,17,23,76,76)
r(23,17,23,77,77)
r(14,22,23,78,78)
w(52,21,23,79,79)
w(81,28,23,80,80)
w(78,20,23,81,81)
w(78,21,23,82,82)
w(61,28,23,83,83)
w(87,16,23,84,84)
w(38,17,23,85,85)
w(6,19,23,86,86)
w(98,27,23,87,87)
w(21,17,23,88,88)
w(10,17,23,89,89)
w(52,22,23,90,90)
r(62,15,23,91,91)
w(15,27,23,92,92)
w(63,26,23,93,93)
w(99,19,23,94,94)
w(34,21,23,95,95)
w(72,19,23,96,96)
w(61,29,23,97,97)
w(97,21,23,98,98)
w(20,22,23,99,99)
w(46,25,24,0,0)
w(81,29,24,1,1)
w(78,22,24,2,2)
w(54,22,24,3,3)
r(99,19,24,4,4)
r(11,26,24,5,5)
w(21,18,24,6,6)
w(99,20,24,7,7)
w(61,30,24,8,8)
w(39,25,24,9,9)
w(18,22,24,10,10)
r(38,17,24,11,11)
w(45,18,24,12,12)
w(57,28,24,13,13)
w(10,18,24,14,14)
w(44,29,24,15,15)
w(8,25,24,16,16)
w(72,20,24,17,17)
w(87,17,24,18,18)
w(81,30,24,19,19)
w(6,20,24,20,20)
r(3,25,24,21,21)
w(31,35,24,22,22)
w(70,16,24,23,23)
w(75,23,24,24,24)
w(95,25,24,25,25)
w(91,19,24,26,26)
w(72,21,24,27,27)
w(65,16,24,28,28)
w(32,24,24,29,29)
w(62,16,24,30,30)
w(31,36,24,31,31)
w(88,23,24,32,32)
w(97,22,24,33,33)
w(39,26,24,34,34)
w(66,22,24,35,35)
w(93,19,24,36,36)
w(53,22,24,37,37)
w(88,24,24,38,38)
w(7,18,24,39,39)
w(89,23,24,40,40)
w(51,15,24,41,41)
w(23,18,24,42,42)
r(42,21,24,43,43)
w(39,27,24,44,44)
w(38,18,24,45,45)
r(47,24,24,46,46)
w(27,27,24,47,47)
w(5,17,24,48,48)
w(3,26,24,49,49)
w(91,20,24,50,50)
r(50,19,24,51,51)
w(86,19,24,52,52)
w(38,19,24,53,53)
w(30,19,24,54,54)
w(16,15,24,55,55)
w(68,19,24,56,56)
w(57,29,24,57,57)
w(12,25,24,58,58)
w(27,28,24,59,59)
w(10,19,24,60,60)
w(63,27,24,61,61)
w(1,19,24,62,62)
w(51,16,24,63,63)
w(31,37,24,64,64)
w(30,20,24,65,65)
w(68,20,24,66,66)
w(93,20,24,67,67)
w(33,22,24,68,68)
w(47,25,24,69,69)
w(92,13,24,70,70)
w(6,21,24,71,71)
w(88,25,24,72,72)
w(94,15,24,73,73)
w(44,30,24,74,74)
w(79,23,24,75,75)
r(11,26,24,76,76)
w(37,16,24,77,77)
w(96,30,24,78,78)
w(30,21,24,79,79)
w(48,32,24,80,80)
w(41,25,24,81,81)
w(25,16,24,82,82)
w(48,33,24,83,83)
w(67,23,24,84,84)
w(13,18,24,85,85)
w(63,28,24,86,86)
w(24,29,24,87,87)
r(1,19,24,88,88)
w(78,23,24,89,89)
w(6,22,24,90,90)
w(87,18,24,91,91)
r(37,16,24,92,92)
w(57,30,24,93,93)
w(62,17,24,94,94)
r(73,20,24,95,95)
w(68,21,24,96,96)
w(38,20,24,97,97)
w(59,26,24,98,98)
r(13,18,24,99,99)
w(75,24,25,0,0)
w(11,27,25,1,1)
w(8,26,25,2,2)
w(39,28,25,3,3)
w(53,23,25,4,4)
w(37,17,25,5,5)
w(28,22,25,6,6)
w(33,23,25,7,7)
w(27,29,25,8,8)
w(60,22,25,9,9)
w(0,20,25,10,10)
w(12,26,25,11,11)
r(78,23,25,12,12)
w(9,22,25,13,13)
w(46,26,25,14,14)
w(68,22,25,15,15)
w(98,28,25,16,16)
w(82,14,25,17,17)
w(39,29,25,18,18)
w(23,19,25,19,19)
w(90,22,25,20,20)
w(45,19,25,21,21)
w(51,17,25,22,22)
w(91,21,25,23,23)
w(17,22,25,24,24)
w(87,19,25,25,25)
w(36,23,25,26,26)
w(67,24,25,27,27)
w(66,23,25,28,28)
w(43,24,25,29,29)
w(70,17,25,30,30)
w(22,24,25,31,31)
w(39,30,25,32,32)
w(68,23,25,33,33)
w(44,31,25,34,34)
r(73,20,25,35,35)
w(90,23,25,36,36)
w(72,22,25,37,37)
w(3,27,25,38,38)
r(63,28,25,39,39)
w(32,25,25,40,40)
w(61,31,25,41,41)
w(31,38,25,42,42)
w(25,17,25,43,43)
w(64,21,25,44,44)
w(65,17,25,45,45)
w(89,24,25,46,46)
w(28,23,25,47,47)
w(50,20,25,48,48)
r(47,25,25,49,49)
w(26,18,25,50,50)
w(87,20,25,51,51)
w(74,31,25,52,52)
w(67,25,25,53,53)
w(99,21,25,54,54)
w(84,22,25,55,55)
w(5,18,25,56,56)
w(37,18,25,57,57)
w(62,18,25,58,58)
w(45,20,25,59,59)
w(73,21,25,60,60)
w(17,23,25,61,61)
w(96,31,25,62,62)
w(22,25,25,63,63)
r(62,18,25,64,64)
w(92,14,25,65,65)
w(62,19,25,66,66)
w(5,19,25,67,67)
w(97,23,25,68,68)
w(95,26,25,69,69)
w(5,20,25,70,70)
w(63,29,25,71,71)
w(69,25,25,72,72)
w(25,18,25,73,73)
w(84,23,25,74,74)
w(78,24,25,75,75)
w(14,23,25,76,76)
w(95,27,25,77,77)
w(50,21,25,78,78)
w(84,24,25,79,79)
w(57,31,25,80,80)
w(64,22,25,81,81)
w(94,16,25,82,82)
w(49,18,25,83,83)
w(88,26,25,84,84)
w(83,23,25,85,85)
w(94,17,25,86,86)
w(19,28,25,87,87)
w(85,19,25,88,88)
w(70,18,25,89,89)
w(14,24,25,90,90)
w(83,24,25,91,91)
w(61,32,25,92,92)
w(68,24,25,93,93)
w(33,24,25,94,94)
w(29,20,25,95,95)
w(23,20,25,96,96)
r(43,24,25,97,97)
w(47,26,25,98,98)
w(55,22,25,99,99)
w(50,22,26,0,0)
w(67,26,26,1,1)
w(36,24,26,2,2)
w(34,22,26,3,3)
w(19,29,26,4,4)
w(25,19,26,5,5)
w(67,27,26,6,6)
w(53,24,26,7,7)
w(46,27,26,8,8)
w(79,24,26,9,9)
w(3,28,26,10,10)
w(17,24,26,11,11)
r(95,27,26,12,12)
w(87,21,26,13,13)
w(35,29,26,14,14)
w(40,16,26,15,15)
w(76,23,26,16,16)
w(74,32,26,17,17)
w(75,25,26,18,18)
w(92,15,26,19,19)
w(94,18,26,20,20)
w(84,25,26,21,21)
w(86,20,26,22,22)
w(23,21,26,23,23)
w(61,33,26,24,24)
w(22,26,26,25,25)
w(11,28,26,26,26)
w(46,28,26,27,27)
w(94,19,26,28,28)
w(84,26,26,29,29)
w(84,27,26,30,30)
w(66,24,26,31,31)
w(7,19,26,32,32)
w(81,31,26,33,33)
w(88,27,26,34,34)
w(89,25,26,35,35)
w(93,21,26,36,36)
w(89,26,26,37,37)
w(42,22,26,38,38)
w(17,25,26,39,39)
w(24,30,26,40,40)
w(9,23,26,41,41)
w(62,20,26,42,42)
w(99,22,26,43,43)
w(85,20,26,44,44)
r(66,24,26,45,45)
w(32,26,26,46,46)
w(27,30,26,47,47)
w(86,21,26,48,48)
w(24,31,26,49,49)
w(30,22,26,50,50)
w(8,27,26,51,51)
w(13,19,26,52,52)
w(89,27,26,53,53)
w(75,26,26,54,54)
w(36,25,26,55,55)
w(1,20,26,56,56)
w(42,23,26,57,57)
w(23,22,26,58,58)
w(81,32,26,59,59)
w(14,25,26,60,60)
w(68,25,26,61,61)
r(72,22,26,62,62)
r(36,25,26,63,63)
w(16,16,26,64,64)
w(18,23,26,65,65)
w(37,19,26,66,66)
w(21,19,26,67,67)
w(11,29,26,68,68)
w(33,25,26,69,69)
w(0,21,26,70,70)
w(79,25,26,71,71)
w(29,21,26,72,72)
w(96,32,26,73,73)
w(79,26,26,74,74)
w(46,29,26,75,75)
w(6,23,26,76,76)
w(0,22,26,77,77)
w(96,33,26,78,78)
w(13,20,26,79,79)
w(97,24,26,80,80)
w(50,23,26,81,81)
w(52,23,26,82,82)
w(54,23,26,83,83)
w(32,27,26,84,84)
w(83,25,26,85,85)
r(61,33,26,86,86)
w(55,23,26,87,87)
w(90,24,26,88,88)
w(51,18,26,89,89)
w(22,27,26,90,90)
w(86,22,26,91,91)
r(70,18,26,92,92)
w(84,28,26,93,93)
w(24,32,26,94,94)
w(67,28,26,95,95)
w(81,33,26,96,96)
w(88,28,26,97,97)
w(25,20,26,98,98)
w(38,21,26,99,99)
w(13,21,27,0,0)
w(1,21,27,1,1)
r(65,17,27,2,2)
w(35,30,27,3,3)
w(63,30,27,4,4)
w(9,24,27,5,5)
w(16,17,27,6,6)
w(81,34,27,7,7)
w(79,27,27,8,8)
w(37,20,27,9,9)
w(23,23,27,10,10)
w(96,34,27,11,11)
w(70,19,27,12,12)
w(75,27,27,13,13)
w(66,25,27,14,14)
w(82,15,27,15,15)
r(12,26,27,16,16)
w(70,20,27,17,17)
w(33,26,27,18,18)
w(68,26,27,19,19)
w(7,20,27,20,20)
w(36,26,27,21,21)
w(43,25,27,22,22)
w(50,24,27,23,23)
w(45,21,27,24,24)
w(82,16,27,25,25)
w(98,29,27,26,26)
r(38,21,27,27,27)
w(85,21,27,28,28)
r(67,28,27,29,29)
w(81,35,27,30,30)
r(73,21,27,31,31)
w(46,30,27,32,32)
w(28,24,27,33,33)
w(85,22,27,34,34)
r(93,21,27,35,35)
w(22,28,27,36,36)
w(38,22,27,37,37)
w(49,19,27,38,38)
w(44,32,27,39,39)
w(24,33,27,40,40)
w(38,23,27,41,41)
w(35,31,27,42,42)
w(11,30,27,43,43)
w(42,24,27,44,44)
w(12,27,27,45,45)
w(51,19,27,46,46)
w(47,27,27,47,47)
r(27,30,27,48,48)
w(42,25,27,49,49)
w(62,21,27,50,50)
w(93,22,27,51,51)
w(71,33,27,52,52)
w(13,22,27,53,53)
w(92,16,27,54,54)
w(67,29,27,55,55)
w(46,31,27,56,56)
w(50,25,27,57,57)
w(55,24,27,58,58)
w(51,20,27,59,59)
r(83,25,27,60,60)
r(88,28,27,61,61)
r(36,26,27,62,62)
r(30,22,27,63,63)
w(35,32,27,64,64)
w(48,34,27,65,65)
w(79,28,27,66,66)
w(94,20,27,67,67)
w(21,20,27,68,68)
w(85,23,27,69,69)
w(71,34,27,70,70)
w(17,26,27,71,71)
w(54,24,27,72,72)
w(96,35,27,73,73)
w(59,27,27,74,74)
w(43,26,27,75,75)
r(82,16,27,76,76)
r(82,16,27,77,77)
w(8,28,27,78,78)
w(34,23,27,79,79)
w(38,24,27,80,80)
w(37,21,27,81,81)
w(8,29,27,82,82)
w(47,28,27,83,83)
w(15,28,27,84,84)
w(60,23,27,85,85)
w(21,21,27,86,86)
w(40,17,27,87,87)
w(99,23,27,88,88)
w(93,23,27,89,89)
w(10,20,27,90,90)
w(72,23,27,91,91)
w(95,28,27,92,92)
w(44,33,27,93,93)
w(85,24,27,94,94)
w(66,26,27,95,95)
w(98,30,27,96,96)
w(73,22,27,97,97)
w(43,27,27,98,98)
w(20,23,27,99,99)
w(30,23,28,0,0)
w(14,26,28,1,1)
w(21,22,28,2,2)
w(52,24,28,3,3)
w(56,21,28,4,4)
w(84,29,28,5,5)
w(53,25,28,6,6)
w(45,22,28,7,7)
w(27,31,28,8,8)
w(73,23,28,9,9)
w(4,30,28,10,10)
w(83,26,28,11,11)
w(57,32,28,12,12)
w(11,31,28,13,13)
w(59,28,28,14,14)
w(27,32,28,15,15)
w(82,17,28,16,16)
w(70,21,28,17,17)
w(63,31,28,18,18)
r(68,26,28,19,19)
r(53,25,28,20,20)
w(36,27,28,21,21)
w(76,24,28,22,22)
w(43,28,28,23,23)
w(63,32,28,24,24)
w(64,23,28,25,25)
w(5,21,28,26,26)
w(21,23,28,27,27)
w(56,22,28,28,28)
w(29,22,28,29,29)
w(22,29,28,30,30)
w(9,25,28,31,31)
w(92,17,28,32,32)
w(73,24,28,33,33)
w(54,25,28,34,34)
w(76,25,28,35,35)
w(53,26,28,36,36)
w(97,25,28,37,37)
w(45,23,28,38,38)
r(72,23,28,39,39)
w(88,29,28,40,40)
w(20,24,28,41,41)
w(51,21,28,42,42)
w(71,35,28,43,43)
w(66,27,28,44,44)
w(83,27,28,45,45)
w(4,31,28,46,46)
w(16,18,28,47,47)
w(3,29,28,48,48)
w(93,24,28,49,49)
w(15,29,28,50,50)
w(88,30,28,51,51)
w(14,27,28,52,52)
w(22,30,28,53,53)
w(46,32,28,54,54)
w(54,26,28,55,55)
w(15,30,28,56,56)
w(95,29,28,57,57)
w(37,22,28,58,58)
w(54,27,28,59,59)
w(75,28,28,60,60)
w(40,18,28,61,61)
w(24,34,28,62,62)
w(53,27,28,63,63)
w(73,25,28,64,64)
w(84,30,28,65,65)
w(86,23,28,66,66)
w(62,22,28,67,67)
w(37,23,28,68,68)
w(15,31,28,69,69)
w(86,24,28,70,70)
w(9,26,28,71,71)
w(25,21,28,72,72)
r(67,29,28,73,73)
w(48,35,28,74,74)
w(44,34,28,75,75)
w(22,31,28,76,76)
w(36,28,28,77,77)
w(87,22,28,78,78)
w(42,26,28,79,79)
w(74,33,28,80,80)
w(88,31,28,81,81)
w(41,26,28,82,82)
w(33,27,28,83,83)
w(11,32,28,84,84)
w(75,29,28,85,85)
w(90,25,28,86,86)
w(6,24,28,87,87)
r(19,29,28,88,88)
w(61,34,28,89,89)
w(78,25,28,90,90)
w(92,18,28,91,91)
w(38,25,28,92,92)
w(12,28,28,93,93)
w(26,19,28,94,94)
w(91,22,28,95,95)
w(90,26,28,96,96)
w(16,19,28,97,97)
w(1,22,28,98,98)
w(21,24,28,99,99)
w(45,24,29,0,0)
w(37,24,29,1,1)
w(73,26,29,2,2)
r(18,23,29,3,3)
w(20,25,29,4,4)
w(65,18,29,5,5)
w(71,36,29,6,6)
w(37,25,29,7,7)
w(15,32,29,8,8)
w(45,25,29,9,9)
w(34,24,29,10,10)
w(24,35,29,11,11)
w(24,36,29,12,12)
w(44,35,29,13,13)
w(83,28,29,14,14)
w(8,30,29,15,15)
w(83,29,29,16,16)
w(82,18,29,17,17)
w(49,20,29,18,18)
w(28,25,29,19,19)
w(12,29,29,20,20)
w(77,21,29,21,21)
w(66,28,29,22,22)
r(78,25,29,23,23)
w(16,20,29,24,24)
w(91,23,29,25,25)
w(32,28,29,26,26)
w(7,21,29,27,27)
w(74,34,29,28,28)
w(55,25,29,29,29)
w(84,31,29,30,30)
w(2,31,29,31,31)
r(13,22,29,32,32)
w(3,30,29,33,33)
w(20,26,29,34,34)
w(28,26,29,35,35)
w(50,26,29,36,36)
w(27,33,29,37,37)
w(79,29,29,38,38)
w(2,32,29,39,39)
r(85,24,29,40,40)
w(90,27,29,41,41)
r(58,26,29,42,42)
w(92,19,29,43,43)
w(31,39,29,44,44)
w(62,23,29,45,45)
w(38,26,29,46,46)
w(31,40,29,47,47)
w(78,26,29,48,48)
w(40,19,29,49,49)
w(62,24,29,50,50)
w(93,25,29,51,51)
w(59,29,29,52,52)
w(55,26,29,53,53)
w(6,25,29,54,54)
w(78,27,29,55,55)
w(51,22,29,56,56)
w(56,23,29,57,57)
w(16,21,29,58,58)
w(17,27,29,59,59)
w(76,26,29,60,60)
r(23,23,29,61,61)
w(94,21,29,62,62)
w(33,28,29,63,63)
w(71,37,29,64,64)
w(53,28,29,65,65)
w(58,27,29,66,66)
w(31,41,29,67,67)
w(61,35,29,68,68)
w(0,23,29,69,69)
w(8,31,29,70,70)
w(88,32,29,71,71)
w(77,22,29,72,72)
w(6,26,29,73,73)
w(92,20,29,74,74)
w(84,32,29,75,75)
w(4,32,29,76,76)
w(33,29,29,77,77)
w(40,20,29,78,78)
w(87,23,29,79,79)
w(40,21,29,80,80)
w(47,29,29,81,81)
w(56,24,29,82,82)
w(78,28,29,83,83)
w(45,26,29,84,84)
r(84,32,29,85,85)
w(68,27,29,86,86)
w(83,30,29,87,87)
w(73,27,29,88,88)
w(96,36,29,89,89)
w(40,22,29,90,90)
w(26,20,29,91,91)
w(52,25,29,92,92)
w(90,28,29,93,93)
w(99,24,29,94,94)
w(78,29,29,95,95)
w(25,22,29,96,96)
w(0,24,29,97,97)
w(20,27,29,98,98)
w(38,27,29,99,99)
