r(45,0,0,0,0)
r(109,0,0,1,1)
r(0,0,0,2,2)
r(487,0,0,3,3)
r(804,0,0,4,4)
r(8,0,0,5,5)
r(0,0,0,6,6)
r(1,0,0,7,7)
w(1,1,0,8,8)
r(0,0,0,9,9)
r(765,0,0,10,10)
r(76,0,0,11,11)
r(0,0,0,12,12)
r(157,0,0,13,13)
r(99,0,0,14,14)
r(0,0,0,15,15)
r(0,0,0,16,16)
w(22,1,0,17,17)
r(12,0,0,18,18)
r(37,0,0,19,19)
r(267,0,0,20,20)
r(287,0,0,21,21)
r(1,1,0,22,22)
r(41,0,0,23,23)
r(0,0,0,24,24)
r(16,0,0,25,25)
r(0,0,0,26,26)
r(1,1,0,27,27)
w(129,1,0,28,28)
r(10,0,0,29,29)
r(12,0,0,30,30)
r(903,0,0,31,31)
r(0,0,0,32,32)
r(5,0,0,33,33)
r(785,0,0,34,34)
r(7,0,0,35,35)
r(0,0,0,36,36)
r(0,0,0,37,37)
r(66,0,0,38,38)
r(4,0,0,39,39)
r(761,0,0,40,40)
r(299,0,0,41,41)
w(23,1,0,42,42)
r(186,0,0,43,43)
r(111,0,0,44,44)
r(47,0,0,45,45)
r(1,1,0,46,46)
r(5,0,0,47,47)
r(206,0,0,48,48)
r(970,0,0,49,49)
r(11,0,0,50,50)
r(0,0,0,51,51)
r(220,0,0,52,52)
r(7,0,0,53,53)
r(17,0,0,54,54)
r(545,0,0,55,55)
r(6,0,0,56,56)
r(7,0,0,57,57)
r(3,0,0,58,58)
r(54,0,0,59,59)
r(13,0,0,60,60)
r(37,0,0,61,61)
r(779,0,0,62,62)
r(345,0,0,63,63)
r(0,0,0,64,64)
w(353,1,0,65,65)
r(64,0,0,66,66)
r(1,1,0,67,67)
w(810,1,0,68,68)
r(62,0,0,69,69)
r(0,0,0,70,70)
r(495,0,0,71,71)
r(3,0,0,72,72)
r(0,0,0,73,73)
r(172,0,0,74,74)
r(3,0,0,75,75)
r(65,0,0,76,76)
r(4,0,0,77,77)
r(0,0,0,78,78)
r(37,0,0,79,79)
r(88,0,0,80,80)
w(324,1,0,81,81)
r(105,0,0,82,82)
r(2,0,0,83,83)
r(5,0,0,84,84)
r(9,0,0,85,85)
r(58,0,0,86,86)
w(146,1,0,87,87)
r(143,0,0,88,88)
r(0,0,0,89,89)
r(144,0,0,90,90)
r(19,0,0,91,91)
r(996,0,0,92,92)
w(12,1,0,93,93)
r(141,0,0,94,94)
r(0,0,0,95,95)
r(127,0,0,96,96)
r(378,0,0,97,97)
r(5,0,0,98,98)
r(0,0,0,99,99)
r(153,0,1,0,0)
r(1,1,1,1,1)
r(491,0,1,2,2)
r(0,0,1,3,3)
w(307,1,1,4,4)
w(2,1,1,5,5)
r(412,0,1,6,6)
r(340,0,1,7,7)
r(72,0,1,8,8)
r(24,0,1,9,9)
r(110,0,1,10,10)
r(270,0,1,11,11)
r(0,0,1,12,12)
r(8,0,1,13,13)
r(105,0,1,14,14)
r(0,0,1,15,15)
r(0,0,1,16,16)
r(0,0,1,17,17)
r(69,0,1,18,18)
r(4,0,1,19,19)
r(111,0,1,20,20)
r(1,1,1,21,21)
r(4,0,1,22,22)
r(292,0,1,23,23)
r(145,0,1,24,24)
w(14,1,1,25,25)
r(759,0,1,26,26)
r(264,0,1,27,27)
r(3,0,1,28,28)
r(13,0,1,29,29)
r(9,0,1,30,30)
w(1,2,1,31,31)
w(522,1,1,32,32)
r(299,0,1,33,33)
r(0,0,1,34,34)
r(4,0,1,35,35)
r(792,0,1,36,36)
r(7,0,1,37,37)
r(11,0,1,38,38)
r(2,1,1,39,39)
r(252,0,1,40,40)
r(6,0,1,41,41)
r(1,2,1,42,42)
r(32,0,1,43,43)
r(6,0,1,44,44)
r(2,1,1,45,45)
w(42,1,1,46,46)
r(79,0,1,47,47)
r(797,0,1,48,48)
r(40,0,1,49,49)
r(195,0,1,50,50)
r(0,0,1,51,51)
r(72,0,1,52,52)
r(45,0,1,53,53)
r(2,1,1,54,54)
r(1,2,1,55,55)
r(5,0,1,56,56)
r(187,0,1,57,57)
w(467,1,1,58,58)
r(57,0,1,59,59)
r(7,0,1,60,60)
r(0,0,1,61,61)
r(1,2,1,62,62)
r(2,1,1,63,63)
w(107,1,1,64,64)
r(10,0,1,65,65)
r(0,0,1,66,66)
r(11,0,1,67,67)
r(11,0,1,68,68)
r(0,0,1,69,69)
r(3,0,1,70,70)
r(0,0,1,71,71)
r(56,0,1,72,72)
r(73,0,1,73,73)
r(13,0,1,74,74)
r(1,2,1,75,75)
r(0,0,1,76,76)
r(370,0,1,77,77)
w(680,1,1,78,78)
r(739,0,1,79,79)
r(3,0,1,80,80)
r(19,0,1,81,81)
r(229,0,1,82,82)
r(1,2,1,83,83)
r(62,0,1,84,84)
r(279,0,1,85,85)
r(39,0,1,86,86)
r(3,0,1,87,87)
r(0,0,1,88,88)
r(3,0,1,89,89)
w(54,1,1,90,90)
r(9,0,1,91,91)
r(1,2,1,92,92)
r(119,0,1,93,93)
r(0,0,1,94,94)
r(7,0,1,95,95)
r(7,0,1,96,96)
r(0,0,1,97,97)
r(0,0,1,98,98)
r(27,0,1,99,99)
r(3,0,2,0,0)
r(530,0,2,1,1)
r(6,0,2,2,2)
r(4,0,2,3,3)
r(1,2,2,4,4)
r(19,0,2,5,5)
r(709,0,2,6,6)
r(0,0,2,7,7)
r(664,0,2,8,8)
r(163,0,2,9,9)
r(408,0,2,10,10)
r(179,0,2,11,11)
r(2,1,2,12,12)
r(16,0,2,13,13)
r(0,0,2,14,14)
r(147,0,2,15,15)
r(117,0,2,16,16)
r(228,0,2,17,17)
r(24,0,2,18,18)
r(5,0,2,19,19)
r(242,0,2,20,20)
r(16,0,2,21,21)
r(62,0,2,22,22)
r(318,0,2,23,23)
w(1,3,2,24,24)
w(320,1,2,25,25)
r(11,0,2,26,26)
r(1,3,2,27,27)
w(2,2,2,28,28)
w(828,1,2,29,29)
r(114,0,2,30,30)
r(38,0,2,31,31)
w(477,1,2,32,32)
r(343,0,2,33,33)
r(77,0,2,34,34)
r(3,0,2,35,35)
r(264,0,2,36,36)
r(3,0,2,37,37)
w(459,1,2,38,38)
r(28,0,2,39,39)
w(0,1,2,40,40)
r(280,0,2,41,41)
r(0,1,2,42,42)
r(3,0,2,43,43)
r(400,0,2,44,44)
r(275,0,2,45,45)
w(12,2,2,46,46)
r(141,0,2,47,47)
r(8,0,2,48,48)
w(32,1,2,49,49)
r(29,0,2,50,50)
r(5,0,2,51,51)
r(752,0,2,52,52)
r(14,1,2,53,53)
r(0,1,2,54,54)
w(0,2,2,55,55)
r(0,2,2,56,56)
w(67,1,2,57,57)
r(36,0,2,58,58)
r(7,0,2,59,59)
r(83,0,2,60,60)
r(804,0,2,61,61)
r(4,0,2,62,62)
r(4,0,2,63,63)
r(131,0,2,64,64)
r(1,3,2,65,65)
r(157,0,2,66,66)
w(16,1,2,67,67)
r(2,2,2,68,68)
r(55,0,2,69,69)
r(31,0,2,70,70)
w(30,1,2,71,71)
r(46,0,2,72,72)
r(87,0,2,73,73)
r(188,0,2,74,74)
r(2,2,2,75,75)
w(0,3,2,76,76)
r(79,0,2,77,77)
r(13,0,2,78,78)
r(39,0,2,79,79)
r(0,3,2,80,80)
r(58,0,2,81,81)
r(25,0,2,82,82)
r(1,3,2,83,83)
r(356,0,2,84,84)
r(1,3,2,85,85)
r(451,0,2,86,86)
r(1,3,2,87,87)
r(41,0,2,88,88)
r(9,0,2,89,89)
r(65,0,2,90,90)
r(788,0,2,91,91)
r(9,0,2,92,92)
r(240,0,2,93,93)
r(0,3,2,94,94)
r(34,0,2,95,95)
r(3,0,2,96,96)
r(753,0,2,97,97)
r(3,0,2,98,98)
r(99,0,2,99,99)
r(33,0,3,0,0)
r(229,0,3,1,1)
r(3,0,3,2,2)
r(6,0,3,3,3)
r(0,3,3,4,4)
r(95,0,3,5,5)
r(1,3,3,6,6)
r(0,3,3,7,7)
r(9,0,3,8,8)
r(551,0,3,9,9)
r(1,3,3,10,10)
r(262,0,3,11,11)
r(17,0,3,12,12)
r(9,0,3,13,13)
r(16,1,3,14,14)
r(667,0,3,15,15)
r(0,3,3,16,16)
r(3,0,3,17,17)
w(19,1,3,18,18)
r(2,2,3,19,19)
r(2,2,3,20,20)
r(1,3,3,21,21)
r(1,3,3,22,22)
r(119,0,3,23,23)
r(0,3,3,24,24)
r(3,0,3,25,25)
r(1,3,3,26,26)
r(616,0,3,27,27)
w(2,3,3,28,28)
r(2,3,3,29,29)
r(2,3,3,30,30)
r(683,0,3,31,31)
r(0,3,3,32,32)
r(332,0,3,33,33)
r(0,3,3,34,34)
r(5,0,3,35,35)
r(77,0,3,36,36)
r(760,0,3,37,37)
r(0,3,3,38,38)
r(6,0,3,39,39)
r(2,3,3,40,40)
r(3,0,3,41,41)
r(107,1,3,42,42)
w(294,1,3,43,43)
r(1,3,3,44,44)
r(371,0,3,45,45)
r(2,3,3,46,46)
r(0,3,3,47,47)
r(74,0,3,48,48)
r(0,3,3,49,49)
r(12,2,3,50,50)
r(126,0,3,51,51)
r(26,0,3,52,52)
r(34,0,3,53,53)
r(66,0,3,54,54)
r(423,0,3,55,55)
r(2,3,3,56,56)
r(107,1,3,57,57)
w(0,4,3,58,58)
r(165,0,3,59,59)
r(96,0,3,60,60)
r(26,0,3,61,61)
r(9,0,3,62,62)
r(0,4,3,63,63)
r(408,0,3,64,64)
r(17,0,3,65,65)
r(0,4,3,66,66)
r(0,4,3,67,67)
r(99,0,3,68,68)
r(0,4,3,69,69)
r(125,0,3,70,70)
r(645,0,3,71,71)
r(1,3,3,72,72)
r(13,0,3,73,73)
r(1,3,3,74,74)
r(1,3,3,75,75)
r(578,0,3,76,76)
r(71,0,3,77,77)
r(0,4,3,78,78)
w(941,1,3,79,79)
r(11,0,3,80,80)
r(32,1,3,81,81)
r(944,0,3,82,82)
r(7,0,3,83,83)
r(11,0,3,84,84)
w(0,5,3,85,85)
r(91,0,3,86,86)
r(7,0,3,87,87)
r(6,0,3,88,88)
w(5,1,3,89,89)
r(577,0,3,90,90)
r(44,0,3,91,91)
r(435,0,3,92,92)
r(7,0,3,93,93)
r(190,0,3,94,94)
r(63,0,3,95,95)
w(24,1,3,96,96)
r(626,0,3,97,97)
r(52,0,3,98,98)
r(12,2,3,99,99)
r(673,0,4,0,0)
r(99,0,4,1,1)
r(2,3,4,2,2)
w(15,1,4,3,3)
r(72,0,4,4,4)
r(870,0,4,5,5)
r(860,0,4,6,6)
r(2,3,4,7,7)
r(4,0,4,8,8)
r(344,0,4,9,9)
r(501,0,4,10,10)
r(10,0,4,11,11)
r(3,0,4,12,12)
r(304,0,4,13,13)
r(0,5,4,14,14)
r(563,0,4,15,15)
r(125,0,4,16,16)
r(2,3,4,17,17)
r(971,0,4,18,18)
w(0,6,4,19,19)
r(0,6,4,20,20)
r(3,0,4,21,21)
w(104,1,4,22,22)
r(42,1,4,23,23)
r(363,0,4,24,24)
w(874,1,4,25,25)
r(2,3,4,26,26)
r(9,0,4,27,27)
r(0,6,4,28,28)
r(263,0,4,29,29)
w(0,7,4,30,30)
w(3,1,4,31,31)
r(72,0,4,32,32)
r(10,0,4,33,33)
r(21,0,4,34,34)
w(4,1,4,35,35)
r(0,7,4,36,36)
w(22,2,4,37,37)
r(1,3,4,38,38)
r(54,1,4,39,39)
r(363,0,4,40,40)
r(9,0,4,41,41)
r(15,1,4,42,42)
r(42,1,4,43,43)
r(1,3,4,44,44)
w(730,1,4,45,45)
r(31,0,4,46,46)
r(0,7,4,47,47)
w(483,1,4,48,48)
w(69,1,4,49,49)
r(0,7,4,50,50)
r(5,1,4,51,51)
r(29,0,4,52,52)
r(26,0,4,53,53)
w(13,1,4,54,54)
r(2,3,4,55,55)
r(9,0,4,56,56)
r(0,7,4,57,57)
r(0,7,4,58,58)
w(152,1,4,59,59)
r(33,0,4,60,60)
r(8,0,4,61,61)
r(2,3,4,62,62)
r(50,0,4,63,63)
r(116,0,4,64,64)
r(72,0,4,65,65)
r(12,2,4,66,66)
r(2,3,4,67,67)
r(8,0,4,68,68)
r(30,1,4,69,69)
r(12,2,4,70,70)
r(146,1,4,71,71)
r(13,1,4,72,72)
r(246,0,4,73,73)
r(125,0,4,74,74)
r(1,3,4,75,75)
r(26,0,4,76,76)
r(354,0,4,77,77)
r(667,0,4,78,78)
r(27,0,4,79,79)
r(0,7,4,80,80)
r(90,0,4,81,81)
r(1,3,4,82,82)
r(42,1,4,83,83)
r(0,7,4,84,84)
r(0,7,4,85,85)
r(117,0,4,86,86)
r(5,1,4,87,87)
r(84,0,4,88,88)
r(1,3,4,89,89)
r(50,0,4,90,90)
r(17,0,4,91,91)
r(35,0,4,92,92)
w(167,1,4,93,93)
r(82,0,4,94,94)
r(5,1,4,95,95)
r(450,0,4,96,96)
r(32,1,4,97,97)
w(3,2,4,98,98)
r(2,3,4,99,99)
r(28,0,5,0,0)
w(10,1,5,1,1)
r(7,0,5,2,2)
r(0,7,5,3,3)
r(0,7,5,4,4)
r(4,1,5,5,5)
r(0,7,5,6,6)
r(13,1,5,7,7)
r(1,3,5,8,8)
r(73,0,5,9,9)
w(236,1,5,10,10)
r(166,0,5,11,11)
r(11,0,5,12,12)
r(288,0,5,13,13)
r(0,7,5,14,14)
w(7,1,5,15,15)
r(0,7,5,16,16)
r(13,1,5,17,17)
r(4,1,5,18,18)
r(0,7,5,19,19)
r(97,0,5,20,20)
r(31,0,5,21,21)
r(1,3,5,22,22)
r(230,0,5,23,23)
r(420,0,5,24,24)
r(1,3,5,25,25)
r(438,0,5,26,26)
w(64,1,5,27,27)
r(0,7,5,28,28)
r(2,3,5,29,29)
r(2,3,5,30,30)
r(165,0,5,31,31)
r(79,0,5,32,32)
r(214,0,5,33,33)
r(7,1,5,34,34)
r(4,1,5,35,35)
r(24,1,5,36,36)
r(644,0,5,37,37)
r(15,1,5,38,38)
r(37,0,5,39,39)
r(78,0,5,40,40)
r(0,7,5,41,41)
r(0,7,5,42,42)
r(120,0,5,43,43)
r(130,0,5,44,44)
r(82,0,5,45,45)
r(435,0,5,46,46)
r(0,7,5,47,47)
r(25,0,5,48,48)
r(147,0,5,49,49)
r(1,3,5,50,50)
r(93,0,5,51,51)
w(30,2,5,52,52)
r(13,1,5,53,53)
r(115,0,5,54,54)
r(546,0,5,55,55)
r(41,0,5,56,56)
r(85,0,5,57,57)
r(528,0,5,58,58)
r(20,0,5,59,59)
r(412,0,5,60,60)
r(248,0,5,61,61)
r(837,0,5,62,62)
r(621,0,5,63,63)
r(442,0,5,64,64)
w(10,2,5,65,65)
r(864,0,5,66,66)
r(0,7,5,67,67)
r(60,0,5,68,68)
r(209,0,5,69,69)
r(387,0,5,70,70)
w(89,1,5,71,71)
r(46,0,5,72,72)
r(23,1,5,73,73)
w(24,2,5,74,74)
r(0,7,5,75,75)
r(9,0,5,76,76)
r(57,0,5,77,77)
r(5,1,5,78,78)
r(1,3,5,79,79)
r(63,0,5,80,80)
w(0,8,5,81,81)
w(3,3,5,82,82)
r(5,1,5,83,83)
w(1,4,5,84,84)
r(473,0,5,85,85)
r(2,3,5,86,86)
w(11,1,5,87,87)
w(484,1,5,88,88)
r(12,2,5,89,89)
r(156,0,5,90,90)
r(950,0,5,91,91)
r(12,2,5,92,92)
r(28,0,5,93,93)
r(0,8,5,94,94)
r(2,3,5,95,95)
r(13,1,5,96,96)
r(5,1,5,97,97)
r(65,0,5,98,98)
r(24,2,5,99,99)
r(235,0,6,0,0)
r(7,1,6,1,1)
r(33,0,6,2,2)
r(3,3,6,3,3)
r(6,0,6,4,4)
r(3,3,6,5,5)
r(4,1,6,6,6)
r(4,1,6,7,7)
r(0,8,6,8,8)
r(546,0,6,9,9)
r(208,0,6,10,10)
r(7,1,6,11,11)
r(4,1,6,12,12)
r(5,1,6,13,13)
r(0,8,6,14,14)
r(502,0,6,15,15)
r(8,0,6,16,16)
r(7,1,6,17,17)
r(19,1,6,18,18)
r(1,4,6,19,19)
r(23,1,6,20,20)
r(299,0,6,21,21)
r(25,0,6,22,22)
w(672,1,6,23,23)
r(52,0,6,24,24)
r(44,0,6,25,25)
r(2,3,6,26,26)
w(650,1,6,27,27)
r(423,0,6,28,28)
r(10,2,6,29,29)
r(0,8,6,30,30)
r(892,0,6,31,31)
r(35,0,6,32,32)
r(3,3,6,33,33)
r(474,0,6,34,34)
r(0,8,6,35,35)
r(3,3,6,36,36)
r(659,0,6,37,37)
w(680,2,6,38,38)
r(161,0,6,39,39)
w(125,1,6,40,40)
r(2,3,6,41,41)
r(4,1,6,42,42)
r(3,3,6,43,43)
w(25,1,6,44,44)
r(382,0,6,45,45)
r(16,1,6,46,46)
r(20,0,6,47,47)
r(5,1,6,48,48)
r(137,0,6,49,49)
r(179,0,6,50,50)
r(80,0,6,51,51)
r(6,0,6,52,52)
r(0,8,6,53,53)
r(52,0,6,54,54)
r(5,1,6,55,55)
r(16,1,6,56,56)
r(445,0,6,57,57)
r(2,3,6,58,58)
w(38,1,6,59,59)
r(12,2,6,60,60)
r(228,0,6,61,61)
r(341,0,6,62,62)
r(275,0,6,63,63)
r(8,0,6,64,64)
r(2,3,6,65,65)
r(3,3,6,66,66)
r(133,0,6,67,67)
r(92,0,6,68,68)
r(0,8,6,69,69)
r(1,4,6,70,70)
r(3,3,6,71,71)
r(0,8,6,72,72)
r(0,8,6,73,73)
r(74,0,6,74,74)
r(4,1,6,75,75)
r(112,0,6,76,76)
r(44,0,6,77,77)
r(0,8,6,78,78)
r(7,1,6,79,79)
r(46,0,6,80,80)
r(51,0,6,81,81)
r(220,0,6,82,82)
r(350,0,6,83,83)
r(37,0,6,84,84)
r(794,0,6,85,85)
r(376,0,6,86,86)
r(434,0,6,87,87)
r(0,8,6,88,88)
r(2,3,6,89,89)
r(554,0,6,90,90)
r(16,1,6,91,91)
r(408,0,6,92,92)
r(219,0,6,93,93)
r(46,0,6,94,94)
r(4,1,6,95,95)
r(110,0,6,96,96)
r(101,0,6,97,97)
r(10,2,6,98,98)
r(290,0,6,99,99)
r(3,3,7,0,0)
r(367,0,7,1,1)
r(0,8,7,2,2)
r(26,0,7,3,3)
r(267,0,7,4,4)
r(3,3,7,5,5)
r(22,2,7,6,6)
r(1,4,7,7,7)
w(37,1,7,8,8)
r(4,1,7,9,9)
r(0,8,7,10,10)
r(6,0,7,11,11)
r(162,0,7,12,12)
w(1,5,7,13,13)
r(56,0,7,14,14)
r(225,0,7,15,15)
r(5,1,7,16,16)
r(5,1,7,17,17)
r(0,8,7,18,18)
r(192,0,7,19,19)
r(20,0,7,20,20)
w(51,1,7,21,21)
w(33,1,7,22,22)
r(1,5,7,23,23)
w(0,9,7,24,24)
r(23,1,7,25,25)
r(980,0,7,26,26)
r(167,1,7,27,27)
r(0,9,7,28,28)
r(32,1,7,29,29)
w(19,2,7,30,30)
r(85,0,7,31,31)
r(1,5,7,32,32)
r(1,5,7,33,33)
r(1,5,7,34,34)
r(163,0,7,35,35)
r(269,0,7,36,36)
w(2,4,7,37,37)
r(109,0,7,38,38)
r(1,5,7,39,39)
r(174,0,7,40,40)
r(12,2,7,41,41)
r(1,5,7,42,42)
r(3,3,7,43,43)
w(0,10,7,44,44)
w(49,1,7,45,45)
r(56,0,7,46,46)
r(127,0,7,47,47)
r(0,10,7,48,48)
r(25,1,7,49,49)
r(625,0,7,50,50)
r(69,1,7,51,51)
w(10,3,7,52,52)
r(0,10,7,53,53)
r(125,1,7,54,54)
r(0,10,7,55,55)
r(142,0,7,56,56)
w(203,1,7,57,57)
r(1,5,7,58,58)
r(151,0,7,59,59)
r(45,0,7,60,60)
r(5,1,7,61,61)
w(40,1,7,62,62)
r(6,0,7,63,63)
w(128,1,7,64,64)
w(0,11,7,65,65)
r(162,0,7,66,66)
r(804,0,7,67,67)
r(32,1,7,68,68)
r(13,1,7,69,69)
r(910,0,7,70,70)
r(327,0,7,71,71)
r(4,1,7,72,72)
r(88,0,7,73,73)
w(0,12,7,74,74)
r(845,0,7,75,75)
w(51,2,7,76,76)
w(0,13,7,77,77)
r(0,13,7,78,78)
r(22,2,7,79,79)
r(119,0,7,80,80)
r(98,0,7,81,81)
r(28,0,7,82,82)
r(333,0,7,83,83)
r(12,2,7,84,84)
w(2,5,7,85,85)
r(7,1,7,86,86)
r(40,1,7,87,87)
r(257,0,7,88,88)
r(72,0,7,89,89)
r(3,3,7,90,90)
r(77,0,7,91,91)
w(111,1,7,92,92)
r(165,0,7,93,93)
w(405,1,7,94,94)
r(315,0,7,95,95)
r(0,13,7,96,96)
r(0,13,7,97,97)
r(966,0,7,98,98)
r(301,0,7,99,99)
r(1,5,8,0,0)
r(10,3,8,1,1)
r(17,0,8,2,2)
r(2,5,8,3,3)
r(0,13,8,4,4)
r(14,1,8,5,5)
w(494,1,8,6,6)
r(219,0,8,7,7)
r(11,1,8,8,8)
r(81,0,8,9,9)
r(827,0,8,10,10)
r(0,13,8,11,11)
r(0,13,8,12,12)
w(1,6,8,13,13)
r(1,6,8,14,14)
r(1,6,8,15,15)
r(2,5,8,16,16)
r(595,0,8,17,17)
r(0,13,8,18,18)
r(56,0,8,19,19)
r(26,0,8,20,20)
r(63,0,8,21,21)
r(0,13,8,22,22)
r(10,3,8,23,23)
r(1,6,8,24,24)
r(6,0,8,25,25)
r(788,0,8,26,26)
r(0,13,8,27,27)
r(779,0,8,28,28)
r(512,0,8,29,29)
r(6,0,8,30,30)
r(78,0,8,31,31)
r(0,13,8,32,32)
r(7,1,8,33,33)
r(201,0,8,34,34)
r(4,1,8,35,35)
r(0,13,8,36,36)
r(450,0,8,37,37)
r(408,0,8,38,38)
r(2,5,8,39,39)
r(24,2,8,40,40)
w(72,1,8,41,41)
r(8,0,8,42,42)
r(543,0,8,43,43)
w(25,2,8,44,44)
r(0,13,8,45,45)
w(4,2,8,46,46)
r(2,5,8,47,47)
r(436,0,8,48,48)
r(14,1,8,49,49)
w(26,1,8,50,50)
r(2,5,8,51,51)
w(115,1,8,52,52)
r(478,0,8,53,53)
r(30,2,8,54,54)
r(0,13,8,55,55)
r(582,0,8,56,56)
r(14,1,8,57,57)
r(1,6,8,58,58)
r(6,0,8,59,59)
r(204,0,8,60,60)
w(15,2,8,61,61)
r(67,1,8,62,62)
r(2,5,8,63,63)
r(7,1,8,64,64)
r(295,0,8,65,65)
r(1,6,8,66,66)
r(1,6,8,67,67)
r(6,0,8,68,68)
r(23,1,8,69,69)
r(364,0,8,70,70)
r(481,0,8,71,71)
r(3,3,8,72,72)
w(6,1,8,73,73)
r(7,1,8,74,74)
r(148,0,8,75,75)
r(9,0,8,76,76)
w(0,14,8,77,77)
r(5,1,8,78,78)
w(0,15,8,79,79)
r(67,1,8,80,80)
r(633,0,8,81,81)
r(154,0,8,82,82)
r(27,0,8,83,83)
r(152,1,8,84,84)
r(3,3,8,85,85)
r(4,2,8,86,86)
r(3,3,8,87,87)
w(0,16,8,88,88)
r(1,6,8,89,89)
r(615,0,8,90,90)
r(48,0,8,91,91)
w(0,17,8,92,92)
r(12,2,8,93,93)
r(642,0,8,94,94)
r(0,17,8,95,95)
r(3,3,8,96,96)
r(50,0,8,97,97)
r(49,1,8,98,98)
r(659,0,8,99,99)
r(257,0,9,0,0)
r(219,0,9,1,1)
w(259,1,9,2,2)
r(0,17,9,3,3)
r(6,1,9,4,4)
r(46,0,9,5,5)
r(15,2,9,6,6)
r(927,0,9,7,7)
r(284,0,9,8,8)
r(0,17,9,9,9)
r(3,3,9,10,10)
r(0,17,9,11,11)
r(53,0,9,12,12)
r(0,17,9,13,13)
r(943,0,9,14,14)
r(765,0,9,15,15)
r(94,0,9,16,16)
r(6,1,9,17,17)
r(68,0,9,18,18)
r(38,1,9,19,19)
r(119,0,9,20,20)
r(453,0,9,21,21)
r(1,6,9,22,22)
r(326,0,9,23,23)
r(8,0,9,24,24)
r(616,0,9,25,25)
r(110,0,9,26,26)
r(95,0,9,27,27)
r(189,0,9,28,28)
r(117,0,9,29,29)
r(6,1,9,30,30)
r(179,0,9,31,31)
w(1,7,9,32,32)
r(133,0,9,33,33)
r(32,1,9,34,34)
r(518,0,9,35,35)
r(362,0,9,36,36)
r(1,7,9,37,37)
r(3,3,9,38,38)
r(112,0,9,39,39)
r(134,0,9,40,40)
r(62,0,9,41,41)
r(0,17,9,42,42)
w(21,1,9,43,43)
r(197,0,9,44,44)
r(15,2,9,45,45)
r(117,0,9,46,46)
r(47,0,9,47,47)
r(27,0,9,48,48)
r(21,1,9,49,49)
r(2,5,9,50,50)
r(3,3,9,51,51)
r(29,0,9,52,52)
r(0,17,9,53,53)
r(589,0,9,54,54)
r(873,0,9,55,55)
r(923,0,9,56,56)
w(6,2,9,57,57)
r(85,0,9,58,58)
r(2,5,9,59,59)
r(146,1,9,60,60)
r(455,0,9,61,61)
r(6,2,9,62,62)
r(0,17,9,63,63)
r(3,3,9,64,64)
r(522,1,9,65,65)
r(5,1,9,66,66)
r(17,0,9,67,67)
r(29,0,9,68,68)
r(0,17,9,69,69)
r(1,7,9,70,70)
r(21,1,9,71,71)
r(1,7,9,72,72)
r(58,0,9,73,73)
r(3,3,9,74,74)
r(1,7,9,75,75)
r(32,1,9,76,76)
r(137,0,9,77,77)
r(730,1,9,78,78)
r(1,7,9,79,79)
r(77,0,9,80,80)
r(30,2,9,81,81)
r(62,0,9,82,82)
r(4,2,9,83,83)
r(0,17,9,84,84)
r(0,17,9,85,85)
r(4,2,9,86,86)
r(7,1,9,87,87)
r(30,2,9,88,88)
w(678,1,9,89,89)
r(1,7,9,90,90)
w(3,4,9,91,91)
w(173,1,9,92,92)
r(418,0,9,93,93)
r(1,7,9,94,94)
r(9,0,9,95,95)
r(346,0,9,96,96)
r(0,17,9,97,97)
r(649,0,9,98,98)
r(66,0,9,99,99)
r(4,2,10,0,0)
r(49,1,10,1,1)
r(19,2,10,2,2)
r(10,3,10,3,3)
r(7,1,10,4,4)
w(0,18,10,5,5)
r(43,0,10,6,6)
r(0,18,10,7,7)
r(25,2,10,8,8)
r(0,18,10,9,9)
r(2,5,10,10,10)
r(22,2,10,11,11)
r(85,0,10,12,12)
r(119,0,10,13,13)
r(199,0,10,14,14)
r(24,2,10,15,15)
w(892,1,10,16,16)
r(116,0,10,17,17)
r(1,7,10,18,18)
r(2,5,10,19,19)
r(0,18,10,20,20)
r(3,4,10,21,21)
r(0,18,10,22,22)
r(2,5,10,23,23)
w(24,3,10,24,24)
r(159,0,10,25,25)
r(0,18,10,26,26)
r(355,0,10,27,27)
r(2,5,10,28,28)
r(0,18,10,29,29)
r(22,2,10,30,30)
r(0,18,10,31,31)
r(159,0,10,32,32)
r(3,4,10,33,33)
r(260,0,10,34,34)
r(5,1,10,35,35)
r(500,0,10,36,36)
r(139,0,10,37,37)
w(8,1,10,38,38)
r(72,1,10,39,39)
w(833,1,10,40,40)
r(247,0,10,41,41)
r(174,0,10,42,42)
r(12,2,10,43,43)
r(63,0,10,44,44)
r(328,0,10,45,45)
r(283,0,10,46,46)
r(7,1,10,47,47)
r(28,0,10,48,48)
r(958,0,10,49,49)
w(282,1,10,50,50)
r(695,0,10,51,51)
r(918,0,10,52,52)
r(111,1,10,53,53)
r(11,1,10,54,54)
r(18,0,10,55,55)
r(244,0,10,56,56)
r(129,1,10,57,57)
r(323,0,10,58,58)
r(17,0,10,59,59)
r(613,0,10,60,60)
r(415,0,10,61,61)
r(48,0,10,62,62)
r(0,18,10,63,63)
r(94,0,10,64,64)
r(42,1,10,65,65)
r(2,5,10,66,66)
r(1,7,10,67,67)
r(54,1,10,68,68)
r(450,0,10,69,69)
r(4,2,10,70,70)
r(2,5,10,71,71)
r(2,5,10,72,72)
r(6,2,10,73,73)
r(4,2,10,74,74)
r(68,0,10,75,75)
r(1,7,10,76,76)
w(0,19,10,77,77)
r(685,0,10,78,78)
r(285,0,10,79,79)
r(6,2,10,80,80)
r(88,0,10,81,81)
w(573,1,10,82,82)
r(144,0,10,83,83)
w(45,1,10,84,84)
r(1,7,10,85,85)
r(1,7,10,86,86)
w(0,20,10,87,87)
r(3,4,10,88,88)
r(782,0,10,89,89)
r(80,0,10,90,90)
r(44,0,10,91,91)
r(0,20,10,92,92)
r(4,2,10,93,93)
r(19,2,10,94,94)
r(348,0,10,95,95)
r(9,0,10,96,96)
r(0,20,10,97,97)
r(2,5,10,98,98)
r(128,1,10,99,99)
r(8,1,11,0,0)
r(62,0,11,1,1)
r(3,4,11,2,2)
w(52,1,11,3,3)
r(428,0,11,4,4)
w(1,8,11,5,5)
r(1,8,11,6,6)
r(30,2,11,7,7)
r(13,1,11,8,8)
r(181,0,11,9,9)
r(0,20,11,10,10)
w(695,1,11,11,11)
r(694,0,11,12,12)
r(285,0,11,13,13)
r(0,20,11,14,14)
r(2,5,11,15,15)
w(476,1,11,16,16)
r(2,5,11,17,17)
r(8,1,11,18,18)
r(2,5,11,19,19)
r(237,0,11,20,20)
r(10,3,11,21,21)
r(539,0,11,22,22)
r(188,0,11,23,23)
r(0,20,11,24,24)
r(0,20,11,25,25)
r(1,8,11,26,26)
r(203,1,11,27,27)
r(641,0,11,28,28)
r(8,1,11,29,29)
r(0,20,11,30,30)
r(154,0,11,31,31)
r(0,20,11,32,32)
r(2,5,11,33,33)
r(49,1,11,34,34)
r(59,0,11,35,35)
r(4,2,11,36,36)
w(25,3,11,37,37)
r(27,0,11,38,38)
r(1,8,11,39,39)
r(0,20,11,40,40)
r(76,0,11,41,41)
r(123,0,11,42,42)
r(5,1,11,43,43)
r(25,3,11,44,44)
r(0,20,11,45,45)
r(23,1,11,46,46)
r(171,0,11,47,47)
r(8,1,11,48,48)
r(6,2,11,49,49)
r(182,0,11,50,50)
r(4,2,11,51,51)
r(0,20,11,52,52)
r(0,20,11,53,53)
r(57,0,11,54,54)
r(0,20,11,55,55)
r(1,8,11,56,56)
r(47,0,11,57,57)
r(761,0,11,58,58)
r(0,20,11,59,59)
r(5,1,11,60,60)
r(806,0,11,61,61)
r(70,0,11,62,62)
r(18,0,11,63,63)
r(54,1,11,64,64)
r(7,1,11,65,65)
r(915,0,11,66,66)
r(393,0,11,67,67)
r(655,0,11,68,68)
r(66,0,11,69,69)
r(786,0,11,70,70)
r(35,0,11,71,71)
w(0,21,11,72,72)
r(877,0,11,73,73)
r(3,4,11,74,74)
r(0,21,11,75,75)
r(214,0,11,76,76)
r(7,1,11,77,77)
r(76,0,11,78,78)
r(0,21,11,79,79)
r(109,0,11,80,80)
r(414,0,11,81,81)
r(20,0,11,82,82)
r(279,0,11,83,83)
r(5,1,11,84,84)
w(70,1,11,85,85)
r(149,0,11,86,86)
r(236,1,11,87,87)
r(583,0,11,88,88)
w(34,1,11,89,89)
r(800,0,11,90,90)
w(1,9,11,91,91)
r(1,9,11,92,92)
w(751,1,11,93,93)
r(121,0,11,94,94)
r(9,0,11,95,95)
r(6,2,11,96,96)
r(24,3,11,97,97)
r(120,0,11,98,98)
r(192,0,11,99,99)
r(0,21,12,0,0)
r(4,2,12,1,1)
r(112,0,12,2,2)
w(169,1,12,3,3)
r(144,0,12,4,4)
r(22,2,12,5,5)
r(0,21,12,6,6)
w(10,4,12,7,7)
r(282,1,12,8,8)
r(6,2,12,9,9)
r(10,4,12,10,10)
r(2,5,12,11,11)
r(2,5,12,12,12)
r(286,0,12,13,13)
r(62,0,12,14,14)
r(27,0,12,15,15)
r(47,0,12,16,16)
r(90,0,12,17,17)
r(855,0,12,18,18)
w(138,1,12,19,19)
r(16,1,12,20,20)
w(28,1,12,21,21)
r(771,0,12,22,22)
r(106,0,12,23,23)
r(100,0,12,24,24)
r(87,0,12,25,25)
r(125,1,12,26,26)
r(0,21,12,27,27)
r(129,1,12,28,28)
r(7,1,12,29,29)
r(762,0,12,30,30)
r(101,0,12,31,31)
r(34,1,12,32,32)
r(1,9,12,33,33)
r(9,0,12,34,34)
r(528,0,12,35,35)
r(38,1,12,36,36)
r(3,4,12,37,37)
r(507,0,12,38,38)
r(173,1,12,39,39)
w(0,22,12,40,40)
r(49,1,12,41,41)
r(22,2,12,42,42)
r(2,5,12,43,43)
r(0,22,12,44,44)
r(770,0,12,45,45)
r(830,0,12,46,46)
r(21,1,12,47,47)
r(41,0,12,48,48)
r(0,22,12,49,49)
r(13,1,12,50,50)
r(13,1,12,51,51)
r(0,22,12,52,52)
r(18,0,12,53,53)
r(2,5,12,54,54)
r(25,3,12,55,55)
r(111,1,12,56,56)
r(32,1,12,57,57)
r(0,22,12,58,58)
r(9,0,12,59,59)
r(408,0,12,60,60)
r(512,0,12,61,61)
r(13,1,12,62,62)
r(960,0,12,63,63)
r(3,4,12,64,64)
r(615,0,12,65,65)
w(1,10,12,66,66)
r(253,0,12,67,67)
r(117,0,12,68,68)
r(303,0,12,69,69)
r(19,2,12,70,70)
r(2,5,12,71,71)
r(0,22,12,72,72)
r(0,22,12,73,73)
r(28,1,12,74,74)
r(123,0,12,75,75)
r(5,1,12,76,76)
r(29,0,12,77,77)
r(2,5,12,78,78)
r(383,0,12,79,79)
r(0,22,12,80,80)
w(320,2,12,81,81)
r(1,10,12,82,82)
w(0,23,12,83,83)
r(1,10,12,84,84)
r(1,10,12,85,85)
r(808,0,12,86,86)
r(228,0,12,87,87)
r(64,1,12,88,88)
r(69,1,12,89,89)
r(0,23,12,90,90)
r(6,2,12,91,91)
r(66,0,12,92,92)
r(30,2,12,93,93)
w(47,1,12,94,94)
r(707,0,12,95,95)
r(449,0,12,96,96)
r(437,0,12,97,97)
r(4,2,12,98,98)
w(239,1,12,99,99)
r(11,1,13,0,0)
r(18,0,13,1,1)
r(10,4,13,2,2)
r(96,0,13,3,3)
r(7,1,13,4,4)
r(29,0,13,5,5)
r(93,0,13,6,6)
r(511,0,13,7,7)
r(14,1,13,8,8)
r(705,0,13,9,9)
r(91,0,13,10,10)
r(317,0,13,11,11)
w(5,2,13,12,12)
r(33,1,13,13,13)
r(3,4,13,14,14)
r(3,4,13,15,15)
r(7,1,13,16,16)
r(99,0,13,17,17)
r(8,1,13,18,18)
r(1,10,13,19,19)
r(0,23,13,20,20)
r(0,23,13,21,21)
r(657,0,13,22,22)
r(33,1,13,23,23)
w(9,1,13,24,24)
r(35,0,13,25,25)
r(4,2,13,26,26)
r(0,23,13,27,27)
r(57,0,13,28,28)
r(6,2,13,29,29)
r(0,23,13,30,30)
r(1,10,13,31,31)
r(78,0,13,32,32)
r(3,4,13,33,33)
r(12,2,13,34,34)
r(49,1,13,35,35)
r(43,0,13,36,36)
r(1,10,13,37,37)
r(265,0,13,38,38)
r(7,1,13,39,39)
r(489,0,13,40,40)
r(1,10,13,41,41)
r(0,23,13,42,42)
r(49,1,13,43,43)
r(30,2,13,44,44)
r(783,0,13,45,45)
r(1,10,13,46,46)
r(836,0,13,47,47)
r(68,0,13,48,48)
r(0,23,13,49,49)
r(2,5,13,50,50)
r(0,23,13,51,51)
r(326,0,13,52,52)
r(9,1,13,53,53)
r(58,0,13,54,54)
r(640,0,13,55,55)
r(5,2,13,56,56)
r(0,23,13,57,57)
r(4,2,13,58,58)
r(61,0,13,59,59)
w(1,11,13,60,60)
w(67,2,13,61,61)
r(179,0,13,62,62)
r(467,1,13,63,63)
r(42,1,13,64,64)
r(382,0,13,65,65)
r(3,4,13,66,66)
r(0,23,13,67,67)
r(140,0,13,68,68)
r(259,1,13,69,69)
r(235,0,13,70,70)
w(16,2,13,71,71)
r(372,0,13,72,72)
r(736,0,13,73,73)
r(18,0,13,74,74)
r(0,23,13,75,75)
r(140,0,13,76,76)
w(2,6,13,77,77)
r(244,0,13,78,78)
r(9,1,13,79,79)
r(6,2,13,80,80)
r(4,2,13,81,81)
r(69,1,13,82,82)
r(2,6,13,83,83)
r(9,1,13,84,84)
r(167,1,13,85,85)
r(26,1,13,86,86)
r(930,0,13,87,87)
w(70,2,13,88,88)
r(59,0,13,89,89)
r(229,0,13,90,90)
r(31,0,13,91,91)
r(2,6,13,92,92)
r(182,0,13,93,93)
r(1,11,13,94,94)
r(0,23,13,95,95)
r(482,0,13,96,96)
r(37,1,13,97,97)
r(0,23,13,98,98)
r(118,0,13,99,99)
r(0,23,14,0,0)
r(2,6,14,1,1)
r(27,0,14,2,2)
r(6,2,14,3,3)
r(12,2,14,4,4)
r(973,0,14,5,5)
r(72,1,14,6,6)
r(5,2,14,7,7)
r(255,0,14,8,8)
r(0,23,14,9,9)
r(1,11,14,10,10)
r(7,1,14,11,11)
r(1,11,14,12,12)
w(523,1,14,13,13)
w(15,3,14,14,14)
w(31,1,14,15,15)
r(0,23,14,16,16)
r(48,0,14,17,17)
r(95,0,14,18,18)
r(0,23,14,19,19)
w(293,1,14,20,20)
r(319,0,14,21,21)
w(27,1,14,22,22)
r(35,0,14,23,23)
r(9,1,14,24,24)
r(142,0,14,25,25)
r(61,0,14,26,26)
r(96,0,14,27,27)
r(0,23,14,28,28)
r(10,4,14,29,29)
r(1,11,14,30,30)
r(620,0,14,31,31)
r(12,2,14,32,32)
r(14,1,14,33,33)
r(787,0,14,34,34)
r(859,0,14,35,35)
r(34,1,14,36,36)
w(263,1,14,37,37)
r(7,1,14,38,38)
r(936,0,14,39,39)
r(0,23,14,40,40)
r(212,0,14,41,41)
r(8,1,14,42,42)
r(0,23,14,43,43)
r(261,0,14,44,44)
r(42,1,14,45,45)
w(17,1,14,46,46)
r(35,0,14,47,47)
r(39,0,14,48,48)
r(17,1,14,49,49)
r(14,1,14,50,50)
r(1,11,14,51,51)
r(1,11,14,52,52)
r(72,1,14,53,53)
r(67,2,14,54,54)
r(95,0,14,55,55)
r(1,11,14,56,56)
w(14,2,14,57,57)
r(2,6,14,58,58)
r(585,0,14,59,59)
w(917,1,14,60,60)
r(893,0,14,61,61)
r(0,23,14,62,62)
r(459,1,14,63,63)
r(25,3,14,64,64)
r(30,2,14,65,65)
r(2,6,14,66,66)
r(3,4,14,67,67)
r(140,0,14,68,68)
w(10,5,14,69,69)
r(6,2,14,70,70)
r(155,0,14,71,71)
r(41,0,14,72,72)
r(947,0,14,73,73)
r(205,0,14,74,74)
r(813,0,14,75,75)
r(123,0,14,76,76)
r(10,5,14,77,77)
r(71,0,14,78,78)
r(26,1,14,79,79)
r(2,6,14,80,80)
r(249,0,14,81,81)
r(0,23,14,82,82)
r(475,0,14,83,83)
r(1,11,14,84,84)
w(895,1,14,85,85)
w(2,7,14,86,86)
r(59,0,14,87,87)
r(528,0,14,88,88)
r(149,0,14,89,89)
r(161,0,14,90,90)
r(30,2,14,91,91)
r(65,0,14,92,92)
r(32,1,14,93,93)
r(67,2,14,94,94)
r(18,0,14,95,95)
r(18,0,14,96,96)
r(514,0,14,97,97)
r(226,0,14,98,98)
r(1,11,14,99,99)
r(0,23,15,0,0)
w(313,1,15,1,1)
r(0,23,15,2,2)
r(8,1,15,3,3)
r(0,23,15,4,4)
r(296,0,15,5,5)
r(234,0,15,6,6)
r(1,11,15,7,7)
r(1,11,15,8,8)
w(79,1,15,9,9)
r(0,23,15,10,10)
r(205,0,15,11,11)
r(1,11,15,12,12)
r(10,5,15,13,13)
w(280,1,15,14,14)
r(5,2,15,15,15)
w(4,3,15,16,16)
r(964,0,15,17,17)
r(328,0,15,18,18)
w(15,4,15,19,19)
r(0,23,15,20,20)
r(4,3,15,21,21)
r(7,1,15,22,22)
r(27,1,15,23,23)
r(0,23,15,24,24)
r(11,1,15,25,25)
r(264,0,15,26,26)
w(0,24,15,27,27)
r(214,0,15,28,28)
r(2,7,15,29,29)
r(3,4,15,30,30)
r(10,5,15,31,31)
w(3,5,15,32,32)
r(50,0,15,33,33)
r(161,0,15,34,34)
r(295,0,15,35,35)
r(208,0,15,36,36)
r(3,5,15,37,37)
r(8,1,15,38,38)
r(77,0,15,39,39)
r(159,0,15,40,40)
r(12,2,15,41,41)
r(191,0,15,42,42)
r(818,0,15,43,43)
r(232,0,15,44,44)
r(4,3,15,45,45)
r(7,1,15,46,46)
r(12,2,15,47,47)
r(0,24,15,48,48)
r(375,0,15,49,49)
r(7,1,15,50,50)
r(46,0,15,51,51)
r(4,3,15,52,52)
r(1,11,15,53,53)
r(0,24,15,54,54)
r(16,2,15,55,55)
r(16,2,15,56,56)
r(579,0,15,57,57)
r(8,1,15,58,58)
r(40,1,15,59,59)
r(68,0,15,60,60)
w(162,1,15,61,61)
r(5,2,15,62,62)
r(0,24,15,63,63)
r(222,0,15,64,64)
r(103,0,15,65,65)
r(2,7,15,66,66)
r(1,11,15,67,67)
r(45,1,15,68,68)
r(0,24,15,69,69)
r(173,1,15,70,70)
r(2,7,15,71,71)
w(254,1,15,72,72)
r(6,2,15,73,73)
r(0,24,15,74,74)
r(78,0,15,75,75)
r(0,24,15,76,76)
r(281,0,15,77,77)
r(388,0,15,78,78)
w(0,25,15,79,79)
r(7,1,15,80,80)
r(10,5,15,81,81)
r(0,25,15,82,82)
w(64,2,15,83,83)
r(62,0,15,84,84)
r(159,0,15,85,85)
r(770,0,15,86,86)
r(7,1,15,87,87)
r(41,0,15,88,88)
r(0,25,15,89,89)
r(75,0,15,90,90)
r(5,2,15,91,91)
r(0,25,15,92,92)
r(2,7,15,93,93)
r(15,4,15,94,94)
r(248,0,15,95,95)
r(1,11,15,96,96)
r(5,2,15,97,97)
r(16,2,15,98,98)
r(173,1,15,99,99)
r(17,1,16,0,0)
r(160,0,16,1,1)
r(72,1,16,2,2)
r(52,1,16,3,3)
r(648,0,16,4,4)
r(0,25,16,5,5)
r(15,4,16,6,6)
r(951,0,16,7,7)
r(63,0,16,8,8)
r(100,0,16,9,9)
r(1,11,16,10,10)
w(0,26,16,11,11)
r(134,0,16,12,12)
w(0,27,16,13,13)
r(1,11,16,14,14)
r(83,0,16,15,15)
r(0,27,16,16,16)
r(0,27,16,17,17)
r(4,3,16,18,18)
r(15,4,16,19,19)
r(0,27,16,20,20)
r(6,2,16,21,21)
r(324,1,16,22,22)
r(134,0,16,23,23)
r(2,7,16,24,24)
w(92,1,16,25,25)
r(11,1,16,26,26)
r(971,0,16,27,27)
r(5,2,16,28,28)
r(1,11,16,29,29)
r(12,2,16,30,30)
r(4,3,16,31,31)
r(14,2,16,32,32)
r(1,11,16,33,33)
r(42,1,16,34,34)
w(12,3,16,35,35)
r(1,11,16,36,36)
r(0,27,16,37,37)
r(397,0,16,38,38)
w(301,1,16,39,39)
r(7,1,16,40,40)
r(141,0,16,41,41)
r(69,1,16,42,42)
r(209,0,16,43,43)
r(908,0,16,44,44)
r(91,0,16,45,45)
r(0,27,16,46,46)
r(394,0,16,47,47)
r(7,1,16,48,48)
r(692,0,16,49,49)
r(578,0,16,50,50)
r(10,5,16,51,51)
r(113,0,16,52,52)
r(381,0,16,53,53)
r(0,27,16,54,54)
r(31,1,16,55,55)
r(95,0,16,56,56)
r(42,1,16,57,57)
r(133,0,16,58,58)
w(1,12,16,59,59)
w(0,28,16,60,60)
r(7,1,16,61,61)
r(27,1,16,62,62)
r(459,1,16,63,63)
r(0,28,16,64,64)
r(11,1,16,65,65)
r(659,0,16,66,66)
w(10,6,16,67,67)
r(1,12,16,68,68)
r(35,0,16,69,69)
r(35,0,16,70,70)
r(461,0,16,71,71)
r(728,0,16,72,72)
r(251,0,16,73,73)
r(5,2,16,74,74)
r(692,0,16,75,75)
r(37,1,16,76,76)
r(17,1,16,77,77)
r(652,0,16,78,78)
r(4,3,16,79,79)
r(0,28,16,80,80)
r(510,0,16,81,81)
r(0,28,16,82,82)
r(6,2,16,83,83)
r(14,2,16,84,84)
r(0,28,16,85,85)
r(340,0,16,86,86)
r(4,3,16,87,87)
r(1,12,16,88,88)
r(850,0,16,89,89)
r(5,2,16,90,90)
r(753,0,16,91,91)
r(527,0,16,92,92)
r(10,6,16,93,93)
r(319,0,16,94,94)
r(221,0,16,95,95)
w(358,1,16,96,96)
r(771,0,16,97,97)
r(824,0,16,98,98)
r(821,0,16,99,99)
r(300,0,17,0,0)
r(17,1,17,1,1)
r(512,0,17,2,2)
r(5,2,17,3,3)
r(2,7,17,4,4)
r(3,5,17,5,5)
r(14,2,17,6,6)
r(3,5,17,7,7)
r(0,28,17,8,8)
r(277,0,17,9,9)
r(0,28,17,10,10)
r(12,3,17,11,11)
r(0,28,17,12,12)
r(12,3,17,13,13)
r(13,1,17,14,14)
r(371,0,17,15,15)
r(626,0,17,16,16)
r(4,3,17,17,17)
r(0,28,17,18,18)
r(3,5,17,19,19)
r(1,12,17,20,20)
r(1,12,17,21,21)
r(1,12,17,22,22)
r(21,1,17,23,23)
r(9,1,17,24,24)
r(540,0,17,25,25)
r(0,28,17,26,26)
r(5,2,17,27,27)
r(43,0,17,28,28)
r(939,0,17,29,29)
r(12,3,17,30,30)
r(93,0,17,31,31)
r(8,1,17,32,32)
r(4,3,17,33,33)
r(4,3,17,34,34)
r(90,0,17,35,35)
r(0,28,17,36,36)
r(4,3,17,37,37)
r(1,12,17,38,38)
r(1,12,17,39,39)
r(769,0,17,40,40)
w(90,1,17,41,41)
r(37,1,17,42,42)
r(601,0,17,43,43)
r(23,1,17,44,44)
r(6,2,17,45,45)
r(622,0,17,46,46)
w(30,3,17,47,47)
r(18,0,17,48,48)
r(935,0,17,49,49)
r(205,0,17,50,50)
r(2,7,17,51,51)
r(173,1,17,52,52)
r(2,7,17,53,53)
r(2,7,17,54,54)
r(98,0,17,55,55)
r(45,1,17,56,56)
r(183,0,17,57,57)
r(304,0,17,58,58)
r(0,28,17,59,59)
r(7,1,17,60,60)
r(21,1,17,61,61)
r(0,28,17,62,62)
w(0,29,17,63,63)
r(36,0,17,64,64)
r(8,1,17,65,65)
r(804,0,17,66,66)
r(0,29,17,67,67)
w(21,2,17,68,68)
r(20,0,17,69,69)
r(413,0,17,70,70)
w(0,30,17,71,71)
r(569,0,17,72,72)
w(13,2,17,73,73)
r(0,30,17,74,74)
w(1,13,17,75,75)
r(0,30,17,76,76)
r(106,0,17,77,77)
r(80,0,17,78,78)
r(0,30,17,79,79)
r(23,1,17,80,80)
r(10,6,17,81,81)
r(1,13,17,82,82)
r(2,7,17,83,83)
r(0,30,17,84,84)
r(261,0,17,85,85)
r(1,13,17,86,86)
r(61,0,17,87,87)
r(18,0,17,88,88)
r(0,30,17,89,89)
r(160,0,17,90,90)
r(34,1,17,91,91)
w(39,1,17,92,92)
r(494,1,17,93,93)
r(95,0,17,94,94)
r(183,0,17,95,95)
r(0,30,17,96,96)
r(15,4,17,97,97)
r(15,4,17,98,98)
r(43,0,17,99,99)
r(56,0,18,0,0)
r(56,0,18,1,1)
r(185,0,18,2,2)
r(283,0,18,3,3)
r(915,0,18,4,4)
r(0,30,18,5,5)
r(0,30,18,6,6)
r(29,0,18,7,7)
r(404,0,18,8,8)
r(12,3,18,9,9)
r(4,3,18,10,10)
r(122,0,18,11,11)
r(106,0,18,12,12)
r(633,0,18,13,13)
w(101,1,18,14,14)
r(0,30,18,15,15)
w(0,31,18,16,16)
r(3,5,18,17,17)
r(23,1,18,18,18)
r(292,0,18,19,19)
r(1,13,18,20,20)
r(185,0,18,21,21)
r(76,0,18,22,22)
r(207,0,18,23,23)
r(14,2,18,24,24)
w(372,1,18,25,25)
r(2,7,18,26,26)
w(195,1,18,27,27)
r(0,31,18,28,28)
r(4,3,18,29,29)
r(6,2,18,30,30)
r(342,0,18,31,31)
r(1,13,18,32,32)
r(105,0,18,33,33)
r(113,0,18,34,34)
r(0,31,18,35,35)
r(3,5,18,36,36)
r(0,31,18,37,37)
r(122,0,18,38,38)
r(75,0,18,39,39)
r(10,6,18,40,40)
r(112,0,18,41,41)
r(10,6,18,42,42)
r(0,31,18,43,43)
r(69,1,18,44,44)
r(0,31,18,45,45)
r(0,31,18,46,46)
r(5,2,18,47,47)
r(10,6,18,48,48)
r(0,31,18,49,49)
r(186,0,18,50,50)
r(0,31,18,51,51)
w(72,2,18,52,52)
r(459,1,18,53,53)
r(183,0,18,54,54)
r(0,31,18,55,55)
r(253,0,18,56,56)
r(0,31,18,57,57)
r(332,0,18,58,58)
r(581,0,18,59,59)
r(116,0,18,60,60)
w(59,1,18,61,61)
w(13,3,18,62,62)
r(105,0,18,63,63)
r(18,0,18,64,64)
r(67,2,18,65,65)
r(2,7,18,66,66)
r(733,0,18,67,67)
r(17,1,18,68,68)
r(0,31,18,69,69)
r(0,31,18,70,70)
r(0,31,18,71,71)
r(0,31,18,72,72)
w(6,3,18,73,73)
r(272,0,18,74,74)
r(239,1,18,75,75)
r(0,31,18,76,76)
r(289,0,18,77,77)
r(0,31,18,78,78)
r(625,0,18,79,79)
r(5,2,18,80,80)
r(24,3,18,81,81)
r(6,3,18,82,82)
r(11,1,18,83,83)
w(4,4,18,84,84)
r(4,4,18,85,85)
r(2,7,18,86,86)
r(2,7,18,87,87)
r(1,13,18,88,88)
w(19,3,18,89,89)
r(82,0,18,90,90)
r(2,7,18,91,91)
r(106,0,18,92,92)
r(15,4,18,93,93)
r(91,0,18,94,94)
r(578,0,18,95,95)
r(222,0,18,96,96)
r(0,31,18,97,97)
r(17,1,18,98,98)
r(454,0,18,99,99)
r(91,0,19,0,0)
r(62,0,19,1,1)
r(11,1,19,2,2)
w(2,8,19,3,3)
r(30,3,19,4,4)
r(168,0,19,5,5)
r(74,0,19,6,6)
r(581,0,19,7,7)
r(5,2,19,8,8)
r(657,0,19,9,9)
r(3,5,19,10,10)
r(80,0,19,11,11)
r(729,0,19,12,12)
r(5,2,19,13,13)
r(500,0,19,14,14)
r(10,6,19,15,15)
r(1,13,19,16,16)
r(32,1,19,17,17)
r(90,1,19,18,18)
r(3,5,19,19,19)
r(127,0,19,20,20)
r(241,0,19,21,21)
r(39,1,19,22,22)
r(3,5,19,23,23)
r(1,13,19,24,24)
r(28,1,19,25,25)
r(183,0,19,26,26)
r(0,31,19,27,27)
r(11,1,19,28,28)
r(225,0,19,29,29)
r(20,0,19,30,30)
r(237,0,19,31,31)
r(20,0,19,32,32)
r(630,0,19,33,33)
r(2,8,19,34,34)
r(791,0,19,35,35)
r(254,1,19,36,36)
r(3,5,19,37,37)
r(2,8,19,38,38)
r(18,0,19,39,39)
r(7,1,19,40,40)
r(44,0,19,41,41)
w(128,2,19,42,42)
r(241,0,19,43,43)
r(25,3,19,44,44)
r(56,0,19,45,45)
r(1,13,19,46,46)
r(371,0,19,47,47)
r(136,0,19,48,48)
r(0,31,19,49,49)
r(20,0,19,50,50)
w(435,1,19,51,51)
r(500,0,19,52,52)
r(148,0,19,53,53)
r(53,0,19,54,54)
r(20,0,19,55,55)
r(664,0,19,56,56)
r(29,0,19,57,57)
r(206,0,19,58,58)
r(18,0,19,59,59)
r(914,0,19,60,60)
r(22,2,19,61,61)
r(0,31,19,62,62)
r(10,6,19,63,63)
r(6,3,19,64,64)
r(3,5,19,65,65)
r(86,0,19,66,66)
r(304,0,19,67,67)
r(9,1,19,68,68)
w(397,1,19,69,69)
r(11,1,19,70,70)
r(11,1,19,71,71)
r(0,31,19,72,72)
r(5,2,19,73,73)
r(269,0,19,74,74)
r(108,0,19,75,75)
r(549,0,19,76,76)
r(102,0,19,77,77)
r(16,2,19,78,78)
r(196,0,19,79,79)
r(27,1,19,80,80)
r(2,8,19,81,81)
r(69,1,19,82,82)
r(333,0,19,83,83)
r(335,0,19,84,84)
r(254,1,19,85,85)
w(66,1,19,86,86)
r(6,3,19,87,87)
r(19,3,19,88,88)
r(261,0,19,89,89)
r(0,31,19,90,90)
r(9,1,19,91,91)
r(459,1,19,92,92)
r(677,0,19,93,93)
r(26,1,19,94,94)
r(0,31,19,95,95)
r(1,13,19,96,96)
r(4,4,19,97,97)
r(7,1,19,98,98)
r(114,0,19,99,99)
w(2,9,20,0,0)
r(276,0,20,1,1)
w(76,1,20,2,2)
r(16,2,20,3,3)
w(567,1,20,4,4)
r(355,0,20,5,5)
r(31,1,20,6,6)
r(193,0,20,7,7)
r(6,3,20,8,8)
r(0,31,20,9,9)
r(6,3,20,10,10)
r(160,0,20,11,11)
r(738,0,20,12,12)
r(62,0,20,13,13)
r(3,5,20,14,14)
r(81,0,20,15,15)
r(361,0,20,16,16)
r(56,0,20,17,17)
r(54,1,20,18,18)
r(864,0,20,19,19)
w(6,4,20,20,20)
r(11,1,20,21,21)
r(2,9,20,22,22)
r(3,5,20,23,23)
r(1,13,20,24,24)
r(82,0,20,25,25)
r(1,13,20,26,26)
r(27,1,20,27,27)
r(0,31,20,28,28)
r(105,0,20,29,29)
r(1,13,20,30,30)
r(29,0,20,31,31)
r(16,2,20,32,32)
r(186,0,20,33,33)
r(34,1,20,34,34)
r(2,9,20,35,35)
r(342,0,20,36,36)
w(72,3,20,37,37)
r(159,0,20,38,38)
r(0,31,20,39,39)
r(717,0,20,40,40)
w(0,32,20,41,41)
w(12,4,20,42,42)
w(40,2,20,43,43)
r(3,5,20,44,44)
r(0,32,20,45,45)
r(1,13,20,46,46)
r(110,0,20,47,47)
r(4,4,20,48,48)
w(1,14,20,49,49)
r(59,1,20,50,50)
r(637,0,20,51,51)
r(140,0,20,52,52)
r(140,0,20,53,53)
r(1,14,20,54,54)
r(561,0,20,55,55)
r(5,2,20,56,56)
r(0,32,20,57,57)
r(200,0,20,58,58)
r(2,9,20,59,59)
r(64,2,20,60,60)
r(192,0,20,61,61)
r(113,0,20,62,62)
r(6,4,20,63,63)
r(516,0,20,64,64)
r(186,0,20,65,65)
r(47,1,20,66,66)
w(51,3,20,67,67)
r(0,32,20,68,68)
r(4,4,20,69,69)
r(2,9,20,70,70)
r(150,0,20,71,71)
w(13,4,20,72,72)
r(2,9,20,73,73)
w(25,4,20,74,74)
r(116,0,20,75,75)
r(233,0,20,76,76)
r(769,0,20,77,77)
w(0,33,20,78,78)
r(2,9,20,79,79)
w(4,5,20,80,80)
r(63,0,20,81,81)
r(139,0,20,82,82)
r(24,3,20,83,83)
r(10,6,20,84,84)
r(19,3,20,85,85)
r(1,14,20,86,86)
r(6,4,20,87,87)
w(2,10,20,88,88)
r(894,0,20,89,89)
w(471,1,20,90,90)
r(653,0,20,91,91)
r(0,33,20,92,92)
r(209,0,20,93,93)
r(38,1,20,94,94)
r(29,0,20,95,95)
r(0,33,20,96,96)
r(868,0,20,97,97)
r(9,1,20,98,98)
w(182,1,20,99,99)
r(81,0,21,0,0)
r(46,0,21,1,1)
r(235,0,21,2,2)
r(184,0,21,3,3)
r(86,0,21,4,4)
r(3,5,21,5,5)
r(3,5,21,6,6)
r(5,2,21,7,7)
r(0,33,21,8,8)
r(0,33,21,9,9)
r(20,0,21,10,10)
r(22,2,21,11,11)
w(271,1,21,12,12)
r(201,0,21,13,13)
r(71,0,21,14,14)
r(106,0,21,15,15)
r(241,0,21,16,16)
r(0,33,21,17,17)
w(598,1,21,18,18)
r(0,33,21,19,19)
r(602,0,21,20,20)
r(3,5,21,21,21)
r(0,33,21,22,22)
r(44,0,21,23,23)
r(11,1,21,24,24)
r(7,1,21,25,25)
w(10,7,21,26,26)
r(282,1,21,27,27)
r(7,1,21,28,28)
r(187,0,21,29,29)
w(1,15,21,30,30)
r(205,0,21,31,31)
r(339,0,21,32,32)
r(544,0,21,33,33)
r(64,2,21,34,34)
r(111,1,21,35,35)
r(309,0,21,36,36)
r(109,0,21,37,37)
r(273,0,21,38,38)
r(122,0,21,39,39)
r(2,10,21,40,40)
w(87,1,21,41,41)
r(34,1,21,42,42)
r(0,33,21,43,43)
r(194,0,21,44,44)
r(57,0,21,45,45)
r(0,33,21,46,46)
r(758,0,21,47,47)
r(88,0,21,48,48)
r(0,33,21,49,49)
r(32,1,21,50,50)
r(2,10,21,51,51)
r(96,0,21,52,52)
r(427,0,21,53,53)
r(0,33,21,54,54)
r(978,0,21,55,55)
r(272,0,21,56,56)
r(86,0,21,57,57)
r(9,1,21,58,58)
r(0,33,21,59,59)
r(6,4,21,60,60)
r(4,5,21,61,61)
r(13,4,21,62,62)
r(132,0,21,63,63)
r(28,1,21,64,64)
r(310,0,21,65,65)
r(0,33,21,66,66)
r(274,0,21,67,67)
r(0,33,21,68,68)
r(0,33,21,69,69)
r(62,0,21,70,70)
r(0,33,21,71,71)
r(366,0,21,72,72)
w(1,16,21,73,73)
r(20,0,21,74,74)
r(19,3,21,75,75)
r(17,1,21,76,76)
r(0,33,21,77,77)
r(20,0,21,78,78)
r(0,33,21,79,79)
r(2,10,21,80,80)
r(2,10,21,81,81)
r(6,4,21,82,82)
r(11,1,21,83,83)
r(0,33,21,84,84)
r(278,0,21,85,85)
r(1,16,21,86,86)
r(7,1,21,87,87)
r(87,1,21,88,88)
r(132,0,21,89,89)
r(154,0,21,90,90)
w(433,1,21,91,91)
r(7,1,21,92,92)
r(3,5,21,93,93)
r(2,10,21,94,94)
r(257,0,21,95,95)
r(126,0,21,96,96)
r(309,0,21,97,97)
r(2,10,21,98,98)
r(5,2,21,99,99)
r(214,0,22,0,0)
r(74,0,22,1,1)
r(933,0,22,2,2)
r(6,4,22,3,3)
r(2,10,22,4,4)
r(536,0,22,5,5)
r(42,1,22,6,6)
w(884,1,22,7,7)
r(297,0,22,8,8)
r(60,0,22,9,9)
r(15,4,22,10,10)
r(945,0,22,11,11)
w(80,1,22,12,12)
r(1,16,22,13,13)
r(1,16,22,14,14)
r(28,1,22,15,15)
r(30,3,22,16,16)
r(296,0,22,17,17)
r(10,7,22,18,18)
r(114,0,22,19,19)
r(446,0,22,20,20)
r(1,16,22,21,21)
w(96,1,22,22,22)
r(28,1,22,23,23)
r(4,5,22,24,24)
w(3,6,22,25,25)
r(71,0,22,26,26)
r(511,0,22,27,27)
r(1,16,22,28,28)
r(9,1,22,29,29)
r(5,2,22,30,30)
r(0,33,22,31,31)
r(26,1,22,32,32)
r(1,16,22,33,33)
r(4,5,22,34,34)
r(6,4,22,35,35)
r(0,33,22,36,36)
r(269,0,22,37,37)
r(479,0,22,38,38)
r(23,1,22,39,39)
r(1,16,22,40,40)
r(0,33,22,41,41)
r(25,4,22,42,42)
r(4,5,22,43,43)
r(6,4,22,44,44)
r(11,1,22,45,45)
r(300,0,22,46,46)
r(184,0,22,47,47)
r(91,0,22,48,48)
r(7,1,22,49,49)
r(0,33,22,50,50)
r(3,6,22,51,51)
w(0,34,22,52,52)
r(78,0,22,53,53)
r(1,16,22,54,54)
w(3,7,22,55,55)
r(56,0,22,56,56)
r(39,1,22,57,57)
r(0,34,22,58,58)
r(1,16,22,59,59)
r(2,10,22,60,60)
r(5,2,22,61,61)
r(741,0,22,62,62)
r(0,34,22,63,63)
r(355,0,22,64,64)
r(269,0,22,65,65)
r(789,0,22,66,66)
r(153,0,22,67,67)
r(431,0,22,68,68)
r(37,1,22,69,69)
r(91,0,22,70,70)
r(140,0,22,71,71)
r(26,1,22,72,72)
r(10,7,22,73,73)
r(3,7,22,74,74)
r(63,0,22,75,75)
r(6,4,22,76,76)
r(646,0,22,77,77)
r(110,0,22,78,78)
r(794,0,22,79,79)
r(24,3,22,80,80)
r(364,0,22,81,81)
r(82,0,22,82,82)
w(41,1,22,83,83)
r(20,0,22,84,84)
r(928,0,22,85,85)
r(0,34,22,86,86)
r(44,0,22,87,87)
w(1,17,22,88,88)
r(93,0,22,89,89)
r(0,34,22,90,90)
r(0,34,22,91,91)
r(31,1,22,92,92)
r(794,0,22,93,93)
r(530,0,22,94,94)
r(511,0,22,95,95)
r(62,0,22,96,96)
w(2,11,22,97,97)
r(1,17,22,98,98)
r(107,1,22,99,99)
r(247,0,23,0,0)
r(43,0,23,1,1)
r(22,2,23,2,2)
r(9,1,23,3,3)
w(260,1,23,4,4)
r(2,11,23,5,5)
r(35,0,23,6,6)
r(196,0,23,7,7)
w(29,1,23,8,8)
r(47,1,23,9,9)
r(70,2,23,10,10)
r(0,34,23,11,11)
r(478,0,23,12,12)
r(92,1,23,13,13)
r(110,0,23,14,14)
r(264,0,23,15,15)
r(0,34,23,16,16)
r(651,0,23,17,17)
r(85,0,23,18,18)
r(103,0,23,19,19)
r(2,11,23,20,20)
r(828,1,23,21,21)
r(10,7,23,22,22)
r(1,17,23,23,23)
r(677,0,23,24,24)
r(3,7,23,25,25)
r(0,34,23,26,26)
r(1,17,23,27,27)
r(9,1,23,28,28)
r(3,7,23,29,29)
r(1,17,23,30,30)
r(283,0,23,31,31)
r(222,0,23,32,32)
r(742,0,23,33,33)
r(29,1,23,34,34)
r(548,0,23,35,35)
r(892,1,23,36,36)
r(844,0,23,37,37)
r(1,17,23,38,38)
r(10,7,23,39,39)
r(3,7,23,40,40)
r(592,0,23,41,41)
r(371,0,23,42,42)
r(24,3,23,43,43)
r(15,4,23,44,44)
r(1,17,23,45,45)
r(399,0,23,46,46)
r(144,0,23,47,47)
r(2,11,23,48,48)
r(4,5,23,49,49)
r(245,0,23,50,50)
r(16,2,23,51,51)
r(2,11,23,52,52)
r(217,0,23,53,53)
r(280,1,23,54,54)
r(132,0,23,55,55)
r(835,0,23,56,56)
r(19,3,23,57,57)
r(54,1,23,58,58)
r(2,11,23,59,59)
r(898,0,23,60,60)
r(2,11,23,61,61)
r(286,0,23,62,62)
r(3,7,23,63,63)
r(112,0,23,64,64)
r(27,1,23,65,65)
r(188,0,23,66,66)
r(12,4,23,67,67)
r(0,34,23,68,68)
r(21,2,23,69,69)
r(64,2,23,70,70)
r(77,0,23,71,71)
r(0,34,23,72,72)
r(64,2,23,73,73)
r(107,1,23,74,74)
r(10,7,23,75,75)
r(78,0,23,76,76)
r(169,1,23,77,77)
r(9,1,23,78,78)
r(34,1,23,79,79)
r(226,0,23,80,80)
r(420,0,23,81,81)
r(119,0,23,82,82)
r(138,1,23,83,83)
r(0,34,23,84,84)
r(705,0,23,85,85)
r(0,34,23,86,86)
r(10,7,23,87,87)
r(55,0,23,88,88)
r(3,7,23,89,89)
r(1,17,23,90,90)
r(4,5,23,91,91)
r(1,17,23,92,92)
r(440,0,23,93,93)
w(63,1,23,94,94)
r(11,1,23,95,95)
r(0,34,23,96,96)
r(491,0,23,97,97)
r(2,11,23,98,98)
r(0,34,23,99,99)
w(0,35,24,0,0)
w(4,6,24,1,1)
r(1,17,24,2,2)
r(0,35,24,3,3)
r(0,35,24,4,4)
r(0,35,24,5,5)
r(30,3,24,6,6)
r(11,1,24,7,7)
r(0,35,24,8,8)
r(63,1,24,9,9)
r(7,1,24,10,10)
r(0,35,24,11,11)
r(43,0,24,12,12)
r(13,4,24,13,13)
r(3,7,24,14,14)
w(17,2,24,15,15)
r(0,35,24,16,16)
r(113,0,24,17,17)
r(35,0,24,18,18)
r(20,0,24,19,19)
r(1,17,24,20,20)
r(3,7,24,21,21)
r(2,11,24,22,22)
r(4,6,24,23,23)
r(2,11,24,24,24)
r(44,0,24,25,25)
r(48,0,24,26,26)
w(31,2,24,27,27)
r(75,0,24,28,28)
r(599,0,24,29,29)
r(5,2,24,30,30)
r(1,17,24,31,31)
r(346,0,24,32,32)
r(869,0,24,33,33)
r(149,0,24,34,34)
r(0,35,24,35,35)
r(28,1,24,36,36)
w(12,5,24,37,37)
r(145,0,24,38,38)
r(77,0,24,39,39)
r(0,35,24,40,40)
r(6,4,24,41,41)
r(200,0,24,42,42)
w(3,8,24,43,43)
r(1,17,24,44,44)
r(28,1,24,45,45)
r(2,11,24,46,46)
r(0,35,24,47,47)
r(304,0,24,48,48)
r(41,1,24,49,49)
r(3,8,24,50,50)
r(0,35,24,51,51)
r(3,8,24,52,52)
r(74,0,24,53,53)
r(329,0,24,54,54)
r(4,6,24,55,55)
r(23,1,24,56,56)
r(10,7,24,57,57)
r(50,0,24,58,58)
w(86,1,24,59,59)
r(3,8,24,60,60)
r(2,11,24,61,61)
r(15,4,24,62,62)
r(981,0,24,63,63)
r(20,0,24,64,64)
r(43,0,24,65,65)
r(466,0,24,66,66)
r(1,17,24,67,67)
r(360,0,24,68,68)
w(3,9,24,69,69)
r(1,17,24,70,70)
r(18,0,24,71,71)
r(1,17,24,72,72)
w(52,2,24,73,73)
r(213,0,24,74,74)
r(422,0,24,75,75)
r(3,9,24,76,76)
r(4,6,24,77,77)
w(0,36,24,78,78)
r(2,11,24,79,79)
r(769,0,24,80,80)
r(23,1,24,81,81)
r(1,17,24,82,82)
r(412,0,24,83,83)
r(0,36,24,84,84)
r(207,0,24,85,85)
r(55,0,24,86,86)
r(557,0,24,87,87)
r(248,0,24,88,88)
r(11,1,24,89,89)
r(56,0,24,90,90)
r(21,2,24,91,91)
r(74,0,24,92,92)
r(209,0,24,93,93)
r(19,3,24,94,94)
r(8,1,24,95,95)
r(57,0,24,96,96)
r(1,17,24,97,97)
r(0,36,24,98,98)
r(157,0,24,99,99)
r(7,1,25,0,0)
w(46,1,25,1,1)
r(339,0,25,2,2)
r(452,0,25,3,3)
r(603,0,25,4,4)
r(0,36,25,5,5)
r(14,2,25,6,6)
r(7,1,25,7,7)
r(41,1,25,8,8)
r(1,17,25,9,9)
r(1,17,25,10,10)
r(334,0,25,11,11)
r(39,1,25,12,12)
r(619,0,25,13,13)
r(5,2,25,14,14)
r(321,0,25,15,15)
r(1,17,25,16,16)
r(0,36,25,17,17)
w(22,3,25,18,18)
r(2,11,25,19,19)
r(424,0,25,20,20)
r(1,17,25,21,21)
w(451,1,25,22,22)
w(0,37,25,23,23)
r(4,6,25,24,24)
r(4,6,25,25,25)
r(3,9,25,26,26)
w(202,1,25,27,27)
r(3,9,25,28,28)
r(0,37,25,29,29)
r(1,17,25,30,30)
w(1,18,25,31,31)
r(608,0,25,32,32)
r(582,0,25,33,33)
w(0,38,25,34,34)
r(1,18,25,35,35)
r(7,1,25,36,36)
r(114,0,25,37,37)
r(9,1,25,38,38)
r(53,0,25,39,39)
r(0,38,25,40,40)
r(2,11,25,41,41)
r(0,38,25,42,42)
w(996,1,25,43,43)
r(76,1,25,44,44)
r(171,0,25,45,45)
r(42,1,25,46,46)
r(3,9,25,47,47)
r(3,9,25,48,48)
w(24,4,25,49,49)
r(78,0,25,50,50)
r(5,2,25,51,51)
r(19,3,25,52,52)
r(699,0,25,53,53)
w(9,2,25,54,54)
r(1,18,25,55,55)
r(784,0,25,56,56)
r(3,9,25,57,57)
r(2,11,25,58,58)
r(51,3,25,59,59)
r(25,4,25,60,60)
w(2,12,25,61,61)
r(146,1,25,62,62)
r(41,1,25,63,63)
r(40,2,25,64,64)
r(3,9,25,65,65)
r(277,0,25,66,66)
w(747,1,25,67,67)
r(37,1,25,68,68)
r(1,18,25,69,69)
w(0,39,25,70,70)
r(602,0,25,71,71)
r(40,2,25,72,72)
r(723,0,25,73,73)
r(304,0,25,74,74)
r(12,5,25,75,75)
r(9,2,25,76,76)
r(352,0,25,77,77)
r(3,9,25,78,78)
r(156,0,25,79,79)
w(1,19,25,80,80)
r(285,0,25,81,81)
r(108,0,25,82,82)
r(382,0,25,83,83)
r(399,0,25,84,84)
w(572,1,25,85,85)
r(759,0,25,86,86)
r(241,0,25,87,87)
r(9,2,25,88,88)
r(63,1,25,89,89)
r(0,39,25,90,90)
r(0,39,25,91,91)
r(277,0,25,92,92)
w(0,40,25,93,93)
r(375,0,25,94,94)
w(99,1,25,95,95)
r(0,40,25,96,96)
r(16,2,25,97,97)
r(1,19,25,98,98)
r(287,0,25,99,99)
r(90,1,26,0,0)
r(39,1,26,1,1)
r(136,0,26,2,2)
r(784,0,26,3,3)
r(1,19,26,4,4)
r(402,0,26,5,5)
r(4,6,26,6,6)
r(694,0,26,7,7)
r(1,19,26,8,8)
r(20,0,26,9,9)
r(122,0,26,10,10)
r(739,0,26,11,11)
w(16,3,26,12,12)
w(104,2,26,13,13)
r(58,0,26,14,14)
r(273,0,26,15,15)
r(3,9,26,16,16)
r(0,40,26,17,17)
r(7,1,26,18,18)
r(1,19,26,19,19)
r(521,0,26,20,20)
r(563,0,26,21,21)
r(178,0,26,22,22)
r(93,0,26,23,23)
r(23,1,26,24,24)
r(1,19,26,25,25)
w(9,3,26,26,26)
r(226,0,26,27,27)
w(392,1,26,28,28)
r(143,0,26,29,29)
r(117,0,26,30,30)
r(33,1,26,31,31)
r(2,12,26,32,32)
w(11,2,26,33,33)
r(441,0,26,34,34)
r(61,0,26,35,35)
r(33,1,26,36,36)
r(5,2,26,37,37)
w(1,20,26,38,38)
w(143,1,26,39,39)
r(0,40,26,40,40)
w(0,41,26,41,41)
r(23,1,26,42,42)
r(426,0,26,43,43)
r(10,7,26,44,44)
r(105,0,26,45,45)
r(3,9,26,46,46)
r(0,41,26,47,47)
r(232,0,26,48,48)
r(388,0,26,49,49)
r(14,2,26,50,50)
r(0,41,26,51,51)
w(12,6,26,52,52)
w(0,42,26,53,53)
r(84,0,26,54,54)
r(19,3,26,55,55)
r(0,42,26,56,56)
r(14,2,26,57,57)
r(509,0,26,58,58)
w(5,3,26,59,59)
r(164,0,26,60,60)
r(0,42,26,61,61)
r(246,0,26,62,62)
r(2,12,26,63,63)
w(21,3,26,64,64)
r(1,20,26,65,65)
r(111,1,26,66,66)
r(45,1,26,67,67)
r(6,4,26,68,68)
r(100,0,26,69,69)
r(300,0,26,70,70)
w(4,7,26,71,71)
r(6,4,26,72,72)
r(0,42,26,73,73)
r(357,0,26,74,74)
r(19,3,26,75,75)
r(1,20,26,76,76)
r(500,0,26,77,77)
r(94,0,26,78,78)
r(356,0,26,79,79)
r(4,7,26,80,80)
r(2,12,26,81,81)
r(1,20,26,82,82)
r(64,2,26,83,83)
r(162,1,26,84,84)
r(4,7,26,85,85)
r(306,0,26,86,86)
r(235,0,26,87,87)
r(16,3,26,88,88)
r(11,2,26,89,89)
r(1,20,26,90,90)
w(20,1,26,91,91)
r(41,1,26,92,92)
r(4,7,26,93,93)
w(6,5,26,94,94)
r(11,2,26,95,95)
r(7,1,26,96,96)
r(14,2,26,97,97)
r(47,1,26,98,98)
r(4,7,26,99,99)
r(12,6,27,0,0)
r(0,42,27,1,1)
r(292,0,27,2,2)
r(45,1,27,3,3)
w(4,8,27,4,4)
r(0,42,27,5,5)
r(232,0,27,6,6)
r(0,42,27,7,7)
r(723,0,27,8,8)
r(3,9,27,9,9)
r(147,0,27,10,10)
r(0,42,27,11,11)
r(821,0,27,12,12)
r(119,0,27,13,13)
r(23,1,27,14,14)
r(0,42,27,15,15)
r(21,3,27,16,16)
r(4,8,27,17,17)
r(13,4,27,18,18)
r(12,6,27,19,19)
r(8,1,27,20,20)
r(719,0,27,21,21)
r(10,7,27,22,22)
r(1,20,27,23,23)
r(19,3,27,24,24)
r(42,1,27,25,25)
r(842,0,27,26,26)
r(0,42,27,27,27)
r(69,1,27,28,28)
w(0,43,27,29,29)
r(74,0,27,30,30)
w(156,1,27,31,31)
w(13,5,27,32,32)
r(4,8,27,33,33)
r(2,12,27,34,34)
r(19,3,27,35,35)
r(1,20,27,36,36)
r(0,43,27,37,37)
w(24,5,27,38,38)
r(0,43,27,39,39)
r(12,6,27,40,40)
r(14,2,27,41,41)
r(31,2,27,42,42)
r(631,0,27,43,43)
r(560,0,27,44,44)
r(135,0,27,45,45)
w(679,1,27,46,46)
r(2,12,27,47,47)
w(20,2,27,48,48)
r(0,43,27,49,49)
r(45,1,27,50,50)
r(0,43,27,51,51)
r(66,1,27,52,52)
w(48,1,27,53,53)
r(1,20,27,54,54)
r(0,43,27,55,55)
r(30,3,27,56,56)
r(191,0,27,57,57)
r(357,0,27,58,58)
r(11,2,27,59,59)
r(0,43,27,60,60)
r(61,0,27,61,61)
r(290,0,27,62,62)
r(105,0,27,63,63)
w(4,9,27,64,64)
w(148,1,27,65,65)
r(108,0,27,66,66)
r(21,3,27,67,67)
r(0,43,27,68,68)
r(0,43,27,69,69)
r(231,0,27,70,70)
w(3,10,27,71,71)
r(83,0,27,72,72)
w(0,44,27,73,73)
r(626,0,27,74,74)
r(0,44,27,75,75)
r(60,0,27,76,76)
r(106,0,27,77,77)
r(44,0,27,78,78)
r(0,44,27,79,79)
r(112,0,27,80,80)
r(4,9,27,81,81)
r(678,1,27,82,82)
w(5,4,27,83,83)
r(2,12,27,84,84)
r(60,0,27,85,85)
r(1,20,27,86,86)
r(2,12,27,87,87)
r(2,12,27,88,88)
r(290,0,27,89,89)
r(2,12,27,90,90)
r(0,44,27,91,91)
r(938,0,27,92,92)
r(6,5,27,93,93)
r(151,0,27,94,94)
w(229,1,27,95,95)
r(0,44,27,96,96)
r(5,4,27,97,97)
r(0,44,27,98,98)
r(246,0,27,99,99)
r(2,12,28,0,0)
r(109,0,28,1,1)
r(800,0,28,2,2)
r(32,1,28,3,3)
r(152,1,28,4,4)
r(18,0,28,5,5)
r(0,44,28,6,6)
w(162,2,28,7,7)
r(80,1,28,8,8)
r(3,10,28,9,9)
r(20,2,28,10,10)
r(0,44,28,11,11)
r(0,44,28,12,12)
r(1,20,28,13,13)
r(553,0,28,14,14)
r(118,0,28,15,15)
r(5,4,28,16,16)
r(10,7,28,17,17)
r(17,2,28,18,18)
r(2,12,28,19,19)
r(3,10,28,20,20)
r(114,0,28,21,21)
r(1,20,28,22,22)
r(11,2,28,23,23)
r(263,1,28,24,24)
r(889,0,28,25,25)
w(8,2,28,26,26)
r(3,10,28,27,27)
r(17,2,28,28,28)
r(59,1,28,29,29)
r(117,0,28,30,30)
r(0,44,28,31,31)
r(201,0,28,32,32)
r(251,0,28,33,33)
r(32,1,28,34,34)
r(2,12,28,35,35)
r(16,3,28,36,36)
r(47,1,28,37,37)
r(257,0,28,38,38)
r(1,20,28,39,39)
r(12,6,28,40,40)
r(9,3,28,41,41)
r(0,44,28,42,42)
w(8,3,28,43,43)
w(214,1,28,44,44)
r(268,0,28,45,45)
r(0,44,28,46,46)
r(1,20,28,47,47)
r(4,9,28,48,48)
r(19,3,28,49,49)
r(2,12,28,50,50)
r(80,1,28,51,51)
r(12,6,28,52,52)
w(0,45,28,53,53)
r(246,0,28,54,54)
w(899,1,28,55,55)
w(0,46,28,56,56)
r(7,1,28,57,57)
r(20,2,28,58,58)
r(9,3,28,59,59)
r(65,0,28,60,60)
r(415,0,28,61,61)
r(7,1,28,62,62)
r(701,0,28,63,63)
r(22,3,28,64,64)
r(3,10,28,65,65)
r(274,0,28,66,66)
r(787,0,28,67,67)
r(37,1,28,68,68)
r(124,0,28,69,69)
r(24,5,28,70,70)
r(1,20,28,71,71)
r(18,0,28,72,72)
w(38,2,28,73,73)
r(196,0,28,74,74)
r(54,1,28,75,75)
r(0,46,28,76,76)
r(719,0,28,77,77)
r(378,0,28,78,78)
r(3,10,28,79,79)
r(148,1,28,80,80)
r(71,0,28,81,81)
r(34,1,28,82,82)
r(0,46,28,83,83)
r(1,20,28,84,84)
r(9,3,28,85,85)
r(152,1,28,86,86)
r(6,5,28,87,87)
r(4,9,28,88,88)
r(1,20,28,89,89)
r(181,0,28,90,90)
r(282,1,28,91,91)
r(17,2,28,92,92)
r(7,1,28,93,93)
r(195,1,28,94,94)
r(0,46,28,95,95)
r(36,0,28,96,96)
r(249,0,28,97,97)
r(4,9,28,98,98)
r(252,0,28,99,99)
r(6,5,29,0,0)
r(476,1,29,1,1)
r(328,0,29,2,2)
r(6,5,29,3,3)
r(41,1,29,4,4)
r(105,0,29,5,5)
r(8,3,29,6,6)
r(160,0,29,7,7)
r(176,0,29,8,8)
r(0,46,29,9,9)
r(176,0,29,10,10)
r(241,0,29,11,11)
r(8,3,29,12,12)
r(4,9,29,13,13)
r(14,2,29,14,14)
r(689,0,29,15,15)
r(380,0,29,16,16)
r(314,0,29,17,17)
w(22,4,29,18,18)
r(1,20,29,19,19)
r(123,0,29,20,20)
r(0,46,29,21,21)
r(8,3,29,22,22)
r(0,46,29,23,23)
r(898,0,29,24,24)
r(4,9,29,25,25)
r(309,0,29,26,26)
r(69,1,29,27,27)
r(44,0,29,28,28)
r(1,20,29,29,29)
r(240,0,29,30,30)
w(83,1,29,31,31)
r(147,0,29,32,32)
r(6,5,29,33,33)
r(0,46,29,34,34)
w(562,1,29,35,35)
r(40,2,29,36,36)
r(65,0,29,37,37)
r(0,46,29,38,38)
r(0,46,29,39,39)
r(302,0,29,40,40)
r(256,0,29,41,41)
r(5,4,29,42,42)
r(730,1,29,43,43)
r(48,1,29,44,44)
r(626,0,29,45,45)
r(8,3,29,46,46)
r(0,46,29,47,47)
r(6,5,29,48,48)
r(259,1,29,49,49)
r(4,9,29,50,50)
r(64,2,29,51,51)
r(76,1,29,52,52)
r(1,20,29,53,53)
w(52,3,29,54,54)
r(15,4,29,55,55)
r(817,0,29,56,56)
r(2,12,29,57,57)
r(24,5,29,58,58)
r(4,9,29,59,59)
r(253,0,29,60,60)
r(100,0,29,61,61)
r(0,46,29,62,62)
r(9,3,29,63,63)
r(83,1,29,64,64)
r(32,1,29,65,65)
r(0,46,29,66,66)
r(205,0,29,67,67)
w(1,21,29,68,68)
r(262,0,29,69,69)
r(11,2,29,70,70)
r(4,9,29,71,71)
r(27,1,29,72,72)
r(768,0,29,73,73)
w(216,1,29,74,74)
r(334,0,29,75,75)
r(1,21,29,76,76)
r(276,0,29,77,77)
r(980,0,29,78,78)
r(1,21,29,79,79)
r(6,5,29,80,80)
r(206,0,29,81,81)
r(61,0,29,82,82)
r(334,0,29,83,83)
r(1,21,29,84,84)
r(45,1,29,85,85)
r(620,0,29,86,86)
r(30,3,29,87,87)
r(11,2,29,88,88)
r(168,0,29,89,89)
r(636,0,29,90,90)
w(2,13,29,91,91)
r(252,0,29,92,92)
r(4,9,29,93,93)
w(236,2,29,94,94)
w(181,1,29,95,95)
w(10,8,29,96,96)
r(563,0,29,97,97)
r(364,0,29,98,98)
r(924,0,29,99,99)
w(152,2,30,0,0)
r(797,0,30,1,1)
r(879,0,30,2,2)
w(0,47,30,3,3)
r(1,21,30,4,4)
r(2,13,30,5,5)
r(0,47,30,6,6)
r(788,0,30,7,7)
r(53,0,30,8,8)
w(23,2,30,9,9)
r(10,8,30,10,10)
r(853,0,30,11,11)
r(2,13,30,12,12)
r(10,8,30,13,13)
r(2,13,30,14,14)
r(3,10,30,15,15)
r(253,0,30,16,16)
r(1,21,30,17,17)
r(418,0,30,18,18)
r(21,3,30,19,19)
r(886,0,30,20,20)
r(24,5,30,21,21)
r(4,9,30,22,22)
r(0,47,30,23,23)
r(362,0,30,24,24)
r(1,21,30,25,25)
w(2,14,30,26,26)
r(0,47,30,27,27)
r(12,6,30,28,28)
w(8,4,30,29,29)
r(220,0,30,30,30)
r(12,6,30,31,31)
r(612,0,30,32,32)
r(1,21,30,33,33)
r(110,0,30,34,34)
r(37,1,30,35,35)
r(79,1,30,36,36)
w(5,5,30,37,37)
r(12,6,30,38,38)
r(307,1,30,39,39)
r(20,2,30,40,40)
r(9,3,30,41,41)
r(0,47,30,42,42)
r(540,0,30,43,43)
r(1,21,30,44,44)
r(134,0,30,45,45)
w(217,1,30,46,46)
r(4,9,30,47,47)
r(1,21,30,48,48)
r(21,3,30,49,49)
r(80,1,30,50,50)
r(32,1,30,51,51)
r(45,1,30,52,52)
r(0,47,30,53,53)
w(83,2,30,54,54)
r(141,0,30,55,55)
r(37,1,30,56,56)
w(114,1,30,57,57)
r(9,3,30,58,58)
r(345,0,30,59,59)
r(8,4,30,60,60)
r(0,47,30,61,61)
r(26,1,30,62,62)
r(32,1,30,63,63)
r(559,0,30,64,64)
r(387,0,30,65,65)
r(778,0,30,66,66)
r(1,21,30,67,67)
r(207,0,30,68,68)
r(539,0,30,69,69)
w(936,1,30,70,70)
r(57,0,30,71,71)
r(711,0,30,72,72)
r(72,3,30,73,73)
r(14,2,30,74,74)
r(35,0,30,75,75)
r(12,6,30,76,76)
w(3,11,30,77,77)
w(291,1,30,78,78)
r(8,4,30,79,79)
r(52,3,30,80,80)
r(1,21,30,81,81)
r(33,1,30,82,82)
r(18,0,30,83,83)
r(13,5,30,84,84)
r(0,47,30,85,85)
r(74,0,30,86,86)
r(1,21,30,87,87)
r(178,0,30,88,88)
r(0,47,30,89,89)
r(2,14,30,90,90)
r(1,21,30,91,91)
r(2,14,30,92,92)
r(3,11,30,93,93)
r(3,11,30,94,94)
r(22,4,30,95,95)
r(5,5,30,96,96)
r(243,0,30,97,97)
r(28,1,30,98,98)
r(589,0,30,99,99)
r(237,0,31,0,0)
r(20,2,31,1,1)
r(5,5,31,2,2)
r(0,47,31,3,3)
r(6,5,31,4,4)
r(50,0,31,5,5)
r(21,3,31,6,6)
r(72,3,31,7,7)
r(0,47,31,8,8)
r(877,0,31,9,9)
r(0,47,31,10,10)
r(48,1,31,11,11)
r(0,47,31,12,12)
r(0,47,31,13,13)
r(66,1,31,14,14)
w(461,1,31,15,15)
r(0,47,31,16,16)
r(3,11,31,17,17)
r(141,0,31,18,18)
r(5,5,31,19,19)
r(269,0,31,20,20)
w(202,2,31,21,21)
r(18,0,31,22,22)
r(91,0,31,23,23)
r(243,0,31,24,24)
r(2,14,31,25,25)
r(5,5,31,26,26)
r(17,2,31,27,27)
r(56,0,31,28,28)
r(43,0,31,29,29)
w(248,1,31,30,30)
r(2,14,31,31,31)
r(99,1,31,32,32)
r(116,0,31,33,33)
r(52,3,31,34,34)
r(11,2,31,35,35)
r(130,0,31,36,36)
r(208,0,31,37,37)
r(261,0,31,38,38)
r(729,0,31,39,39)
r(7,1,31,40,40)
r(0,47,31,41,41)
r(9,3,31,42,42)
r(0,47,31,43,43)
r(362,0,31,44,44)
r(2,14,31,45,45)
r(103,0,31,46,46)
r(10,8,31,47,47)
r(37,1,31,48,48)
r(46,1,31,49,49)
r(467,1,31,50,50)
r(3,11,31,51,51)
r(688,0,31,52,52)
r(5,5,31,53,53)
r(0,47,31,54,54)
r(100,0,31,55,55)
r(923,0,31,56,56)
r(19,3,31,57,57)
w(0,48,31,58,58)
w(226,1,31,59,59)
r(0,48,31,60,60)
r(699,0,31,61,61)
r(1,21,31,62,62)
r(143,1,31,63,63)
r(26,1,31,64,64)
r(29,1,31,65,65)
r(778,0,31,66,66)
r(0,48,31,67,67)
r(357,0,31,68,68)
r(3,11,31,69,69)
r(30,3,31,70,70)
r(0,48,31,71,71)
r(14,2,31,72,72)
r(706,0,31,73,73)
w(134,1,31,74,74)
r(9,3,31,75,75)
r(0,48,31,76,76)
w(10,9,31,77,77)
r(0,48,31,78,78)
r(225,0,31,79,79)
r(0,48,31,80,80)
r(81,0,31,81,81)
r(2,14,31,82,82)
r(0,48,31,83,83)
r(54,1,31,84,84)
r(441,0,31,85,85)
r(2,14,31,86,86)
r(0,48,31,87,87)
r(6,5,31,88,88)
r(168,0,31,89,89)
r(1,21,31,90,90)
r(12,6,31,91,91)
r(7,1,31,92,92)
r(35,0,31,93,93)
r(148,1,31,94,94)
r(555,0,31,95,95)
r(164,0,31,96,96)
r(12,6,31,97,97)
r(689,0,31,98,98)
r(0,48,31,99,99)
r(66,1,32,0,0)
r(440,0,32,1,1)
r(2,14,32,2,2)
r(0,48,32,3,3)
r(1,21,32,4,4)
r(0,48,32,5,5)
r(468,0,32,6,6)
r(471,1,32,7,7)
r(9,3,32,8,8)
r(239,1,32,9,9)
r(32,1,32,10,10)
r(14,2,32,11,11)
r(697,0,32,12,12)
w(227,1,32,13,13)
r(2,14,32,14,14)
r(337,0,32,15,15)
r(0,48,32,16,16)
r(195,1,32,17,17)
r(1,21,32,18,18)
r(125,1,32,19,19)
r(0,48,32,20,20)
r(39,1,32,21,21)
r(589,0,32,22,22)
w(10,10,32,23,23)
r(0,48,32,24,24)
r(92,1,32,25,25)
r(147,0,32,26,26)
r(3,11,32,27,27)
r(69,1,32,28,28)
r(23,2,32,29,29)
r(5,5,32,30,30)
r(677,0,32,31,31)
r(1,21,32,32,32)
r(126,0,32,33,33)
r(65,0,32,34,34)
r(1,21,32,35,35)
r(10,10,32,36,36)
w(11,3,32,37,37)
r(129,1,32,38,38)
r(0,48,32,39,39)
r(0,48,32,40,40)
w(1,22,32,41,41)
w(338,1,32,42,42)
r(145,0,32,43,43)
r(1,22,32,44,44)
r(44,0,32,45,45)
r(77,0,32,46,46)
r(0,48,32,47,47)
r(126,0,32,48,48)
r(29,1,32,49,49)
w(123,1,32,50,50)
r(448,0,32,51,51)
r(215,0,32,52,52)
r(183,0,32,53,53)
r(10,10,32,54,54)
r(999,0,32,55,55)
r(657,0,32,56,56)
r(249,0,32,57,57)
r(11,3,32,58,58)
w(25,5,32,59,59)
r(12,6,32,60,60)
r(3,11,32,61,61)
r(0,48,32,62,62)
w(458,1,32,63,63)
w(254,2,32,64,64)
r(6,5,32,65,65)
r(5,5,32,66,66)
r(320,2,32,67,67)
r(4,9,32,68,68)
r(22,4,32,69,69)
r(229,1,32,70,70)
w(0,49,32,71,71)
r(28,1,32,72,72)
r(18,0,32,73,73)
r(0,49,32,74,74)
w(13,6,32,75,75)
r(480,0,32,76,76)
r(38,2,32,77,77)
r(828,1,32,78,78)
w(180,1,32,79,79)
r(3,11,32,80,80)
r(34,1,32,81,81)
w(25,6,32,82,82)
r(7,1,32,83,83)
w(86,2,32,84,84)
r(16,3,32,85,85)
r(0,49,32,86,86)
r(27,1,32,87,87)
r(436,0,32,88,88)
r(12,6,32,89,89)
r(154,0,32,90,90)
r(0,49,32,91,91)
r(51,3,32,92,92)
w(3,12,32,93,93)
r(83,2,32,94,94)
w(2,15,32,95,95)
r(157,0,32,96,96)
r(2,15,32,97,97)
r(189,0,32,98,98)
r(68,0,32,99,99)
r(1,22,33,0,0)
r(34,1,33,1,1)
r(11,3,33,2,2)
r(23,2,33,3,3)
r(4,9,33,4,4)
r(8,4,33,5,5)
r(1,22,33,6,6)
r(274,0,33,7,7)
r(571,0,33,8,8)
r(28,1,33,9,9)
r(174,0,33,10,10)
r(91,0,33,11,11)
r(246,0,33,12,12)
r(399,0,33,13,13)
r(17,2,33,14,14)
r(0,49,33,15,15)
r(2,15,33,16,16)
r(28,1,33,17,17)
r(4,9,33,18,18)
r(8,4,33,19,19)
r(51,3,33,20,20)
r(93,0,33,21,21)
w(1,23,33,22,22)
r(1,23,33,23,23)
r(32,1,33,24,24)
w(0,50,33,25,25)
r(1,23,33,26,26)
r(22,4,33,27,27)
r(32,1,33,28,28)
r(8,4,33,29,29)
r(43,0,33,30,30)
w(41,2,33,31,31)
r(776,0,33,32,32)
w(1,24,33,33,33)
r(41,2,33,34,34)
r(98,0,33,35,35)
r(239,1,33,36,36)
w(3,13,33,37,37)
r(407,0,33,38,38)
r(985,0,33,39,39)
r(416,0,33,40,40)
r(214,1,33,41,41)
r(0,50,33,42,42)
r(8,4,33,43,43)
r(98,0,33,44,44)
r(34,1,33,45,45)
r(59,1,33,46,46)
r(18,0,33,47,47)
r(305,0,33,48,48)
r(61,0,33,49,49)
w(13,7,33,50,50)
r(738,0,33,51,51)
r(18,0,33,52,52)
r(9,3,33,53,53)
r(57,0,33,54,54)
r(10,10,33,55,55)
r(104,2,33,56,56)
r(0,50,33,57,57)
w(971,1,33,58,58)
r(5,5,33,59,59)
r(110,0,33,60,60)
r(41,2,33,61,61)
r(72,3,33,62,62)
r(1,24,33,63,63)
r(2,15,33,64,64)
r(2,15,33,65,65)
r(835,0,33,66,66)
r(15,4,33,67,67)
r(2,15,33,68,68)
r(14,2,33,69,69)
r(3,13,33,70,70)
r(13,7,33,71,71)
r(50,0,33,72,72)
r(0,50,33,73,73)
r(1,24,33,74,74)
r(5,5,33,75,75)
r(4,9,33,76,76)
w(7,2,33,77,77)
r(6,5,33,78,78)
r(51,3,33,79,79)
r(0,50,33,80,80)
r(112,0,33,81,81)
w(0,51,33,82,82)
r(0,51,33,83,83)
r(270,0,33,84,84)
r(23,2,33,85,85)
r(209,0,33,86,86)
r(0,51,33,87,87)
r(55,0,33,88,88)
r(254,2,33,89,89)
r(173,1,33,90,90)
r(1,24,33,91,91)
r(127,0,33,92,92)
r(284,0,33,93,93)
r(95,0,33,94,94)
r(178,0,33,95,95)
r(8,4,33,96,96)
r(19,3,33,97,97)
r(223,0,33,98,98)
r(0,51,33,99,99)
w(196,1,34,0,0)
r(4,9,34,1,1)
r(1,24,34,2,2)
r(1,24,34,3,3)
r(22,4,34,4,4)
r(123,1,34,5,5)
r(61,0,34,6,6)
r(133,0,34,7,7)
r(4,9,34,8,8)
r(0,51,34,9,9)
r(6,5,34,10,10)
w(36,1,34,11,11)
r(324,1,34,12,12)
w(3,14,34,13,13)
w(1,25,34,14,14)
w(2,16,34,15,15)
r(3,14,34,16,16)
r(1,25,34,17,17)
r(318,0,34,18,18)
r(16,3,34,19,19)
r(821,0,34,20,20)
r(10,10,34,21,21)
w(728,1,34,22,22)
r(17,2,34,23,23)
r(0,51,34,24,24)
r(0,51,34,25,25)
r(0,51,34,26,26)
r(152,2,34,27,27)
r(237,0,34,28,28)
r(0,51,34,29,29)
r(87,1,34,30,30)
r(3,14,34,31,31)
r(514,0,34,32,32)
r(2,16,34,33,33)
r(0,51,34,34,34)
r(36,1,34,35,35)
r(46,1,34,36,36)
r(10,10,34,37,37)
r(76,1,34,38,38)
r(2,16,34,39,39)
r(986,0,34,40,40)
r(911,0,34,41,41)
r(7,2,34,42,42)
r(0,51,34,43,43)
r(1,25,34,44,44)
r(3,14,34,45,45)
r(12,6,34,46,46)
r(284,0,34,47,47)
r(0,51,34,48,48)
r(0,51,34,49,49)
r(37,1,34,50,50)
r(219,0,34,51,51)
r(2,16,34,52,52)
r(4,9,34,53,53)
r(0,51,34,54,54)
r(3,14,34,55,55)
r(0,51,34,56,56)
r(68,0,34,57,57)
w(4,10,34,58,58)
r(0,51,34,59,59)
r(231,0,34,60,60)
r(191,0,34,61,61)
r(76,1,34,62,62)
r(1,25,34,63,63)
r(503,0,34,64,64)
r(29,1,34,65,65)
r(3,14,34,66,66)
r(1,25,34,67,67)
r(2,16,34,68,68)
r(3,14,34,69,69)
r(27,1,34,70,70)
r(63,1,34,71,71)
r(15,4,34,72,72)
r(73,0,34,73,73)
r(928,0,34,74,74)
r(48,1,34,75,75)
r(12,6,34,76,76)
r(10,10,34,77,77)
r(4,10,34,78,78)
r(552,0,34,79,79)
r(103,0,34,80,80)
r(20,2,34,81,81)
r(30,3,34,82,82)
r(231,0,34,83,83)
r(14,2,34,84,84)
r(583,0,34,85,85)
r(1,25,34,86,86)
r(626,0,34,87,87)
r(1,25,34,88,88)
r(58,0,34,89,89)
r(11,3,34,90,90)
r(0,51,34,91,91)
r(111,1,34,92,92)
r(0,51,34,93,93)
w(4,11,34,94,94)
r(35,0,34,95,95)
r(470,0,34,96,96)
r(129,1,34,97,97)
r(971,1,34,98,98)
r(1,25,34,99,99)
r(1,25,35,0,0)
r(6,5,35,1,1)
r(383,0,35,2,2)
r(55,0,35,3,3)
r(202,2,35,4,4)
r(0,51,35,5,5)
r(25,6,35,6,6)
r(22,4,35,7,7)
r(504,0,35,8,8)
w(293,2,35,9,9)
r(695,1,35,10,10)
r(351,0,35,11,11)
w(0,52,35,12,12)
r(410,0,35,13,13)
r(2,16,35,14,14)
r(530,0,35,15,15)
r(0,52,35,16,16)
w(805,1,35,17,17)
r(20,2,35,18,18)
w(5,6,35,19,19)
r(6,5,35,20,20)
r(797,0,35,21,21)
r(55,0,35,22,22)
r(951,0,35,23,23)
w(984,1,35,24,24)
r(15,4,35,25,25)
r(130,0,35,26,26)
r(10,10,35,27,27)
r(1,25,35,28,28)
r(10,10,35,29,29)
r(92,1,35,30,30)
r(32,1,35,31,31)
r(2,16,35,32,32)
r(1,25,35,33,33)
r(35,0,35,34,34)
w(5,7,35,35,35)
r(40,2,35,36,36)
r(0,52,35,37,37)
r(442,0,35,38,38)
r(3,14,35,39,39)
r(24,5,35,40,40)
r(44,0,35,41,41)
r(271,1,35,42,42)
r(1,25,35,43,43)
w(364,1,35,44,44)
r(74,0,35,45,45)
r(162,2,35,46,46)
r(32,1,35,47,47)
r(1,25,35,48,48)
r(0,52,35,49,49)
r(18,0,35,50,50)
r(187,0,35,51,51)
r(186,0,35,52,52)
r(50,0,35,53,53)
r(31,2,35,54,54)
r(81,0,35,55,55)
r(264,0,35,56,56)
r(181,1,35,57,57)
w(8,5,35,58,58)
r(80,1,35,59,59)
r(935,0,35,60,60)
r(0,52,35,61,61)
r(227,1,35,62,62)
w(0,53,35,63,63)
r(0,53,35,64,64)
r(80,1,35,65,65)
r(0,53,35,66,66)
r(8,5,35,67,67)
r(0,53,35,68,68)
r(95,0,35,69,69)
r(8,5,35,70,70)
r(21,3,35,71,71)
r(188,0,35,72,72)
r(4,11,35,73,73)
r(0,53,35,74,74)
w(0,54,35,75,75)
r(214,1,35,76,76)
r(1,25,35,77,77)
r(8,5,35,78,78)
r(0,54,35,79,79)
r(0,54,35,80,80)
r(7,2,35,81,81)
r(6,5,35,82,82)
r(292,0,35,83,83)
r(0,54,35,84,84)
r(578,0,35,85,85)
r(8,5,35,86,86)
r(186,0,35,87,87)
r(6,5,35,88,88)
r(101,1,35,89,89)
r(133,0,35,90,90)
r(11,3,35,91,91)
r(870,0,35,92,92)
r(8,5,35,93,93)
r(12,6,35,94,94)
r(28,1,35,95,95)
r(128,2,35,96,96)
r(28,1,35,97,97)
w(334,1,35,98,98)
r(0,54,35,99,99)
r(374,0,36,0,0)
r(42,1,36,1,1)
r(95,0,36,2,2)
r(156,1,36,3,3)
r(25,6,36,4,4)
r(30,3,36,5,5)
r(15,4,36,6,6)
r(0,54,36,7,7)
r(0,54,36,8,8)
r(0,54,36,9,9)
r(711,0,36,10,10)
r(176,0,36,11,11)
r(4,11,36,12,12)
w(7,3,36,13,13)
r(10,10,36,14,14)
r(397,1,36,15,15)
r(385,0,36,16,16)
r(18,0,36,17,17)
r(17,2,36,18,18)
r(2,16,36,19,19)
w(761,1,36,20,20)
r(15,4,36,21,21)
r(159,0,36,22,22)
r(708,0,36,23,23)
r(0,54,36,24,24)
r(124,0,36,25,25)
r(4,11,36,26,26)
w(20,3,36,27,27)
w(0,55,36,28,28)
r(291,1,36,29,29)
r(2,16,36,30,30)
w(45,2,36,31,31)
r(1,25,36,32,32)
r(0,55,36,33,33)
r(414,0,36,34,34)
r(669,0,36,35,35)
r(342,0,36,36,36)
w(8,6,36,37,37)
r(2,16,36,38,38)
r(4,11,36,39,39)
r(706,0,36,40,40)
r(0,55,36,41,41)
r(969,0,36,42,42)
r(1,25,36,43,43)
w(223,1,36,44,44)
r(20,3,36,45,45)
r(0,55,36,46,46)
w(1,26,36,47,47)
r(2,16,36,48,48)
r(112,0,36,49,49)
r(4,11,36,50,50)
r(59,1,36,51,51)
r(0,55,36,52,52)
r(1,26,36,53,53)
r(0,55,36,54,54)
r(28,1,36,55,55)
w(3,15,36,56,56)
r(84,0,36,57,57)
r(58,0,36,58,58)
r(1,26,36,59,59)
r(10,10,36,60,60)
r(0,55,36,61,61)
r(283,0,36,62,62)
r(4,11,36,63,63)
r(963,0,36,64,64)
r(64,2,36,65,65)
w(9,4,36,66,66)
r(1,26,36,67,67)
r(23,2,36,68,68)
r(0,55,36,69,69)
r(3,15,36,70,70)
r(0,55,36,71,71)
r(9,4,36,72,72)
r(1,26,36,73,73)
r(17,2,36,74,74)
r(1,26,36,75,75)
r(7,3,36,76,76)
r(7,3,36,77,77)
r(37,1,36,78,78)
r(190,0,36,79,79)
r(219,0,36,80,80)
r(65,0,36,81,81)
w(237,1,36,82,82)
r(8,6,36,83,83)
r(0,55,36,84,84)
r(5,7,36,85,85)
r(186,0,36,86,86)
r(48,1,36,87,87)
r(62,0,36,88,88)
r(0,55,36,89,89)
r(0,55,36,90,90)
r(708,0,36,91,91)
r(14,2,36,92,92)
r(277,0,36,93,93)
r(827,0,36,94,94)
r(413,0,36,95,95)
r(19,3,36,96,96)
r(33,1,36,97,97)
r(260,1,36,98,98)
r(86,2,36,99,99)
r(711,0,37,0,0)
r(4,11,37,1,1)
r(75,0,37,2,2)
r(45,2,37,3,3)
r(136,0,37,4,4)
r(71,0,37,5,5)
r(1,26,37,6,6)
r(0,55,37,7,7)
r(1,26,37,8,8)
r(24,5,37,9,9)
r(3,15,37,10,10)
r(3,15,37,11,11)
r(1,26,37,12,12)
r(7,3,37,13,13)
r(450,0,37,14,14)
r(0,55,37,15,15)
w(3,16,37,16,16)
r(0,55,37,17,17)
r(13,7,37,18,18)
r(103,0,37,19,19)
r(0,55,37,20,20)
r(0,55,37,21,21)
r(61,0,37,22,22)
r(282,1,37,23,23)
r(14,2,37,24,24)
r(0,55,37,25,25)
r(92,1,37,26,26)
r(3,16,37,27,27)
r(112,0,37,28,28)
w(51,4,37,29,29)
r(532,0,37,30,30)
r(395,0,37,31,31)
r(27,1,37,32,32)
r(10,10,37,33,33)
r(1,26,37,34,34)
w(13,8,37,35,35)
r(5,7,37,36,36)
r(31,2,37,37,37)
w(9,5,37,38,38)
w(16,4,37,39,39)
r(62,0,37,40,40)
w(178,1,37,41,41)
r(0,55,37,42,42)
r(331,0,37,43,43)
r(37,1,37,44,44)
r(3,16,37,45,45)
r(0,55,37,46,46)
r(96,1,37,47,47)
r(32,1,37,48,48)
r(278,0,37,49,49)
w(838,1,37,50,50)
r(0,55,37,51,51)
r(2,16,37,52,52)
r(2,16,37,53,53)
w(1,27,37,54,54)
r(8,6,37,55,55)
r(134,1,37,56,56)
r(4,11,37,57,57)
r(687,0,37,58,58)
r(544,0,37,59,59)
r(2,16,37,60,60)
r(0,55,37,61,61)
w(0,56,37,62,62)
w(0,57,37,63,63)
r(8,6,37,64,64)
r(466,0,37,65,65)
r(600,0,37,66,66)
r(0,57,37,67,67)
r(738,0,37,68,68)
r(6,5,37,69,69)
r(814,0,37,70,70)
r(0,57,37,71,71)
r(16,4,37,72,72)
r(9,5,37,73,73)
r(0,57,37,74,74)
r(32,1,37,75,75)
w(0,58,37,76,76)
w(29,2,37,77,77)
r(56,0,37,78,78)
r(0,58,37,79,79)
r(450,0,37,80,80)
r(563,0,37,81,81)
r(4,11,37,82,82)
r(11,3,37,83,83)
r(89,1,37,84,84)
r(1,27,37,85,85)
r(23,2,37,86,86)
r(100,0,37,87,87)
r(84,0,37,88,88)
r(3,16,37,89,89)
r(0,58,37,90,90)
r(253,0,37,91,91)
r(2,16,37,92,92)
r(160,0,37,93,93)
r(100,0,37,94,94)
r(3,16,37,95,95)
r(4,11,37,96,96)
r(96,1,37,97,97)
r(1,27,37,98,98)
r(6,5,37,99,99)
r(606,0,38,0,0)
r(0,58,38,1,1)
r(0,58,38,2,2)
w(1,28,38,3,3)
r(1,28,38,4,4)
w(26,2,38,5,5)
w(37,2,38,6,6)
r(127,0,38,7,7)
r(0,58,38,8,8)
r(17,2,38,9,9)
r(973,0,38,10,10)
r(615,0,38,11,11)
r(0,58,38,12,12)
r(117,0,38,13,13)
r(11,3,38,14,14)
r(146,1,38,15,15)
r(113,0,38,16,16)
r(40,2,38,17,17)
r(172,0,38,18,18)
r(7,3,38,19,19)
r(3,16,38,20,20)
r(0,58,38,21,21)
r(248,1,38,22,22)
r(807,0,38,23,23)
r(94,0,38,24,24)
w(1,29,38,25,25)
r(8,6,38,26,26)
r(88,0,38,27,27)
r(1,29,38,28,28)
r(695,1,38,29,29)
r(25,6,38,30,30)
r(14,2,38,31,31)
r(0,58,38,32,32)
r(1,29,38,33,33)
r(650,1,38,34,34)
w(2,17,38,35,35)
r(293,2,38,36,36)
r(7,3,38,37,37)
r(858,0,38,38,38)
r(0,58,38,39,39)
r(41,2,38,40,40)
r(993,0,38,41,41)
r(2,17,38,42,42)
w(374,1,38,43,43)
r(21,3,38,44,44)
r(1,29,38,45,45)
r(22,4,38,46,46)
r(578,0,38,47,47)
r(3,16,38,48,48)
r(4,11,38,49,49)
r(16,4,38,50,50)
r(499,0,38,51,51)
r(26,2,38,52,52)
r(60,0,38,53,53)
r(0,58,38,54,54)
r(0,58,38,55,55)
r(1,29,38,56,56)
r(508,0,38,57,57)
r(0,58,38,58,58)
r(101,1,38,59,59)
r(388,0,38,60,60)
r(195,1,38,61,61)
r(258,0,38,62,62)
r(6,5,38,63,63)
w(2,18,38,64,64)
r(13,8,38,65,65)
r(67,2,38,66,66)
w(336,1,38,67,67)
r(9,5,38,68,68)
r(828,1,38,69,69)
r(655,0,38,70,70)
r(60,0,38,71,71)
r(2,18,38,72,72)
r(3,16,38,73,73)
r(298,0,38,74,74)
r(42,1,38,75,75)
r(6,5,38,76,76)
r(3,16,38,77,77)
r(26,2,38,78,78)
r(400,0,38,79,79)
r(1,29,38,80,80)
r(35,0,38,81,81)
r(11,3,38,82,82)
r(0,58,38,83,83)
r(0,58,38,84,84)
r(6,5,38,85,85)
r(954,0,38,86,86)
w(10,11,38,87,87)
r(4,11,38,88,88)
r(0,58,38,89,89)
r(2,18,38,90,90)
r(0,58,38,91,91)
r(0,58,38,92,92)
r(14,2,38,93,93)
r(2,18,38,94,94)
r(43,0,38,95,95)
r(2,18,38,96,96)
r(15,4,38,97,97)
r(4,11,38,98,98)
r(20,3,38,99,99)
r(129,1,39,0,0)
r(7,3,39,1,1)
r(1,29,39,2,2)
r(893,0,39,3,3)
w(253,1,39,4,4)
r(138,1,39,5,5)
w(16,5,39,6,6)
r(11,3,39,7,7)
r(127,0,39,8,8)
r(602,0,39,9,9)
r(49,1,39,10,10)
w(27,2,39,11,11)
r(310,0,39,12,12)
w(120,1,39,13,13)
r(134,1,39,14,14)
r(4,11,39,15,15)
r(220,0,39,16,16)
r(57,0,39,17,17)
r(0,58,39,18,18)
r(94,0,39,19,19)
r(8,6,39,20,20)
r(22,4,39,21,21)
r(83,2,39,22,22)
r(0,58,39,23,23)
w(9,6,39,24,24)
r(0,58,39,25,25)
r(83,2,39,26,26)
r(16,5,39,27,27)
r(12,6,39,28,28)
r(14,2,39,29,29)
r(111,1,39,30,30)
r(545,0,39,31,31)
r(1,29,39,32,32)
r(333,0,39,33,33)
w(13,9,39,34,34)
w(19,4,39,35,35)
r(21,3,39,36,36)
r(238,0,39,37,37)
r(4,11,39,38,38)
r(0,58,39,39,39)
r(8,6,39,40,40)
r(0,58,39,41,41)
r(183,0,39,42,42)
r(6,5,39,43,43)
r(1,29,39,44,44)
r(30,3,39,45,45)
r(580,0,39,46,46)
r(8,6,39,47,47)
r(8,6,39,48,48)
r(571,0,39,49,49)
r(89,1,39,50,50)
r(0,58,39,51,51)
r(101,1,39,52,52)
r(94,0,39,53,53)
r(0,58,39,54,54)
r(4,11,39,55,55)
r(706,0,39,56,56)
r(4,11,39,57,57)
r(16,5,39,58,58)
r(226,1,39,59,59)
r(93,0,39,60,60)
r(1,29,39,61,61)
r(26,2,39,62,62)
r(636,0,39,63,63)
r(105,0,39,64,64)
r(8,6,39,65,65)
r(2,18,39,66,66)
r(0,58,39,67,67)
r(9,6,39,68,68)
r(30,3,39,69,69)
r(0,58,39,70,70)
r(515,0,39,71,71)
r(35,0,39,72,72)
r(16,5,39,73,73)
r(27,2,39,74,74)
r(347,0,39,75,75)
r(203,1,39,76,76)
r(234,0,39,77,77)
r(38,2,39,78,78)
r(0,58,39,79,79)
r(1,29,39,80,80)
r(0,58,39,81,81)
r(274,0,39,82,82)
r(97,0,39,83,83)
r(194,0,39,84,84)
r(96,1,39,85,85)
r(9,6,39,86,86)
r(329,0,39,87,87)
r(155,0,39,88,88)
r(1,29,39,89,89)
r(5,7,39,90,90)
r(7,3,39,91,91)
r(9,6,39,92,92)
r(3,16,39,93,93)
r(41,2,39,94,94)
r(145,0,39,95,95)
r(6,5,39,96,96)
r(6,5,39,97,97)
r(221,0,39,98,98)
r(199,0,39,99,99)
