w(400,1,0,0,0)
r(200,0,0,1,1)
w(875,1,0,2,2)
r(253,0,0,3,3)
r(291,0,0,4,4)
w(583,1,0,5,5)
w(713,1,0,6,6)
r(892,0,0,7,7)
r(172,0,0,8,8)
r(272,0,0,9,9)
r(268,0,0,10,10)
r(387,0,0,11,11)
r(182,0,0,12,12)
r(96,0,0,13,13)
r(564,0,0,14,14)
w(562,1,0,15,15)
r(576,0,0,16,16)
r(303,0,0,17,17)
w(873,1,0,18,18)
w(825,1,0,19,19)
w(365,1,0,20,20)
r(226,0,0,21,21)
w(434,1,0,22,22)
r(640,0,0,23,23)
r(858,0,0,24,24)
r(274,0,0,25,25)
r(793,0,0,26,26)
w(157,1,0,27,27)
w(558,1,0,28,28)
w(645,1,0,29,29)
r(13,0,0,30,30)
r(542,0,0,31,31)
r(866,0,0,32,32)
w(238,1,0,33,33)
w(147,1,0,34,34)
r(644,0,0,35,35)
r(937,0,0,36,36)
w(631,1,0,37,37)
r(282,0,0,38,38)
r(620,0,0,39,39)
w(325,1,0,40,40)
w(360,1,0,41,41)
w(721,1,0,42,42)
w(809,1,0,43,43)
r(407,0,0,44,44)
w(123,1,0,45,45)
r(181,0,0,46,46)
r(740,0,0,47,47)
w(125,1,0,48,48)
w(30,1,0,49,49)
r(922,0,0,50,50)
w(569,1,0,51,51)
w(590,1,0,52,52)
r(355,0,0,53,53)
r(560,0,0,54,54)
r(769,0,0,55,55)
r(889,0,0,56,56)
w(853,1,0,57,57)
w(972,1,0,58,58)
r(840,0,0,59,59)
r(160,0,0,60,60)
r(181,0,0,61,61)
r(765,0,0,62,62)
r(719,0,0,63,63)
w(27,1,0,64,64)
r(220,0,0,65,65)
w(596,1,0,66,66)
r(747,0,0,67,67)
r(724,0,0,68,68)
r(346,0,0,69,69)
w(970,1,0,70,70)
r(459,0,0,71,71)
w(188,1,0,72,72)
r(370,0,0,73,73)
w(599,1,0,74,74)
r(880,0,0,75,75)
w(137,1,0,76,76)
w(623,1,0,77,77)
w(784,1,0,78,78)
r(388,0,0,79,79)
r(388,0,0,80,80)
w(181,1,0,81,81)
r(909,0,0,82,82)
r(523,0,0,83,83)
w(717,1,0,84,84)
r(371,0,0,85,85)
r(482,0,0,86,86)
w(462,1,0,87,87)
w(154,1,0,88,88)
r(318,0,0,89,89)
r(932,0,0,90,90)
w(240,1,0,91,91)
w(895,1,0,92,92)
w(282,1,0,93,93)
r(917,0,0,94,94)
r(84,0,0,95,95)
r(170,0,0,96,96)
w(328,1,0,97,97)
r(245,0,0,98,98)
w(906,1,0,99,99)
r(628,0,1,0,0)
r(29,0,1,1,1)
w(928,1,1,2,2)
w(270,1,1,3,3)
w(344,1,1,4,4)
r(202,0,1,5,5)
r(685,0,1,6,6)
w(594,1,1,7,7)
r(256,0,1,8,8)
w(383,1,1,9,9)
r(173,0,1,10,10)
w(305,1,1,11,11)
r(257,0,1,12,12)
w(302,1,1,13,13)
w(86,1,1,14,14)
w(493,1,1,15,15)
w(865,1,1,16,16)
w(702,1,1,17,17)
w(982,1,1,18,18)
w(979,1,1,19,19)
r(423,0,1,20,20)
r(964,0,1,21,21)
r(522,0,1,22,22)
r(254,0,1,23,23)
r(816,0,1,24,24)
r(259,0,1,25,25)
r(353,0,1,26,26)
r(795,0,1,27,27)
w(428,1,1,28,28)
r(378,0,1,29,29)
w(46,1,1,30,30)
w(763,1,1,31,31)
r(438,0,1,32,32)
w(513,1,1,33,33)
w(377,1,1,34,34)
r(457,0,1,35,35)
r(955,0,1,36,36)
r(833,0,1,37,37)
w(374,1,1,38,38)
w(725,1,1,39,39)
w(407,1,1,40,40)
w(864,1,1,41,41)
r(659,0,1,42,42)
r(970,1,1,43,43)
r(812,0,1,44,44)
w(764,1,1,45,45)
r(69,0,1,46,46)
r(569,1,1,47,47)
r(364,0,1,48,48)
r(43,0,1,49,49)
r(311,0,1,50,50)
r(430,0,1,51,51)
r(525,0,1,52,52)
w(131,1,1,53,53)
w(537,1,1,54,54)
w(678,1,1,55,55)
w(54,1,1,56,56)
r(790,0,1,57,57)
r(768,0,1,58,58)
w(32,1,1,59,59)
r(416,0,1,60,60)
r(314,0,1,61,61)
w(328,2,1,62,62)
w(462,2,1,63,63)
r(707,0,1,64,64)
r(65,0,1,65,65)
r(807,0,1,66,66)
w(53,1,1,67,67)
w(112,1,1,68,68)
w(91,1,1,69,69)
w(270,2,1,70,70)
w(668,1,1,71,71)
r(494,0,1,72,72)
r(984,0,1,73,73)
w(466,1,1,74,74)
w(738,1,1,75,75)
r(276,0,1,76,76)
r(109,0,1,77,77)
w(287,1,1,78,78)
r(458,0,1,79,79)
r(594,1,1,80,80)
r(425,0,1,81,81)
r(191,0,1,82,82)
w(117,1,1,83,83)
w(423,1,1,84,84)
r(694,0,1,85,85)
r(447,0,1,86,86)
r(730,0,1,87,87)
w(363,1,1,88,88)
w(361,1,1,89,89)
w(251,1,1,90,90)
r(706,0,1,91,91)
w(309,1,1,92,92)
w(710,1,1,93,93)
w(356,1,1,94,94)
w(389,1,1,95,95)
r(249,0,1,96,96)
w(375,1,1,97,97)
r(94,0,1,98,98)
r(795,0,1,99,99)
r(803,0,2,0,0)
w(585,1,2,1,1)
w(683,1,2,2,2)
r(599,1,2,3,3)
w(309,2,2,4,4)
w(843,1,2,5,5)
r(886,0,2,6,6)
r(948,0,2,7,7)
r(804,0,2,8,8)
w(525,1,2,9,9)
r(701,0,2,10,10)
w(609,1,2,11,11)
w(798,1,2,12,12)
r(981,0,2,13,13)
r(581,0,2,14,14)
r(774,0,2,15,15)
r(901,0,2,16,16)
w(780,1,2,17,17)
w(612,1,2,18,18)
r(575,0,2,19,19)
r(929,0,2,20,20)
w(254,1,2,21,21)
w(682,1,2,22,22)
w(347,1,2,23,23)
r(347,1,2,24,24)
r(248,0,2,25,25)
w(619,1,2,26,26)
w(15,1,2,27,27)
w(68,1,2,28,28)
w(748,1,2,29,29)
w(803,1,2,30,30)
w(387,1,2,31,31)
w(944,1,2,32,32)
r(892,0,2,33,33)
r(346,0,2,34,34)
w(983,1,2,35,35)
w(612,2,2,36,36)
w(53,2,2,37,37)
r(944,1,2,38,38)
w(358,1,2,39,39)
r(160,0,2,40,40)
w(404,1,2,41,41)
w(477,1,2,42,42)
w(676,1,2,43,43)
w(462,3,2,44,44)
r(758,0,2,45,45)
r(480,0,2,46,46)
w(561,1,2,47,47)
r(451,0,2,48,48)
r(670,0,2,49,49)
r(485,0,2,50,50)
r(735,0,2,51,51)
w(452,1,2,52,52)
r(522,0,2,53,53)
r(182,0,2,54,54)
r(83,0,2,55,55)
r(416,0,2,56,56)
w(136,1,2,57,57)
w(2,1,2,58,58)
w(224,1,2,59,59)
w(301,1,2,60,60)
w(447,1,2,61,61)
r(592,0,2,62,62)
r(880,0,2,63,63)
w(949,1,2,64,64)
w(763,2,2,65,65)
w(56,1,2,66,66)
w(316,1,2,67,67)
r(360,1,2,68,68)
r(322,0,2,69,69)
r(348,0,2,70,70)
r(698,0,2,71,71)
w(833,1,2,72,72)
r(860,0,2,73,73)
w(786,1,2,74,74)
r(364,0,2,75,75)
w(284,1,2,76,76)
r(723,0,2,77,77)
w(557,1,2,78,78)
r(895,1,2,79,79)
w(316,2,2,80,80)
r(818,0,2,81,81)
w(954,1,2,82,82)
w(722,1,2,83,83)
r(313,0,2,84,84)
r(371,0,2,85,85)
w(998,1,2,86,86)
w(720,1,2,87,87)
w(899,1,2,88,88)
w(365,2,2,89,89)
w(713,2,2,90,90)
r(530,0,2,91,91)
w(288,1,2,92,92)
w(307,1,2,93,93)
r(483,0,2,94,94)
w(64,1,2,95,95)
w(554,1,2,96,96)
w(347,2,2,97,97)
r(16,0,2,98,98)
r(661,0,2,99,99)
r(873,1,3,0,0)
w(731,1,3,1,1)
w(359,1,3,2,2)
w(292,1,3,3,3)
w(416,1,3,4,4)
w(227,1,3,5,5)
w(237,1,3,6,6)
r(475,0,3,7,7)
w(203,1,3,8,8)
r(745,0,3,9,9)
w(927,1,3,10,10)
w(882,1,3,11,11)
r(358,1,3,12,12)
w(41,1,3,13,13)
r(469,0,3,14,14)
w(953,1,3,15,15)
w(649,1,3,16,16)
w(775,1,3,17,17)
r(138,0,3,18,18)
w(985,1,3,19,19)
w(266,1,3,20,20)
r(939,0,3,21,21)
r(375,1,3,22,22)
w(172,1,3,23,23)
w(484,1,3,24,24)
w(219,1,3,25,25)
r(941,0,3,26,26)
w(895,2,3,27,27)
r(235,0,3,28,28)
w(492,1,3,29,29)
w(736,1,3,30,30)
r(37,0,3,31,31)
w(113,1,3,32,32)
w(619,2,3,33,33)
r(841,0,3,34,34)
w(472,1,3,35,35)
w(915,1,3,36,36)
w(600,1,3,37,37)
r(201,0,3,38,38)
w(166,1,3,39,39)
w(841,1,3,40,40)
w(382,1,3,41,41)
r(572,0,3,42,42)
w(273,1,3,43,43)
r(460,0,3,44,44)
w(951,1,3,45,45)
w(210,1,3,46,46)
r(478,0,3,47,47)
r(267,0,3,48,48)
r(222,0,3,49,49)
w(713,3,3,50,50)
w(274,1,3,51,51)
w(731,2,3,52,52)
w(237,2,3,53,53)
r(493,1,3,54,54)
w(782,1,3,55,55)
w(872,1,3,56,56)
r(642,0,3,57,57)
r(214,0,3,58,58)
w(960,1,3,59,59)
w(58,1,3,60,60)
r(279,0,3,61,61)
w(635,1,3,62,62)
w(743,1,3,63,63)
w(741,1,3,64,64)
w(128,1,3,65,65)
r(131,1,3,66,66)
w(347,3,3,67,67)
r(164,0,3,68,68)
w(473,1,3,69,69)
r(306,0,3,70,70)
w(213,1,3,71,71)
w(962,1,3,72,72)
r(551,0,3,73,73)
w(700,1,3,74,74)
w(317,1,3,75,75)
w(113,2,3,76,76)
r(555,0,3,77,77)
r(404,1,3,78,78)
w(351,1,3,79,79)
r(200,0,3,80,80)
w(371,1,3,81,81)
w(184,1,3,82,82)
r(229,0,3,83,83)
w(724,1,3,84,84)
w(541,1,3,85,85)
w(897,1,3,86,86)
w(211,1,3,87,87)
r(502,0,3,88,88)
w(339,1,3,89,89)
r(251,1,3,90,90)
r(876,0,3,91,91)
w(884,1,3,92,92)
r(728,0,3,93,93)
r(279,0,3,94,94)
w(259,1,3,95,95)
r(633,0,3,96,96)
r(6,0,3,97,97)
w(600,2,3,98,98)
r(77,0,3,99,99)
r(439,0,4,0,0)
w(136,2,4,1,1)
w(719,1,4,2,2)
r(614,0,4,3,3)
w(172,2,4,4,4)
r(210,1,4,5,5)
w(925,1,4,6,6)
r(758,0,4,7,7)
r(289,0,4,8,8)
w(390,1,4,9,9)
r(528,0,4,10,10)
w(251,2,4,11,11)
w(816,1,4,12,12)
w(281,1,4,13,13)
w(184,2,4,14,14)
r(641,0,4,15,15)
r(664,0,4,16,16)
r(650,0,4,17,17)
w(533,1,4,18,18)
w(613,1,4,19,19)
r(988,0,4,20,20)
r(282,1,4,21,21)
w(319,1,4,22,22)
r(873,1,4,23,23)
r(129,0,4,24,24)
w(561,2,4,25,25)
r(723,0,4,26,26)
r(355,0,4,27,27)
r(152,0,4,28,28)
r(85,0,4,29,29)
r(196,0,4,30,30)
r(245,0,4,31,31)
r(885,0,4,32,32)
r(130,0,4,33,33)
w(82,1,4,34,34)
w(194,1,4,35,35)
r(426,0,4,36,36)
r(931,0,4,37,37)
w(710,2,4,38,38)
r(354,0,4,39,39)
r(521,0,4,40,40)
w(832,1,4,41,41)
r(257,0,4,42,42)
r(672,0,4,43,43)
r(968,0,4,44,44)
w(116,1,4,45,45)
w(765,1,4,46,46)
r(412,0,4,47,47)
r(789,0,4,48,48)
r(1,0,4,49,49)
w(498,1,4,50,50)
w(278,1,4,51,51)
r(121,0,4,52,52)
r(189,0,4,53,53)
w(13,1,4,54,54)
r(706,0,4,55,55)
w(492,2,4,56,56)
r(71,0,4,57,57)
w(157,2,4,58,58)
w(181,2,4,59,59)
w(827,1,4,60,60)
w(611,1,4,61,61)
w(403,1,4,62,62)
r(779,0,4,63,63)
w(40,1,4,64,64)
r(209,0,4,65,65)
w(86,2,4,66,66)
w(836,1,4,67,67)
r(914,0,4,68,68)
w(428,2,4,69,69)
w(910,1,4,70,70)
w(952,1,4,71,71)
r(390,1,4,72,72)
r(548,0,4,73,73)
r(427,0,4,74,74)
r(943,0,4,75,75)
r(948,0,4,76,76)
w(363,2,4,77,77)
w(353,1,4,78,78)
r(269,0,4,79,79)
w(585,2,4,80,80)
r(493,1,4,81,81)
w(430,1,4,82,82)
r(50,0,4,83,83)
w(790,1,4,84,84)
w(467,1,4,85,85)
w(122,1,4,86,86)
w(399,1,4,87,87)
r(873,1,4,88,88)
r(722,1,4,89,89)
w(675,1,4,90,90)
r(872,1,4,91,91)
r(442,0,4,92,92)
w(633,1,4,93,93)
r(881,0,4,94,94)
r(473,1,4,95,95)
r(856,0,4,96,96)
w(228,1,4,97,97)
w(324,1,4,98,98)
r(417,0,4,99,99)
w(744,1,5,0,0)
w(474,1,5,1,1)
w(105,1,5,2,2)
w(449,1,5,3,3)
r(671,0,5,4,4)
r(802,0,5,5,5)
w(649,2,5,6,6)
w(881,1,5,7,7)
w(389,2,5,8,8)
w(195,1,5,9,9)
r(750,0,5,10,10)
w(976,1,5,11,11)
w(961,1,5,12,12)
w(67,1,5,13,13)
r(399,1,5,14,14)
r(616,0,5,15,15)
w(232,1,5,16,16)
r(714,0,5,17,17)
r(656,0,5,18,18)
w(181,3,5,19,19)
w(920,1,5,20,20)
r(599,1,5,21,21)
r(997,0,5,22,22)
r(379,0,5,23,23)
w(837,1,5,24,24)
r(609,1,5,25,25)
w(277,1,5,26,26)
r(248,0,5,27,27)
r(197,0,5,28,28)
r(52,0,5,29,29)
w(211,2,5,30,30)
r(254,1,5,31,31)
r(469,0,5,32,32)
r(741,1,5,33,33)
r(350,0,5,34,34)
w(883,1,5,35,35)
w(983,2,5,36,36)
r(616,0,5,37,37)
r(359,1,5,38,38)
r(210,1,5,39,39)
w(968,1,5,40,40)
r(151,0,5,41,41)
r(69,0,5,42,42)
r(194,1,5,43,43)
r(203,1,5,44,44)
w(818,1,5,45,45)
r(367,0,5,46,46)
r(17,0,5,47,47)
w(433,1,5,48,48)
w(255,1,5,49,49)
r(379,0,5,50,50)
w(567,1,5,51,51)
r(610,0,5,52,52)
r(374,1,5,53,53)
r(999,0,5,54,54)
r(4,0,5,55,55)
r(826,0,5,56,56)
r(400,1,5,57,57)
w(695,1,5,58,58)
r(482,0,5,59,59)
w(553,1,5,60,60)
r(18,0,5,61,61)
r(696,0,5,62,62)
w(106,1,5,63,63)
w(703,1,5,64,64)
r(116,1,5,65,65)
r(518,0,5,66,66)
w(933,1,5,67,67)
r(800,0,5,68,68)
r(84,0,5,69,69)
r(219,1,5,70,70)
w(789,1,5,71,71)
w(256,1,5,72,72)
w(18,1,5,73,73)
r(597,0,5,74,74)
r(591,0,5,75,75)
r(526,0,5,76,76)
w(331,1,5,77,77)
r(89,0,5,78,78)
w(279,1,5,79,79)
w(834,1,5,80,80)
r(448,0,5,81,81)
r(419,0,5,82,82)
w(559,1,5,83,83)
w(615,1,5,84,84)
w(168,1,5,85,85)
w(572,1,5,86,86)
r(290,0,5,87,87)
w(529,1,5,88,88)
r(655,0,5,89,89)
r(339,1,5,90,90)
w(250,1,5,91,91)
w(49,1,5,92,92)
w(251,3,5,93,93)
r(61,0,5,94,94)
w(720,2,5,95,95)
w(483,1,5,96,96)
w(748,2,5,97,97)
r(993,0,5,98,98)
w(530,1,5,99,99)
w(313,1,6,0,0)
w(456,1,6,1,1)
r(902,0,6,2,2)
w(517,1,6,3,3)
w(523,1,6,4,4)
w(474,2,6,5,5)
r(995,0,6,6,6)
r(841,1,6,7,7)
w(679,1,6,8,8)
r(665,0,6,9,9)
w(978,1,6,10,10)
w(611,2,6,11,11)
w(516,1,6,12,12)
w(235,1,6,13,13)
w(338,1,6,14,14)
w(637,1,6,15,15)
r(2,1,6,16,16)
w(477,2,6,17,17)
r(971,0,6,18,18)
r(868,0,6,19,19)
r(336,0,6,20,20)
w(782,2,6,21,21)
r(949,1,6,22,22)
w(971,1,6,23,23)
w(76,1,6,24,24)
r(986,0,6,25,25)
r(343,0,6,26,26)
w(739,1,6,27,27)
r(169,0,6,28,28)
w(200,1,6,29,29)
r(55,0,6,30,30)
r(942,0,6,31,31)
r(626,0,6,32,32)
w(720,3,6,33,33)
w(957,1,6,34,34)
r(576,0,6,35,35)
r(332,0,6,36,36)
w(957,2,6,37,37)
r(278,1,6,38,38)
w(301,2,6,39,39)
w(257,1,6,40,40)
w(843,2,6,41,41)
r(168,1,6,42,42)
r(336,0,6,43,43)
w(886,1,6,44,44)
w(287,2,6,45,45)
r(676,1,6,46,46)
w(163,1,6,47,47)
r(631,1,6,48,48)
r(438,0,6,49,49)
w(17,1,6,50,50)
w(118,1,6,51,51)
w(28,1,6,52,52)
w(439,1,6,53,53)
w(272,1,6,54,54)
w(704,1,6,55,55)
w(869,1,6,56,56)
w(435,1,6,57,57)
r(592,0,6,58,58)
w(521,1,6,59,59)
w(555,1,6,60,60)
w(870,1,6,61,61)
r(553,1,6,62,62)
r(948,0,6,63,63)
r(19,0,6,64,64)
r(1,0,6,65,65)
w(641,1,6,66,66)
r(282,1,6,67,67)
w(948,1,6,68,68)
r(598,0,6,69,69)
w(736,2,6,70,70)
r(237,2,6,71,71)
r(556,0,6,72,72)
w(613,2,6,73,73)
w(650,1,6,74,74)
w(60,1,6,75,75)
r(311,0,6,76,76)
w(451,1,6,77,77)
w(659,1,6,78,78)
w(464,1,6,79,79)
r(533,1,6,80,80)
w(91,2,6,81,81)
w(908,1,6,82,82)
w(578,1,6,83,83)
w(432,1,6,84,84)
r(284,1,6,85,85)
r(813,0,6,86,86)
w(189,1,6,87,87)
r(192,0,6,88,88)
w(371,2,6,89,89)
w(301,3,6,90,90)
r(204,0,6,91,91)
w(899,2,6,92,92)
r(332,0,6,93,93)
r(472,1,6,94,94)
w(865,2,6,95,95)
w(23,1,6,96,96)
r(227,1,6,97,97)
r(249,0,6,98,98)
w(36,1,6,99,99)
w(403,2,7,0,0)
w(43,1,7,1,1)
w(301,4,7,2,2)
r(438,0,7,3,3)
w(4,1,7,4,4)
r(753,0,7,5,5)
w(203,2,7,6,6)
r(546,0,7,7,7)
w(113,3,7,8,8)
r(998,1,7,9,9)
w(373,1,7,10,10)
w(432,2,7,11,11)
w(637,2,7,12,12)
w(758,1,7,13,13)
r(840,0,7,14,14)
w(800,1,7,15,15)
r(252,0,7,16,16)
w(435,2,7,17,17)
w(360,2,7,18,18)
r(807,0,7,19,19)
r(17,1,7,20,20)
w(859,1,7,21,21)
w(92,1,7,22,22)
w(380,1,7,23,23)
r(888,0,7,24,24)
w(410,1,7,25,25)
w(324,2,7,26,26)
r(212,0,7,27,27)
r(747,0,7,28,28)
r(911,0,7,29,29)
w(757,1,7,30,30)
r(488,0,7,31,31)
r(687,0,7,32,32)
r(494,0,7,33,33)
r(585,2,7,34,34)
r(645,1,7,35,35)
w(639,1,7,36,36)
r(841,1,7,37,37)
w(406,1,7,38,38)
w(318,1,7,39,39)
w(451,2,7,40,40)
w(987,1,7,41,41)
r(427,0,7,42,42)
r(668,1,7,43,43)
w(117,2,7,44,44)
w(346,1,7,45,45)
w(100,1,7,46,46)
r(381,0,7,47,47)
w(739,2,7,48,48)
w(859,2,7,49,49)
r(545,0,7,50,50)
r(929,0,7,51,51)
r(36,1,7,52,52)
w(807,1,7,53,53)
r(793,0,7,54,54)
w(425,1,7,55,55)
r(113,3,7,56,56)
w(885,1,7,57,57)
w(412,1,7,58,58)
r(122,1,7,59,59)
w(121,1,7,60,60)
w(572,2,7,61,61)
w(947,1,7,62,62)
r(627,0,7,63,63)
w(72,1,7,64,64)
w(723,1,7,65,65)
r(425,1,7,66,66)
r(269,0,7,67,67)
w(916,1,7,68,68)
r(774,0,7,69,69)
r(203,2,7,70,70)
r(752,0,7,71,71)
r(230,0,7,72,72)
r(715,0,7,73,73)
w(730,1,7,74,74)
r(19,0,7,75,75)
r(987,1,7,76,76)
r(634,0,7,77,77)
r(583,1,7,78,78)
w(458,1,7,79,79)
r(774,0,7,80,80)
w(724,2,7,81,81)
w(548,1,7,82,82)
w(94,1,7,83,83)
r(741,1,7,84,84)
r(74,0,7,85,85)
w(140,1,7,86,86)
r(236,0,7,87,87)
w(143,1,7,88,88)
w(92,2,7,89,89)
r(303,0,7,90,90)
r(636,0,7,91,91)
r(693,0,7,92,92)
r(179,0,7,93,93)
w(751,1,7,94,94)
r(626,0,7,95,95)
r(148,0,7,96,96)
w(977,1,7,97,97)
w(463,1,7,98,98)
w(13,2,7,99,99)
r(681,0,8,0,0)
w(952,2,8,1,1)
w(170,1,8,2,2)
w(967,1,8,3,3)
r(638,0,8,4,4)
r(963,0,8,5,5)
r(981,0,8,6,6)
r(713,3,8,7,7)
r(69,0,8,8,8)
w(577,1,8,9,9)
r(83,0,8,10,10)
w(978,2,8,11,11)
w(280,1,8,12,12)
r(338,1,8,13,13)
w(187,1,8,14,14)
w(582,1,8,15,15)
w(565,1,8,16,16)
r(965,0,8,17,17)
r(224,1,8,18,18)
r(107,0,8,19,19)
r(416,1,8,20,20)
w(800,2,8,21,21)
r(200,1,8,22,22)
w(892,1,8,23,23)
r(156,0,8,24,24)
w(244,1,8,25,25)
r(649,2,8,26,26)
w(419,1,8,27,27)
r(124,0,8,28,28)
w(287,3,8,29,29)
w(261,1,8,30,30)
w(862,1,8,31,31)
w(285,1,8,32,32)
r(396,0,8,33,33)
r(303,0,8,34,34)
w(592,1,8,35,35)
w(740,1,8,36,36)
r(537,1,8,37,37)
r(454,0,8,38,38)
r(453,0,8,39,39)
w(117,3,8,40,40)
w(693,1,8,41,41)
w(641,2,8,42,42)
w(781,1,8,43,43)
r(455,0,8,44,44)
w(777,1,8,45,45)
w(972,2,8,46,46)
w(350,1,8,47,47)
w(117,4,8,48,48)
w(814,1,8,49,49)
r(429,0,8,50,50)
w(611,3,8,51,51)
r(756,0,8,52,52)
w(885,2,8,53,53)
w(78,1,8,54,54)
r(244,1,8,55,55)
w(62,1,8,56,56)
r(22,0,8,57,57)
w(488,1,8,58,58)
r(953,1,8,59,59)
w(948,2,8,60,60)
r(185,0,8,61,61)
r(526,0,8,62,62)
r(455,0,8,63,63)
w(627,1,8,64,64)
r(581,0,8,65,65)
r(665,0,8,66,66)
w(150,1,8,67,67)
w(447,2,8,68,68)
w(433,2,8,69,69)
r(490,0,8,70,70)
r(579,0,8,71,71)
r(574,0,8,72,72)
r(392,0,8,73,73)
r(379,0,8,74,74)
w(25,1,8,75,75)
r(665,0,8,76,76)
w(895,3,8,77,77)
r(822,0,8,78,78)
r(381,0,8,79,79)
r(352,0,8,80,80)
r(802,0,8,81,81)
w(230,1,8,82,82)
r(56,1,8,83,83)
w(868,1,8,84,84)
r(508,0,8,85,85)
r(852,0,8,86,86)
w(741,2,8,87,87)
w(16,1,8,88,88)
w(695,2,8,89,89)
r(241,0,8,90,90)
r(54,1,8,91,91)
r(235,1,8,92,92)
r(449,1,8,93,93)
w(965,1,8,94,94)
w(288,2,8,95,95)
r(264,0,8,96,96)
r(132,0,8,97,97)
r(248,0,8,98,98)
r(7,0,8,99,99)
w(695,3,9,0,0)
r(129,0,9,1,1)
w(554,2,9,2,2)
r(385,0,9,3,3)
w(983,3,9,4,4)
w(558,2,9,5,5)
w(487,1,9,6,6)
r(452,1,9,7,7)
w(336,1,9,8,8)
w(743,2,9,9,9)
w(68,2,9,10,10)
w(596,2,9,11,11)
w(994,1,9,12,12)
r(417,0,9,13,13)
w(154,2,9,14,14)
r(74,0,9,15,15)
w(47,1,9,16,16)
w(775,2,9,17,17)
r(438,0,9,18,18)
w(474,3,9,19,19)
w(479,1,9,20,20)
w(78,2,9,21,21)
r(156,0,9,22,22)
r(851,0,9,23,23)
r(536,0,9,24,24)
w(449,2,9,25,25)
r(742,0,9,26,26)
r(514,0,9,27,27)
r(61,0,9,28,28)
r(364,0,9,29,29)
r(789,1,9,30,30)
w(975,1,9,31,31)
w(541,2,9,32,32)
w(208,1,9,33,33)
r(927,1,9,34,34)
w(10,1,9,35,35)
w(355,1,9,36,36)
r(609,1,9,37,37)
w(535,1,9,38,38)
w(883,2,9,39,39)
r(236,0,9,40,40)
r(881,1,9,41,41)
w(463,2,9,42,42)
w(122,2,9,43,43)
w(690,1,9,44,44)
w(693,2,9,45,45)
r(776,0,9,46,46)
w(831,1,9,47,47)
r(491,0,9,48,48)
r(233,0,9,49,49)
r(574,0,9,50,50)
r(333,0,9,51,51)
r(367,0,9,52,52)
r(768,0,9,53,53)
r(204,0,9,54,54)
r(58,1,9,55,55)
r(154,2,9,56,56)
w(553,2,9,57,57)
w(253,1,9,58,58)
r(903,0,9,59,59)
r(220,0,9,60,60)
r(617,0,9,61,61)
w(496,1,9,62,62)
r(788,0,9,63,63)
r(851,0,9,64,64)
w(492,3,9,65,65)
w(651,1,9,66,66)
r(580,0,9,67,67)
w(375,2,9,68,68)
r(153,0,9,69,69)
w(745,1,9,70,70)
w(917,1,9,71,71)
r(414,0,9,72,72)
w(853,2,9,73,73)
r(614,0,9,74,74)
w(158,1,9,75,75)
w(76,2,9,76,76)
r(949,1,9,77,77)
w(116,2,9,78,78)
r(10,1,9,79,79)
w(178,1,9,80,80)
r(1,0,9,81,81)
w(886,2,9,82,82)
w(92,3,9,83,83)
w(205,1,9,84,84)
r(589,0,9,85,85)
w(46,2,9,86,86)
w(749,1,9,87,87)
w(285,2,9,88,88)
w(810,1,9,89,89)
r(217,0,9,90,90)
r(949,1,9,91,91)
r(495,0,9,92,92)
w(642,1,9,93,93)
w(402,1,9,94,94)
w(461,1,9,95,95)
r(995,0,9,96,96)
w(764,2,9,97,97)
r(589,0,9,98,98)
r(905,0,9,99,99)
w(887,1,10,0,0)
w(318,2,10,1,1)
w(673,1,10,2,2)
w(114,1,10,3,3)
w(502,1,10,4,4)
r(505,0,10,5,5)
w(586,1,10,6,6)
r(846,0,10,7,7)
w(140,2,10,8,8)
r(472,1,10,9,9)
w(821,1,10,10,10)
r(281,1,10,11,11)
w(200,2,10,12,12)
w(691,1,10,13,13)
w(207,1,10,14,14)
w(819,1,10,15,15)
r(229,0,10,16,16)
w(225,1,10,17,17)
w(197,1,10,18,18)
r(881,1,10,19,19)
w(333,1,10,20,20)
w(902,1,10,21,21)
w(156,1,10,22,22)
w(380,2,10,23,23)
r(685,0,10,24,24)
r(148,0,10,25,25)
r(992,0,10,26,26)
w(805,1,10,27,27)
w(297,1,10,28,28)
r(744,1,10,29,29)
r(883,2,10,30,30)
w(53,3,10,31,31)
r(664,0,10,32,32)
w(457,1,10,33,33)
r(250,1,10,34,34)
r(354,0,10,35,35)
w(482,1,10,36,36)
r(268,0,10,37,37)
r(605,0,10,38,38)
w(151,1,10,39,39)
w(765,2,10,40,40)
w(95,1,10,41,41)
r(685,0,10,42,42)
r(812,0,10,43,43)
w(307,2,10,44,44)
r(869,1,10,45,45)
r(299,0,10,46,46)
r(572,2,10,47,47)
w(551,1,10,48,48)
w(283,1,10,49,49)
w(617,1,10,50,50)
r(400,1,10,51,51)
r(836,1,10,52,52)
r(109,0,10,53,53)
w(603,1,10,54,54)
w(222,1,10,55,55)
r(26,0,10,56,56)
w(143,2,10,57,57)
w(405,1,10,58,58)
w(650,2,10,59,59)
w(679,2,10,60,60)
w(412,2,10,61,61)
r(480,0,10,62,62)
r(257,1,10,63,63)
r(402,1,10,64,64)
w(248,1,10,65,65)
r(903,0,10,66,66)
r(822,0,10,67,67)
r(992,0,10,68,68)
w(49,2,10,69,69)
w(209,1,10,70,70)
r(181,3,10,71,71)
r(801,0,10,72,72)
r(976,1,10,73,73)
w(227,2,10,74,74)
w(922,1,10,75,75)
w(661,1,10,76,76)
w(485,1,10,77,77)
r(289,0,10,78,78)
w(756,1,10,79,79)
w(603,2,10,80,80)
w(559,2,10,81,81)
r(22,0,10,82,82)
r(530,1,10,83,83)
r(945,0,10,84,84)
r(209,1,10,85,85)
w(134,1,10,86,86)
w(475,1,10,87,87)
w(966,1,10,88,88)
w(94,2,10,89,89)
r(847,0,10,90,90)
w(248,2,10,91,91)
r(623,1,10,92,92)
w(191,1,10,93,93)
w(874,1,10,94,94)
w(704,2,10,95,95)
w(422,1,10,96,96)
r(617,1,10,97,97)
w(949,2,10,98,98)
w(886,3,10,99,99)
r(732,0,11,0,0)
w(52,1,11,1,1)
w(800,3,11,2,2)
r(139,0,11,3,3)
w(586,2,11,4,4)
w(293,1,11,5,5)
w(347,4,11,6,6)
w(752,1,11,7,7)
w(690,2,11,8,8)
r(668,1,11,9,9)
r(403,2,11,10,10)
w(517,2,11,11,11)
r(498,1,11,12,12)
w(277,2,11,13,13)
r(69,0,11,14,14)
r(324,2,11,15,15)
w(108,1,11,16,16)
w(137,2,11,17,17)
w(876,1,11,18,18)
w(992,1,11,19,19)
r(15,1,11,20,20)
r(378,0,11,21,21)
w(488,2,11,22,22)
w(640,1,11,23,23)
w(441,1,11,24,24)
w(328,3,11,25,25)
w(722,2,11,26,26)
w(321,1,11,27,27)
w(876,2,11,28,28)
r(706,0,11,29,29)
r(152,0,11,30,30)
r(491,0,11,31,31)
w(848,1,11,32,32)
r(933,1,11,33,33)
r(828,0,11,34,34)
w(576,1,11,35,35)
r(204,0,11,36,36)
r(200,2,11,37,37)
r(798,1,11,38,38)
w(563,1,11,39,39)
r(201,0,11,40,40)
w(24,1,11,41,41)
r(169,0,11,42,42)
w(524,1,11,43,43)
r(943,0,11,44,44)
w(119,1,11,45,45)
r(973,0,11,46,46)
w(408,1,11,47,47)
w(825,2,11,48,48)
w(412,3,11,49,49)
w(898,1,11,50,50)
r(829,0,11,51,51)
w(310,1,11,52,52)
r(838,0,11,53,53)
w(733,1,11,54,54)
w(175,1,11,55,55)
w(936,1,11,56,56)
r(240,1,11,57,57)
w(137,3,11,58,58)
w(12,1,11,59,59)
r(822,0,11,60,60)
r(516,1,11,61,61)
r(532,0,11,62,62)
w(449,3,11,63,63)
r(769,0,11,64,64)
w(953,2,11,65,65)
r(530,1,11,66,66)
r(2,1,11,67,67)
w(647,1,11,68,68)
w(614,1,11,69,69)
w(502,2,11,70,70)
w(515,1,11,71,71)
w(633,2,11,72,72)
w(451,3,11,73,73)
r(829,0,11,74,74)
w(382,2,11,75,75)
w(831,2,11,76,76)
w(577,2,11,77,77)
r(241,0,11,78,78)
r(60,1,11,79,79)
w(296,1,11,80,80)
w(99,1,11,81,81)
w(24,2,11,82,82)
w(402,2,11,83,83)
r(33,0,11,84,84)
r(395,0,11,85,85)
r(348,0,11,86,86)
r(546,0,11,87,87)
r(321,1,11,88,88)
w(583,2,11,89,89)
w(121,2,11,90,90)
r(298,0,11,91,91)
r(495,0,11,92,92)
w(371,3,11,93,93)
w(891,1,11,94,94)
r(672,0,11,95,95)
w(797,1,11,96,96)
r(216,0,11,97,97)
r(743,2,11,98,98)
w(34,1,11,99,99)
r(634,0,12,0,0)
w(167,1,12,1,1)
w(466,2,12,2,2)
r(130,0,12,3,3)
w(185,1,12,4,4)
r(572,2,12,5,5)
r(977,1,12,6,6)
r(2,1,12,7,7)
w(653,1,12,8,8)
w(301,5,12,9,9)
w(79,1,12,10,10)
r(110,0,12,11,11)
w(724,3,12,12,12)
r(816,1,12,13,13)
r(128,1,12,14,14)
w(452,2,12,15,15)
r(799,0,12,16,16)
r(967,1,12,17,17)
w(610,1,12,18,18)
w(484,2,12,19,19)
w(513,2,12,20,20)
r(335,0,12,21,21)
w(519,1,12,22,22)
w(435,3,12,23,23)
r(417,0,12,24,24)
r(303,0,12,25,25)
r(333,1,12,26,26)
w(164,1,12,27,27)
w(803,2,12,28,28)
w(218,1,12,29,29)
w(622,1,12,30,30)
r(174,0,12,31,31)
w(189,2,12,32,32)
r(510,0,12,33,33)
r(219,1,12,34,34)
r(860,0,12,35,35)
w(39,1,12,36,36)
w(561,3,12,37,37)
w(618,1,12,38,38)
w(312,1,12,39,39)
r(130,0,12,40,40)
w(930,1,12,41,41)
r(322,0,12,42,42)
w(990,1,12,43,43)
w(650,3,12,44,44)
r(534,0,12,45,45)
r(980,0,12,46,46)
w(14,1,12,47,47)
w(858,1,12,48,48)
r(386,0,12,49,49)
w(816,2,12,50,50)
w(983,4,12,51,51)
r(714,0,12,52,52)
w(874,2,12,53,53)
w(680,1,12,54,54)
r(113,3,12,55,55)
w(933,2,12,56,56)
r(997,0,12,57,57)
r(645,1,12,58,58)
r(788,0,12,59,59)
r(534,0,12,60,60)
r(147,1,12,61,61)
r(156,1,12,62,62)
r(19,0,12,63,63)
w(774,1,12,64,64)
r(816,2,12,65,65)
w(528,1,12,66,66)
w(727,1,12,67,67)
r(339,1,12,68,68)
r(483,1,12,69,69)
w(123,2,12,70,70)
w(715,1,12,71,71)
r(638,0,12,72,72)
w(144,1,12,73,73)
w(770,1,12,74,74)
r(529,1,12,75,75)
w(524,2,12,76,76)
w(650,4,12,77,77)
r(577,2,12,78,78)
r(730,1,12,79,79)
w(969,1,12,80,80)
r(513,2,12,81,81)
w(847,1,12,82,82)
w(926,1,12,83,83)
w(282,2,12,84,84)
r(887,1,12,85,85)
w(119,2,12,86,86)
w(408,2,12,87,87)
w(266,2,12,88,88)
w(949,3,12,89,89)
w(171,1,12,90,90)
w(739,3,12,91,91)
w(91,3,12,92,92)
r(651,1,12,93,93)
w(658,1,12,94,94)
w(218,2,12,95,95)
r(726,0,12,96,96)
w(148,1,12,97,97)
r(145,0,12,98,98)
r(290,0,12,99,99)
r(428,2,13,0,0)
r(229,0,13,1,1)
w(222,2,13,2,2)
w(221,1,13,3,3)
r(714,0,13,4,4)
r(714,0,13,5,5)
w(21,1,13,6,6)
r(305,1,13,7,7)
r(104,0,13,8,8)
w(999,1,13,9,9)
w(422,2,13,10,10)
r(506,0,13,11,11)
r(80,0,13,12,12)
w(155,1,13,13,13)
w(820,1,13,14,14)
w(338,2,13,15,15)
w(646,1,13,16,16)
r(899,2,13,17,17)
r(669,0,13,18,18)
w(461,2,13,19,19)
r(715,1,13,20,20)
w(388,1,13,21,21)
r(877,0,13,22,22)
w(368,1,13,23,23)
w(525,2,13,24,24)
r(913,0,13,25,25)
r(26,0,13,26,26)
r(406,1,13,27,27)
w(161,1,13,28,28)
w(155,2,13,29,29)
r(595,0,13,30,30)
r(123,2,13,31,31)
r(10,1,13,32,32)
r(652,0,13,33,33)
r(806,0,13,34,34)
w(859,3,13,35,35)
w(138,1,13,36,36)
r(125,1,13,37,37)
r(512,0,13,38,38)
r(129,0,13,39,39)
r(452,2,13,40,40)
w(769,1,13,41,41)
r(433,2,13,42,42)
r(656,0,13,43,43)
r(422,2,13,44,44)
w(565,2,13,45,45)
w(618,2,13,46,46)
r(367,0,13,47,47)
r(505,0,13,48,48)
w(760,1,13,49,49)
r(104,0,13,50,50)
r(511,0,13,51,51)
r(795,0,13,52,52)
w(4,2,13,53,53)
w(967,2,13,54,54)
w(579,1,13,55,55)
r(639,1,13,56,56)
w(404,2,13,57,57)
w(426,1,13,58,58)
r(623,1,13,59,59)
r(537,1,13,60,60)
w(699,1,13,61,61)
r(327,0,13,62,62)
w(822,1,13,63,63)
w(564,1,13,64,64)
w(881,2,13,65,65)
r(123,2,13,66,66)
r(753,0,13,67,67)
r(498,1,13,68,68)
w(525,3,13,69,69)
r(44,0,13,70,70)
r(4,2,13,71,71)
w(908,2,13,72,72)
w(942,1,13,73,73)
r(129,0,13,74,74)
w(522,1,13,75,75)
r(897,1,13,76,76)
w(713,4,13,77,77)
w(780,2,13,78,78)
w(301,6,13,79,79)
r(542,0,13,80,80)
w(632,1,13,81,81)
r(46,2,13,82,82)
w(818,2,13,83,83)
w(377,2,13,84,84)
w(684,1,13,85,85)
w(825,3,13,86,86)
w(67,2,13,87,87)
r(722,2,13,88,88)
w(694,1,13,89,89)
w(311,1,13,90,90)
r(107,0,13,91,91)
r(822,1,13,92,92)
r(995,0,13,93,93)
w(71,1,13,94,94)
r(109,0,13,95,95)
r(433,2,13,96,96)
w(49,3,13,97,97)
r(172,2,13,98,98)
w(383,2,13,99,99)
w(321,2,14,0,0)
r(130,0,14,1,1)
r(709,0,14,2,2)
w(57,1,14,3,3)
w(278,2,14,4,4)
w(335,1,14,5,5)
r(642,1,14,6,6)
w(734,1,14,7,7)
r(999,1,14,8,8)
r(696,0,14,9,9)
r(902,1,14,10,10)
w(624,1,14,11,11)
w(656,1,14,12,12)
w(240,2,14,13,13)
r(106,1,14,14,14)
r(651,1,14,15,15)
r(754,0,14,16,16)
r(982,1,14,17,17)
r(248,2,14,18,18)
r(887,1,14,19,19)
r(338,2,14,20,20)
w(263,1,14,21,21)
r(928,1,14,22,22)
r(861,0,14,23,23)
r(65,0,14,24,24)
w(907,1,14,25,25)
r(626,0,14,26,26)
w(728,1,14,27,27)
w(13,3,14,28,28)
r(126,0,14,29,29)
r(143,2,14,30,30)
r(411,0,14,31,31)
r(81,0,14,32,32)
w(143,3,14,33,33)
w(98,1,14,34,34)
w(129,1,14,35,35)
r(165,0,14,36,36)
w(391,1,14,37,37)
w(575,1,14,38,38)
r(182,0,14,39,39)
w(516,2,14,40,40)
r(989,0,14,41,41)
r(169,0,14,42,42)
w(622,2,14,43,43)
w(254,2,14,44,44)
r(759,0,14,45,45)
w(710,3,14,46,46)
r(449,3,14,47,47)
w(25,2,14,48,48)
r(160,0,14,49,49)
w(184,3,14,50,50)
w(885,3,14,51,51)
w(531,1,14,52,52)
r(477,2,14,53,53)
r(493,1,14,54,54)
w(416,2,14,55,55)
r(799,0,14,56,56)
r(792,0,14,57,57)
w(191,2,14,58,58)
w(464,2,14,59,59)
r(313,1,14,60,60)
w(324,3,14,61,61)
r(244,1,14,62,62)
r(449,3,14,63,63)
w(700,2,14,64,64)
r(766,0,14,65,65)
w(693,3,14,66,66)
w(156,2,14,67,67)
w(844,1,14,68,68)
w(211,3,14,69,69)
r(975,1,14,70,70)
w(209,2,14,71,71)
w(414,1,14,72,72)
r(890,0,14,73,73)
w(626,1,14,74,74)
w(540,1,14,75,75)
w(142,1,14,76,76)
r(851,0,14,77,77)
w(591,1,14,78,78)
r(775,2,14,79,79)
w(550,1,14,80,80)
r(407,1,14,81,81)
w(344,2,14,82,82)
r(153,0,14,83,83)
r(904,0,14,84,84)
w(326,1,14,85,85)
w(37,1,14,86,86)
r(774,1,14,87,87)
w(420,1,14,88,88)
r(56,1,14,89,89)
w(322,1,14,90,90)
w(399,2,14,91,91)
r(184,3,14,92,92)
r(543,0,14,93,93)
r(971,1,14,94,94)
w(981,1,14,95,95)
w(43,2,14,96,96)
r(545,0,14,97,97)
w(14,2,14,98,98)
r(254,2,14,99,99)
w(825,4,15,0,0)
r(740,1,15,1,1)
w(872,2,15,2,2)
w(452,3,15,3,3)
w(869,2,15,4,4)
r(469,0,15,5,5)
w(952,3,15,6,6)
w(180,1,15,7,7)
w(58,2,15,8,8)
w(674,1,15,9,9)
w(599,2,15,10,10)
w(768,1,15,11,11)
w(393,1,15,12,12)
r(303,0,15,13,13)
r(928,1,15,14,14)
w(155,3,15,15,15)
r(656,1,15,16,16)
w(108,2,15,17,17)
w(123,3,15,18,18)
r(955,0,15,19,19)
w(469,1,15,20,20)
w(295,1,15,21,21)
r(16,1,15,22,22)
r(754,0,15,23,23)
w(990,2,15,24,24)
r(174,0,15,25,25)
r(233,0,15,26,26)
w(689,1,15,27,27)
r(554,2,15,28,28)
r(279,1,15,29,29)
w(152,1,15,30,30)
w(914,1,15,31,31)
r(921,0,15,32,32)
r(368,1,15,33,33)
r(887,1,15,34,34)
w(778,1,15,35,35)
r(206,0,15,36,36)
w(395,1,15,37,37)
r(306,0,15,38,38)
r(470,0,15,39,39)
w(502,3,15,40,40)
w(233,1,15,41,41)
w(955,1,15,42,42)
w(929,1,15,43,43)
w(428,3,15,44,44)
w(309,3,15,45,45)
w(278,3,15,46,46)
w(855,1,15,47,47)
w(852,1,15,48,48)
w(22,1,15,49,49)
r(106,1,15,50,50)
r(926,1,15,51,51)
r(396,0,15,52,52)
r(629,0,15,53,53)
r(784,1,15,54,54)
w(350,2,15,55,55)
r(49,3,15,56,56)
w(579,2,15,57,57)
w(222,3,15,58,58)
r(155,3,15,59,59)
r(784,1,15,60,60)
w(456,2,15,61,61)
r(536,0,15,62,62)
r(585,2,15,63,63)
r(176,0,15,64,64)
w(963,1,15,65,65)
w(672,1,15,66,66)
r(652,0,15,67,67)
r(473,1,15,68,68)
r(249,0,15,69,69)
w(503,1,15,70,70)
w(253,2,15,71,71)
w(984,1,15,72,72)
r(126,0,15,73,73)
w(621,1,15,74,74)
r(321,2,15,75,75)
r(781,1,15,76,76)
r(419,1,15,77,77)
w(157,3,15,78,78)
r(203,2,15,79,79)
r(913,0,15,80,80)
r(73,0,15,81,81)
w(371,4,15,82,82)
r(825,4,15,83,83)
w(739,4,15,84,84)
w(930,2,15,85,85)
r(933,2,15,86,86)
w(458,2,15,87,87)
w(769,2,15,88,88)
w(7,1,15,89,89)
w(928,2,15,90,90)
r(957,2,15,91,91)
r(576,1,15,92,92)
w(427,1,15,93,93)
w(328,4,15,94,94)
r(581,0,15,95,95)
w(516,3,15,96,96)
w(425,2,15,97,97)
r(994,1,15,98,98)
r(456,2,15,99,99)
w(280,2,16,0,0)
w(201,1,16,1,1)
w(926,2,16,2,2)
r(864,1,16,3,3)
w(913,1,16,4,4)
r(761,0,16,5,5)
w(733,2,16,6,6)
r(742,0,16,7,7)
w(844,2,16,8,8)
r(663,0,16,9,9)
r(898,1,16,10,10)
w(753,1,16,11,11)
r(486,0,16,12,12)
r(455,0,16,13,13)
r(639,1,16,14,14)
w(321,3,16,15,15)
r(357,0,16,16,16)
r(728,1,16,17,17)
w(844,3,16,18,18)
r(371,4,16,19,19)
w(82,2,16,20,20)
w(142,2,16,21,21)
r(946,0,16,22,22)
w(405,2,16,23,23)
w(254,3,16,24,24)
w(869,3,16,25,25)
r(221,1,16,26,26)
w(71,2,16,27,27)
w(707,1,16,28,28)
w(361,2,16,29,29)
r(142,2,16,30,30)
r(300,0,16,31,31)
w(117,5,16,32,32)
w(127,1,16,33,33)
r(835,0,16,34,34)
w(259,2,16,35,35)
w(416,3,16,36,36)
r(813,0,16,37,37)
r(43,2,16,38,38)
w(35,1,16,39,39)
w(247,1,16,40,40)
r(321,3,16,41,41)
r(834,1,16,42,42)
w(937,1,16,43,43)
w(227,3,16,44,44)
r(110,0,16,45,45)
w(684,2,16,46,46)
w(560,1,16,47,47)
w(727,2,16,48,48)
r(64,1,16,49,49)
w(282,3,16,50,50)
w(96,1,16,51,51)
r(200,2,16,52,52)
w(571,1,16,53,53)
r(452,3,16,54,54)
w(322,2,16,55,55)
w(780,3,16,56,56)
w(88,1,16,57,57)
r(536,0,16,58,58)
w(149,1,16,59,59)
w(537,2,16,60,60)
w(409,1,16,61,61)
w(684,3,16,62,62)
r(350,2,16,63,63)
w(173,1,16,64,64)
w(885,4,16,65,65)
r(86,2,16,66,66)
w(521,2,16,67,67)
w(783,1,16,68,68)
r(594,1,16,69,69)
w(766,1,16,70,70)
r(568,0,16,71,71)
w(429,1,16,72,72)
r(422,2,16,73,73)
r(163,1,16,74,74)
w(968,2,16,75,75)
r(34,1,16,76,76)
w(435,4,16,77,77)
r(739,4,16,78,78)
w(959,1,16,79,79)
w(419,2,16,80,80)
r(222,3,16,81,81)
r(512,0,16,82,82)
r(19,0,16,83,83)
w(664,1,16,84,84)
r(546,0,16,85,85)
r(898,1,16,86,86)
w(525,4,16,87,87)
r(65,0,16,88,88)
w(919,1,16,89,89)
r(339,1,16,90,90)
w(491,1,16,91,91)
r(69,0,16,92,92)
r(227,3,16,93,93)
r(104,0,16,94,94)
w(806,1,16,95,95)
r(531,1,16,96,96)
r(990,2,16,97,97)
w(53,4,16,98,98)
w(98,2,16,99,99)
w(726,1,17,0,0)
w(324,4,17,1,1)
r(139,0,17,2,2)
w(890,1,17,3,3)
w(928,3,17,4,4)
r(798,1,17,5,5)
r(181,3,17,6,6)
w(727,3,17,7,7)
r(803,2,17,8,8)
r(847,1,17,9,9)
w(217,1,17,10,10)
r(910,1,17,11,11)
w(971,2,17,12,12)
r(944,1,17,13,13)
w(233,2,17,14,14)
r(458,2,17,15,15)
r(475,1,17,16,16)
r(520,0,17,17,17)
w(301,7,17,18,18)
r(655,0,17,19,19)
r(867,0,17,20,20)
r(274,1,17,21,21)
r(550,1,17,22,22)
w(855,2,17,23,23)
w(600,3,17,24,24)
w(91,4,17,25,25)
r(454,0,17,26,26)
r(763,2,17,27,27)
w(379,1,17,28,28)
r(313,1,17,29,29)
w(295,2,17,30,30)
w(437,1,17,31,31)
w(10,2,17,32,32)
w(534,1,17,33,33)
w(204,1,17,34,34)
w(390,2,17,35,35)
r(256,1,17,36,36)
w(888,1,17,37,37)
r(105,1,17,38,38)
w(409,2,17,39,39)
r(401,0,17,40,40)
r(443,0,17,41,41)
w(636,1,17,42,42)
w(914,2,17,43,43)
w(732,1,17,44,44)
w(604,1,17,45,45)
w(650,5,17,46,46)
w(216,1,17,47,47)
r(264,0,17,48,48)
w(185,2,17,49,49)
w(779,1,17,50,50)
w(234,1,17,51,51)
w(211,4,17,52,52)
r(630,0,17,53,53)
r(307,2,17,54,54)
w(450,1,17,55,55)
r(55,0,17,56,56)
w(864,2,17,57,57)
w(960,2,17,58,58)
w(405,3,17,59,59)
r(655,0,17,60,60)
w(20,1,17,61,61)
r(227,3,17,62,62)
w(872,3,17,63,63)
r(440,0,17,64,64)
w(26,1,17,65,65)
r(320,0,17,66,66)
w(779,2,17,67,67)
r(626,1,17,68,68)
r(766,1,17,69,69)
w(457,2,17,70,70)
r(203,2,17,71,71)
w(239,1,17,72,72)
r(493,1,17,73,73)
r(583,2,17,74,74)
r(409,2,17,75,75)
r(659,1,17,76,76)
r(830,0,17,77,77)
w(781,2,17,78,78)
w(489,1,17,79,79)
r(110,0,17,80,80)
r(444,0,17,81,81)
w(503,2,17,82,82)
r(617,1,17,83,83)
w(393,2,17,84,84)
r(559,2,17,85,85)
w(422,3,17,86,86)
w(844,4,17,87,87)
w(846,1,17,88,88)
r(253,2,17,89,89)
r(687,0,17,90,90)
r(506,0,17,91,91)
r(238,1,17,92,92)
r(45,0,17,93,93)
w(56,2,17,94,94)
w(375,3,17,95,95)
w(744,2,17,96,96)
r(475,1,17,97,97)
r(623,1,17,98,98)
w(50,1,17,99,99)
r(532,0,18,0,0)
w(988,1,18,1,1)
r(77,0,18,2,2)
w(53,5,18,3,3)
r(290,0,18,4,4)
w(525,5,18,5,5)
r(895,3,18,6,6)
w(374,2,18,7,7)
r(180,1,18,8,8)
w(608,1,18,9,9)
r(447,2,18,10,10)
w(552,1,18,11,11)
w(816,3,18,12,12)
r(300,0,18,13,13)
w(180,2,18,14,14)
w(697,1,18,15,15)
r(913,1,18,16,16)
r(196,0,18,17,17)
r(146,0,18,18,18)
r(316,2,18,19,19)
r(226,0,18,20,20)
w(206,1,18,21,21)
w(40,2,18,22,22)
w(189,3,18,23,23)
r(668,1,18,24,24)
r(402,2,18,25,25)
w(163,2,18,26,26)
r(677,0,18,27,27)
r(523,1,18,28,28)
w(253,3,18,29,29)
r(627,1,18,30,30)
r(26,1,18,31,31)
w(701,1,18,32,32)
w(410,2,18,33,33)
w(528,2,18,34,34)
w(504,1,18,35,35)
w(442,1,18,36,36)
w(130,1,18,37,37)
r(105,1,18,38,38)
r(500,0,18,39,39)
w(911,1,18,40,40)
r(485,1,18,41,41)
r(481,0,18,42,42)
r(301,7,18,43,43)
r(915,1,18,44,44)
w(860,1,18,45,45)
w(585,3,18,46,46)
r(911,1,18,47,47)
w(606,1,18,48,48)
w(533,2,18,49,49)
w(158,2,18,50,50)
w(174,1,18,51,51)
r(840,0,18,52,52)
r(241,0,18,53,53)
r(451,3,18,54,54)
r(724,3,18,55,55)
w(321,4,18,56,56)
r(564,1,18,57,57)
r(415,0,18,58,58)
r(696,0,18,59,59)
w(595,1,18,60,60)
r(496,1,18,61,61)
w(525,6,18,62,62)
r(19,0,18,63,63)
r(115,0,18,64,64)
w(508,1,18,65,65)
w(895,4,18,66,66)
r(816,3,18,67,67)
r(213,1,18,68,68)
r(17,1,18,69,69)
w(702,2,18,70,70)
r(268,0,18,71,71)
r(506,0,18,72,72)
w(585,4,18,73,73)
r(964,0,18,74,74)
r(474,3,18,75,75)
r(646,1,18,76,76)
w(361,3,18,77,77)
w(32,2,18,78,78)
w(389,3,18,79,79)
w(551,2,18,80,80)
w(761,1,18,81,81)
r(148,1,18,82,82)
r(263,1,18,83,83)
w(671,1,18,84,84)
w(10,3,18,85,85)
w(1,1,18,86,86)
w(138,2,18,87,87)
r(613,2,18,88,88)
w(6,1,18,89,89)
w(128,2,18,90,90)
r(656,1,18,91,91)
w(841,2,18,92,92)
r(600,3,18,93,93)
r(554,2,18,94,94)
r(482,1,18,95,95)
w(970,2,18,96,96)
w(505,1,18,97,97)
w(102,1,18,98,98)
w(610,2,18,99,99)
r(440,0,19,0,0)
w(828,1,19,1,1)
w(306,1,19,2,2)
r(446,0,19,3,3)
r(712,0,19,4,4)
w(598,1,19,5,5)
w(286,1,19,6,6)
w(2,2,19,7,7)
r(268,0,19,8,8)
r(436,0,19,9,9)
w(560,2,19,10,10)
r(219,1,19,11,11)
w(461,3,19,12,12)
w(123,4,19,13,13)
r(933,2,19,14,14)
r(257,1,19,15,15)
w(868,2,19,16,16)
r(550,1,19,17,17)
w(339,2,19,18,18)
w(602,1,19,19,19)
r(54,1,19,20,20)
r(902,1,19,21,21)
r(553,2,19,22,22)
w(848,2,19,23,23)
r(635,1,19,24,24)
w(341,1,19,25,25)
w(551,3,19,26,26)
r(966,1,19,27,27)
w(749,2,19,28,28)
w(791,1,19,29,29)
r(69,0,19,30,30)
r(56,2,19,31,31)
r(676,1,19,32,32)
r(565,2,19,33,33)
r(314,0,19,34,34)
w(95,2,19,35,35)
r(28,1,19,36,36)
w(983,5,19,37,37)
r(33,0,19,38,38)
r(984,1,19,39,39)
r(480,0,19,40,40)
r(111,0,19,41,41)
r(173,1,19,42,42)
r(429,1,19,43,43)
w(134,2,19,44,44)
r(984,1,19,45,45)
w(835,1,19,46,46)
r(481,0,19,47,47)
w(350,3,19,48,48)
w(317,2,19,49,49)
r(485,1,19,50,50)
w(892,2,19,51,51)
r(339,2,19,52,52)
w(403,3,19,53,53)
r(988,1,19,54,54)
w(133,1,19,55,55)
w(137,4,19,56,56)
w(544,1,19,57,57)
r(516,3,19,58,58)
w(752,2,19,59,59)
w(385,1,19,60,60)
r(938,0,19,61,61)
w(590,2,19,62,62)
r(181,3,19,63,63)
r(338,2,19,64,64)
r(18,1,19,65,65)
r(25,2,19,66,66)
w(350,4,19,67,67)
r(440,0,19,68,68)
r(487,1,19,69,69)
r(580,0,19,70,70)
r(213,1,19,71,71)
w(897,2,19,72,72)
r(964,0,19,73,73)
w(474,4,19,74,74)
r(218,2,19,75,75)
w(346,2,19,76,76)
w(756,2,19,77,77)
w(618,3,19,78,78)
w(336,2,19,79,79)
r(136,2,19,80,80)
w(103,1,19,81,81)
r(124,0,19,82,82)
r(182,0,19,83,83)
r(927,1,19,84,84)
w(831,3,19,85,85)
w(619,3,19,86,86)
w(89,1,19,87,87)
w(312,2,19,88,88)
w(876,3,19,89,89)
w(125,2,19,90,90)
r(0,0,19,91,91)
r(290,0,19,92,92)
r(890,1,19,93,93)
w(64,2,19,94,94)
w(440,1,19,95,95)
w(326,2,19,96,96)
r(627,1,19,97,97)
r(862,1,19,98,98)
r(147,1,19,99,99)
r(273,1,20,0,0)
w(28,2,20,1,1)
w(353,2,20,2,2)
r(14,2,20,3,3)
r(418,0,20,4,4)
w(308,1,20,5,5)
r(643,0,20,6,6)
w(885,5,20,7,7)
r(946,0,20,8,8)
r(859,3,20,9,9)
w(464,3,20,10,10)
w(689,2,20,11,11)
r(313,1,20,12,12)
w(695,4,20,13,13)
w(820,2,20,14,14)
r(764,2,20,15,15)
r(812,0,20,16,16)
w(122,3,20,17,17)
r(923,0,20,18,18)
r(969,1,20,19,19)
w(912,1,20,20,20)
r(494,0,20,21,21)
r(4,2,20,22,22)
w(673,2,20,23,23)
r(991,0,20,24,24)
r(955,1,20,25,25)
r(905,0,20,26,26)
r(549,0,20,27,27)
r(420,1,20,28,28)
w(186,1,20,29,29)
w(53,6,20,30,30)
r(995,0,20,31,31)
r(902,1,20,32,32)
w(177,1,20,33,33)
w(980,1,20,34,34)
w(907,2,20,35,35)
w(570,1,20,36,36)
r(898,1,20,37,37)
r(47,1,20,38,38)
r(907,2,20,39,39)
w(561,4,20,40,40)
r(837,1,20,41,41)
r(34,1,20,42,42)
r(787,0,20,43,43)
w(39,2,20,44,44)
w(2,3,20,45,45)
r(515,1,20,46,46)
r(592,1,20,47,47)
r(617,1,20,48,48)
w(508,2,20,49,49)
w(499,1,20,50,50)
w(841,3,20,51,51)
r(394,0,20,52,52)
w(501,1,20,53,53)
w(795,1,20,54,54)
r(992,1,20,55,55)
w(946,1,20,56,56)
r(535,1,20,57,57)
w(864,3,20,58,58)
w(931,1,20,59,59)
r(490,0,20,60,60)
w(554,3,20,61,61)
w(93,1,20,62,62)
w(672,2,20,63,63)
r(151,1,20,64,64)
r(681,0,20,65,65)
w(351,2,20,66,66)
r(906,1,20,67,67)
r(259,2,20,68,68)
r(841,3,20,69,69)
r(84,0,20,70,70)
r(161,1,20,71,71)
r(935,0,20,72,72)
r(323,0,20,73,73)
w(27,2,20,74,74)
r(485,1,20,75,75)
r(940,0,20,76,76)
r(624,1,20,77,77)
r(108,2,20,78,78)
r(21,1,20,79,79)
r(484,2,20,80,80)
w(333,2,20,81,81)
w(188,2,20,82,82)
r(527,0,20,83,83)
w(712,1,20,84,84)
r(398,0,20,85,85)
r(879,0,20,86,86)
w(887,2,20,87,87)
r(341,1,20,88,88)
r(98,2,20,89,89)
w(943,1,20,90,90)
r(385,1,20,91,91)
w(794,1,20,92,92)
w(982,2,20,93,93)
w(147,2,20,94,94)
w(77,1,20,95,95)
r(613,2,20,96,96)
r(165,0,20,97,97)
r(919,1,20,98,98)
w(565,3,20,99,99)
r(628,0,21,0,0)
w(782,3,21,1,1)
r(527,0,21,2,2)
r(595,1,21,3,3)
w(865,3,21,4,4)
w(697,2,21,5,5)
r(416,3,21,6,6)
w(674,2,21,7,7)
w(432,3,21,8,8)
r(766,1,21,9,9)
r(982,2,21,10,10)
r(313,1,21,11,11)
r(990,2,21,12,12)
w(214,1,21,13,13)
r(818,2,21,14,14)
r(694,1,21,15,15)
r(360,2,21,16,16)
r(560,2,21,17,17)
r(43,2,21,18,18)
r(661,1,21,19,19)
r(208,1,21,20,20)
w(515,2,21,21,21)
w(524,3,21,22,22)
w(823,1,21,23,23)
w(372,1,21,24,24)
w(646,2,21,25,25)
r(617,1,21,26,26)
r(451,3,21,27,27)
w(979,2,21,28,28)
w(183,1,21,29,29)
w(893,1,21,30,30)
w(970,3,21,31,31)
r(36,1,21,32,32)
r(814,1,21,33,33)
r(308,1,21,34,34)
r(645,1,21,35,35)
r(879,0,21,36,36)
r(260,0,21,37,37)
w(521,3,21,38,38)
r(678,1,21,39,39)
r(912,1,21,40,40)
r(647,1,21,41,41)
w(288,3,21,42,42)
r(261,1,21,43,43)
w(958,1,21,44,44)
w(447,3,21,45,45)
w(773,1,21,46,46)
r(500,0,21,47,47)
r(655,0,21,48,48)
w(602,2,21,49,49)
r(302,1,21,50,50)
w(777,2,21,51,51)
w(677,1,21,52,52)
w(794,2,21,53,53)
r(648,0,21,54,54)
w(352,1,21,55,55)
r(2,3,21,56,56)
w(778,2,21,57,57)
w(868,3,21,58,58)
w(720,4,21,59,59)
w(934,1,21,60,60)
r(655,0,21,61,61)
w(690,3,21,62,62)
r(208,1,21,63,63)
w(414,2,21,64,64)
r(67,2,21,65,65)
w(980,2,21,66,66)
w(668,2,21,67,67)
r(568,0,21,68,68)
w(928,4,21,69,69)
r(91,4,21,70,70)
r(749,2,21,71,71)
r(782,3,21,72,72)
r(434,1,21,73,73)
w(562,2,21,74,74)
r(599,2,21,75,75)
r(511,0,21,76,76)
r(100,1,21,77,77)
w(266,3,21,78,78)
w(344,3,21,79,79)
r(793,0,21,80,80)
r(246,0,21,81,81)
r(54,1,21,82,82)
w(999,2,21,83,83)
r(356,1,21,84,84)
w(140,3,21,85,85)
w(961,2,21,86,86)
w(227,4,21,87,87)
w(724,4,21,88,88)
w(855,3,21,89,89)
w(176,1,21,90,90)
r(153,0,21,91,91)
r(34,1,21,92,92)
r(693,3,21,93,93)
r(553,2,21,94,94)
r(27,2,21,95,95)
w(143,4,21,96,96)
w(801,1,21,97,97)
w(843,3,21,98,98)
w(207,2,21,99,99)
w(90,1,22,0,0)
w(753,2,22,1,1)
r(588,0,22,2,2)
w(239,2,22,3,3)
r(275,0,22,4,4)
w(677,2,22,5,5)
w(535,2,22,6,6)
w(439,2,22,7,7)
r(90,1,22,8,8)
r(13,3,22,9,9)
w(433,3,22,10,10)
r(229,0,22,11,11)
w(874,3,22,12,12)
w(64,3,22,13,13)
r(644,0,22,14,14)
r(58,2,22,15,15)
w(741,3,22,16,16)
r(206,1,22,17,17)
r(723,1,22,18,18)
r(132,0,22,19,19)
r(720,4,22,20,20)
w(62,2,22,21,21)
r(644,0,22,22,22)
w(511,1,22,23,23)
w(995,1,22,24,24)
r(303,0,22,25,25)
r(168,1,22,26,26)
r(217,1,22,27,27)
w(402,3,22,28,28)
r(950,0,22,29,29)
w(466,3,22,30,30)
w(526,1,22,31,31)
w(361,4,22,32,32)
w(458,3,22,33,33)
w(628,1,22,34,34)
w(587,1,22,35,35)
r(527,0,22,36,36)
w(827,2,22,37,37)
r(257,1,22,38,38)
r(676,1,22,39,39)
r(836,1,22,40,40)
r(497,0,22,41,41)
r(35,1,22,42,42)
r(978,2,22,43,43)
w(842,1,22,44,44)
r(649,2,22,45,45)
w(357,1,22,46,46)
w(848,3,22,47,47)
r(321,4,22,48,48)
w(860,2,22,49,49)
r(147,2,22,50,50)
r(200,2,22,51,51)
r(704,2,22,52,52)
w(821,2,22,53,53)
r(91,4,22,54,54)
w(354,1,22,55,55)
w(154,3,22,56,56)
w(399,3,22,57,57)
r(176,1,22,58,58)
w(25,3,22,59,59)
r(242,0,22,60,60)
r(511,1,22,61,61)
w(762,1,22,62,62)
w(3,1,22,63,63)
w(159,1,22,64,64)
r(147,2,22,65,65)
w(827,3,22,66,66)
r(434,1,22,67,67)
w(243,1,22,68,68)
r(312,2,22,69,69)
w(545,1,22,70,70)
r(23,1,22,71,71)
w(18,2,22,72,72)
r(689,2,22,73,73)
w(208,2,22,74,74)
r(962,1,22,75,75)
r(104,0,22,76,76)
w(933,3,22,77,77)
r(437,1,22,78,78)
r(476,0,22,79,79)
w(458,4,22,80,80)
r(959,1,22,81,81)
w(469,2,22,82,82)
w(546,1,22,83,83)
r(225,1,22,84,84)
w(233,3,22,85,85)
r(30,1,22,86,86)
r(350,4,22,87,87)
r(841,3,22,88,88)
r(373,1,22,89,89)
r(983,5,22,90,90)
r(60,1,22,91,91)
r(890,1,22,92,92)
r(886,3,22,93,93)
w(30,2,22,94,94)
r(532,0,22,95,95)
r(834,1,22,96,96)
w(47,2,22,97,97)
r(417,0,22,98,98)
w(987,2,22,99,99)
w(330,1,23,0,0)
w(169,1,23,1,1)
w(375,4,23,2,2)
w(760,2,23,3,3)
w(311,2,23,4,4)
w(362,1,23,5,5)
w(652,1,23,6,6)
r(162,0,23,7,7)
w(57,2,23,8,8)
w(138,3,23,9,9)
w(350,5,23,10,10)
r(149,1,23,11,11)
w(262,1,23,12,12)
w(723,2,23,13,13)
r(366,0,23,14,14)
w(976,2,23,15,15)
w(538,1,23,16,16)
w(977,2,23,17,17)
r(240,2,23,18,18)
r(817,0,23,19,19)
w(271,1,23,20,20)
r(457,2,23,21,21)
r(585,4,23,22,22)
w(359,2,23,23,23)
w(960,3,23,24,24)
r(313,1,23,25,25)
w(778,3,23,26,26)
r(918,0,23,27,27)
w(99,2,23,28,28)
w(156,3,23,29,29)
w(166,2,23,30,30)
r(616,0,23,31,31)
r(995,1,23,32,32)
w(586,3,23,33,33)
w(813,1,23,34,34)
w(46,3,23,35,35)
w(157,4,23,36,36)
w(671,2,23,37,37)
w(766,2,23,38,38)
r(850,0,23,39,39)
r(940,0,23,40,40)
r(508,2,23,41,41)
w(353,3,23,42,42)
w(591,2,23,43,43)
r(480,0,23,44,44)
r(243,1,23,45,45)
r(146,0,23,46,46)
r(481,0,23,47,47)
w(811,1,23,48,48)
r(973,0,23,49,49)
w(273,2,23,50,50)
w(435,5,23,51,51)
r(808,0,23,52,52)
r(418,0,23,53,53)
r(407,1,23,54,54)
r(301,7,23,55,55)
r(326,2,23,56,56)
w(918,1,23,57,57)
w(872,4,23,58,58)
r(960,3,23,59,59)
w(749,3,23,60,60)
w(473,2,23,61,61)
w(171,2,23,62,62)
r(829,0,23,63,63)
r(487,1,23,64,64)
r(181,3,23,65,65)
r(62,2,23,66,66)
r(798,1,23,67,67)
r(729,0,23,68,68)
w(120,1,23,69,69)
r(59,0,23,70,70)
w(802,1,23,71,71)
r(666,0,23,72,72)
r(78,2,23,73,73)
r(278,3,23,74,74)
w(425,3,23,75,75)
r(897,2,23,76,76)
w(855,4,23,77,77)
r(151,1,23,78,78)
r(905,0,23,79,79)
w(536,1,23,80,80)
r(624,1,23,81,81)
r(446,0,23,82,82)
w(740,2,23,83,83)
r(214,1,23,84,84)
r(377,2,23,85,85)
w(89,2,23,86,86)
w(345,1,23,87,87)
w(432,4,23,88,88)
r(919,1,23,89,89)
w(646,3,23,90,90)
w(400,2,23,91,91)
w(559,3,23,92,92)
r(654,0,23,93,93)
w(848,4,23,94,94)
r(641,2,23,95,95)
w(954,2,23,96,96)
r(899,2,23,97,97)
w(390,3,23,98,98)
r(924,0,23,99,99)
r(362,1,24,0,0)
r(917,1,24,1,1)
w(307,3,24,2,2)
w(344,4,24,3,3)
r(997,0,24,4,4)
w(158,3,24,5,5)
w(687,1,24,6,6)
w(309,4,24,7,7)
w(335,2,24,8,8)
w(708,1,24,9,9)
w(51,1,24,10,10)
r(710,3,24,11,11)
w(861,1,24,12,12)
r(7,1,24,13,13)
w(12,2,24,14,14)
r(714,0,24,15,15)
r(478,0,24,16,16)
r(491,1,24,17,17)
w(484,3,24,18,18)
w(434,2,24,19,19)
w(967,3,24,20,20)
w(977,3,24,21,21)
r(114,1,24,22,22)
w(41,2,24,23,23)
r(49,3,24,24,24)
r(160,0,24,25,25)
w(597,1,24,26,26)
w(118,2,24,27,27)
w(96,2,24,28,28)
r(943,1,24,29,29)
r(895,4,24,30,30)
r(940,0,24,31,31)
w(667,1,24,32,32)
r(797,1,24,33,33)
r(847,1,24,34,34)
w(757,2,24,35,35)
w(914,3,24,36,36)
w(600,4,24,37,37)
w(786,2,24,38,38)
w(124,1,24,39,39)
r(741,3,24,40,40)
r(577,2,24,41,41)
r(818,2,24,42,42)
r(675,1,24,43,43)
r(518,0,24,44,44)
r(653,1,24,45,45)
w(857,1,24,46,46)
r(761,1,24,47,47)
r(778,3,24,48,48)
w(777,3,24,49,49)
w(479,2,24,50,50)
r(896,0,24,51,51)
r(703,1,24,52,52)
w(110,1,24,53,53)
w(820,3,24,54,54)
w(988,2,24,55,55)
w(238,2,24,56,56)
w(922,2,24,57,57)
w(761,2,24,58,58)
w(503,3,24,59,59)
w(974,1,24,60,60)
w(884,2,24,61,61)
w(166,3,24,62,62)
r(666,0,24,63,63)
w(906,2,24,64,64)
r(997,0,24,65,65)
r(162,0,24,66,66)
r(935,0,24,67,67)
r(762,1,24,68,68)
w(795,2,24,69,69)
w(972,3,24,70,70)
w(334,1,24,71,71)
r(666,0,24,72,72)
w(896,1,24,73,73)
r(773,1,24,74,74)
r(69,0,24,75,75)
w(649,3,24,76,76)
r(44,0,24,77,77)
r(477,2,24,78,78)
w(14,3,24,79,79)
w(148,2,24,80,80)
r(919,1,24,81,81)
r(378,0,24,82,82)
w(918,2,24,83,83)
r(435,5,24,84,84)
r(885,5,24,85,85)
w(696,1,24,86,86)
r(502,3,24,87,87)
r(655,0,24,88,88)
w(317,3,24,89,89)
r(787,0,24,90,90)
w(43,3,24,91,91)
r(1,1,24,92,92)
r(627,1,24,93,93)
r(1,1,24,94,94)
w(15,2,24,95,95)
w(553,3,24,96,96)
w(218,3,24,97,97)
r(717,1,24,98,98)
w(483,2,24,99,99)
r(110,1,25,0,0)
r(478,0,25,1,1)
w(737,1,25,2,2)
r(858,1,25,3,3)
r(492,3,25,4,4)
r(362,1,25,5,5)
r(482,1,25,6,6)
r(897,2,25,7,7)
w(185,3,25,8,8)
w(289,1,25,9,9)
r(340,0,25,10,10)
r(198,0,25,11,11)
r(696,1,25,12,12)
r(327,0,25,13,13)
w(960,4,25,14,14)
r(554,3,25,15,15)
r(414,2,25,16,16)
w(709,1,25,17,17)
w(240,3,25,18,18)
w(184,4,25,19,19)
w(891,2,25,20,20)
w(512,1,25,21,21)
r(18,2,25,22,22)
w(357,2,25,23,23)
r(11,0,25,24,24)
r(20,1,25,25,25)
w(497,1,25,26,26)
w(982,3,25,27,27)
r(829,0,25,28,28)
w(76,3,25,29,29)
r(298,0,25,30,30)
w(832,2,25,31,31)
r(600,4,25,32,32)
r(283,1,25,33,33)
w(228,2,25,34,34)
r(959,1,25,35,35)
w(802,2,25,36,36)
r(830,0,25,37,37)
w(583,3,25,38,38)
r(23,1,25,39,39)
w(41,3,25,40,40)
r(137,4,25,41,41)
w(181,4,25,42,42)
r(766,2,25,43,43)
r(705,0,25,44,44)
r(493,1,25,45,45)
w(424,1,25,46,46)
r(340,0,25,47,47)
w(667,2,25,48,48)
w(832,3,25,49,49)
r(35,1,25,50,50)
r(325,1,25,51,51)
w(837,2,25,52,52)
w(426,2,25,53,53)
r(505,1,25,54,54)
r(850,0,25,55,55)
r(801,1,25,56,56)
r(157,4,25,57,57)
w(288,4,25,58,58)
r(500,0,25,59,59)
w(498,2,25,60,60)
w(679,3,25,61,61)
w(327,1,25,62,62)
w(972,4,25,63,63)
w(81,1,25,64,64)
r(387,1,25,65,65)
w(1,2,25,66,66)
w(800,4,25,67,67)
w(989,1,25,68,68)
w(110,2,25,69,69)
r(66,0,25,70,70)
r(668,2,25,71,71)
w(571,2,25,72,72)
w(884,3,25,73,73)
r(101,0,25,74,74)
w(264,1,25,75,75)
r(34,1,25,76,76)
w(878,1,25,77,77)
w(60,2,25,78,78)
r(425,3,25,79,79)
r(95,2,25,80,80)
w(173,2,25,81,81)
r(726,1,25,82,82)
r(382,2,25,83,83)
r(730,1,25,84,84)
w(539,1,25,85,85)
w(232,2,25,86,86)
w(244,2,25,87,87)
w(420,2,25,88,88)
r(836,1,25,89,89)
r(557,1,25,90,90)
r(240,3,25,91,91)
r(320,0,25,92,92)
w(810,2,25,93,93)
w(616,1,25,94,94)
r(397,0,25,95,95)
w(251,4,25,96,96)
w(691,2,25,97,97)
r(740,2,25,98,98)
w(261,2,25,99,99)
w(607,1,26,0,0)
r(626,1,26,1,1)
r(517,2,26,2,2)
r(24,2,26,3,3)
r(713,4,26,4,4)
w(831,4,26,5,5)
r(173,2,26,6,6)
w(918,3,26,7,7)
r(555,1,26,8,8)
r(571,2,26,9,9)
w(171,3,26,10,10)
w(2,4,26,11,11)
r(785,0,26,12,12)
w(612,3,26,13,13)
r(844,4,26,14,14)
r(298,0,26,15,15)
w(848,5,26,16,16)
r(808,0,26,17,17)
r(725,1,26,18,18)
w(397,1,26,19,19)
w(35,2,26,20,20)
w(672,3,26,21,21)
r(547,0,26,22,22)
r(433,3,26,23,23)
w(574,1,26,24,24)
r(857,1,26,25,25)
r(545,1,26,26,26)
r(564,1,26,27,27)
r(395,1,26,28,28)
w(520,1,26,29,29)
r(711,0,26,30,30)
r(991,0,26,31,31)
r(322,2,26,32,32)
r(737,1,26,33,33)
w(633,3,26,34,34)
r(732,1,26,35,35)
r(179,0,26,36,36)
r(749,3,26,37,37)
w(407,2,26,38,38)
r(444,0,26,39,39)
r(418,0,26,40,40)
r(466,3,26,41,41)
w(257,2,26,42,42)
r(408,2,26,43,43)
w(284,2,26,44,44)
r(168,1,26,45,45)
w(517,3,26,46,46)
r(410,2,26,47,47)
r(207,2,26,48,48)
r(187,1,26,49,49)
w(669,1,26,50,50)
r(303,0,26,51,51)
r(450,1,26,52,52)
r(9,0,26,53,53)
r(549,0,26,54,54)
w(160,1,26,55,55)
w(222,4,26,56,56)
w(204,2,26,57,57)
r(274,1,26,58,58)
w(346,3,26,59,59)
w(917,2,26,60,60)
r(604,1,26,61,61)
w(576,2,26,62,62)
w(140,4,26,63,63)
r(124,1,26,64,64)
r(231,0,26,65,65)
r(488,2,26,66,66)
r(207,2,26,67,67)
r(857,1,26,68,68)
w(792,1,26,69,69)
w(103,2,26,70,70)
r(845,0,26,71,71)
r(138,3,26,72,72)
w(25,4,26,73,73)
w(204,3,26,74,74)
r(451,3,26,75,75)
w(849,1,26,76,76)
r(188,2,26,77,77)
w(189,4,26,78,78)
w(841,4,26,79,79)
r(891,2,26,80,80)
w(274,2,26,81,81)
r(598,1,26,82,82)
r(895,4,26,83,83)
w(133,2,26,84,84)
w(58,3,26,85,85)
w(844,5,26,86,86)
w(268,1,26,87,87)
w(32,3,26,88,88)
w(961,3,26,89,89)
r(198,0,26,90,90)
w(683,2,26,91,91)
r(327,1,26,92,92)
w(973,1,26,93,93)
w(805,2,26,94,94)
w(216,2,26,95,95)
r(659,1,26,96,96)
r(12,2,26,97,97)
r(196,0,26,98,98)
w(134,3,26,99,99)
r(625,0,27,0,0)
r(483,2,27,1,1)
w(392,1,27,2,2)
w(264,2,27,3,3)
r(266,3,27,4,4)
r(40,2,27,5,5)
r(346,3,27,6,6)
r(82,2,27,7,7)
r(142,2,27,8,8)
w(58,4,27,9,9)
r(610,2,27,10,10)
r(351,2,27,11,11)
w(272,2,27,12,12)
r(34,1,27,13,13)
r(230,1,27,14,14)
w(558,3,27,15,15)
w(639,2,27,16,16)
w(969,2,27,17,17)
w(55,1,27,18,18)
r(218,3,27,19,19)
r(673,2,27,20,20)
r(751,1,27,21,21)
r(479,2,27,22,22)
w(745,2,27,23,23)
r(802,2,27,24,24)
w(752,3,27,25,25)
r(519,1,27,26,26)
w(590,3,27,27,27)
r(244,2,27,28,28)
r(437,1,27,29,29)
r(499,1,27,30,30)
r(166,3,27,31,31)
r(382,2,27,32,32)
r(379,1,27,33,33)
r(521,3,27,34,34)
r(122,3,27,35,35)
w(56,3,27,36,36)
w(72,2,27,37,37)
w(703,2,27,38,38)
w(37,2,27,39,39)
r(134,3,27,40,40)
w(397,2,27,41,41)
r(282,3,27,42,42)
w(681,1,27,43,43)
w(844,6,27,44,44)
w(472,2,27,45,45)
w(124,2,27,46,46)
w(494,1,27,47,47)
r(469,2,27,48,48)
r(694,1,27,49,49)
r(788,0,27,50,50)
r(723,2,27,51,51)
r(249,0,27,52,52)
w(362,2,27,53,53)
r(712,1,27,54,54)
w(866,1,27,55,55)
w(901,1,27,56,56)
r(810,2,27,57,57)
r(93,1,27,58,58)
w(45,1,27,59,59)
r(442,1,27,60,60)
r(616,1,27,61,61)
r(431,0,27,62,62)
w(548,2,27,63,63)
r(996,0,27,64,64)
r(72,2,27,65,65)
r(167,1,27,66,66)
w(112,2,27,67,67)
r(152,1,27,68,68)
r(803,2,27,69,69)
w(90,2,27,70,70)
w(927,2,27,71,71)
r(277,2,27,72,72)
r(946,1,27,73,73)
w(312,3,27,74,74)
w(95,3,27,75,75)
r(730,1,27,76,76)
r(806,1,27,77,77)
r(589,0,27,78,78)
r(775,2,27,79,79)
r(933,3,27,80,80)
r(412,3,27,81,81)
w(552,2,27,82,82)
r(221,1,27,83,83)
w(925,2,27,84,84)
r(576,2,27,85,85)
r(398,0,27,86,86)
w(316,3,27,87,87)
w(294,1,27,88,88)
r(108,2,27,89,89)
r(788,0,27,90,90)
r(944,1,27,91,91)
w(557,2,27,92,92)
w(50,2,27,93,93)
w(649,4,27,94,94)
r(593,0,27,95,95)
r(728,1,27,96,96)
r(913,1,27,97,97)
w(651,2,27,98,98)
r(283,1,27,99,99)
w(723,3,28,0,0)
r(616,1,28,1,1)
r(472,2,28,2,2)
r(360,2,28,3,3)
w(367,1,28,4,4)
r(439,2,28,5,5)
w(377,3,28,6,6)
r(310,1,28,7,7)
r(495,0,28,8,8)
r(933,3,28,9,9)
w(929,2,28,10,10)
w(490,1,28,11,11)
w(84,1,28,12,12)
w(101,1,28,13,13)
r(368,1,28,14,14)
r(204,3,28,15,15)
r(481,0,28,16,16)
w(388,2,28,17,17)
r(53,6,28,18,18)
r(462,3,28,19,19)
r(777,3,28,20,20)
w(890,2,28,21,21)
w(556,1,28,22,22)
w(466,4,28,23,23)
w(304,1,28,24,24)
w(226,1,28,25,25)
r(906,2,28,26,26)
w(757,3,28,27,27)
w(574,2,28,28,28)
r(694,1,28,29,29)
w(238,3,28,30,30)
r(217,1,28,31,31)
w(994,2,28,32,32)
w(188,3,28,33,33)
r(919,1,28,34,34)
w(541,3,28,35,35)
w(122,4,28,36,36)
r(456,2,28,37,37)
r(81,1,28,38,38)
w(677,3,28,39,39)
w(311,3,28,40,40)
r(176,1,28,41,41)
r(227,4,28,42,42)
w(970,4,28,43,43)
w(392,2,28,44,44)
w(329,1,28,45,45)
r(258,0,28,46,46)
r(46,3,28,47,47)
r(960,4,28,48,48)
w(491,2,28,49,49)
r(132,0,28,50,50)
r(111,0,28,51,51)
r(238,3,28,52,52)
w(776,1,28,53,53)
r(951,1,28,54,54)
w(905,1,28,55,55)
w(429,2,28,56,56)
r(961,3,28,57,57)
r(299,0,28,58,58)
w(548,3,28,59,59)
w(568,1,28,60,60)
r(95,3,28,61,61)
r(512,1,28,62,62)
r(921,0,28,63,63)
r(219,1,28,64,64)
w(855,5,28,65,65)
r(708,1,28,66,66)
r(69,0,28,67,67)
r(980,2,28,68,68)
w(752,4,28,69,69)
r(963,1,28,70,70)
r(513,2,28,71,71)
w(986,1,28,72,72)
w(797,2,28,73,73)
r(605,0,28,74,74)
w(336,3,28,75,75)
w(442,2,28,76,76)
r(643,0,28,77,77)
w(317,4,28,78,78)
w(760,3,28,79,79)
r(107,0,28,80,80)
r(335,2,28,81,81)
r(243,1,28,82,82)
r(848,5,28,83,83)
w(151,2,28,84,84)
w(400,3,28,85,85)
w(571,3,28,86,86)
r(231,0,28,87,87)
r(897,2,28,88,88)
r(824,0,28,89,89)
w(864,4,28,90,90)
w(412,4,28,91,91)
w(319,2,28,92,92)
w(364,1,28,93,93)
w(632,2,28,94,94)
w(994,3,28,95,95)
w(264,3,28,96,96)
r(968,2,28,97,97)
w(956,1,28,98,98)
r(512,1,28,99,99)
w(513,3,29,0,0)
w(669,2,29,1,1)
r(591,2,29,2,2)
r(977,3,29,3,3)
r(293,1,29,4,4)
w(760,4,29,5,5)
r(722,2,29,6,6)
r(843,3,29,7,7)
w(60,3,29,8,8)
w(704,3,29,9,9)
r(224,1,29,10,10)
r(847,1,29,11,11)
r(633,3,29,12,12)
r(925,2,29,13,13)
w(559,4,29,14,14)
r(295,2,29,15,15)
r(696,1,29,16,16)
r(147,2,29,17,17)
w(659,2,29,18,18)
w(904,1,29,19,19)
w(100,2,29,20,20)
w(336,4,29,21,21)
w(438,1,29,22,22)
w(267,1,29,23,23)
r(379,1,29,24,24)
r(74,0,29,25,25)
r(374,2,29,26,26)
r(219,1,29,27,27)
w(195,2,29,28,28)
w(94,3,29,29,29)
w(734,2,29,30,30)
w(882,2,29,31,31)
w(212,1,29,32,32)
w(10,4,29,33,33)
w(565,4,29,34,34)
w(10,5,29,35,35)
r(94,3,29,36,36)
r(419,2,29,37,37)
w(426,3,29,38,38)
r(722,2,29,39,39)
w(339,3,29,40,40)
w(437,2,29,41,41)
w(191,3,29,42,42)
w(311,4,29,43,43)
w(20,2,29,44,44)
r(220,0,29,45,45)
r(417,0,29,46,46)
r(303,0,29,47,47)
w(111,1,29,48,48)
r(51,1,29,49,49)
r(356,1,29,50,50)
w(768,2,29,51,51)
r(563,1,29,52,52)
r(312,3,29,53,53)
w(898,2,29,54,54)
r(709,1,29,55,55)
w(515,3,29,56,56)
w(394,1,29,57,57)
w(303,1,29,58,58)
r(555,1,29,59,59)
r(382,2,29,60,60)
w(611,4,29,61,61)
r(563,1,29,62,62)
r(120,1,29,63,63)
w(51,2,29,64,64)
r(646,3,29,65,65)
r(870,1,29,66,66)
w(137,5,29,67,67)
w(964,1,29,68,68)
r(960,4,29,69,69)
w(865,4,29,70,70)
w(74,1,29,71,71)
r(899,2,29,72,72)
r(785,0,29,73,73)
r(726,1,29,74,74)
r(250,1,29,75,75)
r(649,4,29,76,76)
r(863,0,29,77,77)
r(547,0,29,78,78)
w(481,1,29,79,79)
r(214,1,29,80,80)
w(399,4,29,81,81)
r(941,0,29,82,82)
r(271,1,29,83,83)
w(649,5,29,84,84)
r(574,2,29,85,85)
r(921,0,29,86,86)
w(179,1,29,87,87)
r(938,0,29,88,88)
w(541,4,29,89,89)
r(856,0,29,90,90)
w(280,3,29,91,91)
w(630,1,29,92,92)
r(532,0,29,93,93)
w(42,1,29,94,94)
w(931,2,29,95,95)
r(509,0,29,96,96)
w(444,1,29,97,97)
r(527,0,29,98,98)
w(611,5,29,99,99)
w(590,4,30,0,0)
w(510,1,30,1,1)
r(732,1,30,2,2)
w(830,1,30,3,3)
w(806,2,30,4,4)
r(86,2,30,5,5)
w(346,4,30,6,6)
w(56,4,30,7,7)
r(941,0,30,8,8)
w(761,3,30,9,9)
r(660,0,30,10,10)
w(102,2,30,11,11)
w(455,1,30,12,12)
w(866,2,30,13,13)
r(109,0,30,14,14)
r(996,0,30,15,15)
w(77,2,30,16,16)
r(219,1,30,17,17)
w(677,4,30,18,18)
r(986,1,30,19,19)
w(332,1,30,20,20)
w(623,2,30,21,21)
w(955,2,30,22,22)
w(450,2,30,23,23)
r(719,1,30,24,24)
r(673,2,30,25,25)
r(230,1,30,26,26)
w(136,3,30,27,27)
r(534,1,30,28,28)
r(937,1,30,29,29)
r(385,1,30,30,30)
r(47,2,30,31,31)
w(713,5,30,32,32)
w(994,4,30,33,33)
w(664,2,30,34,34)
w(592,2,30,35,35)
w(677,5,30,36,36)
r(819,1,30,37,37)
w(475,2,30,38,38)
w(329,2,30,39,39)
w(966,2,30,40,40)
w(406,2,30,41,41)
r(571,3,30,42,42)
r(244,2,30,43,43)
r(164,1,30,44,44)
r(677,5,30,45,45)
r(596,2,30,46,46)
w(476,1,30,47,47)
r(362,2,30,48,48)
r(61,0,30,49,49)
r(173,2,30,50,50)
w(16,2,30,51,51)
w(152,2,30,52,52)
r(746,0,30,53,53)
r(629,0,30,54,54)
r(440,1,30,55,55)
r(355,1,30,56,56)
r(879,0,30,57,57)
r(576,2,30,58,58)
w(24,3,30,59,59)
w(708,2,30,60,60)
r(362,2,30,61,61)
r(681,1,30,62,62)
r(802,2,30,63,63)
r(689,2,30,64,64)
w(128,3,30,65,65)
r(237,2,30,66,66)
r(792,1,30,67,67)
w(329,3,30,68,68)
w(934,2,30,69,69)
w(34,2,30,70,70)
w(601,1,30,71,71)
w(354,2,30,72,72)
r(943,1,30,73,73)
w(799,1,30,74,74)
w(231,1,30,75,75)
r(499,1,30,76,76)
w(122,5,30,77,77)
w(239,3,30,78,78)
w(627,2,30,79,79)
w(326,3,30,80,80)
r(818,2,30,81,81)
r(226,1,30,82,82)
r(855,5,30,83,83)
w(413,1,30,84,84)
w(439,3,30,85,85)
w(374,3,30,86,86)
w(111,2,30,87,87)
w(964,2,30,88,88)
r(46,3,30,89,89)
r(19,0,30,90,90)
r(502,3,30,91,91)
r(209,2,30,92,92)
r(180,2,30,93,93)
w(575,2,30,94,94)
r(396,0,30,95,95)
w(134,4,30,96,96)
r(582,1,30,97,97)
r(173,2,30,98,98)
w(691,3,30,99,99)
r(632,2,31,0,0)
r(967,3,31,1,1)
r(212,1,31,2,2)
w(621,2,31,3,3)
w(615,2,31,4,4)
w(394,2,31,5,5)
w(681,2,31,6,6)
r(744,2,31,7,7)
r(277,2,31,8,8)
r(502,3,31,9,9)
r(995,1,31,10,10)
w(889,1,31,11,11)
r(537,2,31,12,12)
r(497,1,31,13,13)
r(770,1,31,14,14)
w(37,3,31,15,15)
r(50,2,31,16,16)
r(589,0,31,17,17)
w(431,1,31,18,18)
r(594,1,31,19,19)
w(365,3,31,20,20)
w(489,2,31,21,21)
w(946,2,31,22,22)
r(28,2,31,23,23)
r(685,0,31,24,24)
w(996,1,31,25,25)
r(728,1,31,26,26)
r(145,0,31,27,27)
w(408,3,31,28,28)
r(903,0,31,29,29)
w(399,5,31,30,30)
w(276,1,31,31,31)
w(21,2,31,32,32)
r(528,2,31,33,33)
w(248,3,31,34,34)
r(376,0,31,35,35)
w(913,2,31,36,36)
r(178,1,31,37,37)
w(398,1,31,38,38)
r(600,4,31,39,39)
w(500,1,31,40,40)
w(719,2,31,41,41)
w(439,4,31,42,42)
w(374,4,31,43,43)
w(590,5,31,44,44)
w(357,3,31,45,45)
w(249,1,31,46,46)
r(484,3,31,47,47)
w(587,2,31,48,48)
w(401,1,31,49,49)
w(441,2,31,50,50)
w(465,1,31,51,51)
r(894,0,31,52,52)
w(414,3,31,53,53)
w(746,1,31,54,54)
r(93,1,31,55,55)
r(159,1,31,56,56)
w(242,1,31,57,57)
w(152,3,31,58,58)
r(215,0,31,59,59)
r(65,0,31,60,60)
w(690,4,31,61,61)
r(870,1,31,62,62)
r(502,3,31,63,63)
w(123,5,31,64,64)
r(995,1,31,65,65)
w(788,1,31,66,66)
r(976,2,31,67,67)
w(725,2,31,68,68)
r(474,4,31,69,69)
r(913,2,31,70,70)
r(853,2,31,71,71)
r(900,0,31,72,72)
w(292,2,31,73,73)
r(431,1,31,74,74)
r(284,2,31,75,75)
r(91,4,31,76,76)
w(53,7,31,77,77)
r(93,1,31,78,78)
w(949,4,31,79,79)
w(911,2,31,80,80)
r(786,2,31,81,81)
w(155,4,31,82,82)
w(839,1,31,83,83)
r(653,1,31,84,84)
w(683,3,31,85,85)
r(308,1,31,86,86)
r(708,2,31,87,87)
w(303,2,31,88,88)
w(13,4,31,89,89)
r(941,0,31,90,90)
r(255,1,31,91,91)
w(920,2,31,92,92)
w(955,3,31,93,93)
w(830,2,31,94,94)
r(958,1,31,95,95)
r(886,3,31,96,96)
r(502,3,31,97,97)
w(888,2,31,98,98)
w(876,4,31,99,99)
r(5,0,32,0,0)
w(985,2,32,1,1)
r(482,1,32,2,2)
r(798,1,32,3,3)
r(215,0,32,4,4)
r(876,4,32,5,5)
r(300,0,32,6,6)
r(576,2,32,7,7)
w(257,3,32,8,8)
r(833,1,32,9,9)
w(372,2,32,10,10)
r(134,4,32,11,11)
w(48,1,32,12,12)
r(638,0,32,13,13)
w(58,5,32,14,14)
r(968,2,32,15,15)
r(377,3,32,16,16)
r(713,5,32,17,17)
r(529,1,32,18,18)
r(395,1,32,19,19)
w(446,1,32,20,20)
w(590,6,32,21,21)
r(870,1,32,22,22)
w(348,1,32,23,23)
r(210,1,32,24,24)
r(591,2,32,25,25)
r(50,2,32,26,26)
r(42,1,32,27,27)
r(343,0,32,28,28)
r(297,1,32,29,29)
r(284,2,32,30,30)
w(540,2,32,31,31)
r(153,0,32,32,32)
r(669,2,32,33,33)
w(177,2,32,34,34)
w(73,1,32,35,35)
r(755,0,32,36,36)
r(533,2,32,37,37)
r(135,0,32,38,38)
r(498,2,32,39,39)
w(462,4,32,40,40)
w(729,1,32,41,41)
r(711,0,32,42,42)
w(693,4,32,43,43)
r(69,0,32,44,44)
r(279,1,32,45,45)
r(204,3,32,46,46)
r(843,3,32,47,47)
r(840,0,32,48,48)
r(356,1,32,49,49)
r(751,1,32,50,50)
w(503,4,32,51,51)
r(43,3,32,52,52)
w(720,5,32,53,53)
w(805,3,32,54,54)
w(999,3,32,55,55)
w(515,4,32,56,56)
w(955,4,32,57,57)
r(383,2,32,58,58)
w(280,4,32,59,59)
w(338,3,32,60,60)
w(742,1,32,61,61)
r(980,2,32,62,62)
r(382,2,32,63,63)
r(702,2,32,64,64)
w(168,2,32,65,65)
r(806,2,32,66,66)
w(750,1,32,67,67)
w(56,5,32,68,68)
w(694,2,32,69,69)
r(853,2,32,70,70)
w(658,2,32,71,71)
w(150,2,32,72,72)
r(341,1,32,73,73)
w(958,2,32,74,74)
r(325,1,32,75,75)
r(149,1,32,76,76)
w(630,2,32,77,77)
r(234,1,32,78,78)
r(414,3,32,79,79)
r(199,0,32,80,80)
r(7,1,32,81,81)
r(502,3,32,82,82)
w(492,4,32,83,83)
w(254,4,32,84,84)
r(183,1,32,85,85)
r(696,1,32,86,86)
r(334,1,32,87,87)
w(155,5,32,88,88)
w(200,3,32,89,89)
r(676,1,32,90,90)
r(43,3,32,91,91)
w(514,1,32,92,92)
r(988,2,32,93,93)
w(546,2,32,94,94)
w(266,4,32,95,95)
w(450,3,32,96,96)
w(886,4,32,97,97)
w(626,2,32,98,98)
w(349,1,32,99,99)
w(672,4,33,0,0)
r(388,2,33,1,1)
w(750,2,33,2,2)
w(576,3,33,3,3)
w(537,3,33,4,4)
r(981,1,33,5,5)
r(257,3,33,6,6)
w(150,3,33,7,7)
w(508,3,33,8,8)
r(755,0,33,9,9)
r(887,2,33,10,10)
w(821,3,33,11,11)
w(740,3,33,12,12)
r(997,0,33,13,13)
w(556,2,33,14,14)
w(749,4,33,15,15)
r(299,0,33,16,16)
w(575,3,33,17,17)
w(760,5,33,18,18)
r(450,3,33,19,19)
r(839,1,33,20,20)
r(969,2,33,21,21)
r(957,2,33,22,22)
r(664,2,33,23,23)
r(554,3,33,24,24)
r(906,2,33,25,25)
r(413,1,33,26,26)
r(260,0,33,27,27)
w(883,3,33,28,28)
r(266,4,33,29,29)
w(281,2,33,30,30)
r(331,1,33,31,31)
w(564,2,33,32,32)
w(343,1,33,33,33)
r(136,3,33,34,34)
r(327,1,33,35,35)
r(673,2,33,36,36)
w(497,2,33,37,37)
w(100,3,33,38,38)
w(125,3,33,39,39)
r(787,0,33,40,40)
w(343,2,33,41,41)
r(758,1,33,42,42)
r(700,2,33,43,43)
r(844,6,33,44,44)
r(763,2,33,45,45)
r(414,3,33,46,46)
r(807,1,33,47,47)
r(433,3,33,48,48)
r(67,2,33,49,49)
w(663,1,33,50,50)
r(304,1,33,51,51)
w(913,3,33,52,52)
r(150,3,33,53,53)
r(65,0,33,54,54)
w(755,1,33,55,55)
w(565,5,33,56,56)
w(302,2,33,57,57)
r(864,4,33,58,58)
w(52,2,33,59,59)
w(507,1,33,60,60)
w(464,4,33,61,61)
r(81,1,33,62,62)
r(254,4,33,63,63)
r(665,0,33,64,64)
w(74,2,33,65,65)
r(410,2,33,66,66)
r(605,0,33,67,67)
w(494,2,33,68,68)
w(655,1,33,69,69)
r(469,2,33,70,70)
r(229,0,33,71,71)
w(689,3,33,72,72)
w(354,3,33,73,73)
w(781,3,33,74,74)
w(863,1,33,75,75)
w(226,2,33,76,76)
r(107,0,33,77,77)
w(912,2,33,78,78)
r(340,0,33,79,79)
r(232,2,33,80,80)
r(45,1,33,81,81)
w(877,1,33,82,82)
w(413,2,33,83,83)
w(498,3,33,84,84)
r(859,3,33,85,85)
w(78,3,33,86,86)
w(425,4,33,87,87)
w(659,3,33,88,88)
r(740,3,33,89,89)
r(117,5,33,90,90)
r(90,2,33,91,91)
w(662,1,33,92,92)
w(190,1,33,93,93)
w(59,1,33,94,94)
r(440,1,33,95,95)
r(245,0,33,96,96)
r(403,3,33,97,97)
r(554,3,33,98,98)
r(97,0,33,99,99)
r(106,1,34,0,0)
w(2,5,34,1,1)
r(800,4,34,2,2)
w(318,3,34,3,3)
r(494,2,34,4,4)
r(331,1,34,5,5)
r(549,0,34,6,6)
r(29,0,34,7,7)
r(977,3,34,8,8)
r(358,1,34,9,9)
w(258,1,34,10,10)
r(806,2,34,11,11)
r(903,0,34,12,12)
w(125,4,34,13,13)
r(168,2,34,14,14)
w(680,2,34,15,15)
r(943,1,34,16,16)
r(343,2,34,17,17)
w(142,3,34,18,18)
r(443,0,34,19,19)
r(477,2,34,20,20)
r(964,2,34,21,21)
r(50,2,34,22,22)
w(950,1,34,23,23)
r(257,3,34,24,24)
r(846,1,34,25,25)
r(235,1,34,26,26)
r(749,4,34,27,27)
w(189,5,34,28,28)
w(138,4,34,29,29)
r(173,2,34,30,30)
r(188,3,34,31,31)
r(423,1,34,32,32)
r(258,1,34,33,33)
w(479,3,34,34,34)
r(233,3,34,35,35)
r(562,2,34,36,36)
w(914,4,34,37,37)
w(105,2,34,38,38)
r(420,2,34,39,39)
w(463,3,34,40,40)
w(59,2,34,41,41)
r(886,4,34,42,42)
w(884,4,34,43,43)
r(476,1,34,44,44)
w(409,3,34,45,45)
w(197,2,34,46,46)
r(109,0,34,47,47)
r(650,5,34,48,48)
w(672,5,34,49,49)
r(852,1,34,50,50)
r(353,3,34,51,51)
r(168,2,34,52,52)
r(903,0,34,53,53)
w(798,2,34,54,54)
r(937,1,34,55,55)
w(468,1,34,56,56)
w(676,2,34,57,57)
r(58,5,34,58,58)
r(695,4,34,59,59)
r(363,2,34,60,60)
w(624,2,34,61,61)
w(179,2,34,62,62)
r(835,1,34,63,63)
w(809,2,34,64,64)
r(514,1,34,65,65)
r(542,0,34,66,66)
w(13,5,34,67,67)
w(0,1,34,68,68)
r(891,2,34,69,69)
w(320,1,34,70,70)
r(417,0,34,71,71)
w(934,3,34,72,72)
r(45,1,34,73,73)
w(941,1,34,74,74)
w(554,4,34,75,75)
r(300,0,34,76,76)
r(566,0,34,77,77)
r(67,2,34,78,78)
w(258,2,34,79,79)
w(646,4,34,80,80)
w(772,1,34,81,81)
w(6,2,34,82,82)
w(632,3,34,83,83)
w(835,2,34,84,84)
w(742,2,34,85,85)
w(677,6,34,86,86)
w(701,2,34,87,87)
w(130,2,34,88,88)
w(179,3,34,89,89)
r(446,1,34,90,90)
r(693,4,34,91,91)
r(927,2,34,92,92)
r(161,1,34,93,93)
r(802,2,34,94,94)
w(118,3,34,95,95)
w(435,6,34,96,96)
r(984,1,34,97,97)
w(280,5,34,98,98)
r(484,3,34,99,99)
w(155,6,35,0,0)
r(419,2,35,1,1)
w(997,1,35,2,2)
r(661,1,35,3,3)
r(570,1,35,4,4)
w(81,2,35,5,5)
w(198,1,35,6,6)
w(212,2,35,7,7)
w(471,1,35,8,8)
w(413,3,35,9,9)
r(293,1,35,10,10)
r(103,2,35,11,11)
w(134,5,35,12,12)
w(539,2,35,13,13)
w(24,4,35,14,14)
w(980,3,35,15,15)
w(264,4,35,16,16)
w(240,4,35,17,17)
r(676,2,35,18,18)
w(850,1,35,19,19)
w(403,4,35,20,20)
w(687,2,35,21,21)
w(754,1,35,22,22)
w(120,2,35,23,23)
w(111,3,35,24,24)
r(246,0,35,25,25)
r(736,2,35,26,26)
w(180,3,35,27,27)
w(68,3,35,28,28)
r(637,2,35,29,29)
r(780,3,35,30,30)
w(929,3,35,31,31)
r(156,3,35,32,32)
r(262,1,35,33,33)
w(782,4,35,34,34)
r(133,2,35,35,35)
w(878,2,35,36,36)
r(825,4,35,37,37)
w(741,4,35,38,38)
w(631,2,35,39,39)
r(87,0,35,40,40)
r(206,1,35,41,41)
w(806,3,35,42,42)
r(668,2,35,43,43)
w(910,2,35,44,44)
w(79,2,35,45,45)
w(613,3,35,46,46)
w(905,2,35,47,47)
r(852,1,35,48,48)
w(741,5,35,49,49)
w(304,2,35,50,50)
w(493,2,35,51,51)
r(799,1,35,52,52)
r(241,0,35,53,53)
w(826,1,35,54,54)
w(660,1,35,55,55)
r(758,1,35,56,56)
r(973,1,35,57,57)
r(168,2,35,58,58)
r(287,3,35,59,59)
w(38,1,35,60,60)
r(459,0,35,61,61)
r(454,0,35,62,62)
r(886,4,35,63,63)
r(829,0,35,64,64)
w(574,3,35,65,65)
w(632,4,35,66,66)
w(253,4,35,67,67)
r(362,2,35,68,68)
w(962,2,35,69,69)
w(574,4,35,70,70)
r(269,0,35,71,71)
w(365,4,35,72,72)
w(689,4,35,73,73)
r(104,0,35,74,74)
r(680,2,35,75,75)
w(982,4,35,76,76)
w(609,2,35,77,77)
r(980,3,35,78,78)
w(445,1,35,79,79)
r(926,2,35,80,80)
r(568,1,35,81,81)
w(844,7,35,82,82)
r(767,0,35,83,83)
r(82,2,35,84,84)
w(493,3,35,85,85)
w(937,2,35,86,86)
r(185,3,35,87,87)
w(716,1,35,88,88)
r(131,1,35,89,89)
r(124,2,35,90,90)
r(638,0,35,91,91)
w(498,4,35,92,92)
w(481,2,35,93,93)
w(441,3,35,94,94)
r(415,0,35,95,95)
r(929,3,35,96,96)
w(508,4,35,97,97)
r(909,0,35,98,98)
r(154,3,35,99,99)
w(696,2,36,0,0)
w(239,4,36,1,1)
r(554,4,36,2,2)
w(575,4,36,3,3)
r(797,2,36,4,4)
w(371,5,36,5,5)
r(810,2,36,6,6)
w(295,3,36,7,7)
r(759,0,36,8,8)
r(190,1,36,9,9)
r(895,4,36,10,10)
r(514,1,36,11,11)
r(284,2,36,12,12)
r(744,2,36,13,13)
w(565,6,36,14,14)
r(186,1,36,15,15)
r(849,1,36,16,16)
w(843,4,36,17,17)
r(7,1,36,18,18)
r(956,1,36,19,19)
r(883,3,36,20,20)
w(532,1,36,21,21)
r(75,0,36,22,22)
w(123,6,36,23,23)
r(992,1,36,24,24)
w(627,3,36,25,25)
w(734,3,36,26,26)
w(4,3,36,27,27)
r(498,4,36,28,28)
w(217,2,36,29,29)
w(567,2,36,30,30)
w(487,2,36,31,31)
w(424,2,36,32,32)
w(422,4,36,33,33)
r(65,0,36,34,34)
w(706,1,36,35,35)
r(76,3,36,36,36)
r(290,0,36,37,37)
r(89,2,36,38,38)
r(529,1,36,39,39)
w(14,4,36,40,40)
r(430,1,36,41,41)
r(231,1,36,42,42)
r(671,2,36,43,43)
w(695,5,36,44,44)
r(728,1,36,45,45)
w(319,3,36,46,46)
w(883,4,36,47,47)
w(454,1,36,48,48)
w(446,2,36,49,49)
r(722,2,36,50,50)
w(13,6,36,51,51)
w(270,3,36,52,52)
r(20,2,36,53,53)
r(635,1,36,54,54)
r(333,2,36,55,55)
r(173,2,36,56,56)
w(451,4,36,57,57)
r(199,0,36,58,58)
r(966,2,36,59,59)
r(293,1,36,60,60)
w(244,3,36,61,61)
r(63,0,36,62,62)
r(172,2,36,63,63)
r(254,4,36,64,64)
w(939,1,36,65,65)
r(359,2,36,66,66)
w(268,2,36,67,67)
w(766,3,36,68,68)
r(967,3,36,69,69)
r(579,2,36,70,70)
r(267,1,36,71,71)
r(972,4,36,72,72)
r(154,3,36,73,73)
r(342,0,36,74,74)
w(295,4,36,75,75)
r(654,0,36,76,76)
r(569,1,36,77,77)
w(58,6,36,78,78)
r(159,1,36,79,79)
r(721,1,36,80,80)
w(840,1,36,81,81)
r(304,2,36,82,82)
r(521,3,36,83,83)
r(441,3,36,84,84)
w(138,5,36,85,85)
w(85,1,36,86,86)
r(242,1,36,87,87)
r(692,0,36,88,88)
w(305,2,36,89,89)
r(427,1,36,90,90)
r(493,3,36,91,91)
w(482,2,36,92,92)
r(348,1,36,93,93)
r(862,1,36,94,94)
r(356,1,36,95,95)
r(330,1,36,96,96)
r(689,4,36,97,97)
r(26,1,36,98,98)
r(45,1,36,99,99)
w(593,1,37,0,0)
w(299,1,37,1,1)
w(119,3,37,2,2)
r(742,2,37,3,3)
r(452,3,37,4,4)
w(295,5,37,5,5)
w(787,1,37,6,6)
w(366,1,37,7,7)
w(830,3,37,8,8)
r(18,2,37,9,9)
r(121,2,37,10,10)
w(628,2,37,11,11)
r(599,2,37,12,12)
w(620,1,37,13,13)
r(609,2,37,14,14)
w(483,3,37,15,15)
r(455,1,37,16,16)
r(919,1,37,17,17)
r(815,0,37,18,18)
w(582,2,37,19,19)
r(132,0,37,20,20)
w(440,2,37,21,21)
r(518,0,37,22,22)
r(717,1,37,23,23)
r(216,2,37,24,24)
r(264,4,37,25,25)
r(178,1,37,26,26)
r(280,5,37,27,27)
w(451,5,37,28,28)
w(421,1,37,29,29)
r(275,0,37,30,30)
w(685,1,37,31,31)
w(745,3,37,32,32)
w(586,4,37,33,33)
r(912,2,37,34,34)
w(3,2,37,35,35)
r(134,5,37,36,36)
w(862,2,37,37,37)
w(358,2,37,38,38)
w(845,1,37,39,39)
w(284,3,37,40,40)
w(142,4,37,41,41)
w(893,2,37,42,42)
r(171,3,37,43,43)
w(22,2,37,44,44)
r(506,0,37,45,45)
r(470,0,37,46,46)
w(51,3,37,47,47)
w(700,3,37,48,48)
r(100,3,37,49,49)
w(870,2,37,50,50)
r(588,0,37,51,51)
w(337,1,37,52,52)
r(593,1,37,53,53)
r(812,0,37,54,54)
w(312,4,37,55,55)
r(596,2,37,56,56)
r(867,0,37,57,57)
w(561,5,37,58,58)
r(278,3,37,59,59)
r(199,0,37,60,60)
w(295,6,37,61,61)
r(572,2,37,62,62)
r(130,2,37,63,63)
w(514,2,37,64,64)
r(491,2,37,65,65)
w(909,1,37,66,66)
r(761,3,37,67,67)
w(784,2,37,68,68)
w(779,3,37,69,69)
r(672,5,37,70,70)
r(820,3,37,71,71)
w(610,3,37,72,72)
r(413,3,37,73,73)
w(319,4,37,74,74)
w(484,4,37,75,75)
r(71,2,37,76,76)
w(682,2,37,77,77)
w(477,3,37,78,78)
w(458,5,37,79,79)
r(942,1,37,80,80)
r(815,0,37,81,81)
r(19,0,37,82,82)
w(895,5,37,83,83)
r(655,1,37,84,84)
r(587,2,37,85,85)
w(837,3,37,86,86)
w(322,3,37,87,87)
r(814,1,37,88,88)
r(672,5,37,89,89)
w(170,2,37,90,90)
r(917,2,37,91,91)
w(521,4,37,92,92)
w(670,1,37,93,93)
w(343,3,37,94,94)
r(413,3,37,95,95)
r(830,3,37,96,96)
r(574,4,37,97,97)
w(798,3,37,98,98)
r(965,1,37,99,99)
w(538,2,38,0,0)
r(604,1,38,1,1)
r(534,1,38,2,2)
w(698,1,38,3,3)
r(123,6,38,4,4)
w(898,3,38,5,5)
r(977,3,38,6,6)
r(133,2,38,7,7)
r(348,1,38,8,8)
r(935,0,38,9,9)
w(427,2,38,10,10)
r(92,3,38,11,11)
w(65,1,38,12,12)
w(874,4,38,13,13)
w(751,2,38,14,14)
r(747,0,38,15,15)
w(949,5,38,16,16)
r(596,2,38,17,17)
w(555,2,38,18,18)
w(307,4,38,19,19)
w(171,4,38,20,20)
w(199,1,38,21,21)
r(908,2,38,22,22)
w(882,3,38,23,23)
r(844,7,38,24,24)
r(474,4,38,25,25)
r(685,1,38,26,26)
r(427,2,38,27,27)
r(338,3,38,28,28)
r(930,2,38,29,29)
r(231,1,38,30,30)
w(299,2,38,31,31)
w(818,3,38,32,32)
r(883,4,38,33,33)
r(536,1,38,34,34)
w(857,2,38,35,35)
r(923,0,38,36,36)
r(914,4,38,37,37)
r(596,2,38,38,38)
r(301,7,38,39,39)
r(606,1,38,40,40)
w(822,2,38,41,41)
w(645,2,38,42,42)
w(700,4,38,43,43)
r(284,3,38,44,44)
r(754,1,38,45,45)
r(743,2,38,46,46)
w(516,4,38,47,47)
r(883,4,38,48,48)
r(268,2,38,49,49)
r(194,1,38,50,50)
w(252,1,38,51,51)
r(611,5,38,52,52)
r(475,2,38,53,53)
w(172,3,38,54,54)
r(730,1,38,55,55)
w(702,3,38,56,56)
w(995,2,38,57,57)
r(228,2,38,58,58)
r(128,3,38,59,59)
r(912,2,38,60,60)
r(656,1,38,61,61)
w(115,1,38,62,62)
r(906,2,38,63,63)
w(476,2,38,64,64)
w(611,6,38,65,65)
r(310,1,38,66,66)
r(838,0,38,67,67)
w(908,3,38,68,68)
w(491,3,38,69,69)
w(804,1,38,70,70)
w(630,3,38,71,71)
r(986,1,38,72,72)
w(12,3,38,73,73)
r(254,4,38,74,74)
w(634,1,38,75,75)
r(768,2,38,76,76)
w(689,5,38,77,77)
r(837,3,38,78,78)
r(400,3,38,79,79)
r(219,1,38,80,80)
r(625,0,38,81,81)
r(571,3,38,82,82)
r(38,1,38,83,83)
w(132,1,38,84,84)
w(889,2,38,85,85)
r(808,0,38,86,86)
w(106,2,38,87,87)
w(588,1,38,88,88)
w(2,6,38,89,89)
r(609,2,38,90,90)
w(544,2,38,91,91)
w(357,4,38,92,92)
r(947,1,38,93,93)
w(261,3,38,94,94)
r(263,1,38,95,95)
w(613,4,38,96,96)
w(489,3,38,97,97)
w(156,4,38,98,98)
r(568,1,38,99,99)
w(696,3,39,0,0)
r(883,4,39,1,1)
w(387,2,39,2,2)
r(663,1,39,3,3)
w(110,3,39,4,4)
w(842,2,39,5,5)
w(501,2,39,6,6)
w(135,1,39,7,7)
r(298,0,39,8,8)
r(627,3,39,9,9)
r(710,3,39,10,10)
r(787,1,39,11,11)
r(482,2,39,12,12)
w(520,2,39,13,13)
r(672,5,39,14,14)
w(866,3,39,15,15)
w(765,3,39,16,16)
w(327,2,39,17,17)
r(793,0,39,18,18)
w(213,2,39,19,19)
r(127,1,39,20,20)
w(875,2,39,21,21)
w(87,1,39,22,22)
r(775,2,39,23,23)
w(659,4,39,24,24)
r(470,0,39,25,25)
r(9,0,39,26,26)
w(644,1,39,27,27)
w(364,2,39,28,28)
w(351,3,39,29,29)
w(607,2,39,30,30)
w(936,2,39,31,31)
w(422,5,39,32,32)
r(437,2,39,33,33)
w(505,2,39,34,34)
r(818,3,39,35,35)
r(853,2,39,36,36)
r(152,3,39,37,37)
w(849,2,39,38,38)
r(978,2,39,39,39)
w(449,4,39,40,40)
w(730,2,39,41,41)
w(118,4,39,42,42)
w(228,3,39,43,43)
r(645,2,39,44,44)
w(168,3,39,45,45)
r(582,2,39,46,46)
r(803,2,39,47,47)
w(142,5,39,48,48)
w(596,3,39,49,49)
r(648,0,39,50,50)
w(391,2,39,51,51)
r(190,1,39,52,52)
r(921,0,39,53,53)
w(384,1,39,54,54)
w(60,4,39,55,55)
r(281,2,39,56,56)
r(119,3,39,57,57)
w(337,2,39,58,58)
r(786,2,39,59,59)
w(646,5,39,60,60)
w(246,1,39,61,61)
w(353,4,39,62,62)
r(849,2,39,63,63)
w(34,3,39,64,64)
w(239,5,39,65,65)
r(363,2,39,66,66)
r(449,4,39,67,67)
r(128,3,39,68,68)
r(207,2,39,69,69)
r(217,2,39,70,70)
r(425,4,39,71,71)
w(69,1,39,72,72)
w(934,4,39,73,73)
r(589,0,39,74,74)
r(863,1,39,75,75)
w(788,2,39,76,76)
r(767,0,39,77,77)
w(685,2,39,78,78)
w(729,2,39,79,79)
w(308,2,39,80,80)
w(755,2,39,81,81)
r(257,3,39,82,82)
w(650,6,39,83,83)
r(600,4,39,84,84)
r(145,0,39,85,85)
w(947,2,39,86,86)
r(331,1,39,87,87)
w(116,3,39,88,88)
r(708,2,39,89,89)
r(122,5,39,90,90)
r(211,4,39,91,91)
w(7,2,39,92,92)
w(779,4,39,93,93)
r(229,0,39,94,94)
w(156,5,39,95,95)
w(547,1,39,96,96)
r(821,3,39,97,97)
w(86,3,39,98,98)
r(114,1,39,99,99)
r(324,4,40,0,0)
w(995,3,40,1,1)
r(961,3,40,2,2)
w(731,3,40,3,3)
r(802,2,40,4,4)
w(313,2,40,5,5)
r(256,1,40,6,6)
r(366,1,40,7,7)
w(834,2,40,8,8)
r(99,2,40,9,9)
w(267,2,40,10,10)
w(567,3,40,11,11)
r(722,2,40,12,12)
r(766,3,40,13,13)
w(957,3,40,14,14)
r(863,1,40,15,15)
r(424,2,40,16,16)
w(194,2,40,17,17)
r(567,3,40,18,18)
r(278,3,40,19,19)
r(120,2,40,20,20)
w(926,3,40,21,21)
w(98,3,40,22,22)
r(700,4,40,23,23)
w(573,1,40,24,24)
w(579,3,40,25,25)
w(289,2,40,26,26)
r(267,2,40,27,27)
w(322,4,40,28,28)
w(372,3,40,29,29)
r(274,2,40,30,30)
r(908,3,40,31,31)
w(949,6,40,32,32)
r(327,2,40,33,33)
r(824,0,40,34,34)
w(37,4,40,35,35)
r(418,0,40,36,36)
w(48,2,40,37,37)
w(103,3,40,38,38)
r(244,3,40,39,39)
w(786,3,40,40,40)
r(282,3,40,41,41)
w(523,2,40,42,42)
w(263,2,40,43,43)
w(306,2,40,44,44)
r(93,1,40,45,45)
w(810,3,40,46,46)
w(339,4,40,47,47)
w(756,3,40,48,48)
r(431,1,40,49,49)
r(4,3,40,50,50)
r(679,3,40,51,51)
r(398,1,40,52,52)
w(768,3,40,53,53)
w(58,7,40,54,54)
w(467,2,40,55,55)
r(413,3,40,56,56)
w(755,3,40,57,57)
r(701,2,40,58,58)
r(550,1,40,59,59)
w(492,5,40,60,60)
w(467,3,40,61,61)
w(193,1,40,62,62)
r(390,3,40,63,63)
r(548,3,40,64,64)
w(522,2,40,65,65)
w(391,3,40,66,66)
w(310,2,40,67,67)
w(400,4,40,68,68)
w(776,2,40,69,69)
r(832,3,40,70,70)
r(694,2,40,71,71)
w(417,1,40,72,72)
w(756,4,40,73,73)
r(290,0,40,74,74)
w(232,3,40,75,75)
r(808,0,40,76,76)
w(504,2,40,77,77)
r(618,3,40,78,78)
r(871,0,40,79,79)
w(320,2,40,80,80)
w(588,2,40,81,81)
w(35,3,40,82,82)
r(603,2,40,83,83)
w(863,2,40,84,84)
r(391,3,40,85,85)
w(185,4,40,86,86)
w(115,2,40,87,87)
w(215,1,40,88,88)
r(363,2,40,89,89)
r(443,0,40,90,90)
w(577,3,40,91,91)
r(747,0,40,92,92)
r(729,2,40,93,93)
w(498,5,40,94,94)
w(801,2,40,95,95)
w(637,3,40,96,96)
w(265,1,40,97,97)
w(289,3,40,98,98)
w(447,4,40,99,99)
w(799,2,41,0,0)
w(577,4,41,1,1)
r(192,0,41,2,2)
w(634,2,41,3,3)
r(356,1,41,4,4)
w(510,2,41,5,5)
w(641,3,41,6,6)
w(195,3,41,7,7)
w(704,4,41,8,8)
w(304,3,41,9,9)
w(376,1,41,10,10)
w(9,1,41,11,11)
w(312,5,41,12,12)
r(179,3,41,13,13)
w(980,4,41,14,14)
w(263,3,41,15,15)
r(493,3,41,16,16)
r(418,0,41,17,17)
w(64,4,41,18,18)
w(266,5,41,19,19)
w(641,4,41,20,20)
w(138,6,41,21,21)
r(94,3,41,22,22)
r(481,2,41,23,23)
r(643,0,41,24,24)
r(732,1,41,25,25)
w(945,1,41,26,26)
r(509,0,41,27,27)
r(661,1,41,28,28)
r(461,3,41,29,29)
w(589,1,41,30,30)
w(671,3,41,31,31)
w(886,5,41,32,32)
r(622,2,41,33,33)
w(792,2,41,34,34)
r(500,1,41,35,35)
r(946,2,41,36,36)
w(49,4,41,37,37)
w(145,1,41,38,38)
w(153,1,41,39,39)
r(371,5,41,40,40)
r(762,1,41,41,41)
r(586,4,41,42,42)
r(806,3,41,43,43)
r(750,2,41,44,44)
r(928,4,41,45,45)
r(219,1,41,46,46)
r(385,1,41,47,47)
r(709,1,41,48,48)
w(740,4,41,49,49)
r(120,2,41,50,50)
r(979,2,41,51,51)
w(721,2,41,52,52)
r(911,2,41,53,53)
w(829,1,41,54,54)
w(626,3,41,55,55)
r(11,0,41,56,56)
w(941,2,41,57,57)
w(14,5,41,58,58)
w(409,4,41,59,59)
r(129,1,41,60,60)
w(276,2,41,61,61)
r(888,2,41,62,62)
r(144,1,41,63,63)
r(603,2,41,64,64)
r(604,1,41,65,65)
w(947,3,41,66,66)
r(210,1,41,67,67)
r(45,1,41,68,68)
w(87,2,41,69,69)
w(712,2,41,70,70)
w(904,2,41,71,71)
w(144,2,41,72,72)
r(247,1,41,73,73)
r(294,1,41,74,74)
r(509,0,41,75,75)
w(460,1,41,76,76)
r(603,2,41,77,77)
r(115,2,41,78,78)
r(879,0,41,79,79)
r(231,1,41,80,80)
r(891,2,41,81,81)
r(262,1,41,82,82)
w(830,4,41,83,83)
r(672,5,41,84,84)
r(435,6,41,85,85)
r(280,5,41,86,86)
w(79,3,41,87,87)
r(148,2,41,88,88)
w(995,4,41,89,89)
r(672,5,41,90,90)
w(556,3,41,91,91)
w(230,2,41,92,92)
w(263,4,41,93,93)
r(567,3,41,94,94)
r(862,2,41,95,95)
r(711,0,41,96,96)
w(859,4,41,97,97)
r(238,3,41,98,98)
r(608,1,41,99,99)
w(464,5,42,0,0)
w(993,1,42,1,1)
w(495,1,42,2,2)
r(198,1,42,3,3)
w(158,4,42,4,4)
w(678,2,42,5,5)
r(545,1,42,6,6)
r(296,1,42,7,7)
r(63,0,42,8,8)
r(469,2,42,9,9)
r(934,4,42,10,10)
w(277,3,42,11,11)
r(149,1,42,12,12)
r(976,2,42,13,13)
r(944,1,42,14,14)
w(320,3,42,15,15)
r(574,4,42,16,16)
r(768,3,42,17,17)
r(448,0,42,18,18)
w(245,1,42,19,19)
r(463,3,42,20,20)
r(733,2,42,21,21)
w(453,1,42,22,22)
r(157,4,42,23,23)
w(338,4,42,24,24)
r(332,1,42,25,25)
r(517,3,42,26,26)
w(59,3,42,27,27)
r(826,1,42,28,28)
w(192,1,42,29,29)
r(80,0,42,30,30)
r(971,2,42,31,31)
w(122,6,42,32,32)
r(476,2,42,33,33)
w(230,3,42,34,34)
r(364,2,42,35,35)
w(62,3,42,36,36)
r(774,1,42,37,37)
w(555,3,42,38,38)
r(152,3,42,39,39)
r(380,2,42,40,40)
w(332,2,42,41,41)
w(751,3,42,42,42)
w(713,6,42,43,43)
r(797,2,42,44,44)
w(532,2,42,45,45)
r(925,2,42,46,46)
r(805,3,42,47,47)
r(786,3,42,48,48)
r(648,0,42,49,49)
w(636,2,42,50,50)
w(768,4,42,51,51)
r(483,3,42,52,52)
r(240,4,42,53,53)
w(310,3,42,54,54)
r(225,1,42,55,55)
w(410,3,42,56,56)
r(295,6,42,57,57)
r(33,0,42,58,58)
w(110,4,42,59,59)
w(515,5,42,60,60)
w(363,3,42,61,61)
w(758,2,42,62,62)
w(629,1,42,63,63)
w(393,3,42,64,64)
w(86,4,42,65,65)
w(595,2,42,66,66)
r(315,0,42,67,67)
r(246,1,42,68,68)
r(642,1,42,69,69)
r(658,2,42,70,70)
w(976,3,42,71,71)
r(215,1,42,72,72)
r(360,2,42,73,73)
w(991,1,42,74,74)
w(746,2,42,75,75)
r(196,0,42,76,76)
w(274,3,42,77,77)
w(608,2,42,78,78)
r(111,3,42,79,79)
w(532,3,42,80,80)
w(965,2,42,81,81)
r(945,1,42,82,82)
w(421,2,42,83,83)
r(609,2,42,84,84)
w(969,3,42,85,85)
r(456,2,42,86,86)
w(564,3,42,87,87)
r(968,2,42,88,88)
r(924,0,42,89,89)
r(332,2,42,90,90)
w(519,2,42,91,91)
r(930,2,42,92,92)
w(744,3,42,93,93)
w(406,3,42,94,94)
w(708,3,42,95,95)
r(454,1,42,96,96)
r(100,3,42,97,97)
w(922,3,42,98,98)
r(411,0,42,99,99)
w(983,6,43,0,0)
r(835,2,43,1,1)
r(899,2,43,2,2)
r(332,2,43,3,3)
w(402,4,43,4,4)
w(439,5,43,5,5)
r(488,2,43,6,6)
w(331,2,43,7,7)
r(678,2,43,8,8)
w(181,5,43,9,9)
w(88,2,43,10,10)
w(282,4,43,11,11)
w(610,4,43,12,12)
w(548,4,43,13,13)
r(121,2,43,14,14)
r(646,5,43,15,15)
w(501,3,43,16,16)
w(972,5,43,17,17)
r(338,4,43,18,18)
w(850,2,43,19,19)
r(373,1,43,20,20)
w(535,3,43,21,21)
r(553,3,43,22,22)
r(294,1,43,23,23)
w(674,3,43,24,24)
r(222,4,43,25,25)
r(628,2,43,26,26)
r(356,1,43,27,27)
r(156,5,43,28,28)
r(721,2,43,29,29)
w(419,3,43,30,30)
w(173,3,43,31,31)
r(942,1,43,32,32)
w(64,5,43,33,33)
r(403,4,43,34,34)
r(733,2,43,35,35)
w(698,2,43,36,36)
w(921,1,43,37,37)
r(268,2,43,38,38)
r(934,4,43,39,39)
w(344,5,43,40,40)
w(877,2,43,41,41)
r(720,5,43,42,42)
r(535,3,43,43,43)
w(632,5,43,44,44)
w(590,7,43,45,45)
w(675,2,43,46,46)
w(333,3,43,47,47)
r(557,2,43,48,48)
w(759,1,43,49,49)
r(318,3,43,50,50)
r(457,2,43,51,51)
r(456,2,43,52,52)
r(239,5,43,53,53)
w(550,2,43,54,54)
r(725,2,43,55,55)
w(449,5,43,56,56)
w(124,3,43,57,57)
w(307,5,43,58,58)
r(670,1,43,59,59)
r(18,2,43,60,60)
r(868,3,43,61,61)
r(871,0,43,62,62)
w(719,3,43,63,63)
r(201,1,43,64,64)
w(488,3,43,65,65)
w(683,4,43,66,66)
w(715,2,43,67,67)
r(41,3,43,68,68)
r(868,3,43,69,69)
r(534,1,43,70,70)
w(180,4,43,71,71)
r(606,1,43,72,72)
r(594,1,43,73,73)
r(534,1,43,74,74)
w(176,2,43,75,75)
r(10,5,43,76,76)
w(787,2,43,77,77)
r(548,4,43,78,78)
r(261,3,43,79,79)
w(646,6,43,80,80)
w(432,5,43,81,81)
r(621,2,43,82,82)
r(842,2,43,83,83)
r(272,2,43,84,84)
r(132,1,43,85,85)
r(556,3,43,86,86)
r(424,2,43,87,87)
w(736,3,43,88,88)
w(454,2,43,89,89)
r(808,0,43,90,90)
r(600,4,43,91,91)
w(155,7,43,92,92)
r(880,0,43,93,93)
w(115,3,43,94,94)
r(275,0,43,95,95)
r(881,2,43,96,96)
r(624,2,43,97,97)
w(783,2,43,98,98)
w(777,4,43,99,99)
r(339,4,44,0,0)
w(526,2,44,1,1)
w(572,3,44,2,2)
r(504,2,44,3,3)
r(304,3,44,4,4)
r(31,0,44,5,5)
w(690,5,44,6,6)
w(290,1,44,7,7)
r(999,3,44,8,8)
r(110,4,44,9,9)
r(822,2,44,10,10)
w(344,6,44,11,11)
w(382,3,44,12,12)
w(502,4,44,13,13)
w(934,5,44,14,14)
r(486,0,44,15,15)
w(635,2,44,16,16)
r(747,0,44,17,17)
w(402,5,44,18,18)
r(4,3,44,19,19)
r(300,0,44,20,20)
r(272,2,44,21,21)
r(226,2,44,22,22)
w(331,3,44,23,23)
r(468,1,44,24,24)
w(942,2,44,25,25)
w(252,2,44,26,26)
w(841,5,44,27,27)
w(994,5,44,28,28)
r(545,1,44,29,29)
w(64,6,44,30,30)
r(229,0,44,31,31)
w(48,3,44,32,32)
w(751,4,44,33,33)
w(568,2,44,34,34)
w(368,2,44,35,35)
r(369,0,44,36,36)
w(570,2,44,37,37)
w(252,3,44,38,38)
w(324,5,44,39,39)
r(100,3,44,40,40)
r(118,4,44,41,41)
w(56,6,44,42,42)
r(190,1,44,43,43)
r(633,3,44,44,44)
r(347,4,44,45,45)
w(315,1,44,46,46)
w(298,1,44,47,47)
w(73,2,44,48,48)
r(331,3,44,49,49)
r(226,2,44,50,50)
r(278,3,44,51,51)
r(371,5,44,52,52)
w(706,2,44,53,53)
w(990,3,44,54,54)
r(22,2,44,55,55)
r(950,1,44,56,56)
r(538,2,44,57,57)
w(489,4,44,58,58)
w(288,5,44,59,59)
w(23,2,44,60,60)
r(112,2,44,61,61)
w(289,4,44,62,62)
r(42,1,44,63,63)
w(523,3,44,64,64)
w(489,5,44,65,65)
w(4,4,44,66,66)
r(189,5,44,67,67)
w(840,2,44,68,68)
w(307,6,44,69,69)
r(970,4,44,70,70)
r(646,6,44,71,71)
w(797,3,44,72,72)
w(435,7,44,73,73)
w(480,1,44,74,74)
w(897,3,44,75,75)
r(201,1,44,76,76)
w(550,3,44,77,77)
w(10,6,44,78,78)
r(846,1,44,79,79)
w(787,3,44,80,80)
w(637,4,44,81,81)
r(174,1,44,82,82)
w(563,2,44,83,83)
r(307,6,44,84,84)
r(207,2,44,85,85)
r(588,2,44,86,86)
w(312,6,44,87,87)
w(426,4,44,88,88)
r(501,3,44,89,89)
r(353,4,44,90,90)
w(526,3,44,91,91)
r(677,6,44,92,92)
r(691,3,44,93,93)
r(989,1,44,94,94)
r(911,2,44,95,95)
r(237,2,44,96,96)
w(44,1,44,97,97)
w(621,3,44,98,98)
w(76,4,44,99,99)
w(20,3,45,0,0)
w(387,3,45,1,1)
w(849,3,45,2,2)
w(723,4,45,3,3)
r(375,4,45,4,4)
w(159,2,45,5,5)
r(85,1,45,6,6)
w(706,3,45,7,7)
r(333,3,45,8,8)
r(785,0,45,9,9)
w(283,2,45,10,10)
w(600,5,45,11,11)
w(884,5,45,12,12)
w(258,3,45,13,13)
w(747,1,45,14,14)
w(123,7,45,15,15)
r(719,3,45,16,16)
r(175,1,45,17,17)
w(544,3,45,18,18)
w(389,4,45,19,19)
w(852,2,45,20,20)
r(229,0,45,21,21)
w(20,4,45,22,22)
r(455,1,45,23,23)
w(205,2,45,24,24)
r(253,4,45,25,25)
w(436,1,45,26,26)
r(112,2,45,27,27)
r(406,3,45,28,28)
r(284,3,45,29,29)
r(890,2,45,30,30)
w(191,4,45,31,31)
w(777,5,45,32,32)
r(885,5,45,33,33)
r(293,1,45,34,34)
r(592,2,45,35,35)
w(299,3,45,36,36)
r(512,1,45,37,37)
r(298,1,45,38,38)
r(232,3,45,39,39)
r(880,0,45,40,40)
w(366,2,45,41,41)
w(536,2,45,42,42)
w(159,3,45,43,43)
w(429,3,45,44,44)
w(430,2,45,45,45)
w(637,5,45,46,46)
r(64,6,45,47,47)
w(855,6,45,48,48)
w(116,4,45,49,49)
r(950,1,45,50,50)
w(313,3,45,51,51)
r(13,6,45,52,52)
r(138,6,45,53,53)
w(28,3,45,54,54)
w(539,3,45,55,55)
r(539,3,45,56,56)
r(876,4,45,57,57)
w(359,3,45,58,58)
w(717,2,45,59,59)
w(644,2,45,60,60)
w(423,2,45,61,61)
r(837,3,45,62,62)
r(511,1,45,63,63)
w(254,5,45,64,64)
r(81,2,45,65,65)
w(763,3,45,66,66)
w(314,1,45,67,67)
r(735,0,45,68,68)
r(107,0,45,69,69)
r(323,0,45,70,70)
r(461,3,45,71,71)
r(738,1,45,72,72)
r(482,2,45,73,73)
w(219,2,45,74,74)
w(907,3,45,75,75)
w(7,3,45,76,76)
w(442,3,45,77,77)
r(762,1,45,78,78)
w(49,5,45,79,79)
w(893,3,45,80,80)
w(385,2,45,81,81)
w(478,1,45,82,82)
w(742,3,45,83,83)
r(517,3,45,84,84)
w(268,3,45,85,85)
r(531,1,45,86,86)
r(834,2,45,87,87)
w(452,4,45,88,88)
r(682,2,45,89,89)
r(359,3,45,90,90)
r(687,2,45,91,91)
r(449,5,45,92,92)
w(116,5,45,93,93)
w(791,2,45,94,94)
r(749,4,45,95,95)
r(805,3,45,96,96)
w(444,2,45,97,97)
w(586,5,45,98,98)
r(431,1,45,99,99)
w(572,4,46,0,0)
w(842,3,46,1,1)
w(955,5,46,2,2)
w(879,1,46,3,3)
r(448,0,46,4,4)
w(207,3,46,5,5)
w(593,2,46,6,6)
w(171,5,46,7,7)
w(845,2,46,8,8)
w(269,1,46,9,9)
r(639,2,46,10,10)
r(651,2,46,11,11)
w(457,3,46,12,12)
r(477,3,46,13,13)
w(852,3,46,14,14)
r(263,4,46,15,15)
w(348,2,46,16,16)
r(373,1,46,17,17)
r(173,3,46,18,18)
w(925,3,46,19,19)
w(549,1,46,20,20)
r(796,0,46,21,21)
r(509,0,46,22,22)
w(0,2,46,23,23)
w(42,2,46,24,24)
r(566,0,46,25,25)
r(788,2,46,26,26)
w(892,3,46,27,27)
r(505,2,46,28,28)
w(648,1,46,29,29)
w(150,4,46,30,30)
w(244,4,46,31,31)
r(352,1,46,32,32)
w(444,3,46,33,33)
r(757,3,46,34,34)
w(337,3,46,35,35)
r(57,2,46,36,36)
r(957,3,46,37,37)
r(560,2,46,38,38)
r(79,3,46,39,39)
r(510,2,46,40,40)
r(3,2,46,41,41)
r(275,0,46,42,42)
w(457,4,46,43,43)
r(109,0,46,44,44)
w(516,5,46,45,45)
r(144,2,46,46,46)
w(576,4,46,47,47)
w(633,4,46,48,48)
r(609,2,46,49,49)
w(855,7,46,50,50)
r(816,3,46,51,51)
r(654,0,46,52,52)
w(210,2,46,53,53)
w(677,7,46,54,54)
r(538,2,46,55,55)
r(473,2,46,56,56)
w(437,3,46,57,57)
r(329,3,46,58,58)
r(504,2,46,59,59)
r(775,2,46,60,60)
r(743,2,46,61,61)
w(923,1,46,62,62)
r(460,1,46,63,63)
w(556,4,46,64,64)
r(394,2,46,65,65)
r(128,3,46,66,66)
w(16,3,46,67,67)
r(305,2,46,68,68)
r(631,2,46,69,69)
r(326,3,46,70,70)
w(821,4,46,71,71)
w(396,1,46,72,72)
w(910,3,46,73,73)
w(699,2,46,74,74)
r(442,3,46,75,75)
r(979,2,46,76,76)
r(763,3,46,77,77)
r(804,1,46,78,78)
r(78,3,46,79,79)
w(944,2,46,80,80)
w(172,4,46,81,81)
w(409,5,46,82,82)
w(932,1,46,83,83)
w(340,1,46,84,84)
r(642,1,46,85,85)
w(93,2,46,86,86)
r(658,2,46,87,87)
w(882,4,46,88,88)
w(700,5,46,89,89)
r(494,2,46,90,90)
r(172,4,46,91,91)
r(1,2,46,92,92)
w(817,1,46,93,93)
r(919,1,46,94,94)
r(974,1,46,95,95)
w(279,2,46,96,96)
w(98,4,46,97,97)
w(21,3,46,98,98)
w(484,5,46,99,99)
w(160,2,47,0,0)
w(371,6,47,1,1)
w(102,3,47,2,2)
r(472,2,47,3,3)
w(187,2,47,4,4)
r(297,1,47,5,5)
w(352,2,47,6,6)
r(921,1,47,7,7)
w(121,3,47,8,8)
w(417,2,47,9,9)
r(876,4,47,10,10)
r(503,4,47,11,11)
w(875,3,47,12,12)
w(121,4,47,13,13)
w(437,4,47,14,14)
w(118,5,47,15,15)
r(240,4,47,16,16)
r(930,2,47,17,17)
w(486,1,47,18,18)
r(789,1,47,19,19)
w(136,4,47,20,20)
r(337,3,47,21,21)
w(677,8,47,22,22)
r(683,4,47,23,23)
r(977,3,47,24,24)
r(420,2,47,25,25)
w(474,5,47,26,26)
r(949,6,47,27,27)
r(304,3,47,28,28)
r(161,1,47,29,29)
w(22,3,47,30,30)
w(892,4,47,31,31)
w(311,5,47,32,32)
w(793,1,47,33,33)
r(611,6,47,34,34)
w(831,5,47,35,35)
w(57,3,47,36,36)
w(504,3,47,37,37)
r(8,0,47,38,38)
r(253,4,47,39,39)
w(37,5,47,40,40)
w(96,3,47,41,41)
w(908,4,47,42,42)
w(474,6,47,43,43)
w(414,4,47,44,44)
w(220,1,47,45,45)
r(604,1,47,46,46)
r(128,3,47,47,47)
r(71,2,47,48,48)
w(543,1,47,49,49)
r(515,5,47,50,50)
r(142,5,47,51,51)
w(571,4,47,52,52)
r(798,3,47,53,53)
w(548,5,47,54,54)
r(300,0,47,55,55)
r(453,1,47,56,56)
r(444,3,47,57,57)
r(600,5,47,58,58)
w(287,4,47,59,59)
r(755,3,47,60,60)
r(420,2,47,61,61)
r(457,4,47,62,62)
w(396,2,47,63,63)
w(438,2,47,64,64)
r(450,3,47,65,65)
r(858,1,47,66,66)
r(999,3,47,67,67)
r(20,4,47,68,68)
w(658,3,47,69,69)
w(894,1,47,70,70)
w(857,3,47,71,71)
r(857,3,47,72,72)
w(597,2,47,73,73)
r(122,6,47,74,74)
w(633,5,47,75,75)
r(644,2,47,76,76)
r(842,3,47,77,77)
r(812,0,47,78,78)
r(279,2,47,79,79)
r(544,3,47,80,80)
r(830,4,47,81,81)
w(751,5,47,82,82)
r(628,2,47,83,83)
r(612,3,47,84,84)
r(655,1,47,85,85)
r(552,2,47,86,86)
r(423,2,47,87,87)
w(678,3,47,88,88)
r(868,3,47,89,89)
w(685,3,47,90,90)
w(114,2,47,91,91)
r(9,1,47,92,92)
w(693,5,47,93,93)
w(757,4,47,94,94)
r(343,3,47,95,95)
w(562,3,47,96,96)
w(643,1,47,97,97)
w(130,3,47,98,98)
r(738,1,47,99,99)
r(637,5,48,0,0)
r(613,4,48,1,1)
w(412,5,48,2,2)
r(119,3,48,3,3)
r(509,0,48,4,4)
r(505,2,48,5,5)
w(400,5,48,6,6)
w(546,3,48,7,7)
w(957,4,48,8,8)
w(916,2,48,9,9)
w(41,4,48,10,10)
w(1,3,48,11,11)
w(243,2,48,12,12)
w(905,3,48,13,13)
r(212,2,48,14,14)
r(689,5,48,15,15)
r(887,2,48,16,16)
w(841,6,48,17,17)
r(248,3,48,18,18)
w(888,3,48,19,19)
w(536,3,48,20,20)
r(396,2,48,21,21)
r(656,1,48,22,22)
w(991,2,48,23,23)
w(124,4,48,24,24)
r(198,1,48,25,25)
r(685,3,48,26,26)
r(40,2,48,27,27)
w(37,6,48,28,28)
w(196,1,48,29,29)
r(168,3,48,30,30)
w(398,2,48,31,31)
w(340,2,48,32,32)
w(687,3,48,33,33)
r(936,2,48,34,34)
w(772,2,48,35,35)
r(647,1,48,36,36)
r(103,3,48,37,37)
r(721,2,48,38,38)
r(34,3,48,39,39)
w(757,5,48,40,40)
w(24,5,48,41,41)
r(496,1,48,42,42)
r(531,1,48,43,43)
r(43,3,48,44,44)
w(960,5,48,45,45)
r(646,6,48,46,46)
r(833,1,48,47,47)
r(187,2,48,48,48)
w(400,6,48,49,49)
r(186,1,48,50,50)
r(995,4,48,51,51)
w(819,2,48,52,52)
w(777,6,48,53,53)
r(966,2,48,54,54)
r(578,1,48,55,55)
r(133,2,48,56,56)
r(857,3,48,57,57)
r(457,4,48,58,58)
r(456,2,48,59,59)
r(910,3,48,60,60)
w(17,2,48,61,61)
w(649,6,48,62,62)
w(229,1,48,63,63)
w(100,4,48,64,64)
r(99,2,48,65,65)
r(987,2,48,66,66)
r(251,4,48,67,67)
w(518,1,48,68,68)
w(868,4,48,69,69)
w(39,3,48,70,70)
r(244,4,48,71,71)
r(881,2,48,72,72)
w(951,2,48,73,73)
r(180,4,48,74,74)
r(919,1,48,75,75)
r(966,2,48,76,76)
w(535,4,48,77,77)
w(584,1,48,78,78)
w(291,1,48,79,79)
r(542,0,48,80,80)
w(425,5,48,81,81)
w(785,1,48,82,82)
r(153,1,48,83,83)
r(192,1,48,84,84)
w(546,4,48,85,85)
r(462,4,48,86,86)
r(563,2,48,87,87)
w(583,4,48,88,88)
r(295,6,48,89,89)
w(959,2,48,90,90)
r(466,4,48,91,91)
w(773,2,48,92,92)
w(290,2,48,93,93)
w(419,4,48,94,94)
r(648,1,48,95,95)
r(833,1,48,96,96)
r(581,0,48,97,97)
w(698,3,48,98,98)
w(789,2,48,99,99)
r(289,4,49,0,0)
r(501,3,49,1,1)
r(272,2,49,2,2)
r(146,0,49,3,3)
w(152,4,49,4,4)
r(294,1,49,5,5)
r(538,2,49,6,6)
r(712,2,49,7,7)
r(399,5,49,8,8)
r(458,5,49,9,9)
r(700,5,49,10,10)
r(818,3,49,11,11)
w(365,5,49,12,12)
r(772,2,49,13,13)
w(251,5,49,14,14)
w(299,4,49,15,15)
w(191,5,49,16,16)
w(964,3,49,17,17)
r(96,3,49,18,18)
r(118,5,49,19,19)
w(655,2,49,20,20)
r(161,1,49,21,21)
w(323,1,49,22,22)
w(975,2,49,23,23)
w(996,2,49,24,24)
r(682,2,49,25,25)
w(195,4,49,26,26)
w(224,2,49,27,27)
r(608,2,49,28,28)
r(946,2,49,29,29)
r(316,3,49,30,30)
w(510,3,49,31,31)
r(889,2,49,32,32)
r(308,2,49,33,33)
r(491,3,49,34,34)
r(299,4,49,35,35)
r(207,3,49,36,36)
w(71,3,49,37,37)
r(897,3,49,38,38)
r(477,3,49,39,39)
r(534,1,49,40,40)
r(918,3,49,41,41)
w(799,3,49,42,42)
w(346,5,49,43,43)
w(84,2,49,44,44)
r(255,1,49,45,45)
w(350,6,49,46,46)
w(264,5,49,47,47)
r(121,4,49,48,48)
r(849,3,49,49,49)
w(914,5,49,50,50)
w(230,4,49,51,51)
r(516,5,49,52,52)
r(622,2,49,53,53)
r(163,2,49,54,54)
w(447,5,49,55,55)
w(737,2,49,56,56)
r(53,7,49,57,57)
r(849,3,49,58,58)
r(642,1,49,59,59)
w(651,3,49,60,60)
w(730,3,49,61,61)
w(628,3,49,62,62)
r(390,3,49,63,63)
w(560,3,49,64,64)
r(102,3,49,65,65)
r(981,1,49,66,66)
w(900,1,49,67,67)
r(58,7,49,68,68)
r(514,2,49,69,69)
w(111,4,49,70,70)
w(878,3,49,71,71)
r(819,2,49,72,72)
w(198,2,49,73,73)
r(84,2,49,74,74)
w(734,4,49,75,75)
r(388,2,49,76,76)
w(511,2,49,77,77)
r(24,5,49,78,78)
r(378,0,49,79,79)
w(529,2,49,80,80)
r(596,3,49,81,81)
r(104,0,49,82,82)
w(668,3,49,83,83)
w(590,8,49,84,84)
r(39,3,49,85,85)
r(996,2,49,86,86)
r(426,4,49,87,87)
w(162,1,49,88,88)
r(820,3,49,89,89)
w(375,5,49,90,90)
r(964,3,49,91,91)
w(426,5,49,92,92)
w(480,2,49,93,93)
w(357,5,49,94,94)
w(546,5,49,95,95)
r(94,3,49,96,96)
w(262,2,49,97,97)
w(833,2,49,98,98)
w(484,6,49,99,99)
