w(68,1,0,0,0)
w(33,1,0,1,1)
w(39,1,0,2,2)
w(19,1,0,3,3)
w(29,1,0,4,4)
w(24,1,0,5,5)
w(70,1,0,6,6)
w(0,1,0,7,7)
w(47,1,0,8,8)
w(51,1,0,9,9)
w(34,1,0,10,10)
w(31,1,0,11,11)
w(54,1,0,12,12)
r(91,0,0,13,13)
w(97,1,0,14,14)
w(90,1,0,15,15)
r(66,0,0,16,16)
w(29,2,0,17,17)
w(59,1,0,18,18)
w(29,3,0,19,19)
w(89,1,0,20,20)
w(39,2,0,21,21)
w(39,3,0,22,22)
w(61,1,0,23,23)
w(38,1,0,24,24)
w(1,1,0,25,25)
w(96,1,0,26,26)
w(30,1,0,27,27)
r(22,0,0,28,28)
w(30,2,0,29,29)
r(19,1,0,30,30)
r(94,0,0,31,31)
w(14,1,0,32,32)
w(30,3,0,33,33)
r(17,0,0,34,34)
w(82,1,0,35,35)
w(46,1,0,36,36)
w(86,1,0,37,37)
w(13,1,0,38,38)
w(44,1,0,39,39)
w(28,1,0,40,40)
r(98,0,0,41,41)
w(79,1,0,42,42)
w(88,1,0,43,43)
w(5,1,0,44,44)
w(7,1,0,45,45)
w(47,2,0,46,46)
w(80,1,0,47,47)
w(99,1,0,48,48)
r(0,1,0,49,49)
w(80,2,0,50,50)
r(33,1,0,51,51)
w(79,2,0,52,52)
r(5,1,0,53,53)
w(57,1,0,54,54)
w(39,4,0,55,55)
w(15,1,0,56,56)
w(65,1,0,57,57)
w(76,1,0,58,58)
r(8,0,0,59,59)
w(50,1,0,60,60)
w(58,1,0,61,61)
r(60,0,0,62,62)
w(41,1,0,63,63)
w(96,2,0,64,64)
w(73,1,0,65,65)
w(0,2,0,66,66)
r(85,0,0,67,67)
w(99,2,0,68,68)
w(7,2,0,69,69)
w(6,1,0,70,70)
w(33,2,0,71,71)
w(65,2,0,72,72)
w(24,2,0,73,73)
w(73,2,0,74,74)
w(74,1,0,75,75)
w(36,1,0,76,76)
r(80,2,0,77,77)
w(89,2,0,78,78)
w(25,1,0,79,79)
w(12,1,0,80,80)
w(91,1,0,81,81)
w(62,1,0,82,82)
r(4,0,0,83,83)
w(8,1,0,84,84)
w(11,1,0,85,85)
w(77,1,0,86,86)
w(78,1,0,87,87)
w(85,1,0,88,88)
w(19,2,0,89,89)
w(5,2,0,90,90)
w(9,1,0,91,91)
w(30,4,0,92,92)
w(51,2,0,93,93)
w(73,3,0,94,94)
w(85,2,0,95,95)
w(10,1,0,96,96)
w(13,2,0,97,97)
w(38,2,0,98,98)
w(31,2,0,99,99)
w(28,2,1,0,0)
w(54,2,1,1,1)
w(94,1,1,2,2)
w(44,2,1,3,3)
w(22,1,1,4,4)
r(92,0,1,5,5)
r(73,3,1,6,6)
r(23,0,1,7,7)
w(45,1,1,8,8)
w(65,3,1,9,9)
w(51,3,1,10,10)
w(41,2,1,11,11)
w(46,2,1,12,12)
w(39,5,1,13,13)
w(88,2,1,14,14)
w(56,1,1,15,15)
w(63,1,1,16,16)
w(39,6,1,17,17)
w(29,4,1,18,18)
w(10,2,1,19,19)
w(60,1,1,20,20)
w(65,4,1,21,21)
w(49,1,1,22,22)
w(41,3,1,23,23)
w(82,2,1,24,24)
w(81,1,1,25,25)
w(68,2,1,26,26)
r(72,0,1,27,27)
w(36,2,1,28,28)
w(7,3,1,29,29)
w(15,2,1,30,30)
w(29,5,1,31,31)
w(93,1,1,32,32)
w(96,3,1,33,33)
w(52,1,1,34,34)
w(89,3,1,35,35)
r(23,0,1,36,36)
w(83,1,1,37,37)
w(73,4,1,38,38)
w(30,5,1,39,39)
w(18,1,1,40,40)
w(79,3,1,41,41)
w(55,1,1,42,42)
w(39,7,1,43,43)
w(26,1,1,44,44)
w(21,1,1,45,45)
w(64,1,1,46,46)
w(61,2,1,47,47)
w(43,1,1,48,48)
r(72,0,1,49,49)
w(2,1,1,50,50)
w(88,3,1,51,51)
w(31,3,1,52,52)
r(2,1,1,53,53)
r(30,5,1,54,54)
w(86,2,1,55,55)
w(71,1,1,56,56)
r(27,0,1,57,57)
w(2,2,1,58,58)
w(85,3,1,59,59)
w(36,3,1,60,60)
r(70,1,1,61,61)
w(98,1,1,62,62)
r(9,1,1,63,63)
w(74,2,1,64,64)
w(24,3,1,65,65)
w(0,3,1,66,66)
w(53,1,1,67,67)
r(40,0,1,68,68)
w(64,2,1,69,69)
r(3,0,1,70,70)
r(67,0,1,71,71)
w(84,1,1,72,72)
w(15,3,1,73,73)
w(13,3,1,74,74)
w(41,4,1,75,75)
w(96,4,1,76,76)
w(99,3,1,77,77)
w(66,1,1,78,78)
w(41,5,1,79,79)
w(32,1,1,80,80)
w(91,2,1,81,81)
w(91,3,1,82,82)
w(46,3,1,83,83)
w(37,1,1,84,84)
w(72,1,1,85,85)
w(63,2,1,86,86)
w(59,2,1,87,87)
w(43,2,1,88,88)
w(93,2,1,89,89)
w(23,1,1,90,90)
w(90,2,1,91,91)
w(1,2,1,92,92)
w(88,4,1,93,93)
r(98,1,1,94,94)
w(27,1,1,95,95)
w(50,2,1,96,96)
w(18,2,1,97,97)
w(39,8,1,98,98)
r(45,1,1,99,99)
w(46,4,2,0,0)
w(12,2,2,1,1)
w(50,3,2,2,2)
w(89,4,2,3,3)
w(27,2,2,4,4)
w(46,5,2,5,5)
w(78,2,2,6,6)
w(90,3,2,7,7)
r(29,5,2,8,8)
w(73,5,2,9,9)
w(1,3,2,10,10)
w(78,3,2,11,11)
r(60,1,2,12,12)
w(43,3,2,13,13)
w(99,4,2,14,14)
w(98,2,2,15,15)
w(16,1,2,16,16)
r(96,4,2,17,17)
w(99,5,2,18,18)
w(79,4,2,19,19)
w(27,3,2,20,20)
w(27,4,2,21,21)
r(73,5,2,22,22)
w(38,3,2,23,23)
w(88,5,2,24,24)
w(80,3,2,25,25)
w(40,1,2,26,26)
w(68,3,2,27,27)
w(70,2,2,28,28)
w(12,3,2,29,29)
w(73,6,2,30,30)
w(70,3,2,31,31)
w(49,2,2,32,32)
w(10,3,2,33,33)
w(47,3,2,34,34)
w(83,2,2,35,35)
w(0,4,2,36,36)
w(10,4,2,37,37)
w(96,5,2,38,38)
w(9,2,2,39,39)
w(73,7,2,40,40)
w(24,4,2,41,41)
w(42,1,2,42,42)
w(62,2,2,43,43)
w(79,5,2,44,44)
w(72,2,2,45,45)
w(20,1,2,46,46)
w(51,4,2,47,47)
r(85,3,2,48,48)
r(86,2,2,49,49)
w(33,3,2,50,50)
w(54,3,2,51,51)
r(10,4,2,52,52)
w(79,6,2,53,53)
w(30,6,2,54,54)
w(55,2,2,55,55)
w(84,2,2,56,56)
r(49,2,2,57,57)
w(72,3,2,58,58)
w(40,2,2,59,59)
w(64,3,2,60,60)
w(36,4,2,61,61)
w(95,1,2,62,62)
w(75,1,2,63,63)
w(96,6,2,64,64)
w(36,5,2,65,65)
w(2,3,2,66,66)
w(31,4,2,67,67)
w(77,2,2,68,68)
w(26,2,2,69,69)
w(78,4,2,70,70)
w(29,6,2,71,71)
w(28,3,2,72,72)
w(72,4,2,73,73)
w(44,3,2,74,74)
r(85,3,2,75,75)
w(18,3,2,76,76)
r(67,0,2,77,77)
w(58,2,2,78,78)
w(56,2,2,79,79)
w(65,5,2,80,80)
w(52,2,2,81,81)
w(35,1,2,82,82)
w(79,7,2,83,83)
w(94,2,2,84,84)
w(69,1,2,85,85)
w(55,3,2,86,86)
w(23,2,2,87,87)
w(13,4,2,88,88)
w(90,4,2,89,89)
w(82,3,2,90,90)
w(76,2,2,91,91)
w(0,5,2,92,92)
w(60,2,2,93,93)
w(33,4,2,94,94)
w(58,3,2,95,95)
w(94,3,2,96,96)
w(89,5,2,97,97)
w(13,5,2,98,98)
w(3,1,2,99,99)
w(60,3,3,0,0)
r(6,1,3,1,1)
w(21,2,3,2,2)
w(93,3,3,3,3)
w(91,4,3,4,4)
w(77,3,3,5,5)
w(25,2,3,6,6)
w(14,2,3,7,7)
w(67,1,3,8,8)
w(45,2,3,9,9)
w(60,4,3,10,10)
w(90,5,3,11,11)
w(15,4,3,12,12)
w(75,2,3,13,13)
w(61,3,3,14,14)
r(83,2,3,15,15)
w(11,2,3,16,16)
w(39,9,3,17,17)
w(34,2,3,18,18)
w(20,2,3,19,19)
w(30,7,3,20,20)
r(5,2,3,21,21)
w(53,2,3,22,22)
w(29,7,3,23,23)
w(68,4,3,24,24)
w(19,3,3,25,25)
w(58,4,3,26,26)
w(2,4,3,27,27)
w(95,2,3,28,28)
w(39,10,3,29,29)
w(33,5,3,30,30)
w(92,1,3,31,31)
r(94,3,3,32,32)
w(42,2,3,33,33)
w(45,3,3,34,34)
r(68,4,3,35,35)
r(14,2,3,36,36)
w(2,5,3,37,37)
w(91,5,3,38,38)
w(93,4,3,39,39)
w(38,4,3,40,40)
w(66,2,3,41,41)
w(7,4,3,42,42)
w(99,6,3,43,43)
w(16,2,3,44,44)
r(35,1,3,45,45)
w(22,2,3,46,46)
w(87,1,3,47,47)
w(99,7,3,48,48)
w(23,3,3,49,49)
w(47,4,3,50,50)
w(21,3,3,51,51)
w(3,2,3,52,52)
w(20,3,3,53,53)
w(50,4,3,54,54)
w(92,2,3,55,55)
r(56,2,3,56,56)
w(54,4,3,57,57)
r(67,1,3,58,58)
w(3,3,3,59,59)
w(39,11,3,60,60)
w(15,5,3,61,61)
w(47,5,3,62,62)
w(49,3,3,63,63)
w(81,2,3,64,64)
r(19,3,3,65,65)
w(32,2,3,66,66)
w(69,2,3,67,67)
w(64,4,3,68,68)
w(39,12,3,69,69)
w(73,8,3,70,70)
w(74,3,3,71,71)
w(76,3,3,72,72)
w(30,8,3,73,73)
w(45,4,3,74,74)
w(76,4,3,75,75)
w(29,8,3,76,76)
w(11,3,3,77,77)
w(66,3,3,78,78)
w(39,13,3,79,79)
w(58,5,3,80,80)
w(85,4,3,81,81)
w(23,4,3,82,82)
w(99,8,3,83,83)
w(4,1,3,84,84)
w(24,5,3,85,85)
w(54,5,3,86,86)
w(48,1,3,87,87)
w(52,3,3,88,88)
w(99,9,3,89,89)
w(28,4,3,90,90)
r(72,4,3,91,91)
w(98,3,3,92,92)
w(47,6,3,93,93)
w(53,3,3,94,94)
w(75,3,3,95,95)
w(49,4,3,96,96)
w(19,4,3,97,97)
w(90,6,3,98,98)
r(23,4,3,99,99)
r(80,3,4,0,0)
w(10,5,4,1,1)
w(53,4,4,2,2)
w(81,3,4,3,3)
w(96,7,4,4,4)
w(30,9,4,5,5)
w(15,6,4,6,6)
w(84,3,4,7,7)
w(67,2,4,8,8)
w(53,5,4,9,9)
w(89,6,4,10,10)
w(27,5,4,11,11)
w(20,4,4,12,12)
w(26,3,4,13,13)
w(57,2,4,14,14)
w(34,3,4,15,15)
r(55,3,4,16,16)
w(20,5,4,17,17)
w(42,3,4,18,18)
r(61,3,4,19,19)
w(74,4,4,20,20)
w(50,5,4,21,21)
w(38,5,4,22,22)
w(78,5,4,23,23)
w(43,4,4,24,24)
w(90,7,4,25,25)
w(57,3,4,26,26)
w(54,6,4,27,27)
w(58,6,4,28,28)
w(27,6,4,29,29)
w(6,2,4,30,30)
w(30,10,4,31,31)
w(45,5,4,32,32)
w(1,4,4,33,33)
w(60,5,4,34,34)
w(66,4,4,35,35)
w(27,7,4,36,36)
w(30,11,4,37,37)
w(4,2,4,38,38)
w(41,6,4,39,39)
w(52,4,4,40,40)
w(25,3,4,41,41)
w(15,7,4,42,42)
w(45,6,4,43,43)
w(75,4,4,44,44)
w(46,6,4,45,45)
w(44,4,4,46,46)
w(73,9,4,47,47)
w(12,4,4,48,48)
w(56,3,4,49,49)
w(15,8,4,50,50)
w(5,3,4,51,51)
w(94,4,4,52,52)
w(10,6,4,53,53)
w(98,4,4,54,54)
w(50,6,4,55,55)
w(19,5,4,56,56)
w(32,3,4,57,57)
w(31,5,4,58,58)
r(87,1,4,59,59)
w(65,6,4,60,60)
w(41,7,4,61,61)
w(5,4,4,62,62)
w(60,6,4,63,63)
w(94,5,4,64,64)
w(68,5,4,65,65)
w(75,5,4,66,66)
w(78,6,4,67,67)
w(38,6,4,68,68)
w(29,9,4,69,69)
w(56,4,4,70,70)
w(36,6,4,71,71)
w(28,5,4,72,72)
w(51,5,4,73,73)
w(66,5,4,74,74)
w(68,6,4,75,75)
w(35,2,4,76,76)
w(81,4,4,77,77)
w(69,3,4,78,78)
w(66,6,4,79,79)
w(45,7,4,80,80)
w(59,3,4,81,81)
w(77,4,4,82,82)
r(33,5,4,83,83)
w(40,3,4,84,84)
w(18,4,4,85,85)
w(80,4,4,86,86)
w(23,5,4,87,87)
w(32,4,4,88,88)
w(66,7,4,89,89)
r(66,7,4,90,90)
w(82,4,4,91,91)
w(45,8,4,92,92)
r(40,3,4,93,93)
w(16,3,4,94,94)
w(64,5,4,95,95)
w(91,6,4,96,96)
w(69,4,4,97,97)
w(79,8,4,98,98)
w(35,3,4,99,99)
w(92,3,5,0,0)
w(27,8,5,1,1)
w(6,3,5,2,2)
w(73,10,5,3,3)
w(74,5,5,4,4)
w(58,7,5,5,5)
w(79,9,5,6,6)
r(54,6,5,7,7)
w(0,6,5,8,8)
w(61,4,5,9,9)
w(83,3,5,10,10)
w(82,5,5,11,11)
w(48,2,5,12,12)
w(98,5,5,13,13)
r(29,9,5,14,14)
w(86,3,5,15,15)
w(10,7,5,16,16)
w(96,8,5,17,17)
w(5,5,5,18,18)
w(19,6,5,19,19)
w(14,3,5,20,20)
w(7,5,5,21,21)
w(45,9,5,22,22)
r(37,1,5,23,23)
w(40,4,5,24,24)
w(85,5,5,25,25)
w(90,8,5,26,26)
w(89,7,5,27,27)
w(20,6,5,28,28)
w(30,12,5,29,29)
w(28,6,5,30,30)
w(83,4,5,31,31)
w(93,5,5,32,32)
w(20,7,5,33,33)
w(89,8,5,34,34)
w(63,3,5,35,35)
w(12,5,5,36,36)
w(38,7,5,37,37)
w(27,9,5,38,38)
w(99,10,5,39,39)
w(90,9,5,40,40)
w(44,5,5,41,41)
w(10,8,5,42,42)
r(49,4,5,43,43)
w(39,14,5,44,44)
w(25,4,5,45,45)
w(91,7,5,46,46)
w(35,4,5,47,47)
w(22,3,5,48,48)
w(58,8,5,49,49)
w(66,8,5,50,50)
w(85,6,5,51,51)
w(77,5,5,52,52)
w(61,5,5,53,53)
w(17,1,5,54,54)
r(81,4,5,55,55)
w(81,5,5,56,56)
r(49,4,5,57,57)
w(6,4,5,58,58)
w(3,4,5,59,59)
w(80,5,5,60,60)
w(62,3,5,61,61)
w(68,7,5,62,62)
w(1,5,5,63,63)
w(0,7,5,64,64)
w(20,8,5,65,65)
r(41,7,5,66,66)
w(22,4,5,67,67)
w(0,8,5,68,68)
w(81,6,5,69,69)
w(50,7,5,70,70)
w(96,9,5,71,71)
w(65,7,5,72,72)
w(20,9,5,73,73)
w(74,6,5,74,74)
r(59,3,5,75,75)
r(83,4,5,76,76)
r(3,4,5,77,77)
w(64,6,5,78,78)
w(51,6,5,79,79)
w(36,7,5,80,80)
w(3,5,5,81,81)
w(45,10,5,82,82)
w(42,4,5,83,83)
w(85,7,5,84,84)
w(55,4,5,85,85)
w(15,9,5,86,86)
w(12,6,5,87,87)
w(60,7,5,88,88)
w(79,10,5,89,89)
w(74,7,5,90,90)
w(82,6,5,91,91)
w(52,5,5,92,92)
r(37,1,5,93,93)
r(29,9,5,94,94)
w(95,3,5,95,95)
w(68,8,5,96,96)
r(66,8,5,97,97)
w(67,3,5,98,98)
w(18,5,5,99,99)
w(87,2,6,0,0)
w(82,7,6,1,1)
r(98,5,6,2,2)
w(66,9,6,3,3)
w(22,5,6,4,4)
w(35,5,6,5,5)
r(16,3,6,6,6)
w(96,10,6,7,7)
w(47,7,6,8,8)
w(69,5,6,9,9)
w(44,6,6,10,10)
w(76,5,6,11,11)
w(32,5,6,12,12)
w(41,8,6,13,13)
w(90,10,6,14,14)
w(18,6,6,15,15)
w(42,5,6,16,16)
w(5,6,6,17,17)
w(62,4,6,18,18)
w(76,6,6,19,19)
w(67,4,6,20,20)
w(59,4,6,21,21)
w(85,8,6,22,22)
w(27,10,6,23,23)
w(64,7,6,24,24)
w(9,3,6,25,25)
w(6,5,6,26,26)
w(86,4,6,27,27)
w(5,7,6,28,28)
w(89,9,6,29,29)
r(36,7,6,30,30)
w(26,4,6,31,31)
w(59,5,6,32,32)
w(34,4,6,33,33)
w(29,10,6,34,34)
w(82,8,6,35,35)
w(29,11,6,36,36)
w(76,7,6,37,37)
w(38,8,6,38,38)
w(65,8,6,39,39)
w(52,6,6,40,40)
w(60,8,6,41,41)
w(83,5,6,42,42)
w(95,4,6,43,43)
w(44,7,6,44,44)
w(65,9,6,45,45)
w(42,6,6,46,46)
w(39,15,6,47,47)
r(48,2,6,48,48)
w(85,9,6,49,49)
w(87,3,6,50,50)
w(78,7,6,51,51)
w(79,11,6,52,52)
w(27,11,6,53,53)
w(8,2,6,54,54)
w(46,7,6,55,55)
r(67,4,6,56,56)
w(77,6,6,57,57)
w(12,7,6,58,58)
w(89,10,6,59,59)
w(89,11,6,60,60)
w(24,6,6,61,61)
w(61,6,6,62,62)
w(43,5,6,63,63)
w(43,6,6,64,64)
w(2,6,6,65,65)
w(26,5,6,66,66)
w(63,4,6,67,67)
w(80,6,6,68,68)
r(53,5,6,69,69)
r(33,5,6,70,70)
w(58,9,6,71,71)
w(78,8,6,72,72)
w(6,6,6,73,73)
w(38,9,6,74,74)
w(32,6,6,75,75)
w(0,9,6,76,76)
w(19,7,6,77,77)
w(77,7,6,78,78)
w(77,8,6,79,79)
w(87,4,6,80,80)
w(62,5,6,81,81)
w(16,4,6,82,82)
w(79,12,6,83,83)
r(74,7,6,84,84)
w(74,8,6,85,85)
w(76,8,6,86,86)
w(62,6,6,87,87)
w(25,5,6,88,88)
w(55,5,6,89,89)
w(49,5,6,90,90)
w(3,6,6,91,91)
w(2,7,6,92,92)
w(64,8,6,93,93)
w(87,5,6,94,94)
w(52,7,6,95,95)
w(65,10,6,96,96)
w(99,11,6,97,97)
w(45,11,6,98,98)
w(89,12,6,99,99)
w(0,10,7,0,0)
w(54,7,7,1,1)
w(57,4,7,2,2)
w(0,11,7,3,3)
w(61,7,7,4,4)
r(61,7,7,5,5)
w(22,6,7,6,6)
w(69,6,7,7,7)
r(84,3,7,8,8)
w(87,6,7,9,9)
r(54,7,7,10,10)
w(87,7,7,11,11)
w(53,6,7,12,12)
r(21,3,7,13,13)
w(41,9,7,14,14)
w(31,6,7,15,15)
w(15,10,7,16,16)
w(8,3,7,17,17)
w(35,6,7,18,18)
w(73,11,7,19,19)
w(92,4,7,20,20)
r(41,9,7,21,21)
w(98,6,7,22,22)
w(4,3,7,23,23)
w(56,5,7,24,24)
w(85,10,7,25,25)
w(30,13,7,26,26)
w(67,5,7,27,27)
w(54,8,7,28,28)
w(76,9,7,29,29)
r(12,7,7,30,30)
w(98,7,7,31,31)
w(31,7,7,32,32)
w(57,5,7,33,33)
w(93,6,7,34,34)
w(11,4,7,35,35)
w(16,5,7,36,36)
w(19,8,7,37,37)
w(65,11,7,38,38)
w(87,8,7,39,39)
w(57,6,7,40,40)
w(84,4,7,41,41)
w(86,5,7,42,42)
w(19,9,7,43,43)
w(56,6,7,44,44)
w(65,12,7,45,45)
w(41,10,7,46,46)
w(64,9,7,47,47)
w(88,6,7,48,48)
w(18,7,7,49,49)
r(72,4,7,50,50)
w(1,6,7,51,51)
w(81,7,7,52,52)
w(56,7,7,53,53)
w(4,4,7,54,54)
w(77,9,7,55,55)
w(16,6,7,56,56)
w(71,2,7,57,57)
w(36,8,7,58,58)
w(11,5,7,59,59)
w(57,7,7,60,60)
w(81,8,7,61,61)
w(7,6,7,62,62)
w(65,13,7,63,63)
r(32,6,7,64,64)
w(55,6,7,65,65)
w(19,10,7,66,66)
w(8,4,7,67,67)
w(30,14,7,68,68)
w(85,11,7,69,69)
w(93,7,7,70,70)
w(15,11,7,71,71)
w(3,7,7,72,72)
w(22,7,7,73,73)
r(84,4,7,74,74)
w(5,8,7,75,75)
w(42,7,7,76,76)
w(66,10,7,77,77)
w(90,11,7,78,78)
w(58,10,7,79,79)
w(4,5,7,80,80)
w(14,4,7,81,81)
w(76,10,7,82,82)
w(81,9,7,83,83)
w(75,6,7,84,84)
r(14,4,7,85,85)
w(59,6,7,86,86)
w(85,12,7,87,87)
w(57,8,7,88,88)
w(25,6,7,89,89)
w(51,7,7,90,90)
w(79,13,7,91,91)
w(28,7,7,92,92)
w(11,6,7,93,93)
w(47,8,7,94,94)
w(17,2,7,95,95)
w(55,7,7,96,96)
w(63,5,7,97,97)
w(85,13,7,98,98)
w(18,8,7,99,99)
r(21,3,8,0,0)
w(23,6,8,1,1)
w(99,12,8,2,2)
w(19,11,8,3,3)
w(61,8,8,4,4)
w(90,12,8,5,5)
r(96,10,8,6,6)
w(86,6,8,7,7)
w(36,9,8,8,8)
r(35,6,8,9,9)
w(40,5,8,10,10)
w(23,7,8,11,11)
w(69,7,8,12,12)
w(8,5,8,13,13)
w(14,5,8,14,14)
r(97,1,8,15,15)
w(10,9,8,16,16)
w(38,10,8,17,17)
w(56,8,8,18,18)
w(16,7,8,19,19)
w(14,6,8,20,20)
w(35,7,8,21,21)
w(15,12,8,22,22)
w(19,12,8,23,23)
r(95,4,8,24,24)
w(10,10,8,25,25)
w(46,8,8,26,26)
w(34,5,8,27,27)
w(15,13,8,28,28)
r(45,11,8,29,29)
w(53,7,8,30,30)
w(20,10,8,31,31)
w(99,13,8,32,32)
w(81,10,8,33,33)
w(9,4,8,34,34)
w(86,7,8,35,35)
r(52,7,8,36,36)
w(58,11,8,37,37)
w(65,14,8,38,38)
w(34,6,8,39,39)
w(45,12,8,40,40)
w(13,6,8,41,41)
w(78,9,8,42,42)
w(70,4,8,43,43)
w(89,13,8,44,44)
w(39,16,8,45,45)
w(63,6,8,46,46)
w(92,5,8,47,47)
w(69,8,8,48,48)
w(8,6,8,49,49)
w(24,7,8,50,50)
w(74,9,8,51,51)
w(17,3,8,52,52)
w(5,9,8,53,53)
w(98,8,8,54,54)
w(21,4,8,55,55)
w(64,10,8,56,56)
w(84,5,8,57,57)
w(4,6,8,58,58)
w(59,7,8,59,59)
w(75,7,8,60,60)
w(47,9,8,61,61)
w(56,9,8,62,62)
w(96,11,8,63,63)
w(63,7,8,64,64)
w(75,8,8,65,65)
w(4,7,8,66,66)
w(98,9,8,67,67)
w(21,5,8,68,68)
w(31,8,8,69,69)
w(60,9,8,70,70)
w(40,6,8,71,71)
w(48,3,8,72,72)
w(53,8,8,73,73)
r(67,5,8,74,74)
w(24,8,8,75,75)
w(7,7,8,76,76)
w(16,8,8,77,77)
w(30,15,8,78,78)
w(22,8,8,79,79)
w(64,11,8,80,80)
w(55,8,8,81,81)
w(10,11,8,82,82)
w(80,7,8,83,83)
r(18,8,8,84,84)
w(5,10,8,85,85)
w(36,10,8,86,86)
w(8,7,8,87,87)
r(76,10,8,88,88)
w(17,4,8,89,89)
w(53,9,8,90,90)
w(87,9,8,91,91)
w(57,9,8,92,92)
w(71,3,8,93,93)
w(82,9,8,94,94)
w(52,8,8,95,95)
w(53,10,8,96,96)
w(51,8,8,97,97)
w(58,12,8,98,98)
w(92,6,8,99,99)
w(72,5,9,0,0)
w(82,10,9,1,1)
w(63,8,9,2,2)
w(24,9,9,3,3)
w(49,6,9,4,4)
w(37,2,9,5,5)
w(26,6,9,6,6)
w(66,11,9,7,7)
w(14,7,9,8,8)
w(81,11,9,9,9)
w(2,8,9,10,10)
w(96,12,9,11,11)
w(60,10,9,12,12)
w(27,12,9,13,13)
w(53,11,9,14,14)
w(31,9,9,15,15)
w(95,5,9,16,16)
w(69,9,9,17,17)
w(57,10,9,18,18)
r(32,6,9,19,19)
r(97,1,9,20,20)
w(60,11,9,21,21)
w(57,11,9,22,22)
w(25,7,9,23,23)
w(70,5,9,24,24)
w(58,13,9,25,25)
r(4,7,9,26,26)
w(4,8,9,27,27)
w(86,8,9,28,28)
w(62,7,9,29,29)
w(81,12,9,30,30)
w(51,9,9,31,31)
w(5,11,9,32,32)
w(5,12,9,33,33)
w(99,14,9,34,34)
w(3,8,9,35,35)
w(66,12,9,36,36)
w(88,7,9,37,37)
w(18,9,9,38,38)
w(1,7,9,39,39)
w(56,10,9,40,40)
w(81,13,9,41,41)
w(1,8,9,42,42)
r(35,7,9,43,43)
w(5,13,9,44,44)
w(82,11,9,45,45)
w(78,10,9,46,46)
w(40,7,9,47,47)
w(22,9,9,48,48)
w(2,9,9,49,49)
w(75,9,9,50,50)
r(92,6,9,51,51)
w(46,9,9,52,52)
w(1,9,9,53,53)
w(58,14,9,54,54)
w(37,3,9,55,55)
r(47,9,9,56,56)
w(54,9,9,57,57)
w(37,4,9,58,58)
w(56,11,9,59,59)
w(47,10,9,60,60)
w(0,12,9,61,61)
w(21,6,9,62,62)
w(27,13,9,63,63)
w(2,10,9,64,64)
r(97,1,9,65,65)
w(84,6,9,66,66)
w(85,14,9,67,67)
r(45,12,9,68,68)
w(29,12,9,69,69)
w(15,14,9,70,70)
w(46,10,9,71,71)
w(40,8,9,72,72)
w(38,11,9,73,73)
w(35,8,9,74,74)
w(8,8,9,75,75)
w(10,12,9,76,76)
w(54,10,9,77,77)
w(54,11,9,78,78)
w(35,9,9,79,79)
w(99,15,9,80,80)
w(43,7,9,81,81)
w(93,8,9,82,82)
w(96,13,9,83,83)
r(95,5,9,84,84)
w(54,12,9,85,85)
w(5,14,9,86,86)
w(89,14,9,87,87)
w(23,8,9,88,88)
w(73,12,9,89,89)
w(50,8,9,90,90)
w(52,9,9,91,91)
w(2,11,9,92,92)
w(94,6,9,93,93)
w(70,6,9,94,94)
r(58,14,9,95,95)
w(45,13,9,96,96)
r(60,11,9,97,97)
r(73,12,9,98,98)
r(77,9,9,99,99)
w(3,9,10,0,0)
w(82,12,10,1,1)
w(18,10,10,2,2)
w(63,9,10,3,3)
r(73,12,10,4,4)
w(59,8,10,5,5)
w(81,14,10,6,6)
w(43,8,10,7,7)
w(78,11,10,8,8)
r(34,6,10,9,9)
w(35,10,10,10,10)
w(13,7,10,11,11)
w(14,8,10,12,12)
w(9,5,10,13,13)
w(53,12,10,14,14)
w(89,15,10,15,15)
w(30,16,10,16,16)
w(7,8,10,17,17)
w(54,13,10,18,18)
w(22,10,10,19,19)
w(1,10,10,20,20)
w(5,15,10,21,21)
r(66,12,10,22,22)
w(10,13,10,23,23)
r(66,12,10,24,24)
r(74,9,10,25,25)
w(34,7,10,26,26)
w(3,10,10,27,27)
w(54,14,10,28,28)
w(51,10,10,29,29)
w(7,9,10,30,30)
r(23,8,10,31,31)
w(37,5,10,32,32)
w(61,9,10,33,33)
w(0,13,10,34,34)
w(1,11,10,35,35)
w(63,10,10,36,36)
w(10,14,10,37,37)
w(70,7,10,38,38)
w(85,15,10,39,39)
w(39,17,10,40,40)
w(66,13,10,41,41)
w(20,11,10,42,42)
w(38,12,10,43,43)
w(83,6,10,44,44)
w(26,7,10,45,45)
w(21,7,10,46,46)
w(74,10,10,47,47)
w(27,14,10,48,48)
w(69,10,10,49,49)
w(40,9,10,50,50)
w(41,11,10,51,51)
w(60,12,10,52,52)
w(12,8,10,53,53)
w(22,11,10,54,54)
w(28,8,10,55,55)
w(27,15,10,56,56)
w(98,10,10,57,57)
w(46,11,10,58,58)
w(38,13,10,59,59)
w(74,11,10,60,60)
w(29,13,10,61,61)
w(17,5,10,62,62)
w(70,8,10,63,63)
w(57,12,10,64,64)
w(6,7,10,65,65)
w(35,11,10,66,66)
w(7,10,10,67,67)
w(34,8,10,68,68)
w(76,11,10,69,69)
w(53,13,10,70,70)
w(96,14,10,71,71)
r(67,5,10,72,72)
w(0,14,10,73,73)
w(63,11,10,74,74)
r(82,12,10,75,75)
w(77,10,10,76,76)
w(8,9,10,77,77)
r(55,8,10,78,78)
w(55,9,10,79,79)
w(0,15,10,80,80)
w(46,12,10,81,81)
r(71,3,10,82,82)
w(34,9,10,83,83)
w(64,12,10,84,84)
w(40,10,10,85,85)
w(6,8,10,86,86)
w(33,6,10,87,87)
w(60,13,10,88,88)
w(99,16,10,89,89)
w(99,17,10,90,90)
w(7,11,10,91,91)
w(31,10,10,92,92)
w(64,13,10,93,93)
w(90,13,10,94,94)
w(58,15,10,95,95)
w(39,18,10,96,96)
w(91,8,10,97,97)
w(95,6,10,98,98)
r(99,17,10,99,99)
w(11,7,11,0,0)
w(51,11,11,1,1)
w(56,12,11,2,2)
w(70,9,11,3,3)
w(96,15,11,4,4)
w(86,9,11,5,5)
w(91,9,11,6,6)
w(3,11,11,7,7)
w(60,14,11,8,8)
w(76,12,11,9,9)
w(59,9,11,10,10)
w(17,6,11,11,11)
r(48,3,11,12,12)
w(50,9,11,13,13)
w(3,12,11,14,14)
w(41,12,11,15,15)
w(59,10,11,16,16)
r(66,13,11,17,17)
w(1,12,11,18,18)
w(53,14,11,19,19)
r(88,7,11,20,20)
r(7,11,11,21,21)
w(35,12,11,22,22)
r(36,10,11,23,23)
w(2,12,11,24,24)
w(68,9,11,25,25)
w(3,13,11,26,26)
w(28,9,11,27,27)
w(62,8,11,28,28)
w(3,14,11,29,29)
w(48,4,11,30,30)
w(54,15,11,31,31)
w(65,15,11,32,32)
r(31,10,11,33,33)
w(55,10,11,34,34)
w(30,17,11,35,35)
w(23,9,11,36,36)
w(40,11,11,37,37)
w(3,15,11,38,38)
r(92,6,11,39,39)
w(55,11,11,40,40)
w(30,18,11,41,41)
w(65,16,11,42,42)
w(66,14,11,43,43)
w(78,12,11,44,44)
w(43,9,11,45,45)
w(21,8,11,46,46)
w(5,16,11,47,47)
w(36,11,11,48,48)
w(8,10,11,49,49)
w(20,12,11,50,50)
w(95,7,11,51,51)
w(42,8,11,52,52)
w(18,11,11,53,53)
w(55,12,11,54,54)
w(4,9,11,55,55)
w(29,14,11,56,56)
w(96,16,11,57,57)
w(73,13,11,58,58)
r(89,15,11,59,59)
w(33,7,11,60,60)
w(14,9,11,61,61)
w(23,10,11,62,62)
w(75,10,11,63,63)
w(40,12,11,64,64)
w(26,8,11,65,65)
w(51,12,11,66,66)
w(76,13,11,67,67)
w(68,10,11,68,68)
w(4,10,11,69,69)
w(40,13,11,70,70)
w(20,13,11,71,71)
w(37,6,11,72,72)
w(54,16,11,73,73)
w(54,17,11,74,74)
w(45,14,11,75,75)
w(17,7,11,76,76)
w(64,14,11,77,77)
w(21,9,11,78,78)
w(49,7,11,79,79)
w(23,11,11,80,80)
w(67,6,11,81,81)
w(12,9,11,82,82)
w(85,16,11,83,83)
w(61,10,11,84,84)
w(70,10,11,85,85)
w(23,12,11,86,86)
r(24,9,11,87,87)
w(28,10,11,88,88)
w(33,8,11,89,89)
w(72,6,11,90,90)
w(65,17,11,91,91)
w(85,17,11,92,92)
w(23,13,11,93,93)
r(72,6,11,94,94)
w(22,12,11,95,95)
w(88,8,11,96,96)
w(29,15,11,97,97)
w(43,10,11,98,98)
w(70,11,11,99,99)
w(73,14,12,0,0)
w(68,11,12,1,1)
w(35,13,12,2,2)
w(82,13,12,3,3)
w(38,14,12,4,4)
w(51,13,12,5,5)
w(91,10,12,6,6)
w(69,11,12,7,7)
w(88,9,12,8,8)
w(89,16,12,9,9)
w(16,9,12,10,10)
w(15,15,12,11,11)
r(17,7,12,12,12)
w(25,8,12,13,13)
w(57,13,12,14,14)
w(45,15,12,15,15)
w(20,14,12,16,16)
w(27,16,12,17,17)
w(53,15,12,18,18)
w(61,11,12,19,19)
w(16,10,12,20,20)
r(19,12,12,21,21)
r(15,15,12,22,22)
w(12,10,12,23,23)
w(82,14,12,24,24)
w(74,12,12,25,25)
w(49,8,12,26,26)
w(79,14,12,27,27)
w(42,9,12,28,28)
w(40,14,12,29,29)
w(21,10,12,30,30)
w(32,7,12,31,31)
w(59,11,12,32,32)
w(41,13,12,33,33)
r(49,8,12,34,34)
w(17,8,12,35,35)
w(89,17,12,36,36)
r(82,14,12,37,37)
r(25,8,12,38,38)
r(16,10,12,39,39)
w(7,12,12,40,40)
w(9,6,12,41,41)
w(38,15,12,42,42)
w(54,18,12,43,43)
w(51,14,12,44,44)
w(32,8,12,45,45)
w(78,13,12,46,46)
w(30,19,12,47,47)
w(5,17,12,48,48)
w(45,16,12,49,49)
w(17,9,12,50,50)
w(82,15,12,51,51)
w(41,14,12,52,52)
w(23,14,12,53,53)
w(84,7,12,54,54)
w(99,18,12,55,55)
w(86,10,12,56,56)
w(53,16,12,57,57)
w(41,15,12,58,58)
w(91,11,12,59,59)
w(82,16,12,60,60)
w(8,11,12,61,61)
w(66,15,12,62,62)
w(61,12,12,63,63)
w(76,14,12,64,64)
w(41,16,12,65,65)
w(75,11,12,66,66)
w(71,4,12,67,67)
w(95,8,12,68,68)
w(63,12,12,69,69)
w(71,5,12,70,70)
w(50,10,12,71,71)
w(1,13,12,72,72)
w(96,17,12,73,73)
w(63,13,12,74,74)
w(81,15,12,75,75)
w(93,9,12,76,76)
w(39,19,12,77,77)
w(24,10,12,78,78)
w(36,12,12,79,79)
w(98,11,12,80,80)
w(88,10,12,81,81)
w(77,11,12,82,82)
w(62,9,12,83,83)
w(71,6,12,84,84)
w(42,10,12,85,85)
w(82,17,12,86,86)
w(26,9,12,87,87)
w(74,13,12,88,88)
w(98,12,12,89,89)
w(64,15,12,90,90)
w(32,9,12,91,91)
w(84,8,12,92,92)
w(10,15,12,93,93)
w(0,16,12,94,94)
w(29,16,12,95,95)
w(47,11,12,96,96)
w(41,17,12,97,97)
w(99,19,12,98,98)
w(42,11,12,99,99)
w(85,18,13,0,0)
w(20,15,13,1,1)
w(3,16,13,2,2)
w(63,14,13,3,3)
w(89,18,13,4,4)
w(19,13,13,5,5)
w(87,10,13,6,6)
w(93,10,13,7,7)
w(89,19,13,8,8)
w(38,16,13,9,9)
w(23,15,13,10,10)
w(43,11,13,11,11)
w(90,14,13,12,12)
w(58,16,13,13,13)
w(9,7,13,14,14)
w(63,15,13,15,15)
w(56,13,13,16,16)
w(85,19,13,17,17)
w(47,12,13,18,18)
w(63,16,13,19,19)
w(9,8,13,20,20)
w(21,11,13,21,21)
w(55,13,13,22,22)
w(16,11,13,23,23)
w(17,10,13,24,24)
w(61,13,13,25,25)
w(23,16,13,26,26)
w(87,11,13,27,27)
w(10,16,13,28,28)
w(54,19,13,29,29)
w(41,18,13,30,30)
w(86,11,13,31,31)
w(26,10,13,32,32)
w(7,13,13,33,33)
w(57,14,13,34,34)
w(6,9,13,35,35)
w(5,18,13,36,36)
w(0,17,13,37,37)
r(39,19,13,38,38)
w(28,11,13,39,39)
w(38,17,13,40,40)
w(7,14,13,41,41)
w(46,13,13,42,42)
w(6,10,13,43,43)
w(73,15,13,44,44)
w(94,7,13,45,45)
w(23,17,13,46,46)
w(23,18,13,47,47)
w(11,8,13,48,48)
w(57,15,13,49,49)
w(13,8,13,50,50)
r(50,10,13,51,51)
w(97,2,13,52,52)
w(71,7,13,53,53)
w(73,16,13,54,54)
w(76,15,13,55,55)
w(92,7,13,56,56)
w(66,16,13,57,57)
w(46,14,13,58,58)
w(61,14,13,59,59)
w(31,11,13,60,60)
w(2,13,13,61,61)
w(83,7,13,62,62)
w(14,10,13,63,63)
w(93,11,13,64,64)
w(37,7,13,65,65)
w(76,16,13,66,66)
w(38,18,13,67,67)
w(99,20,13,68,68)
w(69,12,13,69,69)
r(52,9,13,70,70)
w(91,12,13,71,71)
w(5,19,13,72,72)
w(45,17,13,73,73)
w(68,12,13,74,74)
w(28,12,13,75,75)
w(13,9,13,76,76)
w(85,20,13,77,77)
w(98,13,13,78,78)
w(52,10,13,79,79)
w(7,15,13,80,80)
w(29,17,13,81,81)
w(56,14,13,82,82)
w(70,12,13,83,83)
w(73,17,13,84,84)
w(97,3,13,85,85)
w(30,20,13,86,86)
w(38,19,13,87,87)
w(23,19,13,88,88)
w(46,15,13,89,89)
w(55,14,13,90,90)
w(9,9,13,91,91)
r(23,19,13,92,92)
w(50,11,13,93,93)
w(68,13,13,94,94)
w(74,14,13,95,95)
w(16,12,13,96,96)
w(47,13,13,97,97)
w(37,8,13,98,98)
w(66,17,13,99,99)
r(59,11,14,0,0)
w(63,17,14,1,1)
w(80,8,14,2,2)
w(28,13,14,3,3)
w(72,7,14,4,4)
w(93,12,14,5,5)
w(5,20,14,6,6)
w(51,15,14,7,7)
w(42,12,14,8,8)
r(30,20,14,9,9)
w(75,12,14,10,10)
w(42,13,14,11,11)
w(42,14,14,12,12)
w(79,15,14,13,13)
w(39,20,14,14,14)
w(2,14,14,15,15)
w(77,12,14,16,16)
w(51,16,14,17,17)
r(27,16,14,18,18)
w(63,18,14,19,19)
w(79,16,14,20,20)
w(0,18,14,21,21)
r(89,19,14,22,22)
w(1,14,14,23,23)
w(43,12,14,24,24)
w(40,15,14,25,25)
w(17,11,14,26,26)
w(95,9,14,27,27)
w(77,13,14,28,28)
w(82,18,14,29,29)
w(82,19,14,30,30)
w(47,14,14,31,31)
w(10,17,14,32,32)
w(93,13,14,33,33)
r(58,16,14,34,34)
w(25,9,14,35,35)
w(76,17,14,36,36)
w(44,8,14,37,37)
w(84,9,14,38,38)
w(48,5,14,39,39)
w(60,15,14,40,40)
w(70,13,14,41,41)
r(56,14,14,42,42)
w(29,18,14,43,43)
w(88,11,14,44,44)
w(19,14,14,45,45)
w(44,9,14,46,46)
w(13,10,14,47,47)
w(70,14,14,48,48)
w(6,11,14,49,49)
w(71,8,14,50,50)
w(55,15,14,51,51)
w(79,17,14,52,52)
w(55,16,14,53,53)
w(87,12,14,54,54)
w(24,11,14,55,55)
w(3,17,14,56,56)
w(85,21,14,57,57)
w(63,19,14,58,58)
w(11,9,14,59,59)
w(62,10,14,60,60)
w(32,10,14,61,61)
w(67,7,14,62,62)
w(80,9,14,63,63)
w(87,13,14,64,64)
w(21,12,14,65,65)
w(51,17,14,66,66)
w(80,10,14,67,67)
r(94,7,14,68,68)
r(30,20,14,69,69)
w(79,18,14,70,70)
w(39,21,14,71,71)
w(83,8,14,72,72)
w(18,12,14,73,73)
w(53,17,14,74,74)
w(95,10,14,75,75)
w(77,14,14,76,76)
w(56,15,14,77,77)
w(99,21,14,78,78)
w(12,11,14,79,79)
w(34,10,14,80,80)
w(33,9,14,81,81)
w(10,18,14,82,82)
w(77,15,14,83,83)
w(68,14,14,84,84)
r(21,12,14,85,85)
w(89,20,14,86,86)
w(46,16,14,87,87)
w(22,13,14,88,88)
w(82,20,14,89,89)
w(14,11,14,90,90)
w(47,15,14,91,91)
w(14,12,14,92,92)
w(58,17,14,93,93)
w(61,15,14,94,94)
w(25,10,14,95,95)
r(56,15,14,96,96)
w(79,19,14,97,97)
w(14,13,14,98,98)
w(2,15,14,99,99)
w(66,18,15,0,0)
w(21,13,15,1,1)
w(50,12,15,2,2)
w(89,21,15,3,3)
r(45,17,15,4,4)
w(56,16,15,5,5)
w(31,12,15,6,6)
w(85,22,15,7,7)
r(31,12,15,8,8)
w(4,11,15,9,9)
w(81,16,15,10,10)
w(6,12,15,11,11)
w(71,9,15,12,12)
w(55,17,15,13,13)
w(96,18,15,14,14)
w(91,13,15,15,15)
w(96,19,15,16,16)
w(33,10,15,17,17)
w(17,12,15,18,18)
w(63,20,15,19,19)
w(5,21,15,20,20)
w(45,18,15,21,21)
w(54,20,15,22,22)
w(23,20,15,23,23)
w(41,19,15,24,24)
w(58,18,15,25,25)
w(33,11,15,26,26)
w(90,15,15,27,27)
w(77,16,15,28,28)
w(36,13,15,29,29)
w(19,15,15,30,30)
w(90,16,15,31,31)
w(79,20,15,32,32)
w(76,18,15,33,33)
w(18,13,15,34,34)
w(0,19,15,35,35)
r(7,15,15,36,36)
w(65,18,15,37,37)
w(72,8,15,38,38)
w(49,9,15,39,39)
r(78,13,15,40,40)
w(38,20,15,41,41)
w(36,14,15,42,42)
w(63,21,15,43,43)
r(67,7,15,44,44)
w(64,16,15,45,45)
w(23,21,15,46,46)
w(52,11,15,47,47)
w(36,15,15,48,48)
w(55,18,15,49,49)
w(18,14,15,50,50)
w(8,12,15,51,51)
r(33,11,15,52,52)
w(10,19,15,53,53)
w(39,22,15,54,54)
r(95,10,15,55,55)
w(63,22,15,56,56)
w(97,4,15,57,57)
w(61,16,15,58,58)
w(74,15,15,59,59)
w(52,12,15,60,60)
w(67,8,15,61,61)
w(35,14,15,62,62)
w(13,11,15,63,63)
w(98,14,15,64,64)
w(69,13,15,65,65)
w(67,9,15,66,66)
w(46,17,15,67,67)
w(12,12,15,68,68)
r(41,19,15,69,69)
w(13,12,15,70,70)
w(42,15,15,71,71)
w(39,23,15,72,72)
w(66,19,15,73,73)
w(64,17,15,74,74)
w(91,14,15,75,75)
w(87,14,15,76,76)
w(52,13,15,77,77)
r(98,14,15,78,78)
w(43,13,15,79,79)
w(92,8,15,80,80)
r(69,13,15,81,81)
w(26,11,15,82,82)
w(91,15,15,83,83)
r(52,13,15,84,84)
w(37,9,15,85,85)
w(12,13,15,86,86)
w(74,16,15,87,87)
w(5,22,15,88,88)
w(67,10,15,89,89)
w(30,21,15,90,90)
w(52,14,15,91,91)
w(30,22,15,92,92)
r(16,12,15,93,93)
w(38,21,15,94,94)
w(59,12,15,95,95)
w(93,14,15,96,96)
w(60,16,15,97,97)
w(74,17,15,98,98)
w(3,18,15,99,99)
w(0,20,16,0,0)
w(97,5,16,1,1)
w(92,9,16,2,2)
w(21,14,16,3,3)
w(97,6,16,4,4)
w(35,15,16,5,5)
r(56,16,16,6,6)
w(17,13,16,7,7)
w(12,14,16,8,8)
w(62,11,16,9,9)
w(95,11,16,10,10)
w(90,17,16,11,11)
w(17,14,16,12,12)
w(43,14,16,13,13)
w(72,9,16,14,14)
w(94,8,16,15,15)
w(92,10,16,16,16)
w(83,9,16,17,17)
w(51,18,16,18,18)
r(84,9,16,19,19)
w(93,15,16,20,20)
w(4,12,16,21,21)
w(23,22,16,22,22)
w(49,10,16,23,23)
w(34,11,16,24,24)
w(94,9,16,25,25)
w(34,12,16,26,26)
w(32,11,16,27,27)
w(30,23,16,28,28)
w(27,17,16,29,29)
w(48,6,16,30,30)
w(74,18,16,31,31)
w(52,15,16,32,32)
w(8,13,16,33,33)
w(45,19,16,34,34)
w(56,17,16,35,35)
w(82,21,16,36,36)
w(10,20,16,37,37)
w(66,20,16,38,38)
r(45,19,16,39,39)
w(52,16,16,40,40)
w(4,13,16,41,41)
w(79,21,16,42,42)
w(20,16,16,43,43)
w(51,19,16,44,44)
w(65,19,16,45,45)
w(73,18,16,46,46)
w(8,14,16,47,47)
r(23,22,16,48,48)
w(34,13,16,49,49)
w(89,22,16,50,50)
w(10,21,16,51,51)
w(28,14,16,52,52)
r(53,17,16,53,53)
w(93,16,16,54,54)
w(86,12,16,55,55)
w(15,16,16,56,56)
w(35,16,16,57,57)
r(69,13,16,58,58)
w(88,12,16,59,59)
w(47,16,16,60,60)
w(36,16,16,61,61)
w(39,24,16,62,62)
w(47,17,16,63,63)
w(23,23,16,64,64)
w(13,13,16,65,65)
w(67,11,16,66,66)
w(95,12,16,67,67)
w(99,22,16,68,68)
w(83,10,16,69,69)
w(33,12,16,70,70)
r(95,12,16,71,71)
w(7,16,16,72,72)
w(11,10,16,73,73)
w(46,18,16,74,74)
w(29,19,16,75,75)
w(37,10,16,76,76)
w(95,13,16,77,77)
w(99,23,16,78,78)
w(99,24,16,79,79)
r(38,21,16,80,80)
w(4,14,16,81,81)
w(24,12,16,82,82)
w(8,15,16,83,83)
w(42,16,16,84,84)
w(63,23,16,85,85)
w(45,20,16,86,86)
w(32,12,16,87,87)
w(85,23,16,88,88)
w(21,15,16,89,89)
w(95,14,16,90,90)
r(85,23,16,91,91)
w(48,7,16,92,92)
w(16,13,16,93,93)
w(64,18,16,94,94)
w(20,17,16,95,95)
w(80,11,16,96,96)
w(42,17,16,97,97)
w(57,16,16,98,98)
w(75,13,16,99,99)
w(26,12,17,0,0)
w(67,12,17,1,1)
w(52,17,17,2,2)
w(27,18,17,3,3)
w(87,15,17,4,4)
w(81,17,17,5,5)
w(30,24,17,6,6)
w(41,20,17,7,7)
w(49,11,17,8,8)
w(31,13,17,9,9)
r(67,12,17,10,10)
w(33,13,17,11,11)
w(15,17,17,12,12)
w(61,17,17,13,13)
w(89,23,17,14,14)
w(67,13,17,15,15)
w(5,23,17,16,16)
w(84,10,17,17,17)
w(32,13,17,18,18)
w(54,21,17,19,19)
w(91,16,17,20,20)
w(23,24,17,21,21)
w(84,11,17,22,22)
w(50,13,17,23,23)
w(38,22,17,24,24)
w(85,24,17,25,25)
r(55,18,17,26,26)
w(14,14,17,27,27)
w(61,18,17,28,28)
w(19,16,17,29,29)
w(90,18,17,30,30)
r(34,13,17,31,31)
w(91,17,17,32,32)
w(50,14,17,33,33)
r(2,15,17,34,34)
w(15,18,17,35,35)
r(59,12,17,36,36)
w(66,21,17,37,37)
w(18,15,17,38,38)
w(17,15,17,39,39)
r(59,12,17,40,40)
w(52,18,17,41,41)
w(38,23,17,42,42)
w(34,14,17,43,43)
w(71,10,17,44,44)
w(71,11,17,45,45)
w(76,19,17,46,46)
w(47,18,17,47,47)
w(7,17,17,48,48)
r(28,14,17,49,49)
w(8,16,17,50,50)
w(38,24,17,51,51)
r(59,12,17,52,52)
r(93,16,17,53,53)
w(32,14,17,54,54)
w(49,12,17,55,55)
w(31,14,17,56,56)
w(33,14,17,57,57)
w(21,16,17,58,58)
w(64,19,17,59,59)
w(51,20,17,60,60)
w(79,22,17,61,61)
w(5,24,17,62,62)
w(71,12,17,63,63)
w(70,15,17,64,64)
w(59,13,17,65,65)
w(75,14,17,66,66)
w(14,15,17,67,67)
w(58,19,17,68,68)
w(44,10,17,69,69)
w(21,17,17,70,70)
w(75,15,17,71,71)
w(87,16,17,72,72)
w(85,25,17,73,73)
w(24,13,17,74,74)
w(15,19,17,75,75)
w(14,16,17,76,76)
r(66,21,17,77,77)
w(24,14,17,78,78)
w(37,11,17,79,79)
r(29,19,17,80,80)
w(57,17,17,81,81)
w(59,14,17,82,82)
w(14,17,17,83,83)
w(28,15,17,84,84)
w(19,17,17,85,85)
w(89,24,17,86,86)
w(18,16,17,87,87)
w(36,17,17,88,88)
w(74,19,17,89,89)
w(87,17,17,90,90)
w(74,20,17,91,91)
w(64,20,17,92,92)
r(19,17,17,93,93)
w(44,11,17,94,94)
r(91,17,17,95,95)
w(25,11,17,96,96)
w(72,10,17,97,97)
w(36,18,17,98,98)
w(13,14,17,99,99)
w(72,11,18,0,0)
w(97,7,18,1,1)
w(8,17,18,2,2)
w(90,19,18,3,3)
w(36,19,18,4,4)
w(10,22,18,5,5)
w(67,14,18,6,6)
w(88,13,18,7,7)
w(35,17,18,8,8)
w(61,19,18,9,9)
w(65,20,18,10,10)
w(77,17,18,11,11)
w(3,19,18,12,12)
w(23,25,18,13,13)
w(74,21,18,14,14)
w(92,11,18,15,15)
r(65,20,18,16,16)
w(23,26,18,17,17)
w(31,15,18,18,18)
r(74,21,18,19,19)
w(42,18,18,20,20)
w(32,15,18,21,21)
r(77,17,18,22,22)
w(75,16,18,23,23)
w(58,20,18,24,24)
w(48,8,18,25,25)
w(18,17,18,26,26)
r(82,21,18,27,27)
w(73,19,18,28,28)
w(10,23,18,29,29)
w(37,12,18,30,30)
w(91,18,18,31,31)
w(19,18,18,32,32)
w(96,20,18,33,33)
w(10,24,18,34,34)
r(82,21,18,35,35)
w(6,13,18,36,36)
w(51,21,18,37,37)
w(26,13,18,38,38)
w(57,18,18,39,39)
w(93,17,18,40,40)
w(78,14,18,41,41)
w(3,20,18,42,42)
w(73,20,18,43,43)
w(24,15,18,44,44)
w(88,14,18,45,45)
w(51,22,18,46,46)
w(3,21,18,47,47)
r(40,15,18,48,48)
w(86,13,18,49,49)
w(39,25,18,50,50)
w(84,12,18,51,51)
w(67,15,18,52,52)
w(6,14,18,53,53)
w(42,19,18,54,54)
w(59,15,18,55,55)
w(59,16,18,56,56)
w(21,18,18,57,57)
w(12,15,18,58,58)
w(9,10,18,59,59)
w(92,12,18,60,60)
w(1,15,18,61,61)
w(8,18,18,62,62)
w(46,19,18,63,63)
w(11,11,18,64,64)
w(39,26,18,65,65)
w(12,16,18,66,66)
w(49,13,18,67,67)
w(89,25,18,68,68)
w(63,24,18,69,69)
w(16,14,18,70,70)
w(83,11,18,71,71)
w(95,15,18,72,72)
r(61,19,18,73,73)
w(75,17,18,74,74)
w(79,23,18,75,75)
w(24,16,18,76,76)
w(16,15,18,77,77)
w(82,22,18,78,78)
w(24,17,18,79,79)
w(61,20,18,80,80)
w(64,21,18,81,81)
w(63,25,18,82,82)
w(86,14,18,83,83)
w(7,18,18,84,84)
r(46,19,18,85,85)
r(77,17,18,86,86)
w(2,16,18,87,87)
w(50,15,18,88,88)
w(6,15,18,89,89)
w(67,16,18,90,90)
w(3,22,18,91,91)
w(11,12,18,92,92)
w(33,15,18,93,93)
w(7,19,18,94,94)
w(23,27,18,95,95)
w(19,19,18,96,96)
w(93,18,18,97,97)
w(20,18,18,98,98)
r(38,24,18,99,99)
w(47,19,19,0,0)
w(53,18,19,1,1)
w(42,20,19,2,2)
w(90,20,19,3,3)
w(35,18,19,4,4)
w(38,25,19,5,5)
r(60,16,19,6,6)
w(26,14,19,7,7)
w(25,12,19,8,8)
w(42,21,19,9,9)
w(88,15,19,10,10)
w(52,19,19,11,11)
w(51,23,19,12,12)
w(34,15,19,13,13)
w(37,13,19,14,14)
w(73,21,19,15,15)
w(36,20,19,16,16)
r(67,16,19,17,17)
w(21,19,19,18,18)
w(6,16,19,19,19)
w(57,19,19,20,20)
w(7,20,19,21,21)
w(94,10,19,22,22)
w(64,22,19,23,23)
w(53,19,19,24,24)
w(61,21,19,25,25)
r(48,8,19,26,26)
w(48,9,19,27,27)
w(5,25,19,28,28)
w(56,18,19,29,29)
r(39,26,19,30,30)
r(2,16,19,31,31)
w(65,21,19,32,32)
w(11,13,19,33,33)
w(11,14,19,34,34)
w(93,19,19,35,35)
w(43,15,19,36,36)
w(25,13,19,37,37)
w(17,16,19,38,38)
w(14,18,19,39,39)
w(70,16,19,40,40)
w(33,16,19,41,41)
w(41,21,19,42,42)
r(67,16,19,43,43)
w(47,20,19,44,44)
w(91,19,19,45,45)
w(85,26,19,46,46)
w(21,20,19,47,47)
w(66,22,19,48,48)
w(86,15,19,49,49)
w(71,13,19,50,50)
w(56,19,19,51,51)
w(57,20,19,52,52)
r(82,22,19,53,53)
w(2,17,19,54,54)
r(37,13,19,55,55)
w(81,18,19,56,56)
w(54,22,19,57,57)
w(93,20,19,58,58)
w(37,14,19,59,59)
w(88,16,19,60,60)
w(78,15,19,61,61)
w(56,20,19,62,62)
w(72,12,19,63,63)
w(18,18,19,64,64)
w(32,16,19,65,65)
w(92,13,19,66,66)
r(25,13,19,67,67)
w(21,21,19,68,68)
r(29,19,19,69,69)
w(5,26,19,70,70)
r(49,13,19,71,71)
r(17,16,19,72,72)
w(52,20,19,73,73)
w(27,19,19,74,74)
w(4,15,19,75,75)
w(34,16,19,76,76)
w(76,20,19,77,77)
w(38,26,19,78,78)
w(37,15,19,79,79)
w(77,18,19,80,80)
w(19,20,19,81,81)
r(69,13,19,82,82)
w(85,27,19,83,83)
w(27,20,19,84,84)
w(38,27,19,85,85)
w(80,12,19,86,86)
w(19,21,19,87,87)
r(16,15,19,88,88)
w(83,12,19,89,89)
r(64,22,19,90,90)
w(5,27,19,91,91)
w(71,14,19,92,92)
w(22,14,19,93,93)
w(17,17,19,94,94)
w(20,19,19,95,95)
w(28,16,19,96,96)
w(88,17,19,97,97)
w(13,15,19,98,98)
w(55,19,19,99,99)
