w(0,1,0,0,0)
r(4,0,0,1,1)
w(7,1,0,2,2)
w(0,2,0,3,3)
w(21,1,0,4,4)
w(75,1,0,5,5)
w(1,1,0,6,6)
w(2,1,0,7,7)
w(0,3,0,8,8)
w(6,1,0,9,9)
w(1,2,0,10,10)
w(3,1,0,11,11)
w(6,2,0,12,12)
w(24,1,0,13,13)
w(1,3,0,14,14)
w(0,4,0,15,15)
w(1,4,0,16,16)
w(5,1,0,17,17)
w(20,1,0,18,18)
w(0,5,0,19,19)
w(21,2,0,20,20)
w(35,1,0,21,21)
w(0,6,0,22,22)
w(1,5,0,23,23)
w(0,7,0,24,24)
w(5,2,0,25,25)
w(0,8,0,26,26)
r(60,0,0,27,27)
w(54,1,0,28,28)
w(1,6,0,29,29)
w(88,1,0,30,30)
w(23,1,0,31,31)
w(0,9,0,32,32)
w(8,1,0,33,33)
w(2,2,0,34,34)
w(0,10,0,35,35)
w(22,1,0,36,36)
w(1,7,0,37,37)
w(15,1,0,38,38)
w(4,1,0,39,39)
w(10,1,0,40,40)
w(3,2,0,41,41)
w(7,2,0,42,42)
w(9,1,0,43,43)
r(2,2,0,44,44)
w(21,3,0,45,45)
w(19,1,0,46,46)
r(2,2,0,47,47)
w(79,1,0,48,48)
w(28,1,0,49,49)
w(86,1,0,50,50)
w(2,3,0,51,51)
w(36,1,0,52,52)
w(13,1,0,53,53)
w(3,3,0,54,54)
w(5,3,0,55,55)
w(0,11,0,56,56)
w(3,4,0,57,57)
w(51,1,0,58,58)
w(1,8,0,59,59)
w(15,2,0,60,60)
r(15,2,0,61,61)
w(1,9,0,62,62)
r(25,0,0,63,63)
w(1,10,0,64,64)
w(31,1,0,65,65)
w(3,5,0,66,66)
w(1,11,0,67,67)
w(21,4,0,68,68)
w(94,1,0,69,69)
w(93,1,0,70,70)
w(0,12,0,71,71)
w(42,1,0,72,72)
w(5,4,0,73,73)
w(21,5,0,74,74)
w(21,6,0,75,75)
w(18,1,0,76,76)
w(49,1,0,77,77)
w(2,4,0,78,78)
w(4,2,0,79,79)
w(2,5,0,80,80)
w(26,1,0,81,81)
r(1,11,0,82,82)
w(4,3,0,83,83)
w(0,13,0,84,84)
w(44,1,0,85,85)
r(34,0,0,86,86)
w(12,1,0,87,87)
w(0,14,0,88,88)
w(18,2,0,89,89)
w(74,1,0,90,90)
w(1,12,0,91,91)
w(51,2,0,92,92)
w(58,1,0,93,93)
r(48,0,0,94,94)
w(2,6,0,95,95)
w(13,2,0,96,96)
w(4,4,0,97,97)
w(5,5,0,98,98)
w(23,2,0,99,99)
r(3,5,1,0,0)
w(8,2,1,1,1)
w(86,2,1,2,2)
w(0,15,1,3,3)
w(9,2,1,4,4)
w(32,1,1,5,5)
w(64,1,1,6,6)
w(10,2,1,7,7)
w(4,5,1,8,8)
w(0,16,1,9,9)
w(0,17,1,10,10)
w(1,13,1,11,11)
w(19,2,1,12,12)
w(21,7,1,13,13)
w(0,18,1,14,14)
w(21,8,1,15,15)
w(5,6,1,16,16)
w(4,6,1,17,17)
w(3,6,1,18,18)
w(1,14,1,19,19)
w(0,19,1,20,20)
w(55,1,1,21,21)
w(0,20,1,22,22)
w(1,15,1,23,23)
w(0,21,1,24,24)
w(2,7,1,25,25)
w(0,22,1,26,26)
w(5,7,1,27,27)
w(4,7,1,28,28)
r(1,15,1,29,29)
w(24,2,1,30,30)
w(1,16,1,31,31)
w(0,23,1,32,32)
r(0,23,1,33,33)
w(1,17,1,34,34)
w(5,8,1,35,35)
w(9,3,1,36,36)
w(19,3,1,37,37)
w(17,1,1,38,38)
w(1,18,1,39,39)
w(27,1,1,40,40)
w(0,24,1,41,41)
w(11,1,1,42,42)
w(45,1,1,43,43)
w(14,1,1,44,44)
w(5,9,1,45,45)
w(1,19,1,46,46)
r(10,2,1,47,47)
w(21,9,1,48,48)
r(9,3,1,49,49)
w(0,25,1,50,50)
w(99,1,1,51,51)
w(5,10,1,52,52)
w(19,4,1,53,53)
w(63,1,1,54,54)
w(0,26,1,55,55)
w(0,27,1,56,56)
w(0,28,1,57,57)
w(45,2,1,58,58)
w(80,1,1,59,59)
w(0,29,1,60,60)
w(29,1,1,61,61)
w(6,3,1,62,62)
w(0,30,1,63,63)
w(10,3,1,64,64)
w(9,4,1,65,65)
w(0,31,1,66,66)
w(21,10,1,67,67)
w(0,32,1,68,68)
w(1,20,1,69,69)
w(42,2,1,70,70)
w(0,33,1,71,71)
w(63,2,1,72,72)
w(2,8,1,73,73)
w(20,2,1,74,74)
w(0,34,1,75,75)
w(1,21,1,76,76)
w(3,7,1,77,77)
r(5,10,1,78,78)
w(48,1,1,79,79)
w(19,5,1,80,80)
w(64,2,1,81,81)
w(10,4,1,82,82)
w(63,3,1,83,83)
w(71,1,1,84,84)
w(10,5,1,85,85)
w(0,35,1,86,86)
w(2,9,1,87,87)
w(0,36,1,88,88)
w(19,6,1,89,89)
w(38,1,1,90,90)
w(1,22,1,91,91)
w(14,2,1,92,92)
w(53,1,1,93,93)
w(0,37,1,94,94)
w(1,23,1,95,95)
r(0,37,1,96,96)
w(29,2,1,97,97)
w(62,1,1,98,98)
w(4,8,1,99,99)
w(0,38,2,0,0)
w(0,39,2,1,1)
w(34,1,2,2,2)
r(70,0,2,3,3)
w(22,2,2,4,4)
w(9,5,2,5,5)
w(3,8,2,6,6)
w(4,9,2,7,7)
w(22,3,2,8,8)
w(24,3,2,9,9)
w(10,6,2,10,10)
w(1,24,2,11,11)
w(75,2,2,12,12)
w(15,3,2,13,13)
w(16,1,2,14,14)
w(9,6,2,15,15)
w(7,3,2,16,16)
w(17,2,2,17,17)
r(0,39,2,18,18)
w(41,1,2,19,19)
w(12,2,2,20,20)
w(5,11,2,21,21)
w(5,12,2,22,22)
w(0,40,2,23,23)
w(0,41,2,24,24)
w(0,42,2,25,25)
w(13,3,2,26,26)
w(0,43,2,27,27)
w(3,9,2,28,28)
w(8,3,2,29,29)
w(1,25,2,30,30)
w(22,4,2,31,31)
w(74,2,2,32,32)
w(5,13,2,33,33)
w(23,3,2,34,34)
w(0,44,2,35,35)
w(4,10,2,36,36)
w(39,1,2,37,37)
w(74,3,2,38,38)
w(1,26,2,39,39)
w(6,4,2,40,40)
w(19,7,2,41,41)
w(1,27,2,42,42)
w(18,3,2,43,43)
w(1,28,2,44,44)
w(47,1,2,45,45)
w(7,4,2,46,46)
w(13,4,2,47,47)
w(0,45,2,48,48)
w(2,10,2,49,49)
r(5,13,2,50,50)
w(5,14,2,51,51)
w(22,5,2,52,52)
w(0,46,2,53,53)
w(34,2,2,54,54)
w(22,6,2,55,55)
w(15,4,2,56,56)
w(3,10,2,57,57)
w(17,3,2,58,58)
w(1,29,2,59,59)
w(2,11,2,60,60)
w(48,2,2,61,61)
w(29,3,2,62,62)
w(3,11,2,63,63)
w(5,15,2,64,64)
r(22,6,2,65,65)
w(13,5,2,66,66)
w(18,4,2,67,67)
w(13,6,2,68,68)
w(0,47,2,69,69)
w(2,12,2,70,70)
w(40,1,2,71,71)
w(1,30,2,72,72)
w(2,13,2,73,73)
w(6,5,2,74,74)
w(13,7,2,75,75)
w(7,5,2,76,76)
w(29,4,2,77,77)
w(0,48,2,78,78)
w(48,3,2,79,79)
w(6,6,2,80,80)
w(5,16,2,81,81)
w(4,11,2,82,82)
w(0,49,2,83,83)
w(28,2,2,84,84)
w(8,4,2,85,85)
w(0,50,2,86,86)
w(29,5,2,87,87)
w(29,6,2,88,88)
r(3,11,2,89,89)
w(20,3,2,90,90)
w(0,51,2,91,91)
w(5,17,2,92,92)
w(45,3,2,93,93)
w(0,52,2,94,94)
w(3,12,2,95,95)
w(16,2,2,96,96)
w(98,1,2,97,97)
w(0,53,2,98,98)
w(68,1,2,99,99)
w(56,1,3,0,0)
w(45,4,3,1,1)
w(22,7,3,2,2)
w(89,1,3,3,3)
w(0,54,3,4,4)
w(19,8,3,5,5)
w(14,3,3,6,6)
w(16,3,3,7,7)
w(31,2,3,8,8)
w(39,2,3,9,9)
w(25,1,3,10,10)
w(5,18,3,11,11)
w(6,7,3,12,12)
w(2,14,3,13,13)
w(30,1,3,14,14)
w(24,4,3,15,15)
w(27,2,3,16,16)
w(7,6,3,17,17)
w(7,7,3,18,18)
w(10,7,3,19,19)
w(0,55,3,20,20)
r(2,14,3,21,21)
w(44,2,3,22,22)
r(71,1,3,23,23)
w(88,2,3,24,24)
w(0,56,3,25,25)
w(1,31,3,26,26)
w(0,57,3,27,27)
w(19,9,3,28,28)
w(8,5,3,29,29)
w(50,1,3,30,30)
w(77,1,3,31,31)
w(32,2,3,32,32)
w(34,3,3,33,33)
w(0,58,3,34,34)
w(6,8,3,35,35)
w(6,9,3,36,36)
w(41,2,3,37,37)
w(24,5,3,38,38)
w(0,59,3,39,39)
w(3,13,3,40,40)
w(7,8,3,41,41)
w(30,2,3,42,42)
w(3,14,3,43,43)
w(11,2,3,44,44)
w(19,10,3,45,45)
w(97,1,3,46,46)
w(31,3,3,47,47)
w(93,2,3,48,48)
w(1,32,3,49,49)
w(10,8,3,50,50)
r(13,7,3,51,51)
w(27,3,3,52,52)
w(0,60,3,53,53)
w(0,61,3,54,54)
w(4,12,3,55,55)
w(25,2,3,56,56)
w(23,4,3,57,57)
w(0,62,3,58,58)
w(1,33,3,59,59)
w(8,6,3,60,60)
w(0,63,3,61,61)
w(4,13,3,62,62)
w(31,4,3,63,63)
r(0,63,3,64,64)
w(38,2,3,65,65)
w(6,10,3,66,66)
w(38,3,3,67,67)
w(1,34,3,68,68)
w(3,15,3,69,69)
w(1,35,3,70,70)
w(65,1,3,71,71)
w(11,3,3,72,72)
w(1,36,3,73,73)
w(5,19,3,74,74)
w(26,2,3,75,75)
w(38,4,3,76,76)
r(1,36,3,77,77)
w(13,8,3,78,78)
w(0,64,3,79,79)
w(1,37,3,80,80)
w(60,1,3,81,81)
w(85,1,3,82,82)
w(0,65,3,83,83)
w(0,66,3,84,84)
w(39,3,3,85,85)
w(10,9,3,86,86)
w(1,38,3,87,87)
w(15,5,3,88,88)
r(0,66,3,89,89)
r(2,14,3,90,90)
w(4,14,3,91,91)
w(0,67,3,92,92)
r(41,2,3,93,93)
r(16,3,3,94,94)
w(31,5,3,95,95)
w(78,1,3,96,96)
w(3,16,3,97,97)
w(5,20,3,98,98)
w(13,9,3,99,99)
w(1,39,4,0,0)
w(18,5,4,1,1)
w(5,21,4,2,2)
r(2,14,4,3,3)
w(1,40,4,4,4)
w(0,68,4,5,5)
w(1,41,4,6,6)
w(0,69,4,7,7)
w(2,15,4,8,8)
w(18,6,4,9,9)
w(10,10,4,10,10)
w(90,1,4,11,11)
w(0,70,4,12,12)
w(0,71,4,13,13)
w(35,2,4,14,14)
w(3,17,4,15,15)
w(98,2,4,16,16)
w(3,18,4,17,17)
w(0,72,4,18,18)
w(25,3,4,19,19)
w(38,5,4,20,20)
w(0,73,4,21,21)
w(54,2,4,22,22)
w(0,74,4,23,23)
w(2,16,4,24,24)
w(12,3,4,25,25)
w(0,75,4,26,26)
w(0,76,4,27,27)
w(1,42,4,28,28)
w(28,3,4,29,29)
w(98,3,4,30,30)
w(49,2,4,31,31)
w(1,43,4,32,32)
w(1,44,4,33,33)
w(16,4,4,34,34)
w(0,77,4,35,35)
w(22,8,4,36,36)
r(5,21,4,37,37)
w(3,19,4,38,38)
w(0,78,4,39,39)
w(34,4,4,40,40)
w(0,79,4,41,41)
w(7,9,4,42,42)
w(3,20,4,43,43)
w(41,3,4,44,44)
w(5,22,4,45,45)
w(33,1,4,46,46)
r(27,3,4,47,47)
w(2,17,4,48,48)
r(12,3,4,49,49)
w(1,45,4,50,50)
w(21,11,4,51,51)
w(0,80,4,52,52)
w(0,81,4,53,53)
w(3,21,4,54,54)
w(0,82,4,55,55)
w(32,3,4,56,56)
w(6,11,4,57,57)
w(9,7,4,58,58)
w(1,46,4,59,59)
w(14,4,4,60,60)
w(24,6,4,61,61)
w(3,22,4,62,62)
w(46,1,4,63,63)
w(8,7,4,64,64)
w(6,12,4,65,65)
w(0,83,4,66,66)
w(15,6,4,67,67)
r(0,83,4,68,68)
w(5,23,4,69,69)
w(16,5,4,70,70)
w(0,84,4,71,71)
w(55,2,4,72,72)
w(2,18,4,73,73)
w(6,13,4,74,74)
w(14,5,4,75,75)
w(0,85,4,76,76)
w(0,86,4,77,77)
w(6,14,4,78,78)
w(6,15,4,79,79)
w(16,6,4,80,80)
w(17,4,4,81,81)
w(4,15,4,82,82)
w(4,16,4,83,83)
w(3,23,4,84,84)
w(1,47,4,85,85)
w(2,19,4,86,86)
w(2,20,4,87,87)
r(2,20,4,88,88)
w(10,11,4,89,89)
r(84,0,4,90,90)
w(22,9,4,91,91)
w(4,17,4,92,92)
r(12,3,4,93,93)
w(2,21,4,94,94)
w(6,16,4,95,95)
w(0,87,4,96,96)
r(49,2,4,97,97)
w(7,10,4,98,98)
w(78,2,4,99,99)
w(5,24,5,0,0)
w(8,8,5,1,1)
w(0,88,5,2,2)
w(1,48,5,3,3)
w(0,89,5,4,4)
w(0,90,5,5,5)
w(1,49,5,6,6)
w(6,17,5,7,7)
w(4,18,5,8,8)
w(31,6,5,9,9)
w(45,5,5,10,10)
w(19,11,5,11,11)
r(96,0,5,12,12)
w(10,12,5,13,13)
w(0,91,5,14,14)
w(6,18,5,15,15)
w(6,19,5,16,16)
w(1,50,5,17,17)
w(3,24,5,18,18)
w(84,1,5,19,19)
w(8,9,5,20,20)
w(3,25,5,21,21)
w(8,10,5,22,22)
w(57,1,5,23,23)
w(0,92,5,24,24)
w(42,3,5,25,25)
w(30,3,5,26,26)
w(4,19,5,27,27)
w(3,26,5,28,28)
w(0,93,5,29,29)
w(0,94,5,30,30)
w(52,1,5,31,31)
w(81,1,5,32,32)
r(1,50,5,33,33)
w(24,7,5,34,34)
w(35,3,5,35,35)
w(2,22,5,36,36)
w(22,10,5,37,37)
w(0,95,5,38,38)
w(0,96,5,39,39)
w(0,97,5,40,40)
w(25,4,5,41,41)
w(0,98,5,42,42)
w(2,23,5,43,43)
w(1,51,5,44,44)
w(2,24,5,45,45)
w(0,99,5,46,46)
w(1,52,5,47,47)
w(1,53,5,48,48)
w(10,13,5,49,49)
r(70,0,5,50,50)
w(0,100,5,51,51)
w(1,54,5,52,52)
w(2,25,5,53,53)
w(12,4,5,54,54)
w(10,14,5,55,55)
w(52,2,5,56,56)
w(0,101,5,57,57)
w(0,102,5,58,58)
w(15,7,5,59,59)
w(9,8,5,60,60)
r(28,3,5,61,61)
r(10,14,5,62,62)
r(76,0,5,63,63)
w(43,1,5,64,64)
w(3,27,5,65,65)
r(11,3,5,66,66)
w(1,55,5,67,67)
w(5,25,5,68,68)
w(0,103,5,69,69)
w(5,26,5,70,70)
w(5,27,5,71,71)
w(1,56,5,72,72)
w(5,28,5,73,73)
w(1,57,5,74,74)
w(68,2,5,75,75)
w(2,26,5,76,76)
w(1,58,5,77,77)
w(51,3,5,78,78)
w(94,2,5,79,79)
w(0,104,5,80,80)
w(2,27,5,81,81)
w(46,2,5,82,82)
w(0,105,5,83,83)
w(76,1,5,84,84)
w(23,5,5,85,85)
w(0,106,5,86,86)
w(94,3,5,87,87)
w(6,20,5,88,88)
w(74,4,5,89,89)
w(3,28,5,90,90)
w(4,20,5,91,91)
w(9,9,5,92,92)
w(77,2,5,93,93)
w(0,107,5,94,94)
w(5,29,5,95,95)
w(12,5,5,96,96)
w(16,7,5,97,97)
w(18,7,5,98,98)
w(3,29,5,99,99)
w(8,11,6,0,0)
w(4,21,6,1,1)
w(22,11,6,2,2)
w(21,12,6,3,3)
w(2,28,6,4,4)
w(37,1,6,5,5)
w(3,30,6,6,6)
w(0,108,6,7,7)
w(1,59,6,8,8)
w(36,2,6,9,9)
w(85,2,6,10,10)
r(1,59,6,11,11)
w(0,109,6,12,12)
w(9,10,6,13,13)
r(0,109,6,14,14)
w(0,110,6,15,15)
w(1,60,6,16,16)
w(48,4,6,17,17)
w(64,3,6,18,18)
w(13,10,6,19,19)
w(4,22,6,20,20)
w(0,111,6,21,21)
w(4,23,6,22,22)
w(3,31,6,23,23)
r(0,111,6,24,24)
w(0,112,6,25,25)
r(36,2,6,26,26)
w(2,29,6,27,27)
w(5,30,6,28,28)
r(1,60,6,29,29)
w(1,61,6,30,30)
w(67,1,6,31,31)
w(3,32,6,32,32)
w(8,12,6,33,33)
w(6,21,6,34,34)
w(8,13,6,35,35)
w(19,12,6,36,36)
w(22,12,6,37,37)
w(0,113,6,38,38)
w(3,33,6,39,39)
w(98,4,6,40,40)
w(0,114,6,41,41)
w(4,24,6,42,42)
w(56,2,6,43,43)
w(66,1,6,44,44)
w(1,62,6,45,45)
w(5,31,6,46,46)
w(3,34,6,47,47)
w(12,6,6,48,48)
w(43,2,6,49,49)
w(2,30,6,50,50)
w(29,7,6,51,51)
w(0,115,6,52,52)
r(7,10,6,53,53)
w(14,6,6,54,54)
w(3,35,6,55,55)
w(0,116,6,56,56)
w(1,63,6,57,57)
w(0,117,6,58,58)
w(4,25,6,59,59)
w(1,64,6,60,60)
w(7,11,6,61,61)
w(3,36,6,62,62)
r(26,2,6,63,63)
w(29,8,6,64,64)
w(34,5,6,65,65)
w(11,4,6,66,66)
w(51,4,6,67,67)
w(4,26,6,68,68)
w(0,118,6,69,69)
w(0,119,6,70,70)
w(12,7,6,71,71)
w(28,4,6,72,72)
w(11,5,6,73,73)
w(23,6,6,74,74)
w(1,65,6,75,75)
r(15,7,6,76,76)
w(1,66,6,77,77)
w(45,6,6,78,78)
w(17,5,6,79,79)
w(62,2,6,80,80)
w(0,120,6,81,81)
w(1,67,6,82,82)
w(5,32,6,83,83)
w(0,121,6,84,84)
w(16,8,6,85,85)
r(5,32,6,86,86)
w(1,68,6,87,87)
w(1,69,6,88,88)
w(92,1,6,89,89)
w(24,8,6,90,90)
w(4,27,6,91,91)
r(1,69,6,92,92)
w(49,3,6,93,93)
w(15,8,6,94,94)
w(6,22,6,95,95)
w(0,122,6,96,96)
w(20,4,6,97,97)
r(91,0,6,98,98)
w(1,70,6,99,99)
w(19,13,7,0,0)
w(0,123,7,1,1)
w(9,11,7,2,2)
w(1,71,7,3,3)
w(19,14,7,4,4)
w(73,1,7,5,5)
w(45,7,7,6,6)
w(0,124,7,7,7)
w(0,125,7,8,8)
w(3,37,7,9,9)
w(5,33,7,10,10)
w(20,5,7,11,11)
w(41,4,7,12,12)
w(6,23,7,13,13)
w(5,34,7,14,14)
w(17,6,7,15,15)
w(23,7,7,16,16)
w(1,72,7,17,17)
w(16,9,7,18,18)
w(46,3,7,19,19)
w(5,35,7,20,20)
w(29,9,7,21,21)
w(4,28,7,22,22)
w(0,126,7,23,23)
w(18,8,7,24,24)
w(43,3,7,25,25)
w(29,10,7,26,26)
r(25,4,7,27,27)
w(28,5,7,28,28)
w(18,9,7,29,29)
w(0,127,7,30,30)
w(78,3,7,31,31)
w(0,128,7,32,32)
w(0,129,7,33,33)
w(5,36,7,34,34)
w(33,2,7,35,35)
w(9,12,7,36,36)
w(1,73,7,37,37)
w(0,130,7,38,38)
w(0,131,7,39,39)
w(23,8,7,40,40)
w(0,132,7,41,41)
w(69,1,7,42,42)
w(70,1,7,43,43)
w(7,12,7,44,44)
w(1,74,7,45,45)
w(2,31,7,46,46)
w(0,133,7,47,47)
w(0,134,7,48,48)
w(46,4,7,49,49)
w(14,7,7,50,50)
w(29,11,7,51,51)
w(0,135,7,52,52)
w(0,136,7,53,53)
w(1,75,7,54,54)
r(35,3,7,55,55)
w(12,8,7,56,56)
w(0,137,7,57,57)
w(20,6,7,58,58)
w(0,138,7,59,59)
r(17,6,7,60,60)
r(21,12,7,61,61)
w(25,5,7,62,62)
w(21,13,7,63,63)
w(46,5,7,64,64)
w(10,15,7,65,65)
w(1,76,7,66,66)
w(1,77,7,67,67)
w(39,4,7,68,68)
r(40,1,7,69,69)
w(1,78,7,70,70)
w(12,9,7,71,71)
w(0,139,7,72,72)
w(54,3,7,73,73)
w(66,2,7,74,74)
w(1,79,7,75,75)
w(12,10,7,76,76)
w(1,80,7,77,77)
r(1,80,7,78,78)
w(23,9,7,79,79)
w(21,14,7,80,80)
w(0,140,7,81,81)
w(0,141,7,82,82)
w(5,37,7,83,83)
r(72,0,7,84,84)
w(28,6,7,85,85)
w(74,5,7,86,86)
w(5,38,7,87,87)
w(4,29,7,88,88)
w(80,2,7,89,89)
w(63,4,7,90,90)
w(1,81,7,91,91)
w(0,142,7,92,92)
w(14,8,7,93,93)
w(76,2,7,94,94)
w(2,32,7,95,95)
w(7,13,7,96,96)
w(3,38,7,97,97)
w(2,33,7,98,98)
w(9,13,7,99,99)
w(9,14,8,0,0)
w(1,82,8,1,1)
w(0,143,8,2,2)
w(36,3,8,3,3)
w(1,83,8,4,4)
w(0,144,8,5,5)
w(84,2,8,6,6)
w(50,2,8,7,7)
w(0,145,8,8,8)
w(27,4,8,9,9)
w(45,8,8,10,10)
w(33,3,8,11,11)
w(0,146,8,12,12)
w(0,147,8,13,13)
w(1,84,8,14,14)
w(0,148,8,15,15)
w(28,7,8,16,16)
w(8,14,8,17,17)
w(41,5,8,18,18)
w(8,15,8,19,19)
w(11,6,8,20,20)
w(71,2,8,21,21)
w(2,34,8,22,22)
w(1,85,8,23,23)
w(79,2,8,24,24)
w(5,39,8,25,25)
w(40,2,8,26,26)
w(29,12,8,27,27)
w(3,39,8,28,28)
w(1,86,8,29,29)
w(2,35,8,30,30)
w(83,1,8,31,31)
w(37,2,8,32,32)
w(22,13,8,33,33)
w(6,24,8,34,34)
w(9,15,8,35,35)
w(79,3,8,36,36)
w(70,2,8,37,37)
w(23,10,8,38,38)
r(24,8,8,39,39)
w(2,36,8,40,40)
w(33,4,8,41,41)
w(83,2,8,42,42)
w(1,87,8,43,43)
w(22,14,8,44,44)
w(11,7,8,45,45)
w(0,149,8,46,46)
w(47,2,8,47,47)
w(2,37,8,48,48)
w(1,88,8,49,49)
w(1,89,8,50,50)
w(23,11,8,51,51)
w(7,14,8,52,52)
w(6,25,8,53,53)
w(0,150,8,54,54)
w(0,151,8,55,55)
w(32,4,8,56,56)
w(0,152,8,57,57)
r(1,89,8,58,58)
r(8,15,8,59,59)
w(17,7,8,60,60)
w(23,12,8,61,61)
w(4,30,8,62,62)
w(0,153,8,63,63)
w(95,1,8,64,64)
w(5,40,8,65,65)
w(0,154,8,66,66)
w(0,155,8,67,67)
w(10,16,8,68,68)
w(80,3,8,69,69)
w(41,6,8,70,70)
w(7,15,8,71,71)
w(5,41,8,72,72)
w(1,90,8,73,73)
r(3,39,8,74,74)
w(0,156,8,75,75)
w(86,3,8,76,76)
w(22,15,8,77,77)
w(6,26,8,78,78)
w(30,4,8,79,79)
w(0,157,8,80,80)
w(0,158,8,81,81)
w(3,40,8,82,82)
w(13,11,8,83,83)
w(0,159,8,84,84)
w(1,91,8,85,85)
w(3,41,8,86,86)
w(18,10,8,87,87)
w(6,27,8,88,88)
r(39,4,8,89,89)
w(1,92,8,90,90)
w(2,38,8,91,91)
w(4,31,8,92,92)
w(45,9,8,93,93)
w(48,5,8,94,94)
w(15,9,8,95,95)
r(41,6,8,96,96)
w(0,160,8,97,97)
w(22,16,8,98,98)
w(53,2,8,99,99)
w(0,161,9,0,0)
w(9,16,9,1,1)
w(6,28,9,2,2)
r(0,161,9,3,3)
w(1,93,9,4,4)
w(3,42,9,5,5)
w(1,94,9,6,6)
w(5,42,9,7,7)
w(9,17,9,8,8)
w(49,4,9,9,9)
w(2,39,9,10,10)
w(40,3,9,11,11)
w(3,43,9,12,12)
w(1,95,9,13,13)
w(12,11,9,14,14)
r(34,5,9,15,15)
w(5,43,9,16,16)
w(23,13,9,17,17)
w(0,162,9,18,18)
w(92,2,9,19,19)
w(52,3,9,20,20)
w(0,163,9,21,21)
r(1,95,9,22,22)
w(3,44,9,23,23)
w(7,16,9,24,24)
w(13,12,9,25,25)
w(7,17,9,26,26)
w(1,96,9,27,27)
w(5,44,9,28,28)
w(7,18,9,29,29)
w(10,17,9,30,30)
w(49,5,9,31,31)
w(55,3,9,32,32)
w(80,4,9,33,33)
w(0,164,9,34,34)
w(40,4,9,35,35)
w(32,5,9,36,36)
w(0,165,9,37,37)
w(47,3,9,38,38)
w(20,7,9,39,39)
r(0,165,9,40,40)
w(45,10,9,41,41)
w(1,97,9,42,42)
w(8,16,9,43,43)
w(70,3,9,44,44)
w(0,166,9,45,45)
w(41,7,9,46,46)
w(6,29,9,47,47)
w(5,45,9,48,48)
w(1,98,9,49,49)
w(66,3,9,50,50)
w(50,3,9,51,51)
w(18,11,9,52,52)
w(8,17,9,53,53)
w(40,5,9,54,54)
r(24,8,9,55,55)
w(1,99,9,56,56)
w(21,15,9,57,57)
w(77,3,9,58,58)
w(44,3,9,59,59)
w(2,40,9,60,60)
r(0,166,9,61,61)
w(0,167,9,62,62)
w(2,41,9,63,63)
w(10,18,9,64,64)
w(2,42,9,65,65)
w(21,16,9,66,66)
w(2,43,9,67,67)
w(1,100,9,68,68)
w(10,19,9,69,69)
r(22,16,9,70,70)
w(32,6,9,71,71)
w(4,32,9,72,72)
w(1,101,9,73,73)
w(0,168,9,74,74)
w(43,4,9,75,75)
w(17,8,9,76,76)
w(69,2,9,77,77)
w(30,5,9,78,78)
r(97,1,9,79,79)
w(16,10,9,80,80)
r(0,168,9,81,81)
w(47,4,9,82,82)
w(12,12,9,83,83)
w(35,4,9,84,84)
w(15,10,9,85,85)
w(24,9,9,86,86)
w(16,11,9,87,87)
w(1,102,9,88,88)
w(0,169,9,89,89)
w(2,44,9,90,90)
w(88,3,9,91,91)
w(61,1,9,92,92)
w(54,4,9,93,93)
w(73,2,9,94,94)
w(0,170,9,95,95)
w(8,18,9,96,96)
w(15,11,9,97,97)
w(54,5,9,98,98)
w(85,3,9,99,99)
w(1,103,10,0,0)
w(61,2,10,1,1)
w(37,3,10,2,2)
w(0,171,10,3,3)
w(12,13,10,4,4)
w(0,172,10,5,5)
w(10,20,10,6,6)
w(25,6,10,7,7)
w(18,12,10,8,8)
w(1,104,10,9,9)
w(2,45,10,10,10)
w(8,19,10,11,11)
w(84,3,10,12,12)
w(0,173,10,13,13)
w(4,33,10,14,14)
w(46,6,10,15,15)
w(10,21,10,16,16)
w(43,5,10,17,17)
w(11,8,10,18,18)
w(20,8,10,19,19)
w(19,15,10,20,20)
w(15,12,10,21,21)
w(32,7,10,22,22)
r(85,3,10,23,23)
w(5,46,10,24,24)
w(2,46,10,25,25)
r(0,173,10,26,26)
w(0,174,10,27,27)
w(16,12,10,28,28)
w(3,45,10,29,29)
w(5,47,10,30,30)
w(35,5,10,31,31)
w(6,30,10,32,32)
w(12,14,10,33,33)
w(13,13,10,34,34)
w(38,6,10,35,35)
w(8,20,10,36,36)
w(35,6,10,37,37)
w(16,13,10,38,38)
w(6,31,10,39,39)
w(2,47,10,40,40)
w(17,9,10,41,41)
w(19,16,10,42,42)
w(0,175,10,43,43)
w(0,176,10,44,44)
r(52,3,10,45,45)
w(68,3,10,46,46)
r(0,176,10,47,47)
w(15,13,10,48,48)
w(3,46,10,49,49)
w(0,177,10,50,50)
w(6,32,10,51,51)
w(14,9,10,52,52)
w(0,178,10,53,53)
r(24,9,10,54,54)
w(19,17,10,55,55)
r(5,47,10,56,56)
w(17,10,10,57,57)
w(14,10,10,58,58)
w(0,179,10,59,59)
w(16,14,10,60,60)
w(0,180,10,61,61)
w(2,48,10,62,62)
w(3,47,10,63,63)
w(75,3,10,64,64)
w(4,34,10,65,65)
w(5,48,10,66,66)
w(54,6,10,67,67)
w(0,181,10,68,68)
w(0,182,10,69,69)
w(1,105,10,70,70)
w(0,183,10,71,71)
w(1,106,10,72,72)
w(1,107,10,73,73)
w(3,48,10,74,74)
r(0,183,10,75,75)
w(2,49,10,76,76)
w(41,8,10,77,77)
w(5,49,10,78,78)
w(0,184,10,79,79)
w(2,50,10,80,80)
w(1,108,10,81,81)
w(2,51,10,82,82)
w(0,185,10,83,83)
w(35,7,10,84,84)
w(22,17,10,85,85)
w(76,3,10,86,86)
w(50,4,10,87,87)
w(0,186,10,88,88)
w(2,52,10,89,89)
w(10,22,10,90,90)
w(1,109,10,91,91)
w(15,14,10,92,92)
w(3,49,10,93,93)
w(4,35,10,94,94)
w(6,33,10,95,95)
w(0,187,10,96,96)
w(5,50,10,97,97)
w(0,188,10,98,98)
w(99,2,10,99,99)
w(16,15,11,0,0)
r(0,188,11,1,1)
w(5,51,11,2,2)
w(0,189,11,3,3)
w(1,110,11,4,4)
w(2,53,11,5,5)
r(4,35,11,6,6)
w(23,14,11,7,7)
w(6,34,11,8,8)
w(78,4,11,9,9)
w(71,3,11,10,10)
w(1,111,11,11,11)
w(2,54,11,12,12)
w(4,36,11,13,13)
w(1,112,11,14,14)
w(7,19,11,15,15)
w(59,1,11,16,16)
w(0,190,11,17,17)
w(4,37,11,18,18)
w(2,55,11,19,19)
w(0,191,11,20,20)
r(91,0,11,21,21)
w(26,3,11,22,22)
w(77,4,11,23,23)
w(0,192,11,24,24)
w(98,5,11,25,25)
w(3,50,11,26,26)
w(19,18,11,27,27)
w(3,51,11,28,28)
w(35,8,11,29,29)
w(7,20,11,30,30)
w(4,38,11,31,31)
w(7,21,11,32,32)
w(11,9,11,33,33)
w(0,193,11,34,34)
w(5,52,11,35,35)
w(62,3,11,36,36)
w(21,17,11,37,37)
w(54,7,11,38,38)
r(51,4,11,39,39)
w(7,22,11,40,40)
w(0,194,11,41,41)
w(62,4,11,42,42)
w(7,23,11,43,43)
w(10,23,11,44,44)
w(0,195,11,45,45)
w(2,56,11,46,46)
w(58,2,11,47,47)
w(9,18,11,48,48)
w(8,21,11,49,49)
w(14,11,11,50,50)
w(1,113,11,51,51)
r(4,38,11,52,52)
w(8,22,11,53,53)
r(2,56,11,54,54)
w(1,114,11,55,55)
w(0,196,11,56,56)
w(99,3,11,57,57)
w(6,35,11,58,58)
w(0,197,11,59,59)
w(8,23,11,60,60)
w(27,5,11,61,61)
w(65,2,11,62,62)
w(0,198,11,63,63)
w(2,57,11,64,64)
w(11,10,11,65,65)
w(3,52,11,66,66)
w(5,53,11,67,67)
w(2,58,11,68,68)
w(0,199,11,69,69)
r(53,2,11,70,70)
w(8,24,11,71,71)
w(2,59,11,72,72)
w(27,6,11,73,73)
w(12,15,11,74,74)
w(3,53,11,75,75)
w(15,15,11,76,76)
w(0,200,11,77,77)
w(0,201,11,78,78)
w(21,18,11,79,79)
r(4,38,11,80,80)
w(0,202,11,81,81)
w(3,54,11,82,82)
w(0,203,11,83,83)
w(1,115,11,84,84)
w(79,4,11,85,85)
w(3,55,11,86,86)
w(59,2,11,87,87)
w(6,36,11,88,88)
w(14,12,11,89,89)
w(7,24,11,90,90)
w(4,39,11,91,91)
w(31,7,11,92,92)
w(43,6,11,93,93)
w(17,11,11,94,94)
w(13,14,11,95,95)
w(5,54,11,96,96)
w(3,56,11,97,97)
w(33,5,11,98,98)
r(4,39,11,99,99)
w(42,4,12,0,0)
w(13,15,12,1,1)
w(12,16,12,2,2)
r(39,4,12,3,3)
w(8,25,12,4,4)
w(80,5,12,5,5)
w(6,37,12,6,6)
w(0,204,12,7,7)
w(0,205,12,8,8)
w(47,5,12,9,9)
r(35,8,12,10,10)
w(0,206,12,11,11)
w(30,6,12,12,12)
w(4,40,12,13,13)
w(1,116,12,14,14)
w(6,38,12,15,15)
w(7,25,12,16,16)
w(47,6,12,17,17)
w(1,117,12,18,18)
w(25,7,12,19,19)
w(25,8,12,20,20)
w(4,41,12,21,21)
w(0,207,12,22,22)
w(20,9,12,23,23)
w(24,10,12,24,24)
w(31,8,12,25,25)
r(20,9,12,26,26)
w(28,8,12,27,27)
w(1,118,12,28,28)
w(28,9,12,29,29)
r(12,16,12,30,30)
w(0,208,12,31,31)
w(9,19,12,32,32)
w(1,119,12,33,33)
w(2,60,12,34,34)
w(11,11,12,35,35)
w(89,2,12,36,36)
w(95,2,12,37,37)
w(0,209,12,38,38)
r(0,209,12,39,39)
r(42,4,12,40,40)
w(27,7,12,41,41)
w(36,4,12,42,42)
w(10,24,12,43,43)
w(6,39,12,44,44)
w(8,26,12,45,45)
w(10,25,12,46,46)
w(0,210,12,47,47)
w(0,211,12,48,48)
w(5,55,12,49,49)
w(42,5,12,50,50)
w(16,16,12,51,51)
w(4,42,12,52,52)
r(0,211,12,53,53)
r(5,55,12,54,54)
w(79,5,12,55,55)
w(0,212,12,56,56)
w(12,17,12,57,57)
w(76,4,12,58,58)
w(2,61,12,59,59)
w(34,6,12,60,60)
w(0,213,12,61,61)
w(0,214,12,62,62)
w(1,120,12,63,63)
w(89,3,12,64,64)
r(3,56,12,65,65)
w(15,16,12,66,66)
w(11,12,12,67,67)
w(26,4,12,68,68)
w(2,62,12,69,69)
w(31,9,12,70,70)
w(14,13,12,71,71)
w(85,4,12,72,72)
w(0,215,12,73,73)
w(12,18,12,74,74)
w(21,19,12,75,75)
r(0,215,12,76,76)
w(0,216,12,77,77)
w(2,63,12,78,78)
w(1,121,12,79,79)
w(1,122,12,80,80)
w(31,10,12,81,81)
w(0,217,12,82,82)
w(19,19,12,83,83)
w(4,43,12,84,84)
w(23,15,12,85,85)
r(48,5,12,86,86)
w(0,218,12,87,87)
w(9,20,12,88,88)
w(53,3,12,89,89)
r(1,122,12,90,90)
r(7,25,12,91,91)
w(43,7,12,92,92)
w(25,9,12,93,93)
w(7,26,12,94,94)
w(0,219,12,95,95)
w(89,4,12,96,96)
w(2,64,12,97,97)
w(29,13,12,98,98)
r(0,219,12,99,99)
w(2,65,13,0,0)
w(0,220,13,1,1)
w(2,66,13,2,2)
w(0,221,13,3,3)
w(44,4,13,4,4)
w(0,222,13,5,5)
w(0,223,13,6,6)
w(11,13,13,7,7)
w(6,40,13,8,8)
w(0,224,13,9,9)
w(0,225,13,10,10)
w(2,67,13,11,11)
w(1,123,13,12,12)
w(50,5,13,13,13)
w(0,226,13,14,14)
w(3,57,13,15,15)
w(1,124,13,16,16)
w(9,21,13,17,17)
w(16,17,13,18,18)
w(3,58,13,19,19)
r(0,226,13,20,20)
w(3,59,13,21,21)
w(62,5,13,22,22)
w(56,3,13,23,23)
r(55,3,13,24,24)
w(12,19,13,25,25)
w(0,227,13,26,26)
w(4,44,13,27,27)
w(2,68,13,28,28)
w(69,3,13,29,29)
r(0,227,13,30,30)
w(7,27,13,31,31)
r(0,227,13,32,32)
w(3,60,13,33,33)
w(0,228,13,34,34)
w(3,61,13,35,35)
w(53,4,13,36,36)
w(75,4,13,37,37)
r(34,6,13,38,38)
w(7,28,13,39,39)
w(61,3,13,40,40)
r(2,68,13,41,41)
w(11,14,13,42,42)
w(0,229,13,43,43)
w(13,16,13,44,44)
w(6,41,13,45,45)
w(46,7,13,46,46)
w(11,15,13,47,47)
w(91,1,13,48,48)
w(65,3,13,49,49)
w(60,2,13,50,50)
w(3,62,13,51,51)
w(12,20,13,52,52)
w(4,45,13,53,53)
r(99,3,13,54,54)
w(3,63,13,55,55)
w(1,125,13,56,56)
w(13,17,13,57,57)
w(1,126,13,58,58)
w(9,22,13,59,59)
w(59,3,13,60,60)
w(3,64,13,61,61)
r(6,41,13,62,62)
w(5,56,13,63,63)
w(51,5,13,64,64)
w(31,11,13,65,65)
w(0,230,13,66,66)
w(23,16,13,67,67)
r(1,126,13,68,68)
w(20,10,13,69,69)
w(0,231,13,70,70)
w(32,8,13,71,71)
w(1,127,13,72,72)
w(7,29,13,73,73)
w(8,27,13,74,74)
w(2,69,13,75,75)
w(13,18,13,76,76)
w(33,6,13,77,77)
r(35,8,13,78,78)
w(0,232,13,79,79)
w(10,26,13,80,80)
r(35,8,13,81,81)
w(27,8,13,82,82)
w(0,233,13,83,83)
w(0,234,13,84,84)
w(14,14,13,85,85)
w(0,235,13,86,86)
w(1,128,13,87,87)
w(60,3,13,88,88)
w(0,236,13,89,89)
w(85,5,13,90,90)
w(48,6,13,91,91)
w(71,4,13,92,92)
w(0,237,13,93,93)
w(10,27,13,94,94)
w(0,238,13,95,95)
w(23,17,13,96,96)
w(16,18,13,97,97)
w(26,5,13,98,98)
w(71,5,13,99,99)
w(56,4,14,0,0)
w(49,6,14,1,1)
r(0,238,14,2,2)
w(0,239,14,3,3)
w(32,9,14,4,4)
w(0,240,14,5,5)
r(3,64,14,6,6)
w(0,241,14,7,7)
w(47,7,14,8,8)
w(1,129,14,9,9)
w(0,242,14,10,10)
r(7,29,14,11,11)
w(7,30,14,12,12)
w(3,65,14,13,13)
w(2,70,14,14,14)
w(0,243,14,15,15)
r(2,70,14,16,16)
w(78,5,14,17,17)
w(0,244,14,18,18)
w(53,5,14,19,19)
w(43,8,14,20,20)
w(40,6,14,21,21)
w(2,71,14,22,22)
w(22,18,14,23,23)
w(4,46,14,24,24)
w(30,7,14,25,25)
w(0,245,14,26,26)
w(44,5,14,27,27)
w(3,66,14,28,28)
w(89,5,14,29,29)
w(10,28,14,30,30)
w(7,31,14,31,31)
w(27,9,14,32,32)
w(1,130,14,33,33)
w(1,131,14,34,34)
w(9,23,14,35,35)
w(0,246,14,36,36)
w(44,6,14,37,37)
w(3,67,14,38,38)
w(13,19,14,39,39)
w(1,132,14,40,40)
w(5,57,14,41,41)
r(4,46,14,42,42)
w(3,68,14,43,43)
r(1,132,14,44,44)
w(0,247,14,45,45)
w(59,4,14,46,46)
w(0,248,14,47,47)
w(96,1,14,48,48)
r(16,18,14,49,49)
w(0,249,14,50,50)
w(73,3,14,51,51)
w(8,28,14,52,52)
w(0,250,14,53,53)
w(89,6,14,54,54)
w(33,7,14,55,55)
w(3,69,14,56,56)
w(13,20,14,57,57)
w(1,133,14,58,58)
w(6,42,14,59,59)
w(19,20,14,60,60)
w(2,72,14,61,61)
w(22,19,14,62,62)
w(0,251,14,63,63)
w(0,252,14,64,64)
r(23,17,14,65,65)
w(20,11,14,66,66)
w(48,7,14,67,67)
w(4,47,14,68,68)
w(0,253,14,69,69)
w(1,134,14,70,70)
w(2,73,14,71,71)
w(2,74,14,72,72)
w(25,10,14,73,73)
w(0,254,14,74,74)
w(23,18,14,75,75)
w(66,4,14,76,76)
w(0,255,14,77,77)
w(99,4,14,78,78)
w(0,256,14,79,79)
w(23,19,14,80,80)
w(2,75,14,81,81)
w(5,58,14,82,82)
w(3,70,14,83,83)
w(18,13,14,84,84)
w(0,257,14,85,85)
w(2,76,14,86,86)
w(16,19,14,87,87)
w(0,258,14,88,88)
w(0,259,14,89,89)
w(49,7,14,90,90)
w(71,6,14,91,91)
w(2,77,14,92,92)
w(19,21,14,93,93)
w(33,8,14,94,94)
w(61,4,14,95,95)
w(76,5,14,96,96)
w(0,260,14,97,97)
w(1,135,14,98,98)
w(0,261,14,99,99)
w(16,20,15,0,0)
w(0,262,15,1,1)
w(1,136,15,2,2)
w(0,263,15,3,3)
w(1,137,15,4,4)
w(0,264,15,5,5)
r(0,264,15,6,6)
r(91,1,15,7,7)
w(9,24,15,8,8)
w(7,32,15,9,9)
w(31,12,15,10,10)
w(1,138,15,11,11)
r(0,264,15,12,12)
w(2,78,15,13,13)
w(40,7,15,14,14)
w(42,6,15,15,15)
w(5,59,15,16,16)
w(93,3,15,17,17)
w(4,48,15,18,18)
w(8,29,15,19,19)
w(2,79,15,20,20)
w(0,265,15,21,21)
w(0,266,15,22,22)
w(2,80,15,23,23)
w(8,30,15,24,24)
w(63,5,15,25,25)
w(1,139,15,26,26)
w(1,140,15,27,27)
r(45,10,15,28,28)
w(21,20,15,29,29)
w(19,22,15,30,30)
w(33,9,15,31,31)
w(6,43,15,32,32)
w(10,29,15,33,33)
w(2,81,15,34,34)
w(25,11,15,35,35)
w(2,82,15,36,36)
w(0,267,15,37,37)
w(12,21,15,38,38)
r(3,70,15,39,39)
w(3,71,15,40,40)
w(3,72,15,41,41)
r(0,267,15,42,42)
r(19,22,15,43,43)
w(0,268,15,44,44)
w(2,83,15,45,45)
r(1,140,15,46,46)
r(65,3,15,47,47)
w(1,141,15,48,48)
w(3,73,15,49,49)
w(4,49,15,50,50)
w(3,74,15,51,51)
r(38,6,15,52,52)
w(0,269,15,53,53)
w(0,270,15,54,54)
w(3,75,15,55,55)
w(10,30,15,56,56)
w(31,13,15,57,57)
w(26,6,15,58,58)
w(0,271,15,59,59)
r(3,75,15,60,60)
w(45,11,15,61,61)
w(2,84,15,62,62)
w(0,272,15,63,63)
w(12,22,15,64,64)
w(15,17,15,65,65)
w(5,60,15,66,66)
w(68,4,15,67,67)
w(20,12,15,68,68)
w(0,273,15,69,69)
w(0,274,15,70,70)
w(95,3,15,71,71)
w(0,275,15,72,72)
w(37,4,15,73,73)
w(65,4,15,74,74)
w(28,10,15,75,75)
w(21,21,15,76,76)
w(2,85,15,77,77)
w(9,25,15,78,78)
w(0,276,15,79,79)
w(1,142,15,80,80)
w(4,50,15,81,81)
w(39,5,15,82,82)
w(0,277,15,83,83)
w(0,278,15,84,84)
w(0,279,15,85,85)
w(21,22,15,86,86)
w(23,20,15,87,87)
w(4,51,15,88,88)
w(0,280,15,89,89)
r(1,142,15,90,90)
w(38,7,15,91,91)
w(3,76,15,92,92)
r(0,280,15,93,93)
w(1,143,15,94,94)
w(79,6,15,95,95)
w(19,23,15,96,96)
w(4,52,15,97,97)
r(0,280,15,98,98)
w(26,7,15,99,99)
w(7,33,16,0,0)
w(0,281,16,1,1)
w(12,23,16,2,2)
w(3,77,16,3,3)
w(19,24,16,4,4)
w(33,10,16,5,5)
w(40,8,16,6,6)
w(7,34,16,7,7)
w(0,282,16,8,8)
w(1,144,16,9,9)
w(59,5,16,10,10)
w(2,86,16,11,11)
w(8,31,16,12,12)
w(13,21,16,13,13)
w(4,53,16,14,14)
w(16,21,16,15,15)
r(1,144,16,16,16)
w(8,32,16,17,17)
w(4,54,16,18,18)
w(2,87,16,19,19)
w(2,88,16,20,20)
w(0,283,16,21,21)
r(1,144,16,22,22)
w(4,55,16,23,23)
w(26,8,16,24,24)
w(73,4,16,25,25)
w(7,35,16,26,26)
w(7,36,16,27,27)
w(73,5,16,28,28)
w(36,5,16,29,29)
w(4,56,16,30,30)
w(41,9,16,31,31)
w(14,15,16,32,32)
w(0,284,16,33,33)
w(4,57,16,34,34)
w(29,14,16,35,35)
w(0,285,16,36,36)
r(98,5,16,37,37)
w(28,11,16,38,38)
r(30,7,16,39,39)
r(0,285,16,40,40)
w(27,10,16,41,41)
w(25,12,16,42,42)
w(35,9,16,43,43)
w(0,286,16,44,44)
w(2,89,16,45,45)
w(28,12,16,46,46)
w(5,61,16,47,47)
w(5,62,16,48,48)
w(63,6,16,49,49)
w(70,4,16,50,50)
w(0,287,16,51,51)
w(73,6,16,52,52)
w(1,145,16,53,53)
w(16,22,16,54,54)
w(8,33,16,55,55)
w(18,14,16,56,56)
w(0,288,16,57,57)
w(46,8,16,58,58)
w(0,289,16,59,59)
w(6,44,16,60,60)
w(0,290,16,61,61)
w(4,58,16,62,62)
w(1,146,16,63,63)
w(0,291,16,64,64)
w(12,24,16,65,65)
w(4,59,16,66,66)
w(45,12,16,67,67)
w(2,90,16,68,68)
w(42,7,16,69,69)
w(6,45,16,70,70)
w(0,292,16,71,71)
w(1,147,16,72,72)
w(8,34,16,73,73)
w(19,25,16,74,74)
w(16,23,16,75,75)
w(16,24,16,76,76)
w(21,23,16,77,77)
w(70,5,16,78,78)
w(39,6,16,79,79)
w(0,293,16,80,80)
w(0,294,16,81,81)
r(0,294,16,82,82)
w(2,91,16,83,83)
w(4,60,16,84,84)
w(0,295,16,85,85)
r(0,295,16,86,86)
w(37,5,16,87,87)
w(88,4,16,88,88)
w(3,78,16,89,89)
w(51,6,16,90,90)
w(0,296,16,91,91)
w(8,35,16,92,92)
w(6,46,16,93,93)
w(3,79,16,94,94)
w(2,92,16,95,95)
w(1,148,16,96,96)
w(27,11,16,97,97)
w(0,297,16,98,98)
w(2,93,16,99,99)
w(0,298,17,0,0)
w(0,299,17,1,1)
w(12,25,17,2,2)
w(86,4,17,3,3)
w(58,3,17,4,4)
w(1,149,17,5,5)
w(3,80,17,6,6)
w(16,25,17,7,7)
w(1,150,17,8,8)
w(0,300,17,9,9)
w(0,301,17,10,10)
w(1,151,17,11,11)
w(21,24,17,12,12)
w(1,152,17,13,13)
w(0,302,17,14,14)
w(0,303,17,15,15)
w(1,153,17,16,16)
w(9,26,17,17,17)
w(0,304,17,18,18)
w(81,2,17,19,19)
w(7,37,17,20,20)
w(11,16,17,21,21)
w(4,61,17,22,22)
w(54,8,17,23,23)
w(4,62,17,24,24)
w(48,8,17,25,25)
w(80,6,17,26,26)
w(0,305,17,27,27)
w(55,4,17,28,28)
w(0,306,17,29,29)
w(0,307,17,30,30)
w(15,18,17,31,31)
w(32,10,17,32,32)
w(67,2,17,33,33)
w(5,63,17,34,34)
w(1,154,17,35,35)
w(9,27,17,36,36)
w(75,5,17,37,37)
w(33,11,17,38,38)
w(11,17,17,39,39)
w(18,15,17,40,40)
w(60,4,17,41,41)
w(56,5,17,42,42)
w(0,308,17,43,43)
w(1,155,17,44,44)
w(25,13,17,45,45)
w(10,31,17,46,46)
w(0,309,17,47,47)
w(48,9,17,48,48)
w(1,156,17,49,49)
w(0,310,17,50,50)
w(80,7,17,51,51)
w(3,81,17,52,52)
w(0,311,17,53,53)
w(37,6,17,54,54)
w(47,8,17,55,55)
w(0,312,17,56,56)
w(16,26,17,57,57)
w(80,8,17,58,58)
w(14,16,17,59,59)
w(1,157,17,60,60)
w(0,313,17,61,61)
w(1,158,17,62,62)
w(4,63,17,63,63)
w(1,159,17,64,64)
w(0,314,17,65,65)
r(1,159,17,66,66)
w(21,25,17,67,67)
w(2,94,17,68,68)
w(63,7,17,69,69)
w(0,315,17,70,70)
r(7,37,17,71,71)
w(0,316,17,72,72)
w(9,28,17,73,73)
w(54,9,17,74,74)
w(0,317,17,75,75)
w(6,47,17,76,76)
w(63,8,17,77,77)
w(4,64,17,78,78)
w(2,95,17,79,79)
w(90,2,17,80,80)
r(87,0,17,81,81)
w(36,6,17,82,82)
w(0,318,17,83,83)
w(48,10,17,84,84)
w(6,48,17,85,85)
w(10,32,17,86,86)
w(22,20,17,87,87)
w(30,8,17,88,88)
w(0,319,17,89,89)
w(3,82,17,90,90)
w(4,65,17,91,91)
w(26,9,17,92,92)
w(0,320,17,93,93)
w(3,83,17,94,94)
w(0,321,17,95,95)
w(10,33,17,96,96)
w(88,5,17,97,97)
w(67,3,17,98,98)
w(2,96,17,99,99)
w(14,17,18,0,0)
w(1,160,18,1,1)
w(52,4,18,2,2)
w(2,97,18,3,3)
w(10,34,18,4,4)
w(42,8,18,5,5)
w(1,161,18,6,6)
w(73,7,18,7,7)
r(12,25,18,8,8)
w(8,36,18,9,9)
w(40,9,18,10,10)
w(2,98,18,11,11)
w(27,12,18,12,12)
w(14,18,18,13,13)
w(83,3,18,14,14)
w(0,322,18,15,15)
w(44,7,18,16,16)
w(0,323,18,17,17)
w(20,13,18,18,18)
w(0,324,18,19,19)
w(4,66,18,20,20)
w(0,325,18,21,21)
r(15,18,18,22,22)
w(42,9,18,23,23)
w(25,14,18,24,24)
w(91,2,18,25,25)
w(1,162,18,26,26)
w(4,67,18,27,27)
w(5,64,18,28,28)
w(85,6,18,29,29)
w(1,163,18,30,30)
w(4,68,18,31,31)
w(0,326,18,32,32)
w(0,327,18,33,33)
w(49,8,18,34,34)
r(0,327,18,35,35)
w(10,35,18,36,36)
w(10,36,18,37,37)
w(10,37,18,38,38)
w(3,84,18,39,39)
r(1,163,18,40,40)
w(1,164,18,41,41)
w(19,26,18,42,42)
w(1,165,18,43,43)
w(1,166,18,44,44)
w(5,65,18,45,45)
w(3,85,18,46,46)
w(0,328,18,47,47)
w(4,69,18,48,48)
w(59,6,18,49,49)
w(15,19,18,50,50)
r(9,28,18,51,51)
r(2,98,18,52,52)
w(3,86,18,53,53)
w(0,329,18,54,54)
w(3,87,18,55,55)
w(3,88,18,56,56)
r(60,4,18,57,57)
w(0,330,18,58,58)
w(62,6,18,59,59)
w(20,14,18,60,60)
w(4,70,18,61,61)
w(5,66,18,62,62)
w(2,99,18,63,63)
w(5,67,18,64,64)
w(0,331,18,65,65)
r(17,11,18,66,66)
w(3,89,18,67,67)
r(47,8,18,68,68)
w(9,29,18,69,69)
w(52,5,18,70,70)
w(2,100,18,71,71)
w(8,37,18,72,72)
w(8,38,18,73,73)
w(21,26,18,74,74)
w(30,9,18,75,75)
w(2,101,18,76,76)
w(6,49,18,77,77)
w(2,102,18,78,78)
w(0,332,18,79,79)
w(6,50,18,80,80)
w(37,7,18,81,81)
w(56,6,18,82,82)
w(11,18,18,83,83)
w(0,333,18,84,84)
w(1,167,18,85,85)
w(3,90,18,86,86)
w(35,10,18,87,87)
w(3,91,18,88,88)
w(0,334,18,89,89)
w(12,26,18,90,90)
w(8,39,18,91,91)
w(1,168,18,92,92)
w(1,169,18,93,93)
w(64,4,18,94,94)
w(7,38,18,95,95)
w(0,335,18,96,96)
w(0,336,18,97,97)
w(39,7,18,98,98)
w(2,103,18,99,99)
w(3,92,19,0,0)
w(1,170,19,1,1)
w(10,38,19,2,2)
w(16,27,19,3,3)
w(97,2,19,4,4)
w(70,6,19,5,5)
w(0,337,19,6,6)
w(0,338,19,7,7)
w(4,71,19,8,8)
w(0,339,19,9,9)
w(10,39,19,10,10)
w(2,104,19,11,11)
w(1,171,19,12,12)
w(0,340,19,13,13)
w(6,51,19,14,14)
w(0,341,19,15,15)
w(25,15,19,16,16)
w(13,22,19,17,17)
w(0,342,19,18,18)
w(0,343,19,19,19)
w(4,72,19,20,20)
w(1,172,19,21,21)
w(0,344,19,22,22)
r(0,344,19,23,23)
w(30,10,19,24,24)
w(13,23,19,25,25)
r(49,8,19,26,26)
w(98,6,19,27,27)
w(3,93,19,28,28)
w(2,105,19,29,29)
w(14,19,19,30,30)
w(9,30,19,31,31)
w(75,6,19,32,32)
r(0,344,19,33,33)
w(30,11,19,34,34)
w(0,345,19,35,35)
w(15,20,19,36,36)
w(0,346,19,37,37)
w(1,173,19,38,38)
w(39,8,19,39,39)
w(2,106,19,40,40)
w(7,39,19,41,41)
w(11,19,19,42,42)
w(49,9,19,43,43)
w(26,10,19,44,44)
w(27,13,19,45,45)
w(1,174,19,46,46)
w(2,107,19,47,47)
w(14,20,19,48,48)
w(67,4,19,49,49)
w(4,73,19,50,50)
w(1,175,19,51,51)
w(17,12,19,52,52)
w(8,40,19,53,53)
w(52,6,19,54,54)
w(1,176,19,55,55)
w(1,177,19,56,56)
w(1,178,19,57,57)
w(4,74,19,58,58)
w(2,108,19,59,59)
w(5,68,19,60,60)
w(1,179,19,61,61)
w(0,347,19,62,62)
w(73,8,19,63,63)
w(42,10,19,64,64)
r(13,23,19,65,65)
w(1,180,19,66,66)
w(78,6,19,67,67)
w(9,31,19,68,68)
w(85,7,19,69,69)
w(4,75,19,70,70)
r(1,180,19,71,71)
w(26,11,19,72,72)
r(32,10,19,73,73)
w(8,41,19,74,74)
r(5,68,19,75,75)
w(49,10,19,76,76)
w(0,348,19,77,77)
w(94,4,19,78,78)
w(0,349,19,79,79)
w(20,15,19,80,80)
w(2,109,19,81,81)
w(4,76,19,82,82)
w(0,350,19,83,83)
w(1,181,19,84,84)
w(34,7,19,85,85)
w(6,52,19,86,86)
w(37,8,19,87,87)
w(4,77,19,88,88)
w(16,28,19,89,89)
w(1,182,19,90,90)
w(2,110,19,91,91)
w(3,94,19,92,92)
w(26,12,19,93,93)
w(1,183,19,94,94)
r(2,110,19,95,95)
w(0,351,19,96,96)
w(0,352,19,97,97)
w(22,21,19,98,98)
w(1,184,19,99,99)
w(25,16,20,0,0)
w(49,11,20,1,1)
w(2,111,20,2,2)
w(61,5,20,3,3)
w(91,3,20,4,4)
w(0,353,20,5,5)
w(0,354,20,6,6)
r(3,94,20,7,7)
w(5,69,20,8,8)
w(53,6,20,9,9)
w(0,355,20,10,10)
r(0,355,20,11,11)
w(1,185,20,12,12)
w(2,112,20,13,13)
r(68,4,20,14,14)
w(6,53,20,15,15)
w(45,13,20,16,16)
w(51,7,20,17,17)
w(2,113,20,18,18)
w(9,32,20,19,19)
r(0,355,20,20,20)
w(0,356,20,21,21)
w(0,357,20,22,22)
w(59,7,20,23,23)
w(40,10,20,24,24)
w(4,78,20,25,25)
w(66,5,20,26,26)
w(88,6,20,27,27)
r(2,113,20,28,28)
w(24,11,20,29,29)
w(15,21,20,30,30)
w(81,3,20,31,31)
w(59,8,20,32,32)
r(27,13,20,33,33)
w(14,21,20,34,34)
w(9,33,20,35,35)
w(74,6,20,36,36)
w(4,79,20,37,37)
w(39,9,20,38,38)
w(6,54,20,39,39)
w(0,358,20,40,40)
w(3,95,20,41,41)
r(43,8,20,42,42)
w(0,359,20,43,43)
w(3,96,20,44,44)
w(3,97,20,45,45)
w(1,186,20,46,46)
w(59,9,20,47,47)
r(6,54,20,48,48)
w(2,114,20,49,49)
w(87,1,20,50,50)
w(3,98,20,51,51)
w(9,34,20,52,52)
w(2,115,20,53,53)
w(29,15,20,54,54)
w(0,360,20,55,55)
w(1,187,20,56,56)
w(8,42,20,57,57)
w(10,40,20,58,58)
r(0,360,20,59,59)
w(5,70,20,60,60)
r(0,360,20,61,61)
w(11,20,20,62,62)
w(3,99,20,63,63)
w(9,35,20,64,64)
w(0,361,20,65,65)
w(20,16,20,66,66)
r(3,99,20,67,67)
w(5,71,20,68,68)
w(51,8,20,69,69)
w(67,5,20,70,70)
w(4,80,20,71,71)
w(0,362,20,72,72)
w(4,81,20,73,73)
w(9,36,20,74,74)
r(22,21,20,75,75)
r(1,187,20,76,76)
r(6,54,20,77,77)
w(11,21,20,78,78)
w(2,116,20,79,79)
w(11,22,20,80,80)
w(28,13,20,81,81)
w(0,363,20,82,82)
w(3,100,20,83,83)
w(11,23,20,84,84)
w(0,364,20,85,85)
w(2,117,20,86,86)
w(2,118,20,87,87)
r(5,71,20,88,88)
w(0,365,20,89,89)
r(3,100,20,90,90)
w(1,188,20,91,91)
w(1,189,20,92,92)
w(55,5,20,93,93)
w(21,27,20,94,94)
w(0,366,20,95,95)
r(0,366,20,96,96)
w(0,367,20,97,97)
w(66,6,20,98,98)
w(73,9,20,99,99)
r(11,23,21,0,0)
w(4,82,21,1,1)
w(3,101,21,2,2)
r(0,367,21,3,3)
w(2,119,21,4,4)
r(20,16,21,5,5)
w(6,55,21,6,6)
w(0,368,21,7,7)
w(2,120,21,8,8)
w(2,121,21,9,9)
w(29,16,21,10,10)
w(14,22,21,11,11)
r(97,2,21,12,12)
w(2,122,21,13,13)
w(53,7,21,14,14)
w(27,14,21,15,15)
w(18,16,21,16,16)
w(8,43,21,17,17)
w(2,123,21,18,18)
w(0,369,21,19,19)
w(0,370,21,20,20)
w(96,2,21,21,21)
w(0,371,21,22,22)
r(24,11,21,23,23)
w(5,72,21,24,24)
w(2,124,21,25,25)
w(6,56,21,26,26)
w(99,5,21,27,27)
w(7,40,21,28,28)
r(0,371,21,29,29)
w(1,190,21,30,30)
w(2,125,21,31,31)
w(45,14,21,32,32)
w(27,15,21,33,33)
w(53,8,21,34,34)
w(19,27,21,35,35)
w(2,126,21,36,36)
w(1,191,21,37,37)
w(3,102,21,38,38)
w(62,7,21,39,39)
w(1,192,21,40,40)
w(0,372,21,41,41)
w(23,21,21,42,42)
w(0,373,21,43,43)
w(21,28,21,44,44)
w(0,374,21,45,45)
w(44,8,21,46,46)
w(32,11,21,47,47)
w(0,375,21,48,48)
r(7,40,21,49,49)
w(7,41,21,50,50)
w(46,9,21,51,51)
w(1,193,21,52,52)
w(2,127,21,53,53)
w(32,12,21,54,54)
w(8,44,21,55,55)
w(4,83,21,56,56)
w(23,22,21,57,57)
w(17,13,21,58,58)
w(0,376,21,59,59)
w(38,8,21,60,60)
w(24,12,21,61,61)
w(1,194,21,62,62)
w(41,10,21,63,63)
w(45,15,21,64,64)
w(16,29,21,65,65)
w(25,17,21,66,66)
w(0,377,21,67,67)
w(2,128,21,68,68)
w(11,24,21,69,69)
w(21,29,21,70,70)
w(3,103,21,71,71)
r(16,29,21,72,72)
w(1,195,21,73,73)
w(21,30,21,74,74)
w(2,129,21,75,75)
w(6,57,21,76,76)
w(0,378,21,77,77)
w(0,379,21,78,78)
r(7,41,21,79,79)
w(14,23,21,80,80)
w(3,104,21,81,81)
w(24,13,21,82,82)
w(0,380,21,83,83)
w(3,105,21,84,84)
w(0,381,21,85,85)
w(0,382,21,86,86)
w(0,383,21,87,87)
r(6,57,21,88,88)
w(8,45,21,89,89)
r(3,105,21,90,90)
w(14,24,21,91,91)
w(15,22,21,92,92)
w(0,384,21,93,93)
w(73,10,21,94,94)
w(23,23,21,95,95)
w(36,7,21,96,96)
w(7,42,21,97,97)
w(3,106,21,98,98)
w(3,107,21,99,99)
w(90,3,22,0,0)
w(71,7,22,1,1)
w(0,385,22,2,2)
w(0,386,22,3,3)
w(0,387,22,4,4)
w(3,108,22,5,5)
w(0,388,22,6,6)
w(87,2,22,7,7)
w(47,9,22,8,8)
w(93,4,22,9,9)
w(29,17,22,10,10)
w(0,389,22,11,11)
w(0,390,22,12,12)
w(15,23,22,13,13)
w(4,84,22,14,14)
w(46,10,22,15,15)
r(74,6,22,16,16)
w(0,391,22,17,17)
w(2,130,22,18,18)
w(12,27,22,19,19)
w(0,392,22,20,20)
w(2,131,22,21,21)
w(2,132,22,22,22)
w(11,25,22,23,23)
w(2,133,22,24,24)
w(3,109,22,25,25)
r(0,392,22,26,26)
r(0,392,22,27,27)
w(1,196,22,28,28)
w(46,11,22,29,29)
w(1,197,22,30,30)
w(0,393,22,31,31)
r(18,16,22,32,32)
w(66,7,22,33,33)
r(2,133,22,34,34)
w(36,8,22,35,35)
r(2,133,22,36,36)
w(65,5,22,37,37)
w(0,394,22,38,38)
w(6,58,22,39,39)
w(15,24,22,40,40)
w(88,7,22,41,41)
w(55,6,22,42,42)
w(8,46,22,43,43)
w(16,30,22,44,44)
w(49,12,22,45,45)
w(2,134,22,46,46)
w(22,22,22,47,47)
w(82,1,22,48,48)
r(58,3,22,49,49)
w(5,73,22,50,50)
w(9,37,22,51,51)
r(42,10,22,52,52)
w(84,4,22,53,53)
w(0,395,22,54,54)
w(2,135,22,55,55)
w(4,85,22,56,56)
w(1,198,22,57,57)
w(3,110,22,58,58)
w(0,396,22,59,59)
w(0,397,22,60,60)
w(96,3,22,61,61)
w(49,13,22,62,62)
w(0,398,22,63,63)
r(10,40,22,64,64)
r(0,398,22,65,65)
w(0,399,22,66,66)
w(14,25,22,67,67)
w(0,400,22,68,68)
w(0,401,22,69,69)
w(2,136,22,70,70)
w(0,402,22,71,71)
w(2,137,22,72,72)
w(3,111,22,73,73)
w(34,8,22,74,74)
w(6,59,22,75,75)
w(14,26,22,76,76)
w(95,4,22,77,77)
w(2,138,22,78,78)
w(1,199,22,79,79)
w(16,31,22,80,80)
w(4,86,22,81,81)
w(28,14,22,82,82)
w(36,9,22,83,83)
w(0,403,22,84,84)
w(0,404,22,85,85)
r(89,6,22,86,86)
w(96,4,22,87,87)
w(28,15,22,88,88)
w(2,139,22,89,89)
w(4,87,22,90,90)
w(16,32,22,91,91)
w(2,140,22,92,92)
w(17,14,22,93,93)
w(73,11,22,94,94)
w(1,200,22,95,95)
w(66,8,22,96,96)
w(22,23,22,97,97)
r(5,73,22,98,98)
r(4,87,22,99,99)
w(74,7,23,0,0)
w(3,112,23,1,1)
w(2,141,23,2,2)
w(2,142,23,3,3)
w(0,405,23,4,4)
w(0,406,23,5,5)
w(1,201,23,6,6)
w(21,31,23,7,7)
r(0,406,23,8,8)
w(12,28,23,9,9)
w(50,6,23,10,10)
w(24,14,23,11,11)
w(22,24,23,12,12)
w(18,17,23,13,13)
w(94,5,23,14,14)
r(7,42,23,15,15)
w(0,407,23,16,16)
w(12,29,23,17,17)
w(4,88,23,18,18)
w(1,202,23,19,19)
w(1,203,23,20,20)
w(68,5,23,21,21)
r(22,24,23,22,22)
w(9,38,23,23,23)
w(61,6,23,24,24)
w(35,11,23,25,25)
w(0,408,23,26,26)
w(11,26,23,27,27)
w(18,18,23,28,28)
w(47,10,23,29,29)
w(6,60,23,30,30)
w(0,409,23,31,31)
w(2,143,23,32,32)
w(30,12,23,33,33)
w(10,41,23,34,34)
w(0,410,23,35,35)
w(5,74,23,36,36)
w(3,113,23,37,37)
w(1,204,23,38,38)
w(6,61,23,39,39)
w(2,144,23,40,40)
r(4,88,23,41,41)
r(0,410,23,42,42)
w(6,62,23,43,43)
r(9,38,23,44,44)
w(86,5,23,45,45)
w(55,7,23,46,46)
w(1,205,23,47,47)
w(6,63,23,48,48)
w(1,206,23,49,49)
w(21,32,23,50,50)
w(0,411,23,51,51)
w(10,42,23,52,52)
w(15,25,23,53,53)
w(20,17,23,54,54)
r(51,8,23,55,55)
w(2,145,23,56,56)
w(44,9,23,57,57)
w(22,25,23,58,58)
r(1,206,23,59,59)
w(4,89,23,60,60)
w(0,412,23,61,61)
w(2,146,23,62,62)
w(14,27,23,63,63)
w(0,413,23,64,64)
w(1,207,23,65,65)
w(7,43,23,66,66)
r(2,146,23,67,67)
w(0,414,23,68,68)
w(19,28,23,69,69)
w(1,208,23,70,70)
w(1,209,23,71,71)
w(45,16,23,72,72)
w(3,114,23,73,73)
w(1,210,23,74,74)
w(0,415,23,75,75)
w(0,416,23,76,76)
w(3,115,23,77,77)
w(3,116,23,78,78)
w(15,26,23,79,79)
r(2,146,23,80,80)
w(56,7,23,81,81)
w(68,6,23,82,82)
w(8,47,23,83,83)
w(4,90,23,84,84)
w(1,211,23,85,85)
w(15,27,23,86,86)
w(1,212,23,87,87)
w(0,417,23,88,88)
w(19,29,23,89,89)
r(1,212,23,90,90)
r(0,417,23,91,91)
w(1,213,23,92,92)
w(2,147,23,93,93)
r(8,47,23,94,94)
w(1,214,23,95,95)
w(16,33,23,96,96)
w(5,75,23,97,97)
w(21,33,23,98,98)
w(76,6,23,99,99)
w(14,28,24,0,0)
w(8,48,24,1,1)
w(10,43,24,2,2)
w(19,30,24,3,3)
w(1,215,24,4,4)
w(2,148,24,5,5)
w(36,10,24,6,6)
w(5,76,24,7,7)
w(25,18,24,8,8)
w(0,418,24,9,9)
w(0,419,24,10,10)
w(1,216,24,11,11)
w(12,30,24,12,12)
w(17,15,24,13,13)
w(42,11,24,14,14)
w(7,44,24,15,15)
w(8,49,24,16,16)
w(1,217,24,17,17)
w(5,77,24,18,18)
w(6,64,24,19,19)
r(10,43,24,20,20)
w(0,420,24,21,21)
w(81,4,24,22,22)
w(0,421,24,23,23)
w(0,422,24,24,24)
w(0,423,24,25,25)
w(55,8,24,26,26)
w(19,31,24,27,27)
w(2,149,24,28,28)
r(66,8,24,29,29)
w(56,8,24,30,30)
w(0,424,24,31,31)
w(12,31,24,32,32)
w(0,425,24,33,33)
w(3,117,24,34,34)
w(13,24,24,35,35)
w(2,150,24,36,36)
w(5,78,24,37,37)
w(97,3,24,38,38)
w(5,79,24,39,39)
w(2,151,24,40,40)
w(1,218,24,41,41)
w(10,44,24,42,42)
w(11,27,24,43,43)
w(5,80,24,44,44)
w(1,219,24,45,45)
w(40,11,24,46,46)
w(18,19,24,47,47)
w(30,13,24,48,48)
w(30,14,24,49,49)
w(34,9,24,50,50)
w(8,50,24,51,51)
w(2,152,24,52,52)
w(42,12,24,53,53)
w(26,13,24,54,54)
w(2,153,24,55,55)
w(6,65,24,56,56)
w(0,426,24,57,57)
w(1,220,24,58,58)
w(3,118,24,59,59)
w(0,427,24,60,60)
w(6,66,24,61,61)
w(0,428,24,62,62)
w(6,67,24,63,63)
w(24,15,24,64,64)
r(8,50,24,65,65)
w(58,4,24,66,66)
w(8,51,24,67,67)
w(4,91,24,68,68)
w(0,429,24,69,69)
w(11,28,24,70,70)
r(82,1,24,71,71)
r(5,80,24,72,72)
w(37,9,24,73,73)
w(3,119,24,74,74)
w(8,52,24,75,75)
r(66,8,24,76,76)
r(1,220,24,77,77)
w(61,7,24,78,78)
w(18,20,24,79,79)
w(0,430,24,80,80)
w(1,221,24,81,81)
w(0,431,24,82,82)
r(90,3,24,83,83)
w(20,18,24,84,84)
r(52,6,24,85,85)
w(0,432,24,86,86)
w(12,32,24,87,87)
w(2,154,24,88,88)
w(4,92,24,89,89)
w(3,120,24,90,90)
w(4,93,24,91,91)
w(5,81,24,92,92)
w(1,222,24,93,93)
w(1,223,24,94,94)
w(0,433,24,95,95)
r(72,0,24,96,96)
w(12,33,24,97,97)
w(0,434,24,98,98)
w(15,28,24,99,99)
r(23,23,25,0,0)
w(0,435,25,1,1)
w(3,121,25,2,2)
w(39,10,25,3,3)
w(2,155,25,4,4)
w(0,436,25,5,5)
r(79,6,25,6,6)
w(0,437,25,7,7)
w(1,224,25,8,8)
w(64,5,25,9,9)
w(5,82,25,10,10)
w(91,4,25,11,11)
w(36,11,25,12,12)
w(10,45,25,13,13)
w(49,14,25,14,14)
r(0,437,25,15,15)
w(41,11,25,16,16)
w(23,24,25,17,17)
w(3,122,25,18,18)
w(65,6,25,19,19)
r(6,67,25,20,20)
w(6,68,25,21,21)
w(23,25,25,22,22)
w(25,19,25,23,23)
w(0,438,25,24,24)
w(0,439,25,25,25)
w(21,34,25,26,26)
w(5,83,25,27,27)
w(3,123,25,28,28)
w(1,225,25,29,29)
w(1,226,25,30,30)
w(8,53,25,31,31)
w(9,39,25,32,32)
w(90,4,25,33,33)
r(8,53,25,34,34)
w(10,46,25,35,35)
w(4,94,25,36,36)
w(33,12,25,37,37)
w(3,124,25,38,38)
w(3,125,25,39,39)
r(18,20,25,40,40)
w(0,440,25,41,41)
w(13,25,25,42,42)
w(0,441,25,43,43)
w(28,16,25,44,44)
w(88,8,25,45,45)
w(0,442,25,46,46)
w(17,16,25,47,47)
w(1,227,25,48,48)
w(3,126,25,49,49)
w(3,127,25,50,50)
r(0,442,25,51,51)
w(0,443,25,52,52)
w(0,444,25,53,53)
w(6,69,25,54,54)
w(17,17,25,55,55)
w(0,445,25,56,56)
w(96,5,25,57,57)
w(55,9,25,58,58)
w(58,5,25,59,59)
r(5,83,25,60,60)
w(30,15,25,61,61)
w(1,228,25,62,62)
w(0,446,25,63,63)
w(3,128,25,64,64)
w(0,447,25,65,65)
w(4,95,25,66,66)
r(36,11,25,67,67)
w(23,26,25,68,68)
w(0,448,25,69,69)
w(7,45,25,70,70)
w(38,9,25,71,71)
w(71,8,25,72,72)
w(86,6,25,73,73)
w(4,96,25,74,74)
w(58,6,25,75,75)
r(21,34,25,76,76)
w(0,449,25,77,77)
r(40,11,25,78,78)
w(4,97,25,79,79)
w(79,7,25,80,80)
w(43,9,25,81,81)
w(3,129,25,82,82)
w(0,450,25,83,83)
w(26,14,25,84,84)
r(1,228,25,85,85)
w(4,98,25,86,86)
r(6,69,25,87,87)
w(5,84,25,88,88)
w(13,26,25,89,89)
w(4,99,25,90,90)
w(1,229,25,91,91)
w(10,47,25,92,92)
w(5,85,25,93,93)
w(0,451,25,94,94)
w(23,27,25,95,95)
w(13,27,25,96,96)
r(1,229,25,97,97)
w(2,156,25,98,98)
w(0,452,25,99,99)
w(56,9,26,0,0)
w(47,11,26,1,1)
w(10,48,26,2,2)
w(4,100,26,3,3)
w(1,230,26,4,4)
w(23,28,26,5,5)
w(1,231,26,6,6)
w(94,6,26,7,7)
w(27,16,26,8,8)
w(9,40,26,9,9)
w(9,41,26,10,10)
w(2,157,26,11,11)
w(1,232,26,12,12)
w(53,9,26,13,13)
w(1,233,26,14,14)
w(12,34,26,15,15)
w(29,18,26,16,16)
r(10,48,26,17,17)
w(0,453,26,18,18)
r(23,28,26,19,19)
w(17,18,26,20,20)
w(3,130,26,21,21)
w(54,10,26,22,22)
w(31,14,26,23,23)
w(0,454,26,24,24)
r(3,130,26,25,25)
w(0,455,26,26,26)
w(1,234,26,27,27)
w(0,456,26,28,28)
w(52,7,26,29,29)
w(0,457,26,30,30)
w(0,458,26,31,31)
w(0,459,26,32,32)
w(35,12,26,33,33)
r(1,234,26,34,34)
w(1,235,26,35,35)
w(38,10,26,36,36)
w(13,28,26,37,37)
w(73,12,26,38,38)
w(4,101,26,39,39)
w(3,131,26,40,40)
w(6,70,26,41,41)
w(18,21,26,42,42)
w(0,460,26,43,43)
w(8,54,26,44,44)
w(82,2,26,45,45)
w(0,461,26,46,46)
w(3,132,26,47,47)
w(0,462,26,48,48)
w(10,49,26,49,49)
w(47,12,26,50,50)
w(21,35,26,51,51)
w(6,71,26,52,52)
w(1,236,26,53,53)
w(3,133,26,54,54)
w(20,19,26,55,55)
w(1,237,26,56,56)
w(9,42,26,57,57)
w(2,158,26,58,58)
w(0,463,26,59,59)
w(0,464,26,60,60)
w(6,72,26,61,61)
w(28,17,26,62,62)
w(28,18,26,63,63)
w(20,20,26,64,64)
w(9,43,26,65,65)
w(82,3,26,66,66)
w(16,34,26,67,67)
w(99,6,26,68,68)
w(10,50,26,69,69)
w(0,465,26,70,70)
r(0,465,26,71,71)
w(7,46,26,72,72)
w(29,19,26,73,73)
w(72,1,26,74,74)
w(4,102,26,75,75)
w(7,47,26,76,76)
w(7,48,26,77,77)
w(2,159,26,78,78)
w(42,13,26,79,79)
w(4,103,26,80,80)
w(0,466,26,81,81)
w(21,36,26,82,82)
w(4,104,26,83,83)
w(63,9,26,84,84)
w(2,160,26,85,85)
w(0,467,26,86,86)
w(3,134,26,87,87)
r(0,467,26,88,88)
w(0,468,26,89,89)
w(17,19,26,90,90)
w(0,469,26,91,91)
w(5,86,26,92,92)
w(0,470,26,93,93)
r(26,14,26,94,94)
w(41,12,26,95,95)
w(14,29,26,96,96)
w(56,10,26,97,97)
w(34,10,26,98,98)
w(15,29,26,99,99)
w(17,20,27,0,0)
r(17,20,27,1,1)
w(8,55,27,2,2)
r(33,12,27,3,3)
w(1,238,27,4,4)
r(14,29,27,5,5)
w(60,5,27,6,6)
w(7,49,27,7,7)
r(25,19,27,8,8)
w(0,471,27,9,9)
w(0,472,27,10,10)
w(2,161,27,11,11)
w(2,162,27,12,12)
w(1,239,27,13,13)
w(0,473,27,14,14)
w(22,26,27,15,15)
r(28,18,27,16,16)
w(0,474,27,17,17)
w(0,475,27,18,18)
w(95,5,27,19,19)
w(1,240,27,20,20)
w(0,476,27,21,21)
w(7,50,27,22,22)
w(0,477,27,23,23)
r(7,50,27,24,24)
w(36,12,27,25,25)
w(4,105,27,26,26)
w(0,478,27,27,27)
w(68,7,27,28,28)
w(92,3,27,29,29)
w(31,15,27,30,30)
w(2,163,27,31,31)
w(84,5,27,32,32)
w(4,106,27,33,33)
w(35,13,27,34,34)
w(26,15,27,35,35)
w(35,14,27,36,36)
w(6,73,27,37,37)
w(0,479,27,38,38)
w(10,51,27,39,39)
w(1,241,27,40,40)
w(40,12,27,41,41)
w(10,52,27,42,42)
w(50,7,27,43,43)
w(34,11,27,44,44)
w(16,35,27,45,45)
r(8,55,27,46,46)
w(1,242,27,47,47)
w(9,44,27,48,48)
w(1,243,27,49,49)
w(0,480,27,50,50)
w(38,11,27,51,51)
w(27,17,27,52,52)
w(31,16,27,53,53)
w(14,30,27,54,54)
w(0,481,27,55,55)
w(83,4,27,56,56)
w(1,244,27,57,57)
r(13,28,27,58,58)
w(63,10,27,59,59)
w(8,56,27,60,60)
w(0,482,27,61,61)
w(2,164,27,62,62)
w(21,37,27,63,63)
w(15,30,27,64,64)
w(13,29,27,65,65)
w(1,245,27,66,66)
w(0,483,27,67,67)
w(0,484,27,68,68)
w(3,135,27,69,69)
r(0,484,27,70,70)
w(0,485,27,71,71)
w(0,486,27,72,72)
w(1,246,27,73,73)
w(40,13,27,74,74)
w(49,15,27,75,75)
w(2,165,27,76,76)
w(0,487,27,77,77)
w(2,166,27,78,78)
w(0,488,27,79,79)
w(6,74,27,80,80)
w(0,489,27,81,81)
w(25,20,27,82,82)
w(12,35,27,83,83)
w(1,247,27,84,84)
w(44,10,27,85,85)
w(20,21,27,86,86)
w(55,10,27,87,87)
w(66,9,27,88,88)
w(32,13,27,89,89)
w(70,7,27,90,90)
w(7,51,27,91,91)
w(14,31,27,92,92)
w(4,107,27,93,93)
w(0,490,27,94,94)
w(0,491,27,95,95)
w(2,167,27,96,96)
w(25,21,27,97,97)
w(1,248,27,98,98)
w(1,249,27,99,99)
w(61,8,28,0,0)
w(1,250,28,1,1)
w(35,15,28,2,2)
w(5,87,28,3,3)
w(0,492,28,4,4)
w(6,75,28,5,5)
w(9,45,28,6,6)
w(10,53,28,7,7)
w(1,251,28,8,8)
w(0,493,28,9,9)
w(0,494,28,10,10)
w(0,495,28,11,11)
w(8,57,28,12,12)
w(3,136,28,13,13)
w(2,168,28,14,14)
r(81,4,28,15,15)
r(0,495,28,16,16)
w(0,496,28,17,17)
w(29,20,28,18,18)
w(2,169,28,19,19)
w(4,108,28,20,20)
w(43,10,28,21,21)
w(33,13,28,22,22)
w(0,497,28,23,23)
w(18,22,28,24,24)
w(13,30,28,25,25)
w(1,252,28,26,26)
w(6,76,28,27,27)
w(5,88,28,28,28)
w(0,498,28,29,29)
w(0,499,28,30,30)
r(1,252,28,31,31)
w(4,109,28,32,32)
w(0,500,28,33,33)
w(3,137,28,34,34)
w(47,13,28,35,35)
w(0,501,28,36,36)
w(1,253,28,37,37)
w(6,77,28,38,38)
w(52,8,28,39,39)
w(0,502,28,40,40)
w(13,31,28,41,41)
w(12,36,28,42,42)
w(88,9,28,43,43)
w(0,503,28,44,44)
w(22,27,28,45,45)
w(34,12,28,46,46)
w(22,28,28,47,47)
w(1,254,28,48,48)
w(0,504,28,49,49)
r(0,504,28,50,50)
w(40,14,28,51,51)
r(16,35,28,52,52)
w(18,23,28,53,53)
w(6,78,28,54,54)
w(4,110,28,55,55)
w(69,4,28,56,56)
w(3,138,28,57,57)
w(31,17,28,58,58)
r(97,3,28,59,59)
r(15,30,28,60,60)
w(7,52,28,61,61)
w(7,53,28,62,62)
w(70,8,28,63,63)
w(4,111,28,64,64)
w(72,2,28,65,65)
w(0,505,28,66,66)
w(15,31,28,67,67)
w(0,506,28,68,68)
w(2,170,28,69,69)
r(7,53,28,70,70)
w(0,507,28,71,71)
w(16,36,28,72,72)
r(0,507,28,73,73)
r(1,254,28,74,74)
w(62,8,28,75,75)
w(23,29,28,76,76)
w(19,32,28,77,77)
w(77,5,28,78,78)
r(15,31,28,79,79)
w(94,7,28,80,80)
w(4,112,28,81,81)
w(9,46,28,82,82)
w(3,139,28,83,83)
w(2,171,28,84,84)
w(1,255,28,85,85)
w(0,508,28,86,86)
w(8,58,28,87,87)
r(1,255,28,88,88)
w(14,32,28,89,89)
w(3,140,28,90,90)
w(0,509,28,91,91)
w(0,510,28,92,92)
w(2,172,28,93,93)
w(35,16,28,94,94)
r(49,15,28,95,95)
w(0,511,28,96,96)
r(40,14,28,97,97)
w(0,512,28,98,98)
w(20,22,28,99,99)
w(10,54,29,0,0)
w(75,7,29,1,1)
w(0,513,29,2,2)
w(0,514,29,3,3)
w(12,37,29,4,4)
w(85,8,29,5,5)
w(10,55,29,6,6)
w(9,47,29,7,7)
w(2,173,29,8,8)
w(2,174,29,9,9)
w(29,21,29,10,10)
w(0,515,29,11,11)
r(80,8,29,12,12)
w(12,38,29,13,13)
w(7,54,29,14,14)
w(26,16,29,15,15)
w(0,516,29,16,16)
w(0,517,29,17,17)
w(21,38,29,18,18)
w(8,59,29,19,19)
w(3,141,29,20,20)
w(1,256,29,21,21)
w(0,518,29,22,22)
w(2,175,29,23,23)
w(5,89,29,24,24)
w(19,33,29,25,25)
w(2,176,29,26,26)
w(9,48,29,27,27)
w(1,257,29,28,28)
w(81,5,29,29,29)
w(4,113,29,30,30)
w(7,55,29,31,31)
w(82,4,29,32,32)
w(3,142,29,33,33)
w(48,11,29,34,34)
w(2,177,29,35,35)
w(41,13,29,36,36)
w(12,39,29,37,37)
w(14,33,29,38,38)
w(1,258,29,39,39)
w(6,79,29,40,40)
w(0,519,29,41,41)
w(5,90,29,42,42)
w(44,11,29,43,43)
w(5,91,29,44,44)
w(6,80,29,45,45)
w(7,56,29,46,46)
r(1,258,29,47,47)
w(0,520,29,48,48)
w(16,37,29,49,49)
r(4,113,29,50,50)
w(7,57,29,51,51)
r(2,177,29,52,52)
w(97,4,29,53,53)
r(3,142,29,54,54)
w(4,114,29,55,55)
w(31,18,29,56,56)
w(6,81,29,57,57)
w(1,259,29,58,58)
w(0,521,29,59,59)
w(2,178,29,60,60)
w(2,179,29,61,61)
w(5,92,29,62,62)
w(14,34,29,63,63)
w(15,32,29,64,64)
w(5,93,29,65,65)
r(0,521,29,66,66)
w(46,12,29,67,67)
w(4,115,29,68,68)
w(54,11,29,69,69)
w(0,522,29,70,70)
w(8,60,29,71,71)
w(3,143,29,72,72)
w(87,3,29,73,73)
w(1,260,29,74,74)
w(13,32,29,75,75)
w(28,19,29,76,76)
w(6,82,29,77,77)
r(1,260,29,78,78)
w(19,34,29,79,79)
w(13,33,29,80,80)
w(0,523,29,81,81)
w(49,16,29,82,82)
w(10,56,29,83,83)
r(17,20,29,84,84)
w(2,180,29,85,85)
w(41,14,29,86,86)
w(11,29,29,87,87)
w(6,83,29,88,88)
w(0,524,29,89,89)
w(4,116,29,90,90)
w(0,525,29,91,91)
w(4,117,29,92,92)
w(12,40,29,93,93)
w(42,14,29,94,94)
w(6,84,29,95,95)
w(30,16,29,96,96)
w(0,526,29,97,97)
w(59,10,29,98,98)
w(9,49,29,99,99)
w(5,94,30,0,0)
w(55,11,30,1,1)
w(3,144,30,2,2)
w(13,34,30,3,3)
w(18,24,30,4,4)
w(0,527,30,5,5)
w(14,35,30,6,6)
w(3,145,30,7,7)
w(6,85,30,8,8)
w(7,58,30,9,9)
w(1,261,30,10,10)
w(25,22,30,11,11)
w(1,262,30,12,12)
w(2,181,30,13,13)
w(36,13,30,14,14)
w(1,263,30,15,15)
w(4,118,30,16,16)
w(0,528,30,17,17)
w(25,23,30,18,18)
w(0,529,30,19,19)
w(0,530,30,20,20)
w(17,21,30,21,21)
w(17,22,30,22,22)
w(75,8,30,23,23)
r(0,530,30,24,24)
r(63,10,30,25,25)
w(4,119,30,26,26)
w(2,182,30,27,27)
w(44,12,30,28,28)
w(59,11,30,29,29)
w(9,50,30,30,30)
w(7,59,30,31,31)
w(0,531,30,32,32)
w(6,86,30,33,33)
r(9,50,30,34,34)
w(51,9,30,35,35)
w(1,264,30,36,36)
w(36,14,30,37,37)
w(0,532,30,38,38)
r(5,94,30,39,39)
w(1,265,30,40,40)
r(24,15,30,41,41)
w(0,533,30,42,42)
w(15,33,30,43,43)
w(3,146,30,44,44)
w(51,10,30,45,45)
w(1,266,30,46,46)
w(2,183,30,47,47)
w(57,2,30,48,48)
w(46,13,30,49,49)
r(94,7,30,50,50)
w(9,51,30,51,51)
r(0,533,30,52,52)
w(24,16,30,53,53)
w(0,534,30,54,54)
w(64,6,30,55,55)
w(8,61,30,56,56)
w(1,267,30,57,57)
w(10,57,30,58,58)
w(41,15,30,59,59)
w(0,535,30,60,60)
w(9,52,30,61,61)
w(2,184,30,62,62)
w(0,536,30,63,63)
w(14,36,30,64,64)
r(0,536,30,65,65)
w(1,268,30,66,66)
r(0,536,30,67,67)
w(38,12,30,68,68)
w(0,537,30,69,69)
w(58,7,30,70,70)
w(2,185,30,71,71)
w(0,538,30,72,72)
w(18,25,30,73,73)
w(92,4,30,74,74)
w(82,5,30,75,75)
w(26,17,30,76,76)
w(0,539,30,77,77)
w(2,186,30,78,78)
w(0,540,30,79,79)
w(26,18,30,80,80)
w(3,147,30,81,81)
w(0,541,30,82,82)
w(22,29,30,83,83)
w(83,5,30,84,84)
w(0,542,30,85,85)
w(9,53,30,86,86)
w(0,543,30,87,87)
w(7,60,30,88,88)
w(9,54,30,89,89)
w(28,20,30,90,90)
w(0,544,30,91,91)
r(23,29,30,92,92)
w(0,545,30,93,93)
w(0,546,30,94,94)
w(4,120,30,95,95)
w(10,58,30,96,96)
w(35,17,30,97,97)
w(26,19,30,98,98)
w(26,20,30,99,99)
w(0,547,31,0,0)
w(3,148,31,1,1)
w(3,149,31,2,2)
w(0,548,31,3,3)
w(3,150,31,4,4)
w(6,87,31,5,5)
w(4,121,31,6,6)
w(3,151,31,7,7)
w(16,38,31,8,8)
w(2,187,31,9,9)
w(33,14,31,10,10)
w(97,5,31,11,11)
w(31,19,31,12,12)
w(50,8,31,13,13)
w(5,95,31,14,14)
w(55,12,31,15,15)
r(3,151,31,16,16)
w(3,152,31,17,17)
w(72,3,31,18,18)
w(44,13,31,19,19)
w(8,62,31,20,20)
w(47,14,31,21,21)
w(10,59,31,22,22)
r(17,22,31,23,23)
w(0,549,31,24,24)
w(31,20,31,25,25)
w(4,122,31,26,26)
w(14,37,31,27,27)
w(2,188,31,28,28)
r(8,62,31,29,29)
w(5,96,31,30,30)
w(25,24,31,31,31)
w(7,61,31,32,32)
w(0,550,31,33,33)
w(0,551,31,34,34)
w(2,189,31,35,35)
w(1,269,31,36,36)
w(1,270,31,37,37)
w(2,190,31,38,38)
w(48,12,31,39,39)
r(1,270,31,40,40)
w(11,30,31,41,41)
w(38,13,31,42,42)
w(11,31,31,43,43)
w(2,191,31,44,44)
w(40,15,31,45,45)
w(1,271,31,46,46)
w(34,13,31,47,47)
w(93,5,31,48,48)
w(1,272,31,49,49)
r(0,551,31,50,50)
w(3,153,31,51,51)
w(68,8,31,52,52)
w(11,32,31,53,53)
r(31,20,31,54,54)
w(10,60,31,55,55)
w(4,123,31,56,56)
w(0,552,31,57,57)
w(0,553,31,58,58)
w(1,273,31,59,59)
w(1,274,31,60,60)
w(11,33,31,61,61)
w(1,275,31,62,62)
w(74,8,31,63,63)
w(56,11,31,64,64)
w(1,276,31,65,65)
w(0,554,31,66,66)
w(0,555,31,67,67)
w(2,192,31,68,68)
w(4,124,31,69,69)
r(12,40,31,70,70)
w(26,21,31,71,71)
w(0,556,31,72,72)
w(6,88,31,73,73)
r(0,556,31,74,74)
w(0,557,31,75,75)
w(11,34,31,76,76)
r(0,557,31,77,77)
r(51,10,31,78,78)
w(11,35,31,79,79)
w(13,35,31,80,80)
w(3,154,31,81,81)
w(0,558,31,82,82)
w(39,11,31,83,83)
w(39,12,31,84,84)
w(0,559,31,85,85)
w(0,560,31,86,86)
w(2,193,31,87,87)
w(41,16,31,88,88)
w(17,23,31,89,89)
w(1,277,31,90,90)
w(0,561,31,91,91)
w(3,155,31,92,92)
w(11,36,31,93,93)
w(0,562,31,94,94)
w(0,563,31,95,95)
w(5,97,31,96,96)
w(1,278,31,97,97)
w(28,21,31,98,98)
w(3,156,31,99,99)
w(2,194,32,0,0)
w(2,195,32,1,1)
w(10,61,32,2,2)
r(0,563,32,3,3)
r(0,563,32,4,4)
r(0,563,32,5,5)
w(0,564,32,6,6)
w(14,38,32,7,7)
w(64,7,32,8,8)
w(1,279,32,9,9)
w(13,36,32,10,10)
w(1,280,32,11,11)
w(0,565,32,12,12)
w(45,17,32,13,13)
r(62,8,32,14,14)
w(14,39,32,15,15)
w(0,566,32,16,16)
w(69,5,32,17,17)
r(11,36,32,18,18)
w(9,55,32,19,19)
w(3,157,32,20,20)
w(0,567,32,21,21)
w(1,281,32,22,22)
w(1,282,32,23,23)
w(26,22,32,24,24)
w(9,56,32,25,25)
w(13,37,32,26,26)
r(1,282,32,27,27)
w(1,283,32,28,28)
w(0,568,32,29,29)
w(7,62,32,30,30)
w(78,7,32,31,31)
w(0,569,32,32,32)
w(0,570,32,33,33)
w(0,571,32,34,34)
w(9,57,32,35,35)
w(82,6,32,36,36)
w(3,158,32,37,37)
w(15,34,32,38,38)
w(21,39,32,39,39)
w(27,18,32,40,40)
w(0,572,32,41,41)
w(0,573,32,42,42)
w(14,40,32,43,43)
w(5,98,32,44,44)
w(13,38,32,45,45)
w(0,574,32,46,46)
w(75,9,32,47,47)
w(0,575,32,48,48)
w(1,284,32,49,49)
r(0,575,32,50,50)
w(17,24,32,51,51)
w(76,7,32,52,52)
r(54,11,32,53,53)
w(15,35,32,54,54)
w(7,63,32,55,55)
w(20,23,32,56,56)
w(29,22,32,57,57)
w(88,10,32,58,58)
w(1,285,32,59,59)
w(5,99,32,60,60)
w(22,30,32,61,61)
w(0,576,32,62,62)
w(3,159,32,63,63)
w(42,15,32,64,64)
w(2,196,32,65,65)
w(0,577,32,66,66)
w(0,578,32,67,67)
w(4,125,32,68,68)
w(19,35,32,69,69)
r(7,63,32,70,70)
w(2,197,32,71,71)
w(1,286,32,72,72)
w(2,198,32,73,73)
w(83,6,32,74,74)
w(5,100,32,75,75)
w(86,7,32,76,76)
w(14,41,32,77,77)
w(1,287,32,78,78)
w(14,42,32,79,79)
w(19,36,32,80,80)
w(0,579,32,81,81)
w(50,9,32,82,82)
w(0,580,32,83,83)
w(28,22,32,84,84)
w(1,288,32,85,85)
w(0,581,32,86,86)
w(2,199,32,87,87)
w(2,200,32,88,88)
w(3,160,32,89,89)
r(0,581,32,90,90)
w(41,17,32,91,91)
w(2,201,32,92,92)
w(8,63,32,93,93)
r(19,36,32,94,94)
w(1,289,32,95,95)
w(2,202,32,96,96)
w(7,64,32,97,97)
w(47,15,32,98,98)
w(4,126,32,99,99)
w(91,5,33,0,0)
w(0,582,33,1,1)
w(2,203,33,2,2)
r(8,63,33,3,3)
w(1,290,33,4,4)
w(1,291,33,5,5)
w(2,204,33,6,6)
r(11,36,33,7,7)
w(1,292,33,8,8)
w(0,583,33,9,9)
w(12,41,33,10,10)
w(2,205,33,11,11)
w(30,17,33,12,12)
w(14,43,33,13,13)
w(38,14,33,14,14)
w(21,40,33,15,15)
w(37,10,33,16,16)
w(26,23,33,17,17)
w(0,584,33,18,18)
w(0,585,33,19,19)
w(0,586,33,20,20)
r(2,205,33,21,21)
w(2,206,33,22,22)
r(5,100,33,23,23)
w(0,587,33,24,24)
w(7,65,33,25,25)
w(4,127,33,26,26)
r(13,38,33,27,27)
w(55,13,33,28,28)
w(12,42,33,29,29)
w(28,23,33,30,30)
w(3,161,33,31,31)
w(51,11,33,32,32)
w(87,4,33,33,33)
w(2,207,33,34,34)
w(1,293,33,35,35)
w(60,6,33,36,36)
w(3,162,33,37,37)
w(1,294,33,38,38)
w(2,208,33,39,39)
w(1,295,33,40,40)
w(12,43,33,41,41)
w(0,588,33,42,42)
w(14,44,33,43,43)
w(0,589,33,44,44)
r(0,589,33,45,45)
w(99,7,33,46,46)
w(0,590,33,47,47)
w(68,9,33,48,48)
w(0,591,33,49,49)
w(0,592,33,50,50)
w(2,209,33,51,51)
w(1,296,33,52,52)
w(0,593,33,53,53)
w(10,62,33,54,54)
w(22,31,33,55,55)
w(12,44,33,56,56)
w(5,101,33,57,57)
r(50,9,33,58,58)
w(24,17,33,59,59)
w(1,297,33,60,60)
w(38,15,33,61,61)
w(28,24,33,62,62)
w(2,210,33,63,63)
r(39,12,33,64,64)
w(0,594,33,65,65)
w(2,211,33,66,66)
r(0,594,33,67,67)
w(6,89,33,68,68)
w(46,14,33,69,69)
w(29,23,33,70,70)
w(79,8,33,71,71)
w(0,595,33,72,72)
w(71,9,33,73,73)
w(0,596,33,74,74)
w(0,597,33,75,75)
w(55,14,33,76,76)
w(0,598,33,77,77)
w(6,90,33,78,78)
w(16,39,33,79,79)
w(0,599,33,80,80)
w(33,15,33,81,81)
w(10,63,33,82,82)
w(2,212,33,83,83)
w(3,163,33,84,84)
w(2,213,33,85,85)
w(1,298,33,86,86)
w(12,45,33,87,87)
w(52,9,33,88,88)
w(1,299,33,89,89)
w(3,164,33,90,90)
w(41,18,33,91,91)
w(53,10,33,92,92)
w(29,24,33,93,93)
w(21,41,33,94,94)
w(93,6,33,95,95)
w(2,214,33,96,96)
w(1,300,33,97,97)
w(35,18,33,98,98)
w(2,215,33,99,99)
w(1,301,34,0,0)
w(3,165,34,1,1)
w(75,10,34,2,2)
w(7,66,34,3,3)
w(0,600,34,4,4)
w(3,166,34,5,5)
w(5,102,34,6,6)
w(69,6,34,7,7)
w(10,64,34,8,8)
w(0,601,34,9,9)
w(35,19,34,10,10)
w(0,602,34,11,11)
w(2,216,34,12,12)
r(6,90,34,13,13)
w(22,32,34,14,14)
w(50,10,34,15,15)
w(8,64,34,16,16)
w(9,58,34,17,17)
w(10,65,34,18,18)
r(19,36,34,19,19)
w(3,167,34,20,20)
w(21,42,34,21,21)
w(8,65,34,22,22)
w(3,168,34,23,23)
w(1,302,34,24,24)
w(1,303,34,25,25)
w(55,15,34,26,26)
r(74,8,34,27,27)
w(36,15,34,28,28)
w(26,24,34,29,29)
w(2,217,34,30,30)
w(4,128,34,31,31)
w(12,46,34,32,32)
w(3,169,34,33,33)
w(0,603,34,34,34)
w(1,304,34,35,35)
w(17,25,34,36,36)
w(61,9,34,37,37)
w(0,604,34,38,38)
w(0,605,34,39,39)
w(17,26,34,40,40)
w(6,91,34,41,41)
w(38,16,34,42,42)
w(46,15,34,43,43)
w(0,606,34,44,44)
w(46,16,34,45,45)
w(12,47,34,46,46)
w(0,607,34,47,47)
r(7,66,34,48,48)
w(0,608,34,49,49)
w(24,18,34,50,50)
w(65,7,34,51,51)
w(0,609,34,52,52)
w(0,610,34,53,53)
w(34,14,34,54,54)
w(45,18,34,55,55)
w(51,12,34,56,56)
w(5,103,34,57,57)
w(0,611,34,58,58)
w(0,612,34,59,59)
w(0,613,34,60,60)
w(11,37,34,61,61)
w(58,8,34,62,62)
w(9,59,34,63,63)
w(2,218,34,64,64)
w(3,170,34,65,65)
w(0,614,34,66,66)
r(51,12,34,67,67)
w(0,615,34,68,68)
w(3,171,34,69,69)
w(0,616,34,70,70)
w(10,66,34,71,71)
w(9,60,34,72,72)
r(2,218,34,73,73)
w(4,129,34,74,74)
w(3,172,34,75,75)
w(1,305,34,76,76)
w(1,306,34,77,77)
w(37,11,34,78,78)
w(38,17,34,79,79)
w(1,307,34,80,80)
w(4,130,34,81,81)
w(5,104,34,82,82)
w(0,617,34,83,83)
w(3,173,34,84,84)
w(50,11,34,85,85)
r(4,130,34,86,86)
r(4,130,34,87,87)
w(0,618,34,88,88)
w(13,39,34,89,89)
w(56,12,34,90,90)
w(6,92,34,91,91)
w(9,61,34,92,92)
w(85,9,34,93,93)
r(63,10,34,94,94)
w(5,105,34,95,95)
w(6,93,34,96,96)
w(4,131,34,97,97)
w(32,14,34,98,98)
w(21,43,34,99,99)
r(0,618,35,0,0)
w(1,308,35,1,1)
w(0,619,35,2,2)
w(69,7,35,3,3)
w(11,38,35,4,4)
w(22,33,35,5,5)
w(62,9,35,6,6)
r(1,308,35,7,7)
w(12,48,35,8,8)
w(2,219,35,9,9)
w(8,66,35,10,10)
w(63,11,35,11,11)
w(5,106,35,12,12)
w(4,132,35,13,13)
r(4,132,35,14,14)
w(0,620,35,15,15)
w(3,174,35,16,16)
w(3,175,35,17,17)
r(0,620,35,18,18)
w(16,40,35,19,19)
w(0,621,35,20,20)
w(4,133,35,21,21)
w(0,622,35,22,22)
w(4,134,35,23,23)
w(1,309,35,24,24)
w(0,623,35,25,25)
w(0,624,35,26,26)
w(5,107,35,27,27)
w(1,310,35,28,28)
w(13,40,35,29,29)
w(3,176,35,30,30)
w(1,311,35,31,31)
w(2,220,35,32,32)
w(0,625,35,33,33)
w(0,626,35,34,34)
w(4,135,35,35,35)
w(1,312,35,36,36)
w(32,15,35,37,37)
w(18,26,35,38,38)
w(20,24,35,39,39)
w(4,136,35,40,40)
r(74,8,35,41,41)
w(9,62,35,42,42)
w(15,36,35,43,43)
w(20,25,35,44,44)
w(2,221,35,45,45)
w(5,108,35,46,46)
w(27,19,35,47,47)
w(1,313,35,48,48)
w(19,37,35,49,49)
w(0,627,35,50,50)
r(50,11,35,51,51)
w(6,94,35,52,52)
w(49,17,35,53,53)
w(1,314,35,54,54)
w(0,628,35,55,55)
w(0,629,35,56,56)
w(0,630,35,57,57)
w(0,631,35,58,58)
w(45,19,35,59,59)
w(2,222,35,60,60)
w(0,632,35,61,61)
w(3,177,35,62,62)
r(29,24,35,63,63)
w(0,633,35,64,64)
w(38,18,35,65,65)
w(0,634,35,66,66)
w(0,635,35,67,67)
w(11,39,35,68,68)
w(1,315,35,69,69)
w(0,636,35,70,70)
r(15,36,35,71,71)
w(59,12,35,72,72)
w(58,9,35,73,73)
r(47,15,35,74,74)
w(0,637,35,75,75)
w(2,223,35,76,76)
w(0,638,35,77,77)
w(4,137,35,78,78)
r(0,638,35,79,79)
w(58,10,35,80,80)
w(1,316,35,81,81)
w(8,67,35,82,82)
w(21,44,35,83,83)
w(21,45,35,84,84)
w(1,317,35,85,85)
w(8,68,35,86,86)
w(44,14,35,87,87)
w(1,318,35,88,88)
r(1,318,35,89,89)
w(14,45,35,90,90)
w(40,16,35,91,91)
r(1,318,35,92,92)
w(3,178,35,93,93)
w(30,18,35,94,94)
r(72,3,35,95,95)
w(40,17,35,96,96)
w(4,138,35,97,97)
w(20,26,35,98,98)
w(0,639,35,99,99)
w(0,640,36,0,0)
w(1,319,36,1,1)
w(0,641,36,2,2)
w(1,320,36,3,3)
w(0,642,36,4,4)
w(10,67,36,5,5)
r(49,17,36,6,6)
w(0,643,36,7,7)
w(85,10,36,8,8)
w(8,69,36,9,9)
w(1,321,36,10,10)
w(16,41,36,11,11)
w(1,322,36,12,12)
w(5,109,36,13,13)
w(15,37,36,14,14)
w(2,224,36,15,15)
w(0,644,36,16,16)
w(0,645,36,17,17)
r(97,5,36,18,18)
w(6,95,36,19,19)
w(2,225,36,20,20)
w(20,27,36,21,21)
r(2,225,36,22,22)
w(71,10,36,23,23)
r(0,645,36,24,24)
r(21,45,36,25,25)
w(0,646,36,26,26)
w(0,647,36,27,27)
w(32,16,36,28,28)
w(53,11,36,29,29)
w(2,226,36,30,30)
w(1,323,36,31,31)
w(18,27,36,32,32)
w(1,324,36,33,33)
w(1,325,36,34,34)
r(78,7,36,35,35)
w(22,34,36,36,36)
w(95,6,36,37,37)
w(22,35,36,38,38)
r(79,8,36,39,39)
w(7,67,36,40,40)
w(9,63,36,41,41)
w(0,648,36,42,42)
w(49,18,36,43,43)
w(10,68,36,44,44)
r(29,24,36,45,45)
w(15,38,36,46,46)
w(2,227,36,47,47)
w(70,9,36,48,48)
w(98,7,36,49,49)
w(2,228,36,50,50)
w(10,69,36,51,51)
w(1,326,36,52,52)
r(98,7,36,53,53)
w(1,327,36,54,54)
w(21,46,36,55,55)
w(3,179,36,56,56)
r(0,648,36,57,57)
w(5,110,36,58,58)
w(0,649,36,59,59)
r(21,46,36,60,60)
w(43,11,36,61,61)
w(11,40,36,62,62)
r(0,649,36,63,63)
w(22,36,36,64,64)
r(15,38,36,65,65)
w(0,650,36,66,66)
w(7,68,36,67,67)
w(1,328,36,68,68)
w(0,651,36,69,69)
r(33,15,36,70,70)
w(15,39,36,71,71)
w(45,20,36,72,72)
w(1,329,36,73,73)
r(51,12,36,74,74)
w(0,652,36,75,75)
w(7,69,36,76,76)
w(2,229,36,77,77)
w(26,25,36,78,78)
w(4,139,36,79,79)
w(0,653,36,80,80)
w(2,230,36,81,81)
w(0,654,36,82,82)
w(59,13,36,83,83)
w(0,655,36,84,84)
w(13,41,36,85,85)
w(25,25,36,86,86)
w(59,14,36,87,87)
w(0,656,36,88,88)
r(8,69,36,89,89)
w(27,20,36,90,90)
r(1,329,36,91,91)
w(0,657,36,92,92)
w(43,12,36,93,93)
w(38,19,36,94,94)
w(0,658,36,95,95)
w(22,37,36,96,96)
w(35,20,36,97,97)
w(3,180,36,98,98)
w(0,659,36,99,99)
w(5,111,37,0,0)
w(2,231,37,1,1)
w(41,19,37,2,2)
w(21,47,37,3,3)
w(1,330,37,4,4)
w(45,21,37,5,5)
w(45,22,37,6,6)
w(19,38,37,7,7)
w(60,7,37,8,8)
w(0,660,37,9,9)
w(19,39,37,10,10)
w(28,25,37,11,11)
w(3,181,37,12,12)
w(18,28,37,13,13)
w(0,661,37,14,14)
w(36,16,37,15,15)
w(0,662,37,16,16)
w(1,331,37,17,17)
w(81,6,37,18,18)
w(6,96,37,19,19)
r(46,16,37,20,20)
w(5,112,37,21,21)
w(0,663,37,22,22)
w(45,23,37,23,23)
w(0,664,37,24,24)
w(1,332,37,25,25)
r(8,69,37,26,26)
w(3,182,37,27,27)
w(12,49,37,28,28)
w(98,8,37,29,29)
w(15,40,37,30,30)
w(43,13,37,31,31)
r(1,332,37,32,32)
w(42,16,37,33,33)
w(2,232,37,34,34)
w(16,42,37,35,35)
w(1,333,37,36,36)
w(21,48,37,37,37)
w(31,21,37,38,38)
w(5,113,37,39,39)
w(2,233,37,40,40)
w(11,41,37,41,41)
w(62,10,37,42,42)
w(0,665,37,43,43)
r(52,9,37,44,44)
w(10,70,37,45,45)
w(36,17,37,46,46)
w(1,334,37,47,47)
w(75,11,37,48,48)
w(32,17,37,49,49)
w(0,666,37,50,50)
w(0,667,37,51,51)
w(26,26,37,52,52)
w(70,10,37,53,53)
w(0,668,37,54,54)
w(1,335,37,55,55)
w(2,234,37,56,56)
w(0,669,37,57,57)
w(2,235,37,58,58)
w(12,50,37,59,59)
w(67,6,37,60,60)
w(7,70,37,61,61)
w(4,140,37,62,62)
w(33,16,37,63,63)
w(2,236,37,64,64)
w(84,6,37,65,65)
w(8,70,37,66,66)
w(58,11,37,67,67)
w(62,11,37,68,68)
w(10,71,37,69,69)
w(6,97,37,70,70)
w(38,20,37,71,71)
w(1,336,37,72,72)
r(55,15,37,73,73)
w(33,17,37,74,74)
w(3,183,37,75,75)
w(2,237,37,76,76)
w(1,337,37,77,77)
w(21,49,37,78,78)
w(0,670,37,79,79)
w(56,13,37,80,80)
w(1,338,37,81,81)
w(0,671,37,82,82)
w(0,672,37,83,83)
w(51,13,37,84,84)
w(1,339,37,85,85)
w(47,16,37,86,86)
r(1,339,37,87,87)
w(39,13,37,88,88)
w(9,64,37,89,89)
w(0,673,37,90,90)
w(1,340,37,91,91)
w(0,674,37,92,92)
w(89,7,37,93,93)
w(39,14,37,94,94)
w(9,65,37,95,95)
w(0,675,37,96,96)
w(43,14,37,97,97)
w(75,12,37,98,98)
w(38,21,37,99,99)
r(7,70,38,0,0)
w(37,12,38,1,1)
w(14,46,38,2,2)
w(2,238,38,3,3)
w(5,114,38,4,4)
w(0,676,38,5,5)
w(1,341,38,6,6)
w(30,19,38,7,7)
w(17,27,38,8,8)
w(2,239,38,9,9)
w(1,342,38,10,10)
w(11,42,38,11,11)
w(3,184,38,12,12)
w(3,185,38,13,13)
w(59,15,38,14,14)
w(6,98,38,15,15)
w(9,66,38,16,16)
w(84,7,38,17,17)
w(84,8,38,18,18)
w(12,51,38,19,19)
w(3,186,38,20,20)
w(8,71,38,21,21)
w(0,677,38,22,22)
w(0,678,38,23,23)
w(87,5,38,24,24)
w(61,10,38,25,25)
w(9,67,38,26,26)
w(2,240,38,27,27)
w(62,12,38,28,28)
w(0,679,38,29,29)
w(40,18,38,30,30)
w(1,343,38,31,31)
w(1,344,38,32,32)
r(7,70,38,33,33)
w(13,42,38,34,34)
w(5,115,38,35,35)
w(0,680,38,36,36)
w(20,28,38,37,37)
w(75,13,38,38,38)
w(2,241,38,39,39)
w(0,681,38,40,40)
w(0,682,38,41,41)
w(9,68,38,42,42)
w(11,43,38,43,43)
w(70,11,38,44,44)
w(9,69,38,45,45)
w(39,15,38,46,46)
w(2,242,38,47,47)
w(0,683,38,48,48)
w(7,71,38,49,49)
w(1,345,38,50,50)
w(29,25,38,51,51)
r(13,42,38,52,52)
w(2,243,38,53,53)
w(0,684,38,54,54)
w(43,15,38,55,55)
r(1,345,38,56,56)
w(82,7,38,57,57)
w(0,685,38,58,58)
r(68,9,38,59,59)
w(1,346,38,60,60)
r(24,18,38,61,61)
w(2,244,38,62,62)
w(39,16,38,63,63)
w(6,99,38,64,64)
r(64,7,38,65,65)
w(8,72,38,66,66)
w(11,44,38,67,67)
w(83,7,38,68,68)
w(58,12,38,69,69)
w(64,8,38,70,70)
w(50,12,38,71,71)
w(3,187,38,72,72)
w(5,116,38,73,73)
w(9,70,38,74,74)
w(53,12,38,75,75)
w(25,26,38,76,76)
w(11,45,38,77,77)
w(2,245,38,78,78)
w(0,686,38,79,79)
w(94,8,38,80,80)
w(70,12,38,81,81)
w(10,72,38,82,82)
w(83,8,38,83,83)
w(6,100,38,84,84)
w(1,347,38,85,85)
w(0,687,38,86,86)
w(4,141,38,87,87)
w(18,29,38,88,88)
w(41,20,38,89,89)
w(0,688,38,90,90)
r(4,141,38,91,91)
w(4,142,38,92,92)
w(34,15,38,93,93)
w(1,348,38,94,94)
w(6,101,38,95,95)
w(17,28,38,96,96)
w(7,72,38,97,97)
w(65,8,38,98,98)
r(4,142,38,99,99)
w(32,18,39,0,0)
w(0,689,39,1,1)
w(33,18,39,2,2)
w(3,188,39,3,3)
w(12,52,39,4,4)
w(35,21,39,5,5)
w(0,690,39,6,6)
w(35,22,39,7,7)
w(5,117,39,8,8)
w(90,5,39,9,9)
w(2,246,39,10,10)
w(5,118,39,11,11)
w(63,12,39,12,12)
w(18,30,39,13,13)
w(18,31,39,14,14)
w(58,13,39,15,15)
w(0,691,39,16,16)
w(4,143,39,17,17)
w(46,17,39,18,18)
r(19,39,39,19,19)
r(1,348,39,20,20)
w(14,47,39,21,21)
r(25,26,39,22,22)
w(1,349,39,23,23)
w(1,350,39,24,24)
w(73,13,39,25,25)
w(0,692,39,26,26)
w(8,73,39,27,27)
w(4,144,39,28,28)
w(1,351,39,29,29)
w(16,43,39,30,30)
w(27,21,39,31,31)
w(20,29,39,32,32)
w(64,9,39,33,33)
w(13,43,39,34,34)
w(17,29,39,35,35)
w(8,74,39,36,36)
w(57,3,39,37,37)
w(34,16,39,38,38)
w(7,73,39,39,39)
w(14,48,39,40,40)
w(1,352,39,41,41)
w(0,693,39,42,42)
w(35,23,39,43,43)
w(0,694,39,44,44)
w(15,41,39,45,45)
w(2,247,39,46,46)
w(42,17,39,47,47)
w(49,19,39,48,48)
w(5,119,39,49,49)
w(53,13,39,50,50)
w(0,695,39,51,51)
w(2,248,39,52,52)
w(15,42,39,53,53)
w(27,22,39,54,54)
w(0,696,39,55,55)
r(95,6,39,56,56)
w(8,75,39,57,57)
w(44,15,39,58,58)
w(1,353,39,59,59)
w(60,8,39,60,60)
w(43,16,39,61,61)
w(8,76,39,62,62)
w(15,43,39,63,63)
w(4,145,39,64,64)
r(3,188,39,65,65)
w(2,249,39,66,66)
w(0,697,39,67,67)
w(9,71,39,68,68)
w(72,4,39,69,69)
w(0,698,39,70,70)
w(0,699,39,71,71)
w(2,250,39,72,72)
w(73,14,39,73,73)
w(46,18,39,74,74)
w(22,38,39,75,75)
w(24,19,39,76,76)
r(21,49,39,77,77)
w(1,354,39,78,78)
w(1,355,39,79,79)
w(2,251,39,80,80)
r(1,355,39,81,81)
w(67,7,39,82,82)
r(9,71,39,83,83)
w(0,700,39,84,84)
w(9,72,39,85,85)
r(40,18,39,86,86)
w(9,73,39,87,87)
w(6,102,39,88,88)
r(5,119,39,89,89)
w(4,146,39,90,90)
w(0,701,39,91,91)
r(9,73,39,92,92)
w(2,252,39,93,93)
w(8,77,39,94,94)
w(82,8,39,95,95)
r(0,701,39,96,96)
w(1,356,39,97,97)
w(41,21,39,98,98)
w(80,9,39,99,99)
w(20,30,40,0,0)
w(1,357,40,1,1)
r(4,146,40,2,2)
w(35,24,40,3,3)
w(0,702,40,4,4)
w(7,74,40,5,5)
w(5,120,40,6,6)
w(11,46,40,7,7)
w(98,9,40,8,8)
w(6,103,40,9,9)
w(22,39,40,10,10)
w(16,44,40,11,11)
r(93,6,40,12,12)
w(2,253,40,13,13)
w(22,40,40,14,14)
w(3,189,40,15,15)
w(2,254,40,16,16)
w(45,24,40,17,17)
w(1,358,40,18,18)
w(9,74,40,19,19)
w(6,104,40,20,20)
w(0,703,40,21,21)
w(4,147,40,22,22)
w(2,255,40,23,23)
w(2,256,40,24,24)
w(40,19,40,25,25)
r(10,72,40,26,26)
w(23,30,40,27,27)
w(1,359,40,28,28)
w(33,19,40,29,29)
w(7,75,40,30,30)
r(15,43,40,31,31)
w(36,18,40,32,32)
w(3,190,40,33,33)
w(96,6,40,34,34)
w(6,105,40,35,35)
w(59,16,40,36,36)
w(63,13,40,37,37)
w(13,44,40,38,38)
w(55,16,40,39,39)
w(86,8,40,40,40)
w(62,13,40,41,41)
w(3,191,40,42,42)
r(46,18,40,43,43)
w(9,75,40,44,44)
w(1,360,40,45,45)
w(2,257,40,46,46)
w(16,45,40,47,47)
w(0,704,40,48,48)
w(71,11,40,49,49)
w(57,4,40,50,50)
w(14,49,40,51,51)
w(9,76,40,52,52)
r(0,704,40,53,53)
w(0,705,40,54,54)
r(3,191,40,55,55)
w(0,706,40,56,56)
w(2,258,40,57,57)
w(29,26,40,58,58)
w(9,77,40,59,59)
w(1,361,40,60,60)
w(0,707,40,61,61)
r(32,18,40,62,62)
w(7,76,40,63,63)
w(0,708,40,64,64)
r(11,46,40,65,65)
w(47,17,40,66,66)
w(15,44,40,67,67)
w(0,709,40,68,68)
w(1,362,40,69,69)
w(17,30,40,70,70)
w(0,710,40,71,71)
w(0,711,40,72,72)
w(20,31,40,73,73)
w(7,77,40,74,74)
w(0,712,40,75,75)
w(0,713,40,76,76)
w(3,192,40,77,77)
w(0,714,40,78,78)
w(19,40,40,79,79)
r(64,9,40,80,80)
w(41,22,40,81,81)
w(60,9,40,82,82)
w(12,53,40,83,83)
w(0,715,40,84,84)
w(30,20,40,85,85)
w(1,363,40,86,86)
w(37,13,40,87,87)
w(0,716,40,88,88)
w(26,27,40,89,89)
w(68,10,40,90,90)
w(66,10,40,91,91)
w(73,15,40,92,92)
r(8,77,40,93,93)
w(30,21,40,94,94)
w(59,17,40,95,95)
w(4,148,40,96,96)
w(14,50,40,97,97)
w(7,78,40,98,98)
w(0,717,40,99,99)
w(0,718,41,0,0)
w(19,41,41,1,1)
w(0,719,41,2,2)
w(1,364,41,3,3)
w(0,720,41,4,4)
w(77,6,41,5,5)
w(11,47,41,6,6)
w(1,365,41,7,7)
w(22,41,41,8,8)
w(1,366,41,9,9)
w(7,79,41,10,10)
w(33,20,41,11,11)
r(11,47,41,12,12)
w(68,11,41,13,13)
w(10,73,41,14,14)
w(5,121,41,15,15)
w(13,45,41,16,16)
w(11,48,41,17,17)
w(2,259,41,18,18)
r(0,720,41,19,19)
w(64,10,41,20,20)
w(1,367,41,21,21)
w(19,42,41,22,22)
w(0,721,41,23,23)
w(4,149,41,24,24)
w(16,46,41,25,25)
w(0,722,41,26,26)
w(6,106,41,27,27)
w(9,78,41,28,28)
r(2,259,41,29,29)
w(15,45,41,30,30)
w(0,723,41,31,31)
w(50,13,41,32,32)
w(2,260,41,33,33)
w(71,12,41,34,34)
w(2,261,41,35,35)
w(0,724,41,36,36)
w(0,725,41,37,37)
w(4,150,41,38,38)
w(4,151,41,39,39)
w(1,368,41,40,40)
w(2,262,41,41,41)
w(27,23,41,42,42)
w(19,43,41,43,43)
w(94,9,41,44,44)
w(5,122,41,45,45)
w(0,726,41,46,46)
w(68,12,41,47,47)
w(3,193,41,48,48)
w(48,13,41,49,49)
w(4,152,41,50,50)
w(1,369,41,51,51)
w(59,18,41,52,52)
w(79,9,41,53,53)
w(22,42,41,54,54)
w(3,194,41,55,55)
r(4,152,41,56,56)
r(0,726,41,57,57)
w(1,370,41,58,58)
r(1,370,41,59,59)
w(7,80,41,60,60)
w(2,263,41,61,61)
w(3,195,41,62,62)
w(5,123,41,63,63)
w(14,51,41,64,64)
w(2,264,41,65,65)
w(1,371,41,66,66)
w(23,31,41,67,67)
r(57,4,41,68,68)
w(21,50,41,69,69)
w(21,51,41,70,70)
w(17,31,41,71,71)
w(67,8,41,72,72)
r(0,726,41,73,73)
w(38,22,41,74,74)
w(29,27,41,75,75)
w(21,52,41,76,76)
w(12,54,41,77,77)
w(0,727,41,78,78)
r(0,727,41,79,79)
w(0,728,41,80,80)
w(0,729,41,81,81)
w(31,22,41,82,82)
r(27,23,41,83,83)
r(20,31,41,84,84)
r(65,8,41,85,85)
w(0,730,41,86,86)
w(79,10,41,87,87)
w(4,153,41,88,88)
w(0,731,41,89,89)
w(54,12,41,90,90)
w(9,79,41,91,91)
w(14,52,41,92,92)
w(0,732,41,93,93)
w(2,265,41,94,94)
w(2,266,41,95,95)
w(3,196,41,96,96)
w(91,6,41,97,97)
w(1,372,41,98,98)
w(77,7,41,99,99)
w(0,733,42,0,0)
w(17,32,42,1,1)
w(4,154,42,2,2)
w(0,734,42,3,3)
w(26,28,42,4,4)
w(0,735,42,5,5)
w(3,197,42,6,6)
w(6,107,42,7,7)
w(8,78,42,8,8)
w(56,14,42,9,9)
w(7,81,42,10,10)
w(0,736,42,11,11)
w(0,737,42,12,12)
w(2,267,42,13,13)
w(0,738,42,14,14)
w(75,14,42,15,15)
w(7,82,42,16,16)
r(0,738,42,17,17)
w(0,739,42,18,18)
r(77,7,42,19,19)
w(20,32,42,20,20)
w(0,740,42,21,21)
w(13,46,42,22,22)
w(0,741,42,23,23)
w(0,742,42,24,24)
w(38,23,42,25,25)
w(45,25,42,26,26)
w(58,14,42,27,27)
w(37,14,42,28,28)
w(56,15,42,29,29)
w(4,155,42,30,30)
w(18,32,42,31,31)
w(26,29,42,32,32)
w(1,373,42,33,33)
r(0,742,42,34,34)
r(1,373,42,35,35)
w(26,30,42,36,36)
r(38,23,42,37,37)
w(42,18,42,38,38)
w(15,46,42,39,39)
w(4,156,42,40,40)
w(76,8,42,41,41)
w(0,743,42,42,42)
w(0,744,42,43,43)
w(59,19,42,44,44)
w(1,374,42,45,45)
w(3,198,42,46,46)
w(1,375,42,47,47)
w(1,376,42,48,48)
w(6,108,42,49,49)
w(4,157,42,50,50)
w(4,158,42,51,51)
w(17,33,42,52,52)
w(0,745,42,53,53)
w(20,33,42,54,54)
w(0,746,42,55,55)
w(0,747,42,56,56)
w(0,748,42,57,57)
w(0,749,42,58,58)
w(8,79,42,59,59)
w(3,199,42,60,60)
w(53,14,42,61,61)
w(2,268,42,62,62)
w(48,14,42,63,63)
r(16,46,42,64,64)
w(2,269,42,65,65)
w(53,15,42,66,66)
w(23,32,42,67,67)
w(94,10,42,68,68)
w(91,7,42,69,69)
w(13,47,42,70,70)
w(1,377,42,71,71)
r(58,14,42,72,72)
w(0,750,42,73,73)
w(0,751,42,74,74)
w(38,24,42,75,75)
w(7,83,42,76,76)
w(2,270,42,77,77)
w(0,752,42,78,78)
w(38,25,42,79,79)
r(1,377,42,80,80)
w(76,9,42,81,81)
w(1,378,42,82,82)
r(0,752,42,83,83)
w(98,10,42,84,84)
w(0,753,42,85,85)
w(31,23,42,86,86)
w(2,271,42,87,87)
w(0,754,42,88,88)
w(3,200,42,89,89)
w(4,159,42,90,90)
w(0,755,42,91,91)
r(9,79,42,92,92)
w(30,22,42,93,93)
r(4,159,42,94,94)
w(1,379,42,95,95)
w(0,756,42,96,96)
w(67,9,42,97,97)
w(27,24,42,98,98)
w(3,201,42,99,99)
w(0,757,43,0,0)
w(16,47,43,1,1)
w(28,26,43,2,2)
w(1,380,43,3,3)
w(4,160,43,4,4)
w(0,758,43,5,5)
w(0,759,43,6,6)
w(12,55,43,7,7)
w(19,44,43,8,8)
w(10,74,43,9,9)
w(11,49,43,10,10)
w(1,381,43,11,11)
w(1,382,43,12,12)
w(9,80,43,13,13)
w(44,16,43,14,14)
w(0,760,43,15,15)
w(0,761,43,16,16)
w(3,202,43,17,17)
w(16,48,43,18,18)
w(4,161,43,19,19)
w(24,20,43,20,20)
w(19,45,43,21,21)
w(8,80,43,22,22)
r(26,30,43,23,23)
r(1,382,43,24,24)
w(59,20,43,25,25)
w(4,162,43,26,26)
w(5,124,43,27,27)
w(0,762,43,28,28)
w(0,763,43,29,29)
w(28,27,43,30,30)
w(27,25,43,31,31)
w(0,764,43,32,32)
w(39,17,43,33,33)
w(4,163,43,34,34)
r(87,5,43,35,35)
w(0,765,43,36,36)
w(4,164,43,37,37)
w(16,49,43,38,38)
w(8,81,43,39,39)
r(3,202,43,40,40)
w(57,5,43,41,41)
w(2,272,43,42,42)
w(44,17,43,43,43)
w(20,34,43,44,44)
w(5,125,43,45,45)
r(0,765,43,46,46)
w(14,53,43,47,47)
w(19,46,43,48,48)
w(10,75,43,49,49)
w(7,84,43,50,50)
w(31,24,43,51,51)
w(64,11,43,52,52)
w(0,766,43,53,53)
w(4,165,43,54,54)
w(2,273,43,55,55)
w(5,126,43,56,56)
w(3,203,43,57,57)
w(61,11,43,58,58)
w(3,204,43,59,59)
w(2,274,43,60,60)
w(7,85,43,61,61)
r(4,165,43,62,62)
w(56,16,43,63,63)
w(10,76,43,64,64)
w(0,767,43,65,65)
w(17,34,43,66,66)
w(63,14,43,67,67)
w(37,15,43,68,68)
w(1,383,43,69,69)
w(0,768,43,70,70)
r(9,80,43,71,71)
w(63,15,43,72,72)
w(2,275,43,73,73)
w(14,54,43,74,74)
w(1,384,43,75,75)
w(1,385,43,76,76)
w(52,10,43,77,77)
r(42,18,43,78,78)
w(1,386,43,79,79)
w(1,387,43,80,80)
w(0,769,43,81,81)
w(0,770,43,82,82)
w(0,771,43,83,83)
w(14,55,43,84,84)
w(1,388,43,85,85)
w(22,43,43,86,86)
w(4,166,43,87,87)
w(0,772,43,88,88)
w(5,127,43,89,89)
w(16,50,43,90,90)
r(0,772,43,91,91)
w(47,18,43,92,92)
w(28,28,43,93,93)
w(46,19,43,94,94)
w(35,25,43,95,95)
w(60,10,43,96,96)
w(55,17,43,97,97)
w(0,773,43,98,98)
w(4,167,43,99,99)
r(0,773,44,0,0)
w(7,86,44,1,1)
w(97,6,44,2,2)
w(59,21,44,3,3)
w(2,276,44,4,4)
w(0,774,44,5,5)
r(20,34,44,6,6)
w(0,775,44,7,7)
r(21,52,44,8,8)
w(47,19,44,9,9)
w(0,776,44,10,10)
w(5,128,44,11,11)
w(0,777,44,12,12)
w(5,129,44,13,13)
w(5,130,44,14,14)
w(92,5,44,15,15)
w(0,778,44,16,16)
w(1,389,44,17,17)
w(0,779,44,18,18)
w(27,26,44,19,19)
r(0,779,44,20,20)
w(8,82,44,21,21)
w(60,11,44,22,22)
w(1,390,44,23,23)
w(19,47,44,24,24)
w(53,16,44,25,25)
w(1,391,44,26,26)
w(54,13,44,27,27)
r(5,130,44,28,28)
w(3,205,44,29,29)
w(3,206,44,30,30)
w(1,392,44,31,31)
w(8,83,44,32,32)
w(2,277,44,33,33)
w(0,780,44,34,34)
w(68,13,44,35,35)
w(34,17,44,36,36)
r(50,13,44,37,37)
w(9,81,44,38,38)
w(31,25,44,39,39)
w(2,278,44,40,40)
w(45,26,44,41,41)
w(3,207,44,42,42)
w(25,27,44,43,43)
r(86,8,44,44,44)
w(13,48,44,45,45)
w(0,781,44,46,46)
w(14,56,44,47,47)
w(5,131,44,48,48)
r(3,207,44,49,49)
w(27,27,44,50,50)
w(1,393,44,51,51)
w(7,87,44,52,52)
w(29,28,44,53,53)
w(78,8,44,54,54)
w(3,208,44,55,55)
w(0,782,44,56,56)
w(1,394,44,57,57)
w(2,279,44,58,58)
w(41,23,44,59,59)
w(0,783,44,60,60)
w(4,168,44,61,61)
w(4,169,44,62,62)
w(9,82,44,63,63)
w(2,280,44,64,64)
w(0,784,44,65,65)
w(12,56,44,66,66)
w(2,281,44,67,67)
w(48,15,44,68,68)
w(49,20,44,69,69)
w(0,785,44,70,70)
w(60,12,44,71,71)
w(4,170,44,72,72)
w(82,9,44,73,73)
w(11,50,44,74,74)
w(79,11,44,75,75)
w(78,9,44,76,76)
w(0,786,44,77,77)
w(52,11,44,78,78)
w(3,209,44,79,79)
w(60,13,44,80,80)
w(27,28,44,81,81)
w(48,16,44,82,82)
w(22,44,44,83,83)
w(43,17,44,84,84)
w(1,395,44,85,85)
w(10,77,44,86,86)
w(0,787,44,87,87)
w(0,788,44,88,88)
r(21,52,44,89,89)
r(47,19,44,90,90)
w(1,396,44,91,91)
w(0,789,44,92,92)
w(1,397,44,93,93)
w(5,132,44,94,94)
w(19,48,44,95,95)
w(53,17,44,96,96)
w(94,11,44,97,97)
w(11,51,44,98,98)
r(3,209,44,99,99)
w(0,790,45,0,0)
w(21,53,45,1,1)
w(11,52,45,2,2)
r(86,8,45,3,3)
w(0,791,45,4,4)
w(78,10,45,5,5)
w(66,11,45,6,6)
w(2,282,45,7,7)
w(3,210,45,8,8)
w(25,28,45,9,9)
w(24,21,45,10,10)
w(35,26,45,11,11)
w(51,14,45,12,12)
w(2,283,45,13,13)
w(11,53,45,14,14)
w(1,398,45,15,15)
w(27,29,45,16,16)
w(11,54,45,17,17)
w(1,399,45,18,18)
w(12,57,45,19,19)
r(8,83,45,20,20)
w(8,84,45,21,21)
r(0,791,45,22,22)
w(4,171,45,23,23)
r(0,791,45,24,24)
w(0,792,45,25,25)
w(49,21,45,26,26)
w(4,172,45,27,27)
r(0,792,45,28,28)
w(10,78,45,29,29)
w(11,55,45,30,30)
w(0,793,45,31,31)
w(4,173,45,32,32)
w(11,56,45,33,33)
r(63,15,45,34,34)
r(57,5,45,35,35)
w(0,794,45,36,36)
w(0,795,45,37,37)
w(29,29,45,38,38)
w(2,284,45,39,39)
r(0,795,45,40,40)
w(0,796,45,41,41)
w(2,285,45,42,42)
w(32,19,45,43,43)
w(7,88,45,44,44)
w(1,400,45,45,45)
w(15,47,45,46,46)
w(2,286,45,47,47)
w(0,797,45,48,48)
w(37,16,45,49,49)
w(6,109,45,50,50)
r(7,88,45,51,51)
w(40,20,45,52,52)
w(33,21,45,53,53)
w(16,51,45,54,54)
w(58,15,45,55,55)
r(3,210,45,56,56)
w(10,79,45,57,57)
w(1,401,45,58,58)
r(8,84,45,59,59)
w(1,402,45,60,60)
w(3,211,45,61,61)
w(11,57,45,62,62)
w(19,49,45,63,63)
r(0,797,45,64,64)
w(72,5,45,65,65)
w(7,89,45,66,66)
w(4,174,45,67,67)
w(0,798,45,68,68)
w(4,175,45,69,69)
w(8,85,45,70,70)
w(11,58,45,71,71)
w(2,287,45,72,72)
w(19,50,45,73,73)
w(56,17,45,74,74)
w(65,9,45,75,75)
w(9,83,45,76,76)
w(0,799,45,77,77)
w(1,403,45,78,78)
w(4,176,45,79,79)
w(5,133,45,80,80)
w(74,9,45,81,81)
w(4,177,45,82,82)
w(0,800,45,83,83)
w(20,35,45,84,84)
w(1,404,45,85,85)
w(81,7,45,86,86)
w(1,405,45,87,87)
r(7,89,45,88,88)
r(14,56,45,89,89)
w(3,212,45,90,90)
w(61,12,45,91,91)
w(5,134,45,92,92)
w(21,54,45,93,93)
w(1,406,45,94,94)
w(91,8,45,95,95)
w(1,407,45,96,96)
r(73,15,45,97,97)
w(7,90,45,98,98)
w(70,13,45,99,99)
w(1,408,46,0,0)
w(0,801,46,1,1)
w(0,802,46,2,2)
w(44,18,46,3,3)
w(1,409,46,4,4)
w(69,8,46,5,5)
r(1,409,46,6,6)
w(5,135,46,7,7)
w(0,803,46,8,8)
w(25,29,46,9,9)
w(0,804,46,10,10)
w(0,805,46,11,11)
w(24,22,46,12,12)
w(0,806,46,13,13)
w(58,16,46,14,14)
w(8,86,46,15,15)
w(33,22,46,16,16)
w(19,51,46,17,17)
w(15,48,46,18,18)
w(0,807,46,19,19)
w(8,87,46,20,20)
w(58,17,46,21,21)
w(61,13,46,22,22)
w(87,6,46,23,23)
w(3,213,46,24,24)
w(1,410,46,25,25)
w(22,45,46,26,26)
w(3,214,46,27,27)
w(10,80,46,28,28)
w(60,14,46,29,29)
w(3,215,46,30,30)
w(28,29,46,31,31)
w(1,411,46,32,32)
w(37,17,46,33,33)
w(13,49,46,34,34)
w(3,216,46,35,35)
r(0,807,46,36,36)
w(18,33,46,37,37)
w(69,9,46,38,38)
w(10,81,46,39,39)
w(0,808,46,40,40)
w(16,52,46,41,41)
w(0,809,46,42,42)
w(0,810,46,43,43)
w(71,13,46,44,44)
w(22,46,46,45,45)
w(21,55,46,46,46)
r(0,810,46,47,47)
w(2,288,46,48,48)
w(6,110,46,49,49)
w(0,811,46,50,50)
w(7,91,46,51,51)
w(6,111,46,52,52)
w(0,812,46,53,53)
w(29,30,46,54,54)
w(15,49,46,55,55)
w(5,136,46,56,56)
w(1,412,46,57,57)
w(77,8,46,58,58)
w(2,289,46,59,59)
w(0,813,46,60,60)
w(0,814,46,61,61)
w(4,178,46,62,62)
w(20,36,46,63,63)
w(10,82,46,64,64)
w(0,815,46,65,65)
w(16,53,46,66,66)
w(4,179,46,67,67)
w(2,290,46,68,68)
w(16,54,46,69,69)
w(6,112,46,70,70)
w(0,816,46,71,71)
w(92,6,46,72,72)
w(0,817,46,73,73)
w(9,84,46,74,74)
w(9,85,46,75,75)
w(0,818,46,76,76)
w(0,819,46,77,77)
w(0,820,46,78,78)
w(4,180,46,79,79)
w(22,47,46,80,80)
w(12,58,46,81,81)
w(33,23,46,82,82)
w(5,137,46,83,83)
w(2,291,46,84,84)
w(3,217,46,85,85)
w(28,30,46,86,86)
w(2,292,46,87,87)
w(0,821,46,88,88)
w(0,822,46,89,89)
w(0,823,46,90,90)
w(9,86,46,91,91)
w(63,16,46,92,92)
w(54,14,46,93,93)
w(0,824,46,94,94)
w(18,34,46,95,95)
w(36,19,46,96,96)
r(16,54,46,97,97)
w(1,413,46,98,98)
w(4,181,46,99,99)
r(19,51,47,0,0)
w(1,414,47,1,1)
w(23,33,47,2,2)
w(4,182,47,3,3)
w(64,12,47,4,4)
w(3,218,47,5,5)
w(0,825,47,6,6)
w(2,293,47,7,7)
w(6,113,47,8,8)
w(4,183,47,9,9)
w(96,7,47,10,10)
w(3,219,47,11,11)
r(17,34,47,12,12)
w(11,59,47,13,13)
w(13,50,47,14,14)
w(0,826,47,15,15)
w(0,827,47,16,16)
w(5,138,47,17,17)
w(9,87,47,18,18)
w(24,23,47,19,19)
r(25,29,47,20,20)
w(18,35,47,21,21)
w(22,48,47,22,22)
w(31,26,47,23,23)
w(30,23,47,24,24)
w(94,12,47,25,25)
w(0,828,47,26,26)
r(82,9,47,27,27)
w(0,829,47,28,28)
r(9,87,47,29,29)
w(6,114,47,30,30)
w(0,830,47,31,31)
w(28,31,47,32,32)
w(13,51,47,33,33)
w(0,831,47,34,34)
w(7,92,47,35,35)
w(2,294,47,36,36)
r(0,831,47,37,37)
w(3,220,47,38,38)
w(19,52,47,39,39)
w(87,7,47,40,40)
w(0,832,47,41,41)
w(2,295,47,42,42)
w(0,833,47,43,43)
w(12,59,47,44,44)
w(0,834,47,45,45)
w(63,17,47,46,46)
w(12,60,47,47,47)
w(0,835,47,48,48)
w(28,32,47,49,49)
w(25,30,47,50,50)
w(1,415,47,51,51)
w(1,416,47,52,52)
w(6,115,47,53,53)
w(16,55,47,54,54)
w(82,10,47,55,55)
w(0,836,47,56,56)
w(1,417,47,57,57)
r(19,52,47,58,58)
w(2,296,47,59,59)
w(0,837,47,60,60)
w(4,184,47,61,61)
w(41,24,47,62,62)
w(7,93,47,63,63)
w(4,185,47,64,64)
w(0,838,47,65,65)
r(14,56,47,66,66)
r(1,417,47,67,67)
r(72,5,47,68,68)
w(3,221,47,69,69)
w(44,19,47,70,70)
w(70,14,47,71,71)
w(9,88,47,72,72)
w(0,839,47,73,73)
w(86,9,47,74,74)
w(3,222,47,75,75)
w(0,840,47,76,76)
w(47,20,47,77,77)
w(1,418,47,78,78)
w(60,15,47,79,79)
w(0,841,47,80,80)
r(0,841,47,81,81)
w(10,83,47,82,82)
w(1,419,47,83,83)
w(2,297,47,84,84)
w(3,223,47,85,85)
w(82,11,47,86,86)
w(28,33,47,87,87)
w(0,842,47,88,88)
r(0,842,47,89,89)
r(3,223,47,90,90)
w(14,57,47,91,91)
w(3,224,47,92,92)
r(0,842,47,93,93)
w(3,225,47,94,94)
r(1,419,47,95,95)
r(96,7,47,96,96)
w(83,9,47,97,97)
w(9,89,47,98,98)
w(15,50,47,99,99)
w(5,139,48,0,0)
w(0,843,48,1,1)
w(0,844,48,2,2)
w(12,61,48,3,3)
w(0,845,48,4,4)
w(18,36,48,5,5)
w(27,30,48,6,6)
w(32,20,48,7,7)
w(2,298,48,8,8)
w(8,88,48,9,9)
w(9,90,48,10,10)
w(0,846,48,11,11)
w(14,58,48,12,12)
w(8,89,48,13,13)
w(0,847,48,14,14)
w(2,299,48,15,15)
w(0,848,48,16,16)
w(56,18,48,17,17)
w(62,14,48,18,18)
w(3,226,48,19,19)
w(0,849,48,20,20)
w(12,62,48,21,21)
w(16,56,48,22,22)
r(0,849,48,23,23)
r(0,849,48,24,24)
w(1,420,48,25,25)
w(7,94,48,26,26)
w(0,850,48,27,27)
w(20,37,48,28,28)
w(2,300,48,29,29)
w(34,18,48,30,30)
w(29,31,48,31,31)
w(11,60,48,32,32)
w(5,140,48,33,33)
w(17,35,48,34,34)
r(0,850,48,35,35)
w(0,851,48,36,36)
w(72,6,48,37,37)
w(1,421,48,38,38)
w(0,852,48,39,39)
w(6,116,48,40,40)
w(20,38,48,41,41)
r(38,25,48,42,42)
w(59,22,48,43,43)
w(2,301,48,44,44)
w(0,853,48,45,45)
w(11,61,48,46,46)
w(74,10,48,47,47)
w(46,20,48,48,48)
w(52,12,48,49,49)
w(3,227,48,50,50)
w(0,854,48,51,51)
w(3,228,48,52,52)
w(38,26,48,53,53)
w(1,422,48,54,54)
w(11,62,48,55,55)
r(23,33,48,56,56)
w(5,141,48,57,57)
w(0,855,48,58,58)
w(4,186,48,59,59)
w(0,856,48,60,60)
w(0,857,48,61,61)
w(5,142,48,62,62)
w(44,20,48,63,63)
w(8,90,48,64,64)
w(5,143,48,65,65)
r(1,422,48,66,66)
w(4,187,48,67,67)
w(14,59,48,68,68)
w(90,6,48,69,69)
w(1,423,48,70,70)
w(1,424,48,71,71)
w(4,188,48,72,72)
w(3,229,48,73,73)
w(11,63,48,74,74)
w(0,858,48,75,75)
w(7,95,48,76,76)
w(0,859,48,77,77)
w(45,27,48,78,78)
w(14,60,48,79,79)
r(0,859,48,80,80)
w(0,860,48,81,81)
w(1,425,48,82,82)
w(0,861,48,83,83)
w(47,21,48,84,84)
w(0,862,48,85,85)
w(0,863,48,86,86)
r(0,863,48,87,87)
w(77,9,48,88,88)
w(3,230,48,89,89)
w(12,63,48,90,90)
w(0,864,48,91,91)
w(0,865,48,92,92)
w(0,866,48,93,93)
w(0,867,48,94,94)
w(2,302,48,95,95)
w(1,426,48,96,96)
w(8,91,48,97,97)
w(5,144,48,98,98)
w(16,57,48,99,99)
w(1,427,49,0,0)
w(4,189,49,1,1)
w(6,117,49,2,2)
w(2,303,49,3,3)
w(6,118,49,4,4)
w(0,868,49,5,5)
w(60,16,49,6,6)
w(8,92,49,7,7)
w(7,96,49,8,8)
w(27,31,49,9,9)
w(6,119,49,10,10)
w(8,93,49,11,11)
w(35,27,49,12,12)
w(4,190,49,13,13)
w(5,145,49,14,14)
w(24,24,49,15,15)
w(1,428,49,16,16)
w(6,120,49,17,17)
w(1,429,49,18,18)
w(6,121,49,19,19)
w(0,869,49,20,20)
w(2,304,49,21,21)
w(27,32,49,22,22)
w(0,870,49,23,23)
w(15,51,49,24,24)
w(4,191,49,25,25)
w(15,52,49,26,26)
w(0,871,49,27,27)
w(33,24,49,28,28)
w(0,872,49,29,29)
r(2,304,49,30,30)
w(2,305,49,31,31)
w(20,39,49,32,32)
w(8,94,49,33,33)
w(74,11,49,34,34)
w(1,430,49,35,35)
w(2,306,49,36,36)
w(3,231,49,37,37)
w(89,8,49,38,38)
w(3,232,49,39,39)
w(8,95,49,40,40)
w(20,40,49,41,41)
w(0,873,49,42,42)
w(0,874,49,43,43)
w(17,36,49,44,44)
w(0,875,49,45,45)
w(1,431,49,46,46)
w(0,876,49,47,47)
r(2,306,49,48,48)
w(24,25,49,49,49)
w(66,12,49,50,50)
w(55,18,49,51,51)
w(43,18,49,52,52)
w(17,37,49,53,53)
w(11,64,49,54,54)
w(69,10,49,55,55)
w(0,877,49,56,56)
w(0,878,49,57,57)
w(1,432,49,58,58)
w(2,307,49,59,59)
w(23,34,49,60,60)
w(9,91,49,61,61)
w(38,27,49,62,62)
w(92,7,49,63,63)
w(0,879,49,64,64)
w(96,8,49,65,65)
w(4,192,49,66,66)
w(91,9,49,67,67)
w(8,96,49,68,68)
w(3,233,49,69,69)
w(0,880,49,70,70)
w(4,193,49,71,71)
r(80,9,49,72,72)
w(34,19,49,73,73)
w(5,146,49,74,74)
w(0,881,49,75,75)
w(10,84,49,76,76)
w(3,234,49,77,77)
w(25,31,49,78,78)
w(46,21,49,79,79)
w(2,308,49,80,80)
w(91,10,49,81,81)
w(8,97,49,82,82)
r(3,234,49,83,83)
w(28,34,49,84,84)
w(0,882,49,85,85)
r(14,60,49,86,86)
w(42,19,49,87,87)
w(3,235,49,88,88)
w(7,97,49,89,89)
w(68,14,49,90,90)
w(6,122,49,91,91)
w(11,65,49,92,92)
w(0,883,49,93,93)
w(65,10,49,94,94)
w(0,884,49,95,95)
w(87,8,49,96,96)
w(5,147,49,97,97)
w(83,10,49,98,98)
w(3,236,49,99,99)
