r(0,0,0,0,0)
r(1,0,0,1,1)
r(9,0,0,2,2)
r(4,0,0,3,3)
r(128,0,0,4,4)
r(1,0,0,5,5)
w(0,1,0,6,6)
r(5,0,0,7,7)
r(174,0,0,8,8)
r(93,0,0,9,9)
r(2,0,0,10,10)
r(39,0,0,11,11)
w(6,1,0,12,12)
r(74,0,0,13,13)
r(140,0,0,14,14)
r(0,1,0,15,15)
r(916,0,0,16,16)
r(2,0,0,17,17)
r(123,0,0,18,18)
r(0,1,0,19,19)
r(0,1,0,20,20)
r(4,0,0,21,21)
r(5,0,0,22,22)
r(61,0,0,23,23)
r(1,0,0,24,24)
r(0,1,0,25,25)
r(0,1,0,26,26)
r(10,0,0,27,27)
r(465,0,0,28,28)
r(0,1,0,29,29)
r(41,0,0,30,30)
w(7,1,0,31,31)
r(0,1,0,32,32)
r(2,0,0,33,33)
r(0,1,0,34,34)
r(27,0,0,35,35)
r(14,0,0,36,36)
w(359,1,0,37,37)
r(0,1,0,38,38)
r(2,0,0,39,39)
r(422,0,0,40,40)
r(0,1,0,41,41)
r(3,0,0,42,42)
r(9,0,0,43,43)
r(117,0,0,44,44)
r(3,0,0,45,45)
r(96,0,0,46,46)
r(13,0,0,47,47)
r(0,1,0,48,48)
r(4,0,0,49,49)
r(1,0,0,50,50)
r(899,0,0,51,51)
r(71,0,0,52,52)
r(302,0,0,53,53)
r(124,0,0,54,54)
w(15,1,0,55,55)
r(527,0,0,56,56)
r(0,1,0,57,57)
r(545,0,0,58,58)
r(23,0,0,59,59)
w(4,1,0,60,60)
r(93,0,0,61,61)
r(20,0,0,62,62)
r(1,0,0,63,63)
w(15,2,0,64,64)
r(0,1,0,65,65)
r(148,0,0,66,66)
r(5,0,0,67,67)
r(216,0,0,68,68)
r(15,2,0,69,69)
r(10,0,0,70,70)
r(9,0,0,71,71)
r(0,1,0,72,72)
r(520,0,0,73,73)
r(30,0,0,74,74)
r(324,0,0,75,75)
r(658,0,0,76,76)
r(10,0,0,77,77)
r(279,0,0,78,78)
w(254,1,0,79,79)
r(716,0,0,80,80)
r(17,0,0,81,81)
r(0,1,0,82,82)
r(0,1,0,83,83)
r(4,1,0,84,84)
r(29,0,0,85,85)
r(0,1,0,86,86)
r(320,0,0,87,87)
r(1,0,0,88,88)
r(118,0,0,89,89)
r(65,0,0,90,90)
w(677,1,0,91,91)
r(175,0,0,92,92)
r(36,0,0,93,93)
r(304,0,0,94,94)
r(431,0,0,95,95)
w(0,2,0,96,96)
r(141,0,0,97,97)
r(0,2,0,98,98)
r(131,0,0,99,99)
r(47,0,1,0,0)
r(15,2,1,1,1)
r(1,0,1,2,2)
r(45,0,1,3,3)
r(5,0,1,4,4)
r(3,0,1,5,5)
r(384,0,1,6,6)
w(40,1,1,7,7)
r(737,0,1,8,8)
r(5,0,1,9,9)
r(64,0,1,10,10)
r(232,0,1,11,11)
r(9,0,1,12,12)
r(8,0,1,13,13)
r(0,2,1,14,14)
r(0,2,1,15,15)
r(0,2,1,16,16)
r(109,0,1,17,17)
r(0,2,1,18,18)
r(1,0,1,19,19)
r(0,2,1,20,20)
r(88,0,1,21,21)
r(230,0,1,22,22)
r(443,0,1,23,23)
r(4,1,1,24,24)
r(0,2,1,25,25)
r(910,0,1,26,26)
r(20,0,1,27,27)
r(99,0,1,28,28)
w(35,1,1,29,29)
r(10,0,1,30,30)
r(147,0,1,31,31)
r(56,0,1,32,32)
r(0,2,1,33,33)
r(0,2,1,34,34)
r(24,0,1,35,35)
r(59,0,1,36,36)
r(0,2,1,37,37)
r(979,0,1,38,38)
r(1,0,1,39,39)
r(4,1,1,40,40)
r(2,0,1,41,41)
r(199,0,1,42,42)
r(957,0,1,43,43)
w(1,1,1,44,44)
r(18,0,1,45,45)
r(907,0,1,46,46)
r(0,2,1,47,47)
w(1,2,1,48,48)
r(10,0,1,49,49)
r(584,0,1,50,50)
r(0,2,1,51,51)
r(300,0,1,52,52)
r(48,0,1,53,53)
r(408,0,1,54,54)
r(1,2,1,55,55)
r(76,0,1,56,56)
r(278,0,1,57,57)
w(2,1,1,58,58)
r(468,0,1,59,59)
r(802,0,1,60,60)
r(0,2,1,61,61)
r(9,0,1,62,62)
r(16,0,1,63,63)
r(2,1,1,64,64)
r(962,0,1,65,65)
r(712,0,1,66,66)
w(20,1,1,67,67)
r(484,0,1,68,68)
r(61,0,1,69,69)
r(1,2,1,70,70)
w(483,1,1,71,71)
r(78,0,1,72,72)
r(0,2,1,73,73)
r(0,2,1,74,74)
r(0,2,1,75,75)
r(688,0,1,76,76)
r(51,0,1,77,77)
r(528,0,1,78,78)
r(10,0,1,79,79)
r(66,0,1,80,80)
r(130,0,1,81,81)
r(0,2,1,82,82)
w(18,1,1,83,83)
w(88,1,1,84,84)
r(9,0,1,85,85)
r(0,2,1,86,86)
r(31,0,1,87,87)
r(871,0,1,88,88)
r(54,0,1,89,89)
r(170,0,1,90,90)
r(312,0,1,91,91)
r(20,1,1,92,92)
r(66,0,1,93,93)
w(1,3,1,94,94)
r(2,1,1,95,95)
r(13,0,1,96,96)
r(1,3,1,97,97)
r(145,0,1,98,98)
r(103,0,1,99,99)
r(13,0,2,0,0)
r(922,0,2,1,1)
r(24,0,2,2,2)
r(13,0,2,3,3)
r(39,0,2,4,4)
r(0,2,2,5,5)
w(81,1,2,6,6)
r(795,0,2,7,7)
r(1,3,2,8,8)
r(1,3,2,9,9)
r(84,0,2,10,10)
r(48,0,2,11,11)
w(130,1,2,12,12)
r(246,0,2,13,13)
r(3,0,2,14,14)
r(408,0,2,15,15)
r(3,0,2,16,16)
r(42,0,2,17,17)
r(31,0,2,18,18)
r(3,0,2,19,19)
r(3,0,2,20,20)
r(0,2,2,21,21)
r(216,0,2,22,22)
r(161,0,2,23,23)
w(183,1,2,24,24)
r(65,0,2,25,25)
r(37,0,2,26,26)
r(9,0,2,27,27)
r(0,2,2,28,28)
r(0,2,2,29,29)
r(20,1,2,30,30)
r(3,0,2,31,31)
r(1,3,2,32,32)
r(70,0,2,33,33)
r(0,2,2,34,34)
r(25,0,2,35,35)
r(19,0,2,36,36)
r(6,1,2,37,37)
r(19,0,2,38,38)
r(42,0,2,39,39)
r(28,0,2,40,40)
r(3,0,2,41,41)
r(1,3,2,42,42)
r(1,3,2,43,43)
r(352,0,2,44,44)
r(184,0,2,45,45)
w(0,3,2,46,46)
r(30,0,2,47,47)
r(14,0,2,48,48)
r(644,0,2,49,49)
r(0,3,2,50,50)
r(989,0,2,51,51)
r(12,0,2,52,52)
r(30,0,2,53,53)
w(15,3,2,54,54)
r(3,0,2,55,55)
r(20,1,2,56,56)
w(3,1,2,57,57)
r(9,0,2,58,58)
r(0,3,2,59,59)
r(2,1,2,60,60)
r(627,0,2,61,61)
r(26,0,2,62,62)
r(68,0,2,63,63)
r(6,1,2,64,64)
r(225,0,2,65,65)
w(298,1,2,66,66)
w(275,1,2,67,67)
r(0,3,2,68,68)
r(3,1,2,69,69)
r(1,3,2,70,70)
r(45,0,2,71,71)
w(3,2,2,72,72)
r(0,3,2,73,73)
r(0,3,2,74,74)
r(8,0,2,75,75)
r(31,0,2,76,76)
r(495,0,2,77,77)
r(542,0,2,78,78)
r(114,0,2,79,79)
r(329,0,2,80,80)
r(233,0,2,81,81)
r(2,1,2,82,82)
r(546,0,2,83,83)
r(933,0,2,84,84)
r(80,0,2,85,85)
r(137,0,2,86,86)
r(18,1,2,87,87)
r(60,0,2,88,88)
r(11,0,2,89,89)
r(276,0,2,90,90)
r(1,3,2,91,91)
r(2,1,2,92,92)
r(34,0,2,93,93)
r(238,0,2,94,94)
w(4,2,2,95,95)
r(19,0,2,96,96)
r(0,3,2,97,97)
r(1,3,2,98,98)
r(4,2,2,99,99)
r(18,1,3,0,0)
r(32,0,3,1,1)
r(3,2,3,2,2)
r(13,0,3,3,3)
w(59,1,3,4,4)
w(0,4,3,5,5)
r(25,0,3,6,6)
r(47,0,3,7,7)
r(8,0,3,8,8)
r(1,3,3,9,9)
r(1,3,3,10,10)
r(1,3,3,11,11)
r(165,0,3,12,12)
r(73,0,3,13,13)
r(253,0,3,14,14)
r(7,1,3,15,15)
w(541,1,3,16,16)
r(76,0,3,17,17)
r(0,4,3,18,18)
r(0,4,3,19,19)
r(31,0,3,20,20)
r(17,0,3,21,21)
r(4,2,3,22,22)
r(109,0,3,23,23)
r(0,4,3,24,24)
r(252,0,3,25,25)
r(7,1,3,26,26)
r(0,4,3,27,27)
r(167,0,3,28,28)
r(40,1,3,29,29)
r(669,0,3,30,30)
r(62,0,3,31,31)
r(174,0,3,32,32)
r(11,0,3,33,33)
r(9,0,3,34,34)
r(100,0,3,35,35)
r(3,2,3,36,36)
r(2,1,3,37,37)
r(135,0,3,38,38)
r(5,0,3,39,39)
r(1,3,3,40,40)
r(29,0,3,41,41)
w(7,2,3,42,42)
w(0,5,3,43,43)
r(0,5,3,44,44)
r(19,0,3,45,45)
r(1,3,3,46,46)
r(61,0,3,47,47)
r(2,1,3,48,48)
r(1,3,3,49,49)
r(62,0,3,50,50)
r(0,5,3,51,51)
r(13,0,3,52,52)
r(4,2,3,53,53)
r(49,0,3,54,54)
r(0,5,3,55,55)
r(5,0,3,56,56)
r(476,0,3,57,57)
r(399,0,3,58,58)
r(61,0,3,59,59)
r(1,3,3,60,60)
r(0,5,3,61,61)
r(119,0,3,62,62)
r(0,5,3,63,63)
r(14,0,3,64,64)
r(17,0,3,65,65)
r(139,0,3,66,66)
r(2,1,3,67,67)
r(4,2,3,68,68)
r(3,2,3,69,69)
r(60,0,3,70,70)
r(3,2,3,71,71)
r(0,5,3,72,72)
r(746,0,3,73,73)
r(0,5,3,74,74)
r(1,3,3,75,75)
r(473,0,3,76,76)
r(225,0,3,77,77)
r(731,0,3,78,78)
r(3,2,3,79,79)
r(0,5,3,80,80)
r(39,0,3,81,81)
r(211,0,3,82,82)
r(377,0,3,83,83)
r(469,0,3,84,84)
r(6,1,3,85,85)
r(67,0,3,86,86)
r(2,1,3,87,87)
r(55,0,3,88,88)
r(139,0,3,89,89)
r(31,0,3,90,90)
r(0,5,3,91,91)
r(980,0,3,92,92)
r(385,0,3,93,93)
r(55,0,3,94,94)
w(0,6,3,95,95)
r(2,1,3,96,96)
r(5,0,3,97,97)
r(46,0,3,98,98)
r(0,6,3,99,99)
r(11,0,4,0,0)
r(0,6,4,1,1)
r(27,0,4,2,2)
r(120,0,4,3,3)
r(128,0,4,4,4)
r(0,6,4,5,5)
w(9,1,4,6,6)
r(0,6,4,7,7)
r(24,0,4,8,8)
r(597,0,4,9,9)
r(7,2,4,10,10)
r(0,6,4,11,11)
r(13,0,4,12,12)
r(273,0,4,13,13)
r(0,6,4,14,14)
r(59,1,4,15,15)
w(2,2,4,16,16)
r(80,0,4,17,17)
r(15,3,4,18,18)
r(161,0,4,19,19)
r(23,0,4,20,20)
r(100,0,4,21,21)
r(0,6,4,22,22)
w(523,1,4,23,23)
r(1,3,4,24,24)
r(47,0,4,25,25)
r(71,0,4,26,26)
w(0,7,4,27,27)
r(246,0,4,28,28)
r(9,1,4,29,29)
r(55,0,4,30,30)
w(15,4,4,31,31)
r(2,2,4,32,32)
r(599,0,4,33,33)
r(532,0,4,34,34)
r(15,4,4,35,35)
r(70,0,4,36,36)
w(371,1,4,37,37)
r(450,0,4,38,38)
r(183,1,4,39,39)
r(41,0,4,40,40)
r(4,2,4,41,41)
r(23,0,4,42,42)
r(2,2,4,43,43)
r(0,7,4,44,44)
r(860,0,4,45,45)
r(21,0,4,46,46)
r(1,3,4,47,47)
r(48,0,4,48,48)
r(1,3,4,49,49)
r(255,0,4,50,50)
r(117,0,4,51,51)
r(17,0,4,52,52)
r(1,3,4,53,53)
r(36,0,4,54,54)
r(37,0,4,55,55)
w(0,8,4,56,56)
r(21,0,4,57,57)
r(113,0,4,58,58)
r(61,0,4,59,59)
r(108,0,4,60,60)
r(0,8,4,61,61)
r(349,0,4,62,62)
r(46,0,4,63,63)
r(1,3,4,64,64)
r(172,0,4,65,65)
r(945,0,4,66,66)
r(74,0,4,67,67)
r(9,1,4,68,68)
r(140,0,4,69,69)
r(1,3,4,70,70)
r(1,3,4,71,71)
r(4,2,4,72,72)
r(12,0,4,73,73)
r(4,2,4,74,74)
r(0,8,4,75,75)
r(3,2,4,76,76)
r(0,8,4,77,77)
r(21,0,4,78,78)
r(5,0,4,79,79)
r(45,0,4,80,80)
w(1,4,4,81,81)
w(0,9,4,82,82)
r(164,0,4,83,83)
r(6,1,4,84,84)
r(0,9,4,85,85)
r(0,9,4,86,86)
r(1,4,4,87,87)
r(3,2,4,88,88)
r(16,0,4,89,89)
r(8,0,4,90,90)
r(0,9,4,91,91)
r(5,0,4,92,92)
r(74,0,4,93,93)
r(18,1,4,94,94)
r(3,2,4,95,95)
r(2,2,4,96,96)
r(0,9,4,97,97)
r(1,4,4,98,98)
r(73,0,4,99,99)
r(358,0,5,0,0)
r(1,4,5,1,1)
r(16,0,5,2,2)
r(0,9,5,3,3)
r(1,4,5,4,4)
r(6,1,5,5,5)
r(198,0,5,6,6)
r(126,0,5,7,7)
r(4,2,5,8,8)
r(3,2,5,9,9)
r(5,0,5,10,10)
r(83,0,5,11,11)
r(241,0,5,12,12)
r(1,4,5,13,13)
r(7,2,5,14,14)
r(470,0,5,15,15)
r(167,0,5,16,16)
r(0,9,5,17,17)
r(128,0,5,18,18)
r(24,0,5,19,19)
w(28,1,5,20,20)
r(57,0,5,21,21)
r(163,0,5,22,22)
r(37,0,5,23,23)
r(481,0,5,24,24)
r(5,0,5,25,25)
r(6,1,5,26,26)
r(156,0,5,27,27)
r(0,9,5,28,28)
r(3,2,5,29,29)
r(1,4,5,30,30)
r(115,0,5,31,31)
r(0,9,5,32,32)
r(13,0,5,33,33)
r(11,0,5,34,34)
r(20,1,5,35,35)
r(1,4,5,36,36)
r(15,4,5,37,37)
r(12,0,5,38,38)
r(33,0,5,39,39)
r(0,9,5,40,40)
r(10,0,5,41,41)
r(3,2,5,42,42)
r(267,0,5,43,43)
r(10,0,5,44,44)
r(170,0,5,45,45)
r(334,0,5,46,46)
r(72,0,5,47,47)
r(371,1,5,48,48)
r(368,0,5,49,49)
r(87,0,5,50,50)
r(49,0,5,51,51)
r(218,0,5,52,52)
r(0,9,5,53,53)
r(152,0,5,54,54)
r(345,0,5,55,55)
r(293,0,5,56,56)
r(36,0,5,57,57)
r(1,4,5,58,58)
r(4,2,5,59,59)
r(0,9,5,60,60)
r(0,9,5,61,61)
r(105,0,5,62,62)
r(1,4,5,63,63)
r(95,0,5,64,64)
r(0,9,5,65,65)
r(93,0,5,66,66)
r(0,9,5,67,67)
r(4,2,5,68,68)
r(388,0,5,69,69)
r(0,9,5,70,70)
r(144,0,5,71,71)
r(893,0,5,72,72)
r(239,0,5,73,73)
r(32,0,5,74,74)
r(243,0,5,75,75)
r(11,0,5,76,76)
r(2,2,5,77,77)
r(1,4,5,78,78)
r(3,2,5,79,79)
r(7,2,5,80,80)
r(3,2,5,81,81)
r(65,0,5,82,82)
r(68,0,5,83,83)
r(5,0,5,84,84)
w(75,1,5,85,85)
r(721,0,5,86,86)
r(565,0,5,87,87)
r(162,0,5,88,88)
r(73,0,5,89,89)
r(8,0,5,90,90)
r(127,0,5,91,91)
r(42,0,5,92,92)
r(0,9,5,93,93)
r(190,0,5,94,94)
r(27,0,5,95,95)
r(10,0,5,96,96)
r(111,0,5,97,97)
r(0,9,5,98,98)
r(4,2,5,99,99)
r(35,1,6,0,0)
r(2,2,6,1,1)
r(174,0,6,2,2)
r(775,0,6,3,3)
r(13,0,6,4,4)
r(599,0,6,5,5)
w(390,1,6,6,6)
r(4,2,6,7,7)
r(0,9,6,8,8)
r(1,4,6,9,9)
r(22,0,6,10,10)
r(790,0,6,11,11)
r(0,9,6,12,12)
r(2,2,6,13,13)
r(0,9,6,14,14)
r(10,0,6,15,15)
r(48,0,6,16,16)
r(26,0,6,17,17)
r(0,9,6,18,18)
r(385,0,6,19,19)
r(768,0,6,20,20)
r(0,9,6,21,21)
r(0,9,6,22,22)
r(1,4,6,23,23)
r(0,9,6,24,24)
w(6,2,6,25,25)
r(11,0,6,26,26)
r(1,4,6,27,27)
r(3,2,6,28,28)
r(753,0,6,29,29)
r(656,0,6,30,30)
w(6,3,6,31,31)
w(789,1,6,32,32)
w(256,1,6,33,33)
w(0,10,6,34,34)
r(446,0,6,35,35)
w(12,1,6,36,36)
r(34,0,6,37,37)
r(0,10,6,38,38)
r(9,1,6,39,39)
r(8,0,6,40,40)
r(30,0,6,41,41)
w(10,1,6,42,42)
r(681,0,6,43,43)
r(43,0,6,44,44)
w(64,1,6,45,45)
r(33,0,6,46,46)
r(75,1,6,47,47)
r(679,0,6,48,48)
r(22,0,6,49,49)
r(56,0,6,50,50)
r(0,10,6,51,51)
r(198,0,6,52,52)
r(24,0,6,53,53)
r(0,10,6,54,54)
r(63,0,6,55,55)
r(38,0,6,56,56)
r(2,2,6,57,57)
r(40,1,6,58,58)
r(20,1,6,59,59)
r(276,0,6,60,60)
r(7,2,6,61,61)
r(322,0,6,62,62)
r(0,10,6,63,63)
r(0,10,6,64,64)
r(7,2,6,65,65)
r(18,1,6,66,66)
r(0,10,6,67,67)
r(10,1,6,68,68)
r(36,0,6,69,69)
r(0,10,6,70,70)
r(0,10,6,71,71)
r(3,2,6,72,72)
r(0,10,6,73,73)
r(49,0,6,74,74)
r(3,2,6,75,75)
r(2,2,6,76,76)
r(23,0,6,77,77)
r(1,4,6,78,78)
r(232,0,6,79,79)
r(2,2,6,80,80)
r(9,1,6,81,81)
r(24,0,6,82,82)
r(9,1,6,83,83)
r(83,0,6,84,84)
w(21,1,6,85,85)
r(0,10,6,86,86)
r(0,10,6,87,87)
r(106,0,6,88,88)
r(13,0,6,89,89)
r(1,4,6,90,90)
r(4,2,6,91,91)
r(53,0,6,92,92)
r(28,1,6,93,93)
r(388,0,6,94,94)
r(565,0,6,95,95)
r(517,0,6,96,96)
w(138,1,6,97,97)
r(0,10,6,98,98)
r(32,0,6,99,99)
r(9,1,7,0,0)
r(0,10,7,1,1)
r(356,0,7,2,2)
r(22,0,7,3,3)
r(976,0,7,4,4)
r(1,4,7,5,5)
r(0,10,7,6,6)
r(0,10,7,7,7)
r(2,2,7,8,8)
r(4,2,7,9,9)
r(9,1,7,10,10)
r(43,0,7,11,11)
w(688,1,7,12,12)
r(231,0,7,13,13)
r(0,10,7,14,14)
r(1,4,7,15,15)
r(16,0,7,16,16)
r(987,0,7,17,17)
r(165,0,7,18,18)
r(301,0,7,19,19)
r(0,10,7,20,20)
r(430,0,7,21,21)
w(0,11,7,22,22)
r(51,0,7,23,23)
r(6,3,7,24,24)
r(52,0,7,25,25)
r(78,0,7,26,26)
r(11,0,7,27,27)
r(159,0,7,28,28)
r(3,2,7,29,29)
r(266,0,7,30,30)
r(61,0,7,31,31)
r(17,0,7,32,32)
r(102,0,7,33,33)
r(7,2,7,34,34)
w(0,12,7,35,35)
r(236,0,7,36,36)
r(53,0,7,37,37)
r(0,12,7,38,38)
r(0,12,7,39,39)
r(768,0,7,40,40)
r(5,0,7,41,41)
r(1,4,7,42,42)
r(172,0,7,43,43)
r(0,12,7,44,44)
w(21,2,7,45,45)
r(203,0,7,46,46)
r(212,0,7,47,47)
r(15,4,7,48,48)
r(106,0,7,49,49)
w(115,1,7,50,50)
r(1,4,7,51,51)
r(49,0,7,52,52)
r(0,12,7,53,53)
r(214,0,7,54,54)
r(64,1,7,55,55)
r(10,1,7,56,56)
r(17,0,7,57,57)
r(846,0,7,58,58)
r(0,12,7,59,59)
r(36,0,7,60,60)
r(78,0,7,61,61)
w(71,1,7,62,62)
r(11,0,7,63,63)
r(1,4,7,64,64)
r(3,2,7,65,65)
r(54,0,7,66,66)
r(230,0,7,67,67)
r(3,2,7,68,68)
r(2,2,7,69,69)
r(261,0,7,70,70)
r(936,0,7,71,71)
r(0,12,7,72,72)
r(0,12,7,73,73)
r(159,0,7,74,74)
r(79,0,7,75,75)
r(278,0,7,76,76)
r(385,0,7,77,77)
r(1,4,7,78,78)
r(2,2,7,79,79)
r(5,0,7,80,80)
r(443,0,7,81,81)
w(661,1,7,82,82)
r(1,4,7,83,83)
r(295,0,7,84,84)
r(10,1,7,85,85)
r(229,0,7,86,86)
r(41,0,7,87,87)
r(2,2,7,88,88)
w(879,1,7,89,89)
r(35,1,7,90,90)
r(0,12,7,91,91)
r(298,1,7,92,92)
r(460,0,7,93,93)
r(1,4,7,94,94)
w(194,1,7,95,95)
r(48,0,7,96,96)
r(34,0,7,97,97)
r(35,1,7,98,98)
r(428,0,7,99,99)
r(0,12,8,0,0)
r(18,1,8,1,1)
r(741,0,8,2,2)
r(630,0,8,3,3)
r(48,0,8,4,4)
r(842,0,8,5,5)
r(2,2,8,6,6)
r(71,1,8,7,7)
r(5,0,8,8,8)
r(2,2,8,9,9)
r(0,12,8,10,10)
r(501,0,8,11,11)
r(0,12,8,12,12)
r(445,0,8,13,13)
r(20,1,8,14,14)
r(624,0,8,15,15)
r(126,0,8,16,16)
r(252,0,8,17,17)
r(3,2,8,18,18)
r(0,12,8,19,19)
r(387,0,8,20,20)
r(537,0,8,21,21)
r(274,0,8,22,22)
r(4,2,8,23,23)
r(475,0,8,24,24)
w(0,13,8,25,25)
r(12,1,8,26,26)
r(391,0,8,27,27)
r(1,4,8,28,28)
r(30,0,8,29,29)
r(507,0,8,30,30)
r(128,0,8,31,31)
r(0,13,8,32,32)
r(72,0,8,33,33)
r(0,13,8,34,34)
r(0,13,8,35,35)
r(708,0,8,36,36)
r(32,0,8,37,37)
r(53,0,8,38,38)
r(17,0,8,39,39)
r(2,2,8,40,40)
r(992,0,8,41,41)
r(2,2,8,42,42)
r(9,1,8,43,43)
r(142,0,8,44,44)
r(4,2,8,45,45)
r(1,4,8,46,46)
r(43,0,8,47,47)
r(40,1,8,48,48)
r(27,0,8,49,49)
r(529,0,8,50,50)
r(7,2,8,51,51)
r(13,0,8,52,52)
r(92,0,8,53,53)
r(4,2,8,54,54)
r(18,1,8,55,55)
r(149,0,8,56,56)
r(343,0,8,57,57)
r(0,13,8,58,58)
r(0,13,8,59,59)
r(99,0,8,60,60)
r(42,0,8,61,61)
r(1,4,8,62,62)
w(658,1,8,63,63)
r(44,0,8,64,64)
r(1,4,8,65,65)
r(79,0,8,66,66)
r(44,0,8,67,67)
r(0,13,8,68,68)
r(42,0,8,69,69)
r(446,0,8,70,70)
r(29,0,8,71,71)
r(303,0,8,72,72)
r(32,0,8,73,73)
w(70,1,8,74,74)
r(115,1,8,75,75)
r(0,13,8,76,76)
r(8,0,8,77,77)
r(554,0,8,78,78)
r(55,0,8,79,79)
w(697,1,8,80,80)
r(761,0,8,81,81)
r(35,1,8,82,82)
r(75,1,8,83,83)
r(25,0,8,84,84)
r(1,4,8,85,85)
r(3,2,8,86,86)
r(27,0,8,87,87)
r(205,0,8,88,88)
r(65,0,8,89,89)
r(0,13,8,90,90)
r(6,3,8,91,91)
r(873,0,8,92,92)
r(0,13,8,93,93)
r(221,0,8,94,94)
w(1,5,8,95,95)
r(40,1,8,96,96)
w(12,2,8,97,97)
r(8,0,8,98,98)
r(59,1,8,99,99)
r(23,0,9,0,0)
r(14,0,9,1,1)
r(4,2,9,2,2)
r(3,2,9,3,3)
r(1,5,9,4,4)
r(15,4,9,5,5)
r(89,0,9,6,6)
r(0,13,9,7,7)
r(326,0,9,8,8)
r(3,2,9,9,9)
r(1,5,9,10,10)
r(9,1,9,11,11)
w(835,1,9,12,12)
r(121,0,9,13,13)
r(295,0,9,14,14)
w(118,1,9,15,15)
r(12,2,9,16,16)
r(2,2,9,17,17)
r(0,13,9,18,18)
w(0,14,9,19,19)
r(543,0,9,20,20)
r(8,0,9,21,21)
r(24,0,9,22,22)
r(375,0,9,23,23)
r(25,0,9,24,24)
r(228,0,9,25,25)
r(438,0,9,26,26)
r(315,0,9,27,27)
r(110,0,9,28,28)
r(737,0,9,29,29)
w(697,2,9,30,30)
r(51,0,9,31,31)
r(11,0,9,32,32)
w(107,1,9,33,33)
r(402,0,9,34,34)
r(155,0,9,35,35)
r(2,2,9,36,36)
r(68,0,9,37,37)
w(329,1,9,38,38)
r(21,2,9,39,39)
r(0,14,9,40,40)
r(33,0,9,41,41)
r(11,0,9,42,42)
r(34,0,9,43,43)
r(26,0,9,44,44)
r(11,0,9,45,45)
r(0,14,9,46,46)
w(17,1,9,47,47)
r(1,5,9,48,48)
r(701,0,9,49,49)
r(0,14,9,50,50)
r(10,1,9,51,51)
r(13,0,9,52,52)
r(1,5,9,53,53)
r(0,14,9,54,54)
r(28,1,9,55,55)
w(2,3,9,56,56)
r(423,0,9,57,57)
r(4,2,9,58,58)
r(238,0,9,59,59)
r(614,0,9,60,60)
r(177,0,9,61,61)
r(24,0,9,62,62)
r(16,0,9,63,63)
r(57,0,9,64,64)
r(37,0,9,65,65)
r(2,3,9,66,66)
w(17,2,9,67,67)
r(91,0,9,68,68)
r(257,0,9,69,69)
r(312,0,9,70,70)
r(224,0,9,71,71)
r(204,0,9,72,72)
r(18,1,9,73,73)
w(103,1,9,74,74)
r(42,0,9,75,75)
r(5,0,9,76,76)
r(0,14,9,77,77)
r(20,1,9,78,78)
r(12,2,9,79,79)
r(2,3,9,80,80)
r(1,5,9,81,81)
w(84,1,9,82,82)
r(0,14,9,83,83)
r(23,0,9,84,84)
r(32,0,9,85,85)
r(516,0,9,86,86)
r(688,1,9,87,87)
r(133,0,9,88,88)
r(301,0,9,89,89)
r(8,0,9,90,90)
r(0,14,9,91,91)
r(0,14,9,92,92)
r(4,2,9,93,93)
r(0,14,9,94,94)
r(8,0,9,95,95)
r(140,0,9,96,96)
r(2,3,9,97,97)
r(218,0,9,98,98)
r(728,0,9,99,99)
r(20,1,10,0,0)
r(27,0,10,1,1)
r(18,1,10,2,2)
r(7,2,10,3,3)
r(346,0,10,4,4)
r(386,0,10,5,5)
r(4,2,10,6,6)
r(836,0,10,7,7)
r(808,0,10,8,8)
r(2,3,10,9,9)
r(6,3,10,10,10)
r(24,0,10,11,11)
r(29,0,10,12,12)
r(584,0,10,13,13)
r(159,0,10,14,14)
r(430,0,10,15,15)
r(3,2,10,16,16)
r(402,0,10,17,17)
w(0,15,10,18,18)
r(56,0,10,19,19)
r(1,5,10,20,20)
r(90,0,10,21,21)
r(2,3,10,22,22)
r(11,0,10,23,23)
r(0,15,10,24,24)
r(425,0,10,25,25)
r(41,0,10,26,26)
r(5,0,10,27,27)
r(32,0,10,28,28)
r(45,0,10,29,29)
r(1,5,10,30,30)
r(26,0,10,31,31)
r(284,0,10,32,32)
r(276,0,10,33,33)
r(0,15,10,34,34)
r(33,0,10,35,35)
r(16,0,10,36,36)
r(1,5,10,37,37)
r(516,0,10,38,38)
w(885,1,10,39,39)
r(237,0,10,40,40)
r(26,0,10,41,41)
r(1,5,10,42,42)
r(24,0,10,43,43)
r(145,0,10,44,44)
r(330,0,10,45,45)
r(32,0,10,46,46)
r(136,0,10,47,47)
r(23,0,10,48,48)
r(300,0,10,49,49)
r(0,15,10,50,50)
r(15,4,10,51,51)
r(19,0,10,52,52)
w(639,1,10,53,53)
r(0,15,10,54,54)
r(0,15,10,55,55)
r(2,3,10,56,56)
r(1,5,10,57,57)
r(98,0,10,58,58)
r(28,1,10,59,59)
r(297,0,10,60,60)
r(16,0,10,61,61)
r(5,0,10,62,62)
r(29,0,10,63,63)
r(33,0,10,64,64)
r(1,5,10,65,65)
w(0,16,10,66,66)
w(5,1,10,67,67)
r(52,0,10,68,68)
r(1,5,10,69,69)
r(0,16,10,70,70)
r(20,1,10,71,71)
r(8,0,10,72,72)
r(3,2,10,73,73)
r(309,0,10,74,74)
r(136,0,10,75,75)
r(2,3,10,76,76)
r(1,5,10,77,77)
r(0,16,10,78,78)
r(44,0,10,79,79)
r(333,0,10,80,80)
w(305,1,10,81,81)
r(77,0,10,82,82)
r(0,16,10,83,83)
r(2,3,10,84,84)
r(0,16,10,85,85)
r(1,5,10,86,86)
w(1,6,10,87,87)
w(64,2,10,88,88)
r(33,0,10,89,89)
r(27,0,10,90,90)
r(2,3,10,91,91)
r(504,0,10,92,92)
r(19,0,10,93,93)
r(5,1,10,94,94)
r(0,16,10,95,95)
r(1,6,10,96,96)
r(5,1,10,97,97)
w(123,1,10,98,98)
r(145,0,10,99,99)
r(0,16,11,0,0)
r(8,0,11,1,1)
r(5,1,11,2,2)
r(949,0,11,3,3)
r(405,0,11,4,4)
w(11,1,11,5,5)
r(0,16,11,6,6)
r(564,0,11,7,7)
r(70,1,11,8,8)
r(101,0,11,9,9)
r(5,1,11,10,10)
r(165,0,11,11,11)
r(443,0,11,12,12)
r(835,1,11,13,13)
r(15,4,11,14,14)
r(332,0,11,15,15)
r(0,16,11,16,16)
r(43,0,11,17,17)
r(666,0,11,18,18)
w(23,1,11,19,19)
r(46,0,11,20,20)
w(203,1,11,21,21)
w(34,1,11,22,22)
r(156,0,11,23,23)
r(2,3,11,24,24)
r(5,1,11,25,25)
r(18,1,11,26,26)
r(0,16,11,27,27)
r(16,0,11,28,28)
r(6,3,11,29,29)
r(962,0,11,30,30)
r(113,0,11,31,31)
r(505,0,11,32,32)
w(26,1,11,33,33)
r(124,0,11,34,34)
r(0,16,11,35,35)
r(17,2,11,36,36)
w(2,4,11,37,37)
r(29,0,11,38,38)
w(2,5,11,39,39)
r(19,0,11,40,40)
r(4,2,11,41,41)
r(8,0,11,42,42)
r(1,6,11,43,43)
r(926,0,11,44,44)
r(1,6,11,45,45)
r(27,0,11,46,46)
r(3,2,11,47,47)
r(525,0,11,48,48)
r(48,0,11,49,49)
r(59,1,11,50,50)
r(2,5,11,51,51)
r(9,1,11,52,52)
r(61,0,11,53,53)
r(197,0,11,54,54)
r(0,16,11,55,55)
r(69,0,11,56,56)
r(109,0,11,57,57)
r(562,0,11,58,58)
r(1,6,11,59,59)
r(51,0,11,60,60)
r(22,0,11,61,61)
r(0,16,11,62,62)
r(64,2,11,63,63)
r(1,6,11,64,64)
r(6,3,11,65,65)
r(33,0,11,66,66)
r(42,0,11,67,67)
r(316,0,11,68,68)
r(603,0,11,69,69)
r(159,0,11,70,70)
r(416,0,11,71,71)
r(365,0,11,72,72)
r(195,0,11,73,73)
r(303,0,11,74,74)
w(75,2,11,75,75)
r(14,0,11,76,76)
r(41,0,11,77,77)
r(34,1,11,78,78)
r(79,0,11,79,79)
w(30,1,11,80,80)
r(22,0,11,81,81)
r(21,2,11,82,82)
r(0,16,11,83,83)
r(840,0,11,84,84)
r(538,0,11,85,85)
r(1,6,11,86,86)
r(465,0,11,87,87)
r(10,1,11,88,88)
r(670,0,11,89,89)
r(0,16,11,90,90)
r(72,0,11,91,91)
r(0,16,11,92,92)
r(1,6,11,93,93)
r(0,16,11,94,94)
r(0,16,11,95,95)
w(33,1,11,96,96)
w(224,1,11,97,97)
r(0,16,11,98,98)
r(83,0,11,99,99)
r(5,1,12,0,0)
w(63,1,12,1,1)
r(23,1,12,2,2)
r(2,5,12,3,3)
r(0,16,12,4,4)
r(0,16,12,5,5)
r(311,0,12,6,6)
r(13,0,12,7,7)
r(9,1,12,8,8)
w(2,6,12,9,9)
r(37,0,12,10,10)
r(0,16,12,11,11)
r(330,0,12,12,12)
r(20,1,12,13,13)
r(59,1,12,14,14)
r(1,6,12,15,15)
r(0,16,12,16,16)
r(2,6,12,17,17)
r(0,16,12,18,18)
r(615,0,12,19,19)
r(2,6,12,20,20)
r(469,0,12,21,21)
r(8,0,12,22,22)
r(1,6,12,23,23)
r(738,0,12,24,24)
r(21,2,12,25,25)
r(6,3,12,26,26)
w(6,4,12,27,27)
r(7,2,12,28,28)
r(280,0,12,29,29)
r(1,6,12,30,30)
r(1,6,12,31,31)
r(296,0,12,32,32)
r(0,16,12,33,33)
r(1,6,12,34,34)
r(531,0,12,35,35)
r(13,0,12,36,36)
r(7,2,12,37,37)
r(7,2,12,38,38)
r(185,0,12,39,39)
r(5,1,12,40,40)
w(6,5,12,41,41)
r(0,16,12,42,42)
r(1,6,12,43,43)
r(158,0,12,44,44)
r(263,0,12,45,45)
r(2,6,12,46,46)
r(5,1,12,47,47)
r(529,0,12,48,48)
r(12,2,12,49,49)
r(21,2,12,50,50)
r(26,1,12,51,51)
r(8,0,12,52,52)
r(2,6,12,53,53)
r(436,0,12,54,54)
r(0,16,12,55,55)
r(4,2,12,56,56)
r(675,0,12,57,57)
r(63,1,12,58,58)
r(9,1,12,59,59)
r(194,1,12,60,60)
r(0,16,12,61,61)
r(351,0,12,62,62)
r(36,0,12,63,63)
r(33,1,12,64,64)
r(72,0,12,65,65)
r(3,2,12,66,66)
r(666,0,12,67,67)
r(53,0,12,68,68)
r(0,16,12,69,69)
w(47,1,12,70,70)
r(575,0,12,71,71)
r(275,1,12,72,72)
r(0,16,12,73,73)
r(2,6,12,74,74)
w(58,1,12,75,75)
r(40,1,12,76,76)
r(0,16,12,77,77)
r(0,16,12,78,78)
r(0,16,12,79,79)
r(226,0,12,80,80)
r(420,0,12,81,81)
r(40,1,12,82,82)
r(233,0,12,83,83)
r(45,0,12,84,84)
r(4,2,12,85,85)
r(0,16,12,86,86)
r(270,0,12,87,87)
r(1,6,12,88,88)
r(10,1,12,89,89)
r(238,0,12,90,90)
r(55,0,12,91,91)
r(0,16,12,92,92)
r(73,0,12,93,93)
r(3,2,12,94,94)
r(0,16,12,95,95)
r(634,0,12,96,96)
r(1,6,12,97,97)
r(0,16,12,98,98)
w(13,1,12,99,99)
r(76,0,13,0,0)
w(1,7,13,1,1)
r(249,0,13,2,2)
w(3,3,13,3,3)
r(784,0,13,4,4)
r(1,7,13,5,5)
r(146,0,13,6,6)
r(0,16,13,7,7)
r(752,0,13,8,8)
r(21,2,13,9,9)
r(40,1,13,10,10)
r(33,1,13,11,11)
r(3,3,13,12,12)
r(1,7,13,13,13)
r(52,0,13,14,14)
r(10,1,13,15,15)
r(5,1,13,16,16)
w(0,17,13,17,17)
w(168,1,13,18,18)
r(0,17,13,19,19)
r(10,1,13,20,20)
r(21,2,13,21,21)
r(49,0,13,22,22)
r(79,0,13,23,23)
r(259,0,13,24,24)
w(527,1,13,25,25)
r(3,3,13,26,26)
r(236,0,13,27,27)
r(1,7,13,28,28)
r(378,0,13,29,29)
r(156,0,13,30,30)
r(584,0,13,31,31)
r(58,1,13,32,32)
r(8,0,13,33,33)
r(945,0,13,34,34)
r(1,7,13,35,35)
r(834,0,13,36,36)
r(432,0,13,37,37)
r(13,1,13,38,38)
r(736,0,13,39,39)
r(951,0,13,40,40)
r(2,6,13,41,41)
w(545,1,13,42,42)
r(0,17,13,43,43)
r(0,17,13,44,44)
r(23,1,13,45,45)
r(188,0,13,46,46)
r(194,1,13,47,47)
r(64,2,13,48,48)
r(27,0,13,49,49)
r(2,6,13,50,50)
r(15,4,13,51,51)
r(7,2,13,52,52)
r(183,1,13,53,53)
r(0,17,13,54,54)
r(2,6,13,55,55)
r(610,0,13,56,56)
r(2,6,13,57,57)
w(53,1,13,58,58)
w(0,18,13,59,59)
r(39,0,13,60,60)
r(7,2,13,61,61)
r(70,1,13,62,62)
r(1,7,13,63,63)
r(0,18,13,64,64)
r(0,18,13,65,65)
r(746,0,13,66,66)
r(99,0,13,67,67)
r(2,6,13,68,68)
r(5,1,13,69,69)
w(100,1,13,70,70)
r(4,2,13,71,71)
r(27,0,13,72,72)
r(129,0,13,73,73)
r(5,1,13,74,74)
r(0,18,13,75,75)
r(13,1,13,76,76)
r(21,2,13,77,77)
r(217,0,13,78,78)
r(345,0,13,79,79)
r(49,0,13,80,80)
r(35,1,13,81,81)
r(40,1,13,82,82)
r(2,6,13,83,83)
r(8,0,13,84,84)
r(23,1,13,85,85)
r(4,2,13,86,86)
r(112,0,13,87,87)
r(63,1,13,88,88)
r(4,2,13,89,89)
r(13,1,13,90,90)
r(22,0,13,91,91)
r(5,1,13,92,92)
r(141,0,13,93,93)
r(267,0,13,94,94)
w(9,2,13,95,95)
r(2,6,13,96,96)
w(254,2,13,97,97)
r(5,1,13,98,98)
r(11,1,13,99,99)
w(325,1,14,0,0)
r(1,7,14,1,1)
r(93,0,14,2,2)
r(7,2,14,3,3)
r(27,0,14,4,4)
r(609,0,14,5,5)
r(2,6,14,6,6)
r(3,3,14,7,7)
w(25,1,14,8,8)
r(597,0,14,9,9)
r(0,18,14,10,10)
r(8,0,14,11,11)
r(98,0,14,12,12)
r(0,18,14,13,13)
r(586,0,14,14,14)
r(0,18,14,15,15)
r(383,0,14,16,16)
r(81,1,14,17,17)
r(19,0,14,18,18)
r(2,6,14,19,19)
r(1,7,14,20,20)
r(64,2,14,21,21)
r(4,2,14,22,22)
r(113,0,14,23,23)
r(1,7,14,24,24)
r(0,18,14,25,25)
r(44,0,14,26,26)
w(488,1,14,27,27)
r(4,2,14,28,28)
r(1,7,14,29,29)
r(0,18,14,30,30)
r(5,1,14,31,31)
r(74,0,14,32,32)
r(5,1,14,33,33)
r(815,0,14,34,34)
r(0,18,14,35,35)
w(110,1,14,36,36)
r(25,1,14,37,37)
r(5,1,14,38,38)
r(0,18,14,39,39)
r(83,0,14,40,40)
r(279,0,14,41,41)
r(49,0,14,42,42)
r(2,6,14,43,43)
r(90,0,14,44,44)
r(362,0,14,45,45)
r(120,0,14,46,46)
r(14,0,14,47,47)
r(1,7,14,48,48)
r(151,0,14,49,49)
r(87,0,14,50,50)
r(257,0,14,51,51)
r(124,0,14,52,52)
r(172,0,14,53,53)
r(725,0,14,54,54)
r(93,0,14,55,55)
r(4,2,14,56,56)
w(13,2,14,57,57)
r(3,3,14,58,58)
r(18,1,14,59,59)
r(25,1,14,60,60)
r(1,7,14,61,61)
r(34,1,14,62,62)
w(24,1,14,63,63)
r(2,6,14,64,64)
r(3,3,14,65,65)
r(7,2,14,66,66)
r(0,18,14,67,67)
r(0,18,14,68,68)
r(3,3,14,69,69)
r(6,5,14,70,70)
r(2,6,14,71,71)
r(0,18,14,72,72)
r(539,0,14,73,73)
r(3,3,14,74,74)
r(0,18,14,75,75)
r(4,2,14,76,76)
r(43,0,14,77,77)
w(310,1,14,78,78)
r(16,0,14,79,79)
r(15,4,14,80,80)
w(536,1,14,81,81)
r(241,0,14,82,82)
r(822,0,14,83,83)
w(35,2,14,84,84)
r(8,0,14,85,85)
w(430,1,14,86,86)
r(57,0,14,87,87)
w(26,2,14,88,88)
r(189,0,14,89,89)
w(364,1,14,90,90)
r(2,6,14,91,91)
r(2,6,14,92,92)
w(73,1,14,93,93)
r(565,0,14,94,94)
r(5,1,14,95,95)
r(370,0,14,96,96)
r(29,0,14,97,97)
r(0,18,14,98,98)
r(0,18,14,99,99)
r(827,0,15,0,0)
r(0,18,15,1,1)
r(0,18,15,2,2)
r(65,0,15,3,3)
r(316,0,15,4,4)
r(600,0,15,5,5)
r(51,0,15,6,6)
w(3,4,15,7,7)
r(539,0,15,8,8)
r(9,2,15,9,9)
r(9,2,15,10,10)
r(0,18,15,11,11)
r(48,0,15,12,12)
r(1,7,15,13,13)
r(867,0,15,14,14)
r(17,2,15,15,15)
r(338,0,15,16,16)
r(70,1,15,17,17)
r(1,7,15,18,18)
r(784,0,15,19,19)
w(375,1,15,20,20)
r(1,7,15,21,21)
r(91,0,15,22,22)
r(0,18,15,23,23)
r(49,0,15,24,24)
r(113,0,15,25,25)
r(1,7,15,26,26)
w(12,3,15,27,27)
r(2,6,15,28,28)
r(16,0,15,29,29)
r(2,6,15,30,30)
r(41,0,15,31,31)
r(31,0,15,32,32)
r(556,0,15,33,33)
r(822,0,15,34,34)
r(97,0,15,35,35)
r(115,1,15,36,36)
r(56,0,15,37,37)
r(18,1,15,38,38)
r(357,0,15,39,39)
r(16,0,15,40,40)
r(9,2,15,41,41)
r(23,1,15,42,42)
r(1,7,15,43,43)
r(502,0,15,44,44)
r(850,0,15,45,45)
r(406,0,15,46,46)
r(12,3,15,47,47)
r(2,6,15,48,48)
r(0,18,15,49,49)
r(521,0,15,50,50)
r(45,0,15,51,51)
r(0,18,15,52,52)
r(8,0,15,53,53)
r(38,0,15,54,54)
r(0,18,15,55,55)
r(9,2,15,56,56)
r(1,7,15,57,57)
w(83,1,15,58,58)
r(31,0,15,59,59)
r(79,0,15,60,60)
r(218,0,15,61,61)
r(298,1,15,62,62)
r(603,0,15,63,63)
r(416,0,15,64,64)
r(313,0,15,65,65)
r(161,0,15,66,66)
r(50,0,15,67,67)
r(885,1,15,68,68)
r(0,18,15,69,69)
w(48,1,15,70,70)
r(29,0,15,71,71)
r(3,4,15,72,72)
w(19,1,15,73,73)
r(13,2,15,74,74)
r(253,0,15,75,75)
r(45,0,15,76,76)
r(152,0,15,77,77)
r(2,6,15,78,78)
r(4,2,15,79,79)
r(836,0,15,80,80)
r(0,18,15,81,81)
r(13,2,15,82,82)
r(107,1,15,83,83)
w(18,2,15,84,84)
r(15,4,15,85,85)
r(4,2,15,86,86)
r(27,0,15,87,87)
w(285,1,15,88,88)
r(1,7,15,89,89)
w(335,1,15,90,90)
r(383,0,15,91,91)
r(2,6,15,92,92)
r(158,0,15,93,93)
r(26,2,15,94,94)
r(1,7,15,95,95)
w(7,3,15,96,96)
r(0,18,15,97,97)
r(26,2,15,98,98)
r(848,0,15,99,99)
r(85,0,16,0,0)
r(0,18,16,1,1)
r(2,6,16,2,2)
r(36,0,16,3,3)
r(123,1,16,4,4)
w(21,3,16,5,5)
r(32,0,16,6,6)
r(645,0,16,7,7)
w(7,4,16,8,8)
r(92,0,16,9,9)
r(60,0,16,10,10)
r(11,1,16,11,11)
r(9,2,16,12,12)
r(1,7,16,13,13)
r(265,0,16,14,14)
r(44,0,16,15,15)
r(82,0,16,16,16)
r(360,0,16,17,17)
r(1,7,16,18,18)
r(0,18,16,19,19)
r(5,1,16,20,20)
w(0,19,16,21,21)
w(7,5,16,22,22)
r(0,19,16,23,23)
r(0,19,16,24,24)
r(680,0,16,25,25)
r(0,19,16,26,26)
r(0,19,16,27,27)
r(66,0,16,28,28)
r(0,19,16,29,29)
r(426,0,16,30,30)
r(632,0,16,31,31)
w(335,2,16,32,32)
r(0,19,16,33,33)
r(642,0,16,34,34)
w(172,1,16,35,35)
w(0,20,16,36,36)
r(149,0,16,37,37)
r(30,1,16,38,38)
r(320,0,16,39,39)
r(8,0,16,40,40)
r(0,20,16,41,41)
r(26,2,16,42,42)
r(10,1,16,43,43)
r(205,0,16,44,44)
r(62,0,16,45,45)
r(627,0,16,46,46)
r(1,7,16,47,47)
r(9,2,16,48,48)
r(0,20,16,49,49)
r(39,0,16,50,50)
w(104,1,16,51,51)
w(25,2,16,52,52)
r(0,20,16,53,53)
r(6,5,16,54,54)
r(4,2,16,55,55)
r(0,20,16,56,56)
r(68,0,16,57,57)
w(1,8,16,58,58)
r(0,20,16,59,59)
r(1,8,16,60,60)
r(851,0,16,61,61)
r(105,0,16,62,62)
r(63,1,16,63,63)
r(21,3,16,64,64)
r(174,0,16,65,65)
r(148,0,16,66,66)
r(902,0,16,67,67)
r(0,20,16,68,68)
r(15,4,16,69,69)
w(0,21,16,70,70)
r(0,21,16,71,71)
r(1,8,16,72,72)
r(235,0,16,73,73)
w(19,2,16,74,74)
r(5,1,16,75,75)
r(8,0,16,76,76)
r(99,0,16,77,77)
r(1,8,16,78,78)
r(9,2,16,79,79)
w(11,2,16,80,80)
r(23,1,16,81,81)
r(179,0,16,82,82)
r(582,0,16,83,83)
r(208,0,16,84,84)
r(153,0,16,85,85)
r(0,21,16,86,86)
r(0,21,16,87,87)
r(163,0,16,88,88)
r(230,0,16,89,89)
r(155,0,16,90,90)
r(117,0,16,91,91)
r(395,0,16,92,92)
w(29,1,16,93,93)
r(237,0,16,94,94)
r(787,0,16,95,95)
r(0,21,16,96,96)
r(33,1,16,97,97)
r(28,1,16,98,98)
r(62,0,16,99,99)
r(808,0,17,0,0)
r(2,6,17,1,1)
r(2,6,17,2,2)
r(28,1,17,3,3)
r(52,0,17,4,4)
r(55,0,17,5,5)
r(78,0,17,6,6)
r(916,0,17,7,7)
w(4,3,17,8,8)
r(273,0,17,9,9)
w(0,22,17,10,10)
w(31,1,17,11,11)
r(365,0,17,12,12)
r(5,1,17,13,13)
r(0,22,17,14,14)
r(191,0,17,15,15)
r(104,1,17,16,16)
r(13,2,17,17,17)
r(318,0,17,18,18)
w(792,1,17,19,19)
r(35,2,17,20,20)
r(499,0,17,21,21)
r(0,22,17,22,22)
r(1,8,17,23,23)
r(7,5,17,24,24)
r(15,4,17,25,25)
r(389,0,17,26,26)
r(6,5,17,27,27)
r(162,0,17,28,28)
r(8,0,17,29,29)
r(0,22,17,30,30)
w(6,6,17,31,31)
r(29,1,17,32,32)
r(159,0,17,33,33)
r(286,0,17,34,34)
r(5,1,17,35,35)
r(31,1,17,36,36)
r(349,0,17,37,37)
r(319,0,17,38,38)
r(167,0,17,39,39)
r(0,22,17,40,40)
r(157,0,17,41,41)
r(0,22,17,42,42)
r(37,0,17,43,43)
r(330,0,17,44,44)
r(0,22,17,45,45)
r(0,22,17,46,46)
r(29,1,17,47,47)
r(631,0,17,48,48)
r(80,0,17,49,49)
r(4,3,17,50,50)
r(36,0,17,51,51)
r(915,0,17,52,52)
r(2,6,17,53,53)
r(10,1,17,54,54)
r(75,2,17,55,55)
r(31,1,17,56,56)
w(3,5,17,57,57)
r(127,0,17,58,58)
r(2,6,17,59,59)
r(78,0,17,60,60)
r(2,6,17,61,61)
r(22,0,17,62,62)
r(4,3,17,63,63)
r(32,0,17,64,64)
w(363,1,17,65,65)
r(0,22,17,66,66)
r(1,8,17,67,67)
r(430,1,17,68,68)
w(968,1,17,69,69)
r(19,2,17,70,70)
r(13,2,17,71,71)
r(441,0,17,72,72)
r(2,6,17,73,73)
r(4,3,17,74,74)
r(715,0,17,75,75)
r(4,3,17,76,76)
r(16,0,17,77,77)
r(256,1,17,78,78)
w(0,23,17,79,79)
w(1,9,17,80,80)
r(33,1,17,81,81)
r(402,0,17,82,82)
r(212,0,17,83,83)
r(41,0,17,84,84)
r(0,23,17,85,85)
r(18,2,17,86,86)
r(6,6,17,87,87)
r(12,3,17,88,88)
w(219,1,17,89,89)
r(210,0,17,90,90)
r(4,3,17,91,91)
w(32,1,17,92,92)
r(76,0,17,93,93)
r(0,23,17,94,94)
r(0,23,17,95,95)
r(0,23,17,96,96)
r(1,9,17,97,97)
r(2,6,17,98,98)
r(45,0,17,99,99)
w(712,1,18,0,0)
r(21,3,18,1,1)
r(851,0,18,2,2)
r(1,9,18,3,3)
r(88,1,18,4,4)
r(14,0,18,5,5)
r(68,0,18,6,6)
r(0,23,18,7,7)
r(597,0,18,8,8)
w(0,24,18,9,9)
r(13,2,18,10,10)
w(204,1,18,11,11)
r(0,24,18,12,12)
r(7,5,18,13,13)
r(3,5,18,14,14)
r(5,1,18,15,15)
r(2,6,18,16,16)
r(5,1,18,17,17)
r(141,0,18,18,18)
w(1,10,18,19,19)
r(56,0,18,20,20)
r(568,0,18,21,21)
r(110,1,18,22,22)
r(201,0,18,23,23)
r(40,1,18,24,24)
r(99,0,18,25,25)
r(17,2,18,26,26)
r(12,3,18,27,27)
r(0,24,18,28,28)
r(536,1,18,29,29)
r(882,0,18,30,30)
r(177,0,18,31,31)
r(792,1,18,32,32)
r(53,1,18,33,33)
r(2,6,18,34,34)
w(752,1,18,35,35)
r(130,1,18,36,36)
r(2,6,18,37,37)
r(3,5,18,38,38)
r(269,0,18,39,39)
r(24,1,18,40,40)
r(2,6,18,41,41)
w(15,5,18,42,42)
r(562,0,18,43,43)
r(0,24,18,44,44)
r(108,0,18,45,45)
r(9,2,18,46,46)
r(5,1,18,47,47)
r(76,0,18,48,48)
r(11,2,18,49,49)
r(56,0,18,50,50)
w(19,3,18,51,51)
r(3,5,18,52,52)
r(278,0,18,53,53)
r(5,1,18,54,54)
r(2,6,18,55,55)
r(4,3,18,56,56)
r(775,0,18,57,57)
r(85,0,18,58,58)
r(3,5,18,59,59)
r(2,6,18,60,60)
r(403,0,18,61,61)
r(1,10,18,62,62)
r(13,2,18,63,63)
r(18,2,18,64,64)
r(1,10,18,65,65)
w(276,1,18,66,66)
r(203,1,18,67,67)
r(920,0,18,68,68)
w(5,2,18,69,69)
w(159,1,18,70,70)
r(0,24,18,71,71)
r(5,2,18,72,72)
r(339,0,18,73,73)
r(0,24,18,74,74)
r(492,0,18,75,75)
r(0,24,18,76,76)
r(49,0,18,77,77)
r(396,0,18,78,78)
r(277,0,18,79,79)
r(233,0,18,80,80)
r(327,0,18,81,81)
r(155,0,18,82,82)
r(4,3,18,83,83)
r(26,2,18,84,84)
w(488,2,18,85,85)
r(17,2,18,86,86)
r(46,0,18,87,87)
r(11,2,18,88,88)
r(85,0,18,89,89)
r(346,0,18,90,90)
r(54,0,18,91,91)
w(0,25,18,92,92)
r(36,0,18,93,93)
r(45,0,18,94,94)
r(6,6,18,95,95)
r(0,25,18,96,96)
r(6,6,18,97,97)
r(657,0,18,98,98)
r(542,0,18,99,99)
r(515,0,19,0,0)
r(6,6,19,1,1)
r(4,3,19,2,2)
r(1,10,19,3,3)
r(108,0,19,4,4)
r(296,0,19,5,5)
r(2,6,19,6,6)
r(71,1,19,7,7)
r(14,0,19,8,8)
w(4,4,19,9,9)
r(63,1,19,10,10)
r(335,2,19,11,11)
w(40,2,19,12,12)
r(6,6,19,13,13)
r(1,10,19,14,14)
r(0,25,19,15,15)
r(45,0,19,16,16)
r(0,25,19,17,17)
r(66,0,19,18,18)
r(7,5,19,19,19)
r(222,0,19,20,20)
r(0,25,19,21,21)
r(2,6,19,22,22)
r(2,6,19,23,23)
r(136,0,19,24,24)
r(23,1,19,25,25)
r(70,1,19,26,26)
r(34,1,19,27,27)
r(0,25,19,28,28)
r(6,6,19,29,29)
w(449,1,19,30,30)
r(203,1,19,31,31)
r(0,25,19,32,32)
r(31,1,19,33,33)
r(198,0,19,34,34)
r(751,0,19,35,35)
r(14,0,19,36,36)
r(339,0,19,37,37)
r(30,1,19,38,38)
r(16,0,19,39,39)
r(22,0,19,40,40)
r(47,1,19,41,41)
r(1,10,19,42,42)
r(526,0,19,43,43)
r(0,25,19,44,44)
r(6,6,19,45,45)
r(44,0,19,46,46)
r(2,6,19,47,47)
r(0,25,19,48,48)
r(2,6,19,49,49)
r(125,0,19,50,50)
r(428,0,19,51,51)
r(741,0,19,52,52)
r(56,0,19,53,53)
w(0,26,19,54,54)
r(400,0,19,55,55)
w(1,11,19,56,56)
r(0,26,19,57,57)
r(476,0,19,58,58)
r(5,2,19,59,59)
r(0,26,19,60,60)
r(1,11,19,61,61)
r(795,0,19,62,62)
r(459,0,19,63,63)
r(902,0,19,64,64)
r(270,0,19,65,65)
w(7,6,19,66,66)
r(23,1,19,67,67)
r(118,1,19,68,68)
r(1,11,19,69,69)
r(11,2,19,70,70)
r(6,6,19,71,71)
r(0,26,19,72,72)
r(0,26,19,73,73)
r(9,2,19,74,74)
r(97,0,19,75,75)
r(3,5,19,76,76)
r(879,1,19,77,77)
w(428,1,19,78,78)
r(0,26,19,79,79)
r(94,0,19,80,80)
r(13,2,19,81,81)
r(2,6,19,82,82)
r(13,2,19,83,83)
r(4,4,19,84,84)
r(5,2,19,85,85)
r(3,5,19,86,86)
r(0,26,19,87,87)
w(126,1,19,88,88)
r(476,0,19,89,89)
r(3,5,19,90,90)
r(125,0,19,91,91)
r(76,0,19,92,92)
r(54,0,19,93,93)
r(0,26,19,94,94)
r(65,0,19,95,95)
r(0,26,19,96,96)
r(4,4,19,97,97)
r(0,26,19,98,98)
r(1,11,19,99,99)
