w(1,1,0,0,0)
w(6,1,0,1,1)
w(3,1,0,2,2)
w(67,1,0,3,3)
w(4,1,0,4,4)
w(0,1,0,5,5)
w(0,2,0,6,6)
w(4,2,0,7,7)
w(12,1,0,8,8)
w(0,3,0,9,9)
w(0,4,0,10,10)
w(9,1,0,11,11)
w(539,1,0,12,12)
w(25,1,0,13,13)
w(6,2,0,14,14)
w(0,5,0,15,15)
w(49,1,0,16,16)
r(1,1,0,17,17)
w(0,6,0,18,18)
w(770,1,0,19,19)
w(1,2,0,20,20)
w(57,1,0,21,21)
w(6,3,0,22,22)
w(291,1,0,23,23)
w(18,1,0,24,24)
r(16,0,0,25,25)
w(0,7,0,26,26)
r(45,0,0,27,27)
w(9,2,0,28,28)
w(0,8,0,29,29)
w(10,1,0,30,30)
w(98,1,0,31,31)
w(1,3,0,32,32)
w(8,1,0,33,33)
w(370,1,0,34,34)
w(471,1,0,35,35)
w(4,3,0,36,36)
w(37,1,0,37,37)
w(30,1,0,38,38)
w(481,1,0,39,39)
w(5,1,0,40,40)
w(630,1,0,41,41)
w(63,1,0,42,42)
w(0,9,0,43,43)
w(33,1,0,44,44)
w(71,1,0,45,45)
w(69,1,0,46,46)
w(1,4,0,47,47)
w(69,2,0,48,48)
w(649,1,0,49,49)
r(1,4,0,50,50)
w(6,4,0,51,51)
w(7,1,0,52,52)
w(0,10,0,53,53)
w(180,1,0,54,54)
w(2,1,0,55,55)
w(6,5,0,56,56)
w(86,1,0,57,57)
w(1,5,0,58,58)
w(2,2,0,59,59)
w(186,1,0,60,60)
w(89,1,0,61,61)
w(11,1,0,62,62)
w(240,1,0,63,63)
r(28,0,0,64,64)
w(0,11,0,65,65)
w(61,1,0,66,66)
w(577,1,0,67,67)
w(190,1,0,68,68)
w(8,2,0,69,69)
w(2,3,0,70,70)
w(17,1,0,71,71)
w(5,2,0,72,72)
w(47,1,0,73,73)
w(301,1,0,74,74)
w(5,3,0,75,75)
w(1,6,0,76,76)
w(8,3,0,77,77)
w(128,1,0,78,78)
w(228,1,0,79,79)
r(12,1,0,80,80)
w(0,12,0,81,81)
w(37,2,0,82,82)
w(3,2,0,83,83)
w(251,1,0,84,84)
w(1,7,0,85,85)
w(24,1,0,86,86)
r(9,2,0,87,87)
w(19,1,0,88,88)
w(37,3,0,89,89)
w(135,1,0,90,90)
w(291,2,0,91,91)
w(78,1,0,92,92)
w(5,4,0,93,93)
r(29,0,0,94,94)
w(7,2,0,95,95)
w(5,5,0,96,96)
w(204,1,0,97,97)
w(3,3,0,98,98)
w(0,13,0,99,99)
w(347,1,1,0,0)
w(2,4,1,1,1)
w(1,8,1,2,2)
w(7,3,1,3,3)
w(0,14,1,4,4)
w(2,5,1,5,5)
w(5,6,1,6,6)
w(585,1,1,7,7)
w(34,1,1,8,8)
w(1,9,1,9,9)
w(0,15,1,10,10)
w(3,4,1,11,11)
w(112,1,1,12,12)
w(230,1,1,13,13)
w(2,6,1,14,14)
w(2,7,1,15,15)
w(4,4,1,16,16)
w(159,1,1,17,17)
w(2,8,1,18,18)
w(94,1,1,19,19)
w(93,1,1,20,20)
w(3,5,1,21,21)
w(169,1,1,22,22)
w(12,2,1,23,23)
w(9,3,1,24,24)
w(510,1,1,25,25)
w(1,10,1,26,26)
w(39,1,1,27,27)
w(22,1,1,28,28)
w(304,1,1,29,29)
w(15,1,1,30,30)
w(72,1,1,31,31)
w(79,1,1,32,32)
w(121,1,1,33,33)
w(71,2,1,34,34)
w(460,1,1,35,35)
w(144,1,1,36,36)
w(19,2,1,37,37)
w(107,1,1,38,38)
w(0,16,1,39,39)
w(191,1,1,40,40)
w(25,2,1,41,41)
w(0,17,1,42,42)
w(4,5,1,43,43)
w(349,1,1,44,44)
w(219,1,1,45,45)
w(344,1,1,46,46)
w(11,2,1,47,47)
w(23,1,1,48,48)
w(1,11,1,49,49)
w(28,1,1,50,50)
w(0,18,1,51,51)
w(12,3,1,52,52)
w(46,1,1,53,53)
w(32,1,1,54,54)
w(31,1,1,55,55)
r(0,18,1,56,56)
w(628,1,1,57,57)
w(944,1,1,58,58)
r(127,0,1,59,59)
w(322,1,1,60,60)
w(2,9,1,61,61)
w(23,2,1,62,62)
w(150,1,1,63,63)
r(2,9,1,64,64)
w(0,19,1,65,65)
w(0,20,1,66,66)
w(0,21,1,67,67)
w(6,6,1,68,68)
w(1,12,1,69,69)
w(5,7,1,70,70)
w(838,1,1,71,71)
w(156,1,1,72,72)
w(686,1,1,73,73)
w(0,22,1,74,74)
w(7,4,1,75,75)
w(1,13,1,76,76)
w(258,1,1,77,77)
r(460,1,1,78,78)
r(0,22,1,79,79)
w(462,1,1,80,80)
w(97,1,1,81,81)
w(45,1,1,82,82)
w(111,1,1,83,83)
w(184,1,1,84,84)
w(9,4,1,85,85)
w(27,1,1,86,86)
w(1,14,1,87,87)
w(717,1,1,88,88)
w(16,1,1,89,89)
w(548,1,1,90,90)
w(56,1,1,91,91)
w(0,23,1,92,92)
r(530,0,1,93,93)
w(20,1,1,94,94)
w(26,1,1,95,95)
w(487,1,1,96,96)
w(105,1,1,97,97)
w(0,24,1,98,98)
w(0,25,1,99,99)
w(0,26,2,0,0)
w(14,1,2,1,1)
w(6,7,2,2,2)
w(7,5,2,3,3)
w(119,1,2,4,4)
w(128,2,2,5,5)
w(309,1,2,6,6)
w(309,2,2,7,7)
w(1,15,2,8,8)
w(2,10,2,9,9)
w(6,8,2,10,10)
w(183,1,2,11,11)
w(198,1,2,12,12)
w(0,27,2,13,13)
w(29,1,2,14,14)
w(732,1,2,15,15)
w(292,1,2,16,16)
w(521,1,2,17,17)
w(5,8,2,18,18)
r(241,0,2,19,19)
w(1,16,2,20,20)
w(4,6,2,21,21)
r(8,3,2,22,22)
w(126,1,2,23,23)
w(55,1,2,24,24)
w(7,6,2,25,25)
w(0,28,2,26,26)
w(1,17,2,27,27)
w(4,7,2,28,28)
w(8,4,2,29,29)
r(1,17,2,30,30)
w(0,29,2,31,31)
w(17,2,2,32,32)
w(27,2,2,33,33)
w(11,3,2,34,34)
w(7,7,2,35,35)
w(10,2,2,36,36)
w(888,1,2,37,37)
w(628,2,2,38,38)
w(4,8,2,39,39)
w(480,1,2,40,40)
w(78,2,2,41,41)
w(25,3,2,42,42)
w(2,11,2,43,43)
w(1,18,2,44,44)
w(334,1,2,45,45)
r(232,0,2,46,46)
w(0,30,2,47,47)
w(0,31,2,48,48)
w(13,1,2,49,49)
w(7,8,2,50,50)
w(0,32,2,51,51)
w(157,1,2,52,52)
w(174,1,2,53,53)
w(0,33,2,54,54)
r(15,1,2,55,55)
w(4,9,2,56,56)
w(4,10,2,57,57)
r(5,8,2,58,58)
w(941,1,2,59,59)
w(722,1,2,60,60)
w(356,1,2,61,61)
r(0,33,2,62,62)
w(86,2,2,63,63)
w(22,2,2,64,64)
w(0,34,2,65,65)
r(223,0,2,66,66)
w(153,1,2,67,67)
w(18,2,2,68,68)
r(512,0,2,69,69)
w(0,35,2,70,70)
w(63,2,2,71,71)
w(61,2,2,72,72)
w(10,3,2,73,73)
r(35,0,2,74,74)
w(0,36,2,75,75)
w(3,6,2,76,76)
w(79,2,2,77,77)
r(760,0,2,78,78)
w(51,1,2,79,79)
w(265,1,2,80,80)
w(82,1,2,81,81)
w(62,1,2,82,82)
w(164,1,2,83,83)
w(10,4,2,84,84)
w(2,12,2,85,85)
w(55,2,2,86,86)
w(1,19,2,87,87)
w(2,13,2,88,88)
w(123,1,2,89,89)
w(5,9,2,90,90)
w(353,1,2,91,91)
w(3,7,2,92,92)
w(194,1,2,93,93)
w(5,10,2,94,94)
w(48,1,2,95,95)
w(41,1,2,96,96)
w(785,1,2,97,97)
r(438,0,2,98,98)
w(1,20,2,99,99)
w(2,14,3,0,0)
w(6,9,3,1,1)
r(59,0,3,2,2)
r(0,36,3,3,3)
w(56,2,3,4,4)
w(42,1,3,5,5)
w(11,4,3,6,6)
w(19,3,3,7,7)
w(60,1,3,8,8)
w(0,37,3,9,9)
w(5,11,3,10,10)
w(11,5,3,11,11)
w(114,1,3,12,12)
w(90,1,3,13,13)
w(1,21,3,14,14)
w(134,1,3,15,15)
w(599,1,3,16,16)
w(2,15,3,17,17)
w(3,8,3,18,18)
w(2,16,3,19,19)
w(6,10,3,20,20)
w(225,1,3,21,21)
w(178,1,3,22,22)
w(3,9,3,23,23)
w(3,10,3,24,24)
w(211,1,3,25,25)
w(105,2,3,26,26)
w(4,11,3,27,27)
w(89,2,3,28,28)
w(378,1,3,29,29)
w(617,1,3,30,30)
r(71,2,3,31,31)
w(137,1,3,32,32)
w(447,1,3,33,33)
w(0,38,3,34,34)
w(11,6,3,35,35)
w(473,1,3,36,36)
w(27,3,3,37,37)
w(39,2,3,38,38)
r(0,38,3,39,39)
w(7,9,3,40,40)
w(5,12,3,41,41)
w(0,39,3,42,42)
w(4,12,3,43,43)
w(3,11,3,44,44)
w(1,22,3,45,45)
w(3,12,3,46,46)
r(704,0,3,47,47)
w(5,13,3,48,48)
w(73,1,3,49,49)
w(760,1,3,50,50)
w(718,1,3,51,51)
w(144,2,3,52,52)
r(3,12,3,53,53)
r(11,6,3,54,54)
w(89,3,3,55,55)
w(194,2,3,56,56)
w(1,23,3,57,57)
w(308,1,3,58,58)
w(1,24,3,59,59)
w(29,2,3,60,60)
w(6,11,3,61,61)
w(108,1,3,62,62)
w(0,40,3,63,63)
w(917,1,3,64,64)
w(8,5,3,65,65)
r(202,0,3,66,66)
w(1,25,3,67,67)
w(0,41,3,68,68)
w(14,2,3,69,69)
w(339,1,3,70,70)
w(185,1,3,71,71)
w(179,1,3,72,72)
w(1,26,3,73,73)
w(618,1,3,74,74)
w(592,1,3,75,75)
w(34,2,3,76,76)
r(20,1,3,77,77)
w(7,10,3,78,78)
w(6,12,3,79,79)
w(4,13,3,80,80)
w(135,2,3,81,81)
w(259,1,3,82,82)
w(330,1,3,83,83)
w(0,42,3,84,84)
r(289,0,3,85,85)
w(0,43,3,86,86)
w(0,44,3,87,87)
w(3,13,3,88,88)
w(0,45,3,89,89)
r(2,16,3,90,90)
r(461,0,3,91,91)
w(165,1,3,92,92)
w(5,14,3,93,93)
w(1,27,3,94,94)
w(178,2,3,95,95)
w(125,1,3,96,96)
w(11,7,3,97,97)
w(0,46,3,98,98)
w(72,2,3,99,99)
w(128,3,4,0,0)
w(13,2,4,1,1)
w(77,1,4,2,2)
w(0,47,4,3,3)
w(33,2,4,4,4)
w(361,1,4,5,5)
w(3,14,4,6,6)
w(495,1,4,7,7)
w(61,3,4,8,8)
w(20,2,4,9,9)
w(0,48,4,10,10)
w(0,49,4,11,11)
w(1,28,4,12,12)
w(14,3,4,13,13)
w(0,50,4,14,14)
w(141,1,4,15,15)
w(577,2,4,16,16)
w(0,51,4,17,17)
w(28,2,4,18,18)
w(1,29,4,19,19)
w(829,1,4,20,20)
r(29,2,4,21,21)
w(2,17,4,22,22)
w(266,1,4,23,23)
w(434,1,4,24,24)
r(225,1,4,25,25)
w(441,1,4,26,26)
w(976,1,4,27,27)
w(0,52,4,28,28)
w(0,53,4,29,29)
w(230,2,4,30,30)
w(35,1,4,31,31)
w(2,18,4,32,32)
w(3,15,4,33,33)
r(6,12,4,34,34)
w(40,1,4,35,35)
w(111,2,4,36,36)
w(0,54,4,37,37)
w(1,30,4,38,38)
r(18,2,4,39,39)
w(165,2,4,40,40)
w(16,2,4,41,41)
w(162,1,4,42,42)
w(98,2,4,43,43)
w(0,55,4,44,44)
w(867,1,4,45,45)
w(53,1,4,46,46)
w(0,56,4,47,47)
w(27,4,4,48,48)
w(7,11,4,49,49)
w(3,16,4,50,50)
w(16,3,4,51,51)
w(50,1,4,52,52)
w(309,3,4,53,53)
w(933,1,4,54,54)
w(15,2,4,55,55)
r(56,2,4,56,56)
w(71,3,4,57,57)
w(41,2,4,58,58)
w(1,31,4,59,59)
r(457,0,4,60,60)
w(400,1,4,61,61)
w(5,15,4,62,62)
w(49,2,4,63,63)
w(197,1,4,64,64)
w(7,12,4,65,65)
w(73,2,4,66,66)
w(0,57,4,67,67)
w(97,2,4,68,68)
r(147,0,4,69,69)
w(387,1,4,70,70)
w(23,3,4,71,71)
w(357,1,4,72,72)
w(2,19,4,73,73)
r(0,57,4,74,74)
w(14,4,4,75,75)
w(11,8,4,76,76)
w(108,2,4,77,77)
w(10,5,4,78,78)
w(11,9,4,79,79)
w(5,16,4,80,80)
w(1,32,4,81,81)
w(0,58,4,82,82)
w(729,1,4,83,83)
w(39,3,4,84,84)
w(153,2,4,85,85)
w(49,3,4,86,86)
w(17,3,4,87,87)
r(507,0,4,88,88)
r(5,16,4,89,89)
w(964,1,4,90,90)
w(919,1,4,91,91)
w(36,1,4,92,92)
w(87,1,4,93,93)
r(84,0,4,94,94)
w(88,1,4,95,95)
w(15,3,4,96,96)
w(15,4,4,97,97)
w(21,1,4,98,98)
w(37,4,4,99,99)
w(1,33,5,0,0)
w(60,2,5,1,1)
w(3,17,5,2,2)
w(5,17,5,3,3)
w(1,34,5,4,4)
w(43,1,5,5,5)
r(0,58,5,6,6)
w(464,1,5,7,7)
w(1,35,5,8,8)
w(2,20,5,9,9)
w(32,2,5,10,10)
w(998,1,5,11,11)
w(0,59,5,12,12)
w(10,6,5,13,13)
w(814,1,5,14,14)
w(332,1,5,15,15)
w(1,36,5,16,16)
w(349,2,5,17,17)
w(3,18,5,18,18)
w(4,14,5,19,19)
w(6,13,5,20,20)
w(1,37,5,21,21)
w(138,1,5,22,22)
w(486,1,5,23,23)
r(8,5,5,24,24)
w(0,60,5,25,25)
r(5,17,5,26,26)
w(2,21,5,27,27)
w(426,1,5,28,28)
w(1,38,5,29,29)
w(76,1,5,30,30)
w(3,19,5,31,31)
w(895,1,5,32,32)
w(42,2,5,33,33)
w(653,1,5,34,34)
w(0,61,5,35,35)
w(16,4,5,36,36)
r(11,9,5,37,37)
w(276,1,5,38,38)
w(500,1,5,39,39)
w(3,20,5,40,40)
r(74,0,5,41,41)
r(453,0,5,42,42)
w(12,4,5,43,43)
w(62,2,5,44,44)
r(137,1,5,45,45)
w(185,2,5,46,46)
w(11,10,5,47,47)
w(299,1,5,48,48)
r(30,1,5,49,49)
w(332,2,5,50,50)
w(744,1,5,51,51)
w(0,62,5,52,52)
w(87,2,5,53,53)
w(234,1,5,54,54)
w(10,7,5,55,55)
w(2,22,5,56,56)
w(454,1,5,57,57)
w(0,63,5,58,58)
w(220,1,5,59,59)
w(70,1,5,60,60)
w(62,3,5,61,61)
w(0,64,5,62,62)
w(0,65,5,63,63)
w(0,66,5,64,64)
w(99,1,5,65,65)
w(156,2,5,66,66)
w(0,67,5,67,67)
w(226,1,5,68,68)
r(8,5,5,69,69)
w(104,1,5,70,70)
w(102,1,5,71,71)
w(52,1,5,72,72)
w(7,13,5,73,73)
w(0,68,5,74,74)
w(70,2,5,75,75)
w(15,5,5,76,76)
w(6,14,5,77,77)
w(599,2,5,78,78)
w(4,15,5,79,79)
w(15,6,5,80,80)
w(0,69,5,81,81)
w(14,5,5,82,82)
w(203,1,5,83,83)
w(310,1,5,84,84)
w(216,1,5,85,85)
w(0,70,5,86,86)
w(195,1,5,87,87)
w(785,2,5,88,88)
w(1,39,5,89,89)
r(1,39,5,90,90)
w(39,4,5,91,91)
w(2,23,5,92,92)
w(33,3,5,93,93)
w(47,2,5,94,94)
w(1,40,5,95,95)
r(306,0,5,96,96)
w(237,1,5,97,97)
r(3,20,5,98,98)
w(140,1,5,99,99)
w(3,21,6,0,0)
w(901,1,6,1,1)
w(0,71,6,2,2)
w(2,24,6,3,3)
w(363,1,6,4,4)
w(367,1,6,5,5)
w(9,5,6,6,6)
w(3,22,6,7,7)
w(0,72,6,8,8)
w(2,25,6,9,9)
w(544,1,6,10,10)
r(0,72,6,11,11)
w(10,8,6,12,12)
w(0,73,6,13,13)
w(1,41,6,14,14)
w(489,1,6,15,15)
w(36,2,6,16,16)
w(572,1,6,17,17)
w(0,74,6,18,18)
w(248,1,6,19,19)
w(227,1,6,20,20)
w(12,5,6,21,21)
w(31,2,6,22,22)
w(366,1,6,23,23)
r(796,0,6,24,24)
w(913,1,6,25,25)
w(15,7,6,26,26)
w(0,75,6,27,27)
w(5,18,6,28,28)
w(1,42,6,29,29)
w(779,1,6,30,30)
w(790,1,6,31,31)
w(8,6,6,32,32)
w(544,2,6,33,33)
w(29,3,6,34,34)
w(11,11,6,35,35)
w(492,1,6,36,36)
w(2,26,6,37,37)
r(3,22,6,38,38)
w(31,3,6,39,39)
w(0,76,6,40,40)
w(440,1,6,41,41)
w(125,2,6,42,42)
w(40,2,6,43,43)
w(80,1,6,44,44)
w(7,14,6,45,45)
w(46,2,6,46,46)
w(639,1,6,47,47)
w(3,23,6,48,48)
w(0,77,6,49,49)
w(277,1,6,50,50)
w(99,2,6,51,51)
w(443,1,6,52,52)
w(432,1,6,53,53)
r(1,42,6,54,54)
w(280,1,6,55,55)
w(0,78,6,56,56)
r(92,0,6,57,57)
w(24,2,6,58,58)
w(109,1,6,59,59)
w(7,15,6,60,60)
w(24,3,6,61,61)
w(23,4,6,62,62)
w(9,6,6,63,63)
w(84,1,6,64,64)
w(392,1,6,65,65)
w(0,79,6,66,66)
w(32,3,6,67,67)
w(2,27,6,68,68)
w(75,1,6,69,69)
w(347,2,6,70,70)
w(1,43,6,71,71)
w(1,44,6,72,72)
w(40,3,6,73,73)
w(0,80,6,74,74)
w(333,1,6,75,75)
r(0,80,6,76,76)
w(581,1,6,77,77)
w(0,81,6,78,78)
w(4,16,6,79,79)
w(78,3,6,80,80)
w(835,1,6,81,81)
w(26,2,6,82,82)
w(12,6,6,83,83)
w(2,28,6,84,84)
w(0,82,6,85,85)
w(11,12,6,86,86)
w(7,16,6,87,87)
w(0,83,6,88,88)
w(1,45,6,89,89)
w(755,1,6,90,90)
w(5,19,6,91,91)
w(1,46,6,92,92)
w(1,47,6,93,93)
w(4,17,6,94,94)
w(53,2,6,95,95)
w(0,84,6,96,96)
w(0,85,6,97,97)
w(2,29,6,98,98)
w(0,86,6,99,99)
w(202,1,7,0,0)
r(0,86,7,1,1)
w(278,1,7,2,2)
w(3,24,7,3,3)
w(2,30,7,4,4)
w(0,87,7,5,5)
w(102,2,7,6,6)
w(17,4,7,7,7)
w(49,4,7,8,8)
w(12,7,7,9,9)
w(207,1,7,10,10)
w(0,88,7,11,11)
w(9,7,7,12,12)
w(1,48,7,13,13)
r(0,88,7,14,14)
w(42,3,7,15,15)
w(603,1,7,16,16)
r(230,2,7,17,17)
w(28,3,7,18,18)
w(0,89,7,19,19)
w(0,90,7,20,20)
w(10,9,7,21,21)
r(29,3,7,22,22)
r(0,90,7,23,23)
w(84,2,7,24,24)
w(26,3,7,25,25)
w(0,91,7,26,26)
w(14,6,7,27,27)
w(111,3,7,28,28)
w(82,2,7,29,29)
r(843,0,7,30,30)
w(6,15,7,31,31)
w(1,49,7,32,32)
w(2,31,7,33,33)
w(21,2,7,34,34)
w(36,3,7,35,35)
w(14,7,7,36,36)
w(1,50,7,37,37)
w(0,92,7,38,38)
r(17,4,7,39,39)
w(1,51,7,40,40)
w(281,1,7,41,41)
w(2,32,7,42,42)
w(11,13,7,43,43)
w(35,2,7,44,44)
w(0,93,7,45,45)
w(22,3,7,46,46)
r(0,93,7,47,47)
w(10,10,7,48,48)
w(0,94,7,49,49)
w(147,1,7,50,50)
w(2,33,7,51,51)
w(20,3,7,52,52)
w(7,17,7,53,53)
w(681,1,7,54,54)
w(2,34,7,55,55)
w(2,35,7,56,56)
w(297,1,7,57,57)
w(196,1,7,58,58)
w(11,14,7,59,59)
w(14,8,7,60,60)
w(611,1,7,61,61)
w(2,36,7,62,62)
w(143,1,7,63,63)
w(0,95,7,64,64)
w(7,18,7,65,65)
w(129,1,7,66,66)
w(70,3,7,67,67)
w(728,1,7,68,68)
w(38,1,7,69,69)
w(1,52,7,70,70)
r(2,36,7,71,71)
w(651,1,7,72,72)
w(4,18,7,73,73)
w(247,1,7,74,74)
w(72,3,7,75,75)
w(1,53,7,76,76)
w(17,5,7,77,77)
w(13,3,7,78,78)
w(266,2,7,79,79)
w(80,2,7,80,80)
w(41,3,7,81,81)
w(14,9,7,82,82)
w(36,4,7,83,83)
r(1,53,7,84,84)
w(449,1,7,85,85)
w(2,37,7,86,86)
w(139,1,7,87,87)
r(176,0,7,88,88)
w(88,2,7,89,89)
r(8,6,7,90,90)
w(331,1,7,91,91)
r(1,53,7,92,92)
w(63,3,7,93,93)
w(231,1,7,94,94)
w(174,2,7,95,95)
w(34,3,7,96,96)
w(26,4,7,97,97)
w(3,25,7,98,98)
w(0,96,7,99,99)
w(6,16,8,0,0)
w(2,38,8,1,1)
w(783,1,8,2,2)
w(48,2,8,3,3)
w(0,97,8,4,4)
w(37,5,8,5,5)
w(0,98,8,6,6)
w(11,15,8,7,7)
w(629,1,8,8,8)
w(1,54,8,9,9)
w(285,1,8,10,10)
r(41,3,8,11,11)
w(87,3,8,12,12)
w(47,3,8,13,13)
w(0,99,8,14,14)
w(2,39,8,15,15)
w(60,3,8,16,16)
w(10,11,8,17,17)
w(132,1,8,18,18)
w(521,2,8,19,19)
w(2,40,8,20,20)
w(235,1,8,21,21)
w(8,7,8,22,22)
r(2,40,8,23,23)
w(377,1,8,24,24)
w(16,5,8,25,25)
w(2,41,8,26,26)
w(5,20,8,27,27)
w(2,42,8,28,28)
w(18,3,8,29,29)
w(226,2,8,30,30)
w(716,1,8,31,31)
w(498,1,8,32,32)
w(895,2,8,33,33)
w(242,1,8,34,34)
w(36,5,8,35,35)
w(0,100,8,36,36)
w(3,26,8,37,37)
w(256,1,8,38,38)
w(34,4,8,39,39)
w(63,4,8,40,40)
w(2,43,8,41,41)
w(0,101,8,42,42)
w(714,1,8,43,43)
w(11,16,8,44,44)
r(445,0,8,45,45)
w(9,8,8,46,46)
w(2,44,8,47,47)
w(77,2,8,48,48)
w(0,102,8,49,49)
w(16,6,8,50,50)
w(2,45,8,51,51)
w(11,17,8,52,52)
w(0,103,8,53,53)
w(671,1,8,54,54)
w(59,1,8,55,55)
w(4,19,8,56,56)
w(1,55,8,57,57)
w(0,104,8,58,58)
w(210,1,8,59,59)
w(99,3,8,60,60)
w(102,3,8,61,61)
w(122,1,8,62,62)
w(1,56,8,63,63)
w(1,57,8,64,64)
w(159,2,8,65,65)
w(152,1,8,66,66)
w(0,105,8,67,67)
w(31,4,8,68,68)
w(991,1,8,69,69)
w(3,27,8,70,70)
w(1,58,8,71,71)
w(3,28,8,72,72)
w(32,4,8,73,73)
w(48,3,8,74,74)
w(9,9,8,75,75)
w(348,1,8,76,76)
w(27,5,8,77,77)
w(193,1,8,78,78)
w(78,4,8,79,79)
w(12,8,8,80,80)
w(0,106,8,81,81)
w(1,59,8,82,82)
w(393,1,8,83,83)
w(0,107,8,84,84)
w(2,46,8,85,85)
w(69,3,8,86,86)
w(933,2,8,87,87)
w(0,108,8,88,88)
w(63,5,8,89,89)
w(5,21,8,90,90)
w(16,7,8,91,91)
w(18,4,8,92,92)
r(164,1,8,93,93)
w(22,4,8,94,94)
r(385,0,8,95,95)
w(8,8,8,96,96)
w(76,2,8,97,97)
w(2,47,8,98,98)
w(0,109,8,99,99)
w(1,60,9,0,0)
w(860,1,9,1,1)
w(1,61,9,2,2)
w(79,3,9,3,3)
w(120,1,9,4,4)
w(21,3,9,5,5)
r(3,28,9,6,6)
w(2,48,9,7,7)
w(195,2,9,8,8)
r(53,2,9,9,9)
w(52,2,9,10,10)
w(2,49,9,11,11)
w(1,62,9,12,12)
w(20,4,9,13,13)
r(649,1,9,14,14)
w(16,8,9,15,15)
w(202,2,9,16,16)
w(0,110,9,17,17)
w(0,111,9,18,18)
r(46,2,9,19,19)
w(2,50,9,20,20)
w(1,63,9,21,21)
w(0,112,9,22,22)
r(33,3,9,23,23)
w(657,1,9,24,24)
w(1,64,9,25,25)
w(6,17,9,26,26)
w(631,1,9,27,27)
w(5,22,9,28,28)
w(44,1,9,29,29)
w(15,8,9,30,30)
w(3,29,9,31,31)
w(229,1,9,32,32)
w(7,19,9,33,33)
w(2,51,9,34,34)
w(97,3,9,35,35)
w(442,1,9,36,36)
w(0,113,9,37,37)
w(370,2,9,38,38)
r(22,4,9,39,39)
w(13,4,9,40,40)
w(110,1,9,41,41)
r(20,4,9,42,42)
w(14,10,9,43,43)
w(213,1,9,44,44)
w(913,2,9,45,45)
w(947,1,9,46,46)
w(11,18,9,47,47)
w(560,1,9,48,48)
w(43,2,9,49,49)
w(697,1,9,50,50)
w(881,1,9,51,51)
w(3,30,9,52,52)
w(654,1,9,53,53)
w(853,1,9,54,54)
r(6,17,9,55,55)
w(6,18,9,56,56)
w(336,1,9,57,57)
w(0,114,9,58,58)
w(58,1,9,59,59)
w(80,3,9,60,60)
w(247,2,9,61,61)
w(11,19,9,62,62)
w(83,1,9,63,63)
w(13,5,9,64,64)
w(2,52,9,65,65)
w(161,1,9,66,66)
w(215,1,9,67,67)
w(156,3,9,68,68)
w(2,53,9,69,69)
r(103,0,9,70,70)
w(10,12,9,71,71)
w(3,31,9,72,72)
w(27,6,9,73,73)
w(2,54,9,74,74)
w(611,2,9,75,75)
w(1,65,9,76,76)
w(252,1,9,77,77)
w(289,1,9,78,78)
r(303,0,9,79,79)
w(34,5,9,80,80)
w(493,1,9,81,81)
w(6,19,9,82,82)
w(0,115,9,83,83)
w(26,5,9,84,84)
w(134,2,9,85,85)
w(14,11,9,86,86)
w(1,66,9,87,87)
w(12,9,9,88,88)
r(1,66,9,89,89)
w(462,2,9,90,90)
w(720,1,9,91,91)
r(4,19,9,92,92)
w(1,67,9,93,93)
w(562,1,9,94,94)
w(777,1,9,95,95)
w(0,116,9,96,96)
w(46,3,9,97,97)
w(19,4,9,98,98)
w(65,1,9,99,99)
