w(834,1,0,0,0)
r(681,0,0,1,1)
w(103,1,0,2,2)
r(334,0,0,3,3)
r(811,0,0,4,4)
w(883,1,0,5,5)
w(181,1,0,6,6)
r(126,0,0,7,7)
w(424,1,0,8,8)
r(439,0,0,9,9)
w(377,1,0,10,10)
w(356,1,0,11,11)
w(766,1,0,12,12)
w(305,1,0,13,13)
w(845,1,0,14,14)
w(65,1,0,15,15)
w(731,1,0,16,16)
r(22,0,0,17,17)
w(20,1,0,18,18)
w(172,1,0,19,19)
w(72,1,0,20,20)
r(850,0,0,21,21)
w(927,1,0,22,22)
w(484,1,0,23,23)
r(601,0,0,24,24)
w(636,1,0,25,25)
w(214,1,0,26,26)
w(957,1,0,27,27)
r(472,0,0,28,28)
w(929,1,0,29,29)
w(128,1,0,30,30)
w(966,1,0,31,31)
w(219,1,0,32,32)
w(394,1,0,33,33)
w(225,1,0,34,34)
w(111,1,0,35,35)
w(464,1,0,36,36)
w(455,1,0,37,37)
w(807,1,0,38,38)
w(896,1,0,39,39)
w(855,1,0,40,40)
w(187,1,0,41,41)
w(556,1,0,42,42)
w(449,1,0,43,43)
w(463,1,0,44,44)
w(821,1,0,45,45)
w(801,1,0,46,46)
w(524,1,0,47,47)
w(697,1,0,48,48)
w(86,1,0,49,49)
w(410,1,0,50,50)
w(864,1,0,51,51)
r(267,0,0,52,52)
w(30,1,0,53,53)
w(262,1,0,54,54)
w(477,1,0,55,55)
w(952,1,0,56,56)
w(487,1,0,57,57)
w(461,1,0,58,58)
w(792,1,0,59,59)
w(793,1,0,60,60)
w(257,1,0,61,61)
w(954,1,0,62,62)
w(367,1,0,63,63)
w(676,1,0,64,64)
r(181,1,0,65,65)
w(910,1,0,66,66)
w(487,2,0,67,67)
w(331,1,0,68,68)
w(629,1,0,69,69)
w(293,1,0,70,70)
w(667,1,0,71,71)
w(655,1,0,72,72)
w(851,1,0,73,73)
r(818,0,0,74,74)
w(255,1,0,75,75)
w(131,1,0,76,76)
w(700,1,0,77,77)
w(682,1,0,78,78)
w(273,1,0,79,79)
w(807,2,0,80,80)
r(928,0,0,81,81)
w(641,1,0,82,82)
r(216,0,0,83,83)
r(535,0,0,84,84)
w(624,1,0,85,85)
w(369,1,0,86,86)
w(936,1,0,87,87)
r(709,0,0,88,88)
w(685,1,0,89,89)
w(218,1,0,90,90)
w(734,1,0,91,91)
w(210,1,0,92,92)
w(94,1,0,93,93)
w(326,1,0,94,94)
w(732,1,0,95,95)
w(723,1,0,96,96)
w(632,1,0,97,97)
w(953,1,0,98,98)
w(196,1,0,99,99)
w(3,1,0,100,100)
w(382,1,0,101,101)
w(15,1,0,102,102)
w(964,1,0,103,103)
r(24,0,0,104,104)
w(328,1,0,105,105)
w(797,1,0,106,106)
w(976,1,0,107,107)
w(738,1,0,108,108)
w(810,1,0,109,109)
w(673,1,0,110,110)
w(121,1,0,111,111)
w(953,2,0,112,112)
w(521,1,0,113,113)
w(585,1,0,114,114)
w(678,1,0,115,115)
w(890,1,0,116,116)
r(754,0,0,117,117)
w(289,1,0,118,118)
w(917,1,0,119,119)
w(274,1,0,120,120)
w(977,1,0,121,121)
w(151,1,0,122,122)
w(595,1,0,123,123)
w(23,1,0,124,124)
w(619,1,0,125,125)
w(124,1,0,126,126)
w(653,1,0,127,127)
w(852,1,0,128,128)
w(630,1,0,129,129)
w(168,1,0,130,130)
w(664,1,0,131,131)
w(43,1,0,132,132)
w(767,1,0,133,133)
w(771,1,0,134,134)
w(567,1,0,135,135)
w(80,1,0,136,136)
w(390,1,0,137,137)
w(709,1,0,138,138)
w(647,1,0,139,139)
w(989,1,0,140,140)
w(894,1,0,141,141)
r(245,0,0,142,142)
w(47,1,0,143,143)
w(998,1,0,144,144)
w(334,1,0,145,145)
w(138,1,0,146,146)
w(154,1,0,147,147)
w(785,1,0,148,148)
w(278,1,0,149,149)
w(659,1,0,150,150)
r(809,0,0,151,151)
w(954,2,0,152,152)
r(869,0,0,153,153)
w(690,1,0,154,154)
w(74,1,0,155,155)
r(537,0,0,156,156)
r(274,1,0,157,157)
w(805,1,0,158,158)
w(954,3,0,159,159)
w(862,1,0,160,160)
w(521,2,0,161,161)
w(813,1,0,162,162)
w(488,1,0,163,163)
w(838,1,0,164,164)
w(502,1,0,165,165)
w(285,1,0,166,166)
w(228,1,0,167,167)
w(171,1,0,168,168)
r(967,0,0,169,169)
w(225,2,0,170,170)
w(219,2,0,171,171)
w(447,1,0,172,172)
w(304,1,0,173,173)
r(548,0,0,174,174)
w(286,1,0,175,175)
w(770,1,0,176,176)
w(116,1,0,177,177)
w(228,2,0,178,178)
w(77,1,0,179,179)
w(701,1,0,180,180)
w(231,1,0,181,181)
r(428,0,0,182,182)
w(483,1,0,183,183)
w(499,1,0,184,184)
w(160,1,0,185,185)
w(21,1,0,186,186)
w(554,1,0,187,187)
w(482,1,0,188,188)
w(640,1,0,189,189)
w(659,2,0,190,190)
r(683,0,0,191,191)
w(181,2,0,192,192)
w(5,1,0,193,193)
w(209,1,0,194,194)
w(880,1,0,195,195)
w(216,1,0,196,196)
w(258,1,0,197,197)
w(33,1,0,198,198)
w(14,1,0,199,199)
w(211,1,0,200,200)
w(55,1,0,201,201)
w(942,1,0,202,202)
w(556,2,0,203,203)
w(944,1,0,204,204)
w(725,1,0,205,205)
w(673,2,0,206,206)
w(717,1,0,207,207)
w(664,2,0,208,208)
w(226,1,0,209,209)
w(738,2,0,210,210)
w(471,1,0,211,211)
r(448,0,0,212,212)
w(214,2,0,213,213)
w(759,1,0,214,214)
w(842,1,0,215,215)
w(482,2,0,216,216)
w(407,1,0,217,217)
w(344,1,0,218,218)
w(752,1,0,219,219)
r(956,0,0,220,220)
w(411,1,0,221,221)
w(107,1,0,222,222)
r(417,0,0,223,223)
r(697,1,0,224,224)
w(973,1,0,225,225)
w(67,1,0,226,226)
w(247,1,0,227,227)
w(49,1,0,228,228)
w(342,1,0,229,229)
w(335,1,0,230,230)
w(731,2,0,231,231)
w(127,1,0,232,232)
w(448,1,0,233,233)
w(205,1,0,234,234)
w(794,1,0,235,235)
w(542,1,0,236,236)
w(940,1,0,237,237)
w(629,2,0,238,238)
w(710,1,0,239,239)
w(102,1,0,240,240)
w(455,2,0,241,241)
r(795,0,0,242,242)
w(953,3,0,243,243)
w(272,1,0,244,244)
w(147,1,0,245,245)
w(316,1,0,246,246)
w(899,1,0,247,247)
w(332,1,0,248,248)
w(93,1,0,249,249)
w(110,1,0,250,250)
w(411,2,0,251,251)
r(782,0,0,252,252)
w(117,1,0,253,253)
w(375,1,0,254,254)
w(603,1,0,255,255)
w(907,1,0,256,256)
w(549,1,0,257,257)
r(958,0,0,258,258)
w(531,1,0,259,259)
w(778,1,0,260,260)
w(427,1,0,261,261)
w(778,2,0,262,262)
w(146,1,0,263,263)
w(682,2,0,264,264)
w(123,1,0,265,265)
w(43,2,0,266,266)
w(579,1,0,267,267)
w(125,1,0,268,268)
w(748,1,0,269,269)
w(835,1,0,270,270)
w(34,1,0,271,271)
w(528,1,0,272,272)
w(926,1,0,273,273)
w(952,2,0,274,274)
w(446,1,0,275,275)
w(411,3,0,276,276)
w(55,2,0,277,277)
w(588,1,0,278,278)
w(104,1,0,279,279)
w(84,1,0,280,280)
w(324,1,0,281,281)
w(695,1,0,282,282)
w(593,1,0,283,283)
w(175,1,0,284,284)
w(304,2,0,285,285)
r(517,0,0,286,286)
w(323,1,0,287,287)
r(77,1,0,288,288)
w(230,1,0,289,289)
w(758,1,0,290,290)
w(751,1,0,291,291)
w(142,1,0,292,292)
w(53,1,0,293,293)
w(528,2,0,294,294)
w(932,1,0,295,295)
w(312,1,0,296,296)
w(659,3,0,297,297)
w(230,2,0,298,298)
w(746,1,0,299,299)
w(314,1,0,300,300)
w(722,1,0,301,301)
w(187,2,0,302,302)
w(437,1,0,303,303)
r(42,0,0,304,304)
w(499,2,0,305,305)
w(159,1,0,306,306)
w(192,1,0,307,307)
w(477,2,0,308,308)
w(481,1,0,309,309)
w(200,1,0,310,310)
r(982,0,0,311,311)
w(976,2,0,312,312)
w(171,2,0,313,313)
w(930,1,0,314,314)
w(925,1,0,315,315)
w(270,1,0,316,316)
w(402,1,0,317,317)
w(53,2,0,318,318)
w(986,1,0,319,319)
w(71,1,0,320,320)
w(455,3,0,321,321)
w(326,2,0,322,322)
w(728,1,0,323,323)
w(908,1,0,324,324)
w(286,2,0,325,325)
w(989,2,0,326,326)
w(501,1,0,327,327)
w(765,1,0,328,328)
w(965,1,0,329,329)
w(864,2,0,330,330)
w(80,2,0,331,331)
w(5,2,0,332,332)
w(347,1,0,333,333)
w(210,2,0,334,334)
w(194,1,0,335,335)
w(539,1,0,336,336)
w(333,1,0,337,337)
w(271,1,0,338,338)
w(649,1,0,339,339)
w(142,2,0,340,340)
w(965,2,0,341,341)
w(469,1,0,342,342)
w(945,1,0,343,343)
w(466,1,0,344,344)
w(560,1,0,345,345)
w(156,1,0,346,346)
w(136,1,0,347,347)
w(976,3,0,348,348)
w(187,3,0,349,349)
w(528,3,0,350,350)
w(766,2,0,351,351)
w(347,2,0,352,352)
w(586,1,0,353,353)
w(482,3,0,354,354)
w(668,1,0,355,355)
w(235,1,0,356,356)
w(889,1,0,357,357)
w(976,4,0,358,358)
w(13,1,0,359,359)
w(566,1,0,360,360)
w(577,1,0,361,361)
w(685,2,0,362,362)
w(761,1,0,363,363)
w(693,1,0,364,364)
w(401,1,0,365,365)
w(317,1,0,366,366)
w(718,1,0,367,367)
w(697,2,0,368,368)
w(812,1,0,369,369)
r(275,0,0,370,370)
w(217,1,0,371,371)
w(102,2,0,372,372)
w(335,2,0,373,373)
w(659,4,0,374,374)
w(154,2,0,375,375)
w(608,1,0,376,376)
r(139,0,0,377,377)
w(964,2,0,378,378)
w(376,1,0,379,379)
w(939,1,0,380,380)
r(189,0,0,381,381)
w(960,1,0,382,382)
w(845,2,0,383,383)
r(262,1,0,384,384)
r(237,0,0,385,385)
w(372,1,0,386,386)
w(306,1,0,387,387)
w(426,1,0,388,388)
w(689,1,0,389,389)
w(805,2,0,390,390)
w(660,1,0,391,391)
w(859,1,0,392,392)
w(296,1,0,393,393)
w(545,1,0,394,394)
w(673,3,0,395,395)
w(913,1,0,396,396)
w(802,1,0,397,397)
r(922,0,0,398,398)
w(294,1,0,399,399)
w(416,1,0,400,400)
w(301,1,0,401,401)
w(224,1,0,402,402)
w(443,1,0,403,403)
w(368,1,0,404,404)
w(796,1,0,405,405)
w(180,1,0,406,406)
w(683,1,0,407,407)
w(876,1,0,408,408)
w(670,1,0,409,409)
w(924,1,0,410,410)
w(459,1,0,411,411)
r(516,0,0,412,412)
w(240,1,0,413,413)
w(237,1,0,414,414)
w(805,3,0,415,415)
w(381,1,0,416,416)
w(375,2,0,417,417)
w(274,2,0,418,418)
w(619,2,0,419,419)
w(944,2,0,420,420)
r(674,0,0,421,421)
w(906,1,0,422,422)
w(746,2,0,423,423)
r(135,0,0,424,424)
w(849,1,0,425,425)
w(651,1,0,426,426)
w(771,2,0,427,427)
w(550,1,0,428,428)
w(373,1,0,429,429)
w(426,2,0,430,430)
w(713,1,0,431,431)
w(990,1,0,432,432)
w(481,2,0,433,433)
w(464,2,0,434,434)
w(996,1,0,435,435)
w(261,1,0,436,436)
w(866,1,0,437,437)
w(720,1,0,438,438)
r(1,0,0,439,439)
w(880,2,0,440,440)
w(259,1,0,441,441)
w(50,1,0,442,442)
w(7,1,0,443,443)
w(721,1,0,444,444)
w(563,1,0,445,445)
r(672,0,0,446,446)
w(868,1,0,447,447)
w(493,1,0,448,448)
w(624,2,0,449,449)
w(926,2,0,450,450)
w(457,1,0,451,451)
w(582,1,0,452,452)
r(915,0,0,453,453)
w(995,1,0,454,454)
w(502,2,0,455,455)
w(745,1,0,456,456)
w(776,1,0,457,457)
w(260,1,0,458,458)
w(87,1,0,459,459)
w(18,1,0,460,460)
w(191,1,0,461,461)
w(287,1,0,462,462)
w(535,1,0,463,463)
w(512,1,0,464,464)
w(757,1,0,465,465)
w(269,1,0,466,466)
w(342,2,0,467,467)
w(584,1,0,468,468)
w(686,1,0,469,469)
w(474,1,0,470,470)
r(643,0,0,471,471)
w(769,1,0,472,472)
w(264,1,0,473,473)
w(469,2,0,474,474)
w(908,2,0,475,475)
w(449,2,0,476,476)
w(42,1,0,477,477)
w(677,1,0,478,478)
w(916,1,0,479,479)
w(246,1,0,480,480)
r(101,0,0,481,481)
w(637,1,0,482,482)
w(336,1,0,483,483)
w(454,1,0,484,484)
w(972,1,0,485,485)
w(475,1,0,486,486)
w(772,1,0,487,487)
w(207,1,0,488,488)
r(500,0,0,489,489)
w(571,1,0,490,490)
w(888,1,0,491,491)
w(690,2,0,492,492)
r(99,0,0,493,493)
w(747,1,0,494,494)
w(564,1,0,495,495)
w(559,1,0,496,496)
w(549,2,0,497,497)
w(428,1,0,498,498)
r(486,0,0,499,499)
w(994,1,1,0,0)
r(664,2,1,1,1)
w(670,2,1,2,2)
w(337,1,1,3,3)
w(212,1,1,4,4)
r(284,0,1,5,5)
w(42,2,1,6,6)
r(953,3,1,7,7)
w(868,2,1,8,8)
w(887,1,1,9,9)
w(293,2,1,10,10)
w(807,3,1,11,11)
r(279,0,1,12,12)
w(543,1,1,13,13)
w(869,1,1,14,14)
w(681,1,1,15,15)
w(97,1,1,16,16)
w(369,2,1,17,17)
w(925,2,1,18,18)
w(21,2,1,19,19)
w(92,1,1,20,20)
w(27,1,1,21,21)
w(899,2,1,22,22)
w(586,2,1,23,23)
w(437,2,1,24,24)
w(101,1,1,25,25)
w(434,1,1,26,26)
w(255,2,1,27,27)
w(815,1,1,28,28)
r(6,0,1,29,29)
w(724,1,1,30,30)
w(538,1,1,31,31)
w(28,1,1,32,32)
w(829,1,1,33,33)
r(94,1,1,34,34)
w(350,1,1,35,35)
w(485,1,1,36,36)
w(903,1,1,37,37)
w(743,1,1,38,38)
w(483,2,1,39,39)
w(901,1,1,40,40)
w(492,1,1,41,41)
w(978,1,1,42,42)
w(387,1,1,43,43)
w(409,1,1,44,44)
w(411,4,1,45,45)
w(259,2,1,46,46)
w(946,1,1,47,47)
w(784,1,1,48,48)
w(418,1,1,49,49)
w(412,1,1,50,50)
w(877,1,1,51,51)
w(939,2,1,52,52)
w(522,1,1,53,53)
r(57,0,1,54,54)
w(187,4,1,55,55)
w(736,1,1,56,56)
w(925,3,1,57,57)
w(417,1,1,58,58)
w(536,1,1,59,59)
w(911,1,1,60,60)
w(851,2,1,61,61)
w(752,2,1,62,62)
r(631,0,1,63,63)
w(450,1,1,64,64)
w(529,1,1,65,65)
w(671,1,1,66,66)
w(942,2,1,67,67)
r(822,0,1,68,68)
w(909,1,1,69,69)
w(993,1,1,70,70)
w(42,3,1,71,71)
w(249,1,1,72,72)
w(131,2,1,73,73)
w(556,3,1,74,74)
w(37,1,1,75,75)
w(965,3,1,76,76)
w(715,1,1,77,77)
w(626,1,1,78,78)
w(365,1,1,79,79)
r(830,0,1,80,80)
w(56,1,1,81,81)
w(17,1,1,82,82)
w(755,1,1,83,83)
w(102,3,1,84,84)
r(199,0,1,85,85)
w(257,2,1,86,86)
w(916,2,1,87,87)
w(981,1,1,88,88)
r(394,1,1,89,89)
r(643,0,1,90,90)
w(719,1,1,91,91)
w(786,1,1,92,92)
w(856,1,1,93,93)
w(837,1,1,94,94)
w(518,1,1,95,95)
w(262,2,1,96,96)
w(227,1,1,97,97)
w(65,2,1,98,98)
w(399,1,1,99,99)
w(496,1,1,100,100)
w(517,1,1,101,101)
w(722,2,1,102,102)
w(710,2,1,103,103)
w(751,2,1,104,104)
w(185,1,1,105,105)
w(730,1,1,106,106)
w(69,1,1,107,107)
w(530,1,1,108,108)
w(964,3,1,109,109)
w(482,4,1,110,110)
w(657,1,1,111,111)
w(317,2,1,112,112)
w(998,2,1,113,113)
w(192,2,1,114,114)
w(265,1,1,115,115)
w(85,1,1,116,116)
r(465,0,1,117,117)
w(771,3,1,118,118)
w(837,2,1,119,119)
w(598,1,1,120,120)
w(353,1,1,121,121)
w(683,2,1,122,122)
w(804,1,1,123,123)
w(417,2,1,124,124)
w(805,4,1,125,125)
w(573,1,1,126,126)
w(631,1,1,127,127)
w(171,3,1,128,128)
w(993,2,1,129,129)
w(591,1,1,130,130)
w(440,1,1,131,131)
w(632,2,1,132,132)
w(832,1,1,133,133)
w(515,1,1,134,134)
w(772,2,1,135,135)
w(646,1,1,136,136)
w(522,2,1,137,137)
w(834,2,1,138,138)
w(79,1,1,139,139)
w(10,1,1,140,140)
w(149,1,1,141,141)
w(150,1,1,142,142)
w(433,1,1,143,143)
r(996,1,1,144,144)
r(14,1,1,145,145)
w(393,1,1,146,146)
w(811,1,1,147,147)
w(529,2,1,148,148)
r(959,0,1,149,149)
w(986,2,1,150,150)
w(297,1,1,151,151)
w(443,2,1,152,152)
w(561,1,1,153,153)
w(264,2,1,154,154)
w(783,1,1,155,155)
w(894,2,1,156,156)
r(650,0,1,157,157)
w(153,1,1,158,158)
w(440,2,1,159,159)
w(111,2,1,160,160)
w(483,3,1,161,161)
w(171,4,1,162,162)
w(317,3,1,163,163)
w(771,4,1,164,164)
w(911,2,1,165,165)
w(904,1,1,166,166)
w(170,1,1,167,167)
w(360,1,1,168,168)
w(154,3,1,169,169)
w(50,2,1,170,170)
w(258,2,1,171,171)
w(311,1,1,172,172)
w(707,1,1,173,173)
w(935,1,1,174,174)
r(73,0,1,175,175)
w(129,1,1,176,176)
w(2,1,1,177,177)
w(56,2,1,178,178)
w(584,2,1,179,179)
w(405,1,1,180,180)
w(160,2,1,181,181)
w(195,1,1,182,182)
w(59,1,1,183,183)
w(907,2,1,184,184)
w(406,1,1,185,185)
w(464,3,1,186,186)
w(631,2,1,187,187)
w(746,3,1,188,188)
r(584,2,1,189,189)
w(397,1,1,190,190)
w(726,1,1,191,191)
r(81,0,1,192,192)
r(391,0,1,193,193)
w(460,1,1,194,194)
w(103,2,1,195,195)
w(220,1,1,196,196)
w(780,1,1,197,197)
w(123,2,1,198,198)
w(985,1,1,199,199)
w(817,1,1,200,200)
r(557,0,1,201,201)
w(213,1,1,202,202)
w(911,3,1,203,203)
w(159,2,1,204,204)
w(599,1,1,205,205)
w(14,2,1,206,206)
w(167,1,1,207,207)
w(749,1,1,208,208)
w(818,1,1,209,209)
r(647,1,1,210,210)
r(395,0,1,211,211)
w(380,1,1,212,212)
r(71,1,1,213,213)
w(778,3,1,214,214)
w(320,1,1,215,215)
w(607,1,1,216,216)
w(257,3,1,217,217)
w(541,1,1,218,218)
w(949,1,1,219,219)
w(735,1,1,220,220)
w(842,2,1,221,221)
r(301,1,1,222,222)
w(741,1,1,223,223)
w(414,1,1,224,224)
w(667,2,1,225,225)
w(917,2,1,226,226)
w(156,2,1,227,227)
w(54,1,1,228,228)
r(803,0,1,229,229)
w(264,3,1,230,230)
w(70,1,1,231,231)
w(750,1,1,232,232)
r(165,0,1,233,233)
w(776,2,1,234,234)
w(294,2,1,235,235)
r(706,0,1,236,236)
w(1,1,1,237,237)
w(160,3,1,238,238)
w(623,1,1,239,239)
w(258,3,1,240,240)
w(682,3,1,241,241)
w(654,1,1,242,242)
w(769,2,1,243,243)
w(717,2,1,244,244)
w(823,1,1,245,245)
w(506,1,1,246,246)
w(617,1,1,247,247)
w(249,2,1,248,248)
w(604,1,1,249,249)
w(130,1,1,250,250)
w(820,1,1,251,251)
w(361,1,1,252,252)
w(748,2,1,253,253)
w(404,1,1,254,254)
w(309,1,1,255,255)
w(366,1,1,256,256)
r(767,1,1,257,257)
w(674,1,1,258,258)
r(431,0,1,259,259)
w(445,1,1,260,260)
w(361,2,1,261,261)
w(269,2,1,262,262)
w(52,1,1,263,263)
w(674,2,1,264,264)
r(179,0,1,265,265)
w(50,3,1,266,266)
w(668,2,1,267,267)
r(395,0,1,268,268)
r(483,3,1,269,269)
w(55,3,1,270,270)
w(815,2,1,271,271)
w(248,1,1,272,272)
w(324,2,1,273,273)
w(887,2,1,274,274)
w(28,2,1,275,275)
w(202,1,1,276,276)
w(536,2,1,277,277)
w(878,1,1,278,278)
w(946,2,1,279,279)
w(709,2,1,280,280)
w(753,1,1,281,281)
w(419,1,1,282,282)
w(710,3,1,283,283)
w(417,3,1,284,284)
w(449,3,1,285,285)
r(424,1,1,286,286)
w(578,1,1,287,287)
w(816,1,1,288,288)
w(256,1,1,289,289)
w(35,1,1,290,290)
w(649,2,1,291,291)
w(449,4,1,292,292)
w(201,1,1,293,293)
w(399,2,1,294,294)
w(987,1,1,295,295)
w(347,3,1,296,296)
w(899,3,1,297,297)
w(663,1,1,298,298)
w(832,2,1,299,299)
w(621,1,1,300,300)
r(554,1,1,301,301)
w(86,2,1,302,302)
r(455,3,1,303,303)
w(5,3,1,304,304)
w(658,1,1,305,305)
w(516,1,1,306,306)
w(466,2,1,307,307)
w(449,5,1,308,308)
w(979,1,1,309,309)
w(601,1,1,310,310)
w(4,1,1,311,311)
r(426,2,1,312,312)
w(952,3,1,313,313)
w(477,3,1,314,314)
w(458,1,1,315,315)
r(428,1,1,316,316)
w(947,1,1,317,317)
w(868,3,1,318,318)
w(863,1,1,319,319)
r(180,1,1,320,320)
w(572,1,1,321,321)
w(745,2,1,322,322)
w(561,2,1,323,323)
w(907,3,1,324,324)
w(321,1,1,325,325)
w(991,1,1,326,326)
w(526,1,1,327,327)
w(518,2,1,328,328)
w(445,2,1,329,329)
w(80,3,1,330,330)
w(479,1,1,331,331)
w(914,1,1,332,332)
w(345,1,1,333,333)
r(178,0,1,334,334)
w(271,2,1,335,335)
w(924,2,1,336,336)
w(822,1,1,337,337)
w(102,4,1,338,338)
w(181,3,1,339,339)
w(589,1,1,340,340)
w(856,2,1,341,341)
w(357,1,1,342,342)
w(21,3,1,343,343)
w(680,1,1,344,344)
w(820,2,1,345,345)
w(832,3,1,346,346)
w(238,1,1,347,347)
w(961,1,1,348,348)
w(603,2,1,349,349)
w(296,2,1,350,350)
w(49,2,1,351,351)
w(392,1,1,352,352)
w(448,2,1,353,353)
r(667,2,1,354,354)
w(3,2,1,355,355)
w(812,2,1,356,356)
w(390,2,1,357,357)
w(554,2,1,358,358)
w(332,2,1,359,359)
w(432,1,1,360,360)
w(368,2,1,361,361)
w(779,1,1,362,362)
w(87,2,1,363,363)
w(833,1,1,364,364)
w(993,3,1,365,365)
w(91,1,1,366,366)
w(824,1,1,367,367)
w(202,2,1,368,368)
w(642,1,1,369,369)
w(194,2,1,370,370)
w(73,1,1,371,371)
w(957,2,1,372,372)
w(356,2,1,373,373)
w(917,3,1,374,374)
w(714,1,1,375,375)
w(183,1,1,376,376)
w(465,1,1,377,377)
w(740,1,1,378,378)
w(495,1,1,379,379)
w(471,2,1,380,380)
w(733,1,1,381,381)
r(415,0,1,382,382)
w(164,1,1,383,383)
w(754,1,1,384,384)
w(401,2,1,385,385)
r(432,1,1,386,386)
w(916,3,1,387,387)
w(856,3,1,388,388)
w(964,4,1,389,389)
w(218,2,1,390,390)
w(744,1,1,391,391)
w(479,2,1,392,392)
w(857,1,1,393,393)
w(953,4,1,394,394)
w(855,2,1,395,395)
w(585,2,1,396,396)
w(355,1,1,397,397)
w(866,2,1,398,398)
w(257,4,1,399,399)
w(526,2,1,400,400)
w(3,3,1,401,401)
w(630,2,1,402,402)
w(958,1,1,403,403)
w(551,1,1,404,404)
w(889,2,1,405,405)
w(15,2,1,406,406)
w(761,2,1,407,407)
w(842,3,1,408,408)
w(208,1,1,409,409)
w(762,1,1,410,410)
w(257,5,1,411,411)
w(840,1,1,412,412)
w(545,2,1,413,413)
w(24,1,1,414,414)
w(373,2,1,415,415)
r(304,2,1,416,416)
w(557,1,1,417,417)
w(541,2,1,418,418)
w(889,3,1,419,419)
w(237,2,1,420,420)
w(911,4,1,421,421)
w(862,2,1,422,422)
r(30,1,1,423,423)
w(626,2,1,424,424)
w(23,2,1,425,425)
w(38,1,1,426,426)
w(479,3,1,427,427)
w(714,2,1,428,428)
w(437,3,1,429,429)
w(622,1,1,430,430)
w(146,2,1,431,431)
w(633,1,1,432,432)
w(390,3,1,433,433)
w(79,2,1,434,434)
w(368,3,1,435,435)
w(3,4,1,436,436)
w(891,1,1,437,437)
w(924,3,1,438,438)
w(225,3,1,439,439)
w(488,2,1,440,440)
w(397,2,1,441,441)
w(531,2,1,442,442)
w(60,1,1,443,443)
w(192,3,1,444,444)
w(732,2,1,445,445)
w(378,1,1,446,446)
w(964,5,1,447,447)
w(484,2,1,448,448)
w(879,1,1,449,449)
w(347,4,1,450,450)
w(164,2,1,451,451)
w(665,1,1,452,452)
r(313,0,1,453,453)
w(47,2,1,454,454)
w(510,1,1,455,455)
w(598,2,1,456,456)
w(203,1,1,457,457)
w(490,1,1,458,458)
r(799,0,1,459,459)
r(765,1,1,460,460)
w(927,2,1,461,461)
w(54,2,1,462,462)
w(607,2,1,463,463)
w(429,1,1,464,464)
w(108,1,1,465,465)
w(234,1,1,466,466)
w(185,2,1,467,467)
w(254,1,1,468,468)
r(577,1,1,469,469)
w(326,3,1,470,470)
w(270,2,1,471,471)
w(323,2,1,472,472)
w(442,1,1,473,473)
w(709,3,1,474,474)
w(719,2,1,475,475)
w(500,1,1,476,476)
r(372,1,1,477,477)
w(205,2,1,478,478)
w(887,3,1,479,479)
w(617,2,1,480,480)
w(3,5,1,481,481)
w(645,1,1,482,482)
r(821,1,1,483,483)
w(646,2,1,484,484)
w(534,1,1,485,485)
r(949,1,1,486,486)
w(975,1,1,487,487)
w(325,1,1,488,488)
w(742,1,1,489,489)
w(788,1,1,490,490)
w(26,1,1,491,491)
w(175,2,1,492,492)
w(782,1,1,493,493)
w(790,1,1,494,494)
r(250,0,1,495,495)
w(93,2,1,496,496)
w(466,3,1,497,497)
r(650,0,1,498,498)
w(866,3,1,499,499)
