r(505,0,0,0,0)
r(798,0,0,1,1)
r(318,0,0,2,2)
r(641,0,0,3,3)
r(631,0,0,4,4)
r(688,0,0,5,5)
w(651,1,0,6,6)
r(794,0,0,7,7)
r(547,0,0,8,8)
r(16,0,0,9,9)
r(575,0,0,10,10)
r(191,0,0,11,11)
r(198,0,0,12,12)
r(978,0,0,13,13)
r(693,0,0,14,14)
r(469,0,0,15,15)
r(510,0,0,16,16)
r(663,0,0,17,17)
r(417,0,0,18,18)
r(953,0,0,19,19)
r(67,0,0,20,20)
r(757,0,0,21,21)
r(242,0,0,22,22)
r(130,0,0,23,23)
r(566,0,0,24,24)
w(549,1,0,25,25)
w(692,1,0,26,26)
r(791,0,0,27,27)
r(70,0,0,28,28)
r(632,0,0,29,29)
r(889,0,0,30,30)
r(122,0,0,31,31)
r(706,0,0,32,32)
r(642,0,0,33,33)
w(330,1,0,34,34)
r(331,0,0,35,35)
r(80,0,0,36,36)
r(785,0,0,37,37)
r(542,0,0,38,38)
r(146,0,0,39,39)
r(694,0,0,40,40)
r(485,0,0,41,41)
w(753,1,0,42,42)
w(61,1,0,43,43)
r(596,0,0,44,44)
r(263,0,0,45,45)
r(347,0,0,46,46)
r(240,0,0,47,47)
r(501,0,0,48,48)
r(882,0,0,49,49)
r(131,0,0,50,50)
r(501,0,0,51,51)
r(489,0,0,52,52)
r(939,0,0,53,53)
r(109,0,0,54,54)
w(461,1,0,55,55)
r(558,0,0,56,56)
r(10,0,0,57,57)
r(307,0,0,58,58)
r(369,0,0,59,59)
r(181,0,0,60,60)
r(72,0,0,61,61)
r(844,0,0,62,62)
r(175,0,0,63,63)
r(896,0,0,64,64)
r(728,0,0,65,65)
r(864,0,0,66,66)
r(949,0,0,67,67)
r(505,0,0,68,68)
r(742,0,0,69,69)
r(122,0,0,70,70)
r(781,0,0,71,71)
r(717,0,0,72,72)
r(133,0,0,73,73)
r(964,0,0,74,74)
r(346,0,0,75,75)
r(793,0,0,76,76)
r(235,0,0,77,77)
r(248,0,0,78,78)
r(18,0,0,79,79)
r(654,0,0,80,80)
r(113,0,0,81,81)
r(270,0,0,82,82)
r(672,0,0,83,83)
r(397,0,0,84,84)
r(907,0,0,85,85)
r(361,0,0,86,86)
r(319,0,0,87,87)
r(52,0,0,88,88)
r(218,0,0,89,89)
r(313,0,0,90,90)
r(497,0,0,91,91)
r(193,0,0,92,92)
w(986,1,0,93,93)
r(780,0,0,94,94)
r(596,0,0,95,95)
r(6,0,0,96,96)
r(857,0,0,97,97)
r(303,0,0,98,98)
r(422,0,0,99,99)
r(745,0,1,0,0)
r(194,0,1,1,1)
r(746,0,1,2,2)
r(219,0,1,3,3)
w(967,1,1,4,4)
r(450,0,1,5,5)
r(708,0,1,6,6)
r(503,0,1,7,7)
r(808,0,1,8,8)
r(439,0,1,9,9)
r(864,0,1,10,10)
r(123,0,1,11,11)
r(588,0,1,12,12)
r(517,0,1,13,13)
r(684,0,1,14,14)
r(322,0,1,15,15)
r(625,0,1,16,16)
r(583,0,1,17,17)
w(1,1,1,18,18)
r(106,0,1,19,19)
r(689,0,1,20,20)
r(261,0,1,21,21)
r(152,0,1,22,22)
r(227,0,1,23,23)
r(80,0,1,24,24)
r(771,0,1,25,25)
r(140,0,1,26,26)
r(227,0,1,27,27)
r(5,0,1,28,28)
r(386,0,1,29,29)
r(996,0,1,30,30)
r(872,0,1,31,31)
w(762,1,1,32,32)
r(951,0,1,33,33)
r(846,0,1,34,34)
r(25,0,1,35,35)
r(727,0,1,36,36)
r(962,0,1,37,37)
r(276,0,1,38,38)
r(938,0,1,39,39)
r(547,0,1,40,40)
r(814,0,1,41,41)
r(908,0,1,42,42)
r(879,0,1,43,43)
w(60,1,1,44,44)
r(869,0,1,45,45)
r(538,0,1,46,46)
r(393,0,1,47,47)
r(150,0,1,48,48)
r(616,0,1,49,49)
r(416,0,1,50,50)
r(999,0,1,51,51)
w(143,1,1,52,52)
r(930,0,1,53,53)
r(815,0,1,54,54)
r(527,0,1,55,55)
r(400,0,1,56,56)
r(766,0,1,57,57)
w(474,1,1,58,58)
r(141,0,1,59,59)
w(827,1,1,60,60)
r(971,0,1,61,61)
r(629,0,1,62,62)
r(986,1,1,63,63)
r(409,0,1,64,64)
r(341,0,1,65,65)
r(980,0,1,66,66)
r(783,0,1,67,67)
r(341,0,1,68,68)
r(25,0,1,69,69)
r(907,0,1,70,70)
r(232,0,1,71,71)
r(355,0,1,72,72)
r(797,0,1,73,73)
r(778,0,1,74,74)
w(187,1,1,75,75)
r(208,0,1,76,76)
r(184,0,1,77,77)
r(730,0,1,78,78)
r(338,0,1,79,79)
r(113,0,1,80,80)
r(167,0,1,81,81)
r(74,0,1,82,82)
r(297,0,1,83,83)
r(930,0,1,84,84)
r(302,0,1,85,85)
r(407,0,1,86,86)
r(254,0,1,87,87)
r(0,0,1,88,88)
r(368,0,1,89,89)
r(239,0,1,90,90)
r(482,0,1,91,91)
r(953,0,1,92,92)
r(74,0,1,93,93)
r(235,0,1,94,94)
r(516,0,1,95,95)
r(171,0,1,96,96)
r(109,0,1,97,97)
r(133,0,1,98,98)
r(258,0,1,99,99)
r(1,1,2,0,0)
r(899,0,2,1,1)
r(7,0,2,2,2)
r(961,0,2,3,3)
r(377,0,2,4,4)
r(590,0,2,5,5)
r(416,0,2,6,6)
r(317,0,2,7,7)
r(929,0,2,8,8)
w(815,1,2,9,9)
r(353,0,2,10,10)
r(804,0,2,11,11)
r(470,0,2,12,12)
r(416,0,2,13,13)
r(648,0,2,14,14)
r(503,0,2,15,15)
r(164,0,2,16,16)
r(90,0,2,17,17)
r(930,0,2,18,18)
r(292,0,2,19,19)
r(820,0,2,20,20)
r(716,0,2,21,21)
r(576,0,2,22,22)
r(529,0,2,23,23)
r(21,0,2,24,24)
r(684,0,2,25,25)
r(557,0,2,26,26)
w(101,1,2,27,27)
r(826,0,2,28,28)
r(605,0,2,29,29)
r(288,0,2,30,30)
r(438,0,2,31,31)
r(346,0,2,32,32)
r(701,0,2,33,33)
w(371,1,2,34,34)
r(578,0,2,35,35)
r(300,0,2,36,36)
r(412,0,2,37,37)
r(818,0,2,38,38)
r(252,0,2,39,39)
r(235,0,2,40,40)
r(864,0,2,41,41)
r(400,0,2,42,42)
r(624,0,2,43,43)
r(541,0,2,44,44)
r(890,0,2,45,45)
r(385,0,2,46,46)
w(976,1,2,47,47)
w(200,1,2,48,48)
r(358,0,2,49,49)
r(703,0,2,50,50)
r(373,0,2,51,51)
r(376,0,2,52,52)
r(192,0,2,53,53)
r(28,0,2,54,54)
r(787,0,2,55,55)
r(96,0,2,56,56)
w(372,1,2,57,57)
r(79,0,2,58,58)
r(7,0,2,59,59)
r(304,0,2,60,60)
r(661,0,2,61,61)
w(580,1,2,62,62)
r(886,0,2,63,63)
w(239,1,2,64,64)
r(300,0,2,65,65)
r(225,0,2,66,66)
r(880,0,2,67,67)
r(786,0,2,68,68)
w(265,1,2,69,69)
r(971,0,2,70,70)
r(557,0,2,71,71)
r(736,0,2,72,72)
w(258,1,2,73,73)
r(666,0,2,74,74)
r(590,0,2,75,75)
r(547,0,2,76,76)
r(696,0,2,77,77)
r(731,0,2,78,78)
r(952,0,2,79,79)
r(667,0,2,80,80)
r(128,0,2,81,81)
w(286,1,2,82,82)
r(248,0,2,83,83)
r(448,0,2,84,84)
r(101,1,2,85,85)
r(932,0,2,86,86)
r(466,0,2,87,87)
r(132,0,2,88,88)
r(676,0,2,89,89)
w(893,1,2,90,90)
r(453,0,2,91,91)
r(821,0,2,92,92)
r(668,0,2,93,93)
r(225,0,2,94,94)
r(59,0,2,95,95)
r(694,0,2,96,96)
r(551,0,2,97,97)
r(55,0,2,98,98)
w(257,1,2,99,99)
r(887,0,3,0,0)
r(246,0,3,1,1)
w(437,1,3,2,2)
r(894,0,3,3,3)
r(788,0,3,4,4)
w(974,1,3,5,5)
w(215,1,3,6,6)
r(333,0,3,7,7)
r(416,0,3,8,8)
r(662,0,3,9,9)
r(608,0,3,10,10)
r(859,0,3,11,11)
r(471,0,3,12,12)
r(146,0,3,13,13)
w(871,1,3,14,14)
r(753,1,3,15,15)
r(363,0,3,16,16)
r(553,0,3,17,17)
r(942,0,3,18,18)
r(717,0,3,19,19)
r(512,0,3,20,20)
r(283,0,3,21,21)
r(520,0,3,22,22)
r(551,0,3,23,23)
r(118,0,3,24,24)
r(287,0,3,25,25)
r(771,0,3,26,26)
r(16,0,3,27,27)
r(336,0,3,28,28)
r(689,0,3,29,29)
r(521,0,3,30,30)
r(52,0,3,31,31)
r(744,0,3,32,32)
r(711,0,3,33,33)
r(256,0,3,34,34)
w(564,1,3,35,35)
r(692,1,3,36,36)
w(607,1,3,37,37)
r(650,0,3,38,38)
r(77,0,3,39,39)
r(224,0,3,40,40)
r(72,0,3,41,41)
r(731,0,3,42,42)
r(130,0,3,43,43)
r(549,1,3,44,44)
w(644,1,3,45,45)
r(346,0,3,46,46)
r(977,0,3,47,47)
r(761,0,3,48,48)
r(162,0,3,49,49)
r(896,0,3,50,50)
r(488,0,3,51,51)
r(121,0,3,52,52)
r(676,0,3,53,53)
r(652,0,3,54,54)
r(957,0,3,55,55)
r(371,1,3,56,56)
r(710,0,3,57,57)
r(321,0,3,58,58)
r(373,0,3,59,59)
r(817,0,3,60,60)
r(266,0,3,61,61)
r(437,1,3,62,62)
w(544,1,3,63,63)
r(468,0,3,64,64)
r(866,0,3,65,65)
r(558,0,3,66,66)
r(735,0,3,67,67)
r(976,1,3,68,68)
r(812,0,3,69,69)
r(857,0,3,70,70)
r(280,0,3,71,71)
r(99,0,3,72,72)
r(460,0,3,73,73)
r(533,0,3,74,74)
r(916,0,3,75,75)
r(458,0,3,76,76)
r(826,0,3,77,77)
r(682,0,3,78,78)
r(778,0,3,79,79)
r(366,0,3,80,80)
r(606,0,3,81,81)
r(524,0,3,82,82)
r(329,0,3,83,83)
r(654,0,3,84,84)
r(41,0,3,85,85)
r(658,0,3,86,86)
r(14,0,3,87,87)
r(825,0,3,88,88)
r(164,0,3,89,89)
r(628,0,3,90,90)
r(290,0,3,91,91)
r(762,1,3,92,92)
r(692,1,3,93,93)
r(150,0,3,94,94)
r(102,0,3,95,95)
r(888,0,3,96,96)
r(831,0,3,97,97)
r(34,0,3,98,98)
r(499,0,3,99,99)
r(72,0,4,0,0)
r(828,0,4,1,1)
r(458,0,4,2,2)
r(619,0,4,3,3)
r(293,0,4,4,4)
r(928,0,4,5,5)
w(702,1,4,6,6)
r(562,0,4,7,7)
r(918,0,4,8,8)
r(955,0,4,9,9)
r(633,0,4,10,10)
r(818,0,4,11,11)
r(832,0,4,12,12)
r(835,0,4,13,13)
r(366,0,4,14,14)
w(643,1,4,15,15)
r(514,0,4,16,16)
r(865,0,4,17,17)
w(323,1,4,18,18)
r(809,0,4,19,19)
w(85,1,4,20,20)
w(398,1,4,21,21)
r(140,0,4,22,22)
r(238,0,4,23,23)
r(183,0,4,24,24)
r(223,0,4,25,25)
r(888,0,4,26,26)
r(893,1,4,27,27)
r(594,0,4,28,28)
r(680,0,4,29,29)
r(26,0,4,30,30)
r(813,0,4,31,31)
r(984,0,4,32,32)
r(648,0,4,33,33)
r(489,0,4,34,34)
r(607,1,4,35,35)
r(255,0,4,36,36)
r(801,0,4,37,37)
r(399,0,4,38,38)
r(917,0,4,39,39)
r(637,0,4,40,40)
r(200,1,4,41,41)
r(235,0,4,42,42)
r(358,0,4,43,43)
r(325,0,4,44,44)
r(634,0,4,45,45)
r(319,0,4,46,46)
r(977,0,4,47,47)
r(192,0,4,48,48)
r(937,0,4,49,49)
r(340,0,4,50,50)
r(879,0,4,51,51)
r(237,0,4,52,52)
r(297,0,4,53,53)
r(288,0,4,54,54)
r(717,0,4,55,55)
r(921,0,4,56,56)
r(905,0,4,57,57)
r(102,0,4,58,58)
r(909,0,4,59,59)
r(661,0,4,60,60)
w(574,1,4,61,61)
r(379,0,4,62,62)
r(635,0,4,63,63)
r(544,1,4,64,64)
r(306,0,4,65,65)
r(185,0,4,66,66)
r(886,0,4,67,67)
r(105,0,4,68,68)
r(244,0,4,69,69)
r(644,1,4,70,70)
r(75,0,4,71,71)
r(688,0,4,72,72)
r(520,0,4,73,73)
r(799,0,4,74,74)
r(897,0,4,75,75)
r(579,0,4,76,76)
w(144,1,4,77,77)
w(133,1,4,78,78)
r(822,0,4,79,79)
r(15,0,4,80,80)
r(618,0,4,81,81)
r(533,0,4,82,82)
r(512,0,4,83,83)
r(25,0,4,84,84)
r(206,0,4,85,85)
r(47,0,4,86,86)
r(169,0,4,87,87)
r(840,0,4,88,88)
r(584,0,4,89,89)
w(78,1,4,90,90)
r(729,0,4,91,91)
r(995,0,4,92,92)
r(817,0,4,93,93)
r(689,0,4,94,94)
r(956,0,4,95,95)
r(500,0,4,96,96)
r(916,0,4,97,97)
r(662,0,4,98,98)
w(661,1,4,99,99)
r(620,0,5,0,0)
r(541,0,5,1,1)
r(524,0,5,2,2)
r(796,0,5,3,3)
r(924,0,5,4,4)
r(592,0,5,5,5)
r(153,0,5,6,6)
r(852,0,5,7,7)
r(685,0,5,8,8)
r(114,0,5,9,9)
r(839,0,5,10,10)
w(886,1,5,11,11)
r(89,0,5,12,12)
r(189,0,5,13,13)
r(944,0,5,14,14)
r(583,0,5,15,15)
w(807,1,5,16,16)
r(1,1,5,17,17)
r(71,0,5,18,18)
w(42,1,5,19,19)
r(229,0,5,20,20)
r(810,0,5,21,21)
r(900,0,5,22,22)
r(414,0,5,23,23)
r(736,0,5,24,24)
r(182,0,5,25,25)
r(304,0,5,26,26)
r(697,0,5,27,27)
w(600,1,5,28,28)
r(331,0,5,29,29)
r(3,0,5,30,30)
r(952,0,5,31,31)
r(430,0,5,32,32)
r(980,0,5,33,33)
r(709,0,5,34,34)
r(190,0,5,35,35)
r(569,0,5,36,36)
r(482,0,5,37,37)
r(659,0,5,38,38)
r(488,0,5,39,39)
r(19,0,5,40,40)
w(354,1,5,41,41)
r(937,0,5,42,42)
r(506,0,5,43,43)
r(805,0,5,44,44)
r(312,0,5,45,45)
r(428,0,5,46,46)
r(425,0,5,47,47)
r(127,0,5,48,48)
r(153,0,5,49,49)
r(421,0,5,50,50)
r(654,0,5,51,51)
r(586,0,5,52,52)
r(679,0,5,53,53)
r(651,1,5,54,54)
w(493,1,5,55,55)
r(717,0,5,56,56)
r(376,0,5,57,57)
r(340,0,5,58,58)
r(265,1,5,59,59)
r(566,0,5,60,60)
r(96,0,5,61,61)
r(214,0,5,62,62)
r(698,0,5,63,63)
r(44,0,5,64,64)
r(496,0,5,65,65)
r(532,0,5,66,66)
r(97,0,5,67,67)
r(324,0,5,68,68)
r(622,0,5,69,69)
r(349,0,5,70,70)
r(641,0,5,71,71)
r(31,0,5,72,72)
r(676,0,5,73,73)
w(431,1,5,74,74)
r(772,0,5,75,75)
r(152,0,5,76,76)
r(260,0,5,77,77)
r(402,0,5,78,78)
r(514,0,5,79,79)
r(931,0,5,80,80)
r(973,0,5,81,81)
w(505,1,5,82,82)
r(83,0,5,83,83)
r(929,0,5,84,84)
r(130,0,5,85,85)
r(516,0,5,86,86)
r(628,0,5,87,87)
r(439,0,5,88,88)
r(914,0,5,89,89)
r(914,0,5,90,90)
r(24,0,5,91,91)
r(259,0,5,92,92)
w(276,1,5,93,93)
r(674,0,5,94,94)
w(312,1,5,95,95)
r(962,0,5,96,96)
r(303,0,5,97,97)
w(301,1,5,98,98)
r(287,0,5,99,99)
r(225,0,6,0,0)
r(62,0,6,1,1)
r(366,0,6,2,2)
r(925,0,6,3,3)
w(898,1,6,4,4)
r(893,1,6,5,5)
r(300,0,6,6,6)
r(572,0,6,7,7)
r(767,0,6,8,8)
r(133,1,6,9,9)
r(442,0,6,10,10)
r(902,0,6,11,11)
r(822,0,6,12,12)
r(320,0,6,13,13)
r(680,0,6,14,14)
r(704,0,6,15,15)
r(302,0,6,16,16)
r(818,0,6,17,17)
r(268,0,6,18,18)
r(481,0,6,19,19)
r(896,0,6,20,20)
r(101,1,6,21,21)
r(269,0,6,22,22)
r(631,0,6,23,23)
r(66,0,6,24,24)
r(503,0,6,25,25)
r(595,0,6,26,26)
r(540,0,6,27,27)
r(455,0,6,28,28)
r(260,0,6,29,29)
w(43,1,6,30,30)
w(339,1,6,31,31)
r(454,0,6,32,32)
w(191,1,6,33,33)
r(715,0,6,34,34)
r(729,0,6,35,35)
r(523,0,6,36,36)
r(882,0,6,37,37)
r(266,0,6,38,38)
r(222,0,6,39,39)
r(335,0,6,40,40)
w(68,1,6,41,41)
r(785,0,6,42,42)
r(892,0,6,43,43)
r(21,0,6,44,44)
r(380,0,6,45,45)
r(472,0,6,46,46)
r(787,0,6,47,47)
w(844,1,6,48,48)
r(953,0,6,49,49)
r(283,0,6,50,50)
r(399,0,6,51,51)
w(872,1,6,52,52)
r(800,0,6,53,53)
r(130,0,6,54,54)
w(799,1,6,55,55)
r(553,0,6,56,56)
r(206,0,6,57,57)
r(47,0,6,58,58)
r(588,0,6,59,59)
r(547,0,6,60,60)
r(426,0,6,61,61)
r(168,0,6,62,62)
r(20,0,6,63,63)
r(608,0,6,64,64)
r(832,0,6,65,65)
r(877,0,6,66,66)
r(715,0,6,67,67)
r(290,0,6,68,68)
r(392,0,6,69,69)
r(175,0,6,70,70)
r(84,0,6,71,71)
r(677,0,6,72,72)
r(340,0,6,73,73)
w(654,1,6,74,74)
w(39,1,6,75,75)
r(970,0,6,76,76)
r(762,1,6,77,77)
w(744,1,6,78,78)
r(675,0,6,79,79)
r(495,0,6,80,80)
r(581,0,6,81,81)
w(334,1,6,82,82)
w(900,1,6,83,83)
r(37,0,6,84,84)
r(274,0,6,85,85)
r(658,0,6,86,86)
r(527,0,6,87,87)
r(763,0,6,88,88)
r(690,0,6,89,89)
r(283,0,6,90,90)
r(625,0,6,91,91)
r(475,0,6,92,92)
r(590,0,6,93,93)
r(969,0,6,94,94)
r(287,0,6,95,95)
r(335,0,6,96,96)
r(582,0,6,97,97)
r(799,1,6,98,98)
r(668,0,6,99,99)
r(535,0,7,0,0)
r(460,0,7,1,1)
r(996,0,7,2,2)
r(124,0,7,3,3)
r(463,0,7,4,4)
w(165,1,7,5,5)
r(342,0,7,6,6)
r(10,0,7,7,7)
r(349,0,7,8,8)
r(851,0,7,9,9)
r(834,0,7,10,10)
w(663,1,7,11,11)
r(119,0,7,12,12)
r(291,0,7,13,13)
r(889,0,7,14,14)
r(506,0,7,15,15)
w(178,1,7,16,16)
r(689,0,7,17,17)
w(848,1,7,18,18)
r(239,1,7,19,19)
w(80,1,7,20,20)
r(757,0,7,21,21)
r(585,0,7,22,22)
r(60,1,7,23,23)
r(521,0,7,24,24)
r(761,0,7,25,25)
r(175,0,7,26,26)
r(646,0,7,27,27)
w(594,1,7,28,28)
w(556,1,7,29,29)
w(519,1,7,30,30)
w(56,1,7,31,31)
r(622,0,7,32,32)
r(590,0,7,33,33)
r(581,0,7,34,34)
r(451,0,7,35,35)
r(891,0,7,36,36)
r(622,0,7,37,37)
r(362,0,7,38,38)
r(263,0,7,39,39)
r(986,1,7,40,40)
r(541,0,7,41,41)
r(586,0,7,42,42)
w(904,1,7,43,43)
r(29,0,7,44,44)
r(644,1,7,45,45)
r(967,1,7,46,46)
r(270,0,7,47,47)
w(136,1,7,48,48)
r(102,0,7,49,49)
r(745,0,7,50,50)
w(904,2,7,51,51)
r(695,0,7,52,52)
r(712,0,7,53,53)
r(161,0,7,54,54)
r(54,0,7,55,55)
r(847,0,7,56,56)
r(42,1,7,57,57)
r(2,0,7,58,58)
r(70,0,7,59,59)
r(457,0,7,60,60)
r(264,0,7,61,61)
r(224,0,7,62,62)
r(924,0,7,63,63)
r(353,0,7,64,64)
r(496,0,7,65,65)
r(103,0,7,66,66)
r(624,0,7,67,67)
r(772,0,7,68,68)
r(359,0,7,69,69)
w(85,2,7,70,70)
w(112,1,7,71,71)
r(844,1,7,72,72)
r(826,0,7,73,73)
r(283,0,7,74,74)
r(295,0,7,75,75)
r(776,0,7,76,76)
r(128,0,7,77,77)
r(468,0,7,78,78)
r(951,0,7,79,79)
r(486,0,7,80,80)
r(676,0,7,81,81)
r(504,0,7,82,82)
r(301,1,7,83,83)
r(205,0,7,84,84)
r(259,0,7,85,85)
w(799,2,7,86,86)
r(198,0,7,87,87)
r(546,0,7,88,88)
r(646,0,7,89,89)
r(537,0,7,90,90)
r(183,0,7,91,91)
r(275,0,7,92,92)
r(444,0,7,93,93)
w(295,1,7,94,94)
r(981,0,7,95,95)
w(608,1,7,96,96)
r(962,0,7,97,97)
r(835,0,7,98,98)
r(304,0,7,99,99)
r(743,0,8,0,0)
r(857,0,8,1,1)
r(899,0,8,2,2)
r(369,0,8,3,3)
r(419,0,8,4,4)
r(608,1,8,5,5)
r(692,1,8,6,6)
r(679,0,8,7,7)
r(349,0,8,8,8)
r(721,0,8,9,9)
w(177,1,8,10,10)
r(254,0,8,11,11)
w(516,1,8,12,12)
r(271,0,8,13,13)
r(330,1,8,14,14)
r(750,0,8,15,15)
r(670,0,8,16,16)
r(467,0,8,17,17)
r(593,0,8,18,18)
w(823,1,8,19,19)
r(205,0,8,20,20)
r(249,0,8,21,21)
w(310,1,8,22,22)
r(761,0,8,23,23)
r(127,0,8,24,24)
r(641,0,8,25,25)
r(777,0,8,26,26)
r(226,0,8,27,27)
w(41,1,8,28,28)
r(207,0,8,29,29)
r(92,0,8,30,30)
r(124,0,8,31,31)
r(792,0,8,32,32)
r(768,0,8,33,33)
r(683,0,8,34,34)
r(600,1,8,35,35)
r(420,0,8,36,36)
r(484,0,8,37,37)
r(24,0,8,38,38)
w(783,1,8,39,39)
r(499,0,8,40,40)
r(675,0,8,41,41)
r(316,0,8,42,42)
r(44,0,8,43,43)
r(714,0,8,44,44)
r(344,0,8,45,45)
w(903,1,8,46,46)
r(19,0,8,47,47)
r(175,0,8,48,48)
r(272,0,8,49,49)
r(584,0,8,50,50)
r(0,0,8,51,51)
w(565,1,8,52,52)
r(342,0,8,53,53)
r(545,0,8,54,54)
r(566,0,8,55,55)
r(999,0,8,56,56)
r(681,0,8,57,57)
r(756,0,8,58,58)
r(588,0,8,59,59)
w(69,1,8,60,60)
r(564,1,8,61,61)
r(956,0,8,62,62)
r(874,0,8,63,63)
r(981,0,8,64,64)
r(687,0,8,65,65)
r(105,0,8,66,66)
w(114,1,8,67,67)
r(840,0,8,68,68)
w(951,1,8,69,69)
r(100,0,8,70,70)
r(106,0,8,71,71)
r(892,0,8,72,72)
r(697,0,8,73,73)
r(940,0,8,74,74)
r(225,0,8,75,75)
r(236,0,8,76,76)
r(837,0,8,77,77)
r(565,1,8,78,78)
r(56,1,8,79,79)
r(753,1,8,80,80)
r(283,0,8,81,81)
r(458,0,8,82,82)
r(484,0,8,83,83)
r(614,0,8,84,84)
r(161,0,8,85,85)
r(825,0,8,86,86)
r(118,0,8,87,87)
r(948,0,8,88,88)
r(904,2,8,89,89)
r(462,0,8,90,90)
r(436,0,8,91,91)
r(186,0,8,92,92)
r(678,0,8,93,93)
r(21,0,8,94,94)
r(177,1,8,95,95)
r(874,0,8,96,96)
r(446,0,8,97,97)
r(971,0,8,98,98)
r(564,1,8,99,99)
r(905,0,9,0,0)
r(766,0,9,1,1)
r(548,0,9,2,2)
r(481,0,9,3,3)
r(414,0,9,4,4)
r(401,0,9,5,5)
r(778,0,9,6,6)
r(703,0,9,7,7)
r(771,0,9,8,8)
r(958,0,9,9,9)
r(498,0,9,10,10)
r(191,1,9,11,11)
r(260,0,9,12,12)
r(531,0,9,13,13)
r(10,0,9,14,14)
r(492,0,9,15,15)
r(121,0,9,16,16)
r(660,0,9,17,17)
r(762,1,9,18,18)
r(976,1,9,19,19)
r(190,0,9,20,20)
r(279,0,9,21,21)
r(458,0,9,22,22)
r(557,0,9,23,23)
r(44,0,9,24,24)
r(143,1,9,25,25)
r(326,0,9,26,26)
r(407,0,9,27,27)
r(880,0,9,28,28)
r(167,0,9,29,29)
r(675,0,9,30,30)
r(352,0,9,31,31)
r(971,0,9,32,32)
r(36,0,9,33,33)
r(371,1,9,34,34)
r(581,0,9,35,35)
r(374,0,9,36,36)
r(805,0,9,37,37)
r(646,0,9,38,38)
r(521,0,9,39,39)
r(443,0,9,40,40)
r(360,0,9,41,41)
r(248,0,9,42,42)
r(451,0,9,43,43)
r(176,0,9,44,44)
r(922,0,9,45,45)
r(819,0,9,46,46)
r(353,0,9,47,47)
r(343,0,9,48,48)
r(219,0,9,49,49)
r(953,0,9,50,50)
r(640,0,9,51,51)
r(399,0,9,52,52)
r(660,0,9,53,53)
r(460,0,9,54,54)
r(615,0,9,55,55)
r(897,0,9,56,56)
r(499,0,9,57,57)
r(910,0,9,58,58)
w(887,1,9,59,59)
w(890,1,9,60,60)
r(209,0,9,61,61)
r(515,0,9,62,62)
r(912,0,9,63,63)
r(441,0,9,64,64)
r(136,1,9,65,65)
r(71,0,9,66,66)
r(487,0,9,67,67)
w(242,1,9,68,68)
r(888,0,9,69,69)
r(547,0,9,70,70)
r(468,0,9,71,71)
r(762,1,9,72,72)
r(499,0,9,73,73)
r(586,0,9,74,74)
r(349,0,9,75,75)
r(627,0,9,76,76)
r(549,1,9,77,77)
r(893,1,9,78,78)
r(555,0,9,79,79)
r(207,0,9,80,80)
r(603,0,9,81,81)
r(203,0,9,82,82)
r(183,0,9,83,83)
r(318,0,9,84,84)
r(801,0,9,85,85)
r(642,0,9,86,86)
r(10,0,9,87,87)
r(503,0,9,88,88)
r(323,1,9,89,89)
r(916,0,9,90,90)
r(540,0,9,91,91)
r(595,0,9,92,92)
r(164,0,9,93,93)
r(314,0,9,94,94)
w(93,1,9,95,95)
r(791,0,9,96,96)
r(135,0,9,97,97)
r(754,0,9,98,98)
r(480,0,9,99,99)
r(681,0,10,0,0)
w(470,1,10,1,1)
r(872,1,10,2,2)
r(931,0,10,3,3)
r(408,0,10,4,4)
r(618,0,10,5,5)
r(958,0,10,6,6)
r(318,0,10,7,7)
r(935,0,10,8,8)
r(94,0,10,9,9)
r(77,0,10,10,10)
r(14,0,10,11,11)
w(590,1,10,12,12)
r(319,0,10,13,13)
r(651,1,10,14,14)
w(441,1,10,15,15)
r(215,1,10,16,16)
r(349,0,10,17,17)
r(369,0,10,18,18)
r(917,0,10,19,19)
r(415,0,10,20,20)
r(660,0,10,21,21)
r(722,0,10,22,22)
r(467,0,10,23,23)
r(361,0,10,24,24)
r(636,0,10,25,25)
r(318,0,10,26,26)
r(541,0,10,27,27)
r(374,0,10,28,28)
r(464,0,10,29,29)
r(106,0,10,30,30)
r(377,0,10,31,31)
r(563,0,10,32,32)
r(930,0,10,33,33)
r(629,0,10,34,34)
w(845,1,10,35,35)
r(650,0,10,36,36)
r(918,0,10,37,37)
r(160,0,10,38,38)
r(679,0,10,39,39)
r(28,0,10,40,40)
r(196,0,10,41,41)
r(289,0,10,42,42)
r(776,0,10,43,43)
r(166,0,10,44,44)
r(74,0,10,45,45)
r(620,0,10,46,46)
r(41,1,10,47,47)
r(272,0,10,48,48)
r(851,0,10,49,49)
r(227,0,10,50,50)
r(2,0,10,51,51)
r(622,0,10,52,52)
r(218,0,10,53,53)
r(264,0,10,54,54)
r(751,0,10,55,55)
r(401,0,10,56,56)
r(805,0,10,57,57)
r(389,0,10,58,58)
r(193,0,10,59,59)
r(165,1,10,60,60)
r(291,0,10,61,61)
r(508,0,10,62,62)
r(544,1,10,63,63)
r(190,0,10,64,64)
r(751,0,10,65,65)
r(795,0,10,66,66)
r(219,0,10,67,67)
r(116,0,10,68,68)
r(410,0,10,69,69)
r(484,0,10,70,70)
r(382,0,10,71,71)
r(172,0,10,72,72)
r(466,0,10,73,73)
r(345,0,10,74,74)
r(996,0,10,75,75)
w(768,1,10,76,76)
r(876,0,10,77,77)
r(5,0,10,78,78)
r(491,0,10,79,79)
r(395,0,10,80,80)
r(199,0,10,81,81)
r(786,0,10,82,82)
r(585,0,10,83,83)
w(812,1,10,84,84)
r(407,0,10,85,85)
r(612,0,10,86,86)
r(959,0,10,87,87)
r(686,0,10,88,88)
r(549,1,10,89,89)
w(335,1,10,90,90)
r(60,1,10,91,91)
r(870,0,10,92,92)
r(420,0,10,93,93)
r(579,0,10,94,94)
r(737,0,10,95,95)
r(863,0,10,96,96)
r(96,0,10,97,97)
r(452,0,10,98,98)
r(149,0,10,99,99)
r(317,0,11,0,0)
r(76,0,11,1,1)
r(651,1,11,2,2)
w(359,1,11,3,3)
r(310,1,11,4,4)
r(926,0,11,5,5)
r(337,0,11,6,6)
r(615,0,11,7,7)
r(964,0,11,8,8)
r(642,0,11,9,9)
r(88,0,11,10,10)
r(602,0,11,11,11)
w(894,1,11,12,12)
r(513,0,11,13,13)
r(259,0,11,14,14)
r(211,0,11,15,15)
r(203,0,11,16,16)
w(42,2,11,17,17)
r(397,0,11,18,18)
r(55,0,11,19,19)
r(516,1,11,20,20)
r(672,0,11,21,21)
r(184,0,11,22,22)
r(870,0,11,23,23)
r(752,0,11,24,24)
r(214,0,11,25,25)
r(947,0,11,26,26)
r(590,1,11,27,27)
w(319,1,11,28,28)
r(802,0,11,29,29)
r(330,1,11,30,30)
r(768,1,11,31,31)
r(477,0,11,32,32)
w(931,1,11,33,33)
r(782,0,11,34,34)
r(133,1,11,35,35)
r(231,0,11,36,36)
r(547,0,11,37,37)
r(127,0,11,38,38)
r(810,0,11,39,39)
r(207,0,11,40,40)
r(263,0,11,41,41)
w(203,1,11,42,42)
r(785,0,11,43,43)
r(727,0,11,44,44)
r(659,0,11,45,45)
r(804,0,11,46,46)
r(460,0,11,47,47)
r(791,0,11,48,48)
w(347,1,11,49,49)
r(734,0,11,50,50)
r(223,0,11,51,51)
r(628,0,11,52,52)
r(693,0,11,53,53)
r(124,0,11,54,54)
r(738,0,11,55,55)
r(300,0,11,56,56)
w(523,1,11,57,57)
w(703,1,11,58,58)
r(117,0,11,59,59)
w(455,1,11,60,60)
r(561,0,11,61,61)
r(593,0,11,62,62)
w(996,1,11,63,63)
r(135,0,11,64,64)
r(478,0,11,65,65)
r(779,0,11,66,66)
r(983,0,11,67,67)
r(912,0,11,68,68)
r(771,0,11,69,69)
w(814,1,11,70,70)
r(210,0,11,71,71)
r(728,0,11,72,72)
w(564,2,11,73,73)
r(519,1,11,74,74)
r(839,0,11,75,75)
r(25,0,11,76,76)
r(269,0,11,77,77)
r(948,0,11,78,78)
r(788,0,11,79,79)
r(271,0,11,80,80)
r(598,0,11,81,81)
r(89,0,11,82,82)
r(243,0,11,83,83)
r(250,0,11,84,84)
w(243,1,11,85,85)
r(929,0,11,86,86)
r(722,0,11,87,87)
r(474,1,11,88,88)
r(559,0,11,89,89)
r(179,0,11,90,90)
r(860,0,11,91,91)
r(571,0,11,92,92)
r(114,1,11,93,93)
r(645,0,11,94,94)
r(478,0,11,95,95)
r(610,0,11,96,96)
r(183,0,11,97,97)
r(270,0,11,98,98)
r(997,0,11,99,99)
w(992,1,12,0,0)
w(812,2,12,1,1)
r(835,0,12,2,2)
r(593,0,12,3,3)
r(64,0,12,4,4)
r(541,0,12,5,5)
r(170,0,12,6,6)
r(470,1,12,7,7)
r(533,0,12,8,8)
r(227,0,12,9,9)
r(489,0,12,10,10)
r(637,0,12,11,11)
r(718,0,12,12,12)
r(680,0,12,13,13)
w(443,1,12,14,14)
r(329,0,12,15,15)
r(386,0,12,16,16)
w(575,1,12,17,17)
r(717,0,12,18,18)
r(188,0,12,19,19)
r(665,0,12,20,20)
r(613,0,12,21,21)
w(116,1,12,22,22)
r(208,0,12,23,23)
r(457,0,12,24,24)
r(785,0,12,25,25)
r(764,0,12,26,26)
r(485,0,12,27,27)
r(515,0,12,28,28)
r(585,0,12,29,29)
w(271,1,12,30,30)
r(293,0,12,31,31)
r(610,0,12,32,32)
w(716,1,12,33,33)
r(216,0,12,34,34)
r(46,0,12,35,35)
r(582,0,12,36,36)
r(438,0,12,37,37)
r(725,0,12,38,38)
w(153,1,12,39,39)
r(527,0,12,40,40)
r(60,1,12,41,41)
w(760,1,12,42,42)
r(363,0,12,43,43)
r(26,0,12,44,44)
r(547,0,12,45,45)
r(527,0,12,46,46)
r(108,0,12,47,47)
r(410,0,12,48,48)
w(804,1,12,49,49)
r(884,0,12,50,50)
r(975,0,12,51,51)
r(840,0,12,52,52)
r(140,0,12,53,53)
r(55,0,12,54,54)
r(632,0,12,55,55)
r(802,0,12,56,56)
r(563,0,12,57,57)
r(64,0,12,58,58)
r(988,0,12,59,59)
r(791,0,12,60,60)
r(230,0,12,61,61)
r(714,0,12,62,62)
r(66,0,12,63,63)
r(710,0,12,64,64)
r(226,0,12,65,65)
r(766,0,12,66,66)
r(955,0,12,67,67)
r(229,0,12,68,68)
r(305,0,12,69,69)
w(948,1,12,70,70)
w(49,1,12,71,71)
w(728,1,12,72,72)
r(742,0,12,73,73)
r(396,0,12,74,74)
r(557,0,12,75,75)
r(632,0,12,76,76)
w(822,1,12,77,77)
r(985,0,12,78,78)
r(349,0,12,79,79)
r(223,0,12,80,80)
w(211,1,12,81,81)
r(251,0,12,82,82)
r(42,2,12,83,83)
r(660,0,12,84,84)
r(875,0,12,85,85)
r(119,0,12,86,86)
w(400,1,12,87,87)
r(598,0,12,88,88)
r(461,1,12,89,89)
r(953,0,12,90,90)
r(486,0,12,91,91)
r(645,0,12,92,92)
r(144,1,12,93,93)
r(156,0,12,94,94)
w(960,1,12,95,95)
r(676,0,12,96,96)
r(898,1,12,97,97)
r(220,0,12,98,98)
r(223,0,12,99,99)
r(831,0,13,0,0)
w(272,1,13,1,1)
r(384,0,13,2,2)
r(826,0,13,3,3)
r(779,0,13,4,4)
r(364,0,13,5,5)
r(827,1,13,6,6)
r(479,0,13,7,7)
w(224,1,13,8,8)
r(683,0,13,9,9)
r(756,0,13,10,10)
r(603,0,13,11,11)
w(409,1,13,12,12)
r(390,0,13,13,13)
r(241,0,13,14,14)
r(195,0,13,15,15)
r(693,0,13,16,16)
r(618,0,13,17,17)
r(946,0,13,18,18)
r(146,0,13,19,19)
r(643,1,13,20,20)
r(159,0,13,21,21)
r(904,2,13,22,22)
r(771,0,13,23,23)
r(10,0,13,24,24)
r(44,0,13,25,25)
w(433,1,13,26,26)
r(885,0,13,27,27)
r(241,0,13,28,28)
r(461,1,13,29,29)
r(300,0,13,30,30)
r(682,0,13,31,31)
r(253,0,13,32,32)
r(964,0,13,33,33)
r(942,0,13,34,34)
r(197,0,13,35,35)
r(240,0,13,36,36)
r(578,0,13,37,37)
r(983,0,13,38,38)
r(7,0,13,39,39)
r(438,0,13,40,40)
r(804,1,13,41,41)
r(372,1,13,42,42)
r(714,0,13,43,43)
r(951,1,13,44,44)
r(54,0,13,45,45)
r(214,0,13,46,46)
r(856,0,13,47,47)
w(664,1,13,48,48)
r(969,0,13,49,49)
r(337,0,13,50,50)
r(711,0,13,51,51)
r(626,0,13,52,52)
r(742,0,13,53,53)
r(39,1,13,54,54)
r(986,1,13,55,55)
r(365,0,13,56,56)
r(174,0,13,57,57)
r(154,0,13,58,58)
r(741,0,13,59,59)
w(334,2,13,60,60)
r(301,1,13,61,61)
r(553,0,13,62,62)
w(455,2,13,63,63)
r(67,0,13,64,64)
r(752,0,13,65,65)
r(818,0,13,66,66)
r(943,0,13,67,67)
w(770,1,13,68,68)
r(763,0,13,69,69)
r(962,0,13,70,70)
r(464,0,13,71,71)
r(780,0,13,72,72)
w(666,1,13,73,73)
w(100,1,13,74,74)
r(591,0,13,75,75)
r(416,0,13,76,76)
r(890,1,13,77,77)
r(65,0,13,78,78)
r(81,0,13,79,79)
r(597,0,13,80,80)
r(379,0,13,81,81)
r(40,0,13,82,82)
r(562,0,13,83,83)
r(691,0,13,84,84)
r(772,0,13,85,85)
r(257,1,13,86,86)
r(196,0,13,87,87)
r(817,0,13,88,88)
r(105,0,13,89,89)
r(787,0,13,90,90)
r(622,0,13,91,91)
w(451,1,13,92,92)
r(284,0,13,93,93)
r(53,0,13,94,94)
r(91,0,13,95,95)
r(611,0,13,96,96)
r(457,0,13,97,97)
r(554,0,13,98,98)
w(673,1,13,99,99)
r(683,0,14,0,0)
r(136,1,14,1,1)
r(50,0,14,2,2)
r(707,0,14,3,3)
r(132,0,14,4,4)
r(339,1,14,5,5)
r(938,0,14,6,6)
r(844,1,14,7,7)
w(31,1,14,8,8)
w(949,1,14,9,9)
w(882,1,14,10,10)
w(571,1,14,11,11)
r(834,0,14,12,12)
r(478,0,14,13,13)
r(697,0,14,14,14)
r(819,0,14,15,15)
r(608,1,14,16,16)
r(612,0,14,17,17)
w(5,1,14,18,18)
r(925,0,14,19,19)
r(711,0,14,20,20)
w(998,1,14,21,21)
r(541,0,14,22,22)
r(326,0,14,23,23)
r(625,0,14,24,24)
r(657,0,14,25,25)
r(120,0,14,26,26)
r(109,0,14,27,27)
r(108,0,14,28,28)
r(182,0,14,29,29)
r(841,0,14,30,30)
r(500,0,14,31,31)
r(909,0,14,32,32)
r(713,0,14,33,33)
r(808,0,14,34,34)
r(775,0,14,35,35)
w(483,1,14,36,36)
r(200,1,14,37,37)
r(489,0,14,38,38)
r(972,0,14,39,39)
r(994,0,14,40,40)
r(41,1,14,41,41)
r(786,0,14,42,42)
r(620,0,14,43,43)
r(72,0,14,44,44)
r(855,0,14,45,45)
r(226,0,14,46,46)
r(586,0,14,47,47)
r(105,0,14,48,48)
r(231,0,14,49,49)
r(551,0,14,50,50)
r(190,0,14,51,51)
r(649,0,14,52,52)
w(535,1,14,53,53)
r(955,0,14,54,54)
r(520,0,14,55,55)
r(476,0,14,56,56)
r(698,0,14,57,57)
r(16,0,14,58,58)
r(762,1,14,59,59)
w(120,1,14,60,60)
r(619,0,14,61,61)
r(441,1,14,62,62)
r(197,0,14,63,63)
r(753,1,14,64,64)
r(111,0,14,65,65)
r(873,0,14,66,66)
r(548,0,14,67,67)
r(757,0,14,68,68)
r(659,0,14,69,69)
r(29,0,14,70,70)
r(958,0,14,71,71)
r(221,0,14,72,72)
r(788,0,14,73,73)
r(364,0,14,74,74)
r(449,0,14,75,75)
r(553,0,14,76,76)
r(156,0,14,77,77)
r(172,0,14,78,78)
r(879,0,14,79,79)
r(395,0,14,80,80)
r(752,0,14,81,81)
r(527,0,14,82,82)
w(276,2,14,83,83)
r(579,0,14,84,84)
r(608,1,14,85,85)
r(18,0,14,86,86)
w(513,1,14,87,87)
r(627,0,14,88,88)
r(39,1,14,89,89)
r(192,0,14,90,90)
r(563,0,14,91,91)
r(778,0,14,92,92)
r(937,0,14,93,93)
r(283,0,14,94,94)
r(911,0,14,95,95)
r(87,0,14,96,96)
r(198,0,14,97,97)
r(133,1,14,98,98)
r(522,0,14,99,99)
r(288,0,15,0,0)
r(975,0,15,1,1)
r(735,0,15,2,2)
r(867,0,15,3,3)
r(381,0,15,4,4)
r(634,0,15,5,5)
r(66,0,15,6,6)
r(436,0,15,7,7)
r(604,0,15,8,8)
r(353,0,15,9,9)
r(173,0,15,10,10)
r(109,0,15,11,11)
r(176,0,15,12,12)
r(279,0,15,13,13)
r(148,0,15,14,14)
r(224,1,15,15,15)
r(75,0,15,16,16)
r(80,1,15,17,17)
r(977,0,15,18,18)
r(65,0,15,19,19)
r(588,0,15,20,20)
r(229,0,15,21,21)
r(83,0,15,22,22)
r(933,0,15,23,23)
r(232,0,15,24,24)
r(193,0,15,25,25)
r(456,0,15,26,26)
r(185,0,15,27,27)
w(584,1,15,28,28)
w(248,1,15,29,29)
w(660,1,15,30,30)
r(989,0,15,31,31)
r(932,0,15,32,32)
r(631,0,15,33,33)
r(251,0,15,34,34)
r(683,0,15,35,35)
r(483,1,15,36,36)
r(625,0,15,37,37)
r(960,1,15,38,38)
r(384,0,15,39,39)
w(179,1,15,40,40)
r(485,0,15,41,41)
r(611,0,15,42,42)
r(717,0,15,43,43)
r(34,0,15,44,44)
r(261,0,15,45,45)
r(818,0,15,46,46)
r(249,0,15,47,47)
r(104,0,15,48,48)
r(412,0,15,49,49)
r(980,0,15,50,50)
r(805,0,15,51,51)
r(38,0,15,52,52)
r(449,0,15,53,53)
w(671,1,15,54,54)
r(890,1,15,55,55)
r(851,0,15,56,56)
w(569,1,15,57,57)
r(568,0,15,58,58)
r(743,0,15,59,59)
r(583,0,15,60,60)
r(206,0,15,61,61)
r(893,1,15,62,62)
r(673,1,15,63,63)
r(439,0,15,64,64)
w(601,1,15,65,65)
r(874,0,15,66,66)
r(353,0,15,67,67)
r(598,0,15,68,68)
r(712,0,15,69,69)
w(251,1,15,70,70)
r(343,0,15,71,71)
r(347,1,15,72,72)
r(870,0,15,73,73)
r(764,0,15,74,74)
r(196,0,15,75,75)
r(752,0,15,76,76)
r(955,0,15,77,77)
r(873,0,15,78,78)
r(549,1,15,79,79)
r(970,0,15,80,80)
w(228,1,15,81,81)
r(862,0,15,82,82)
r(22,0,15,83,83)
r(236,0,15,84,84)
r(854,0,15,85,85)
r(577,0,15,86,86)
r(811,0,15,87,87)
r(130,0,15,88,88)
w(22,1,15,89,89)
r(857,0,15,90,90)
r(871,1,15,91,91)
w(867,1,15,92,92)
r(621,0,15,93,93)
r(721,0,15,94,94)
r(385,0,15,95,95)
r(24,0,15,96,96)
r(606,0,15,97,97)
r(200,1,15,98,98)
w(356,1,15,99,99)
r(826,0,16,0,0)
w(459,1,16,1,1)
r(729,0,16,2,2)
r(118,0,16,3,3)
r(394,0,16,4,4)
r(580,1,16,5,5)
r(41,1,16,6,6)
r(421,0,16,7,7)
r(185,0,16,8,8)
r(116,1,16,9,9)
r(360,0,16,10,10)
r(638,0,16,11,11)
r(340,0,16,12,12)
r(902,0,16,13,13)
r(498,0,16,14,14)
r(132,0,16,15,15)
r(233,0,16,16,16)
r(757,0,16,17,17)
r(288,0,16,18,18)
w(826,1,16,19,19)
r(679,0,16,20,20)
r(225,0,16,21,21)
r(987,0,16,22,22)
r(418,0,16,23,23)
r(552,0,16,24,24)
r(448,0,16,25,25)
r(774,0,16,26,26)
r(952,0,16,27,27)
r(175,0,16,28,28)
r(303,0,16,29,29)
r(538,0,16,30,30)
r(169,0,16,31,31)
w(866,1,16,32,32)
r(246,0,16,33,33)
w(353,1,16,34,34)
r(712,0,16,35,35)
r(315,0,16,36,36)
r(448,0,16,37,37)
r(930,0,16,38,38)
r(83,0,16,39,39)
r(554,0,16,40,40)
r(449,0,16,41,41)
r(11,0,16,42,42)
r(841,0,16,43,43)
r(795,0,16,44,44)
r(181,0,16,45,45)
r(609,0,16,46,46)
r(58,0,16,47,47)
r(29,0,16,48,48)
r(486,0,16,49,49)
r(713,0,16,50,50)
r(609,0,16,51,51)
r(659,0,16,52,52)
w(422,1,16,53,53)
r(192,0,16,54,54)
w(510,1,16,55,55)
r(526,0,16,56,56)
r(572,0,16,57,57)
r(320,0,16,58,58)
r(696,0,16,59,59)
r(369,0,16,60,60)
r(776,0,16,61,61)
r(440,0,16,62,62)
r(359,1,16,63,63)
r(824,0,16,64,64)
r(54,0,16,65,65)
r(712,0,16,66,66)
r(449,0,16,67,67)
r(411,0,16,68,68)
r(297,0,16,69,69)
r(304,0,16,70,70)
r(142,0,16,71,71)
r(673,1,16,72,72)
r(344,0,16,73,73)
w(823,2,16,74,74)
r(882,1,16,75,75)
r(270,0,16,76,76)
r(657,0,16,77,77)
r(956,0,16,78,78)
r(789,0,16,79,79)
r(442,0,16,80,80)
r(71,0,16,81,81)
r(555,0,16,82,82)
r(899,0,16,83,83)
r(993,0,16,84,84)
r(269,0,16,85,85)
r(379,0,16,86,86)
r(269,0,16,87,87)
r(939,0,16,88,88)
r(509,0,16,89,89)
r(526,0,16,90,90)
r(326,0,16,91,91)
r(758,0,16,92,92)
r(736,0,16,93,93)
r(150,0,16,94,94)
r(7,0,16,95,95)
r(864,0,16,96,96)
w(262,1,16,97,97)
r(400,1,16,98,98)
w(470,2,16,99,99)
r(795,0,17,0,0)
r(321,0,17,1,1)
r(608,1,17,2,2)
r(829,0,17,3,3)
r(575,1,17,4,4)
r(194,0,17,5,5)
r(270,0,17,6,6)
r(316,0,17,7,7)
r(293,0,17,8,8)
r(808,0,17,9,9)
r(354,1,17,10,10)
r(85,2,17,11,11)
r(359,1,17,12,12)
r(535,1,17,13,13)
r(467,0,17,14,14)
r(735,0,17,15,15)
w(597,1,17,16,16)
r(947,0,17,17,17)
r(528,0,17,18,18)
w(159,1,17,19,19)
r(404,0,17,20,20)
r(159,1,17,21,21)
r(867,1,17,22,22)
w(832,1,17,23,23)
w(175,1,17,24,24)
r(756,0,17,25,25)
r(775,0,17,26,26)
r(430,0,17,27,27)
r(484,0,17,28,28)
r(376,0,17,29,29)
r(377,0,17,30,30)
r(946,0,17,31,31)
r(652,0,17,32,32)
r(174,0,17,33,33)
r(504,0,17,34,34)
r(697,0,17,35,35)
r(616,0,17,36,36)
r(613,0,17,37,37)
r(3,0,17,38,38)
r(468,0,17,39,39)
r(18,0,17,40,40)
r(80,1,17,41,41)
r(176,0,17,42,42)
r(926,0,17,43,43)
r(905,0,17,44,44)
r(427,0,17,45,45)
r(216,0,17,46,46)
r(825,0,17,47,47)
r(322,0,17,48,48)
r(162,0,17,49,49)
r(850,0,17,50,50)
r(292,0,17,51,51)
r(847,0,17,52,52)
r(759,0,17,53,53)
r(334,2,17,54,54)
r(157,0,17,55,55)
r(602,0,17,56,56)
r(49,1,17,57,57)
r(165,1,17,58,58)
w(438,1,17,59,59)
r(584,1,17,60,60)
r(912,0,17,61,61)
r(249,0,17,62,62)
r(100,1,17,63,63)
r(349,0,17,64,64)
r(831,0,17,65,65)
r(768,1,17,66,66)
r(380,0,17,67,67)
r(12,0,17,68,68)
r(469,0,17,69,69)
r(12,0,17,70,70)
r(125,0,17,71,71)
r(926,0,17,72,72)
r(265,1,17,73,73)
r(9,0,17,74,74)
r(163,0,17,75,75)
r(237,0,17,76,76)
r(634,0,17,77,77)
r(710,0,17,78,78)
r(363,0,17,79,79)
r(457,0,17,80,80)
w(9,1,17,81,81)
r(728,1,17,82,82)
w(729,1,17,83,83)
r(137,0,17,84,84)
r(116,1,17,85,85)
r(806,0,17,86,86)
r(700,0,17,87,87)
r(715,0,17,88,88)
r(68,1,17,89,89)
r(272,1,17,90,90)
r(114,1,17,91,91)
w(227,1,17,92,92)
w(457,1,17,93,93)
w(948,2,17,94,94)
r(886,1,17,95,95)
r(243,1,17,96,96)
r(887,1,17,97,97)
r(812,2,17,98,98)
r(354,1,17,99,99)
r(212,0,18,0,0)
r(746,0,18,1,1)
r(811,0,18,2,2)
r(177,1,18,3,3)
w(542,1,18,4,4)
r(214,0,18,5,5)
r(473,0,18,6,6)
r(147,0,18,7,7)
r(384,0,18,8,8)
r(974,1,18,9,9)
r(989,0,18,10,10)
r(376,0,18,11,11)
r(971,0,18,12,12)
r(810,0,18,13,13)
r(832,1,18,14,14)
r(781,0,18,15,15)
r(746,0,18,16,16)
r(975,0,18,17,17)
r(871,1,18,18,18)
r(788,0,18,19,19)
r(834,0,18,20,20)
w(678,1,18,21,21)
r(29,0,18,22,22)
r(435,0,18,23,23)
r(264,0,18,24,24)
r(493,1,18,25,25)
r(634,0,18,26,26)
r(577,0,18,27,27)
r(500,0,18,28,28)
w(252,1,18,29,29)
r(959,0,18,30,30)
r(860,0,18,31,31)
r(992,1,18,32,32)
r(307,0,18,33,33)
r(316,0,18,34,34)
r(384,0,18,35,35)
r(781,0,18,36,36)
r(592,0,18,37,37)
w(104,1,18,38,38)
r(699,0,18,39,39)
r(231,0,18,40,40)
r(151,0,18,41,41)
r(573,0,18,42,42)
r(549,1,18,43,43)
r(454,0,18,44,44)
r(776,0,18,45,45)
r(633,0,18,46,46)
r(225,0,18,47,47)
w(989,1,18,48,48)
r(398,1,18,49,49)
r(272,1,18,50,50)
r(615,0,18,51,51)
r(435,0,18,52,52)
r(807,1,18,53,53)
r(515,0,18,54,54)
r(83,0,18,55,55)
r(79,0,18,56,56)
r(583,0,18,57,57)
r(40,0,18,58,58)
r(372,1,18,59,59)
w(688,1,18,60,60)
r(303,0,18,61,61)
r(414,0,18,62,62)
r(871,1,18,63,63)
r(434,0,18,64,64)
r(558,0,18,65,65)
w(432,1,18,66,66)
r(164,0,18,67,67)
w(41,2,18,68,68)
r(791,0,18,69,69)
r(645,0,18,70,70)
r(164,0,18,71,71)
r(209,0,18,72,72)
r(637,0,18,73,73)
r(27,0,18,74,74)
r(212,0,18,75,75)
r(263,0,18,76,76)
r(906,0,18,77,77)
r(229,0,18,78,78)
r(583,0,18,79,79)
w(684,1,18,80,80)
r(968,0,18,81,81)
r(562,0,18,82,82)
r(444,0,18,83,83)
r(960,1,18,84,84)
r(788,0,18,85,85)
r(861,0,18,86,86)
r(650,0,18,87,87)
w(128,1,18,88,88)
r(74,0,18,89,89)
r(86,0,18,90,90)
r(233,0,18,91,91)
r(832,1,18,92,92)
r(268,0,18,93,93)
r(93,1,18,94,94)
w(538,1,18,95,95)
w(915,1,18,96,96)
r(877,0,18,97,97)
r(210,0,18,98,98)
r(374,0,18,99,99)
r(891,0,19,0,0)
r(247,0,19,1,1)
r(18,0,19,2,2)
w(253,1,19,3,3)
r(414,0,19,4,4)
r(370,0,19,5,5)
r(747,0,19,6,6)
r(302,0,19,7,7)
r(394,0,19,8,8)
r(144,1,19,9,9)
w(160,1,19,10,10)
r(267,0,19,11,11)
r(296,0,19,12,12)
r(935,0,19,13,13)
r(718,0,19,14,14)
r(100,1,19,15,15)
w(943,1,19,16,16)
r(982,0,19,17,17)
r(705,0,19,18,18)
r(983,0,19,19,19)
r(310,1,19,20,20)
r(83,0,19,21,21)
r(377,0,19,22,22)
r(850,0,19,23,23)
r(991,0,19,24,24)
r(818,0,19,25,25)
r(872,1,19,26,26)
r(481,0,19,27,27)
r(328,0,19,28,28)
r(359,1,19,29,29)
r(860,0,19,30,30)
r(153,1,19,31,31)
r(855,0,19,32,32)
r(903,1,19,33,33)
r(871,1,19,34,34)
r(108,0,19,35,35)
r(535,1,19,36,36)
r(956,0,19,37,37)
r(96,0,19,38,38)
r(222,0,19,39,39)
r(725,0,19,40,40)
r(734,0,19,41,41)
r(676,0,19,42,42)
r(385,0,19,43,43)
r(41,2,19,44,44)
r(968,0,19,45,45)
r(738,0,19,46,46)
r(394,0,19,47,47)
r(127,0,19,48,48)
r(409,1,19,49,49)
w(550,1,19,50,50)
w(929,1,19,51,51)
r(913,0,19,52,52)
w(107,1,19,53,53)
r(230,0,19,54,54)
r(399,0,19,55,55)
r(445,0,19,56,56)
r(489,0,19,57,57)
r(281,0,19,58,58)
r(984,0,19,59,59)
r(461,1,19,60,60)
r(909,0,19,61,61)
r(594,1,19,62,62)
r(606,0,19,63,63)
r(886,1,19,64,64)
r(486,0,19,65,65)
r(605,0,19,66,66)
r(359,1,19,67,67)
r(469,0,19,68,68)
w(464,1,19,69,69)
r(54,0,19,70,70)
r(214,0,19,71,71)
r(31,1,19,72,72)
w(878,1,19,73,73)
r(825,0,19,74,74)
r(693,0,19,75,75)
r(771,0,19,76,76)
w(138,1,19,77,77)
r(827,1,19,78,78)
w(240,1,19,79,79)
r(685,0,19,80,80)
r(606,0,19,81,81)
w(387,1,19,82,82)
r(607,1,19,83,83)
w(3,1,19,84,84)
r(813,0,19,85,85)
w(151,1,19,86,86)
r(219,0,19,87,87)
r(795,0,19,88,88)
r(291,0,19,89,89)
r(173,0,19,90,90)
w(355,1,19,91,91)
r(265,1,19,92,92)
r(670,0,19,93,93)
r(244,0,19,94,94)
r(527,0,19,95,95)
w(190,1,19,96,96)
r(900,1,19,97,97)
r(910,0,19,98,98)
r(706,0,19,99,99)
r(479,0,20,0,0)
r(576,0,20,1,1)
r(212,0,20,2,2)
r(462,0,20,3,3)
r(521,0,20,4,4)
r(747,0,20,5,5)
r(698,0,20,6,6)
r(943,1,20,7,7)
r(406,0,20,8,8)
r(603,0,20,9,9)
r(545,0,20,10,10)
r(872,1,20,11,11)
r(266,0,20,12,12)
r(679,0,20,13,13)
r(675,0,20,14,14)
r(151,1,20,15,15)
r(603,0,20,16,16)
r(945,0,20,17,17)
r(283,0,20,18,18)
w(331,1,20,19,19)
r(893,1,20,20,20)
r(271,1,20,21,21)
r(3,1,20,22,22)
r(583,0,20,23,23)
w(578,1,20,24,24)
w(173,1,20,25,25)
r(424,0,20,26,26)
r(632,0,20,27,27)
r(672,0,20,28,28)
r(999,0,20,29,29)
w(142,1,20,30,30)
r(406,0,20,31,31)
r(893,1,20,32,32)
w(331,2,20,33,33)
w(219,1,20,34,34)
r(361,0,20,35,35)
r(0,0,20,36,36)
r(841,0,20,37,37)
r(505,1,20,38,38)
r(313,0,20,39,39)
r(37,0,20,40,40)
r(911,0,20,41,41)
r(624,0,20,42,42)
r(281,0,20,43,43)
r(844,1,20,44,44)
r(225,0,20,45,45)
r(61,1,20,46,46)
r(384,0,20,47,47)
r(571,1,20,48,48)
r(632,0,20,49,49)
r(363,0,20,50,50)
r(281,0,20,51,51)
r(243,1,20,52,52)
r(506,0,20,53,53)
r(484,0,20,54,54)
r(918,0,20,55,55)
r(132,0,20,56,56)
r(655,0,20,57,57)
r(379,0,20,58,58)
r(788,0,20,59,59)
r(14,0,20,60,60)
r(719,0,20,61,61)
r(305,0,20,62,62)
r(774,0,20,63,63)
r(681,0,20,64,64)
r(340,0,20,65,65)
w(976,2,20,66,66)
r(390,0,20,67,67)
w(416,1,20,68,68)
r(57,0,20,69,69)
r(413,0,20,70,70)
r(323,1,20,71,71)
w(908,1,20,72,72)
r(270,0,20,73,73)
r(662,0,20,74,74)
r(511,0,20,75,75)
w(800,1,20,76,76)
r(325,0,20,77,77)
r(114,1,20,78,78)
r(280,0,20,79,79)
r(259,0,20,80,80)
w(684,2,20,81,81)
r(741,0,20,82,82)
r(321,0,20,83,83)
r(115,0,20,84,84)
r(651,1,20,85,85)
r(949,1,20,86,86)
r(268,0,20,87,87)
r(580,1,20,88,88)
r(860,0,20,89,89)
r(740,0,20,90,90)
r(921,0,20,91,91)
r(49,1,20,92,92)
r(258,1,20,93,93)
r(433,1,20,94,94)
r(95,0,20,95,95)
r(987,0,20,96,96)
r(642,0,20,97,97)
r(705,0,20,98,98)
w(877,1,20,99,99)
w(942,1,21,0,0)
r(774,0,21,1,1)
w(384,1,21,2,2)
r(113,0,21,3,3)
r(790,0,21,4,4)
r(625,0,21,5,5)
r(419,0,21,6,6)
r(58,0,21,7,7)
r(766,0,21,8,8)
w(31,2,21,9,9)
r(707,0,21,10,10)
w(348,1,21,11,11)
w(602,1,21,12,12)
r(546,0,21,13,13)
r(707,0,21,14,14)
r(935,0,21,15,15)
r(770,1,21,16,16)
r(536,0,21,17,17)
r(497,0,21,18,18)
r(492,0,21,19,19)
r(64,0,21,20,20)
r(365,0,21,21,21)
r(634,0,21,22,22)
r(702,1,21,23,23)
r(439,0,21,24,24)
r(501,0,21,25,25)
w(569,2,21,26,26)
r(186,0,21,27,27)
r(358,0,21,28,28)
r(355,1,21,29,29)
r(869,0,21,30,30)
r(502,0,21,31,31)
r(526,0,21,32,32)
r(760,1,21,33,33)
r(509,0,21,34,34)
r(803,0,21,35,35)
r(627,0,21,36,36)
r(833,0,21,37,37)
r(608,1,21,38,38)
r(235,0,21,39,39)
r(373,0,21,40,40)
r(320,0,21,41,41)
w(89,1,21,42,42)
r(612,0,21,43,43)
r(838,0,21,44,44)
w(596,1,21,45,45)
r(281,0,21,46,46)
r(759,0,21,47,47)
r(537,0,21,48,48)
r(685,0,21,49,49)
r(579,0,21,50,50)
r(738,0,21,51,51)
r(638,0,21,52,52)
r(131,0,21,53,53)
r(279,0,21,54,54)
r(929,1,21,55,55)
r(472,0,21,56,56)
r(293,0,21,57,57)
r(66,0,21,58,58)
r(711,0,21,59,59)
r(449,0,21,60,60)
r(541,0,21,61,61)
r(502,0,21,62,62)
r(62,0,21,63,63)
r(631,0,21,64,64)
r(295,1,21,65,65)
r(160,1,21,66,66)
r(114,1,21,67,67)
r(209,0,21,68,68)
r(846,0,21,69,69)
r(470,2,21,70,70)
r(123,0,21,71,71)
r(914,0,21,72,72)
r(655,0,21,73,73)
w(314,1,21,74,74)
r(996,1,21,75,75)
r(286,1,21,76,76)
r(438,1,21,77,77)
r(705,0,21,78,78)
r(237,0,21,79,79)
r(419,0,21,80,80)
r(853,0,21,81,81)
r(259,0,21,82,82)
r(499,0,21,83,83)
r(111,0,21,84,84)
r(273,0,21,85,85)
w(763,1,21,86,86)
r(190,1,21,87,87)
w(133,2,21,88,88)
r(474,1,21,89,89)
r(616,0,21,90,90)
r(798,0,21,91,91)
r(213,0,21,92,92)
r(826,1,21,93,93)
r(144,1,21,94,94)
r(296,0,21,95,95)
r(424,0,21,96,96)
r(310,1,21,97,97)
w(822,2,21,98,98)
r(496,0,21,99,99)
r(767,0,22,0,0)
w(906,1,22,1,1)
r(847,0,22,2,2)
r(608,1,22,3,3)
r(159,1,22,4,4)
r(638,0,22,5,5)
r(923,0,22,6,6)
r(21,0,22,7,7)
w(492,1,22,8,8)
r(997,0,22,9,9)
r(811,0,22,10,10)
r(225,0,22,11,11)
r(296,0,22,12,12)
r(650,0,22,13,13)
r(988,0,22,14,14)
r(547,0,22,15,15)
r(265,1,22,16,16)
r(20,0,22,17,17)
r(501,0,22,18,18)
r(515,0,22,19,19)
r(177,1,22,20,20)
r(143,1,22,21,21)
r(940,0,22,22,22)
r(544,1,22,23,23)
r(497,0,22,24,24)
r(859,0,22,25,25)
r(328,0,22,26,26)
r(245,0,22,27,27)
r(838,0,22,28,28)
r(668,0,22,29,29)
r(567,0,22,30,30)
r(372,1,22,31,31)
r(170,0,22,32,32)
r(39,1,22,33,33)
r(896,0,22,34,34)
r(185,0,22,35,35)
r(476,0,22,36,36)
r(20,0,22,37,37)
r(408,0,22,38,38)
r(710,0,22,39,39)
w(277,1,22,40,40)
r(101,1,22,41,41)
r(767,0,22,42,42)
r(763,1,22,43,43)
r(736,0,22,44,44)
r(431,1,22,45,45)
r(655,0,22,46,46)
w(92,1,22,47,47)
r(227,1,22,48,48)
r(123,0,22,49,49)
r(988,0,22,50,50)
r(995,0,22,51,51)
w(278,1,22,52,52)
r(180,0,22,53,53)
r(500,0,22,54,54)
r(720,0,22,55,55)
r(666,1,22,56,56)
r(245,0,22,57,57)
r(934,0,22,58,58)
r(2,0,22,59,59)
r(443,1,22,60,60)
r(978,0,22,61,61)
r(962,0,22,62,62)
r(629,0,22,63,63)
r(149,0,22,64,64)
r(316,0,22,65,65)
r(728,1,22,66,66)
r(910,0,22,67,67)
r(750,0,22,68,68)
r(728,1,22,69,69)
r(353,1,22,70,70)
r(973,0,22,71,71)
r(919,0,22,72,72)
r(279,0,22,73,73)
r(518,0,22,74,74)
r(862,0,22,75,75)
r(360,0,22,76,76)
w(250,1,22,77,77)
r(716,1,22,78,78)
r(750,0,22,79,79)
r(354,1,22,80,80)
r(218,0,22,81,81)
r(720,0,22,82,82)
r(557,0,22,83,83)
r(262,1,22,84,84)
r(287,0,22,85,85)
r(971,0,22,86,86)
r(574,1,22,87,87)
r(897,0,22,88,88)
r(477,0,22,89,89)
r(891,0,22,90,90)
w(136,2,22,91,91)
r(699,0,22,92,92)
r(786,0,22,93,93)
r(181,0,22,94,94)
r(439,0,22,95,95)
r(214,0,22,96,96)
r(57,0,22,97,97)
r(287,0,22,98,98)
r(994,0,22,99,99)
r(80,1,23,0,0)
r(457,1,23,1,1)
r(409,1,23,2,2)
r(399,0,23,3,3)
r(790,0,23,4,4)
r(40,0,23,5,5)
r(175,1,23,6,6)
r(201,0,23,7,7)
r(545,0,23,8,8)
r(438,1,23,9,9)
r(619,0,23,10,10)
r(194,0,23,11,11)
r(616,0,23,12,12)
r(268,0,23,13,13)
w(317,1,23,14,14)
r(972,0,23,15,15)
r(409,1,23,16,16)
r(118,0,23,17,17)
r(148,0,23,18,18)
r(716,1,23,19,19)
r(7,0,23,20,20)
r(825,0,23,21,21)
r(209,0,23,22,22)
r(50,0,23,23,23)
r(364,0,23,24,24)
r(598,0,23,25,25)
r(715,0,23,26,26)
r(71,0,23,27,27)
r(521,0,23,28,28)
r(776,0,23,29,29)
r(675,0,23,30,30)
r(295,1,23,31,31)
r(113,0,23,32,32)
w(759,1,23,33,33)
r(427,0,23,34,34)
r(538,1,23,35,35)
r(882,1,23,36,36)
r(954,0,23,37,37)
r(672,0,23,38,38)
r(506,0,23,39,39)
r(148,0,23,40,40)
r(788,0,23,41,41)
r(570,0,23,42,42)
w(159,2,23,43,43)
r(605,0,23,44,44)
r(873,0,23,45,45)
r(710,0,23,46,46)
r(712,0,23,47,47)
r(885,0,23,48,48)
r(429,0,23,49,49)
r(652,0,23,50,50)
r(139,0,23,51,51)
r(748,0,23,52,52)
r(541,0,23,53,53)
r(218,0,23,54,54)
r(137,0,23,55,55)
r(355,1,23,56,56)
r(904,2,23,57,57)
r(886,1,23,58,58)
r(780,0,23,59,59)
r(618,0,23,60,60)
r(943,1,23,61,61)
w(972,1,23,62,62)
r(886,1,23,63,63)
r(866,1,23,64,64)
r(643,1,23,65,65)
r(294,0,23,66,66)
r(45,0,23,67,67)
r(781,0,23,68,68)
r(855,0,23,69,69)
r(629,0,23,70,70)
r(980,0,23,71,71)
r(583,0,23,72,72)
r(552,0,23,73,73)
r(706,0,23,74,74)
r(318,0,23,75,75)
w(631,1,23,76,76)
r(519,1,23,77,77)
r(999,0,23,78,78)
r(191,1,23,79,79)
r(187,1,23,80,80)
w(974,2,23,81,81)
r(990,0,23,82,82)
r(48,0,23,83,83)
r(358,0,23,84,84)
r(188,0,23,85,85)
r(609,0,23,86,86)
r(228,1,23,87,87)
r(535,1,23,88,88)
w(952,1,23,89,89)
r(221,0,23,90,90)
r(399,0,23,91,91)
r(328,0,23,92,92)
r(362,0,23,93,93)
r(166,0,23,94,94)
r(114,1,23,95,95)
r(482,0,23,96,96)
r(129,0,23,97,97)
r(428,0,23,98,98)
r(675,0,23,99,99)
r(808,0,24,0,0)
r(325,0,24,1,1)
r(977,0,24,2,2)
r(297,0,24,3,3)
r(139,0,24,4,4)
r(340,0,24,5,5)
r(915,1,24,6,6)
r(586,0,24,7,7)
r(913,0,24,8,8)
r(881,0,24,9,9)
r(784,0,24,10,10)
r(875,0,24,11,11)
r(727,0,24,12,12)
r(373,0,24,13,13)
r(875,0,24,14,14)
r(620,0,24,15,15)
r(115,0,24,16,16)
r(554,0,24,17,17)
r(89,1,24,18,18)
r(6,0,24,19,19)
w(18,1,24,20,20)
r(344,0,24,21,21)
r(966,0,24,22,22)
r(737,0,24,23,23)
r(291,0,24,24,24)
r(966,0,24,25,25)
r(793,0,24,26,26)
r(938,0,24,27,27)
r(463,0,24,28,28)
r(248,1,24,29,29)
r(787,0,24,30,30)
r(214,0,24,31,31)
r(301,1,24,32,32)
r(614,0,24,33,33)
r(786,0,24,34,34)
r(133,2,24,35,35)
r(786,0,24,36,36)
r(31,2,24,37,37)
r(145,0,24,38,38)
r(890,1,24,39,39)
r(122,0,24,40,40)
r(502,0,24,41,41)
r(986,1,24,42,42)
r(953,0,24,43,43)
r(11,0,24,44,44)
r(169,0,24,45,45)
r(797,0,24,46,46)
r(513,1,24,47,47)
r(345,0,24,48,48)
r(342,0,24,49,49)
r(405,0,24,50,50)
r(181,0,24,51,51)
r(993,0,24,52,52)
r(400,1,24,53,53)
r(463,0,24,54,54)
w(549,2,24,55,55)
r(981,0,24,56,56)
r(143,1,24,57,57)
r(449,0,24,58,58)
r(779,0,24,59,59)
r(842,0,24,60,60)
r(645,0,24,61,61)
w(469,1,24,62,62)
w(448,1,24,63,63)
r(957,0,24,64,64)
w(512,1,24,65,65)
r(541,0,24,66,66)
r(952,1,24,67,67)
r(325,0,24,68,68)
r(527,0,24,69,69)
r(665,0,24,70,70)
r(490,0,24,71,71)
r(665,0,24,72,72)
r(548,0,24,73,73)
r(15,0,24,74,74)
r(931,1,24,75,75)
r(838,0,24,76,76)
r(132,0,24,77,77)
w(444,1,24,78,78)
r(87,0,24,79,79)
r(507,0,24,80,80)
r(325,0,24,81,81)
r(222,0,24,82,82)
w(711,1,24,83,83)
r(191,1,24,84,84)
r(283,0,24,85,85)
r(39,1,24,86,86)
r(508,0,24,87,87)
r(866,1,24,88,88)
r(588,0,24,89,89)
r(766,0,24,90,90)
r(726,0,24,91,91)
r(321,0,24,92,92)
r(262,1,24,93,93)
r(616,0,24,94,94)
r(280,0,24,95,95)
r(882,1,24,96,96)
r(206,0,24,97,97)
r(282,0,24,98,98)
r(113,0,24,99,99)
