r(631,0,0,0,0)
r(931,0,0,1,1)
w(616,1,0,2,2)
w(645,1,0,3,3)
r(666,0,0,4,4)
r(10,0,0,5,5)
r(304,0,0,6,6)
r(205,0,0,7,7)
r(870,0,0,8,8)
r(594,0,0,9,9)
r(790,0,0,10,10)
r(404,0,0,11,11)
r(4,0,0,12,12)
r(933,0,0,13,13)
r(986,0,0,14,14)
r(118,0,0,15,15)
r(503,0,0,16,16)
r(233,0,0,17,17)
r(212,0,0,18,18)
r(274,0,0,19,19)
r(620,0,0,20,20)
w(701,1,0,21,21)
r(296,0,0,22,22)
r(271,0,0,23,23)
r(669,0,0,24,24)
r(88,0,0,25,25)
r(255,0,0,26,26)
r(1,0,0,27,27)
r(187,0,0,28,28)
r(540,0,0,29,29)
r(307,0,0,30,30)
r(505,0,0,31,31)
r(349,0,0,32,32)
r(397,0,0,33,33)
r(20,0,0,34,34)
r(358,0,0,35,35)
r(926,0,0,36,36)
r(12,0,0,37,37)
r(122,0,0,38,38)
w(624,1,0,39,39)
w(122,1,0,40,40)
r(248,0,0,41,41)
r(397,0,0,42,42)
r(453,0,0,43,43)
r(523,0,0,44,44)
r(407,0,0,45,45)
r(532,0,0,46,46)
r(657,0,0,47,47)
r(478,0,0,48,48)
r(123,0,0,49,49)
r(621,0,0,50,50)
r(605,0,0,51,51)
r(600,0,0,52,52)
r(258,0,0,53,53)
r(922,0,0,54,54)
r(584,0,0,55,55)
r(642,0,0,56,56)
r(890,0,0,57,57)
r(887,0,0,58,58)
r(58,0,0,59,59)
r(476,0,0,60,60)
r(628,0,0,61,61)
r(160,0,0,62,62)
r(106,0,0,63,63)
r(491,0,0,64,64)
w(540,1,0,65,65)
r(723,0,0,66,66)
r(780,0,0,67,67)
w(596,1,0,68,68)
r(2,0,0,69,69)
w(780,1,0,70,70)
r(585,0,0,71,71)
r(660,0,0,72,72)
r(39,0,0,73,73)
r(26,0,0,74,74)
w(790,1,0,75,75)
r(798,0,0,76,76)
r(189,0,0,77,77)
r(128,0,0,78,78)
r(363,0,0,79,79)
r(890,0,0,80,80)
r(551,0,0,81,81)
r(92,0,0,82,82)
w(631,1,0,83,83)
r(889,0,0,84,84)
w(246,1,0,85,85)
r(251,0,0,86,86)
r(185,0,0,87,87)
r(695,0,0,88,88)
r(120,0,0,89,89)
w(527,1,0,90,90)
r(319,0,0,91,91)
r(543,0,0,92,92)
r(665,0,0,93,93)
r(562,0,0,94,94)
r(285,0,0,95,95)
r(860,0,0,96,96)
r(65,0,0,97,97)
r(670,0,0,98,98)
r(129,0,0,99,99)
r(289,0,1,0,0)
r(702,0,1,1,1)
r(969,0,1,2,2)
r(170,0,1,3,3)
r(948,0,1,4,4)
r(633,0,1,5,5)
r(33,0,1,6,6)
r(750,0,1,7,7)
r(632,0,1,8,8)
r(771,0,1,9,9)
w(4,1,1,10,10)
r(223,0,1,11,11)
r(968,0,1,12,12)
r(602,0,1,13,13)
r(645,1,1,14,14)
r(268,0,1,15,15)
r(161,0,1,16,16)
w(590,1,1,17,17)
w(676,1,1,18,18)
r(229,0,1,19,19)
r(786,0,1,20,20)
r(416,0,1,21,21)
r(140,0,1,22,22)
r(41,0,1,23,23)
r(778,0,1,24,24)
r(288,0,1,25,25)
r(315,0,1,26,26)
r(194,0,1,27,27)
r(642,0,1,28,28)
r(992,0,1,29,29)
r(319,0,1,30,30)
w(556,1,1,31,31)
r(76,0,1,32,32)
r(108,0,1,33,33)
r(573,0,1,34,34)
r(841,0,1,35,35)
r(501,0,1,36,36)
r(745,0,1,37,37)
r(312,0,1,38,38)
r(519,0,1,39,39)
r(131,0,1,40,40)
r(272,0,1,41,41)
r(652,0,1,42,42)
r(87,0,1,43,43)
r(721,0,1,44,44)
w(291,1,1,45,45)
r(994,0,1,46,46)
r(701,1,1,47,47)
r(152,0,1,48,48)
w(818,1,1,49,49)
r(19,0,1,50,50)
r(156,0,1,51,51)
r(300,0,1,52,52)
w(919,1,1,53,53)
r(146,0,1,54,54)
r(862,0,1,55,55)
r(733,0,1,56,56)
r(615,0,1,57,57)
r(734,0,1,58,58)
r(289,0,1,59,59)
w(889,1,1,60,60)
r(802,0,1,61,61)
r(868,0,1,62,62)
r(795,0,1,63,63)
r(895,0,1,64,64)
r(555,0,1,65,65)
r(864,0,1,66,66)
r(899,0,1,67,67)
r(15,0,1,68,68)
r(81,0,1,69,69)
r(510,0,1,70,70)
r(825,0,1,71,71)
r(824,0,1,72,72)
r(382,0,1,73,73)
w(845,1,1,74,74)
r(108,0,1,75,75)
r(324,0,1,76,76)
r(827,0,1,77,77)
w(836,1,1,78,78)
w(517,1,1,79,79)
r(245,0,1,80,80)
r(169,0,1,81,81)
r(339,0,1,82,82)
r(128,0,1,83,83)
r(413,0,1,84,84)
w(181,1,1,85,85)
r(372,0,1,86,86)
r(256,0,1,87,87)
r(498,0,1,88,88)
r(552,0,1,89,89)
r(472,0,1,90,90)
r(840,0,1,91,91)
r(479,0,1,92,92)
r(69,0,1,93,93)
r(797,0,1,94,94)
r(624,1,1,95,95)
r(485,0,1,96,96)
r(611,0,1,97,97)
r(661,0,1,98,98)
r(583,0,1,99,99)
r(602,0,2,0,0)
r(964,0,2,1,1)
r(433,0,2,2,2)
r(750,0,2,3,3)
r(578,0,2,4,4)
r(395,0,2,5,5)
r(633,0,2,6,6)
r(900,0,2,7,7)
r(280,0,2,8,8)
r(947,0,2,9,9)
r(115,0,2,10,10)
w(580,1,2,11,11)
w(240,1,2,12,12)
r(938,0,2,13,13)
r(47,0,2,14,14)
r(348,0,2,15,15)
r(525,0,2,16,16)
r(272,0,2,17,17)
r(634,0,2,18,18)
r(97,0,2,19,19)
r(22,0,2,20,20)
r(456,0,2,21,21)
r(889,1,2,22,22)
r(724,0,2,23,23)
r(660,0,2,24,24)
r(265,0,2,25,25)
r(435,0,2,26,26)
r(156,0,2,27,27)
r(944,0,2,28,28)
r(618,0,2,29,29)
r(548,0,2,30,30)
r(666,0,2,31,31)
r(846,0,2,32,32)
r(164,0,2,33,33)
r(260,0,2,34,34)
r(441,0,2,35,35)
r(345,0,2,36,36)
r(671,0,2,37,37)
r(837,0,2,38,38)
r(195,0,2,39,39)
r(641,0,2,40,40)
r(314,0,2,41,41)
r(427,0,2,42,42)
r(907,0,2,43,43)
r(304,0,2,44,44)
r(962,0,2,45,45)
r(676,1,2,46,46)
r(753,0,2,47,47)
r(126,0,2,48,48)
r(923,0,2,49,49)
r(183,0,2,50,50)
w(432,1,2,51,51)
w(316,1,2,52,52)
r(147,0,2,53,53)
r(208,0,2,54,54)
r(68,0,2,55,55)
w(72,1,2,56,56)
r(287,0,2,57,57)
w(599,1,2,58,58)
r(702,0,2,59,59)
r(612,0,2,60,60)
r(712,0,2,61,61)
r(282,0,2,62,62)
r(680,0,2,63,63)
r(141,0,2,64,64)
r(722,0,2,65,65)
r(342,0,2,66,66)
r(812,0,2,67,67)
r(947,0,2,68,68)
r(80,0,2,69,69)
r(39,0,2,70,70)
r(11,0,2,71,71)
r(434,0,2,72,72)
r(379,0,2,73,73)
r(412,0,2,74,74)
w(966,1,2,75,75)
r(473,0,2,76,76)
r(61,0,2,77,77)
r(293,0,2,78,78)
r(783,0,2,79,79)
r(291,1,2,80,80)
r(958,0,2,81,81)
r(134,0,2,82,82)
r(777,0,2,83,83)
r(187,0,2,84,84)
r(940,0,2,85,85)
r(859,0,2,86,86)
r(880,0,2,87,87)
w(155,1,2,88,88)
r(28,0,2,89,89)
r(240,1,2,90,90)
r(456,0,2,91,91)
r(712,0,2,92,92)
r(158,0,2,93,93)
r(531,0,2,94,94)
r(391,0,2,95,95)
r(822,0,2,96,96)
r(496,0,2,97,97)
w(726,1,2,98,98)
r(778,0,2,99,99)
r(162,0,3,0,0)
r(651,0,3,1,1)
r(67,0,3,2,2)
r(175,0,3,3,3)
r(253,0,3,4,4)
r(481,0,3,5,5)
r(763,0,3,6,6)
r(250,0,3,7,7)
r(34,0,3,8,8)
r(139,0,3,9,9)
r(839,0,3,10,10)
r(67,0,3,11,11)
w(647,1,3,12,12)
r(514,0,3,13,13)
r(915,0,3,14,14)
r(450,0,3,15,15)
r(969,0,3,16,16)
r(161,0,3,17,17)
r(856,0,3,18,18)
r(107,0,3,19,19)
r(878,0,3,20,20)
r(733,0,3,21,21)
w(900,1,3,22,22)
r(967,0,3,23,23)
r(998,0,3,24,24)
r(928,0,3,25,25)
r(240,1,3,26,26)
r(896,0,3,27,27)
r(966,1,3,28,28)
w(204,1,3,29,29)
r(238,0,3,30,30)
r(521,0,3,31,31)
r(728,0,3,32,32)
r(677,0,3,33,33)
r(393,0,3,34,34)
r(330,0,3,35,35)
w(342,1,3,36,36)
r(426,0,3,37,37)
r(432,1,3,38,38)
w(326,1,3,39,39)
r(878,0,3,40,40)
r(11,0,3,41,41)
r(748,0,3,42,42)
r(986,0,3,43,43)
r(137,0,3,44,44)
r(369,0,3,45,45)
r(970,0,3,46,46)
r(3,0,3,47,47)
r(157,0,3,48,48)
r(578,0,3,49,49)
r(821,0,3,50,50)
r(157,0,3,51,51)
r(531,0,3,52,52)
r(24,0,3,53,53)
r(823,0,3,54,54)
r(536,0,3,55,55)
r(723,0,3,56,56)
r(926,0,3,57,57)
r(379,0,3,58,58)
r(535,0,3,59,59)
r(155,1,3,60,60)
r(125,0,3,61,61)
r(987,0,3,62,62)
r(671,0,3,63,63)
r(697,0,3,64,64)
r(149,0,3,65,65)
w(136,1,3,66,66)
r(479,0,3,67,67)
r(751,0,3,68,68)
r(994,0,3,69,69)
r(186,0,3,70,70)
r(290,0,3,71,71)
r(744,0,3,72,72)
w(559,1,3,73,73)
r(982,0,3,74,74)
r(849,0,3,75,75)
r(345,0,3,76,76)
r(107,0,3,77,77)
r(766,0,3,78,78)
r(254,0,3,79,79)
r(177,0,3,80,80)
r(688,0,3,81,81)
w(777,1,3,82,82)
r(846,0,3,83,83)
r(599,1,3,84,84)
r(782,0,3,85,85)
r(531,0,3,86,86)
w(125,1,3,87,87)
r(558,0,3,88,88)
r(173,0,3,89,89)
w(727,1,3,90,90)
r(609,0,3,91,91)
w(134,1,3,92,92)
r(469,0,3,93,93)
r(474,0,3,94,94)
r(174,0,3,95,95)
r(53,0,3,96,96)
w(680,1,3,97,97)
r(81,0,3,98,98)
r(240,1,3,99,99)
r(82,0,4,0,0)
w(81,1,4,1,1)
r(767,0,4,2,2)
r(143,0,4,3,3)
r(52,0,4,4,4)
r(426,0,4,5,5)
r(870,0,4,6,6)
w(190,1,4,7,7)
r(928,0,4,8,8)
r(172,0,4,9,9)
r(720,0,4,10,10)
r(1,0,4,11,11)
r(185,0,4,12,12)
w(625,1,4,13,13)
r(979,0,4,14,14)
r(591,0,4,15,15)
r(571,0,4,16,16)
r(778,0,4,17,17)
r(723,0,4,18,18)
r(865,0,4,19,19)
r(916,0,4,20,20)
r(881,0,4,21,21)
r(645,1,4,22,22)
r(972,0,4,23,23)
r(215,0,4,24,24)
r(55,0,4,25,25)
r(826,0,4,26,26)
r(580,1,4,27,27)
r(568,0,4,28,28)
r(190,1,4,29,29)
r(336,0,4,30,30)
r(314,0,4,31,31)
r(558,0,4,32,32)
r(602,0,4,33,33)
r(749,0,4,34,34)
r(163,0,4,35,35)
r(637,0,4,36,36)
r(63,0,4,37,37)
w(335,1,4,38,38)
r(453,0,4,39,39)
r(157,0,4,40,40)
r(508,0,4,41,41)
r(487,0,4,42,42)
r(913,0,4,43,43)
r(89,0,4,44,44)
r(825,0,4,45,45)
r(17,0,4,46,46)
r(930,0,4,47,47)
w(890,1,4,48,48)
r(746,0,4,49,49)
r(449,0,4,50,50)
r(690,0,4,51,51)
r(914,0,4,52,52)
r(773,0,4,53,53)
r(886,0,4,54,54)
r(338,0,4,55,55)
r(563,0,4,56,56)
r(418,0,4,57,57)
w(755,1,4,58,58)
r(65,0,4,59,59)
r(989,0,4,60,60)
r(626,0,4,61,61)
w(318,1,4,62,62)
r(299,0,4,63,63)
r(188,0,4,64,64)
r(273,0,4,65,65)
r(401,0,4,66,66)
r(877,0,4,67,67)
r(683,0,4,68,68)
r(437,0,4,69,69)
r(993,0,4,70,70)
w(198,1,4,71,71)
r(436,0,4,72,72)
r(927,0,4,73,73)
w(44,1,4,74,74)
r(592,0,4,75,75)
r(736,0,4,76,76)
w(742,1,4,77,77)
r(400,0,4,78,78)
r(277,0,4,79,79)
r(487,0,4,80,80)
r(455,0,4,81,81)
r(843,0,4,82,82)
r(458,0,4,83,83)
r(502,0,4,84,84)
r(264,0,4,85,85)
r(629,0,4,86,86)
r(698,0,4,87,87)
r(912,0,4,88,88)
r(482,0,4,89,89)
r(989,0,4,90,90)
r(681,0,4,91,91)
r(73,0,4,92,92)
r(221,0,4,93,93)
r(693,0,4,94,94)
r(590,1,4,95,95)
w(607,1,4,96,96)
r(686,0,4,97,97)
r(764,0,4,98,98)
r(836,1,4,99,99)
w(485,1,5,0,0)
w(245,1,5,1,1)
r(164,0,5,2,2)
r(942,0,5,3,3)
r(698,0,5,4,4)
r(223,0,5,5,5)
w(269,1,5,6,6)
r(839,0,5,7,7)
r(616,1,5,8,8)
r(755,1,5,9,9)
w(826,1,5,10,10)
r(290,0,5,11,11)
r(583,0,5,12,12)
w(316,2,5,13,13)
r(454,0,5,14,14)
r(680,1,5,15,15)
r(548,0,5,16,16)
r(788,0,5,17,17)
r(310,0,5,18,18)
r(754,0,5,19,19)
r(958,0,5,20,20)
r(700,0,5,21,21)
r(241,0,5,22,22)
r(190,1,5,23,23)
r(331,0,5,24,24)
r(903,0,5,25,25)
r(883,0,5,26,26)
r(181,1,5,27,27)
r(406,0,5,28,28)
r(373,0,5,29,29)
r(828,0,5,30,30)
r(339,0,5,31,31)
r(420,0,5,32,32)
r(773,0,5,33,33)
r(145,0,5,34,34)
r(453,0,5,35,35)
r(847,0,5,36,36)
r(882,0,5,37,37)
r(28,0,5,38,38)
r(697,0,5,39,39)
w(972,1,5,40,40)
r(353,0,5,41,41)
w(461,1,5,42,42)
r(745,0,5,43,43)
r(607,1,5,44,44)
w(714,1,5,45,45)
r(959,0,5,46,46)
r(775,0,5,47,47)
r(126,0,5,48,48)
r(397,0,5,49,49)
r(192,0,5,50,50)
r(150,0,5,51,51)
r(586,0,5,52,52)
r(525,0,5,53,53)
r(134,1,5,54,54)
r(450,0,5,55,55)
r(498,0,5,56,56)
r(625,1,5,57,57)
r(338,0,5,58,58)
r(981,0,5,59,59)
r(875,0,5,60,60)
r(262,0,5,61,61)
r(94,0,5,62,62)
r(635,0,5,63,63)
w(865,1,5,64,64)
r(735,0,5,65,65)
w(539,1,5,66,66)
r(281,0,5,67,67)
r(473,0,5,68,68)
r(360,0,5,69,69)
r(824,0,5,70,70)
w(198,2,5,71,71)
r(115,0,5,72,72)
r(387,0,5,73,73)
r(93,0,5,74,74)
r(65,0,5,75,75)
r(195,0,5,76,76)
r(986,0,5,77,77)
w(561,1,5,78,78)
r(267,0,5,79,79)
r(715,0,5,80,80)
r(698,0,5,81,81)
r(500,0,5,82,82)
r(45,0,5,83,83)
r(65,0,5,84,84)
r(664,0,5,85,85)
r(908,0,5,86,86)
r(913,0,5,87,87)
r(795,0,5,88,88)
r(651,0,5,89,89)
r(155,1,5,90,90)
r(580,1,5,91,91)
r(143,0,5,92,92)
r(622,0,5,93,93)
r(656,0,5,94,94)
r(850,0,5,95,95)
r(627,0,5,96,96)
r(389,0,5,97,97)
r(251,0,5,98,98)
r(944,0,5,99,99)
r(645,1,6,0,0)
r(496,0,6,1,1)
r(724,0,6,2,2)
r(481,0,6,3,3)
r(953,0,6,4,4)
r(172,0,6,5,5)
r(611,0,6,6,6)
r(410,0,6,7,7)
r(415,0,6,8,8)
w(704,1,6,9,9)
r(138,0,6,10,10)
r(202,0,6,11,11)
r(558,0,6,12,12)
w(822,1,6,13,13)
r(159,0,6,14,14)
r(761,0,6,15,15)
r(951,0,6,16,16)
r(621,0,6,17,17)
r(204,1,6,18,18)
w(779,1,6,19,19)
r(344,0,6,20,20)
r(438,0,6,21,21)
r(90,0,6,22,22)
r(883,0,6,23,23)
r(372,0,6,24,24)
r(261,0,6,25,25)
r(743,0,6,26,26)
r(560,0,6,27,27)
r(870,0,6,28,28)
r(289,0,6,29,29)
r(642,0,6,30,30)
w(413,1,6,31,31)
r(783,0,6,32,32)
r(866,0,6,33,33)
r(848,0,6,34,34)
r(733,0,6,35,35)
r(566,0,6,36,36)
r(954,0,6,37,37)
r(824,0,6,38,38)
r(317,0,6,39,39)
r(442,0,6,40,40)
r(214,0,6,41,41)
r(35,0,6,42,42)
r(739,0,6,43,43)
r(239,0,6,44,44)
r(532,0,6,45,45)
r(417,0,6,46,46)
r(342,1,6,47,47)
r(867,0,6,48,48)
w(432,2,6,49,49)
r(700,0,6,50,50)
r(168,0,6,51,51)
r(274,0,6,52,52)
r(431,0,6,53,53)
r(531,0,6,54,54)
r(20,0,6,55,55)
r(470,0,6,56,56)
r(189,0,6,57,57)
r(317,0,6,58,58)
r(327,0,6,59,59)
r(937,0,6,60,60)
r(152,0,6,61,61)
r(300,0,6,62,62)
r(362,0,6,63,63)
r(356,0,6,64,64)
r(191,0,6,65,65)
r(392,0,6,66,66)
w(160,1,6,67,67)
r(98,0,6,68,68)
r(230,0,6,69,69)
r(332,0,6,70,70)
r(562,0,6,71,71)
r(185,0,6,72,72)
r(354,0,6,73,73)
r(382,0,6,74,74)
r(126,0,6,75,75)
r(652,0,6,76,76)
r(456,0,6,77,77)
r(164,0,6,78,78)
r(76,0,6,79,79)
r(837,0,6,80,80)
r(660,0,6,81,81)
r(0,0,6,82,82)
r(509,0,6,83,83)
r(741,0,6,84,84)
r(547,0,6,85,85)
r(79,0,6,86,86)
r(167,0,6,87,87)
r(521,0,6,88,88)
r(697,0,6,89,89)
r(39,0,6,90,90)
r(395,0,6,91,91)
r(984,0,6,92,92)
r(886,0,6,93,93)
r(466,0,6,94,94)
r(102,0,6,95,95)
r(218,0,6,96,96)
r(829,0,6,97,97)
w(40,1,6,98,98)
r(630,0,6,99,99)
r(457,0,7,0,0)
r(564,0,7,1,1)
r(10,0,7,2,2)
r(596,1,7,3,3)
r(861,0,7,4,4)
r(171,0,7,5,5)
r(639,0,7,6,6)
r(463,0,7,7,7)
r(920,0,7,8,8)
r(212,0,7,9,9)
r(133,0,7,10,10)
r(769,0,7,11,11)
r(184,0,7,12,12)
r(513,0,7,13,13)
r(94,0,7,14,14)
r(96,0,7,15,15)
r(323,0,7,16,16)
r(905,0,7,17,17)
r(593,0,7,18,18)
r(840,0,7,19,19)
r(725,0,7,20,20)
r(82,0,7,21,21)
r(543,0,7,22,22)
r(989,0,7,23,23)
r(515,0,7,24,24)
r(318,1,7,25,25)
r(747,0,7,26,26)
r(600,0,7,27,27)
r(610,0,7,28,28)
r(505,0,7,29,29)
r(265,0,7,30,30)
r(730,0,7,31,31)
r(126,0,7,32,32)
r(393,0,7,33,33)
r(936,0,7,34,34)
r(217,0,7,35,35)
r(667,0,7,36,36)
w(18,1,7,37,37)
r(968,0,7,38,38)
r(166,0,7,39,39)
r(958,0,7,40,40)
r(922,0,7,41,41)
w(989,1,7,42,42)
r(940,0,7,43,43)
r(170,0,7,44,44)
r(524,0,7,45,45)
r(785,0,7,46,46)
r(527,1,7,47,47)
r(567,0,7,48,48)
r(977,0,7,49,49)
r(367,0,7,50,50)
r(679,0,7,51,51)
r(792,0,7,52,52)
r(317,0,7,53,53)
r(839,0,7,54,54)
r(735,0,7,55,55)
r(959,0,7,56,56)
r(785,0,7,57,57)
r(614,0,7,58,58)
r(861,0,7,59,59)
r(764,0,7,60,60)
r(394,0,7,61,61)
r(731,0,7,62,62)
r(458,0,7,63,63)
r(722,0,7,64,64)
r(797,0,7,65,65)
w(639,1,7,66,66)
r(4,1,7,67,67)
r(242,0,7,68,68)
r(641,0,7,69,69)
r(198,2,7,70,70)
r(103,0,7,71,71)
r(744,0,7,72,72)
w(498,1,7,73,73)
r(488,0,7,74,74)
r(649,0,7,75,75)
r(357,0,7,76,76)
r(784,0,7,77,77)
r(981,0,7,78,78)
r(908,0,7,79,79)
r(20,0,7,80,80)
r(786,0,7,81,81)
r(139,0,7,82,82)
w(258,1,7,83,83)
r(606,0,7,84,84)
r(682,0,7,85,85)
w(615,1,7,86,86)
r(766,0,7,87,87)
r(94,0,7,88,88)
r(676,1,7,89,89)
r(488,0,7,90,90)
r(619,0,7,91,91)
w(228,1,7,92,92)
r(951,0,7,93,93)
r(685,0,7,94,94)
r(159,0,7,95,95)
r(929,0,7,96,96)
r(109,0,7,97,97)
w(839,1,7,98,98)
w(670,1,7,99,99)
r(131,0,8,0,0)
r(771,0,8,1,1)
r(792,0,8,2,2)
r(445,0,8,3,3)
r(346,0,8,4,4)
r(137,0,8,5,5)
r(605,0,8,6,6)
r(169,0,8,7,7)
r(468,0,8,8,8)
r(551,0,8,9,9)
r(79,0,8,10,10)
r(354,0,8,11,11)
r(364,0,8,12,12)
r(823,0,8,13,13)
r(369,0,8,14,14)
r(14,0,8,15,15)
r(24,0,8,16,16)
r(870,0,8,17,17)
r(224,0,8,18,18)
r(244,0,8,19,19)
r(304,0,8,20,20)
w(966,2,8,21,21)
w(353,1,8,22,22)
r(660,0,8,23,23)
r(994,0,8,24,24)
r(726,1,8,25,25)
r(70,0,8,26,26)
r(601,0,8,27,27)
w(679,1,8,28,28)
r(477,0,8,29,29)
r(257,0,8,30,30)
r(549,0,8,31,31)
w(602,1,8,32,32)
w(281,1,8,33,33)
w(903,1,8,34,34)
r(999,0,8,35,35)
r(334,0,8,36,36)
r(938,0,8,37,37)
r(773,0,8,38,38)
r(486,0,8,39,39)
r(398,0,8,40,40)
r(99,0,8,41,41)
r(174,0,8,42,42)
r(876,0,8,43,43)
r(422,0,8,44,44)
r(139,0,8,45,45)
r(675,0,8,46,46)
r(296,0,8,47,47)
r(800,0,8,48,48)
r(353,1,8,49,49)
r(580,1,8,50,50)
r(824,0,8,51,51)
r(249,0,8,52,52)
r(263,0,8,53,53)
r(522,0,8,54,54)
w(261,1,8,55,55)
w(423,1,8,56,56)
r(517,1,8,57,57)
r(139,0,8,58,58)
r(310,0,8,59,59)
r(119,0,8,60,60)
r(788,0,8,61,61)
r(146,0,8,62,62)
r(923,0,8,63,63)
r(775,0,8,64,64)
w(785,1,8,65,65)
r(688,0,8,66,66)
w(653,1,8,67,67)
w(439,1,8,68,68)
r(553,0,8,69,69)
r(647,1,8,70,70)
r(524,0,8,71,71)
r(480,0,8,72,72)
r(148,0,8,73,73)
r(103,0,8,74,74)
r(511,0,8,75,75)
w(581,1,8,76,76)
r(818,1,8,77,77)
r(865,1,8,78,78)
r(162,0,8,79,79)
r(451,0,8,80,80)
r(936,0,8,81,81)
r(410,0,8,82,82)
r(569,0,8,83,83)
r(724,0,8,84,84)
r(155,1,8,85,85)
r(460,0,8,86,86)
r(906,0,8,87,87)
r(373,0,8,88,88)
r(245,1,8,89,89)
r(566,0,8,90,90)
r(741,0,8,91,91)
r(357,0,8,92,92)
r(332,0,8,93,93)
r(2,0,8,94,94)
w(224,1,8,95,95)
r(884,0,8,96,96)
w(464,1,8,97,97)
r(659,0,8,98,98)
r(500,0,8,99,99)
w(20,1,9,0,0)
r(360,0,9,1,1)
r(508,0,9,2,2)
r(457,0,9,3,3)
w(704,2,9,4,4)
r(624,1,9,5,5)
r(707,0,9,6,6)
r(994,0,9,7,7)
r(55,0,9,8,8)
r(785,1,9,9,9)
w(553,1,9,10,10)
r(908,0,9,11,11)
r(581,1,9,12,12)
r(437,0,9,13,13)
w(799,1,9,14,14)
r(686,0,9,15,15)
w(290,1,9,16,16)
w(99,1,9,17,17)
r(418,0,9,18,18)
r(185,0,9,19,19)
w(204,2,9,20,20)
r(205,0,9,21,21)
w(243,1,9,22,22)
r(538,0,9,23,23)
r(459,0,9,24,24)
r(908,0,9,25,25)
r(277,0,9,26,26)
r(688,0,9,27,27)
r(125,1,9,28,28)
r(894,0,9,29,29)
r(340,0,9,30,30)
r(787,0,9,31,31)
r(625,1,9,32,32)
r(831,0,9,33,33)
r(786,0,9,34,34)
w(925,1,9,35,35)
w(248,1,9,36,36)
r(171,0,9,37,37)
w(229,1,9,38,38)
r(379,0,9,39,39)
w(36,1,9,40,40)
r(765,0,9,41,41)
w(246,2,9,42,42)
r(918,0,9,43,43)
r(719,0,9,44,44)
w(636,1,9,45,45)
r(886,0,9,46,46)
r(984,0,9,47,47)
w(764,1,9,48,48)
r(860,0,9,49,49)
r(470,0,9,50,50)
r(651,0,9,51,51)
r(987,0,9,52,52)
r(759,0,9,53,53)
w(976,1,9,54,54)
r(294,0,9,55,55)
r(841,0,9,56,56)
r(860,0,9,57,57)
r(76,0,9,58,58)
r(766,0,9,59,59)
r(947,0,9,60,60)
r(940,0,9,61,61)
r(973,0,9,62,62)
r(776,0,9,63,63)
r(476,0,9,64,64)
r(170,0,9,65,65)
r(174,0,9,66,66)
r(554,0,9,67,67)
r(758,0,9,68,68)
w(309,1,9,69,69)
r(817,0,9,70,70)
r(493,0,9,71,71)
r(722,0,9,72,72)
r(385,0,9,73,73)
w(879,1,9,74,74)
r(738,0,9,75,75)
w(86,1,9,76,76)
r(986,0,9,77,77)
r(581,1,9,78,78)
r(309,1,9,79,79)
r(36,1,9,80,80)
r(915,0,9,81,81)
r(928,0,9,82,82)
r(801,0,9,83,83)
r(705,0,9,84,84)
r(653,1,9,85,85)
r(630,0,9,86,86)
w(484,1,9,87,87)
r(250,0,9,88,88)
r(961,0,9,89,89)
r(611,0,9,90,90)
r(752,0,9,91,91)
r(883,0,9,92,92)
r(303,0,9,93,93)
r(634,0,9,94,94)
r(219,0,9,95,95)
r(8,0,9,96,96)
r(911,0,9,97,97)
r(327,0,9,98,98)
w(326,2,9,99,99)
w(624,2,10,0,0)
w(42,1,10,1,1)
r(630,0,10,2,2)
w(39,1,10,3,3)
r(260,0,10,4,4)
r(59,0,10,5,5)
r(858,0,10,6,6)
r(732,0,10,7,7)
r(375,0,10,8,8)
r(674,0,10,9,9)
r(15,0,10,10,10)
r(649,0,10,11,11)
r(289,0,10,12,12)
r(367,0,10,13,13)
r(728,0,10,14,14)
r(827,0,10,15,15)
r(360,0,10,16,16)
r(783,0,10,17,17)
r(300,0,10,18,18)
r(397,0,10,19,19)
r(423,1,10,20,20)
r(621,0,10,21,21)
r(679,1,10,22,22)
r(653,1,10,23,23)
r(847,0,10,24,24)
r(856,0,10,25,25)
r(97,0,10,26,26)
r(207,0,10,27,27)
r(692,0,10,28,28)
r(541,0,10,29,29)
r(466,0,10,30,30)
r(358,0,10,31,31)
r(200,0,10,32,32)
r(369,0,10,33,33)
r(234,0,10,34,34)
r(136,1,10,35,35)
r(771,0,10,36,36)
r(430,0,10,37,37)
r(951,0,10,38,38)
r(477,0,10,39,39)
r(552,0,10,40,40)
r(418,0,10,41,41)
r(982,0,10,42,42)
r(735,0,10,43,43)
r(775,0,10,44,44)
r(249,0,10,45,45)
r(641,0,10,46,46)
r(910,0,10,47,47)
r(945,0,10,48,48)
r(930,0,10,49,49)
r(588,0,10,50,50)
r(449,0,10,51,51)
r(256,0,10,52,52)
r(285,0,10,53,53)
r(845,1,10,54,54)
r(16,0,10,55,55)
r(546,0,10,56,56)
r(714,1,10,57,57)
r(402,0,10,58,58)
r(831,0,10,59,59)
r(521,0,10,60,60)
r(325,0,10,61,61)
r(731,0,10,62,62)
r(67,0,10,63,63)
w(972,2,10,64,64)
r(528,0,10,65,65)
r(422,0,10,66,66)
r(517,1,10,67,67)
r(907,0,10,68,68)
r(742,1,10,69,69)
r(635,0,10,70,70)
r(408,0,10,71,71)
r(76,0,10,72,72)
r(960,0,10,73,73)
r(983,0,10,74,74)
r(52,0,10,75,75)
r(614,0,10,76,76)
r(939,0,10,77,77)
r(969,0,10,78,78)
w(184,1,10,79,79)
r(121,0,10,80,80)
w(639,2,10,81,81)
r(477,0,10,82,82)
r(815,0,10,83,83)
r(257,0,10,84,84)
r(673,0,10,85,85)
r(179,0,10,86,86)
r(999,0,10,87,87)
r(619,0,10,88,88)
r(549,0,10,89,89)
r(311,0,10,90,90)
r(186,0,10,91,91)
r(669,0,10,92,92)
r(891,0,10,93,93)
r(969,0,10,94,94)
r(513,0,10,95,95)
r(234,0,10,96,96)
r(770,0,10,97,97)
r(71,0,10,98,98)
r(717,0,10,99,99)
r(181,1,11,0,0)
r(774,0,11,1,1)
r(540,1,11,2,2)
r(888,0,11,3,3)
r(608,0,11,4,4)
r(327,0,11,5,5)
r(943,0,11,6,6)
r(85,0,11,7,7)
r(397,0,11,8,8)
r(284,0,11,9,9)
r(24,0,11,10,10)
r(861,0,11,11,11)
r(248,1,11,12,12)
r(154,0,11,13,13)
r(406,0,11,14,14)
r(389,0,11,15,15)
r(173,0,11,16,16)
r(931,0,11,17,17)
r(582,0,11,18,18)
r(683,0,11,19,19)
r(876,0,11,20,20)
r(173,0,11,21,21)
w(141,1,11,22,22)
w(155,2,11,23,23)
r(614,0,11,24,24)
r(547,0,11,25,25)
w(203,1,11,26,26)
r(900,1,11,27,27)
w(707,1,11,28,28)
r(61,0,11,29,29)
r(378,0,11,30,30)
r(833,0,11,31,31)
r(529,0,11,32,32)
r(286,0,11,33,33)
r(657,0,11,34,34)
r(60,0,11,35,35)
r(609,0,11,36,36)
r(452,0,11,37,37)
r(751,0,11,38,38)
r(674,0,11,39,39)
w(105,1,11,40,40)
r(120,0,11,41,41)
r(373,0,11,42,42)
w(833,1,11,43,43)
r(500,0,11,44,44)
r(135,0,11,45,45)
r(944,0,11,46,46)
r(866,0,11,47,47)
r(931,0,11,48,48)
r(928,0,11,49,49)
r(753,0,11,50,50)
r(732,0,11,51,51)
r(790,1,11,52,52)
r(223,0,11,53,53)
r(465,0,11,54,54)
r(305,0,11,55,55)
r(600,0,11,56,56)
r(238,0,11,57,57)
r(113,0,11,58,58)
w(145,1,11,59,59)
r(930,0,11,60,60)
w(821,1,11,61,61)
r(431,0,11,62,62)
r(625,1,11,63,63)
r(179,0,11,64,64)
r(77,0,11,65,65)
r(457,0,11,66,66)
r(758,0,11,67,67)
r(283,0,11,68,68)
w(16,1,11,69,69)
r(279,0,11,70,70)
r(204,2,11,71,71)
r(637,0,11,72,72)
r(120,0,11,73,73)
r(857,0,11,74,74)
r(502,0,11,75,75)
w(357,1,11,76,76)
r(337,0,11,77,77)
r(877,0,11,78,78)
r(311,0,11,79,79)
r(536,0,11,80,80)
r(111,0,11,81,81)
w(908,1,11,82,82)
w(482,1,11,83,83)
r(171,0,11,84,84)
r(261,1,11,85,85)
r(749,0,11,86,86)
r(221,0,11,87,87)
r(297,0,11,88,88)
r(249,0,11,89,89)
r(437,0,11,90,90)
r(272,0,11,91,91)
r(241,0,11,92,92)
r(532,0,11,93,93)
r(64,0,11,94,94)
r(607,1,11,95,95)
r(254,0,11,96,96)
r(521,0,11,97,97)
r(691,0,11,98,98)
r(221,0,11,99,99)
r(869,0,12,0,0)
r(426,0,12,1,1)
r(908,1,12,2,2)
r(881,0,12,3,3)
r(559,1,12,4,4)
r(21,0,12,5,5)
r(104,0,12,6,6)
r(858,0,12,7,7)
r(720,0,12,8,8)
r(661,0,12,9,9)
r(687,0,12,10,10)
r(823,0,12,11,11)
r(39,1,12,12,12)
r(878,0,12,13,13)
r(632,0,12,14,14)
r(865,1,12,15,15)
r(870,0,12,16,16)
w(528,1,12,17,17)
r(951,0,12,18,18)
r(592,0,12,19,19)
r(589,0,12,20,20)
r(409,0,12,21,21)
r(847,0,12,22,22)
w(877,1,12,23,23)
r(275,0,12,24,24)
r(290,1,12,25,25)
r(270,0,12,26,26)
r(993,0,12,27,27)
r(167,0,12,28,28)
r(747,0,12,29,29)
r(380,0,12,30,30)
r(236,0,12,31,31)
r(776,0,12,32,32)
r(934,0,12,33,33)
r(288,0,12,34,34)
r(724,0,12,35,35)
r(484,1,12,36,36)
r(261,1,12,37,37)
r(311,0,12,38,38)
r(998,0,12,39,39)
r(940,0,12,40,40)
r(195,0,12,41,41)
r(178,0,12,42,42)
r(196,0,12,43,43)
r(15,0,12,44,44)
r(645,1,12,45,45)
r(597,0,12,46,46)
r(590,1,12,47,47)
w(187,1,12,48,48)
r(384,0,12,49,49)
r(551,0,12,50,50)
w(857,1,12,51,51)
r(44,1,12,52,52)
r(482,1,12,53,53)
r(349,0,12,54,54)
r(567,0,12,55,55)
r(181,1,12,56,56)
w(583,1,12,57,57)
r(171,0,12,58,58)
r(495,0,12,59,59)
r(474,0,12,60,60)
r(679,1,12,61,61)
r(12,0,12,62,62)
r(518,0,12,63,63)
r(239,0,12,64,64)
r(929,0,12,65,65)
w(384,1,12,66,66)
r(118,0,12,67,67)
r(687,0,12,68,68)
r(561,1,12,69,69)
r(689,0,12,70,70)
r(569,0,12,71,71)
r(490,0,12,72,72)
r(385,0,12,73,73)
r(156,0,12,74,74)
r(558,0,12,75,75)
r(694,0,12,76,76)
r(546,0,12,77,77)
w(608,1,12,78,78)
r(785,1,12,79,79)
r(71,0,12,80,80)
r(259,0,12,81,81)
r(717,0,12,82,82)
r(873,0,12,83,83)
r(209,0,12,84,84)
r(626,0,12,85,85)
r(169,0,12,86,86)
w(62,1,12,87,87)
r(240,1,12,88,88)
w(768,1,12,89,89)
r(67,0,12,90,90)
r(686,0,12,91,91)
r(392,0,12,92,92)
r(853,0,12,93,93)
r(977,0,12,94,94)
r(407,0,12,95,95)
r(980,0,12,96,96)
r(351,0,12,97,97)
r(412,0,12,98,98)
r(121,0,12,99,99)
r(45,0,13,0,0)
r(312,0,13,1,1)
r(24,0,13,2,2)
w(793,1,13,3,3)
r(565,0,13,4,4)
r(89,0,13,5,5)
r(868,0,13,6,6)
r(597,0,13,7,7)
r(94,0,13,8,8)
r(982,0,13,9,9)
r(105,1,13,10,10)
r(473,0,13,11,11)
r(188,0,13,12,12)
r(773,0,13,13,13)
r(565,0,13,14,14)
r(333,0,13,15,15)
r(793,1,13,16,16)
r(260,0,13,17,17)
r(695,0,13,18,18)
w(540,2,13,19,19)
r(384,1,13,20,20)
r(899,0,13,21,21)
r(221,0,13,22,22)
r(521,0,13,23,23)
r(164,0,13,24,24)
r(653,1,13,25,25)
r(403,0,13,26,26)
r(198,2,13,27,27)
r(443,0,13,28,28)
r(602,1,13,29,29)
r(995,0,13,30,30)
w(18,2,13,31,31)
r(330,0,13,32,32)
r(721,0,13,33,33)
r(408,0,13,34,34)
r(905,0,13,35,35)
r(564,0,13,36,36)
r(67,0,13,37,37)
r(195,0,13,38,38)
r(201,0,13,39,39)
r(198,2,13,40,40)
r(834,0,13,41,41)
r(680,1,13,42,42)
r(658,0,13,43,43)
w(656,1,13,44,44)
r(226,0,13,45,45)
r(102,0,13,46,46)
w(958,1,13,47,47)
r(206,0,13,48,48)
r(770,0,13,49,49)
r(309,1,13,50,50)
r(70,0,13,51,51)
r(544,0,13,52,52)
r(746,0,13,53,53)
r(699,0,13,54,54)
w(121,1,13,55,55)
r(5,0,13,56,56)
r(454,0,13,57,57)
r(24,0,13,58,58)
r(82,0,13,59,59)
r(404,0,13,60,60)
r(83,0,13,61,61)
r(504,0,13,62,62)
r(78,0,13,63,63)
r(623,0,13,64,64)
r(398,0,13,65,65)
r(734,0,13,66,66)
r(869,0,13,67,67)
r(258,1,13,68,68)
w(107,1,13,69,69)
r(193,0,13,70,70)
r(463,0,13,71,71)
r(743,0,13,72,72)
r(456,0,13,73,73)
w(105,2,13,74,74)
r(227,0,13,75,75)
r(381,0,13,76,76)
r(98,0,13,77,77)
r(915,0,13,78,78)
w(351,1,13,79,79)
r(167,0,13,80,80)
r(409,0,13,81,81)
r(520,0,13,82,82)
r(552,0,13,83,83)
r(379,0,13,84,84)
r(141,1,13,85,85)
r(998,0,13,86,86)
r(201,0,13,87,87)
r(521,0,13,88,88)
r(354,0,13,89,89)
r(104,0,13,90,90)
r(850,0,13,91,91)
r(504,0,13,92,92)
r(266,0,13,93,93)
r(634,0,13,94,94)
r(147,0,13,95,95)
r(419,0,13,96,96)
r(834,0,13,97,97)
w(216,1,13,98,98)
r(357,1,13,99,99)
r(320,0,14,0,0)
r(136,1,14,1,1)
r(956,0,14,2,2)
r(45,0,14,3,3)
r(804,0,14,4,4)
w(787,1,14,5,5)
r(879,1,14,6,6)
r(905,0,14,7,7)
r(504,0,14,8,8)
r(832,0,14,9,9)
r(378,0,14,10,10)
r(932,0,14,11,11)
r(390,0,14,12,12)
r(584,0,14,13,13)
r(909,0,14,14,14)
r(485,1,14,15,15)
r(644,0,14,16,16)
r(756,0,14,17,17)
r(516,0,14,18,18)
r(483,0,14,19,19)
r(984,0,14,20,20)
r(732,0,14,21,21)
r(506,0,14,22,22)
r(246,2,14,23,23)
r(536,0,14,24,24)
r(828,0,14,25,25)
r(678,0,14,26,26)
r(145,1,14,27,27)
r(292,0,14,28,28)
r(793,1,14,29,29)
r(147,0,14,30,30)
w(577,1,14,31,31)
w(996,1,14,32,32)
r(309,1,14,33,33)
r(687,0,14,34,34)
r(636,1,14,35,35)
r(927,0,14,36,36)
w(777,2,14,37,37)
r(740,0,14,38,38)
r(643,0,14,39,39)
r(571,0,14,40,40)
r(536,0,14,41,41)
r(868,0,14,42,42)
r(154,0,14,43,43)
r(780,1,14,44,44)
r(455,0,14,45,45)
r(370,0,14,46,46)
r(445,0,14,47,47)
r(928,0,14,48,48)
r(278,0,14,49,49)
r(984,0,14,50,50)
r(291,1,14,51,51)
r(552,0,14,52,52)
r(95,0,14,53,53)
r(131,0,14,54,54)
r(881,0,14,55,55)
r(212,0,14,56,56)
r(237,0,14,57,57)
r(470,0,14,58,58)
r(515,0,14,59,59)
r(5,0,14,60,60)
r(16,1,14,61,61)
r(81,1,14,62,62)
r(236,0,14,63,63)
r(137,0,14,64,64)
r(228,1,14,65,65)
w(793,2,14,66,66)
r(334,0,14,67,67)
r(241,0,14,68,68)
r(876,0,14,69,69)
r(31,0,14,70,70)
w(515,1,14,71,71)
r(699,0,14,72,72)
r(320,0,14,73,73)
w(392,1,14,74,74)
r(774,0,14,75,75)
r(341,0,14,76,76)
r(474,0,14,77,77)
r(913,0,14,78,78)
r(888,0,14,79,79)
r(570,0,14,80,80)
r(880,0,14,81,81)
r(132,0,14,82,82)
r(439,1,14,83,83)
r(731,0,14,84,84)
r(70,0,14,85,85)
r(533,0,14,86,86)
r(350,0,14,87,87)
r(782,0,14,88,88)
r(637,0,14,89,89)
r(798,0,14,90,90)
r(847,0,14,91,91)
r(796,0,14,92,92)
r(530,0,14,93,93)
r(593,0,14,94,94)
r(146,0,14,95,95)
r(838,0,14,96,96)
r(941,0,14,97,97)
r(771,0,14,98,98)
r(292,0,14,99,99)
r(233,0,15,0,0)
r(325,0,15,1,1)
r(144,0,15,2,2)
r(674,0,15,3,3)
r(564,0,15,4,4)
r(590,1,15,5,5)
r(548,0,15,6,6)
r(406,0,15,7,7)
r(818,1,15,8,8)
r(269,1,15,9,9)
r(642,0,15,10,10)
r(91,0,15,11,11)
r(427,0,15,12,12)
r(798,0,15,13,13)
r(48,0,15,14,14)
w(170,1,15,15,15)
r(55,0,15,16,16)
r(390,0,15,17,17)
r(340,0,15,18,18)
r(538,0,15,19,19)
r(906,0,15,20,20)
r(656,1,15,21,21)
r(882,0,15,22,22)
r(692,0,15,23,23)
r(901,0,15,24,24)
r(892,0,15,25,25)
r(642,0,15,26,26)
r(540,2,15,27,27)
r(316,2,15,28,28)
r(193,0,15,29,29)
r(726,1,15,30,30)
r(777,2,15,31,31)
r(696,0,15,32,32)
w(369,1,15,33,33)
r(810,0,15,34,34)
r(83,0,15,35,35)
r(84,0,15,36,36)
r(14,0,15,37,37)
r(888,0,15,38,38)
r(827,0,15,39,39)
w(64,1,15,40,40)
r(422,0,15,41,41)
r(700,0,15,42,42)
r(174,0,15,43,43)
r(899,0,15,44,44)
w(190,2,15,45,45)
r(315,0,15,46,46)
w(204,3,15,47,47)
r(294,0,15,48,48)
r(169,0,15,49,49)
r(465,0,15,50,50)
r(856,0,15,51,51)
r(294,0,15,52,52)
r(24,0,15,53,53)
w(135,1,15,54,54)
r(783,0,15,55,55)
r(830,0,15,56,56)
r(582,0,15,57,57)
r(874,0,15,58,58)
r(714,1,15,59,59)
r(492,0,15,60,60)
r(612,0,15,61,61)
r(240,1,15,62,62)
r(782,0,15,63,63)
r(886,0,15,64,64)
r(224,1,15,65,65)
r(50,0,15,66,66)
r(486,0,15,67,67)
w(234,1,15,68,68)
r(748,0,15,69,69)
r(383,0,15,70,70)
r(956,0,15,71,71)
w(374,1,15,72,72)
w(927,1,15,73,73)
r(310,0,15,74,74)
r(702,0,15,75,75)
r(798,0,15,76,76)
r(607,1,15,77,77)
w(32,1,15,78,78)
r(451,0,15,79,79)
r(76,0,15,80,80)
r(868,0,15,81,81)
r(951,0,15,82,82)
r(38,0,15,83,83)
r(253,0,15,84,84)
r(680,1,15,85,85)
r(309,1,15,86,86)
r(168,0,15,87,87)
r(207,0,15,88,88)
r(561,1,15,89,89)
r(918,0,15,90,90)
r(437,0,15,91,91)
w(250,1,15,92,92)
r(804,0,15,93,93)
r(539,1,15,94,94)
w(255,1,15,95,95)
r(791,0,15,96,96)
r(61,0,15,97,97)
r(148,0,15,98,98)
r(397,0,15,99,99)
r(862,0,16,0,0)
r(580,1,16,1,1)
r(492,0,16,2,2)
r(147,0,16,3,3)
r(267,0,16,4,4)
r(619,0,16,5,5)
w(214,1,16,6,6)
r(186,0,16,7,7)
r(643,0,16,8,8)
r(35,0,16,9,9)
r(499,0,16,10,10)
w(740,1,16,11,11)
r(332,0,16,12,12)
w(212,1,16,13,13)
r(756,0,16,14,14)
r(68,0,16,15,15)
w(889,2,16,16,16)
r(790,1,16,17,17)
r(18,2,16,18,18)
r(863,0,16,19,19)
r(480,0,16,20,20)
r(542,0,16,21,21)
r(676,1,16,22,22)
r(674,0,16,23,23)
r(120,0,16,24,24)
r(313,0,16,25,25)
r(278,0,16,26,26)
r(990,0,16,27,27)
r(755,1,16,28,28)
r(281,1,16,29,29)
r(524,0,16,30,30)
r(768,1,16,31,31)
r(354,0,16,32,32)
r(938,0,16,33,33)
r(105,2,16,34,34)
r(160,1,16,35,35)
w(180,1,16,36,36)
w(847,1,16,37,37)
r(597,0,16,38,38)
r(87,0,16,39,39)
r(677,0,16,40,40)
w(732,1,16,41,41)
r(981,0,16,42,42)
r(38,0,16,43,43)
r(325,0,16,44,44)
w(842,1,16,45,45)
r(754,0,16,46,46)
r(283,0,16,47,47)
r(224,1,16,48,48)
r(327,0,16,49,49)
r(247,0,16,50,50)
r(19,0,16,51,51)
r(313,0,16,52,52)
r(842,1,16,53,53)
r(428,0,16,54,54)
r(120,0,16,55,55)
r(840,0,16,56,56)
r(836,1,16,57,57)
w(66,1,16,58,58)
r(113,0,16,59,59)
r(541,0,16,60,60)
r(827,0,16,61,61)
r(34,0,16,62,62)
r(764,1,16,63,63)
r(228,1,16,64,64)
r(673,0,16,65,65)
r(632,0,16,66,66)
r(183,0,16,67,67)
r(22,0,16,68,68)
r(446,0,16,69,69)
r(431,0,16,70,70)
r(199,0,16,71,71)
w(313,1,16,72,72)
r(497,0,16,73,73)
r(160,1,16,74,74)
r(115,0,16,75,75)
r(545,0,16,76,76)
r(648,0,16,77,77)
r(626,0,16,78,78)
r(345,0,16,79,79)
r(150,0,16,80,80)
r(705,0,16,81,81)
r(208,0,16,82,82)
r(659,0,16,83,83)
r(68,0,16,84,84)
r(142,0,16,85,85)
r(661,0,16,86,86)
r(173,0,16,87,87)
r(208,0,16,88,88)
r(308,0,16,89,89)
r(882,0,16,90,90)
r(667,0,16,91,91)
r(825,0,16,92,92)
r(412,0,16,93,93)
r(3,0,16,94,94)
r(633,0,16,95,95)
r(830,0,16,96,96)
r(928,0,16,97,97)
r(284,0,16,98,98)
r(825,0,16,99,99)
w(412,1,17,0,0)
r(91,0,17,1,1)
r(455,0,17,2,2)
r(739,0,17,3,3)
w(79,1,17,4,4)
r(84,0,17,5,5)
r(971,0,17,6,6)
r(71,0,17,7,7)
r(831,0,17,8,8)
r(56,0,17,9,9)
w(814,1,17,10,10)
r(743,0,17,11,11)
r(740,1,17,12,12)
r(46,0,17,13,13)
r(877,1,17,14,14)
r(846,0,17,15,15)
r(440,0,17,16,16)
r(988,0,17,17,17)
r(599,1,17,18,18)
r(752,0,17,19,19)
r(651,0,17,20,20)
r(683,0,17,21,21)
r(912,0,17,22,22)
r(637,0,17,23,23)
r(354,0,17,24,24)
r(54,0,17,25,25)
r(200,0,17,26,26)
r(925,1,17,27,27)
w(397,1,17,28,28)
r(981,0,17,29,29)
r(965,0,17,30,30)
r(359,0,17,31,31)
w(860,1,17,32,32)
r(246,2,17,33,33)
r(483,0,17,34,34)
r(278,0,17,35,35)
r(606,0,17,36,36)
r(151,0,17,37,37)
r(355,0,17,38,38)
r(722,0,17,39,39)
r(362,0,17,40,40)
r(624,2,17,41,41)
r(478,0,17,42,42)
r(919,1,17,43,43)
r(292,0,17,44,44)
r(593,0,17,45,45)
r(462,0,17,46,46)
r(972,2,17,47,47)
w(825,1,17,48,48)
r(367,0,17,49,49)
w(790,2,17,50,50)
r(812,0,17,51,51)
r(186,0,17,52,52)
r(514,0,17,53,53)
w(382,1,17,54,54)
r(624,2,17,55,55)
r(455,0,17,56,56)
r(753,0,17,57,57)
r(783,0,17,58,58)
r(496,0,17,59,59)
r(15,0,17,60,60)
r(208,0,17,61,61)
r(797,0,17,62,62)
r(654,0,17,63,63)
r(438,0,17,64,64)
w(333,1,17,65,65)
r(430,0,17,66,66)
r(942,0,17,67,67)
r(559,1,17,68,68)
r(123,0,17,69,69)
r(310,0,17,70,70)
r(866,0,17,71,71)
r(69,0,17,72,72)
r(199,0,17,73,73)
r(580,1,17,74,74)
r(439,1,17,75,75)
r(811,0,17,76,76)
r(607,1,17,77,77)
r(249,0,17,78,78)
r(693,0,17,79,79)
r(678,0,17,80,80)
r(607,1,17,81,81)
w(796,1,17,82,82)
r(216,1,17,83,83)
r(835,0,17,84,84)
r(818,1,17,85,85)
r(972,2,17,86,86)
r(601,0,17,87,87)
r(6,0,17,88,88)
r(349,0,17,89,89)
r(336,0,17,90,90)
r(719,0,17,91,91)
r(422,0,17,92,92)
r(842,1,17,93,93)
r(489,0,17,94,94)
r(909,0,17,95,95)
r(685,0,17,96,96)
r(12,0,17,97,97)
r(528,1,17,98,98)
r(359,0,17,99,99)
w(712,1,18,0,0)
r(557,0,18,1,1)
w(894,1,18,2,2)
r(980,0,18,3,3)
r(880,0,18,4,4)
w(825,2,18,5,5)
r(934,0,18,6,6)
r(234,1,18,7,7)
r(472,0,18,8,8)
r(702,0,18,9,9)
r(980,0,18,10,10)
r(981,0,18,11,11)
r(705,0,18,12,12)
r(650,0,18,13,13)
r(416,0,18,14,14)
r(363,0,18,15,15)
r(572,0,18,16,16)
r(204,3,18,17,17)
r(69,0,18,18,18)
r(866,0,18,19,19)
r(854,0,18,20,20)
r(212,1,18,21,21)
r(505,0,18,22,22)
r(988,0,18,23,23)
r(371,0,18,24,24)
w(16,2,18,25,25)
r(336,0,18,26,26)
r(154,0,18,27,27)
r(279,0,18,28,28)
r(462,0,18,29,29)
r(706,0,18,30,30)
r(503,0,18,31,31)
r(542,0,18,32,32)
r(775,0,18,33,33)
r(321,0,18,34,34)
r(483,0,18,35,35)
r(94,0,18,36,36)
r(603,0,18,37,37)
r(745,0,18,38,38)
r(522,0,18,39,39)
r(27,0,18,40,40)
r(400,0,18,41,41)
r(433,0,18,42,42)
r(101,0,18,43,43)
r(961,0,18,44,44)
r(296,0,18,45,45)
r(206,0,18,46,46)
r(461,1,18,47,47)
r(181,1,18,48,48)
r(768,1,18,49,49)
r(840,0,18,50,50)
r(623,0,18,51,51)
r(384,1,18,52,52)
r(747,0,18,53,53)
w(659,1,18,54,54)
r(792,0,18,55,55)
r(861,0,18,56,56)
r(975,0,18,57,57)
r(401,0,18,58,58)
r(330,0,18,59,59)
r(878,0,18,60,60)
w(890,2,18,61,61)
r(660,0,18,62,62)
r(119,0,18,63,63)
w(262,1,18,64,64)
r(589,0,18,65,65)
w(964,1,18,66,66)
r(951,0,18,67,67)
r(821,1,18,68,68)
r(810,0,18,69,69)
r(222,0,18,70,70)
r(61,0,18,71,71)
r(879,1,18,72,72)
r(24,0,18,73,73)
r(292,0,18,74,74)
r(991,0,18,75,75)
r(195,0,18,76,76)
r(881,0,18,77,77)
r(237,0,18,78,78)
r(397,1,18,79,79)
r(837,0,18,80,80)
r(621,0,18,81,81)
r(739,0,18,82,82)
r(803,0,18,83,83)
r(433,0,18,84,84)
w(612,1,18,85,85)
r(671,0,18,86,86)
r(317,0,18,87,87)
w(252,1,18,88,88)
r(351,1,18,89,89)
r(887,0,18,90,90)
r(869,0,18,91,91)
r(344,0,18,92,92)
r(238,0,18,93,93)
w(7,1,18,94,94)
r(289,0,18,95,95)
r(260,0,18,96,96)
r(462,0,18,97,97)
r(572,0,18,98,98)
r(551,0,18,99,99)
w(199,1,19,0,0)
r(541,0,19,1,1)
r(864,0,19,2,2)
r(888,0,19,3,3)
r(719,0,19,4,4)
w(901,1,19,5,5)
r(933,0,19,6,6)
r(158,0,19,7,7)
r(407,0,19,8,8)
r(892,0,19,9,9)
r(707,1,19,10,10)
r(716,0,19,11,11)
r(407,0,19,12,12)
r(903,1,19,13,13)
r(783,0,19,14,14)
r(310,0,19,15,15)
r(562,0,19,16,16)
r(458,0,19,17,17)
r(665,0,19,18,18)
r(789,0,19,19,19)
r(804,0,19,20,20)
r(466,0,19,21,21)
r(279,0,19,22,22)
r(475,0,19,23,23)
r(73,0,19,24,24)
r(132,0,19,25,25)
r(391,0,19,26,26)
w(79,2,19,27,27)
r(279,0,19,28,28)
r(543,0,19,29,29)
r(9,0,19,30,30)
r(883,0,19,31,31)
w(571,1,19,32,32)
r(37,0,19,33,33)
w(709,1,19,34,34)
r(870,0,19,35,35)
r(343,0,19,36,36)
r(888,0,19,37,37)
r(833,1,19,38,38)
r(282,0,19,39,39)
r(781,0,19,40,40)
r(295,0,19,41,41)
r(184,1,19,42,42)
w(920,1,19,43,43)
r(241,0,19,44,44)
r(673,0,19,45,45)
r(99,1,19,46,46)
r(844,0,19,47,47)
r(263,0,19,48,48)
r(611,0,19,49,49)
r(768,1,19,50,50)
w(128,1,19,51,51)
r(166,0,19,52,52)
r(314,0,19,53,53)
r(914,0,19,54,54)
r(824,0,19,55,55)
r(329,0,19,56,56)
r(829,0,19,57,57)
r(414,0,19,58,58)
r(446,0,19,59,59)
r(943,0,19,60,60)
r(286,0,19,61,61)
r(464,1,19,62,62)
r(928,0,19,63,63)
r(429,0,19,64,64)
r(58,0,19,65,65)
r(859,0,19,66,66)
r(413,1,19,67,67)
w(858,1,19,68,68)
r(437,0,19,69,69)
r(727,1,19,70,70)
r(808,0,19,71,71)
r(822,1,19,72,72)
r(735,0,19,73,73)
r(628,0,19,74,74)
r(546,0,19,75,75)
r(547,0,19,76,76)
r(475,0,19,77,77)
r(344,0,19,78,78)
r(21,0,19,79,79)
r(481,0,19,80,80)
r(858,1,19,81,81)
r(102,0,19,82,82)
r(896,0,19,83,83)
w(980,1,19,84,84)
r(779,1,19,85,85)
r(576,0,19,86,86)
w(487,1,19,87,87)
r(934,0,19,88,88)
r(749,0,19,89,89)
r(470,0,19,90,90)
r(734,0,19,91,91)
w(582,1,19,92,92)
r(523,0,19,93,93)
r(165,0,19,94,94)
r(270,0,19,95,95)
r(219,0,19,96,96)
r(705,0,19,97,97)
w(656,2,19,98,98)
r(66,1,19,99,99)
r(598,0,20,0,0)
r(759,0,20,1,1)
r(32,1,20,2,2)
r(383,0,20,3,3)
r(588,0,20,4,4)
r(222,0,20,5,5)
r(408,0,20,6,6)
r(347,0,20,7,7)
r(458,0,20,8,8)
w(282,1,20,9,9)
r(970,0,20,10,10)
r(958,1,20,11,11)
r(149,0,20,12,12)
r(692,0,20,13,13)
r(17,0,20,14,14)
w(614,1,20,15,15)
r(274,0,20,16,16)
r(65,0,20,17,17)
r(622,0,20,18,18)
r(87,0,20,19,19)
r(89,0,20,20,20)
w(810,1,20,21,21)
r(474,0,20,22,22)
r(9,0,20,23,23)
r(662,0,20,24,24)
r(203,1,20,25,25)
r(810,1,20,26,26)
r(734,0,20,27,27)
r(417,0,20,28,28)
r(734,0,20,29,29)
r(205,0,20,30,30)
w(549,1,20,31,31)
r(796,1,20,32,32)
r(257,0,20,33,33)
r(300,0,20,34,34)
r(83,0,20,35,35)
w(748,1,20,36,36)
r(755,1,20,37,37)
r(807,0,20,38,38)
r(388,0,20,39,39)
r(986,0,20,40,40)
r(362,0,20,41,41)
r(829,0,20,42,42)
r(268,0,20,43,43)
r(760,0,20,44,44)
r(355,0,20,45,45)
w(446,1,20,46,46)
w(480,1,20,47,47)
r(311,0,20,48,48)
r(169,0,20,49,49)
r(958,1,20,50,50)
w(271,1,20,51,51)
r(863,0,20,52,52)
r(564,0,20,53,53)
r(272,0,20,54,54)
r(141,1,20,55,55)
r(854,0,20,56,56)
r(308,0,20,57,57)
r(326,2,20,58,58)
r(317,0,20,59,59)
r(418,0,20,60,60)
w(182,1,20,61,61)
r(893,0,20,62,62)
r(448,0,20,63,63)
r(886,0,20,64,64)
r(592,0,20,65,65)
r(972,2,20,66,66)
r(319,0,20,67,67)
r(118,0,20,68,68)
r(784,0,20,69,69)
w(820,1,20,70,70)
r(765,0,20,71,71)
r(246,2,20,72,72)
r(862,0,20,73,73)
r(531,0,20,74,74)
r(651,0,20,75,75)
r(817,0,20,76,76)
r(33,0,20,77,77)
r(382,1,20,78,78)
r(402,0,20,79,79)
r(414,0,20,80,80)
r(416,0,20,81,81)
r(962,0,20,82,82)
r(462,0,20,83,83)
w(176,1,20,84,84)
r(424,0,20,85,85)
r(360,0,20,86,86)
r(918,0,20,87,87)
r(922,0,20,88,88)
r(366,0,20,89,89)
w(888,1,20,90,90)
r(233,0,20,91,91)
r(378,0,20,92,92)
r(717,0,20,93,93)
r(924,0,20,94,94)
r(633,0,20,95,95)
r(955,0,20,96,96)
w(490,1,20,97,97)
r(898,0,20,98,98)
w(540,3,20,99,99)
w(116,1,21,0,0)
r(530,0,21,1,1)
r(377,0,21,2,2)
r(631,1,21,3,3)
w(608,2,21,4,4)
r(619,0,21,5,5)
r(557,0,21,6,6)
r(409,0,21,7,7)
r(980,1,21,8,8)
r(648,0,21,9,9)
r(470,0,21,10,10)
r(269,1,21,11,11)
r(501,0,21,12,12)
w(582,2,21,13,13)
r(10,0,21,14,14)
r(733,0,21,15,15)
r(167,0,21,16,16)
r(468,0,21,17,17)
r(736,0,21,18,18)
r(974,0,21,19,19)
r(210,0,21,20,20)
r(332,0,21,21,21)
r(983,0,21,22,22)
r(579,0,21,23,23)
r(758,0,21,24,24)
r(265,0,21,25,25)
r(422,0,21,26,26)
r(993,0,21,27,27)
w(913,1,21,28,28)
w(908,2,21,29,29)
r(11,0,21,30,30)
r(652,0,21,31,31)
r(703,0,21,32,32)
r(913,1,21,33,33)
r(825,2,21,34,34)
r(14,0,21,35,35)
r(536,0,21,36,36)
r(69,0,21,37,37)
r(970,0,21,38,38)
r(589,0,21,39,39)
r(170,1,21,40,40)
r(954,0,21,41,41)
r(450,0,21,42,42)
r(771,0,21,43,43)
r(255,1,21,44,44)
r(599,1,21,45,45)
r(134,1,21,46,46)
r(44,1,21,47,47)
r(885,0,21,48,48)
r(516,0,21,49,49)
r(133,0,21,50,50)
r(211,0,21,51,51)
r(63,0,21,52,52)
r(861,0,21,53,53)
r(28,0,21,54,54)
r(539,1,21,55,55)
r(691,0,21,56,56)
r(519,0,21,57,57)
r(651,0,21,58,58)
r(889,2,21,59,59)
r(124,0,21,60,60)
r(695,0,21,61,61)
r(582,2,21,62,62)
r(539,1,21,63,63)
r(760,0,21,64,64)
r(61,0,21,65,65)
r(856,0,21,66,66)
r(92,0,21,67,67)
r(971,0,21,68,68)
r(123,0,21,69,69)
r(150,0,21,70,70)
r(436,0,21,71,71)
r(889,2,21,72,72)
r(245,1,21,73,73)
r(49,0,21,74,74)
r(521,0,21,75,75)
w(683,1,21,76,76)
r(685,0,21,77,77)
r(281,1,21,78,78)
r(887,0,21,79,79)
r(266,0,21,80,80)
r(499,0,21,81,81)
w(158,1,21,82,82)
r(158,1,21,83,83)
r(895,0,21,84,84)
r(391,0,21,85,85)
r(309,1,21,86,86)
r(161,0,21,87,87)
r(904,0,21,88,88)
w(837,1,21,89,89)
r(328,0,21,90,90)
r(87,0,21,91,91)
r(322,0,21,92,92)
r(873,0,21,93,93)
r(716,0,21,94,94)
w(673,1,21,95,95)
r(352,0,21,96,96)
r(688,0,21,97,97)
r(887,0,21,98,98)
r(452,0,21,99,99)
r(716,0,22,0,0)
r(751,0,22,1,1)
r(110,0,22,2,2)
r(513,0,22,3,3)
r(234,1,22,4,4)
r(732,1,22,5,5)
r(386,0,22,6,6)
r(713,0,22,7,7)
r(701,1,22,8,8)
r(584,0,22,9,9)
r(571,1,22,10,10)
r(68,0,22,11,11)
r(277,0,22,12,12)
r(108,0,22,13,13)
r(100,0,22,14,14)
r(745,0,22,15,15)
w(617,1,22,16,16)
r(673,1,22,17,17)
r(259,0,22,18,18)
r(299,0,22,19,19)
r(455,0,22,20,20)
r(832,0,22,21,21)
r(129,0,22,22,22)
r(960,0,22,23,23)
r(313,1,22,24,24)
r(330,0,22,25,25)
r(487,1,22,26,26)
r(948,0,22,27,27)
r(92,0,22,28,28)
r(748,1,22,29,29)
r(529,0,22,30,30)
r(248,1,22,31,31)
r(195,0,22,32,32)
r(149,0,22,33,33)
r(145,1,22,34,34)
r(77,0,22,35,35)
r(658,0,22,36,36)
r(243,1,22,37,37)
r(857,1,22,38,38)
r(19,0,22,39,39)
r(426,0,22,40,40)
r(663,0,22,41,41)
w(459,1,22,42,42)
r(660,0,22,43,43)
r(504,0,22,44,44)
r(100,0,22,45,45)
r(280,0,22,46,46)
r(847,1,22,47,47)
r(631,1,22,48,48)
r(446,1,22,49,49)
r(628,0,22,50,50)
r(48,0,22,51,51)
r(958,1,22,52,52)
r(654,0,22,53,53)
r(404,0,22,54,54)
r(151,0,22,55,55)
r(472,0,22,56,56)
r(551,0,22,57,57)
r(819,0,22,58,58)
r(53,0,22,59,59)
r(232,0,22,60,60)
r(52,0,22,61,61)
r(600,0,22,62,62)
r(471,0,22,63,63)
r(330,0,22,64,64)
r(982,0,22,65,65)
r(186,0,22,66,66)
r(748,1,22,67,67)
r(460,0,22,68,68)
r(513,0,22,69,69)
r(404,0,22,70,70)
r(625,1,22,71,71)
r(968,0,22,72,72)
r(407,0,22,73,73)
r(517,1,22,74,74)
r(855,0,22,75,75)
r(16,2,22,76,76)
r(952,0,22,77,77)
r(275,0,22,78,78)
r(579,0,22,79,79)
r(473,0,22,80,80)
r(382,1,22,81,81)
r(981,0,22,82,82)
r(484,1,22,83,83)
r(991,0,22,84,84)
w(377,1,22,85,85)
r(781,0,22,86,86)
r(14,0,22,87,87)
r(643,0,22,88,88)
r(775,0,22,89,89)
r(93,0,22,90,90)
r(400,0,22,91,91)
r(229,1,22,92,92)
r(354,0,22,93,93)
r(484,1,22,94,94)
r(175,0,22,95,95)
r(97,0,22,96,96)
r(843,0,22,97,97)
r(395,0,22,98,98)
r(394,0,22,99,99)
r(298,0,23,0,0)
w(324,1,23,1,1)
r(667,0,23,2,2)
w(446,2,23,3,3)
r(929,0,23,4,4)
r(622,0,23,5,5)
r(200,0,23,6,6)
w(886,1,23,7,7)
w(963,1,23,8,8)
r(197,0,23,9,9)
w(796,2,23,10,10)
r(784,0,23,11,11)
r(268,0,23,12,12)
r(781,0,23,13,13)
r(267,0,23,14,14)
r(32,1,23,15,15)
r(283,0,23,16,16)
r(663,0,23,17,17)
r(982,0,23,18,18)
r(908,2,23,19,19)
r(877,1,23,20,20)
r(267,0,23,21,21)
r(272,0,23,22,22)
r(189,0,23,23,23)
r(991,0,23,24,24)
r(304,0,23,25,25)
r(728,0,23,26,26)
r(399,0,23,27,27)
r(995,0,23,28,28)
w(453,1,23,29,29)
r(857,1,23,30,30)
r(952,0,23,31,31)
r(896,0,23,32,32)
r(631,1,23,33,33)
w(478,1,23,34,34)
r(416,0,23,35,35)
r(313,1,23,36,36)
r(437,0,23,37,37)
r(253,0,23,38,38)
r(642,0,23,39,39)
r(532,0,23,40,40)
r(881,0,23,41,41)
r(908,2,23,42,42)
r(801,0,23,43,43)
r(208,0,23,44,44)
r(566,0,23,45,45)
w(441,1,23,46,46)
r(11,0,23,47,47)
r(572,0,23,48,48)
w(306,1,23,49,49)
r(347,0,23,50,50)
r(431,0,23,51,51)
r(56,0,23,52,52)
r(308,0,23,53,53)
r(522,0,23,54,54)
r(719,0,23,55,55)
r(369,1,23,56,56)
r(548,0,23,57,57)
r(766,0,23,58,58)
r(868,0,23,59,59)
r(183,0,23,60,60)
r(582,2,23,61,61)
r(633,0,23,62,62)
r(249,0,23,63,63)
r(617,1,23,64,64)
r(997,0,23,65,65)
r(47,0,23,66,66)
r(465,0,23,67,67)
r(871,0,23,68,68)
r(138,0,23,69,69)
w(565,1,23,70,70)
r(458,0,23,71,71)
r(708,0,23,72,72)
r(320,0,23,73,73)
r(338,0,23,74,74)
r(576,0,23,75,75)
r(975,0,23,76,76)
w(710,1,23,77,77)
r(779,1,23,78,78)
r(598,0,23,79,79)
w(750,1,23,80,80)
r(484,1,23,81,81)
r(607,1,23,82,82)
r(209,0,23,83,83)
r(637,0,23,84,84)
r(961,0,23,85,85)
r(956,0,23,86,86)
r(455,0,23,87,87)
r(646,0,23,88,88)
w(243,2,23,89,89)
r(69,0,23,90,90)
r(418,0,23,91,91)
r(911,0,23,92,92)
r(729,0,23,93,93)
r(427,0,23,94,94)
r(777,2,23,95,95)
r(853,0,23,96,96)
r(89,0,23,97,97)
r(716,0,23,98,98)
r(562,0,23,99,99)
r(603,0,24,0,0)
r(748,1,24,1,1)
r(407,0,24,2,2)
r(96,0,24,3,3)
r(578,0,24,4,4)
r(140,0,24,5,5)
r(328,0,24,6,6)
r(629,0,24,7,7)
r(641,0,24,8,8)
r(93,0,24,9,9)
r(242,0,24,10,10)
w(723,1,24,11,11)
r(171,0,24,12,12)
r(61,0,24,13,13)
r(190,2,24,14,14)
w(770,1,24,15,15)
r(698,0,24,16,16)
r(713,0,24,17,17)
r(114,0,24,18,18)
r(960,0,24,19,19)
r(478,1,24,20,20)
r(689,0,24,21,21)
w(444,1,24,22,22)
w(426,1,24,23,23)
r(846,0,24,24,24)
r(876,0,24,25,25)
r(310,0,24,26,26)
r(567,0,24,27,27)
r(717,0,24,28,28)
r(198,2,24,29,29)
r(856,0,24,30,30)
w(641,1,24,31,31)
w(862,1,24,32,32)
r(386,0,24,33,33)
r(399,0,24,34,34)
r(845,1,24,35,35)
r(55,0,24,36,36)
r(376,0,24,37,37)
r(804,0,24,38,38)
r(713,0,24,39,39)
r(75,0,24,40,40)
r(855,0,24,41,41)
r(24,0,24,42,42)
r(302,0,24,43,43)
r(997,0,24,44,44)
r(703,0,24,45,45)
r(555,0,24,46,46)
w(798,1,24,47,47)
r(434,0,24,48,48)
r(825,2,24,49,49)
r(449,0,24,50,50)
r(2,0,24,51,51)
r(476,0,24,52,52)
r(495,0,24,53,53)
r(173,0,24,54,54)
w(15,1,24,55,55)
r(336,0,24,56,56)
r(198,2,24,57,57)
r(277,0,24,58,58)
r(936,0,24,59,59)
r(382,1,24,60,60)
r(962,0,24,61,61)
r(96,0,24,62,62)
r(86,1,24,63,63)
r(599,1,24,64,64)
r(370,0,24,65,65)
r(13,0,24,66,66)
r(601,0,24,67,67)
r(533,0,24,68,68)
r(405,0,24,69,69)
r(686,0,24,70,70)
r(917,0,24,71,71)
r(463,0,24,72,72)
r(757,0,24,73,73)
r(840,0,24,74,74)
r(931,0,24,75,75)
w(989,2,24,76,76)
r(504,0,24,77,77)
r(981,0,24,78,78)
r(52,0,24,79,79)
w(101,1,24,80,80)
r(828,0,24,81,81)
r(156,0,24,82,82)
r(247,0,24,83,83)
r(80,0,24,84,84)
r(613,0,24,85,85)
r(853,0,24,86,86)
r(349,0,24,87,87)
r(321,0,24,88,88)
r(933,0,24,89,89)
r(703,0,24,90,90)
r(976,1,24,91,91)
r(251,0,24,92,92)
r(841,0,24,93,93)
r(265,0,24,94,94)
r(574,0,24,95,95)
w(563,1,24,96,96)
r(896,0,24,97,97)
r(232,0,24,98,98)
r(652,0,24,99,99)
