w(1,1,0,0,0)
w(34,1,0,1,1)
r(9,0,0,2,2)
w(2,1,0,3,3)
w(9,1,0,4,4)
w(29,1,0,5,5)
w(7,1,0,6,6)
w(1,2,0,7,7)
w(0,1,0,8,8)
r(34,1,0,9,9)
w(1,3,0,10,10)
w(0,2,0,11,11)
w(0,3,0,12,12)
w(63,1,0,13,13)
w(44,1,0,14,14)
w(14,1,0,15,15)
w(11,1,0,16,16)
w(21,1,0,17,17)
w(7,2,0,18,18)
w(35,1,0,19,19)
w(0,4,0,20,20)
r(4,0,0,21,21)
w(90,1,0,22,22)
w(3,1,0,23,23)
w(0,5,0,24,24)
w(14,2,0,25,25)
w(1,4,0,26,26)
w(1,5,0,27,27)
r(0,5,0,28,28)
w(0,6,0,29,29)
w(23,1,0,30,30)
w(49,1,0,31,31)
w(10,1,0,32,32)
r(0,6,0,33,33)
w(33,1,0,34,34)
w(99,1,0,35,35)
w(2,2,0,36,36)
w(41,1,0,37,37)
w(30,1,0,38,38)
w(7,3,0,39,39)
r(24,0,0,40,40)
w(33,2,0,41,41)
r(2,2,0,42,42)
w(19,1,0,43,43)
w(0,7,0,44,44)
w(0,8,0,45,45)
w(17,1,0,46,46)
w(20,1,0,47,47)
r(15,0,0,48,48)
w(9,2,0,49,49)
w(9,3,0,50,50)
w(0,9,0,51,51)
w(0,10,0,52,52)
w(2,3,0,53,53)
w(21,2,0,54,54)
w(1,6,0,55,55)
w(0,11,0,56,56)
w(3,2,0,57,57)
r(4,0,0,58,58)
r(2,3,0,59,59)
w(6,1,0,60,60)
w(0,12,0,61,61)
w(0,13,0,62,62)
w(20,2,0,63,63)
w(22,1,0,64,64)
r(42,0,0,65,65)
w(37,1,0,66,66)
w(4,1,0,67,67)
w(1,7,0,68,68)
w(12,1,0,69,69)
w(4,2,0,70,70)
w(0,14,0,71,71)
w(92,1,0,72,72)
w(78,1,0,73,73)
w(12,2,0,74,74)
r(0,14,0,75,75)
w(0,15,0,76,76)
w(11,2,0,77,77)
r(36,0,0,78,78)
w(15,1,0,79,79)
w(1,8,0,80,80)
w(45,1,0,81,81)
w(59,1,0,82,82)
w(15,2,0,83,83)
w(14,3,0,84,84)
w(6,2,0,85,85)
w(9,4,0,86,86)
w(0,16,0,87,87)
r(71,0,0,88,88)
w(11,3,0,89,89)
w(83,1,0,90,90)
w(31,1,0,91,91)
w(41,2,0,92,92)
r(0,16,0,93,93)
w(53,1,0,94,94)
w(1,9,0,95,95)
r(0,16,0,96,96)
w(6,3,0,97,97)
r(7,3,0,98,98)
w(1,10,0,99,99)
w(13,1,1,0,0)
w(6,4,1,1,1)
w(3,3,1,2,2)
w(3,4,1,3,3)
w(2,4,1,4,4)
w(9,5,1,5,5)
w(4,3,1,6,6)
r(34,1,1,7,7)
w(62,1,1,8,8)
w(0,17,1,9,9)
w(3,5,1,10,10)
w(10,2,1,11,11)
r(3,5,1,12,12)
w(0,18,1,13,13)
w(2,5,1,14,14)
w(4,4,1,15,15)
r(0,18,1,16,16)
w(0,19,1,17,17)
w(62,2,1,18,18)
w(1,11,1,19,19)
w(7,4,1,20,20)
w(31,2,1,21,21)
w(1,12,1,22,22)
w(25,1,1,23,23)
w(9,6,1,24,24)
w(0,20,1,25,25)
w(32,1,1,26,26)
w(0,21,1,27,27)
w(3,6,1,28,28)
r(8,0,1,29,29)
w(20,3,1,30,30)
w(0,22,1,31,31)
w(0,23,1,32,32)
w(0,24,1,33,33)
w(18,1,1,34,34)
w(2,6,1,35,35)
w(99,2,1,36,36)
w(2,7,1,37,37)
w(0,25,1,38,38)
w(0,26,1,39,39)
w(7,5,1,40,40)
w(6,5,1,41,41)
w(30,2,1,42,42)
w(98,1,1,43,43)
w(0,27,1,44,44)
w(0,28,1,45,45)
r(3,6,1,46,46)
w(31,3,1,47,47)
w(0,29,1,48,48)
w(6,6,1,49,49)
w(81,1,1,50,50)
w(1,13,1,51,51)
w(0,30,1,52,52)
w(44,2,1,53,53)
w(6,7,1,54,54)
w(96,1,1,55,55)
w(31,4,1,56,56)
w(19,2,1,57,57)
r(1,13,1,58,58)
w(0,31,1,59,59)
w(57,1,1,60,60)
w(79,1,1,61,61)
w(6,8,1,62,62)
w(1,14,1,63,63)
w(0,32,1,64,64)
w(14,4,1,65,65)
r(12,2,1,66,66)
w(0,33,1,67,67)
w(1,15,1,68,68)
w(66,1,1,69,69)
w(11,4,1,70,70)
w(0,34,1,71,71)
w(14,5,1,72,72)
w(2,8,1,73,73)
w(0,35,1,74,74)
w(82,1,1,75,75)
w(0,36,1,76,76)
w(72,1,1,77,77)
w(0,37,1,78,78)
w(1,16,1,79,79)
w(3,7,1,80,80)
w(7,6,1,81,81)
w(44,3,1,82,82)
w(80,1,1,83,83)
w(40,1,1,84,84)
w(34,2,1,85,85)
w(2,9,1,86,86)
w(11,5,1,87,87)
w(62,3,1,88,88)
w(36,1,1,89,89)
w(76,1,1,90,90)
w(2,10,1,91,91)
w(5,1,1,92,92)
w(6,9,1,93,93)
w(14,6,1,94,94)
w(4,5,1,95,95)
w(25,2,1,96,96)
w(1,17,1,97,97)
w(29,2,1,98,98)
w(2,11,1,99,99)
r(32,1,2,0,0)
w(5,2,2,1,1)
w(1,18,2,2,2)
w(0,38,2,3,3)
w(10,3,2,4,4)
w(3,8,2,5,5)
w(15,3,2,6,6)
w(5,3,2,7,7)
w(2,12,2,8,8)
w(0,39,2,9,9)
w(0,40,2,10,10)
w(34,3,2,11,11)
w(4,6,2,12,12)
w(0,41,2,13,13)
w(0,42,2,14,14)
w(27,1,2,15,15)
w(16,1,2,16,16)
w(3,9,2,17,17)
w(83,2,2,18,18)
w(1,19,2,19,19)
w(1,20,2,20,20)
w(45,2,2,21,21)
w(3,10,2,22,22)
w(58,1,2,23,23)
r(0,42,2,24,24)
r(5,3,2,25,25)
w(2,13,2,26,26)
w(2,14,2,27,27)
w(28,1,2,28,28)
w(14,7,2,29,29)
w(16,2,2,30,30)
w(81,2,2,31,31)
w(4,7,2,32,32)
w(7,7,2,33,33)
w(44,4,2,34,34)
w(10,4,2,35,35)
w(38,1,2,36,36)
w(80,2,2,37,37)
w(11,6,2,38,38)
w(2,15,2,39,39)
r(19,2,2,40,40)
w(60,1,2,41,41)
w(58,2,2,42,42)
w(11,7,2,43,43)
w(12,3,2,44,44)
w(16,3,2,45,45)
w(61,1,2,46,46)
r(13,1,2,47,47)
r(7,7,2,48,48)
w(2,16,2,49,49)
w(0,43,2,50,50)
w(44,5,2,51,51)
w(3,11,2,52,52)
w(3,12,2,53,53)
w(15,4,2,54,54)
w(5,4,2,55,55)
w(67,1,2,56,56)
w(0,44,2,57,57)
r(0,44,2,58,58)
w(0,45,2,59,59)
w(1,21,2,60,60)
w(9,7,2,61,61)
w(74,1,2,62,62)
w(0,46,2,63,63)
w(7,8,2,64,64)
w(5,5,2,65,65)
r(33,2,2,66,66)
w(10,5,2,67,67)
w(2,17,2,68,68)
w(0,47,2,69,69)
r(0,47,2,70,70)
w(12,4,2,71,71)
w(60,2,2,72,72)
w(64,1,2,73,73)
w(7,9,2,74,74)
w(0,48,2,75,75)
w(96,2,2,76,76)
r(0,48,2,77,77)
w(75,1,2,78,78)
w(0,49,2,79,79)
w(0,50,2,80,80)
w(21,3,2,81,81)
w(15,5,2,82,82)
w(39,1,2,83,83)
w(90,2,2,84,84)
r(10,5,2,85,85)
w(3,13,2,86,86)
w(4,8,2,87,87)
r(47,0,2,88,88)
r(49,1,2,89,89)
w(0,51,2,90,90)
r(10,5,2,91,91)
r(83,2,2,92,92)
w(33,3,2,93,93)
w(18,2,2,94,94)
w(33,4,2,95,95)
w(45,3,2,96,96)
w(5,6,2,97,97)
w(77,1,2,98,98)
w(5,7,2,99,99)
w(40,2,3,0,0)
r(39,1,3,1,1)
w(10,6,3,2,2)
w(0,52,3,3,3)
w(4,9,3,4,4)
w(0,53,3,5,5)
w(97,1,3,6,6)
w(1,22,3,7,7)
w(20,4,3,8,8)
w(60,3,3,9,9)
w(0,54,3,10,10)
w(35,2,3,11,11)
w(5,8,3,12,12)
w(0,55,3,13,13)
w(26,1,3,14,14)
w(5,9,3,15,15)
w(44,6,3,16,16)
w(0,56,3,17,17)
w(9,8,3,18,18)
w(0,57,3,19,19)
w(35,3,3,20,20)
w(5,10,3,21,21)
w(26,2,3,22,22)
w(24,1,3,23,23)
w(6,10,3,24,24)
w(2,18,3,25,25)
r(0,57,3,26,26)
w(0,58,3,27,27)
w(22,2,3,28,28)
w(2,19,3,29,29)
r(0,58,3,30,30)
w(6,11,3,31,31)
w(0,59,3,32,32)
w(6,12,3,33,33)
w(51,1,3,34,34)
w(0,60,3,35,35)
r(37,1,3,36,36)
w(1,23,3,37,37)
w(37,2,3,38,38)
w(0,61,3,39,39)
w(0,62,3,40,40)
w(0,63,3,41,41)
w(11,8,3,42,42)
w(27,2,3,43,43)
w(1,24,3,44,44)
w(8,1,3,45,45)
w(95,1,3,46,46)
w(0,64,3,47,47)
w(60,4,3,48,48)
w(15,6,3,49,49)
r(57,1,3,50,50)
r(3,13,3,51,51)
r(0,64,3,52,52)
w(6,13,3,53,53)
w(0,65,3,54,54)
w(44,7,3,55,55)
w(0,66,3,56,56)
w(1,25,3,57,57)
w(4,10,3,58,58)
w(98,2,3,59,59)
r(28,1,3,60,60)
w(15,7,3,61,61)
w(0,67,3,62,62)
w(0,68,3,63,63)
w(1,26,3,64,64)
w(2,20,3,65,65)
w(7,10,3,66,66)
w(2,21,3,67,67)
w(23,2,3,68,68)
w(65,1,3,69,69)
w(5,11,3,70,70)
w(25,3,3,71,71)
w(24,2,3,72,72)
w(50,1,3,73,73)
r(0,68,3,74,74)
w(0,69,3,75,75)
w(6,14,3,76,76)
w(13,2,3,77,77)
w(35,4,3,78,78)
w(0,70,3,79,79)
w(8,2,3,80,80)
w(5,12,3,81,81)
w(15,8,3,82,82)
w(80,3,3,83,83)
w(24,3,3,84,84)
w(0,71,3,85,85)
w(0,72,3,86,86)
w(8,3,3,87,87)
w(3,14,3,88,88)
w(0,73,3,89,89)
w(87,1,3,90,90)
w(14,8,3,91,91)
w(2,22,3,92,92)
w(0,74,3,93,93)
w(0,75,3,94,94)
w(45,4,3,95,95)
w(3,15,3,96,96)
w(5,13,3,97,97)
w(34,4,3,98,98)
r(21,3,3,99,99)
w(19,3,4,0,0)
w(29,3,4,1,1)
w(3,16,4,2,2)
w(87,2,4,3,3)
w(4,11,4,4,4)
w(1,27,4,5,5)
w(7,11,4,6,6)
w(15,9,4,7,7)
w(1,28,4,8,8)
w(53,2,4,9,9)
w(14,9,4,10,10)
w(2,23,4,11,11)
w(47,1,4,12,12)
w(0,76,4,13,13)
w(1,29,4,14,14)
w(42,1,4,15,15)
w(32,2,4,16,16)
r(2,23,4,17,17)
w(46,1,4,18,18)
w(1,30,4,19,19)
w(6,15,4,20,20)
w(41,3,4,21,21)
r(0,76,4,22,22)
w(11,9,4,23,23)
w(83,3,4,24,24)
w(91,1,4,25,25)
w(73,1,4,26,26)
w(1,31,4,27,27)
w(46,2,4,28,28)
w(14,10,4,29,29)
w(24,4,4,30,30)
w(19,4,4,31,31)
w(2,24,4,32,32)
w(21,4,4,33,33)
w(17,2,4,34,34)
w(0,77,4,35,35)
w(8,4,4,36,36)
w(1,32,4,37,37)
w(91,2,4,38,38)
w(32,3,4,39,39)
w(32,4,4,40,40)
w(1,33,4,41,41)
w(62,4,4,42,42)
w(0,78,4,43,43)
w(0,79,4,44,44)
w(0,80,4,45,45)
w(0,81,4,46,46)
r(23,2,4,47,47)
w(4,12,4,48,48)
w(53,3,4,49,49)
w(18,3,4,50,50)
w(1,34,4,51,51)
w(0,82,4,52,52)
w(3,17,4,53,53)
w(60,5,4,54,54)
w(40,3,4,55,55)
w(58,3,4,56,56)
r(35,4,4,57,57)
w(1,35,4,58,58)
w(4,13,4,59,59)
w(0,83,4,60,60)
w(23,3,4,61,61)
w(15,10,4,62,62)
w(9,9,4,63,63)
w(3,18,4,64,64)
w(52,1,4,65,65)
w(0,84,4,66,66)
w(1,36,4,67,67)
w(15,11,4,68,68)
w(32,5,4,69,69)
r(11,9,4,70,70)
r(2,24,4,71,71)
w(12,5,4,72,72)
w(71,1,4,73,73)
w(20,5,4,74,74)
w(21,5,4,75,75)
w(30,3,4,76,76)
w(51,2,4,77,77)
w(2,25,4,78,78)
w(1,37,4,79,79)
r(32,5,4,80,80)
w(0,85,4,81,81)
w(2,26,4,82,82)
w(64,2,4,83,83)
w(2,27,4,84,84)
w(16,4,4,85,85)
w(29,4,4,86,86)
r(23,3,4,87,87)
r(26,2,4,88,88)
w(45,5,4,89,89)
w(39,2,4,90,90)
w(26,3,4,91,91)
w(0,86,4,92,92)
w(1,38,4,93,93)
w(1,39,4,94,94)
w(2,28,4,95,95)
r(5,13,4,96,96)
w(32,6,4,97,97)
w(88,1,4,98,98)
w(6,16,4,99,99)
