r(75,0,0,0,0)
r(175,0,0,1,1)
r(624,0,0,2,2)
r(6,0,0,3,3)
r(333,0,0,4,4)
r(374,0,0,5,5)
r(497,0,0,6,6)
r(562,0,0,7,7)
r(19,0,0,8,8)
w(106,1,0,9,9)
r(435,0,0,10,10)
r(398,0,0,11,11)
r(169,0,0,12,12)
r(0,0,0,13,13)
r(30,0,0,14,14)
r(1,0,0,15,15)
r(51,0,0,16,16)
r(494,0,0,17,17)
r(64,0,0,18,18)
r(43,0,0,19,19)
w(59,1,0,20,20)
r(30,0,0,21,21)
r(0,0,0,22,22)
r(898,0,0,23,23)
r(14,0,0,24,24)
r(360,0,0,25,25)
r(0,0,0,26,26)
r(1,0,0,27,27)
r(101,0,0,28,28)
r(803,0,0,29,29)
r(4,0,0,30,30)
r(7,0,0,31,31)
r(4,0,0,32,32)
r(0,0,0,33,33)
r(22,0,0,34,34)
w(0,1,0,35,35)
r(428,0,0,36,36)
r(2,0,0,37,37)
w(56,1,0,38,38)
r(0,1,0,39,39)
r(0,1,0,40,40)
r(0,1,0,41,41)
r(307,0,0,42,42)
r(5,0,0,43,43)
r(0,1,0,44,44)
w(7,1,0,45,45)
r(80,0,0,46,46)
r(70,0,0,47,47)
r(16,0,0,48,48)
r(33,0,0,49,49)
r(74,0,0,50,50)
r(90,0,0,51,51)
r(3,0,0,52,52)
r(6,0,0,53,53)
r(247,0,0,54,54)
r(643,0,0,55,55)
r(8,0,0,56,56)
r(398,0,0,57,57)
r(24,0,0,58,58)
r(45,0,0,59,59)
r(149,0,0,60,60)
r(35,0,0,61,61)
w(195,1,0,62,62)
w(60,1,0,63,63)
r(86,0,0,64,64)
r(945,0,0,65,65)
r(4,0,0,66,66)
w(919,1,0,67,67)
w(63,1,0,68,68)
r(19,0,0,69,69)
w(25,1,0,70,70)
r(0,1,0,71,71)
r(846,0,0,72,72)
r(128,0,0,73,73)
r(65,0,0,74,74)
r(4,0,0,75,75)
r(35,0,0,76,76)
r(5,0,0,77,77)
r(36,0,0,78,78)
r(23,0,0,79,79)
r(13,0,0,80,80)
r(1,0,0,81,81)
r(1,0,0,82,82)
r(1,0,0,83,83)
r(13,0,0,84,84)
r(1,0,0,85,85)
r(7,1,0,86,86)
r(0,1,0,87,87)
r(1,0,0,88,88)
r(12,0,0,89,89)
r(12,0,0,90,90)
r(1,0,0,91,91)
r(10,0,0,92,92)
r(567,0,0,93,93)
r(903,0,0,94,94)
r(298,0,0,95,95)
r(960,0,0,96,96)
r(4,0,0,97,97)
r(43,0,0,98,98)
r(45,0,0,99,99)
r(2,0,0,100,100)
r(41,0,0,101,101)
r(3,0,0,102,102)
r(0,1,0,103,103)
r(148,0,0,104,104)
r(34,0,0,105,105)
r(27,0,0,106,106)
w(13,1,0,107,107)
w(74,1,0,108,108)
r(693,0,0,109,109)
r(312,0,0,110,110)
r(11,0,0,111,111)
r(75,0,0,112,112)
r(243,0,0,113,113)
w(18,1,0,114,114)
r(1,0,0,115,115)
r(3,0,0,116,116)
w(155,1,0,117,117)
r(0,1,0,118,118)
r(5,0,0,119,119)
r(82,0,0,120,120)
r(95,0,0,121,121)
r(386,0,0,122,122)
r(2,0,0,123,123)
r(6,0,0,124,124)
r(28,0,0,125,125)
w(9,1,0,126,126)
r(17,0,0,127,127)
w(0,2,0,128,128)
r(8,0,0,129,129)
r(512,0,0,130,130)
r(41,0,0,131,131)
r(8,0,0,132,132)
r(0,2,0,133,133)
r(45,0,0,134,134)
r(13,1,0,135,135)
r(3,0,0,136,136)
r(19,0,0,137,137)
r(14,0,0,138,138)
r(0,2,0,139,139)
r(25,1,0,140,140)
r(132,0,0,141,141)
r(861,0,0,142,142)
r(75,0,0,143,143)
r(463,0,0,144,144)
r(7,1,0,145,145)
r(2,0,0,146,146)
w(2,1,0,147,147)
r(0,2,0,148,148)
r(61,0,0,149,149)
r(41,0,0,150,150)
r(219,0,0,151,151)
r(82,0,0,152,152)
r(0,2,0,153,153)
r(195,1,0,154,154)
r(172,0,0,155,155)
r(1,0,0,156,156)
r(123,0,0,157,157)
r(9,1,0,158,158)
r(26,0,0,159,159)
r(67,0,0,160,160)
r(4,0,0,161,161)
r(2,1,0,162,162)
r(78,0,0,163,163)
r(202,0,0,164,164)
r(692,0,0,165,165)
r(0,2,0,166,166)
r(0,2,0,167,167)
r(5,0,0,168,168)
r(205,0,0,169,169)
r(1,0,0,170,170)
w(104,1,0,171,171)
r(41,0,0,172,172)
w(59,2,0,173,173)
r(2,1,0,174,174)
w(6,1,0,175,175)
r(270,0,0,176,176)
r(311,0,0,177,177)
r(102,0,0,178,178)
r(1,0,0,179,179)
r(8,0,0,180,180)
r(24,0,0,181,181)
r(0,2,0,182,182)
r(780,0,0,183,183)
w(12,1,0,184,184)
r(6,1,0,185,185)
r(788,0,0,186,186)
r(1,0,0,187,187)
w(0,3,0,188,188)
w(16,1,0,189,189)
r(2,1,0,190,190)
r(332,0,0,191,191)
w(3,1,0,192,192)
r(85,0,0,193,193)
r(265,0,0,194,194)
r(248,0,0,195,195)
r(63,1,0,196,196)
r(118,0,0,197,197)
r(155,1,0,198,198)
r(602,0,0,199,199)
r(14,0,1,0,0)
r(0,3,1,1,1)
r(143,0,1,2,2)
r(271,0,1,3,3)
r(6,1,1,4,4)
r(12,1,1,5,5)
r(0,3,1,6,6)
r(42,0,1,7,7)
r(0,3,1,8,8)
r(1,0,1,9,9)
r(541,0,1,10,10)
r(514,0,1,11,11)
r(376,0,1,12,12)
r(145,0,1,13,13)
r(0,3,1,14,14)
r(1,0,1,15,15)
r(117,0,1,16,16)
r(3,1,1,17,17)
r(411,0,1,18,18)
r(18,1,1,19,19)
r(443,0,1,20,20)
r(900,0,1,21,21)
r(0,3,1,22,22)
r(247,0,1,23,23)
r(611,0,1,24,24)
r(46,0,1,25,25)
r(221,0,1,26,26)
r(23,0,1,27,27)
r(32,0,1,28,28)
r(486,0,1,29,29)
r(4,0,1,30,30)
r(535,0,1,31,31)
r(416,0,1,32,32)
r(2,1,1,33,33)
r(795,0,1,34,34)
r(2,1,1,35,35)
r(11,0,1,36,36)
r(0,3,1,37,37)
r(314,0,1,38,38)
r(24,0,1,39,39)
r(0,3,1,40,40)
r(0,3,1,41,41)
r(0,3,1,42,42)
w(0,4,1,43,43)
r(0,4,1,44,44)
r(11,0,1,45,45)
r(677,0,1,46,46)
r(70,0,1,47,47)
r(13,1,1,48,48)
w(3,2,1,49,49)
r(0,4,1,50,50)
r(53,0,1,51,51)
r(3,2,1,52,52)
r(1,0,1,53,53)
r(23,0,1,54,54)
r(130,0,1,55,55)
r(116,0,1,56,56)
r(95,0,1,57,57)
r(15,0,1,58,58)
r(3,2,1,59,59)
r(319,0,1,60,60)
r(181,0,1,61,61)
w(3,3,1,62,62)
r(3,3,1,63,63)
w(103,1,1,64,64)
r(8,0,1,65,65)
r(93,0,1,66,66)
r(813,0,1,67,67)
r(214,0,1,68,68)
w(0,5,1,69,69)
r(1,0,1,70,70)
r(0,5,1,71,71)
r(3,3,1,72,72)
r(10,0,1,73,73)
r(10,0,1,74,74)
r(73,0,1,75,75)
w(0,6,1,76,76)
w(3,4,1,77,77)
r(2,1,1,78,78)
r(23,0,1,79,79)
r(7,1,1,80,80)
r(349,0,1,81,81)
r(992,0,1,82,82)
w(1,1,1,83,83)
w(514,1,1,84,84)
r(5,0,1,85,85)
r(848,0,1,86,86)
w(3,5,1,87,87)
r(54,0,1,88,88)
r(107,0,1,89,89)
r(0,6,1,90,90)
r(1,1,1,91,91)
w(108,1,1,92,92)
r(138,0,1,93,93)
r(465,0,1,94,94)
r(295,0,1,95,95)
r(0,6,1,96,96)
r(0,6,1,97,97)
r(6,1,1,98,98)
r(2,1,1,99,99)
r(100,0,1,100,100)
r(4,0,1,101,101)
r(3,5,1,102,102)
r(222,0,1,103,103)
r(1,1,1,104,104)
r(49,0,1,105,105)
r(12,1,1,106,106)
r(14,0,1,107,107)
r(393,0,1,108,108)
r(4,0,1,109,109)
r(5,0,1,110,110)
r(0,6,1,111,111)
r(752,0,1,112,112)
r(1,1,1,113,113)
r(641,0,1,114,114)
r(3,5,1,115,115)
r(15,0,1,116,116)
r(17,0,1,117,117)
w(244,1,1,118,118)
r(51,0,1,119,119)
r(28,0,1,120,120)
r(5,0,1,121,121)
r(1,1,1,122,122)
r(112,0,1,123,123)
w(179,1,1,124,124)
w(33,1,1,125,125)
r(13,1,1,126,126)
r(0,6,1,127,127)
r(18,1,1,128,128)
r(6,1,1,129,129)
r(0,6,1,130,130)
r(0,6,1,131,131)
r(49,0,1,132,132)
r(899,0,1,133,133)
r(6,1,1,134,134)
r(174,0,1,135,135)
w(1,2,1,136,136)
r(61,0,1,137,137)
r(49,0,1,138,138)
r(25,1,1,139,139)
r(2,1,1,140,140)
r(48,0,1,141,141)
r(158,0,1,142,142)
r(11,0,1,143,143)
r(436,0,1,144,144)
w(0,7,1,145,145)
r(90,0,1,146,146)
r(5,0,1,147,147)
r(0,7,1,148,148)
r(10,0,1,149,149)
r(2,1,1,150,150)
r(0,7,1,151,151)
r(563,0,1,152,152)
r(197,0,1,153,153)
r(8,0,1,154,154)
r(1,2,1,155,155)
w(22,1,1,156,156)
r(21,0,1,157,157)
r(36,0,1,158,158)
r(0,7,1,159,159)
r(167,0,1,160,160)
r(24,0,1,161,161)
r(42,0,1,162,162)
r(1,2,1,163,163)
r(156,0,1,164,164)
r(4,0,1,165,165)
r(881,0,1,166,166)
r(4,0,1,167,167)
r(5,0,1,168,168)
r(40,0,1,169,169)
r(7,1,1,170,170)
r(0,7,1,171,171)
r(741,0,1,172,172)
r(662,0,1,173,173)
r(1,2,1,174,174)
w(0,8,1,175,175)
r(34,0,1,176,176)
r(25,1,1,177,177)
r(101,0,1,178,178)
r(7,1,1,179,179)
r(20,0,1,180,180)
r(0,8,1,181,181)
r(5,0,1,182,182)
r(88,0,1,183,183)
r(71,0,1,184,184)
r(42,0,1,185,185)
r(49,0,1,186,186)
r(1,2,1,187,187)
r(57,0,1,188,188)
r(110,0,1,189,189)
r(0,8,1,190,190)
r(3,5,1,191,191)
r(94,0,1,192,192)
r(6,1,1,193,193)
r(0,8,1,194,194)
r(0,8,1,195,195)
r(365,0,1,196,196)
r(9,1,1,197,197)
r(12,1,1,198,198)
r(8,0,1,199,199)
w(0,9,2,0,0)
r(235,0,2,1,1)
r(47,0,2,2,2)
r(3,5,2,3,3)
r(5,0,2,4,4)
r(119,0,2,5,5)
r(522,0,2,6,6)
r(226,0,2,7,7)
r(749,0,2,8,8)
r(3,5,2,9,9)
r(172,0,2,10,10)
r(8,0,2,11,11)
r(3,5,2,12,12)
r(48,0,2,13,13)
r(23,0,2,14,14)
r(17,0,2,15,15)
r(1,2,2,16,16)
r(35,0,2,17,17)
r(0,9,2,18,18)
r(0,9,2,19,19)
r(70,0,2,20,20)
r(4,0,2,21,21)
r(2,1,2,22,22)
r(10,0,2,23,23)
r(358,0,2,24,24)
r(61,0,2,25,25)
r(553,0,2,26,26)
r(1,2,2,27,27)
r(2,1,2,28,28)
w(343,1,2,29,29)
r(311,0,2,30,30)
r(267,0,2,31,31)
r(42,0,2,32,32)
w(37,1,2,33,33)
r(36,0,2,34,34)
r(160,0,2,35,35)
r(0,9,2,36,36)
r(506,0,2,37,37)
r(4,0,2,38,38)
r(666,0,2,39,39)
r(0,9,2,40,40)
r(122,0,2,41,41)
r(70,0,2,42,42)
r(4,0,2,43,43)
r(0,9,2,44,44)
r(1,2,2,45,45)
r(2,1,2,46,46)
r(22,1,2,47,47)
r(0,9,2,48,48)
r(632,0,2,49,49)
r(29,0,2,50,50)
r(694,0,2,51,51)
r(3,5,2,52,52)
w(450,1,2,53,53)
r(290,0,2,54,54)
r(6,1,2,55,55)
r(139,0,2,56,56)
r(0,9,2,57,57)
r(13,1,2,58,58)
r(236,0,2,59,59)
r(5,0,2,60,60)
r(1,2,2,61,61)
w(466,1,2,62,62)
r(883,0,2,63,63)
r(10,0,2,64,64)
w(25,2,2,65,65)
r(379,0,2,66,66)
r(11,0,2,67,67)
r(25,2,2,68,68)
r(4,0,2,69,69)
r(57,0,2,70,70)
r(28,0,2,71,71)
r(44,0,2,72,72)
w(14,1,2,73,73)
r(1,2,2,74,74)
r(7,1,2,75,75)
r(115,0,2,76,76)
r(318,0,2,77,77)
r(10,0,2,78,78)
r(8,0,2,79,79)
r(1,2,2,80,80)
r(8,0,2,81,81)
r(205,0,2,82,82)
r(4,0,2,83,83)
r(66,0,2,84,84)
w(18,2,2,85,85)
r(51,0,2,86,86)
r(0,9,2,87,87)
r(0,9,2,88,88)
r(0,9,2,89,89)
r(248,0,2,90,90)
r(884,0,2,91,91)
r(214,0,2,92,92)
r(8,0,2,93,93)
w(316,1,2,94,94)
r(190,0,2,95,95)
r(7,1,2,96,96)
r(191,0,2,97,97)
r(40,0,2,98,98)
r(0,9,2,99,99)
r(20,0,2,100,100)
r(62,0,2,101,101)
r(1,2,2,102,102)
r(2,1,2,103,103)
r(0,9,2,104,104)
r(0,9,2,105,105)
w(10,1,2,106,106)
r(896,0,2,107,107)
r(0,9,2,108,108)
r(111,0,2,109,109)
r(167,0,2,110,110)
r(35,0,2,111,111)
r(27,0,2,112,112)
r(28,0,2,113,113)
r(0,9,2,114,114)
r(0,9,2,115,115)
r(162,0,2,116,116)
w(4,1,2,117,117)
r(0,9,2,118,118)
r(46,0,2,119,119)
r(629,0,2,120,120)
r(18,2,2,121,121)
r(33,1,2,122,122)
r(48,0,2,123,123)
r(181,0,2,124,124)
r(4,1,2,125,125)
w(33,2,2,126,126)
r(33,2,2,127,127)
r(34,0,2,128,128)
r(16,1,2,129,129)
r(306,0,2,130,130)
r(41,0,2,131,131)
r(29,0,2,132,132)
r(8,0,2,133,133)
r(17,0,2,134,134)
r(0,9,2,135,135)
r(5,0,2,136,136)
r(751,0,2,137,137)
r(0,9,2,138,138)
r(15,0,2,139,139)
r(229,0,2,140,140)
r(163,0,2,141,141)
w(13,2,2,142,142)
r(157,0,2,143,143)
r(21,0,2,144,144)
w(18,3,2,145,145)
r(914,0,2,146,146)
r(239,0,2,147,147)
r(1,2,2,148,148)
r(737,0,2,149,149)
r(800,0,2,150,150)
r(2,1,2,151,151)
r(0,9,2,152,152)
r(27,0,2,153,153)
r(389,0,2,154,154)
r(861,0,2,155,155)
r(462,0,2,156,156)
r(1,2,2,157,157)
r(0,9,2,158,158)
r(66,0,2,159,159)
r(288,0,2,160,160)
r(77,0,2,161,161)
r(168,0,2,162,162)
r(663,0,2,163,163)
r(168,0,2,164,164)
r(974,0,2,165,165)
w(47,1,2,166,166)
r(4,1,2,167,167)
r(202,0,2,168,168)
w(9,2,2,169,169)
r(0,9,2,170,170)
w(10,2,2,171,171)
r(10,2,2,172,172)
r(0,9,2,173,173)
r(2,1,2,174,174)
r(1,2,2,175,175)
r(4,1,2,176,176)
r(3,5,2,177,177)
r(369,0,2,178,178)
r(472,0,2,179,179)
r(0,9,2,180,180)
r(30,0,2,181,181)
r(11,0,2,182,182)
r(144,0,2,183,183)
w(30,1,2,184,184)
r(2,1,2,185,185)
r(70,0,2,186,186)
r(362,0,2,187,187)
r(154,0,2,188,188)
r(284,0,2,189,189)
r(1,2,2,190,190)
r(7,1,2,191,191)
r(1,2,2,192,192)
w(21,1,2,193,193)
r(36,0,2,194,194)
r(7,1,2,195,195)
r(206,0,2,196,196)
r(83,0,2,197,197)
w(0,10,2,198,198)
r(15,0,2,199,199)
r(1,2,3,0,0)
r(25,2,3,1,1)
r(55,0,3,2,2)
r(77,0,3,3,3)
r(0,10,3,4,4)
r(514,1,3,5,5)
r(3,5,3,6,6)
r(262,0,3,7,7)
r(0,10,3,8,8)
r(18,3,3,9,9)
r(0,10,3,10,10)
r(2,1,3,11,11)
r(59,2,3,12,12)
w(252,1,3,13,13)
r(18,3,3,14,14)
w(154,1,3,15,15)
r(148,0,3,16,16)
r(386,0,3,17,17)
r(5,0,3,18,18)
r(712,0,3,19,19)
w(549,1,3,20,20)
r(22,1,3,21,21)
r(664,0,3,22,22)
r(13,2,3,23,23)
w(516,1,3,24,24)
r(510,0,3,25,25)
r(236,0,3,26,26)
r(2,1,3,27,27)
r(11,0,3,28,28)
r(9,2,3,29,29)
r(11,0,3,30,30)
r(4,1,3,31,31)
r(0,10,3,32,32)
w(2,2,3,33,33)
r(204,0,3,34,34)
r(2,2,3,35,35)
w(495,1,3,36,36)
r(25,2,3,37,37)
r(17,0,3,38,38)
r(473,0,3,39,39)
r(25,2,3,40,40)
w(196,1,3,41,41)
r(13,2,3,42,42)
r(534,0,3,43,43)
r(6,1,3,44,44)
w(0,11,3,45,45)
w(48,1,3,46,46)
r(91,0,3,47,47)
r(5,0,3,48,48)
r(833,0,3,49,49)
r(50,0,3,50,50)
r(0,11,3,51,51)
r(16,1,3,52,52)
r(480,0,3,53,53)
w(4,2,3,54,54)
r(19,0,3,55,55)
r(871,0,3,56,56)
r(0,11,3,57,57)
r(218,0,3,58,58)
r(250,0,3,59,59)
r(71,0,3,60,60)
r(195,1,3,61,61)
r(17,0,3,62,62)
r(0,11,3,63,63)
r(695,0,3,64,64)
r(23,0,3,65,65)
r(155,1,3,66,66)
r(709,0,3,67,67)
r(8,0,3,68,68)
r(551,0,3,69,69)
r(85,0,3,70,70)
r(2,2,3,71,71)
r(33,2,3,72,72)
r(9,2,3,73,73)
r(7,1,3,74,74)
r(5,0,3,75,75)
w(43,1,3,76,76)
r(4,2,3,77,77)
r(53,0,3,78,78)
r(18,3,3,79,79)
r(469,0,3,80,80)
r(3,5,3,81,81)
r(163,0,3,82,82)
r(0,11,3,83,83)
r(1,2,3,84,84)
w(106,2,3,85,85)
r(163,0,3,86,86)
r(5,0,3,87,87)
r(715,0,3,88,88)
r(146,0,3,89,89)
r(156,0,3,90,90)
r(13,2,3,91,91)
r(3,5,3,92,92)
r(73,0,3,93,93)
r(510,0,3,94,94)
r(51,0,3,95,95)
r(187,0,3,96,96)
r(92,0,3,97,97)
r(300,0,3,98,98)
r(25,2,3,99,99)
r(150,0,3,100,100)
r(98,0,3,101,101)
r(87,0,3,102,102)
r(7,1,3,103,103)
r(2,2,3,104,104)
r(15,0,3,105,105)
r(38,0,3,106,106)
r(29,0,3,107,107)
r(19,0,3,108,108)
r(10,2,3,109,109)
r(14,1,3,110,110)
r(0,11,3,111,111)
r(0,11,3,112,112)
r(3,5,3,113,113)
r(0,11,3,114,114)
r(2,2,3,115,115)
r(578,0,3,116,116)
r(4,2,3,117,117)
r(4,2,3,118,118)
r(5,0,3,119,119)
r(10,2,3,120,120)
r(7,1,3,121,121)
r(0,11,3,122,122)
w(3,6,3,123,123)
r(8,0,3,124,124)
r(405,0,3,125,125)
r(67,0,3,126,126)
r(0,11,3,127,127)
r(3,6,3,128,128)
r(18,3,3,129,129)
r(727,0,3,130,130)
r(40,0,3,131,131)
r(694,0,3,132,132)
r(73,0,3,133,133)
r(14,1,3,134,134)
r(0,11,3,135,135)
r(2,2,3,136,136)
r(19,0,3,137,137)
r(65,0,3,138,138)
r(54,0,3,139,139)
r(6,1,3,140,140)
r(50,0,3,141,141)
r(20,0,3,142,142)
w(0,12,3,143,143)
r(12,1,3,144,144)
w(2,3,3,145,145)
r(10,2,3,146,146)
r(4,2,3,147,147)
r(31,0,3,148,148)
r(0,12,3,149,149)
r(375,0,3,150,150)
r(39,0,3,151,151)
r(4,2,3,152,152)
r(0,12,3,153,153)
r(12,1,3,154,154)
r(0,12,3,155,155)
r(23,0,3,156,156)
r(8,0,3,157,157)
r(724,0,3,158,158)
r(22,1,3,159,159)
r(119,0,3,160,160)
r(0,12,3,161,161)
w(8,1,3,162,162)
r(19,0,3,163,163)
r(1,2,3,164,164)
r(112,0,3,165,165)
r(182,0,3,166,166)
r(2,3,3,167,167)
r(30,1,3,168,168)
r(18,3,3,169,169)
r(9,2,3,170,170)
r(2,3,3,171,171)
r(214,0,3,172,172)
r(400,0,3,173,173)
r(559,0,3,174,174)
r(2,3,3,175,175)
r(24,0,3,176,176)
r(478,0,3,177,177)
r(658,0,3,178,178)
r(176,0,3,179,179)
r(41,0,3,180,180)
r(9,2,3,181,181)
r(63,1,3,182,182)
r(2,3,3,183,183)
r(328,0,3,184,184)
r(16,1,3,185,185)
r(332,0,3,186,186)
r(264,0,3,187,187)
r(391,0,3,188,188)
r(2,3,3,189,189)
r(660,0,3,190,190)
r(105,0,3,191,191)
r(32,0,3,192,192)
r(124,0,3,193,193)
r(1,2,3,194,194)
r(52,0,3,195,195)
r(11,0,3,196,196)
r(4,2,3,197,197)
r(6,1,3,198,198)
w(16,2,3,199,199)
r(65,0,4,0,0)
r(1,2,4,1,1)
r(2,3,4,2,2)
r(59,2,4,3,3)
r(0,12,4,4,4)
r(1,2,4,5,5)
r(922,0,4,6,6)
r(2,3,4,7,7)
r(2,3,4,8,8)
r(378,0,4,9,9)
r(464,0,4,10,10)
r(831,0,4,11,11)
r(12,1,4,12,12)
r(0,12,4,13,13)
r(2,3,4,14,14)
r(3,6,4,15,15)
r(0,12,4,16,16)
r(176,0,4,17,17)
r(0,12,4,18,18)
r(13,2,4,19,19)
r(413,0,4,20,20)
r(277,0,4,21,21)
r(5,0,4,22,22)
r(2,3,4,23,23)
w(45,1,4,24,24)
r(99,0,4,25,25)
r(625,0,4,26,26)
r(9,2,4,27,27)
w(53,1,4,28,28)
r(0,12,4,29,29)
r(460,0,4,30,30)
r(333,0,4,31,31)
r(4,2,4,32,32)
r(3,6,4,33,33)
w(433,1,4,34,34)
r(734,0,4,35,35)
r(72,0,4,36,36)
r(127,0,4,37,37)
w(0,13,4,38,38)
r(1,2,4,39,39)
r(20,0,4,40,40)
r(2,3,4,41,41)
r(17,0,4,42,42)
w(0,14,4,43,43)
r(4,2,4,44,44)
r(1,2,4,45,45)
r(29,0,4,46,46)
r(5,0,4,47,47)
r(73,0,4,48,48)
r(148,0,4,49,49)
r(416,0,4,50,50)
r(145,0,4,51,51)
r(2,3,4,52,52)
r(13,2,4,53,53)
w(445,1,4,54,54)
r(1,2,4,55,55)
r(357,0,4,56,56)
r(76,0,4,57,57)
r(47,1,4,58,58)
r(63,1,4,59,59)
r(0,14,4,60,60)
r(123,0,4,61,61)
w(146,1,4,62,62)
r(35,0,4,63,63)
r(12,1,4,64,64)
r(30,1,4,65,65)
r(191,0,4,66,66)
r(13,2,4,67,67)
r(1,2,4,68,68)
w(955,1,4,69,69)
r(0,14,4,70,70)
r(0,14,4,71,71)
r(178,0,4,72,72)
r(551,0,4,73,73)
r(70,0,4,74,74)
r(40,0,4,75,75)
w(143,1,4,76,76)
r(1,2,4,77,77)
r(0,14,4,78,78)
r(4,2,4,79,79)
w(46,1,4,80,80)
r(1,2,4,81,81)
w(973,1,4,82,82)
r(53,1,4,83,83)
r(39,0,4,84,84)
r(0,14,4,85,85)
r(2,3,4,86,86)
r(0,14,4,87,87)
r(0,14,4,88,88)
r(735,0,4,89,89)
r(25,2,4,90,90)
r(16,2,4,91,91)
r(0,14,4,92,92)
r(640,0,4,93,93)
r(273,0,4,94,94)
r(15,0,4,95,95)
r(0,14,4,96,96)
r(28,0,4,97,97)
r(608,0,4,98,98)
r(6,1,4,99,99)
r(2,3,4,100,100)
w(6,2,4,101,101)
w(113,1,4,102,102)
r(27,0,4,103,103)
r(412,0,4,104,104)
r(0,14,4,105,105)
r(88,0,4,106,106)
r(126,0,4,107,107)
r(0,14,4,108,108)
r(0,14,4,109,109)
r(0,14,4,110,110)
r(629,0,4,111,111)
r(3,6,4,112,112)
r(57,0,4,113,113)
w(4,3,4,114,114)
r(821,0,4,115,115)
r(42,0,4,116,116)
r(2,3,4,117,117)
r(0,14,4,118,118)
r(14,1,4,119,119)
r(531,0,4,120,120)
r(33,2,4,121,121)
r(123,0,4,122,122)
r(172,0,4,123,123)
r(0,14,4,124,124)
r(134,0,4,125,125)
r(23,0,4,126,126)
r(182,0,4,127,127)
r(0,14,4,128,128)
r(640,0,4,129,129)
r(18,3,4,130,130)
r(283,0,4,131,131)
w(1,3,4,132,132)
r(37,1,4,133,133)
r(9,2,4,134,134)
w(2,4,4,135,135)
r(5,0,4,136,136)
w(80,1,4,137,137)
r(24,0,4,138,138)
r(4,3,4,139,139)
w(448,1,4,140,140)
r(6,2,4,141,141)
r(930,0,4,142,142)
w(83,1,4,143,143)
r(10,2,4,144,144)
r(602,0,4,145,145)
r(335,0,4,146,146)
r(147,0,4,147,147)
r(50,0,4,148,148)
r(611,0,4,149,149)
r(39,0,4,150,150)
r(2,4,4,151,151)
r(10,2,4,152,152)
r(90,0,4,153,153)
r(1,3,4,154,154)
r(1,3,4,155,155)
r(10,2,4,156,156)
r(0,14,4,157,157)
r(164,0,4,158,158)
r(917,0,4,159,159)
r(214,0,4,160,160)
w(28,1,4,161,161)
r(679,0,4,162,162)
r(80,1,4,163,163)
r(47,1,4,164,164)
r(0,14,4,165,165)
w(20,1,4,166,166)
r(0,14,4,167,167)
r(7,1,4,168,168)
r(409,0,4,169,169)
r(1,3,4,170,170)
w(710,1,4,171,171)
r(13,2,4,172,172)
r(1,3,4,173,173)
r(3,6,4,174,174)
r(0,14,4,175,175)
r(2,4,4,176,176)
r(51,0,4,177,177)
r(0,14,4,178,178)
r(183,0,4,179,179)
r(108,1,4,180,180)
r(3,6,4,181,181)
r(33,2,4,182,182)
r(17,0,4,183,183)
r(2,4,4,184,184)
r(91,0,4,185,185)
r(668,0,4,186,186)
r(150,0,4,187,187)
r(580,0,4,188,188)
r(47,1,4,189,189)
r(251,0,4,190,190)
r(0,14,4,191,191)
r(160,0,4,192,192)
r(436,0,4,193,193)
r(3,6,4,194,194)
r(0,14,4,195,195)
r(7,1,4,196,196)
r(11,0,4,197,197)
r(2,4,4,198,198)
r(1,3,4,199,199)
r(2,4,5,0,0)
r(8,1,5,1,1)
r(663,0,5,2,2)
r(546,0,5,3,3)
r(1,3,5,4,4)
r(421,0,5,5,5)
w(38,1,5,6,6)
r(80,1,5,7,7)
r(15,0,5,8,8)
r(56,1,5,9,9)
r(10,2,5,10,10)
r(13,2,5,11,11)
r(10,2,5,12,12)
r(492,0,5,13,13)
r(11,0,5,14,14)
r(1,3,5,15,15)
r(1,3,5,16,16)
r(305,0,5,17,17)
r(156,0,5,18,18)
r(0,14,5,19,19)
r(125,0,5,20,20)
r(0,14,5,21,21)
r(91,0,5,22,22)
r(117,0,5,23,23)
r(187,0,5,24,24)
r(122,0,5,25,25)
r(0,14,5,26,26)
r(360,0,5,27,27)
r(0,14,5,28,28)
r(0,14,5,29,29)
w(1,4,5,30,30)
r(0,14,5,31,31)
r(59,2,5,32,32)
r(15,0,5,33,33)
r(954,0,5,34,34)
r(835,0,5,35,35)
r(0,14,5,36,36)
r(75,0,5,37,37)
r(3,6,5,38,38)
r(0,14,5,39,39)
r(3,6,5,40,40)
r(726,0,5,41,41)
r(0,14,5,42,42)
r(123,0,5,43,43)
w(1,5,5,44,44)
r(38,1,5,45,45)
w(12,2,5,46,46)
r(0,14,5,47,47)
r(20,1,5,48,48)
r(71,0,5,49,49)
r(9,2,5,50,50)
r(95,0,5,51,51)
r(7,1,5,52,52)
r(31,0,5,53,53)
r(10,2,5,54,54)
r(19,0,5,55,55)
r(1,5,5,56,56)
r(164,0,5,57,57)
r(202,0,5,58,58)
r(0,14,5,59,59)
r(6,2,5,60,60)
r(368,0,5,61,61)
r(5,0,5,62,62)
r(750,0,5,63,63)
r(17,0,5,64,64)
r(146,1,5,65,65)
r(53,1,5,66,66)
r(90,0,5,67,67)
r(209,0,5,68,68)
r(70,0,5,69,69)
w(0,15,5,70,70)
r(8,1,5,71,71)
r(1,5,5,72,72)
w(0,16,5,73,73)
w(18,4,5,74,74)
r(3,6,5,75,75)
r(369,0,5,76,76)
r(0,16,5,77,77)
r(2,4,5,78,78)
w(318,1,5,79,79)
r(9,2,5,80,80)
r(807,0,5,81,81)
r(127,0,5,82,82)
w(0,17,5,83,83)
r(2,4,5,84,84)
r(0,17,5,85,85)
w(26,1,5,86,86)
r(1,5,5,87,87)
w(8,2,5,88,88)
r(657,0,5,89,89)
r(247,0,5,90,90)
r(3,6,5,91,91)
r(0,17,5,92,92)
r(0,17,5,93,93)
r(0,17,5,94,94)
r(0,17,5,95,95)
r(2,4,5,96,96)
r(16,2,5,97,97)
r(875,0,5,98,98)
r(918,0,5,99,99)
r(8,2,5,100,100)
w(16,3,5,101,101)
r(602,0,5,102,102)
r(588,0,5,103,103)
r(364,0,5,104,104)
r(538,0,5,105,105)
r(0,17,5,106,106)
r(0,17,5,107,107)
r(845,0,5,108,108)
r(18,4,5,109,109)
r(63,1,5,110,110)
r(7,1,5,111,111)
r(181,0,5,112,112)
r(14,1,5,113,113)
r(95,0,5,114,114)
r(6,2,5,115,115)
r(50,0,5,116,116)
r(4,3,5,117,117)
r(19,0,5,118,118)
r(24,0,5,119,119)
r(173,0,5,120,120)
r(1,5,5,121,121)
r(10,2,5,122,122)
r(0,17,5,123,123)
r(7,1,5,124,124)
w(26,2,5,125,125)
r(554,0,5,126,126)
r(1,5,5,127,127)
r(214,0,5,128,128)
r(1,5,5,129,129)
r(629,0,5,130,130)
r(9,2,5,131,131)
r(3,6,5,132,132)
r(57,0,5,133,133)
w(27,1,5,134,134)
r(20,1,5,135,135)
r(5,0,5,136,136)
r(62,0,5,137,137)
r(302,0,5,138,138)
r(1,5,5,139,139)
r(50,0,5,140,140)
r(0,17,5,141,141)
r(128,0,5,142,142)
r(112,0,5,143,143)
r(447,0,5,144,144)
r(1,5,5,145,145)
r(0,17,5,146,146)
r(14,1,5,147,147)
w(58,1,5,148,148)
r(61,0,5,149,149)
r(1,5,5,150,150)
r(310,0,5,151,151)
r(80,1,5,152,152)
r(16,3,5,153,153)
r(326,0,5,154,154)
r(710,1,5,155,155)
r(428,0,5,156,156)
w(0,18,5,157,157)
r(82,0,5,158,158)
r(1,5,5,159,159)
r(0,18,5,160,160)
r(60,1,5,161,161)
r(1,5,5,162,162)
r(503,0,5,163,163)
r(179,1,5,164,164)
r(859,0,5,165,165)
w(473,1,5,166,166)
r(1,5,5,167,167)
w(8,3,5,168,168)
r(7,1,5,169,169)
r(198,0,5,170,170)
r(23,0,5,171,171)
r(57,0,5,172,172)
r(599,0,5,173,173)
r(0,18,5,174,174)
w(170,1,5,175,175)
r(183,0,5,176,176)
r(5,0,5,177,177)
r(95,0,5,178,178)
r(8,3,5,179,179)
r(14,1,5,180,180)
r(0,18,5,181,181)
r(1,5,5,182,182)
r(2,4,5,183,183)
r(5,0,5,184,184)
w(69,1,5,185,185)
r(68,0,5,186,186)
r(26,2,5,187,187)
r(71,0,5,188,188)
r(46,1,5,189,189)
r(13,2,5,190,190)
w(45,2,5,191,191)
r(24,0,5,192,192)
r(1,5,5,193,193)
r(113,1,5,194,194)
r(22,1,5,195,195)
r(463,0,5,196,196)
r(154,1,5,197,197)
r(1,5,5,198,198)
r(6,2,5,199,199)
r(103,1,6,0,0)
r(701,0,6,1,1)
r(127,0,6,2,2)
r(47,1,6,3,3)
r(671,0,6,4,4)
w(363,1,6,5,5)
r(359,0,6,6,6)
w(53,2,6,7,7)
w(61,1,6,8,8)
r(161,0,6,9,9)
r(230,0,6,10,10)
r(8,3,6,11,11)
r(104,1,6,12,12)
r(1,5,6,13,13)
r(13,2,6,14,14)
w(0,19,6,15,15)
w(169,1,6,16,16)
r(161,0,6,17,17)
r(10,2,6,18,18)
r(3,6,6,19,19)
r(17,0,6,20,20)
r(1,5,6,21,21)
r(1,5,6,22,22)
r(42,0,6,23,23)
r(577,0,6,24,24)
r(32,0,6,25,25)
r(42,0,6,26,26)
r(690,0,6,27,27)
r(1,5,6,28,28)
r(1,5,6,29,29)
r(488,0,6,30,30)
r(3,6,6,31,31)
r(47,1,6,32,32)
w(15,1,6,33,33)
r(12,2,6,34,34)
r(7,1,6,35,35)
r(818,0,6,36,36)
r(3,6,6,37,37)
r(757,0,6,38,38)
r(0,19,6,39,39)
r(0,19,6,40,40)
r(134,0,6,41,41)
r(3,6,6,42,42)
r(0,19,6,43,43)
r(47,1,6,44,44)
w(8,4,6,45,45)
r(219,0,6,46,46)
r(0,19,6,47,47)
w(154,2,6,48,48)
r(0,19,6,49,49)
r(157,0,6,50,50)
r(54,0,6,51,51)
r(496,0,6,52,52)
r(1,5,6,53,53)
w(18,5,6,54,54)
r(15,1,6,55,55)
r(465,0,6,56,56)
r(6,2,6,57,57)
r(911,0,6,58,58)
r(0,19,6,59,59)
r(2,4,6,60,60)
r(80,1,6,61,61)
r(146,1,6,62,62)
r(849,0,6,63,63)
r(9,2,6,64,64)
r(14,1,6,65,65)
r(30,1,6,66,66)
r(0,19,6,67,67)
r(15,1,6,68,68)
r(17,0,6,69,69)
r(12,2,6,70,70)
r(0,19,6,71,71)
r(85,0,6,72,72)
r(0,19,6,73,73)
r(38,1,6,74,74)
r(275,0,6,75,75)
r(20,1,6,76,76)
r(413,0,6,77,77)
r(9,2,6,78,78)
r(0,19,6,79,79)
r(63,1,6,80,80)
r(945,0,6,81,81)
r(708,0,6,82,82)
r(0,19,6,83,83)
r(125,0,6,84,84)
r(11,0,6,85,85)
r(44,0,6,86,86)
r(71,0,6,87,87)
r(74,1,6,88,88)
r(557,0,6,89,89)
w(4,4,6,90,90)
r(1,5,6,91,91)
r(16,3,6,92,92)
r(915,0,6,93,93)
r(0,19,6,94,94)
r(1,5,6,95,95)
r(788,0,6,96,96)
r(144,0,6,97,97)
r(65,0,6,98,98)
r(0,19,6,99,99)
r(196,1,6,100,100)
w(4,5,6,101,101)
r(123,0,6,102,102)
r(28,1,6,103,103)
r(0,19,6,104,104)
w(12,3,6,105,105)
r(291,0,6,106,106)
r(4,5,6,107,107)
r(81,0,6,108,108)
r(3,6,6,109,109)
r(21,1,6,110,110)
r(623,0,6,111,111)
r(11,0,6,112,112)
r(1,5,6,113,113)
r(0,19,6,114,114)
r(0,19,6,115,115)
r(1,5,6,116,116)
r(174,0,6,117,117)
r(345,0,6,118,118)
r(2,4,6,119,119)
r(26,2,6,120,120)
r(186,0,6,121,121)
r(56,1,6,122,122)
r(14,1,6,123,123)
r(85,0,6,124,124)
w(108,2,6,125,125)
r(2,4,6,126,126)
r(498,0,6,127,127)
r(4,5,6,128,128)
r(0,19,6,129,129)
r(685,0,6,130,130)
r(189,0,6,131,131)
r(13,2,6,132,132)
r(140,0,6,133,133)
w(529,1,6,134,134)
w(243,1,6,135,135)
r(679,0,6,136,136)
r(247,0,6,137,137)
r(0,19,6,138,138)
r(408,0,6,139,139)
r(233,0,6,140,140)
r(2,4,6,141,141)
w(976,1,6,142,142)
r(8,4,6,143,143)
r(19,0,6,144,144)
r(14,1,6,145,145)
w(0,20,6,146,146)
r(0,20,6,147,147)
r(0,20,6,148,148)
r(282,0,6,149,149)
r(7,1,6,150,150)
r(27,1,6,151,151)
r(1,5,6,152,152)
r(35,0,6,153,153)
r(1,5,6,154,154)
r(189,0,6,155,155)
r(61,1,6,156,156)
r(9,2,6,157,157)
r(0,20,6,158,158)
r(714,0,6,159,159)
w(91,1,6,160,160)
r(34,0,6,161,161)
r(1,5,6,162,162)
r(102,0,6,163,163)
r(31,0,6,164,164)
r(0,20,6,165,165)
r(1,5,6,166,166)
r(105,0,6,167,167)
r(394,0,6,168,168)
w(124,1,6,169,169)
w(348,1,6,170,170)
r(0,20,6,171,171)
r(31,0,6,172,172)
w(286,1,6,173,173)
r(279,0,6,174,174)
r(105,0,6,175,175)
w(132,1,6,176,176)
r(5,0,6,177,177)
r(0,20,6,178,178)
r(35,0,6,179,179)
r(32,0,6,180,180)
r(226,0,6,181,181)
w(206,1,6,182,182)
r(359,0,6,183,183)
r(48,1,6,184,184)
r(6,2,6,185,185)
r(23,0,6,186,186)
r(1,5,6,187,187)
r(329,0,6,188,188)
r(688,0,6,189,189)
r(27,1,6,190,190)
r(945,0,6,191,191)
r(63,1,6,192,192)
r(482,0,6,193,193)
r(0,20,6,194,194)
r(143,1,6,195,195)
r(74,1,6,196,196)
r(0,20,6,197,197)
r(291,0,6,198,198)
r(1,5,6,199,199)
r(9,2,7,0,0)
r(57,0,7,1,1)
w(47,2,7,2,2)
r(170,1,7,3,3)
r(20,1,7,4,4)
r(7,1,7,5,5)
r(10,2,7,6,6)
w(121,1,7,7,7)
r(0,20,7,8,8)
r(905,0,7,9,9)
r(5,0,7,10,10)
r(0,20,7,11,11)
r(78,0,7,12,12)
w(695,1,7,13,13)
r(399,0,7,14,14)
r(268,0,7,15,15)
r(1,5,7,16,16)
r(109,0,7,17,17)
w(54,1,7,18,18)
r(1,5,7,19,19)
r(384,0,7,20,20)
r(319,0,7,21,21)
r(2,4,7,22,22)
r(8,4,7,23,23)
r(4,5,7,24,24)
r(0,20,7,25,25)
r(28,1,7,26,26)
r(0,20,7,27,27)
r(27,1,7,28,28)
r(7,1,7,29,29)
r(325,0,7,30,30)
r(7,1,7,31,31)
r(231,0,7,32,32)
r(192,0,7,33,33)
r(226,0,7,34,34)
r(74,1,7,35,35)
w(92,1,7,36,36)
r(1,5,7,37,37)
r(39,0,7,38,38)
w(28,2,7,39,39)
r(15,1,7,40,40)
w(10,3,7,41,41)
r(1,5,7,42,42)
r(2,4,7,43,43)
r(802,0,7,44,44)
r(58,1,7,45,45)
r(421,0,7,46,46)
r(1,5,7,47,47)
r(1,5,7,48,48)
r(99,0,7,49,49)
r(313,0,7,50,50)
w(0,21,7,51,51)
r(1,5,7,52,52)
w(0,22,7,53,53)
r(2,4,7,54,54)
r(5,0,7,55,55)
r(27,1,7,56,56)
r(16,3,7,57,57)
r(578,0,7,58,58)
r(3,6,7,59,59)
r(868,0,7,60,60)
r(7,1,7,61,61)
r(72,0,7,62,62)
r(3,6,7,63,63)
r(610,0,7,64,64)
r(891,0,7,65,65)
r(6,2,7,66,66)
r(0,22,7,67,67)
r(2,4,7,68,68)
r(3,6,7,69,69)
r(778,0,7,70,70)
r(0,22,7,71,71)
r(6,2,7,72,72)
w(9,3,7,73,73)
r(0,22,7,74,74)
r(0,22,7,75,75)
r(38,1,7,76,76)
r(198,0,7,77,77)
r(39,0,7,78,78)
r(435,0,7,79,79)
r(79,0,7,80,80)
w(880,1,7,81,81)
r(733,0,7,82,82)
r(4,5,7,83,83)
r(2,4,7,84,84)
r(4,5,7,85,85)
r(380,0,7,86,86)
w(18,6,7,87,87)
r(51,0,7,88,88)
r(104,1,7,89,89)
r(286,1,7,90,90)
r(546,0,7,91,91)
w(3,7,7,92,92)
r(101,0,7,93,93)
r(1,5,7,94,94)
r(50,0,7,95,95)
r(51,0,7,96,96)
r(1,5,7,97,97)
w(10,4,7,98,98)
r(0,22,7,99,99)
r(28,2,7,100,100)
r(3,7,7,101,101)
r(36,0,7,102,102)
r(546,0,7,103,103)
r(26,2,7,104,104)
r(832,0,7,105,105)
r(705,0,7,106,106)
r(284,0,7,107,107)
r(251,0,7,108,108)
r(5,0,7,109,109)
w(223,1,7,110,110)
r(113,1,7,111,111)
r(277,0,7,112,112)
r(7,1,7,113,113)
r(98,0,7,114,114)
r(580,0,7,115,115)
r(0,22,7,116,116)
r(62,0,7,117,117)
r(218,0,7,118,118)
r(142,0,7,119,119)
r(1,5,7,120,120)
r(79,0,7,121,121)
r(834,0,7,122,122)
r(0,22,7,123,123)
r(0,22,7,124,124)
r(4,5,7,125,125)
r(28,2,7,126,126)
r(3,7,7,127,127)
r(98,0,7,128,128)
r(0,22,7,129,129)
r(3,7,7,130,130)
w(190,1,7,131,131)
r(110,0,7,132,132)
r(27,1,7,133,133)
r(0,22,7,134,134)
r(10,4,7,135,135)
r(1,5,7,136,136)
r(23,0,7,137,137)
r(37,1,7,138,138)
r(372,0,7,139,139)
r(0,22,7,140,140)
r(311,0,7,141,141)
r(865,0,7,142,142)
r(348,1,7,143,143)
r(93,0,7,144,144)
r(0,22,7,145,145)
r(23,0,7,146,146)
r(189,0,7,147,147)
r(10,4,7,148,148)
r(4,5,7,149,149)
w(501,1,7,150,150)
w(4,6,7,151,151)
w(307,1,7,152,152)
r(71,0,7,153,153)
r(0,22,7,154,154)
r(21,1,7,155,155)
r(152,0,7,156,156)
r(0,22,7,157,157)
r(0,22,7,158,158)
r(6,2,7,159,159)
r(451,0,7,160,160)
r(0,22,7,161,161)
r(35,0,7,162,162)
r(9,3,7,163,163)
w(540,1,7,164,164)
r(17,0,7,165,165)
r(177,0,7,166,166)
r(11,0,7,167,167)
r(59,2,7,168,168)
r(428,0,7,169,169)
r(1,5,7,170,170)
r(6,2,7,171,171)
r(0,22,7,172,172)
r(5,0,7,173,173)
r(91,1,7,174,174)
r(36,0,7,175,175)
r(545,0,7,176,176)
r(16,3,7,177,177)
r(14,1,7,178,178)
r(10,4,7,179,179)
r(73,0,7,180,180)
r(2,4,7,181,181)
r(194,0,7,182,182)
r(194,0,7,183,183)
r(4,6,7,184,184)
r(120,0,7,185,185)
r(235,0,7,186,186)
r(2,4,7,187,187)
r(1,5,7,188,188)
r(0,22,7,189,189)
r(0,22,7,190,190)
r(3,7,7,191,191)
r(26,2,7,192,192)
r(2,4,7,193,193)
r(0,22,7,194,194)
r(5,0,7,195,195)
r(421,0,7,196,196)
r(866,0,7,197,197)
r(7,1,7,198,198)
w(56,2,7,199,199)
w(3,8,8,0,0)
w(0,23,8,1,1)
r(715,0,8,2,2)
r(13,2,8,3,3)
r(25,2,8,4,4)
r(40,0,8,5,5)
r(2,4,8,6,6)
r(37,1,8,7,7)
r(0,23,8,8,8)
r(2,4,8,9,9)
r(341,0,8,10,10)
r(0,23,8,11,11)
r(0,23,8,12,12)
r(18,6,8,13,13)
r(0,23,8,14,14)
r(31,0,8,15,15)
r(1,5,8,16,16)
r(1,5,8,17,17)
r(0,23,8,18,18)
r(74,1,8,19,19)
r(263,0,8,20,20)
r(51,0,8,21,21)
r(60,1,8,22,22)
r(0,23,8,23,23)
r(6,2,8,24,24)
r(29,0,8,25,25)
r(1,5,8,26,26)
w(7,2,8,27,27)
r(14,1,8,28,28)
w(27,2,8,29,29)
r(8,4,8,30,30)
r(0,23,8,31,31)
r(120,0,8,32,32)
r(116,0,8,33,33)
r(513,0,8,34,34)
r(605,0,8,35,35)
r(1,5,8,36,36)
r(8,4,8,37,37)
r(221,0,8,38,38)
w(55,1,8,39,39)
r(0,23,8,40,40)
r(0,23,8,41,41)
w(3,9,8,42,42)
w(0,24,8,43,43)
w(61,2,8,44,44)
r(0,24,8,45,45)
r(1,5,8,46,46)
w(41,1,8,47,47)
r(18,6,8,48,48)
r(291,0,8,49,49)
r(55,1,8,50,50)
r(15,1,8,51,51)
w(0,25,8,52,52)
r(7,2,8,53,53)
r(11,0,8,54,54)
r(298,0,8,55,55)
r(168,0,8,56,56)
r(3,9,8,57,57)
w(0,26,8,58,58)
r(1,5,8,59,59)
r(0,26,8,60,60)
r(649,0,8,61,61)
r(54,1,8,62,62)
r(0,26,8,63,63)
r(232,0,8,64,64)
r(0,26,8,65,65)
r(11,0,8,66,66)
r(75,0,8,67,67)
r(67,0,8,68,68)
r(0,26,8,69,69)
r(42,0,8,70,70)
r(79,0,8,71,71)
r(6,2,8,72,72)
w(0,27,8,73,73)
r(0,27,8,74,74)
w(4,7,8,75,75)
w(0,28,8,76,76)
r(39,0,8,77,77)
r(10,4,8,78,78)
r(0,28,8,79,79)
r(159,0,8,80,80)
r(919,1,8,81,81)
r(175,0,8,82,82)
r(2,4,8,83,83)
r(39,0,8,84,84)
r(393,0,8,85,85)
r(0,28,8,86,86)
r(0,28,8,87,87)
r(732,0,8,88,88)
r(5,0,8,89,89)
r(0,28,8,90,90)
r(583,0,8,91,91)
r(149,0,8,92,92)
w(0,29,8,93,93)
r(0,29,8,94,94)
r(187,0,8,95,95)
r(3,9,8,96,96)
r(112,0,8,97,97)
r(7,2,8,98,98)
r(16,3,8,99,99)
w(1,6,8,100,100)
r(292,0,8,101,101)
r(137,0,8,102,102)
r(598,0,8,103,103)
w(207,1,8,104,104)
r(414,0,8,105,105)
w(40,1,8,106,106)
r(4,7,8,107,107)
r(124,1,8,108,108)
r(19,0,8,109,109)
r(886,0,8,110,110)
r(7,2,8,111,111)
r(2,4,8,112,112)
r(9,3,8,113,113)
r(12,3,8,114,114)
r(43,1,8,115,115)
r(860,0,8,116,116)
r(100,0,8,117,117)
r(1,6,8,118,118)
r(72,0,8,119,119)
r(21,1,8,120,120)
w(0,30,8,121,121)
r(34,0,8,122,122)
r(1,6,8,123,123)
r(0,30,8,124,124)
r(16,3,8,125,125)
r(5,0,8,126,126)
r(14,1,8,127,127)
r(9,3,8,128,128)
r(2,4,8,129,129)
r(81,0,8,130,130)
w(2,5,8,131,131)
r(116,0,8,132,132)
r(57,0,8,133,133)
r(66,0,8,134,134)
r(15,1,8,135,135)
r(43,1,8,136,136)
r(9,3,8,137,137)
r(2,5,8,138,138)
w(6,3,8,139,139)
r(25,2,8,140,140)
r(46,1,8,141,141)
r(4,7,8,142,142)
r(6,3,8,143,143)
r(57,0,8,144,144)
r(206,1,8,145,145)
r(118,0,8,146,146)
w(101,1,8,147,147)
r(237,0,8,148,148)
r(125,0,8,149,149)
w(25,3,8,150,150)
r(45,2,8,151,151)
r(0,30,8,152,152)
r(1,6,8,153,153)
r(2,5,8,154,154)
r(0,30,8,155,155)
r(263,0,8,156,156)
r(76,0,8,157,157)
r(0,30,8,158,158)
r(2,5,8,159,159)
r(78,0,8,160,160)
r(6,3,8,161,161)
r(421,0,8,162,162)
r(217,0,8,163,163)
r(238,0,8,164,164)
w(91,2,8,165,165)
r(0,30,8,166,166)
r(6,3,8,167,167)
r(14,1,8,168,168)
r(36,0,8,169,169)
r(13,2,8,170,170)
w(4,8,8,171,171)
r(84,0,8,172,172)
r(231,0,8,173,173)
r(18,6,8,174,174)
r(8,4,8,175,175)
r(43,1,8,176,176)
r(71,0,8,177,177)
r(12,3,8,178,178)
w(0,31,8,179,179)
r(9,3,8,180,180)
r(787,0,8,181,181)
w(4,9,8,182,182)
r(29,0,8,183,183)
r(55,1,8,184,184)
r(73,0,8,185,185)
r(30,1,8,186,186)
w(5,1,8,187,187)
r(609,0,8,188,188)
r(740,0,8,189,189)
r(684,0,8,190,190)
r(2,5,8,191,191)
r(519,0,8,192,192)
w(6,4,8,193,193)
r(3,9,8,194,194)
r(4,9,8,195,195)
r(7,2,8,196,196)
r(148,0,8,197,197)
r(18,6,8,198,198)
r(111,0,8,199,199)
r(56,2,9,0,0)
r(653,0,9,1,1)
r(1,6,9,2,2)
r(869,0,9,3,3)
r(203,0,9,4,4)
r(3,9,9,5,5)
w(93,1,9,6,6)
r(0,31,9,7,7)
r(1,6,9,8,8)
r(533,0,9,9,9)
w(0,32,9,10,10)
r(1,6,9,11,11)
r(374,0,9,12,12)
r(3,9,9,13,13)
r(8,4,9,14,14)
r(47,2,9,15,15)
r(103,1,9,16,16)
r(1,6,9,17,17)
r(84,0,9,18,18)
r(2,5,9,19,19)
r(14,1,9,20,20)
r(1,6,9,21,21)
r(65,0,9,22,22)
r(14,1,9,23,23)
r(185,0,9,24,24)
r(185,0,9,25,25)
r(89,0,9,26,26)
r(9,3,9,27,27)
r(0,32,9,28,28)
r(33,2,9,29,29)
r(6,4,9,30,30)
r(1,6,9,31,31)
r(4,9,9,32,32)
r(0,32,9,33,33)
r(20,1,9,34,34)
r(6,4,9,35,35)
r(10,4,9,36,36)
r(0,32,9,37,37)
r(2,5,9,38,38)
r(3,9,9,39,39)
w(36,1,9,40,40)
r(8,4,9,41,41)
r(22,1,9,42,42)
r(1,6,9,43,43)
r(903,0,9,44,44)
r(352,0,9,45,45)
r(81,0,9,46,46)
r(137,0,9,47,47)
r(1,6,9,48,48)
r(310,0,9,49,49)
r(55,1,9,50,50)
r(43,1,9,51,51)
r(380,0,9,52,52)
r(30,1,9,53,53)
w(302,1,9,54,54)
r(41,1,9,55,55)
r(3,9,9,56,56)
r(587,0,9,57,57)
r(130,0,9,58,58)
r(0,32,9,59,59)
r(0,32,9,60,60)
r(852,0,9,61,61)
r(343,1,9,62,62)
r(90,0,9,63,63)
r(291,0,9,64,64)
r(2,5,9,65,65)
w(9,4,9,66,66)
r(40,1,9,67,67)
r(52,0,9,68,68)
r(59,2,9,69,69)
r(23,0,9,70,70)
r(32,0,9,71,71)
r(0,32,9,72,72)
r(19,0,9,73,73)
r(33,2,9,74,74)
w(92,2,9,75,75)
r(1,6,9,76,76)
r(58,1,9,77,77)
r(21,1,9,78,78)
r(14,1,9,79,79)
r(14,1,9,80,80)
r(755,0,9,81,81)
r(38,1,9,82,82)
r(1,6,9,83,83)
r(2,5,9,84,84)
r(402,0,9,85,85)
r(0,32,9,86,86)
r(7,2,9,87,87)
r(36,1,9,88,88)
r(38,1,9,89,89)
r(2,5,9,90,90)
r(12,3,9,91,91)
r(17,0,9,92,92)
r(163,0,9,93,93)
r(27,2,9,94,94)
r(3,9,9,95,95)
r(47,2,9,96,96)
r(7,2,9,97,97)
r(6,4,9,98,98)
r(136,0,9,99,99)
r(707,0,9,100,100)
r(7,2,9,101,101)
r(2,5,9,102,102)
r(58,1,9,103,103)
r(0,32,9,104,104)
r(119,0,9,105,105)
r(207,1,9,106,106)
r(6,4,9,107,107)
r(289,0,9,108,108)
r(212,0,9,109,109)
r(3,9,9,110,110)
r(4,9,9,111,111)
r(29,0,9,112,112)
r(1,6,9,113,113)
r(4,9,9,114,114)
r(156,0,9,115,115)
r(698,0,9,116,116)
r(0,32,9,117,117)
r(5,1,9,118,118)
r(3,9,9,119,119)
r(8,4,9,120,120)
r(6,4,9,121,121)
r(0,32,9,122,122)
r(4,9,9,123,123)
w(0,33,9,124,124)
r(17,0,9,125,125)
w(128,1,9,126,126)
r(309,0,9,127,127)
r(57,0,9,128,128)
r(184,0,9,129,129)
r(8,4,9,130,130)
r(330,0,9,131,131)
r(24,0,9,132,132)
r(0,33,9,133,133)
r(9,4,9,134,134)
r(420,0,9,135,135)
r(465,0,9,136,136)
r(376,0,9,137,137)
r(120,0,9,138,138)
r(1,6,9,139,139)
w(578,1,9,140,140)
r(24,0,9,141,141)
r(872,0,9,142,142)
w(211,1,9,143,143)
r(749,0,9,144,144)
r(9,4,9,145,145)
r(3,9,9,146,146)
r(0,33,9,147,147)
r(457,0,9,148,148)
r(16,3,9,149,149)
w(2,6,9,150,150)
r(398,0,9,151,151)
r(9,4,9,152,152)
r(115,0,9,153,153)
r(3,9,9,154,154)
w(190,2,9,155,155)
w(5,2,9,156,156)
r(3,9,9,157,157)
r(10,4,9,158,158)
r(7,2,9,159,159)
r(0,33,9,160,160)
r(8,4,9,161,161)
r(313,0,9,162,162)
r(705,0,9,163,163)
r(272,0,9,164,164)
r(843,0,9,165,165)
r(727,0,9,166,166)
r(14,1,9,167,167)
r(29,0,9,168,168)
r(59,2,9,169,169)
r(755,0,9,170,170)
r(98,0,9,171,171)
r(286,1,9,172,172)
r(1,6,9,173,173)
r(22,1,9,174,174)
r(0,33,9,175,175)
r(26,2,9,176,176)
r(19,0,9,177,177)
w(5,3,9,178,178)
r(58,1,9,179,179)
r(3,9,9,180,180)
r(142,0,9,181,181)
w(7,3,9,182,182)
r(18,6,9,183,183)
r(96,0,9,184,184)
r(129,0,9,185,185)
r(35,0,9,186,186)
r(521,0,9,187,187)
r(3,9,9,188,188)
r(14,1,9,189,189)
r(439,0,9,190,190)
r(175,0,9,191,191)
r(27,2,9,192,192)
r(13,2,9,193,193)
r(527,0,9,194,194)
r(1,6,9,195,195)
r(398,0,9,196,196)
r(24,0,9,197,197)
r(55,1,9,198,198)
r(0,33,9,199,199)
r(2,6,10,0,0)
r(50,0,10,1,1)
r(307,1,10,2,2)
r(1,6,10,3,3)
r(2,6,10,4,4)
w(6,5,10,5,5)
r(830,0,10,6,6)
r(9,4,10,7,7)
r(948,0,10,8,8)
r(262,0,10,9,9)
r(196,1,10,10,10)
r(121,1,10,11,11)
w(7,4,10,12,12)
r(51,0,10,13,13)
r(87,0,10,14,14)
r(25,3,10,15,15)
r(55,1,10,16,16)
r(0,33,10,17,17)
r(8,4,10,18,18)
r(209,0,10,19,19)
r(104,1,10,20,20)
r(9,4,10,21,21)
r(24,0,10,22,22)
r(84,0,10,23,23)
r(58,1,10,24,24)
r(22,1,10,25,25)
r(10,4,10,26,26)
r(32,0,10,27,27)
r(6,5,10,28,28)
r(28,2,10,29,29)
w(0,34,10,30,30)
r(0,34,10,31,31)
r(30,1,10,32,32)
r(86,0,10,33,33)
r(391,0,10,34,34)
r(174,0,10,35,35)
r(2,6,10,36,36)
r(5,3,10,37,37)
r(158,0,10,38,38)
r(1,6,10,39,39)
r(389,0,10,40,40)
r(16,3,10,41,41)
r(2,6,10,42,42)
r(82,0,10,43,43)
r(174,0,10,44,44)
r(460,0,10,45,45)
r(0,34,10,46,46)
r(292,0,10,47,47)
r(42,0,10,48,48)
r(128,1,10,49,49)
r(589,0,10,50,50)
r(1,6,10,51,51)
r(4,9,10,52,52)
r(2,6,10,53,53)
r(3,9,10,54,54)
w(32,1,10,55,55)
r(24,0,10,56,56)
r(12,3,10,57,57)
r(550,0,10,58,58)
r(63,1,10,59,59)
r(680,0,10,60,60)
r(0,34,10,61,61)
r(310,0,10,62,62)
r(8,4,10,63,63)
r(274,0,10,64,64)
r(99,0,10,65,65)
r(15,1,10,66,66)
r(158,0,10,67,67)
r(200,0,10,68,68)
r(49,0,10,69,69)
r(34,0,10,70,70)
r(13,2,10,71,71)
r(140,0,10,72,72)
r(9,4,10,73,73)
r(9,4,10,74,74)
r(39,0,10,75,75)
r(3,9,10,76,76)
r(242,0,10,77,77)
w(5,4,10,78,78)
r(136,0,10,79,79)
r(2,6,10,80,80)
w(51,1,10,81,81)
r(546,0,10,82,82)
w(63,2,10,83,83)
r(378,0,10,84,84)
r(20,1,10,85,85)
r(463,0,10,86,86)
r(274,0,10,87,87)
r(10,4,10,88,88)
r(13,2,10,89,89)
r(3,9,10,90,90)
r(1,6,10,91,91)
r(330,0,10,92,92)
r(2,6,10,93,93)
r(798,0,10,94,94)
r(11,0,10,95,95)
r(120,0,10,96,96)
r(72,0,10,97,97)
r(53,2,10,98,98)
r(9,4,10,99,99)
r(693,0,10,100,100)
r(1,6,10,101,101)
r(187,0,10,102,102)
w(24,1,10,103,103)
r(7,4,10,104,104)
r(1,6,10,105,105)
r(23,0,10,106,106)
r(3,9,10,107,107)
r(0,34,10,108,108)
r(2,6,10,109,109)
r(853,0,10,110,110)
w(0,35,10,111,111)
w(0,36,10,112,112)
r(1,6,10,113,113)
r(0,36,10,114,114)
r(0,36,10,115,115)
r(275,0,10,116,116)
r(312,0,10,117,117)
r(139,0,10,118,118)
r(205,0,10,119,119)
r(810,0,10,120,120)
r(69,1,10,121,121)
r(33,2,10,122,122)
r(58,1,10,123,123)
r(139,0,10,124,124)
r(359,0,10,125,125)
r(0,36,10,126,126)
r(3,9,10,127,127)
r(118,0,10,128,128)
w(150,1,10,129,129)
r(694,0,10,130,130)
r(127,0,10,131,131)
r(5,4,10,132,132)
r(470,0,10,133,133)
r(21,1,10,134,134)
r(287,0,10,135,135)
r(144,0,10,136,136)
w(0,37,10,137,137)
r(6,5,10,138,138)
r(105,0,10,139,139)
r(4,9,10,140,140)
w(5,5,10,141,141)
r(636,0,10,142,142)
r(65,0,10,143,143)
r(28,2,10,144,144)
r(38,1,10,145,145)
r(11,0,10,146,146)
r(56,2,10,147,147)
r(283,0,10,148,148)
r(6,5,10,149,149)
r(1,6,10,150,150)
r(0,37,10,151,151)
r(5,5,10,152,152)
r(0,37,10,153,153)
r(215,0,10,154,154)
r(11,0,10,155,155)
r(65,0,10,156,156)
r(23,0,10,157,157)
r(632,0,10,158,158)
w(7,5,10,159,159)
r(449,0,10,160,160)
r(7,5,10,161,161)
r(240,0,10,162,162)
r(568,0,10,163,163)
r(928,0,10,164,164)
r(99,0,10,165,165)
r(0,37,10,166,166)
r(0,37,10,167,167)
r(0,37,10,168,168)
r(0,37,10,169,169)
r(49,0,10,170,170)
r(4,9,10,171,171)
r(192,0,10,172,172)
r(0,37,10,173,173)
r(0,37,10,174,174)
r(2,6,10,175,175)
r(0,37,10,176,176)
r(9,4,10,177,177)
r(31,0,10,178,178)
r(12,3,10,179,179)
r(60,1,10,180,180)
r(11,0,10,181,181)
r(34,0,10,182,182)
r(12,3,10,183,183)
r(8,4,10,184,184)
r(0,37,10,185,185)
r(1,6,10,186,186)
r(4,9,10,187,187)
r(16,3,10,188,188)
r(0,37,10,189,189)
r(0,37,10,190,190)
r(1,6,10,191,191)
r(435,0,10,192,192)
r(5,5,10,193,193)
r(148,0,10,194,194)
r(575,0,10,195,195)
w(19,1,10,196,196)
r(6,5,10,197,197)
r(159,0,10,198,198)
r(2,6,10,199,199)
r(3,9,11,0,0)
r(1,6,11,1,1)
r(252,1,11,2,2)
r(91,2,11,3,3)
r(221,0,11,4,4)
w(4,10,11,5,5)
r(1,6,11,6,6)
r(112,0,11,7,7)
r(479,0,11,8,8)
r(0,37,11,9,9)
r(606,0,11,10,10)
r(16,3,11,11,11)
r(79,0,11,12,12)
r(483,0,11,13,13)
r(181,0,11,14,14)
r(87,0,11,15,15)
r(17,0,11,16,16)
r(17,0,11,17,17)
r(0,37,11,18,18)
r(9,4,11,19,19)
r(335,0,11,20,20)
r(1,6,11,21,21)
r(24,1,11,22,22)
r(211,1,11,23,23)
r(584,0,11,24,24)
r(22,1,11,25,25)
r(0,37,11,26,26)
r(563,0,11,27,27)
r(250,0,11,28,28)
r(372,0,11,29,29)
r(99,0,11,30,30)
r(112,0,11,31,31)
w(0,38,11,32,32)
w(1,7,11,33,33)
r(14,1,11,34,34)
w(646,1,11,35,35)
r(55,1,11,36,36)
r(440,0,11,37,37)
r(2,6,11,38,38)
r(1,7,11,39,39)
w(12,4,11,40,40)
r(65,0,11,41,41)
r(51,1,11,42,42)
r(1,7,11,43,43)
r(14,1,11,44,44)
r(60,1,11,45,45)
r(5,5,11,46,46)
w(21,2,11,47,47)
r(12,4,11,48,48)
r(2,6,11,49,49)
r(31,0,11,50,50)
r(553,0,11,51,51)
r(2,6,11,52,52)
r(0,38,11,53,53)
r(1,7,11,54,54)
r(72,0,11,55,55)
r(2,6,11,56,56)
r(5,5,11,57,57)
r(3,9,11,58,58)
r(0,38,11,59,59)
r(1,7,11,60,60)
r(32,1,11,61,61)
w(423,1,11,62,62)
r(0,38,11,63,63)
r(222,0,11,64,64)
r(44,0,11,65,65)
r(40,1,11,66,66)
r(19,1,11,67,67)
r(540,1,11,68,68)
r(1,7,11,69,69)
r(40,1,11,70,70)
r(0,38,11,71,71)
r(33,2,11,72,72)
w(0,39,11,73,73)
w(0,40,11,74,74)
r(2,6,11,75,75)
w(0,41,11,76,76)
r(51,1,11,77,77)
r(15,1,11,78,78)
r(0,41,11,79,79)
w(7,6,11,80,80)
r(393,0,11,81,81)
r(37,1,11,82,82)
r(7,6,11,83,83)
r(121,1,11,84,84)
w(50,1,11,85,85)
r(4,10,11,86,86)
r(0,41,11,87,87)
r(0,41,11,88,88)
w(0,42,11,89,89)
r(0,42,11,90,90)
r(191,0,11,91,91)
w(290,1,11,92,92)
r(585,0,11,93,93)
r(3,9,11,94,94)
r(0,42,11,95,95)
r(240,0,11,96,96)
r(354,0,11,97,97)
r(23,0,11,98,98)
r(841,0,11,99,99)
r(1,7,11,100,100)
r(4,10,11,101,101)
r(22,1,11,102,102)
r(1,7,11,103,103)
r(0,42,11,104,104)
r(2,6,11,105,105)
r(3,9,11,106,106)
r(257,0,11,107,107)
r(409,0,11,108,108)
r(78,0,11,109,109)
r(1,7,11,110,110)
r(992,0,11,111,111)
w(354,1,11,112,112)
r(28,2,11,113,113)
r(29,0,11,114,114)
r(1,7,11,115,115)
w(2,7,11,116,116)
r(933,0,11,117,117)
r(908,0,11,118,118)
r(52,0,11,119,119)
w(296,1,11,120,120)
r(703,0,11,121,121)
r(3,9,11,122,122)
r(0,42,11,123,123)
r(46,1,11,124,124)
r(25,3,11,125,125)
r(5,5,11,126,126)
r(11,0,11,127,127)
r(1,7,11,128,128)
r(4,10,11,129,129)
r(101,1,11,130,130)
r(0,42,11,131,131)
r(0,42,11,132,132)
r(28,2,11,133,133)
r(482,0,11,134,134)
r(11,0,11,135,135)
r(304,0,11,136,136)
r(61,2,11,137,137)
r(72,0,11,138,138)
r(1,7,11,139,139)
w(8,5,11,140,140)
w(0,43,11,141,141)
r(138,0,11,142,142)
r(164,0,11,143,143)
r(12,4,11,144,144)
r(72,0,11,145,145)
r(136,0,11,146,146)
w(1,8,11,147,147)
r(2,7,11,148,148)
r(5,5,11,149,149)
r(390,0,11,150,150)
r(0,43,11,151,151)
w(638,1,11,152,152)
r(0,43,11,153,153)
r(900,0,11,154,154)
r(55,1,11,155,155)
r(16,3,11,156,156)
r(0,43,11,157,157)
w(0,44,11,158,158)
r(0,44,11,159,159)
r(4,10,11,160,160)
r(18,6,11,161,161)
r(20,1,11,162,162)
r(1,8,11,163,163)
r(2,7,11,164,164)
r(3,9,11,165,165)
r(4,10,11,166,166)
r(33,2,11,167,167)
r(9,4,11,168,168)
r(3,9,11,169,169)
r(136,0,11,170,170)
r(45,2,11,171,171)
r(38,1,11,172,172)
r(0,44,11,173,173)
w(81,1,11,174,174)
w(4,11,11,175,175)
w(1,9,11,176,176)
r(9,4,11,177,177)
r(657,0,11,178,178)
r(339,0,11,179,179)
r(0,44,11,180,180)
r(0,44,11,181,181)
r(266,0,11,182,182)
r(35,0,11,183,183)
r(14,1,11,184,184)
w(16,4,11,185,185)
r(1,9,11,186,186)
r(182,0,11,187,187)
r(753,0,11,188,188)
w(1,10,11,189,189)
r(1,10,11,190,190)
r(118,0,11,191,191)
r(3,9,11,192,192)
r(27,2,11,193,193)
r(48,1,11,194,194)
r(2,7,11,195,195)
r(0,44,11,196,196)
r(86,0,11,197,197)
r(26,2,11,198,198)
r(135,0,11,199,199)
w(47,3,12,0,0)
r(6,5,12,1,1)
r(3,9,12,2,2)
w(76,1,12,3,3)
r(1,10,12,4,4)
r(2,7,12,5,5)
r(51,1,12,6,6)
r(14,1,12,7,7)
r(0,44,12,8,8)
w(512,1,12,9,9)
r(49,0,12,10,10)
r(0,44,12,11,11)
r(7,6,12,12,12)
r(24,1,12,13,13)
r(15,1,12,14,14)
r(11,0,12,15,15)
r(11,0,12,16,16)
r(4,11,12,17,17)
r(8,5,12,18,18)
r(70,0,12,19,19)
r(275,0,12,20,20)
r(100,0,12,21,21)
r(166,0,12,22,22)
r(236,0,12,23,23)
r(376,0,12,24,24)
w(82,1,12,25,25)
r(157,0,12,26,26)
w(1,11,12,27,27)
r(4,11,12,28,28)
r(334,0,12,29,29)
r(20,1,12,30,30)
r(0,44,12,31,31)
r(0,44,12,32,32)
w(2,8,12,33,33)
r(6,5,12,34,34)
r(236,0,12,35,35)
r(1,11,12,36,36)
r(896,0,12,37,37)
r(4,11,12,38,38)
r(14,1,12,39,39)
r(85,0,12,40,40)
r(2,8,12,41,41)
r(10,4,12,42,42)
r(6,5,12,43,43)
r(4,11,12,44,44)
r(368,0,12,45,45)
r(73,0,12,46,46)
r(50,1,12,47,47)
r(0,44,12,48,48)
r(15,1,12,49,49)
r(333,0,12,50,50)
r(86,0,12,51,51)
r(93,1,12,52,52)
r(0,44,12,53,53)
r(14,1,12,54,54)
r(8,5,12,55,55)
r(78,0,12,56,56)
r(1,11,12,57,57)
r(73,0,12,58,58)
r(183,0,12,59,59)
r(18,6,12,60,60)
r(21,2,12,61,61)
r(56,2,12,62,62)
r(1,11,12,63,63)
r(0,44,12,64,64)
r(153,0,12,65,65)
r(0,44,12,66,66)
r(28,2,12,67,67)
r(9,4,12,68,68)
r(3,9,12,69,69)
r(4,11,12,70,70)
w(30,2,12,71,71)
r(1,11,12,72,72)
r(185,0,12,73,73)
r(736,0,12,74,74)
r(0,44,12,75,75)
r(0,44,12,76,76)
r(0,44,12,77,77)
r(1,11,12,78,78)
r(15,1,12,79,79)
w(44,1,12,80,80)
r(2,8,12,81,81)
r(317,0,12,82,82)
r(8,5,12,83,83)
r(17,0,12,84,84)
r(20,1,12,85,85)
r(33,2,12,86,86)
w(0,45,12,87,87)
r(23,0,12,88,88)
r(6,5,12,89,89)
r(1,11,12,90,90)
r(951,0,12,91,91)
r(39,0,12,92,92)
r(3,9,12,93,93)
r(4,11,12,94,94)
r(70,0,12,95,95)
r(2,8,12,96,96)
r(5,5,12,97,97)
r(2,8,12,98,98)
r(23,0,12,99,99)
r(8,5,12,100,100)
r(432,0,12,101,101)
r(14,1,12,102,102)
r(2,8,12,103,103)
r(0,45,12,104,104)
r(52,0,12,105,105)
r(312,0,12,106,106)
r(206,1,12,107,107)
r(16,4,12,108,108)
r(5,5,12,109,109)
r(0,45,12,110,110)
r(18,6,12,111,111)
r(621,0,12,112,112)
r(2,8,12,113,113)
w(60,2,12,114,114)
r(0,45,12,115,115)
r(112,0,12,116,116)
r(8,5,12,117,117)
r(1,11,12,118,118)
r(124,1,12,119,119)
r(0,45,12,120,120)
r(55,1,12,121,121)
r(239,0,12,122,122)
r(782,0,12,123,123)
r(1,11,12,124,124)
r(112,0,12,125,125)
r(196,1,12,126,126)
w(45,3,12,127,127)
r(1,11,12,128,128)
r(5,5,12,129,129)
r(11,0,12,130,130)
r(119,0,12,131,131)
r(0,45,12,132,132)
r(0,45,12,133,133)
r(3,9,12,134,134)
r(26,2,12,135,135)
r(11,0,12,136,136)
r(104,1,12,137,137)
r(105,0,12,138,138)
r(307,1,12,139,139)
r(91,2,12,140,140)
r(345,0,12,141,141)
r(4,11,12,142,142)
r(33,2,12,143,143)
r(447,0,12,144,144)
r(736,0,12,145,145)
r(124,1,12,146,146)
r(5,5,12,147,147)
r(6,5,12,148,148)
r(50,1,12,149,149)
r(22,1,12,150,150)
r(560,0,12,151,151)
r(35,0,12,152,152)
r(3,9,12,153,153)
r(23,0,12,154,154)
r(10,4,12,155,155)
r(41,1,12,156,156)
r(2,8,12,157,157)
r(2,8,12,158,158)
r(0,45,12,159,159)
r(17,0,12,160,160)
r(387,0,12,161,161)
r(284,0,12,162,162)
w(7,7,12,163,163)
r(993,0,12,164,164)
r(7,7,12,165,165)
r(0,45,12,166,166)
r(88,0,12,167,167)
r(6,5,12,168,168)
r(579,0,12,169,169)
r(28,2,12,170,170)
r(26,2,12,171,171)
r(273,0,12,172,172)
r(78,0,12,173,173)
r(5,5,12,174,174)
r(777,0,12,175,175)
r(203,0,12,176,176)
w(0,46,12,177,177)
r(105,0,12,178,178)
r(14,1,12,179,179)
r(510,0,12,180,180)
r(11,0,12,181,181)
r(2,8,12,182,182)
r(1,11,12,183,183)
r(10,4,12,184,184)
r(124,1,12,185,185)
r(0,46,12,186,186)
r(187,0,12,187,187)
r(10,4,12,188,188)
r(906,0,12,189,189)
r(101,1,12,190,190)
r(20,1,12,191,191)
r(33,2,12,192,192)
r(1,11,12,193,193)
r(2,8,12,194,194)
r(45,3,12,195,195)
r(32,1,12,196,196)
w(222,1,12,197,197)
w(69,2,12,198,198)
r(372,0,12,199,199)
r(0,46,13,0,0)
r(108,2,13,1,1)
r(403,0,13,2,2)
r(21,2,13,3,3)
r(0,46,13,4,4)
r(2,8,13,5,5)
r(7,7,13,6,6)
r(1,11,13,7,7)
r(0,46,13,8,8)
r(9,4,13,9,9)
r(3,9,13,10,10)
r(4,11,13,11,11)
r(167,0,13,12,12)
r(6,5,13,13,13)
r(174,0,13,14,14)
r(6,5,13,15,15)
r(8,5,13,16,16)
r(17,0,13,17,17)
r(0,46,13,18,18)
r(3,9,13,19,19)
r(262,0,13,20,20)
r(1,11,13,21,21)
r(3,9,13,22,22)
w(773,1,13,23,23)
r(6,5,13,24,24)
w(573,1,13,25,25)
r(43,1,13,26,26)
r(519,0,13,27,27)
r(76,1,13,28,28)
w(0,47,13,29,29)
r(83,1,13,30,30)
r(910,0,13,31,31)
r(16,4,13,32,32)
r(3,9,13,33,33)
r(2,8,13,34,34)
r(0,47,13,35,35)
r(200,0,13,36,36)
r(8,5,13,37,37)
w(84,1,13,38,38)
r(5,5,13,39,39)
r(20,1,13,40,40)
r(84,1,13,41,41)
w(1,12,13,42,42)
r(0,47,13,43,43)
r(9,4,13,44,44)
r(13,2,13,45,45)
r(1,12,13,46,46)
r(37,1,13,47,47)
r(8,5,13,48,48)
r(155,1,13,49,49)
r(2,8,13,50,50)
r(86,0,13,51,51)
r(71,0,13,52,52)
r(34,0,13,53,53)
r(3,9,13,54,54)
r(36,1,13,55,55)
w(11,1,13,56,56)
r(20,1,13,57,57)
r(75,0,13,58,58)
r(0,47,13,59,59)
r(1,12,13,60,60)
r(2,8,13,61,61)
r(3,9,13,62,62)
r(30,2,13,63,63)
r(318,1,13,64,64)
r(5,5,13,65,65)
r(2,8,13,66,66)
r(127,0,13,67,67)
w(838,1,13,68,68)
r(44,1,13,69,69)
r(3,9,13,70,70)
r(11,1,13,71,71)
r(43,1,13,72,72)
r(0,47,13,73,73)
r(859,0,13,74,74)
r(25,3,13,75,75)
r(0,47,13,76,76)
r(0,47,13,77,77)
r(21,2,13,78,78)
r(423,1,13,79,79)
r(742,0,13,80,80)
r(428,0,13,81,81)
r(22,1,13,82,82)
r(0,47,13,83,83)
r(190,2,13,84,84)
r(246,0,13,85,85)
r(33,2,13,86,86)
r(103,1,13,87,87)
r(0,47,13,88,88)
r(8,5,13,89,89)
r(1,12,13,90,90)
r(2,8,13,91,91)
r(2,8,13,92,92)
r(2,8,13,93,93)
w(11,2,13,94,94)
r(348,1,13,95,95)
r(0,47,13,96,96)
w(64,1,13,97,97)
r(38,1,13,98,98)
r(590,0,13,99,99)
r(1,12,13,100,100)
w(0,48,13,101,101)
r(307,1,13,102,102)
w(7,8,13,103,103)
r(746,0,13,104,104)
r(7,8,13,105,105)
r(17,0,13,106,106)
r(13,2,13,107,107)
r(167,0,13,108,108)
r(30,2,13,109,109)
r(37,1,13,110,110)
r(226,0,13,111,111)
r(114,0,13,112,112)
r(3,9,13,113,113)
r(265,0,13,114,114)
r(130,0,13,115,115)
r(4,11,13,116,116)
r(0,48,13,117,117)
r(4,11,13,118,118)
r(803,0,13,119,119)
r(595,0,13,120,120)
r(393,0,13,121,121)
r(8,5,13,122,122)
r(3,9,13,123,123)
r(5,5,13,124,124)
r(2,8,13,125,125)
r(38,1,13,126,126)
r(0,48,13,127,127)
r(94,0,13,128,128)
r(402,0,13,129,129)
r(26,2,13,130,130)
w(9,5,13,131,131)
r(5,5,13,132,132)
r(5,5,13,133,133)
r(10,4,13,134,134)
r(37,1,13,135,135)
r(751,0,13,136,136)
r(4,11,13,137,137)
r(319,0,13,138,138)
r(0,48,13,139,139)
r(61,2,13,140,140)
r(0,48,13,141,141)
r(1,12,13,142,142)
r(0,48,13,143,143)
r(4,11,13,144,144)
r(340,0,13,145,145)
r(0,48,13,146,146)
r(0,48,13,147,147)
w(0,49,13,148,148)
r(46,1,13,149,149)
r(505,0,13,150,150)
r(0,49,13,151,151)
r(5,5,13,152,152)
r(173,0,13,153,153)
r(532,0,13,154,154)
r(1,12,13,155,155)
r(590,0,13,156,156)
r(3,9,13,157,157)
r(4,11,13,158,158)
r(9,5,13,159,159)
r(5,5,13,160,160)
r(0,49,13,161,161)
r(7,8,13,162,162)
r(170,1,13,163,163)
r(884,0,13,164,164)
r(0,49,13,165,165)
r(2,8,13,166,166)
r(94,0,13,167,167)
r(218,0,13,168,168)
r(13,2,13,169,169)
r(28,2,13,170,170)
r(0,49,13,171,171)
r(1,12,13,172,172)
r(168,0,13,173,173)
r(364,0,13,174,174)
r(2,8,13,175,175)
r(5,5,13,176,176)
r(312,0,13,177,177)
r(6,5,13,178,178)
r(0,49,13,179,179)
r(295,0,13,180,180)
r(117,0,13,181,181)
r(194,0,13,182,182)
w(22,2,13,183,183)
r(86,0,13,184,184)
r(83,1,13,185,185)
w(34,1,13,186,186)
r(0,49,13,187,187)
w(82,2,13,188,188)
r(5,5,13,189,189)
r(110,0,13,190,190)
r(2,8,13,191,191)
r(0,49,13,192,192)
r(204,0,13,193,193)
r(1,12,13,194,194)
r(29,0,13,195,195)
r(154,2,13,196,196)
r(24,1,13,197,197)
r(42,0,13,198,198)
r(0,49,13,199,199)
r(2,8,14,0,0)
r(22,2,14,1,1)
r(47,3,14,2,2)
r(24,1,14,3,3)
r(362,0,14,4,4)
r(63,2,14,5,5)
r(8,5,14,6,6)
r(106,2,14,7,7)
r(2,8,14,8,8)
r(14,1,14,9,9)
r(361,0,14,10,10)
r(9,5,14,11,11)
r(35,0,14,12,12)
r(22,2,14,13,13)
r(41,1,14,14,14)
r(0,49,14,15,15)
r(729,0,14,16,16)
r(27,2,14,17,17)
r(18,6,14,18,18)
r(28,2,14,19,19)
r(47,3,14,20,20)
r(0,49,14,21,21)
w(5,6,14,22,22)
r(19,1,14,23,23)
r(4,11,14,24,24)
r(4,11,14,25,25)
r(32,1,14,26,26)
w(212,1,14,27,27)
r(0,49,14,28,28)
r(699,0,14,29,29)
r(0,49,14,30,30)
r(22,2,14,31,31)
r(19,1,14,32,32)
r(8,5,14,33,33)
r(180,0,14,34,34)
r(128,1,14,35,35)
r(0,49,14,36,36)
r(1,12,14,37,37)
r(9,5,14,38,38)
r(4,11,14,39,39)
r(3,9,14,40,40)
r(15,1,14,41,41)
r(939,0,14,42,42)
r(7,8,14,43,43)
r(50,1,14,44,44)
r(959,0,14,45,45)
r(61,2,14,46,46)
r(740,0,14,47,47)
w(50,2,14,48,48)
r(36,1,14,49,49)
r(546,0,14,50,50)
r(4,11,14,51,51)
r(18,6,14,52,52)
r(23,0,14,53,53)
r(172,0,14,54,54)
r(63,2,14,55,55)
r(445,1,14,56,56)
r(372,0,14,57,57)
r(110,0,14,58,58)
r(91,2,14,59,59)
w(38,2,14,60,60)
r(6,5,14,61,61)
r(138,0,14,62,62)
r(28,2,14,63,63)
r(2,8,14,64,64)
r(27,2,14,65,65)
r(220,0,14,66,66)
r(5,6,14,67,67)
r(24,1,14,68,68)
r(6,5,14,69,69)
r(171,0,14,70,70)
r(58,1,14,71,71)
r(29,0,14,72,72)
r(4,11,14,73,73)
r(412,0,14,74,74)
w(57,1,14,75,75)
r(1,12,14,76,76)
w(30,3,14,77,77)
r(21,2,14,78,78)
r(358,0,14,79,79)
r(211,1,14,80,80)
r(0,49,14,81,81)
r(5,6,14,82,82)
r(5,6,14,83,83)
r(860,0,14,84,84)
r(82,2,14,85,85)
r(969,0,14,86,86)
r(181,0,14,87,87)
r(16,4,14,88,88)
r(352,0,14,89,89)
r(5,6,14,90,90)
r(25,3,14,91,91)
r(5,6,14,92,92)
r(376,0,14,93,93)
r(50,2,14,94,94)
r(2,8,14,95,95)
r(218,0,14,96,96)
r(464,0,14,97,97)
r(18,6,14,98,98)
r(35,0,14,99,99)
r(0,49,14,100,100)
r(3,9,14,101,101)
r(479,0,14,102,102)
r(1,12,14,103,103)
r(0,49,14,104,104)
r(216,0,14,105,105)
w(4,12,14,106,106)
r(9,5,14,107,107)
r(9,5,14,108,108)
r(611,0,14,109,109)
r(7,8,14,110,110)
r(766,0,14,111,111)
r(217,0,14,112,112)
r(0,49,14,113,113)
r(190,2,14,114,114)
r(292,0,14,115,115)
r(15,1,14,116,116)
r(0,49,14,117,117)
w(419,1,14,118,118)
r(16,4,14,119,119)
r(1,12,14,120,120)
r(0,49,14,121,121)
r(207,1,14,122,122)
r(108,2,14,123,123)
r(1,12,14,124,124)
r(7,8,14,125,125)
r(87,0,14,126,126)
r(1,12,14,127,127)
r(23,0,14,128,128)
r(6,5,14,129,129)
r(65,0,14,130,130)
r(4,12,14,131,131)
r(48,1,14,132,132)
r(49,0,14,133,133)
r(721,0,14,134,134)
r(1,12,14,135,135)
r(168,0,14,136,136)
r(0,49,14,137,137)
r(1,12,14,138,138)
w(8,6,14,139,139)
r(14,1,14,140,140)
r(8,6,14,141,141)
r(2,8,14,142,142)
r(4,12,14,143,143)
r(6,5,14,144,144)
r(125,0,14,145,145)
r(406,0,14,146,146)
r(317,0,14,147,147)
r(1,12,14,148,148)
r(128,1,14,149,149)
r(5,6,14,150,150)
r(66,0,14,151,151)
r(350,0,14,152,152)
w(15,2,14,153,153)
r(0,49,14,154,154)
r(1,12,14,155,155)
r(0,49,14,156,156)
r(0,49,14,157,157)
r(1,12,14,158,158)
r(52,0,14,159,159)
r(751,0,14,160,160)
r(0,49,14,161,161)
r(440,0,14,162,162)
r(10,4,14,163,163)
r(12,4,14,164,164)
r(73,0,14,165,165)
r(6,5,14,166,166)
r(14,1,14,167,167)
r(106,2,14,168,168)
r(91,2,14,169,169)
r(0,49,14,170,170)
r(140,0,14,171,171)
r(39,0,14,172,172)
w(498,1,14,173,173)
w(18,7,14,174,174)
r(11,2,14,175,175)
r(866,0,14,176,176)
r(327,0,14,177,177)
r(45,3,14,178,178)
r(145,0,14,179,179)
r(35,0,14,180,180)
r(0,49,14,181,181)
r(85,0,14,182,182)
w(1,13,14,183,183)
r(1,13,14,184,184)
r(315,0,14,185,185)
r(959,0,14,186,186)
r(0,49,14,187,187)
r(5,6,14,188,188)
r(8,6,14,189,189)
r(4,12,14,190,190)
w(9,6,14,191,191)
r(117,0,14,192,192)
r(23,0,14,193,193)
w(21,3,14,194,194)
r(155,1,14,195,195)
r(0,49,14,196,196)
w(27,3,14,197,197)
r(160,0,14,198,198)
r(98,0,14,199,199)
r(2,8,15,0,0)
r(24,1,15,1,1)
r(39,0,15,2,2)
r(3,9,15,3,3)
r(0,49,15,4,4)
r(22,2,15,5,5)
r(129,0,15,6,6)
r(919,1,15,7,7)
r(612,0,15,8,8)
r(0,49,15,9,9)
r(188,0,15,10,10)
r(17,0,15,11,11)
w(4,13,15,12,12)
r(4,13,15,13,13)
r(74,1,15,14,14)
r(137,0,15,15,15)
w(52,1,15,16,16)
w(3,10,15,17,17)
r(17,0,15,18,18)
r(5,6,15,19,19)
r(6,5,15,20,20)
r(501,1,15,21,21)
r(6,5,15,22,22)
r(1,13,15,23,23)
w(216,1,15,24,24)
r(2,8,15,25,25)
r(943,0,15,26,26)
r(6,5,15,27,27)
w(0,50,15,28,28)
w(16,5,15,29,29)
r(84,1,15,30,30)
r(56,2,15,31,31)
r(19,1,15,32,32)
r(1,13,15,33,33)
r(99,0,15,34,34)
w(115,1,15,35,35)
r(1,13,15,36,36)
r(2,8,15,37,37)
r(284,0,15,38,38)
r(40,1,15,39,39)
r(51,1,15,40,40)
r(88,0,15,41,41)
r(10,4,15,42,42)
r(0,50,15,43,43)
w(63,3,15,44,44)
r(0,50,15,45,45)
w(0,51,15,46,46)
r(171,0,15,47,47)
r(6,5,15,48,48)
r(81,1,15,49,49)
r(337,0,15,50,50)
r(0,51,15,51,51)
r(29,0,15,52,52)
r(8,6,15,53,53)
r(8,6,15,54,54)
r(44,1,15,55,55)
r(2,8,15,56,56)
w(3,11,15,57,57)
r(0,51,15,58,58)
r(41,1,15,59,59)
r(25,3,15,60,60)
r(6,5,15,61,61)
r(20,1,15,62,62)
r(12,4,15,63,63)
r(437,0,15,64,64)
r(5,6,15,65,65)
r(4,13,15,66,66)
r(923,0,15,67,67)
r(42,0,15,68,68)
r(0,51,15,69,69)
r(6,5,15,70,70)
r(6,5,15,71,71)
r(78,0,15,72,72)
r(4,13,15,73,73)
r(83,1,15,74,74)
r(0,51,15,75,75)
r(241,0,15,76,76)
r(176,0,15,77,77)
r(10,4,15,78,78)
r(141,0,15,79,79)
r(302,1,15,80,80)
r(0,51,15,81,81)
r(38,2,15,82,82)
r(269,0,15,83,83)
r(9,6,15,84,84)
r(7,8,15,85,85)
w(128,2,15,86,86)
w(0,52,15,87,87)
r(14,1,15,88,88)
r(126,0,15,89,89)
r(0,52,15,90,90)
r(119,0,15,91,91)
r(5,6,15,92,92)
r(175,0,15,93,93)
r(26,2,15,94,94)
r(25,3,15,95,95)
r(28,2,15,96,96)
r(9,6,15,97,97)
r(383,0,15,98,98)
r(68,0,15,99,99)
r(344,0,15,100,100)
r(5,6,15,101,101)
r(4,13,15,102,102)
r(12,4,15,103,103)
r(31,0,15,104,104)
r(2,8,15,105,105)
r(22,2,15,106,106)
r(42,0,15,107,107)
r(0,52,15,108,108)
r(453,0,15,109,109)
r(2,8,15,110,110)
r(85,0,15,111,111)
r(961,0,15,112,112)
r(4,13,15,113,113)
r(546,0,15,114,114)
r(43,1,15,115,115)
r(347,0,15,116,116)
r(11,2,15,117,117)
w(22,3,15,118,118)
r(491,0,15,119,119)
r(7,8,15,120,120)
r(45,3,15,121,121)
r(10,4,15,122,122)
r(7,8,15,123,123)
r(22,3,15,124,124)
r(135,0,15,125,125)
r(0,52,15,126,126)
r(14,1,15,127,127)
r(8,6,15,128,128)
r(46,1,15,129,129)
r(215,0,15,130,130)
r(704,0,15,131,131)
r(58,1,15,132,132)
w(0,53,15,133,133)
w(7,9,15,134,134)
r(703,0,15,135,135)
r(78,0,15,136,136)
r(409,0,15,137,137)
r(192,0,15,138,138)
r(250,0,15,139,139)
r(0,53,15,140,140)
r(0,53,15,141,141)
r(2,8,15,142,142)
r(23,0,15,143,143)
r(17,0,15,144,144)
r(356,0,15,145,145)
w(0,54,15,146,146)
r(0,54,15,147,147)
r(98,0,15,148,148)
w(119,1,15,149,149)
r(0,54,15,150,150)
w(807,1,15,151,151)
r(11,2,15,152,152)
r(15,2,15,153,153)
w(281,1,15,154,154)
w(62,1,15,155,155)
r(179,1,15,156,156)
r(20,1,15,157,157)
r(9,6,15,158,158)
r(0,54,15,159,159)
r(0,54,15,160,160)
r(1,13,15,161,161)
r(39,0,15,162,162)
r(5,6,15,163,163)
r(19,1,15,164,164)
r(0,54,15,165,165)
r(351,0,15,166,166)
r(59,2,15,167,167)
r(0,54,15,168,168)
r(835,0,15,169,169)
r(0,54,15,170,170)
r(23,0,15,171,171)
r(468,0,15,172,172)
r(10,4,15,173,173)
r(12,4,15,174,174)
r(0,54,15,175,175)
r(302,1,15,176,176)
r(17,0,15,177,177)
r(945,0,15,178,178)
r(270,0,15,179,179)
r(12,4,15,180,180)
r(164,0,15,181,181)
r(84,1,15,182,182)
r(0,54,15,183,183)
r(130,0,15,184,184)
r(0,54,15,185,185)
r(0,54,15,186,186)
r(4,13,15,187,187)
r(404,0,15,188,188)
w(6,6,15,189,189)
r(169,1,15,190,190)
r(0,54,15,191,191)
r(457,0,15,192,192)
r(64,1,15,193,193)
r(330,0,15,194,194)
r(11,2,15,195,195)
r(2,8,15,196,196)
r(113,1,15,197,197)
r(501,1,15,198,198)
r(1,13,15,199,199)
r(2,8,16,0,0)
r(11,2,16,1,1)
r(795,0,16,2,2)
r(297,0,16,3,3)
r(0,54,16,4,4)
r(400,0,16,5,5)
r(1,13,16,6,6)
r(7,9,16,7,7)
r(22,3,16,8,8)
r(14,1,16,9,9)
r(932,0,16,10,10)
r(481,0,16,11,11)
r(0,54,16,12,12)
r(3,11,16,13,13)
r(14,1,16,14,14)
r(183,0,16,15,15)
r(259,0,16,16,16)
r(215,0,16,17,17)
r(16,5,16,18,18)
r(14,1,16,19,19)
r(280,0,16,20,20)
w(77,1,16,21,21)
r(7,9,16,22,22)
r(915,0,16,23,23)
r(68,0,16,24,24)
r(137,0,16,25,25)
r(69,2,16,26,26)
r(578,1,16,27,27)
r(2,8,16,28,28)
r(641,0,16,29,29)
r(788,0,16,30,30)
r(226,0,16,31,31)
r(422,0,16,32,32)
r(579,0,16,33,33)
r(429,0,16,34,34)
r(6,6,16,35,35)
r(1,13,16,36,36)
r(0,54,16,37,37)
r(493,0,16,38,38)
r(267,0,16,39,39)
r(0,54,16,40,40)
r(300,0,16,41,41)
r(6,6,16,42,42)
r(20,1,16,43,43)
r(108,2,16,44,44)
r(1,13,16,45,45)
r(59,2,16,46,46)
w(566,1,16,47,47)
r(191,0,16,48,48)
r(74,1,16,49,49)
r(398,0,16,50,50)
r(145,0,16,51,51)
r(45,3,16,52,52)
r(984,0,16,53,53)
r(655,0,16,54,54)
r(3,11,16,55,55)
r(444,0,16,56,56)
r(7,9,16,57,57)
r(5,6,16,58,58)
r(173,0,16,59,59)
r(690,0,16,60,60)
r(139,0,16,61,61)
r(2,8,16,62,62)
r(0,54,16,63,63)
r(10,4,16,64,64)
w(5,7,16,65,65)
w(0,55,16,66,66)
r(880,1,16,67,67)
r(435,0,16,68,68)
r(52,1,16,69,69)
r(1,13,16,70,70)
w(0,56,16,71,71)
r(1,13,16,72,72)
r(17,0,16,73,73)
r(0,56,16,74,74)
w(41,2,16,75,75)
r(9,6,16,76,76)
r(897,0,16,77,77)
r(106,2,16,78,78)
r(19,1,16,79,79)
r(9,6,16,80,80)
r(1,13,16,81,81)
r(56,2,16,82,82)
r(0,56,16,83,83)
r(2,8,16,84,84)
r(8,6,16,85,85)
r(7,9,16,86,86)
r(4,13,16,87,87)
r(28,2,16,88,88)
r(0,56,16,89,89)
r(1,13,16,90,90)
r(1,13,16,91,91)
w(521,1,16,92,92)
r(0,56,16,93,93)
w(0,57,16,94,94)
r(35,0,16,95,95)
r(0,57,16,96,96)
w(9,7,16,97,97)
r(24,1,16,98,98)
r(13,2,16,99,99)
r(15,2,16,100,100)
w(40,2,16,101,101)
r(5,7,16,102,102)
r(0,57,16,103,103)
w(312,1,16,104,104)
r(27,3,16,105,105)
w(1,14,16,106,106)
r(41,2,16,107,107)
r(2,8,16,108,108)
r(1,14,16,109,109)
r(22,3,16,110,110)
r(817,0,16,111,111)
r(89,0,16,112,112)
r(0,57,16,113,113)
r(110,0,16,114,114)
r(0,57,16,115,115)
w(197,1,16,116,116)
r(48,1,16,117,117)
r(1,14,16,118,118)
r(838,1,16,119,119)
r(54,1,16,120,120)
r(648,0,16,121,121)
r(10,4,16,122,122)
r(0,57,16,123,123)
r(0,57,16,124,124)
r(1,14,16,125,125)
r(194,0,16,126,126)
r(103,1,16,127,127)
r(281,1,16,128,128)
r(133,0,16,129,129)
r(149,0,16,130,130)
r(2,8,16,131,131)
r(666,0,16,132,132)
r(132,1,16,133,133)
r(0,57,16,134,134)
w(0,58,16,135,135)
r(47,3,16,136,136)
w(2,9,16,137,137)
r(12,4,16,138,138)
r(33,2,16,139,139)
r(477,0,16,140,140)
r(8,6,16,141,141)
r(5,7,16,142,142)
r(468,0,16,143,143)
r(0,58,16,144,144)
r(1,14,16,145,145)
r(865,0,16,146,146)
r(11,2,16,147,147)
w(184,1,16,148,148)
r(59,2,16,149,149)
r(0,58,16,150,150)
r(102,0,16,151,151)
r(0,58,16,152,152)
r(2,9,16,153,153)
r(0,58,16,154,154)
r(120,0,16,155,155)
r(7,9,16,156,156)
r(110,0,16,157,157)
r(1,14,16,158,158)
r(22,3,16,159,159)
r(11,2,16,160,160)
r(1,14,16,161,161)
r(17,0,16,162,162)
r(675,0,16,163,163)
r(105,0,16,164,164)
r(5,7,16,165,165)
r(208,0,16,166,166)
r(155,1,16,167,167)
r(198,0,16,168,168)
r(140,0,16,169,169)
r(138,0,16,170,170)
r(130,0,16,171,171)
r(32,1,16,172,172)
r(95,0,16,173,173)
r(6,6,16,174,174)
r(50,2,16,175,175)
r(13,2,16,176,176)
r(12,4,16,177,177)
r(30,3,16,178,178)
r(713,0,16,179,179)
r(404,0,16,180,180)
r(23,0,16,181,181)
r(5,7,16,182,182)
r(0,58,16,183,183)
r(362,0,16,184,184)
r(539,0,16,185,185)
r(86,0,16,186,186)
r(61,2,16,187,187)
r(9,7,16,188,188)
r(397,0,16,189,189)
w(16,6,16,190,190)
w(47,4,16,191,191)
r(885,0,16,192,192)
r(31,0,16,193,193)
r(244,1,16,194,194)
r(2,9,16,195,195)
r(0,58,16,196,196)
r(703,0,16,197,197)
r(2,9,16,198,198)
r(553,0,16,199,199)
r(825,0,17,0,0)
r(112,0,17,1,1)
r(7,9,17,2,2)
w(4,14,17,3,3)
r(337,0,17,4,4)
r(274,0,17,5,5)
r(250,0,17,6,6)
r(16,6,17,7,7)
r(582,0,17,8,8)
r(2,9,17,9,9)
r(6,6,17,10,10)
r(36,1,17,11,11)
r(428,0,17,12,12)
r(0,58,17,13,13)
r(1,14,17,14,14)
r(29,0,17,15,15)
r(2,9,17,16,16)
r(2,9,17,17,17)
r(1,14,17,18,18)
r(18,7,17,19,19)
r(594,0,17,20,20)
r(128,2,17,21,21)
r(388,0,17,22,22)
r(5,7,17,23,23)
r(35,0,17,24,24)
r(9,7,17,25,25)
w(2,10,17,26,26)
r(57,1,17,27,27)
r(7,9,17,28,28)
r(99,0,17,29,29)
r(2,10,17,30,30)
r(12,4,17,31,31)
r(45,3,17,32,32)
r(1,14,17,33,33)
r(15,2,17,34,34)
r(3,11,17,35,35)
r(902,0,17,36,36)
r(2,10,17,37,37)
r(68,0,17,38,38)
r(161,0,17,39,39)
r(870,0,17,40,40)
w(3,12,17,41,41)
r(9,7,17,42,42)
w(15,3,17,43,43)
r(9,7,17,44,44)
r(0,58,17,45,45)
r(573,1,17,46,46)
r(31,0,17,47,47)
r(181,0,17,48,48)
r(178,0,17,49,49)
r(0,58,17,50,50)
r(62,1,17,51,51)
w(72,1,17,52,52)
r(264,0,17,53,53)
r(164,0,17,54,54)
r(42,0,17,55,55)
r(126,0,17,56,56)
r(77,1,17,57,57)
r(61,2,17,58,58)
r(56,2,17,59,59)
r(52,1,17,60,60)
w(3,13,17,61,61)
r(339,0,17,62,62)
r(39,0,17,63,63)
r(2,10,17,64,64)
w(947,1,17,65,65)
r(61,2,17,66,66)
r(0,58,17,67,67)
r(0,58,17,68,68)
r(0,58,17,69,69)
r(433,1,17,70,70)
r(78,0,17,71,71)
r(224,0,17,72,72)
r(2,10,17,73,73)
r(62,1,17,74,74)
r(0,58,17,75,75)
r(117,0,17,76,76)
r(7,9,17,77,77)
r(26,2,17,78,78)
r(46,1,17,79,79)
r(4,14,17,80,80)
r(0,58,17,81,81)
r(77,1,17,82,82)
r(65,0,17,83,83)
r(56,2,17,84,84)
r(5,7,17,85,85)
r(266,0,17,86,86)
r(4,14,17,87,87)
r(22,3,17,88,88)
r(0,58,17,89,89)
r(89,0,17,90,90)
r(2,10,17,91,91)
r(478,0,17,92,92)
r(68,0,17,93,93)
w(22,4,17,94,94)
r(0,58,17,95,95)
r(21,3,17,96,96)
r(215,0,17,97,97)
r(34,1,17,98,98)
r(8,6,17,99,99)
r(2,10,17,100,100)
r(36,1,17,101,101)
r(1,14,17,102,102)
r(24,1,17,103,103)
r(156,0,17,104,104)
r(14,1,17,105,105)
r(740,0,17,106,106)
w(241,1,17,107,107)
r(12,4,17,108,108)
r(830,0,17,109,109)
r(654,0,17,110,110)
r(4,14,17,111,111)
r(206,1,17,112,112)
r(553,0,17,113,113)
r(18,7,17,114,114)
r(53,2,17,115,115)
r(294,0,17,116,116)
r(4,14,17,117,117)
r(6,6,17,118,118)
w(24,2,17,119,119)
r(708,0,17,120,120)
r(3,13,17,121,121)
r(89,0,17,122,122)
r(0,58,17,123,123)
r(37,1,17,124,124)
r(2,10,17,125,125)
r(337,0,17,126,126)
r(7,9,17,127,127)
r(3,13,17,128,128)
r(36,1,17,129,129)
w(0,59,17,130,130)
r(11,2,17,131,131)
r(55,1,17,132,132)
r(4,14,17,133,133)
r(224,0,17,134,134)
r(12,4,17,135,135)
r(4,14,17,136,136)
w(0,60,17,137,137)
r(24,2,17,138,138)
r(0,60,17,139,139)
r(3,13,17,140,140)
r(30,3,17,141,141)
r(0,60,17,142,142)
r(2,10,17,143,143)
r(1,14,17,144,144)
r(3,13,17,145,145)
r(35,0,17,146,146)
r(4,14,17,147,147)
r(0,60,17,148,148)
r(6,6,17,149,149)
r(0,60,17,150,150)
w(54,2,17,151,151)
r(48,1,17,152,152)
r(19,1,17,153,153)
r(201,0,17,154,154)
r(5,7,17,155,155)
r(429,0,17,156,156)
r(112,0,17,157,157)
r(3,13,17,158,158)
r(0,60,17,159,159)
r(48,1,17,160,160)
r(309,0,17,161,161)
r(9,7,17,162,162)
r(508,0,17,163,163)
r(576,0,17,164,164)
r(16,6,17,165,165)
r(0,60,17,166,166)
r(322,0,17,167,167)
r(0,60,17,168,168)
w(25,4,17,169,169)
r(313,0,17,170,170)
r(258,0,17,171,171)
w(1,15,17,172,172)
r(0,60,17,173,173)
r(362,0,17,174,174)
r(458,0,17,175,175)
r(36,1,17,176,176)
r(2,10,17,177,177)
r(0,60,17,178,178)
r(3,13,17,179,179)
r(0,60,17,180,180)
r(61,2,17,181,181)
r(110,0,17,182,182)
r(29,0,17,183,183)
r(0,60,17,184,184)
r(0,60,17,185,185)
r(11,2,17,186,186)
r(15,3,17,187,187)
r(17,0,17,188,188)
r(13,2,17,189,189)
r(291,0,17,190,190)
r(222,1,17,191,191)
r(0,60,17,192,192)
r(63,3,17,193,193)
r(77,1,17,194,194)
r(3,13,17,195,195)
r(2,10,17,196,196)
r(37,1,17,197,197)
w(0,61,17,198,198)
w(295,1,17,199,199)
r(15,3,18,0,0)
r(0,61,18,1,1)
r(8,6,18,2,2)
r(14,1,18,3,3)
r(161,0,18,4,4)
r(109,0,18,5,5)
r(15,3,18,6,6)
r(45,3,18,7,7)
r(598,0,18,8,8)
r(94,0,18,9,9)
r(0,61,18,10,10)
r(56,2,18,11,11)
r(20,1,18,12,12)
r(739,0,18,13,13)
r(3,13,18,14,14)
w(0,62,18,15,15)
w(45,4,18,16,16)
r(8,6,18,17,17)
r(441,0,18,18,18)
r(210,0,18,19,19)
r(19,1,18,20,20)
r(0,62,18,21,21)
r(7,9,18,22,22)
r(0,62,18,23,23)
r(129,0,18,24,24)
r(501,1,18,25,25)
r(10,4,18,26,26)
r(120,0,18,27,27)
r(13,2,18,28,28)
r(0,62,18,29,29)
r(2,10,18,30,30)
r(164,0,18,31,31)
r(42,0,18,32,32)
r(0,62,18,33,33)
w(51,2,18,34,34)
r(13,2,18,35,35)
r(0,62,18,36,36)
r(0,62,18,37,37)
r(1,15,18,38,38)
r(2,10,18,39,39)
r(0,62,18,40,40)
r(3,13,18,41,41)
r(568,0,18,42,42)
r(5,7,18,43,43)
r(22,4,18,44,44)
r(226,0,18,45,45)
r(0,62,18,46,46)
r(0,62,18,47,47)
r(12,4,18,48,48)
r(31,0,18,49,49)
r(0,62,18,50,50)
r(2,10,18,51,51)
r(749,0,18,52,52)
r(199,0,18,53,53)
w(3,14,18,54,54)
w(952,1,18,55,55)
r(13,2,18,56,56)
r(0,62,18,57,57)
r(17,0,18,58,58)
r(0,62,18,59,59)
r(3,14,18,60,60)
r(27,3,18,61,61)
r(0,62,18,62,62)
r(2,10,18,63,63)
r(0,62,18,64,64)
w(967,1,18,65,65)
r(198,0,18,66,66)
r(0,62,18,67,67)
r(12,4,18,68,68)
r(4,14,18,69,69)
r(5,7,18,70,70)
r(34,1,18,71,71)
r(0,62,18,72,72)
r(118,0,18,73,73)
r(0,62,18,74,74)
r(9,7,18,75,75)
r(0,62,18,76,76)
w(0,63,18,77,77)
r(0,63,18,78,78)
r(2,10,18,79,79)
r(3,14,18,80,80)
r(89,0,18,81,81)
r(37,1,18,82,82)
w(222,2,18,83,83)
w(92,3,18,84,84)
r(872,0,18,85,85)
w(327,1,18,86,86)
w(151,1,18,87,87)
w(39,1,18,88,88)
r(4,14,18,89,89)
r(942,0,18,90,90)
r(523,0,18,91,91)
r(0,63,18,92,92)
r(5,7,18,93,93)
r(364,0,18,94,94)
r(32,1,18,95,95)
r(538,0,18,96,96)
r(171,0,18,97,97)
r(2,10,18,98,98)
r(127,0,18,99,99)
r(866,0,18,100,100)
r(36,1,18,101,101)
r(13,2,18,102,102)
r(10,4,18,103,103)
r(23,0,18,104,104)
r(2,10,18,105,105)
r(2,10,18,106,106)
r(3,14,18,107,107)
r(2,10,18,108,108)
r(3,14,18,109,109)
r(2,10,18,110,110)
w(1,16,18,111,111)
r(357,0,18,112,112)
r(166,0,18,113,113)
r(4,14,18,114,114)
w(0,64,18,115,115)
r(427,0,18,116,116)
r(1,16,18,117,117)
r(18,7,18,118,118)
r(459,0,18,119,119)
r(63,3,18,120,120)
r(58,1,18,121,121)
r(85,0,18,122,122)
r(35,0,18,123,123)
r(546,0,18,124,124)
r(1,16,18,125,125)
r(3,14,18,126,126)
r(196,1,18,127,127)
r(0,64,18,128,128)
w(1,17,18,129,129)
r(46,1,18,130,130)
r(20,1,18,131,131)
r(257,0,18,132,132)
r(3,14,18,133,133)
r(148,0,18,134,134)
r(102,0,18,135,135)
r(64,1,18,136,136)
r(15,3,18,137,137)
r(263,0,18,138,138)
r(360,0,18,139,139)
r(433,1,18,140,140)
r(34,1,18,141,141)
w(547,1,18,142,142)
r(154,2,18,143,143)
r(2,10,18,144,144)
r(0,64,18,145,145)
r(50,2,18,146,146)
r(44,1,18,147,147)
r(7,9,18,148,148)
r(6,6,18,149,149)
r(21,3,18,150,150)
r(10,4,18,151,151)
r(10,4,18,152,152)
r(45,4,18,153,153)
r(262,0,18,154,154)
w(5,8,18,155,155)
r(5,8,18,156,156)
r(63,3,18,157,157)
r(0,64,18,158,158)
r(91,2,18,159,159)
r(13,2,18,160,160)
r(1,17,18,161,161)
r(603,0,18,162,162)
r(42,0,18,163,163)
r(208,0,18,164,164)
r(28,2,18,165,165)
r(47,4,18,166,166)
r(0,64,18,167,167)
r(2,10,18,168,168)
r(100,0,18,169,169)
r(45,4,18,170,170)
r(308,0,18,171,171)
r(3,14,18,172,172)
r(11,2,18,173,173)
r(0,64,18,174,174)
r(0,64,18,175,175)
r(2,10,18,176,176)
r(178,0,18,177,177)
r(37,1,18,178,178)
r(2,10,18,179,179)
r(2,10,18,180,180)
r(0,64,18,181,181)
r(156,0,18,182,182)
r(709,0,18,183,183)
w(44,2,18,184,184)
r(0,64,18,185,185)
w(240,1,18,186,186)
r(187,0,18,187,187)
r(0,64,18,188,188)
r(0,64,18,189,189)
r(45,4,18,190,190)
r(455,0,18,191,191)
r(5,8,18,192,192)
r(951,0,18,193,193)
w(343,2,18,194,194)
r(101,1,18,195,195)
r(2,10,18,196,196)
r(344,0,18,197,197)
w(0,65,18,198,198)
r(577,0,18,199,199)
r(500,0,19,0,0)
r(18,7,19,1,1)
r(5,8,19,2,2)
r(2,10,19,3,3)
r(0,65,19,4,4)
r(30,3,19,5,5)
w(156,1,19,6,6)
w(1,18,19,7,7)
r(68,0,19,8,8)
r(1,18,19,9,9)
r(12,4,19,10,10)
r(25,4,19,11,11)
r(25,4,19,12,12)
r(1,18,19,13,13)
r(1,18,19,14,14)
r(33,2,19,15,15)
w(869,1,19,16,16)
r(573,1,19,17,17)
r(64,1,19,18,18)
r(76,1,19,19,19)
r(0,65,19,20,20)
w(211,2,19,21,21)
r(1,18,19,22,22)
r(84,1,19,23,23)
r(80,1,19,24,24)
r(4,14,19,25,25)
r(6,6,19,26,26)
r(9,7,19,27,27)
w(572,1,19,28,28)
r(21,3,19,29,29)
r(4,14,19,30,30)
w(879,1,19,31,31)
w(3,15,19,32,32)
r(137,0,19,33,33)
r(92,3,19,34,34)
r(4,14,19,35,35)
r(291,0,19,36,36)
r(39,1,19,37,37)
r(873,0,19,38,38)
r(11,2,19,39,39)
w(0,66,19,40,40)
r(3,15,19,41,41)
r(18,7,19,42,42)
r(14,1,19,43,43)
r(184,1,19,44,44)
w(0,67,19,45,45)
r(420,0,19,46,46)
r(176,0,19,47,47)
r(4,14,19,48,48)
r(5,8,19,49,49)
r(95,0,19,50,50)
r(22,4,19,51,51)
r(24,2,19,52,52)
r(1,18,19,53,53)
r(115,1,19,54,54)
r(27,3,19,55,55)
r(39,1,19,56,56)
r(2,10,19,57,57)
r(8,6,19,58,58)
r(4,14,19,59,59)
r(464,0,19,60,60)
r(144,0,19,61,61)
r(90,0,19,62,62)
r(937,0,19,63,63)
r(3,15,19,64,64)
r(0,67,19,65,65)
r(27,3,19,66,66)
w(159,1,19,67,67)
r(30,3,19,68,68)
r(694,0,19,69,69)
r(0,67,19,70,70)
r(219,0,19,71,71)
r(31,0,19,72,72)
r(291,0,19,73,73)
r(1,18,19,74,74)
r(131,0,19,75,75)
r(26,2,19,76,76)
r(146,1,19,77,77)
r(659,0,19,78,78)
r(2,10,19,79,79)
w(376,1,19,80,80)
r(21,3,19,81,81)
w(56,3,19,82,82)
r(361,0,19,83,83)
r(23,0,19,84,84)
r(388,0,19,85,85)
r(0,67,19,86,86)
w(0,68,19,87,87)
r(118,0,19,88,88)
r(1,18,19,89,89)
r(21,3,19,90,90)
w(270,1,19,91,91)
r(4,14,19,92,92)
w(8,7,19,93,93)
r(16,6,19,94,94)
r(13,2,19,95,95)
r(8,7,19,96,96)
r(34,1,19,97,97)
r(32,1,19,98,98)
r(420,0,19,99,99)
r(10,4,19,100,100)
r(157,0,19,101,101)
r(453,0,19,102,102)
r(1,18,19,103,103)
r(150,1,19,104,104)
r(34,1,19,105,105)
r(1,18,19,106,106)
r(132,1,19,107,107)
w(18,8,19,108,108)
r(163,0,19,109,109)
r(83,1,19,110,110)
r(80,1,19,111,111)
r(53,2,19,112,112)
r(702,0,19,113,113)
r(22,4,19,114,114)
r(472,0,19,115,115)
r(60,2,19,116,116)
r(676,0,19,117,117)
w(669,1,19,118,118)
r(42,0,19,119,119)
r(124,1,19,120,120)
w(446,1,19,121,121)
r(1,18,19,122,122)
r(1,18,19,123,123)
r(3,15,19,124,124)
r(50,2,19,125,125)
r(988,0,19,126,126)
r(0,68,19,127,127)
r(613,0,19,128,128)
r(26,2,19,129,129)
r(5,8,19,130,130)
r(73,0,19,131,131)
r(1,18,19,132,132)
r(393,0,19,133,133)
r(124,1,19,134,134)
r(855,0,19,135,135)
w(250,1,19,136,136)
r(548,0,19,137,137)
r(133,0,19,138,138)
r(28,2,19,139,139)
r(0,68,19,140,140)
r(30,3,19,141,141)
r(2,10,19,142,142)
r(4,14,19,143,143)
r(64,1,19,144,144)
r(16,6,19,145,145)
r(261,0,19,146,146)
r(30,3,19,147,147)
r(83,1,19,148,148)
w(0,69,19,149,149)
r(1,18,19,150,150)
r(1,18,19,151,151)
r(1,18,19,152,152)
r(12,4,19,153,153)
r(141,0,19,154,154)
r(465,0,19,155,155)
r(15,3,19,156,156)
r(1,18,19,157,157)
r(0,69,19,158,158)
r(17,0,19,159,159)
r(11,2,19,160,160)
r(6,6,19,161,161)
w(49,1,19,162,162)
r(172,0,19,163,163)
r(6,6,19,164,164)
r(145,0,19,165,165)
r(2,10,19,166,166)
r(0,69,19,167,167)
r(309,0,19,168,168)
r(150,1,19,169,169)
r(4,14,19,170,170)
r(10,4,19,171,171)
r(2,10,19,172,172)
r(38,2,19,173,173)
r(2,10,19,174,174)
r(70,0,19,175,175)
r(2,10,19,176,176)
r(137,0,19,177,177)
r(517,0,19,178,178)
r(566,1,19,179,179)
r(17,0,19,180,180)
r(22,4,19,181,181)
w(29,1,19,182,182)
r(21,3,19,183,183)
r(7,9,19,184,184)
w(301,1,19,185,185)
w(1,19,19,186,186)
r(44,2,19,187,187)
w(600,1,19,188,188)
r(206,1,19,189,189)
r(2,10,19,190,190)
r(804,0,19,191,191)
w(4,15,19,192,192)
r(87,0,19,193,193)
r(844,0,19,194,194)
r(0,69,19,195,195)
r(604,0,19,196,196)
r(8,7,19,197,197)
r(25,4,19,198,198)
r(3,15,19,199,199)
r(1,19,20,0,0)
r(29,1,20,1,1)
r(34,1,20,2,2)
r(2,10,20,3,3)
r(50,2,20,4,4)
r(303,0,20,5,5)
r(7,9,20,6,6)
r(0,69,20,7,7)
r(94,0,20,8,8)
r(110,0,20,9,9)
w(0,70,20,10,10)
r(0,70,20,11,11)
r(965,0,20,12,12)
w(199,1,20,13,13)
r(103,1,20,14,14)
r(0,70,20,15,15)
r(2,10,20,16,16)
r(110,0,20,17,17)
r(2,10,20,18,18)
w(13,3,20,19,19)
r(0,70,20,20,20)
r(3,15,20,21,21)
r(0,70,20,22,22)
r(0,70,20,23,23)
r(160,0,20,24,24)
r(197,1,20,25,25)
r(156,1,20,26,26)
r(14,1,20,27,27)
r(863,0,20,28,28)
r(141,0,20,29,29)
r(149,0,20,30,30)
r(152,0,20,31,31)
r(71,0,20,32,32)
r(27,3,20,33,33)
r(7,9,20,34,34)
r(1,19,20,35,35)
r(575,0,20,36,36)
r(0,70,20,37,37)
r(125,0,20,38,38)
r(134,0,20,39,39)
w(1,20,20,40,40)
r(45,4,20,41,41)
r(2,10,20,42,42)
r(1,20,20,43,43)
r(1,20,20,44,44)
r(648,0,20,45,45)
r(2,10,20,46,46)
r(2,10,20,47,47)
r(9,7,20,48,48)
w(30,4,20,49,49)
r(0,70,20,50,50)
r(3,15,20,51,51)
r(0,70,20,52,52)
r(159,1,20,53,53)
w(364,1,20,54,54)
r(50,2,20,55,55)
r(419,1,20,56,56)
r(858,0,20,57,57)
r(0,70,20,58,58)
w(0,71,20,59,59)
r(755,0,20,60,60)
r(14,1,20,61,61)
r(36,1,20,62,62)
r(5,8,20,63,63)
r(25,4,20,64,64)
r(8,7,20,65,65)
w(6,7,20,66,66)
r(8,7,20,67,67)
r(0,71,20,68,68)
r(24,2,20,69,69)
r(630,0,20,70,70)
r(41,2,20,71,71)
r(81,1,20,72,72)
r(18,8,20,73,73)
r(18,8,20,74,74)
r(4,15,20,75,75)
r(0,71,20,76,76)
r(8,7,20,77,77)
r(6,7,20,78,78)
w(440,1,20,79,79)
w(15,4,20,80,80)
r(67,0,20,81,81)
r(456,0,20,82,82)
r(46,1,20,83,83)
r(7,9,20,84,84)
r(575,0,20,85,85)
r(653,0,20,86,86)
r(7,9,20,87,87)
r(6,7,20,88,88)
r(126,0,20,89,89)
r(201,0,20,90,90)
r(0,71,20,91,91)
r(113,1,20,92,92)
r(326,0,20,93,93)
r(0,71,20,94,94)
r(839,0,20,95,95)
r(525,0,20,96,96)
r(0,71,20,97,97)
w(34,2,20,98,98)
r(0,71,20,99,99)
r(667,0,20,100,100)
r(723,0,20,101,101)
r(0,71,20,102,102)
r(5,8,20,103,103)
r(3,15,20,104,104)
r(0,71,20,105,105)
r(0,71,20,106,106)
r(378,0,20,107,107)
r(12,4,20,108,108)
w(0,72,20,109,109)
r(1,20,20,110,110)
r(14,1,20,111,111)
r(3,15,20,112,112)
w(154,3,20,113,113)
r(874,0,20,114,114)
w(607,1,20,115,115)
r(5,8,20,116,116)
w(2,11,20,117,117)
r(20,1,20,118,118)
r(73,0,20,119,119)
r(77,1,20,120,120)
r(38,2,20,121,121)
r(114,0,20,122,122)
r(162,0,20,123,123)
w(11,3,20,124,124)
r(88,0,20,125,125)
r(335,0,20,126,126)
r(2,11,20,127,127)
r(1,20,20,128,128)
r(190,2,20,129,129)
r(1,20,20,130,130)
r(588,0,20,131,131)
r(15,4,20,132,132)
r(58,1,20,133,133)
r(52,1,20,134,134)
r(83,1,20,135,135)
r(0,72,20,136,136)
w(269,1,20,137,137)
r(552,0,20,138,138)
r(137,0,20,139,139)
r(4,15,20,140,140)
r(58,1,20,141,141)
r(3,15,20,142,142)
r(449,0,20,143,143)
r(812,0,20,144,144)
r(7,9,20,145,145)
r(5,8,20,146,146)
r(0,72,20,147,147)
r(525,0,20,148,148)
r(1,20,20,149,149)
r(986,0,20,150,150)
r(6,7,20,151,151)
r(4,15,20,152,152)
r(10,4,20,153,153)
r(3,15,20,154,154)
r(424,0,20,155,155)
r(3,15,20,156,156)
w(0,73,20,157,157)
r(3,15,20,158,158)
r(17,0,20,159,159)
r(244,1,20,160,160)
r(151,1,20,161,161)
r(0,73,20,162,162)
r(47,4,20,163,163)
w(1,21,20,164,164)
r(358,0,20,165,165)
r(3,15,20,166,166)
r(201,0,20,167,167)
r(314,0,20,168,168)
r(30,4,20,169,169)
r(1,21,20,170,170)
r(433,1,20,171,171)
r(1,21,20,172,172)
r(0,73,20,173,173)
r(164,0,20,174,174)
r(177,0,20,175,175)
r(68,0,20,176,176)
r(66,0,20,177,177)
w(228,1,20,178,178)
r(194,0,20,179,179)
r(43,1,20,180,180)
r(19,1,20,181,181)
r(8,7,20,182,182)
r(7,9,20,183,183)
r(0,73,20,184,184)
r(144,0,20,185,185)
r(0,73,20,186,186)
r(240,1,20,187,187)
r(442,0,20,188,188)
r(9,7,20,189,189)
r(9,7,20,190,190)
r(74,1,20,191,191)
r(352,0,20,192,192)
r(1,21,20,193,193)
r(0,73,20,194,194)
r(0,73,20,195,195)
r(13,3,20,196,196)
r(5,8,20,197,197)
r(0,73,20,198,198)
r(259,0,20,199,199)
r(46,1,21,0,0)
r(467,0,21,1,1)
r(883,0,21,2,2)
r(0,73,21,3,3)
r(24,2,21,4,4)
r(10,4,21,5,5)
r(652,0,21,6,6)
r(38,2,21,7,7)
r(1,21,21,8,8)
r(0,73,21,9,9)
r(105,0,21,10,10)
r(114,0,21,11,11)
w(469,1,21,12,12)
r(14,1,21,13,13)
r(317,0,21,14,14)
r(601,0,21,15,15)
r(0,73,21,16,16)
r(786,0,21,17,17)
r(53,2,21,18,18)
r(195,1,21,19,19)
r(3,15,21,20,20)
r(152,0,21,21,21)
r(107,0,21,22,22)
r(0,73,21,23,23)
w(23,1,21,24,24)
r(72,1,21,25,25)
r(418,0,21,26,26)
r(125,0,21,27,27)
r(17,0,21,28,28)
w(176,1,21,29,29)
r(0,73,21,30,30)
r(722,0,21,31,31)
r(474,0,21,32,32)
r(1,21,21,33,33)
r(52,1,21,34,34)
r(439,0,21,35,35)
r(473,1,21,36,36)
r(4,15,21,37,37)
r(37,1,21,38,38)
r(1,21,21,39,39)
r(1,21,21,40,40)
r(3,15,21,41,41)
r(0,73,21,42,42)
r(22,4,21,43,43)
r(237,0,21,44,44)
r(99,0,21,45,45)
r(283,0,21,46,46)
r(2,11,21,47,47)
r(0,73,21,48,48)
w(892,1,21,49,49)
r(73,0,21,50,50)
r(135,0,21,51,51)
r(10,4,21,52,52)
r(0,73,21,53,53)
r(1,21,21,54,54)
r(13,3,21,55,55)
r(48,1,21,56,56)
r(223,1,21,57,57)
r(31,0,21,58,58)
r(5,8,21,59,59)
r(80,1,21,60,60)
r(8,7,21,61,61)
r(2,11,21,62,62)
w(2,12,21,63,63)
r(1,21,21,64,64)
r(261,0,21,65,65)
w(13,4,21,66,66)
r(351,0,21,67,67)
r(84,1,21,68,68)
r(315,0,21,69,69)
r(0,73,21,70,70)
r(0,73,21,71,71)
r(83,1,21,72,72)
r(60,2,21,73,73)
r(22,4,21,74,74)
r(108,2,21,75,75)
r(309,0,21,76,76)
r(0,73,21,77,77)
w(38,3,21,78,78)
r(0,73,21,79,79)
r(992,0,21,80,80)
r(49,1,21,81,81)
r(2,12,21,82,82)
r(4,15,21,83,83)
r(0,73,21,84,84)
r(23,1,21,85,85)
r(1,21,21,86,86)
r(8,7,21,87,87)
r(106,2,21,88,88)
r(3,15,21,89,89)
r(547,1,21,90,90)
r(1,21,21,91,91)
r(17,0,21,92,92)
w(154,4,21,93,93)
r(0,73,21,94,94)
r(0,73,21,95,95)
r(530,0,21,96,96)
r(5,8,21,97,97)
r(216,1,21,98,98)
r(118,0,21,99,99)
r(106,2,21,100,100)
r(379,0,21,101,101)
r(8,7,21,102,102)
r(8,7,21,103,103)
r(157,0,21,104,104)
r(146,1,21,105,105)
w(525,1,21,106,106)
r(17,0,21,107,107)
r(23,1,21,108,108)
r(0,73,21,109,109)
w(0,74,21,110,110)
r(13,4,21,111,111)
r(10,4,21,112,112)
r(196,1,21,113,113)
w(26,3,21,114,114)
r(59,2,21,115,115)
r(16,6,21,116,116)
w(0,75,21,117,117)
r(7,9,21,118,118)
r(8,7,21,119,119)
r(202,0,21,120,120)
w(24,3,21,121,121)
r(294,0,21,122,122)
r(13,4,21,123,123)
r(3,15,21,124,124)
r(1,21,21,125,125)
r(0,75,21,126,126)
r(98,0,21,127,127)
r(783,0,21,128,128)
r(1,21,21,129,129)
r(0,75,21,130,130)
r(208,0,21,131,131)
r(11,3,21,132,132)
r(248,0,21,133,133)
r(140,0,21,134,134)
r(148,0,21,135,135)
r(40,2,21,136,136)
r(128,2,21,137,137)
r(772,0,21,138,138)
r(0,75,21,139,139)
w(17,1,21,140,140)
w(801,1,21,141,141)
r(1,21,21,142,142)
w(138,1,21,143,143)
r(1,21,21,144,144)
r(91,2,21,145,145)
r(3,15,21,146,146)
w(36,2,21,147,147)
r(0,75,21,148,148)
r(153,0,21,149,149)
r(0,75,21,150,150)
r(3,15,21,151,151)
r(598,0,21,152,152)
r(10,4,21,153,153)
r(292,0,21,154,154)
r(0,75,21,155,155)
r(357,0,21,156,156)
r(284,0,21,157,157)
r(14,1,21,158,158)
r(3,15,21,159,159)
r(51,2,21,160,160)
r(7,9,21,161,161)
r(662,0,21,162,162)
r(35,0,21,163,163)
r(13,4,21,164,164)
r(66,0,21,165,165)
r(45,4,21,166,166)
r(415,0,21,167,167)
r(118,0,21,168,168)
r(0,75,21,169,169)
w(1,22,21,170,170)
r(1,22,21,171,171)
r(20,1,21,172,172)
r(139,0,21,173,173)
r(14,1,21,174,174)
r(0,75,21,175,175)
r(552,0,21,176,176)
r(17,1,21,177,177)
w(643,1,21,178,178)
r(143,1,21,179,179)
r(0,75,21,180,180)
r(787,0,21,181,181)
w(0,76,21,182,182)
r(16,6,21,183,183)
r(4,15,21,184,184)
r(3,15,21,185,185)
r(330,0,21,186,186)
r(0,76,21,187,187)
r(0,76,21,188,188)
r(545,0,21,189,189)
r(0,76,21,190,190)
r(179,1,21,191,191)
r(387,0,21,192,192)
r(3,15,21,193,193)
r(3,15,21,194,194)
r(65,0,21,195,195)
r(11,3,21,196,196)
r(957,0,21,197,197)
w(869,2,21,198,198)
r(14,1,21,199,199)
r(314,0,22,0,0)
r(276,0,22,1,1)
r(64,1,22,2,2)
r(166,0,22,3,3)
r(481,0,22,4,4)
r(365,0,22,5,5)
r(584,0,22,6,6)
w(5,9,22,7,7)
r(29,1,22,8,8)
r(44,2,22,9,9)
r(4,15,22,10,10)
r(266,0,22,11,11)
r(32,1,22,12,12)
r(11,3,22,13,13)
r(7,9,22,14,14)
r(235,0,22,15,15)
r(406,0,22,16,16)
r(607,1,22,17,17)
r(9,7,22,18,18)
r(423,1,22,19,19)
r(137,0,22,20,20)
r(44,2,22,21,21)
r(0,76,22,22,22)
r(0,76,22,23,23)
r(28,2,22,24,24)
r(3,15,22,25,25)
r(1,22,22,26,26)
r(33,2,22,27,27)
r(0,76,22,28,28)
r(42,0,22,29,29)
w(1,23,22,30,30)
r(4,15,22,31,31)
r(238,0,22,32,32)
r(1,23,22,33,33)
r(0,76,22,34,34)
r(1,23,22,35,35)
r(1,23,22,36,36)
w(0,77,22,37,37)
r(232,0,22,38,38)
r(2,12,22,39,39)
r(57,1,22,40,40)
r(87,0,22,41,41)
r(76,1,22,42,42)
r(7,9,22,43,43)
r(7,9,22,44,44)
r(487,0,22,45,45)
r(147,0,22,46,46)
r(399,0,22,47,47)
r(0,77,22,48,48)
r(2,12,22,49,49)
r(139,0,22,50,50)
r(180,0,22,51,51)
r(117,0,22,52,52)
r(3,15,22,53,53)
r(122,0,22,54,54)
r(27,3,22,55,55)
r(0,77,22,56,56)
r(466,1,22,57,57)
r(488,0,22,58,58)
r(25,4,22,59,59)
r(1,23,22,60,60)
r(0,77,22,61,61)
w(20,2,22,62,62)
r(3,15,22,63,63)
r(13,4,22,64,64)
r(280,0,22,65,65)
r(131,0,22,66,66)
r(1,23,22,67,67)
r(45,4,22,68,68)
r(220,0,22,69,69)
r(4,15,22,70,70)
r(8,7,22,71,71)
w(116,1,22,72,72)
w(2,13,22,73,73)
r(138,1,22,74,74)
r(0,77,22,75,75)
r(130,0,22,76,76)
r(275,0,22,77,77)
w(0,78,22,78,78)
w(82,3,22,79,79)
r(657,0,22,80,80)
r(841,0,22,81,81)
r(0,78,22,82,82)
r(579,0,22,83,83)
r(0,78,22,84,84)
r(21,3,22,85,85)
r(25,4,22,86,86)
r(4,15,22,87,87)
w(43,2,22,88,88)
r(64,1,22,89,89)
r(407,0,22,90,90)
r(183,0,22,91,91)
w(30,5,22,92,92)
r(536,0,22,93,93)
r(36,2,22,94,94)
r(170,1,22,95,95)
r(1,23,22,96,96)
r(1,23,22,97,97)
r(37,1,22,98,98)
r(1,23,22,99,99)
w(3,16,22,100,100)
r(544,0,22,101,101)
w(74,2,22,102,102)
r(1,23,22,103,103)
r(5,9,22,104,104)
r(6,7,22,105,105)
r(107,0,22,106,106)
r(515,0,22,107,107)
r(10,4,22,108,108)
w(2,14,22,109,109)
w(11,4,22,110,110)
r(51,2,22,111,111)
r(0,78,22,112,112)
r(880,1,22,113,113)
r(3,16,22,114,114)
r(22,4,22,115,115)
r(278,0,22,116,116)
r(22,4,22,117,117)
r(25,4,22,118,118)
r(17,1,22,119,119)
r(151,1,22,120,120)
r(0,78,22,121,121)
r(0,78,22,122,122)
w(0,79,22,123,123)
r(0,79,22,124,124)
r(558,0,22,125,125)
r(169,1,22,126,126)
r(5,9,22,127,127)
r(994,0,22,128,128)
r(467,0,22,129,129)
r(570,0,22,130,130)
r(19,1,22,131,131)
r(294,0,22,132,132)
r(170,1,22,133,133)
r(301,1,22,134,134)
r(282,0,22,135,135)
r(708,0,22,136,136)
r(68,0,22,137,137)
r(23,1,22,138,138)
r(4,15,22,139,139)
r(4,15,22,140,140)
w(14,2,22,141,141)
r(3,16,22,142,142)
r(67,0,22,143,143)
r(94,0,22,144,144)
r(10,4,22,145,145)
w(1,24,22,146,146)
r(0,79,22,147,147)
w(1,25,22,148,148)
w(1,26,22,149,149)
r(487,0,22,150,150)
r(0,79,22,151,151)
r(29,1,22,152,152)
r(0,79,22,153,153)
r(132,1,22,154,154)
r(459,0,22,155,155)
r(220,0,22,156,156)
r(341,0,22,157,157)
r(922,0,22,158,158)
r(184,1,22,159,159)
r(165,0,22,160,160)
w(0,80,22,161,161)
r(0,80,22,162,162)
w(164,1,22,163,163)
r(37,1,22,164,164)
r(39,1,22,165,165)
r(0,80,22,166,166)
r(42,0,22,167,167)
r(95,0,22,168,168)
r(2,14,22,169,169)
r(856,0,22,170,170)
r(203,0,22,171,171)
r(595,0,22,172,172)
r(62,1,22,173,173)
r(349,0,22,174,174)
r(0,80,22,175,175)
w(29,2,22,176,176)
r(326,0,22,177,177)
r(50,2,22,178,178)
r(427,0,22,179,179)
r(3,16,22,180,180)
r(554,0,22,181,181)
r(17,1,22,182,182)
r(6,7,22,183,183)
r(0,80,22,184,184)
r(5,9,22,185,185)
r(16,6,22,186,186)
r(49,1,22,187,187)
r(1,26,22,188,188)
r(106,2,22,189,189)
w(7,10,22,190,190)
r(7,10,22,191,191)
r(33,2,22,192,192)
r(15,4,22,193,193)
r(45,4,22,194,194)
r(4,15,22,195,195)
w(0,81,22,196,196)
r(25,4,22,197,197)
r(0,81,22,198,198)
r(699,0,22,199,199)
r(94,0,23,0,0)
r(219,0,23,1,1)
r(1,26,23,2,2)
r(0,81,23,3,3)
r(339,0,23,4,4)
w(6,8,23,5,5)
r(46,1,23,6,6)
r(1,26,23,7,7)
r(1,26,23,8,8)
r(390,0,23,9,9)
r(286,1,23,10,10)
r(2,14,23,11,11)
r(1,26,23,12,12)
r(9,7,23,13,13)
r(417,0,23,14,14)
r(48,1,23,15,15)
r(4,15,23,16,16)
r(24,3,23,17,17)
r(0,81,23,18,18)
w(4,16,23,19,19)
r(1,26,23,20,20)
r(34,2,23,21,21)
r(68,0,23,22,22)
r(2,14,23,23,23)
r(39,1,23,24,24)
r(3,16,23,25,25)
r(4,16,23,26,26)
w(653,1,23,27,27)
r(2,14,23,28,28)
r(14,2,23,29,29)
r(106,2,23,30,30)
r(926,0,23,31,31)
r(3,16,23,32,32)
r(2,14,23,33,33)
r(55,1,23,34,34)
r(843,0,23,35,35)
r(0,81,23,36,36)
r(1,26,23,37,37)
r(500,0,23,38,38)
r(134,0,23,39,39)
r(32,1,23,40,40)
r(4,16,23,41,41)
r(663,0,23,42,42)
r(0,81,23,43,43)
r(0,81,23,44,44)
r(29,2,23,45,45)
r(1,26,23,46,46)
r(1,26,23,47,47)
r(122,0,23,48,48)
w(0,82,23,49,49)
r(1,26,23,50,50)
r(36,2,23,51,51)
r(6,8,23,52,52)
r(0,82,23,53,53)
r(292,0,23,54,54)
r(36,2,23,55,55)
w(1,27,23,56,56)
r(0,82,23,57,57)
r(521,1,23,58,58)
r(1,27,23,59,59)
r(65,0,23,60,60)
r(22,4,23,61,61)
w(543,1,23,62,62)
r(27,3,23,63,63)
r(79,0,23,64,64)
r(2,14,23,65,65)
r(340,0,23,66,66)
r(32,1,23,67,67)
r(19,1,23,68,68)
r(1,27,23,69,69)
r(30,5,23,70,70)
r(1,27,23,71,71)
r(2,14,23,72,72)
w(6,9,23,73,73)
r(2,14,23,74,74)
r(0,82,23,75,75)
r(352,0,23,76,76)
r(315,0,23,77,77)
r(1,27,23,78,78)
r(187,0,23,79,79)
r(55,1,23,80,80)
r(2,14,23,81,81)
r(2,14,23,82,82)
r(58,1,23,83,83)
r(60,2,23,84,84)
r(3,16,23,85,85)
r(12,4,23,86,86)
r(4,16,23,87,87)
r(1,27,23,88,88)
r(7,10,23,89,89)
r(3,16,23,90,90)
r(1,27,23,91,91)
r(8,7,23,92,92)
r(37,1,23,93,93)
r(0,82,23,94,94)
r(5,9,23,95,95)
r(49,1,23,96,96)
r(160,0,23,97,97)
r(11,4,23,98,98)
r(23,1,23,99,99)
r(558,0,23,100,100)
r(24,3,23,101,101)
r(773,1,23,102,102)
r(12,4,23,103,103)
r(0,82,23,104,104)
r(4,16,23,105,105)
r(113,1,23,106,106)
r(1,27,23,107,107)
r(44,2,23,108,108)
r(3,16,23,109,109)
w(18,9,23,110,110)
r(0,82,23,111,111)
r(145,0,23,112,112)
r(392,0,23,113,113)
r(797,0,23,114,114)
r(3,16,23,115,115)
w(5,10,23,116,116)
r(265,0,23,117,117)
r(142,0,23,118,118)
r(688,0,23,119,119)
r(3,16,23,120,120)
r(1,27,23,121,121)
r(189,0,23,122,122)
r(16,6,23,123,123)
r(516,1,23,124,124)
r(1,27,23,125,125)
r(1,27,23,126,126)
r(97,0,23,127,127)
r(0,82,23,128,128)
r(349,0,23,129,129)
r(14,2,23,130,130)
r(12,4,23,131,131)
r(17,1,23,132,132)
r(556,0,23,133,133)
w(0,83,23,134,134)
r(249,0,23,135,135)
w(44,3,23,136,136)
w(16,7,23,137,137)
r(4,16,23,138,138)
r(585,0,23,139,139)
r(41,2,23,140,140)
r(17,1,23,141,141)
r(0,83,23,142,142)
r(1,27,23,143,143)
r(765,0,23,144,144)
w(569,1,23,145,145)
r(8,7,23,146,146)
r(344,0,23,147,147)
r(220,0,23,148,148)
w(37,2,23,149,149)
r(22,4,23,150,150)
w(30,6,23,151,151)
r(0,83,23,152,152)
r(465,0,23,153,153)
r(0,83,23,154,154)
r(112,0,23,155,155)
w(31,1,23,156,156)
w(98,1,23,157,157)
w(784,1,23,158,158)
r(66,0,23,159,159)
r(732,0,23,160,160)
r(932,0,23,161,161)
r(92,3,23,162,162)
r(75,0,23,163,163)
r(9,7,23,164,164)
r(107,0,23,165,165)
w(2,15,23,166,166)
r(1,27,23,167,167)
r(1,27,23,168,168)
r(269,1,23,169,169)
r(2,15,23,170,170)
r(265,0,23,171,171)
r(32,1,23,172,172)
r(748,0,23,173,173)
r(46,1,23,174,174)
r(164,1,23,175,175)
r(451,0,23,176,176)
r(77,1,23,177,177)
r(41,2,23,178,178)
r(149,0,23,179,179)
r(1,27,23,180,180)
w(254,1,23,181,181)
r(3,16,23,182,182)
r(20,2,23,183,183)
w(131,1,23,184,184)
w(1,28,23,185,185)
w(123,1,23,186,186)
r(33,2,23,187,187)
r(962,0,23,188,188)
r(54,2,23,189,189)
r(353,0,23,190,190)
w(0,84,23,191,191)
r(4,16,23,192,192)
r(4,16,23,193,193)
r(389,0,23,194,194)
r(8,7,23,195,195)
w(688,1,23,196,196)
r(3,16,23,197,197)
w(407,1,23,198,198)
r(1,28,23,199,199)
r(264,0,24,0,0)
r(155,1,24,1,1)
w(24,4,24,2,2)
r(61,2,24,3,3)
w(61,3,24,4,4)
r(0,84,24,5,5)
r(369,0,24,6,6)
r(14,2,24,7,7)
r(36,2,24,8,8)
r(1,28,24,9,9)
r(5,10,24,10,10)
w(87,1,24,11,11)
r(2,15,24,12,12)
w(58,2,24,13,13)
r(3,16,24,14,14)
r(71,0,24,15,15)
r(73,0,24,16,16)
r(255,0,24,17,17)
r(15,4,24,18,18)
r(245,0,24,19,19)
r(98,1,24,20,20)
r(0,84,24,21,21)
r(71,0,24,22,22)
r(288,0,24,23,23)
r(433,1,24,24,24)
r(5,10,24,25,25)
r(2,15,24,26,26)
w(0,85,24,27,27)
r(877,0,24,28,28)
w(7,11,24,29,29)
r(798,0,24,30,30)
r(5,10,24,31,31)
r(479,0,24,32,32)
r(20,2,24,33,33)
r(10,4,24,34,34)
r(3,16,24,35,35)
r(3,16,24,36,36)
r(0,85,24,37,37)
r(17,1,24,38,38)
r(969,0,24,39,39)
r(0,85,24,40,40)
r(511,0,24,41,41)
r(0,85,24,42,42)
r(0,85,24,43,43)
r(1,28,24,44,44)
r(1,28,24,45,45)
r(48,1,24,46,46)
r(14,2,24,47,47)
r(0,85,24,48,48)
r(74,2,24,49,49)
r(64,1,24,50,50)
r(25,4,24,51,51)
r(4,16,24,52,52)
r(42,0,24,53,53)
r(244,1,24,54,54)
w(465,1,24,55,55)
r(26,3,24,56,56)
r(493,0,24,57,57)
r(21,3,24,58,58)
r(326,0,24,59,59)
r(0,85,24,60,60)
w(175,1,24,61,61)
r(0,85,24,62,62)
r(10,4,24,63,63)
w(66,1,24,64,64)
r(0,85,24,65,65)
r(74,2,24,66,66)
r(176,1,24,67,67)
r(38,3,24,68,68)
r(217,0,24,69,69)
r(90,0,24,70,70)
r(8,7,24,71,71)
r(0,85,24,72,72)
r(405,0,24,73,73)
r(852,0,24,74,74)
r(96,0,24,75,75)
r(912,0,24,76,76)
r(60,2,24,77,77)
r(13,4,24,78,78)
w(6,10,24,79,79)
r(0,85,24,80,80)
r(80,1,24,81,81)
r(15,4,24,82,82)
r(21,3,24,83,83)
r(17,1,24,84,84)
r(65,0,24,85,85)
w(1,29,24,86,86)
r(56,3,24,87,87)
r(1,29,24,88,88)
r(106,2,24,89,89)
r(56,3,24,90,90)
r(508,0,24,91,91)
r(0,85,24,92,92)
w(25,5,24,93,93)
r(895,0,24,94,94)
r(9,7,24,95,95)
r(6,10,24,96,96)
r(7,11,24,97,97)
r(763,0,24,98,98)
r(1,29,24,99,99)
r(17,1,24,100,100)
r(266,0,24,101,101)
r(2,15,24,102,102)
r(18,9,24,103,103)
r(32,1,24,104,104)
r(126,0,24,105,105)
r(55,1,24,106,106)
r(6,10,24,107,107)
r(37,2,24,108,108)
r(327,1,24,109,109)
r(1,29,24,110,110)
r(111,0,24,111,111)
w(7,12,24,112,112)
r(0,85,24,113,113)
r(1,29,24,114,114)
r(5,10,24,115,115)
r(19,1,24,116,116)
r(0,85,24,117,117)
r(12,4,24,118,118)
r(31,1,24,119,119)
r(175,1,24,120,120)
w(18,10,24,121,121)
r(21,3,24,122,122)
r(6,10,24,123,123)
r(0,85,24,124,124)
w(251,1,24,125,125)
r(9,7,24,126,126)
r(1,29,24,127,127)
r(134,0,24,128,128)
r(17,1,24,129,129)
r(82,3,24,130,130)
r(1,29,24,131,131)
r(349,0,24,132,132)
r(21,3,24,133,133)
r(71,0,24,134,134)
r(3,16,24,135,135)
r(9,7,24,136,136)
w(159,2,24,137,137)
r(844,0,24,138,138)
r(0,85,24,139,139)
r(289,0,24,140,140)
r(5,10,24,141,141)
r(5,10,24,142,142)
r(87,1,24,143,143)
r(0,85,24,144,144)
r(292,0,24,145,145)
w(998,1,24,146,146)
r(59,2,24,147,147)
r(7,12,24,148,148)
r(39,1,24,149,149)
r(0,85,24,150,150)
r(0,85,24,151,151)
r(342,0,24,152,152)
r(41,2,24,153,153)
r(1,29,24,154,154)
r(3,16,24,155,155)
r(0,85,24,156,156)
r(0,85,24,157,157)
r(1,29,24,158,158)
r(202,0,24,159,159)
r(420,0,24,160,160)
w(340,1,24,161,161)
r(0,85,24,162,162)
w(24,5,24,163,163)
r(672,0,24,164,164)
r(21,3,24,165,165)
r(151,1,24,166,166)
r(38,3,24,167,167)
r(4,16,24,168,168)
r(155,1,24,169,169)
r(144,0,24,170,170)
r(0,85,24,171,171)
r(13,4,24,172,172)
r(0,85,24,173,173)
r(231,0,24,174,174)
r(48,1,24,175,175)
r(1,29,24,176,176)
r(4,16,24,177,177)
r(15,4,24,178,178)
r(5,10,24,179,179)
r(5,10,24,180,180)
r(14,2,24,181,181)
r(240,1,24,182,182)
r(7,12,24,183,183)
r(4,16,24,184,184)
r(3,16,24,185,185)
r(8,7,24,186,186)
r(6,10,24,187,187)
r(346,0,24,188,188)
r(117,0,24,189,189)
r(6,10,24,190,190)
r(3,16,24,191,191)
r(288,0,24,192,192)
r(69,2,24,193,193)
w(82,4,24,194,194)
r(15,4,24,195,195)
r(96,0,24,196,196)
r(56,3,24,197,197)
r(58,2,24,198,198)
r(0,85,24,199,199)
