w(521,1,0,0,0)
w(579,1,0,1,1)
w(322,1,0,2,2)
w(469,1,0,3,3)
r(497,0,0,4,4)
w(890,1,0,5,5)
w(319,1,0,6,6)
w(949,1,0,7,7)
w(464,1,0,8,8)
w(193,1,0,9,9)
r(533,0,0,10,10)
w(20,1,0,11,11)
w(901,1,0,12,12)
w(608,1,0,13,13)
r(101,0,0,14,14)
r(321,0,0,15,15)
w(409,1,0,16,16)
w(429,1,0,17,17)
r(245,0,0,18,18)
w(353,1,0,19,19)
w(82,1,0,20,20)
w(971,1,0,21,21)
w(650,1,0,22,22)
w(753,1,0,23,23)
r(324,0,0,24,24)
w(538,1,0,25,25)
w(780,1,0,26,26)
w(436,1,0,27,27)
w(414,1,0,28,28)
w(49,1,0,29,29)
w(201,1,0,30,30)
w(791,1,0,31,31)
w(200,1,0,32,32)
w(667,1,0,33,33)
w(45,1,0,34,34)
r(363,0,0,35,35)
w(165,1,0,36,36)
w(454,1,0,37,37)
w(699,1,0,38,38)
r(857,0,0,39,39)
w(67,1,0,40,40)
w(788,1,0,41,41)
w(22,1,0,42,42)
w(51,1,0,43,43)
w(838,1,0,44,44)
w(378,1,0,45,45)
w(93,1,0,46,46)
w(499,1,0,47,47)
w(972,1,0,48,48)
w(354,1,0,49,49)
w(871,1,0,50,50)
w(710,1,0,51,51)
w(521,2,0,52,52)
r(298,0,0,53,53)
w(288,1,0,54,54)
w(599,1,0,55,55)
w(341,1,0,56,56)
r(511,0,0,57,57)
w(320,1,0,58,58)
w(617,1,0,59,59)
w(501,1,0,60,60)
w(291,1,0,61,61)
w(839,1,0,62,62)
w(714,1,0,63,63)
w(164,1,0,64,64)
w(715,1,0,65,65)
w(578,1,0,66,66)
w(360,1,0,67,67)
w(895,1,0,68,68)
w(253,1,0,69,69)
w(383,1,0,70,70)
w(113,1,0,71,71)
w(37,1,0,72,72)
w(814,1,0,73,73)
w(606,1,0,74,74)
w(453,1,0,75,75)
w(918,1,0,76,76)
w(212,1,0,77,77)
w(699,2,0,78,78)
w(751,1,0,79,79)
w(427,1,0,80,80)
w(538,2,0,81,81)
w(493,1,0,82,82)
w(485,1,0,83,83)
w(163,1,0,84,84)
w(224,1,0,85,85)
w(412,1,0,86,86)
w(451,1,0,87,87)
w(480,1,0,88,88)
w(359,1,0,89,89)
w(649,1,0,90,90)
w(605,1,0,91,91)
w(614,1,0,92,92)
w(230,1,0,93,93)
w(543,1,0,94,94)
w(425,1,0,95,95)
w(366,1,0,96,96)
r(553,0,0,97,97)
w(216,1,0,98,98)
r(973,0,0,99,99)
w(503,1,0,100,100)
w(969,1,0,101,101)
w(31,1,0,102,102)
r(513,0,0,103,103)
w(278,1,0,104,104)
r(128,0,0,105,105)
w(832,1,0,106,106)
w(963,1,0,107,107)
w(152,1,0,108,108)
r(730,0,0,109,109)
w(735,1,0,110,110)
w(119,1,0,111,111)
w(232,1,0,112,112)
w(273,1,0,113,113)
w(135,1,0,114,114)
w(47,1,0,115,115)
w(333,1,0,116,116)
w(67,2,0,117,117)
w(219,1,0,118,118)
w(28,1,0,119,119)
w(716,1,0,120,120)
w(408,1,0,121,121)
w(159,1,0,122,122)
w(741,1,0,123,123)
w(997,1,0,124,124)
w(919,1,0,125,125)
w(307,1,0,126,126)
r(108,0,0,127,127)
w(537,1,0,128,128)
w(453,2,0,129,129)
w(605,2,0,130,130)
w(29,1,0,131,131)
w(621,1,0,132,132)
w(111,1,0,133,133)
w(312,1,0,134,134)
r(763,0,0,135,135)
w(514,1,0,136,136)
w(493,2,0,137,137)
w(845,1,0,138,138)
w(969,2,0,139,139)
w(206,1,0,140,140)
w(774,1,0,141,141)
w(50,1,0,142,142)
w(238,1,0,143,143)
w(806,1,0,144,144)
w(500,1,0,145,145)
w(723,1,0,146,146)
r(990,0,0,147,147)
w(376,1,0,148,148)
w(129,1,0,149,149)
w(832,2,0,150,150)
w(936,1,0,151,151)
r(302,0,0,152,152)
w(226,1,0,153,153)
w(393,1,0,154,154)
w(629,1,0,155,155)
w(448,1,0,156,156)
w(360,2,0,157,157)
w(654,1,0,158,158)
w(380,1,0,159,159)
r(313,0,0,160,160)
w(600,1,0,161,161)
w(320,2,0,162,162)
w(115,1,0,163,163)
w(791,2,0,164,164)
w(795,1,0,165,165)
w(350,1,0,166,166)
w(253,2,0,167,167)
w(484,1,0,168,168)
w(162,1,0,169,169)
w(628,1,0,170,170)
w(507,1,0,171,171)
w(600,2,0,172,172)
w(535,1,0,173,173)
w(464,2,0,174,174)
r(82,1,0,175,175)
w(108,1,0,176,176)
w(528,1,0,177,177)
r(539,0,0,178,178)
w(936,2,0,179,179)
w(43,1,0,180,180)
w(121,1,0,181,181)
w(908,1,0,182,182)
r(114,0,0,183,183)
w(774,2,0,184,184)
w(29,2,0,185,185)
w(165,2,0,186,186)
w(725,1,0,187,187)
w(102,1,0,188,188)
w(912,1,0,189,189)
w(754,1,0,190,190)
w(903,1,0,191,191)
w(241,1,0,192,192)
w(619,1,0,193,193)
r(493,2,0,194,194)
w(613,1,0,195,195)
w(628,2,0,196,196)
w(489,1,0,197,197)
w(992,1,0,198,198)
w(261,1,0,199,199)
w(992,2,1,0,0)
w(499,2,1,1,1)
w(851,1,1,2,2)
w(253,3,1,3,3)
w(72,1,1,4,4)
w(56,1,1,5,5)
w(613,2,1,6,6)
w(825,1,1,7,7)
w(623,1,1,8,8)
w(86,1,1,9,9)
r(963,1,1,10,10)
w(545,1,1,11,11)
w(900,1,1,12,12)
w(695,1,1,13,13)
w(329,1,1,14,14)
w(430,1,1,15,15)
w(457,1,1,16,16)
w(998,1,1,17,17)
w(600,3,1,18,18)
w(99,1,1,19,19)
w(330,1,1,20,20)
w(953,1,1,21,21)
w(603,1,1,22,22)
w(119,2,1,23,23)
w(714,2,1,24,24)
w(492,1,1,25,25)
w(349,1,1,26,26)
w(328,1,1,27,27)
w(140,1,1,28,28)
w(76,1,1,29,29)
w(734,1,1,30,30)
w(834,1,1,31,31)
w(748,1,1,32,32)
w(378,2,1,33,33)
w(360,3,1,34,34)
w(145,1,1,35,35)
r(568,0,1,36,36)
w(676,1,1,37,37)
w(502,1,1,38,38)
w(822,1,1,39,39)
w(664,1,1,40,40)
w(678,1,1,41,41)
w(694,1,1,42,42)
w(532,1,1,43,43)
w(191,1,1,44,44)
w(768,1,1,45,45)
w(792,1,1,46,46)
w(390,1,1,47,47)
w(829,1,1,48,48)
w(714,3,1,49,49)
w(140,2,1,50,50)
w(678,2,1,51,51)
w(152,2,1,52,52)
w(712,1,1,53,53)
w(69,1,1,54,54)
w(403,1,1,55,55)
r(693,0,1,56,56)
w(304,1,1,57,57)
w(728,1,1,58,58)
w(191,2,1,59,59)
w(664,2,1,60,60)
w(716,2,1,61,61)
w(843,1,1,62,62)
w(781,1,1,63,63)
w(257,1,1,64,64)
w(561,1,1,65,65)
w(127,1,1,66,66)
w(317,1,1,67,67)
w(309,1,1,68,68)
w(656,1,1,69,69)
w(43,2,1,70,70)
w(937,1,1,71,71)
w(250,1,1,72,72)
w(163,2,1,73,73)
w(702,1,1,74,74)
w(694,2,1,75,75)
w(543,2,1,76,76)
w(702,2,1,77,77)
w(610,1,1,78,78)
w(310,1,1,79,79)
w(422,1,1,80,80)
w(404,1,1,81,81)
w(842,1,1,82,82)
w(485,2,1,83,83)
w(244,1,1,84,84)
w(873,1,1,85,85)
w(140,3,1,86,86)
w(732,1,1,87,87)
w(409,2,1,88,88)
w(448,2,1,89,89)
w(564,1,1,90,90)
w(650,2,1,91,91)
w(336,1,1,92,92)
w(845,2,1,93,93)
w(849,1,1,94,94)
w(611,1,1,95,95)
w(779,1,1,96,96)
w(584,1,1,97,97)
w(502,2,1,98,98)
r(143,0,1,99,99)
w(859,1,1,100,100)
w(343,1,1,101,101)
w(942,1,1,102,102)
w(758,1,1,103,103)
w(420,1,1,104,104)
w(70,1,1,105,105)
w(265,1,1,106,106)
w(863,1,1,107,107)
r(479,0,1,108,108)
w(423,1,1,109,109)
w(463,1,1,110,110)
r(786,0,1,111,111)
w(837,1,1,112,112)
r(542,0,1,113,113)
w(442,1,1,114,114)
w(921,1,1,115,115)
w(600,4,1,116,116)
r(12,0,1,117,117)
w(166,1,1,118,118)
w(971,2,1,119,119)
w(160,1,1,120,120)
w(744,1,1,121,121)
w(823,1,1,122,122)
w(604,1,1,123,123)
w(282,1,1,124,124)
r(673,0,1,125,125)
w(230,2,1,126,126)
w(475,1,1,127,127)
w(457,2,1,128,128)
w(54,1,1,129,129)
w(1,1,1,130,130)
w(974,1,1,131,131)
w(353,2,1,132,132)
w(597,1,1,133,133)
w(555,1,1,134,134)
w(776,1,1,135,135)
w(457,3,1,136,136)
r(563,0,1,137,137)
w(521,3,1,138,138)
w(706,1,1,139,139)
w(767,1,1,140,140)
w(591,1,1,141,141)
w(675,1,1,142,142)
r(397,0,1,143,143)
w(114,1,1,144,144)
w(893,1,1,145,145)
r(762,0,1,146,146)
w(539,1,1,147,147)
w(112,1,1,148,148)
w(902,1,1,149,149)
w(390,2,1,150,150)
w(684,1,1,151,151)
w(820,1,1,152,152)
w(302,1,1,153,153)
w(994,1,1,154,154)
w(350,2,1,155,155)
w(592,1,1,156,156)
w(622,1,1,157,157)
w(711,1,1,158,158)
w(180,1,1,159,159)
w(626,1,1,160,160)
w(187,1,1,161,161)
w(34,1,1,162,162)
w(375,1,1,163,163)
w(869,1,1,164,164)
r(567,0,1,165,165)
w(575,1,1,166,166)
w(35,1,1,167,167)
w(891,1,1,168,168)
w(643,1,1,169,169)
w(258,1,1,170,170)
w(850,1,1,171,171)
w(229,1,1,172,172)
w(424,1,1,173,173)
w(229,2,1,174,174)
r(59,0,1,175,175)
w(188,1,1,176,176)
w(916,1,1,177,177)
w(780,2,1,178,178)
w(916,2,1,179,179)
w(344,1,1,180,180)
w(381,1,1,181,181)
w(600,5,1,182,182)
w(705,1,1,183,183)
r(878,0,1,184,184)
w(889,1,1,185,185)
w(81,1,1,186,186)
w(233,1,1,187,187)
w(328,2,1,188,188)
w(174,1,1,189,189)
w(292,1,1,190,190)
w(16,1,1,191,191)
w(574,1,1,192,192)
w(843,2,1,193,193)
w(960,1,1,194,194)
w(479,1,1,195,195)
w(932,1,1,196,196)
w(756,1,1,197,197)
w(556,1,1,198,198)
w(866,1,1,199,199)
w(284,1,2,0,0)
w(338,1,2,1,1)
w(490,1,2,2,2)
r(602,0,2,3,3)
w(426,1,2,4,4)
w(19,1,2,5,5)
r(654,1,2,6,6)
w(246,1,2,7,7)
w(979,1,2,8,8)
r(610,1,2,9,9)
w(417,1,2,10,10)
w(64,1,2,11,11)
w(497,1,2,12,12)
w(588,1,2,13,13)
w(37,2,2,14,14)
w(561,2,2,15,15)
w(742,1,2,16,16)
w(188,2,2,17,17)
w(964,1,2,18,18)
w(496,1,2,19,19)
w(576,1,2,20,20)
w(160,2,2,21,21)
w(450,1,2,22,22)
w(365,1,2,23,23)
w(136,1,2,24,24)
w(807,1,2,25,25)
w(460,1,2,26,26)
w(629,2,2,27,27)
w(94,1,2,28,28)
w(242,1,2,29,29)
w(923,1,2,30,30)
w(812,1,2,31,31)
w(678,3,2,32,32)
w(78,1,2,33,33)
w(885,1,2,34,34)
r(919,1,2,35,35)
w(318,1,2,36,36)
w(752,1,2,37,37)
w(815,1,2,38,38)
w(402,1,2,39,39)
w(775,1,2,40,40)
w(557,1,2,41,41)
w(471,1,2,42,42)
w(673,1,2,43,43)
w(193,2,2,44,44)
w(373,1,2,45,45)
w(854,1,2,46,46)
w(164,2,2,47,47)
w(60,1,2,48,48)
w(777,1,2,49,49)
r(887,0,2,50,50)
w(592,2,2,51,51)
w(6,1,2,52,52)
w(614,2,2,53,53)
w(549,1,2,54,54)
w(75,1,2,55,55)
w(565,1,2,56,56)
w(386,1,2,57,57)
w(689,1,2,58,58)
w(45,2,2,59,59)
r(244,1,2,60,60)
w(713,1,2,61,61)
w(564,2,2,62,62)
w(374,1,2,63,63)
w(953,2,2,64,64)
w(597,2,2,65,65)
w(796,1,2,66,66)
w(397,1,2,67,67)
w(141,1,2,68,68)
r(533,0,2,69,69)
w(583,1,2,70,70)
w(921,2,2,71,71)
w(500,2,2,72,72)
w(313,1,2,73,73)
w(609,1,2,74,74)
r(37,2,2,75,75)
w(971,3,2,76,76)
w(623,2,2,77,77)
w(132,1,2,78,78)
w(618,1,2,79,79)
w(361,1,2,80,80)
w(268,1,2,81,81)
w(248,1,2,82,82)
w(665,1,2,83,83)
w(613,3,2,84,84)
w(895,2,2,85,85)
w(862,1,2,86,86)
w(408,2,2,87,87)
w(456,1,2,88,88)
w(875,1,2,89,89)
w(388,1,2,90,90)
w(267,1,2,91,91)
w(403,2,2,92,92)
w(340,1,2,93,93)
w(356,1,2,94,94)
w(399,1,2,95,95)
w(538,3,2,96,96)
w(48,1,2,97,97)
w(757,1,2,98,98)
w(371,1,2,99,99)
w(125,1,2,100,100)
w(320,3,2,101,101)
w(121,2,2,102,102)
w(30,1,2,103,103)
w(345,1,2,104,104)
w(544,1,2,105,105)
w(140,4,2,106,106)
w(387,1,2,107,107)
w(96,1,2,108,108)
r(966,0,2,109,109)
w(274,1,2,110,110)
w(324,1,2,111,111)
w(173,1,2,112,112)
w(743,1,2,113,113)
w(1,2,2,114,114)
w(75,2,2,115,115)
w(755,1,2,116,116)
w(273,2,2,117,117)
r(814,1,2,118,118)
w(913,1,2,119,119)
r(590,0,2,120,120)
w(69,2,2,121,121)
w(406,1,2,122,122)
w(886,1,2,123,123)
w(204,1,2,124,124)
w(613,4,2,125,125)
w(652,1,2,126,126)
w(497,2,2,127,127)
w(107,1,2,128,128)
w(884,1,2,129,129)
r(873,1,2,130,130)
w(512,1,2,131,131)
w(646,1,2,132,132)
w(35,2,2,133,133)
r(283,0,2,134,134)
w(86,2,2,135,135)
w(988,1,2,136,136)
w(715,2,2,137,137)
w(71,1,2,138,138)
w(189,1,2,139,139)
w(736,1,2,140,140)
w(226,2,2,141,141)
w(981,1,2,142,142)
w(495,1,2,143,143)
w(98,1,2,144,144)
w(789,1,2,145,145)
r(541,0,2,146,146)
w(303,1,2,147,147)
w(418,1,2,148,148)
w(643,2,2,149,149)
w(600,6,2,150,150)
w(846,1,2,151,151)
w(971,4,2,152,152)
w(815,2,2,153,153)
w(254,1,2,154,154)
w(708,1,2,155,155)
w(290,1,2,156,156)
w(5,1,2,157,157)
w(787,1,2,158,158)
w(955,1,2,159,159)
w(907,1,2,160,160)
w(370,1,2,161,161)
w(459,1,2,162,162)
w(623,3,2,163,163)
w(238,2,2,164,164)
w(517,1,2,165,165)
w(430,2,2,166,166)
w(217,1,2,167,167)
w(975,1,2,168,168)
w(127,2,2,169,169)
w(832,3,2,170,170)
w(613,5,2,171,171)
w(894,1,2,172,172)
w(833,1,2,173,173)
w(689,2,2,174,174)
w(220,1,2,175,175)
w(240,1,2,176,176)
w(296,1,2,177,177)
w(394,1,2,178,178)
w(708,2,2,179,179)
w(868,1,2,180,180)
w(964,2,2,181,181)
w(892,1,2,182,182)
w(688,1,2,183,183)
r(892,1,2,184,184)
w(604,2,2,185,185)
w(384,1,2,186,186)
w(773,1,2,187,187)
w(130,1,2,188,188)
w(622,2,2,189,189)
w(842,2,2,190,190)
w(790,1,2,191,191)
w(712,2,2,192,192)
w(339,1,2,193,193)
w(223,1,2,194,194)
w(206,2,2,195,195)
r(225,0,2,196,196)
w(724,1,2,197,197)
w(934,1,2,198,198)
w(167,1,2,199,199)
w(353,3,3,0,0)
w(977,1,3,1,1)
w(475,2,3,2,2)
r(235,0,3,3,3)
w(674,1,3,4,4)
w(179,1,3,5,5)
w(811,1,3,6,6)
w(877,1,3,7,7)
w(462,1,3,8,8)
w(770,1,3,9,9)
w(187,2,3,10,10)
w(276,1,3,11,11)
w(6,2,3,12,12)
w(464,3,3,13,13)
w(350,3,3,14,14)
r(920,0,3,15,15)
w(193,3,3,16,16)
w(521,4,3,17,17)
w(567,1,3,18,18)
r(780,2,3,19,19)
w(357,1,3,20,20)
w(625,1,3,21,21)
w(301,1,3,22,22)
w(797,1,3,23,23)
w(847,1,3,24,24)
w(108,2,3,25,25)
w(86,3,3,26,26)
w(101,1,3,27,27)
r(604,2,3,28,28)
w(729,1,3,29,29)
w(373,2,3,30,30)
w(457,4,3,31,31)
w(660,1,3,32,32)
w(844,1,3,33,33)
r(528,1,3,34,34)
w(849,2,3,35,35)
w(526,1,3,36,36)
w(156,1,3,37,37)
w(389,1,3,38,38)
w(900,2,3,39,39)
w(471,2,3,40,40)
w(114,2,3,41,41)
w(887,1,3,42,42)
w(155,1,3,43,43)
w(244,2,3,44,44)
r(249,0,3,45,45)
w(723,2,3,46,46)
w(450,2,3,47,47)
w(470,1,3,48,48)
w(473,1,3,49,49)
w(92,1,3,50,50)
w(511,1,3,51,51)
w(720,1,3,52,52)
r(661,0,3,53,53)
w(477,1,3,54,54)
w(89,1,3,55,55)
r(419,0,3,56,56)
w(513,1,3,57,57)
r(373,2,3,58,58)
w(555,2,3,59,59)
w(95,1,3,60,60)
w(907,2,3,61,61)
w(704,1,3,62,62)
w(962,1,3,63,63)
w(84,1,3,64,64)
w(54,2,3,65,65)
r(491,0,3,66,66)
r(979,1,3,67,67)
w(807,2,3,68,68)
w(631,1,3,69,69)
w(365,2,3,70,70)
w(742,2,3,71,71)
w(268,2,3,72,72)
w(553,1,3,73,73)
r(296,1,3,74,74)
r(2,0,3,75,75)
w(558,1,3,76,76)
w(427,2,3,77,77)
r(835,0,3,78,78)
w(903,2,3,79,79)
w(668,1,3,80,80)
w(430,3,3,81,81)
w(243,1,3,82,82)
w(578,2,3,83,83)
w(719,1,3,84,84)
w(370,2,3,85,85)
w(536,1,3,86,86)
w(828,1,3,87,87)
w(830,1,3,88,88)
w(549,2,3,89,89)
r(968,0,3,90,90)
w(823,2,3,91,91)
w(214,1,3,92,92)
w(593,1,3,93,93)
r(68,0,3,94,94)
w(513,2,3,95,95)
r(608,1,3,96,96)
w(572,1,3,97,97)
w(853,1,3,98,98)
w(825,2,3,99,99)
w(931,1,3,100,100)
w(287,1,3,101,101)
w(119,3,3,102,102)
w(580,1,3,103,103)
w(617,2,3,104,104)
w(95,2,3,105,105)
w(416,1,3,106,106)
w(996,1,3,107,107)
w(462,2,3,108,108)
w(700,1,3,109,109)
w(39,1,3,110,110)
w(235,1,3,111,111)
w(27,1,3,112,112)
w(778,1,3,113,113)
r(713,1,3,114,114)
w(624,1,3,115,115)
w(136,2,3,116,116)
w(624,2,3,117,117)
w(97,1,3,118,118)
r(17,0,3,119,119)
w(803,1,3,120,120)
w(850,2,3,121,121)
w(169,1,3,122,122)
w(208,1,3,123,123)
w(540,1,3,124,124)
w(371,2,3,125,125)
w(720,2,3,126,126)
w(541,1,3,127,127)
w(109,1,3,128,128)
w(944,1,3,129,129)
w(421,1,3,130,130)
w(560,1,3,131,131)
w(914,1,3,132,132)
w(780,3,3,133,133)
r(975,1,3,134,134)
w(571,1,3,135,135)
w(770,2,3,136,136)
w(70,2,3,137,137)
w(188,3,3,138,138)
w(653,1,3,139,139)
w(606,2,3,140,140)
w(419,1,3,141,141)
w(182,1,3,142,142)
w(701,1,3,143,143)
w(893,2,3,144,144)
r(50,1,3,145,145)
w(526,2,3,146,146)
r(460,1,3,147,147)
w(983,1,3,148,148)
w(648,1,3,149,149)
r(87,0,3,150,150)
w(922,1,3,151,151)
w(199,1,3,152,152)
w(75,3,3,153,153)
w(290,2,3,154,154)
w(963,2,3,155,155)
w(770,3,3,156,156)
w(588,2,3,157,157)
w(421,2,3,158,158)
w(392,1,3,159,159)
w(59,1,3,160,160)
w(355,1,3,161,161)
w(433,1,3,162,162)
w(438,1,3,163,163)
w(826,1,3,164,164)
w(23,1,3,165,165)
w(321,1,3,166,166)
w(888,1,3,167,167)
w(193,4,3,168,168)
w(785,1,3,169,169)
w(990,1,3,170,170)
r(105,0,3,171,171)
w(770,4,3,172,172)
w(57,1,3,173,173)
w(694,3,3,174,174)
w(609,2,3,175,175)
w(367,1,3,176,176)
w(631,2,3,177,177)
w(399,2,3,178,178)
w(261,2,3,179,179)
w(842,3,3,180,180)
w(443,1,3,181,181)
w(73,1,3,182,182)
w(303,2,3,183,183)
w(358,1,3,184,184)
w(946,1,3,185,185)
w(199,2,3,186,186)
w(923,2,3,187,187)
w(952,1,3,188,188)
w(991,1,3,189,189)
w(670,1,3,190,190)
w(157,1,3,191,191)
w(527,1,3,192,192)
w(474,1,3,193,193)
w(526,3,3,194,194)
r(283,0,3,195,195)
w(4,1,3,196,196)
w(745,1,3,197,197)
w(887,2,3,198,198)
w(329,2,3,199,199)
w(805,1,4,0,0)
w(46,1,4,1,1)
w(639,1,4,2,2)
w(253,4,4,3,3)
w(74,1,4,4,4)
w(879,1,4,5,5)
w(162,2,4,6,6)
w(662,1,4,7,7)
w(899,1,4,8,8)
w(710,2,4,9,9)
w(617,3,4,10,10)
w(238,3,4,11,11)
w(387,2,4,12,12)
w(108,3,4,13,13)
w(727,1,4,14,14)
w(612,1,4,15,15)
w(743,2,4,16,16)
w(128,1,4,17,17)
w(565,2,4,18,18)
w(593,2,4,19,19)
w(817,1,4,20,20)
r(827,0,4,21,21)
w(915,1,4,22,22)
w(452,1,4,23,23)
w(30,2,4,24,24)
w(615,1,4,25,25)
w(106,1,4,26,26)
w(389,2,4,27,27)
w(181,1,4,28,28)
w(682,1,4,29,29)
w(358,2,4,30,30)
w(868,2,4,31,31)
w(788,2,4,32,32)
w(631,3,4,33,33)
r(281,0,4,34,34)
w(267,2,4,35,35)
w(81,2,4,36,36)
w(737,1,4,37,37)
w(324,2,4,38,38)
w(411,1,4,39,39)
w(181,2,4,40,40)
w(570,1,4,41,41)
w(264,1,4,42,42)
w(815,3,4,43,43)
w(983,2,4,44,44)
w(23,2,4,45,45)
w(927,1,4,46,46)
w(147,1,4,47,47)
w(917,1,4,48,48)
w(915,2,4,49,49)
w(744,2,4,50,50)
w(369,1,4,51,51)
w(947,1,4,52,52)
w(628,3,4,53,53)
w(190,1,4,54,54)
w(176,1,4,55,55)
w(770,5,4,56,56)
w(123,1,4,57,57)
w(969,3,4,58,58)
w(969,4,4,59,59)
r(894,1,4,60,60)
w(56,2,4,61,61)
w(693,1,4,62,62)
w(790,2,4,63,63)
w(562,1,4,64,64)
w(402,2,4,65,65)
w(254,2,4,66,66)
w(456,2,4,67,67)
w(330,2,4,68,68)
w(655,1,4,69,69)
w(156,2,4,70,70)
w(5,2,4,71,71)
w(549,3,4,72,72)
w(21,1,4,73,73)
w(678,4,4,74,74)
w(346,1,4,75,75)
r(466,0,4,76,76)
w(343,2,4,77,77)
w(558,2,4,78,78)
w(206,3,4,79,79)
w(164,3,4,80,80)
r(125,1,4,81,81)
w(773,2,4,82,82)
w(945,1,4,83,83)
w(581,1,4,84,84)
w(377,1,4,85,85)
w(237,1,4,86,86)
w(606,3,4,87,87)
w(917,2,4,88,88)
w(836,1,4,89,89)
w(263,1,4,90,90)
r(998,1,4,91,91)
r(850,2,4,92,92)
w(619,2,4,93,93)
r(4,1,4,94,94)
r(550,0,4,95,95)
w(826,2,4,96,96)
w(617,4,4,97,97)
w(745,2,4,98,98)
w(555,3,4,99,99)
r(806,1,4,100,100)
w(665,2,4,101,101)
w(912,2,4,102,102)
w(963,3,4,103,103)
w(205,1,4,104,104)
w(605,3,4,105,105)
w(842,4,4,106,106)
r(898,0,4,107,107)
w(21,2,4,108,108)
w(39,2,4,109,109)
w(248,2,4,110,110)
w(6,3,4,111,111)
w(310,2,4,112,112)
w(771,1,4,113,113)
w(623,4,4,114,114)
w(116,1,4,115,115)
w(234,1,4,116,116)
w(139,1,4,117,117)
w(962,2,4,118,118)
w(97,2,4,119,119)
w(93,2,4,120,120)
w(991,2,4,121,121)
w(1,3,4,122,122)
w(603,2,4,123,123)
w(163,3,4,124,124)
w(118,1,4,125,125)
w(195,1,4,126,126)
w(784,1,4,127,127)
w(16,2,4,128,128)
w(996,2,4,129,129)
w(200,2,4,130,130)
w(972,2,4,131,131)
w(354,2,4,132,132)
w(511,2,4,133,133)
w(132,2,4,134,134)
w(396,1,4,135,135)
r(719,1,4,136,136)
w(555,4,4,137,137)
w(585,1,4,138,138)
w(228,1,4,139,139)
w(115,2,4,140,140)
w(451,2,4,141,141)
w(59,2,4,142,142)
w(295,1,4,143,143)
w(965,1,4,144,144)
w(735,2,4,145,145)
w(290,3,4,146,146)
r(794,0,4,147,147)
w(401,1,4,148,148)
w(204,2,4,149,149)
w(306,1,4,150,150)
r(830,1,4,151,151)
w(367,2,4,152,152)
w(5,3,4,153,153)
w(945,2,4,154,154)
w(752,2,4,155,155)
w(423,2,4,156,156)
r(260,0,4,157,157)
w(198,1,4,158,158)
w(463,2,4,159,159)
w(587,1,4,160,160)
w(10,1,4,161,161)
w(672,1,4,162,162)
w(140,5,4,163,163)
w(166,2,4,164,164)
w(468,1,4,165,165)
w(571,2,4,166,166)
w(641,1,4,167,167)
w(960,2,4,168,168)
w(574,2,4,169,169)
w(860,1,4,170,170)
w(571,3,4,171,171)
w(109,2,4,172,172)
w(701,2,4,173,173)
w(797,2,4,174,174)
w(24,1,4,175,175)
w(265,2,4,176,176)
w(777,2,4,177,177)
w(280,1,4,178,178)
w(57,2,4,179,179)
w(542,1,4,180,180)
w(112,2,4,181,181)
w(233,2,4,182,182)
w(580,2,4,183,183)
w(502,3,4,184,184)
w(719,2,4,185,185)
w(668,2,4,186,186)
w(989,1,4,187,187)
w(41,1,4,188,188)
w(394,2,4,189,189)
w(796,2,4,190,190)
w(785,2,4,191,191)
w(530,1,4,192,192)
w(677,1,4,193,193)
w(387,3,4,194,194)
w(623,5,4,195,195)
r(128,1,4,196,196)
w(949,2,4,197,197)
r(921,2,4,198,198)
w(622,3,4,199,199)
w(860,2,5,0,0)
w(184,1,5,1,1)
r(849,2,5,2,2)
w(647,1,5,3,3)
w(976,1,5,4,4)
w(782,1,5,5,5)
w(509,1,5,6,6)
w(187,3,5,7,7)
w(230,3,5,8,8)
w(232,2,5,9,9)
w(243,2,5,10,10)
w(425,2,5,11,11)
w(365,3,5,12,12)
r(736,1,5,13,13)
w(858,1,5,14,14)
r(486,0,5,15,15)
w(633,1,5,16,16)
w(610,2,5,17,17)
w(121,3,5,18,18)
w(76,2,5,19,19)
r(258,1,5,20,20)
r(4,1,5,21,21)
w(790,3,5,22,22)
r(266,0,5,23,23)
w(833,2,5,24,24)
r(629,2,5,25,25)
w(539,2,5,26,26)
r(398,0,5,27,27)
w(519,1,5,28,28)
w(637,1,5,29,29)
w(523,1,5,30,30)
w(744,3,5,31,31)
w(696,1,5,32,32)
w(406,2,5,33,33)
w(147,2,5,34,34)
w(438,2,5,35,35)
w(816,1,5,36,36)
w(20,2,5,37,37)
w(95,3,5,38,38)
w(303,3,5,39,39)
w(463,3,5,40,40)
w(32,1,5,41,41)
r(972,2,5,42,42)
w(67,3,5,43,43)
w(467,1,5,44,44)
w(651,1,5,45,45)
w(733,1,5,46,46)
w(120,1,5,47,47)
w(747,1,5,48,48)
w(79,1,5,49,49)
w(472,1,5,50,50)
w(697,1,5,51,51)
w(804,1,5,52,52)
w(798,1,5,53,53)
w(46,2,5,54,54)
w(659,1,5,55,55)
w(306,2,5,56,56)
w(276,2,5,57,57)
w(732,2,5,58,58)
w(750,1,5,59,59)
w(398,1,5,60,60)
w(342,1,5,61,61)
w(59,3,5,62,62)
w(915,3,5,63,63)
r(542,1,5,64,64)
w(490,2,5,65,65)
w(722,1,5,66,66)
w(134,1,5,67,67)
w(323,1,5,68,68)
w(432,1,5,69,69)
w(362,1,5,70,70)
w(10,2,5,71,71)
w(820,2,5,72,72)
w(870,1,5,73,73)
w(760,1,5,74,74)
w(220,2,5,75,75)
w(277,1,5,76,76)
r(372,0,5,77,77)
w(612,2,5,78,78)
w(512,2,5,79,79)
w(11,1,5,80,80)
w(359,2,5,81,81)
w(544,2,5,82,82)
w(952,2,5,83,83)
w(275,1,5,84,84)
w(700,2,5,85,85)
w(343,3,5,86,86)
w(349,2,5,87,87)
w(681,1,5,88,88)
w(398,2,5,89,89)
w(783,1,5,90,90)
w(785,3,5,91,91)
w(917,3,5,92,92)
w(251,1,5,93,93)
w(83,1,5,94,94)
w(695,2,5,95,95)
w(571,4,5,96,96)
w(944,2,5,97,97)
w(267,3,5,98,98)
w(850,3,5,99,99)
w(112,3,5,100,100)
w(189,2,5,101,101)
w(18,1,5,102,102)
w(550,1,5,103,103)
r(581,1,5,104,104)
w(920,1,5,105,105)
w(975,2,5,106,106)
w(530,2,5,107,107)
w(595,1,5,108,108)
w(944,3,5,109,109)
w(842,5,5,110,110)
w(599,2,5,111,111)
w(813,1,5,112,112)
w(240,2,5,113,113)
w(972,3,5,114,114)
r(219,1,5,115,115)
w(581,2,5,116,116)
w(981,2,5,117,117)
w(284,2,5,118,118)
w(435,1,5,119,119)
w(463,4,5,120,120)
w(414,2,5,121,121)
w(640,1,5,122,122)
w(540,2,5,123,123)
w(14,1,5,124,124)
w(590,1,5,125,125)
w(478,1,5,126,126)
w(208,2,5,127,127)
w(356,2,5,128,128)
r(428,0,5,129,129)
w(218,1,5,130,130)
w(446,1,5,131,131)
w(112,4,5,132,132)
w(763,1,5,133,133)
w(796,3,5,134,134)
w(733,2,5,135,135)
w(769,1,5,136,136)
w(156,3,5,137,137)
w(13,1,5,138,138)
w(360,4,5,139,139)
w(399,3,5,140,140)
w(452,2,5,141,141)
w(791,3,5,142,142)
w(425,3,5,143,143)
w(523,2,5,144,144)
r(961,0,5,145,145)
w(488,1,5,146,146)
w(343,4,5,147,147)
w(773,3,5,148,148)
w(339,2,5,149,149)
w(914,2,5,150,150)
w(892,2,5,151,151)
w(813,2,5,152,152)
w(209,1,5,153,153)
w(878,1,5,154,154)
w(864,1,5,155,155)
w(357,2,5,156,156)
w(278,2,5,157,157)
r(305,0,5,158,158)
w(436,2,5,159,159)
w(431,1,5,160,160)
w(646,2,5,161,161)
w(276,3,5,162,162)
r(981,2,5,163,163)
w(72,2,5,164,164)
w(103,1,5,165,165)
w(805,2,5,166,166)
w(999,1,5,167,167)
w(123,2,5,168,168)
w(418,2,5,169,169)
w(567,2,5,170,170)
w(404,2,5,171,171)
w(636,1,5,172,172)
w(918,2,5,173,173)
w(777,3,5,174,174)
w(500,3,5,175,175)
r(287,1,5,176,176)
w(485,3,5,177,177)
w(470,2,5,178,178)
w(379,1,5,179,179)
w(494,1,5,180,180)
w(589,1,5,181,181)
w(711,2,5,182,182)
w(477,2,5,183,183)
w(424,2,5,184,184)
r(924,0,5,185,185)
w(845,3,5,186,186)
r(169,1,5,187,187)
w(341,2,5,188,188)
w(663,1,5,189,189)
w(557,2,5,190,190)
w(46,3,5,191,191)
w(842,6,5,192,192)
w(496,2,5,193,193)
w(155,2,5,194,194)
r(102,1,5,195,195)
w(393,2,5,196,196)
w(417,2,5,197,197)
w(250,2,5,198,198)
w(819,1,5,199,199)
w(352,1,6,0,0)
w(380,2,6,1,1)
w(596,1,6,2,2)
w(127,3,6,3,3)
w(998,2,6,4,4)
w(640,2,6,5,5)
w(655,2,6,6,6)
w(763,2,6,7,7)
w(180,2,6,8,8)
r(438,2,6,9,9)
w(73,2,6,10,10)
w(177,1,6,11,11)
w(425,4,6,12,12)
w(645,1,6,13,13)
w(316,1,6,14,14)
w(778,2,6,15,15)
w(171,1,6,16,16)
w(807,3,6,17,17)
w(112,5,6,18,18)
w(795,2,6,19,19)
w(694,4,6,20,20)
w(990,2,6,21,21)
w(847,2,6,22,22)
r(792,1,6,23,23)
w(53,1,6,24,24)
w(222,1,6,25,25)
w(5,4,6,26,26)
w(200,3,6,27,27)
w(209,2,6,28,28)
w(370,3,6,29,29)
w(53,2,6,30,30)
w(230,4,6,31,31)
w(44,1,6,32,32)
w(442,2,6,33,33)
w(984,1,6,34,34)
w(130,2,6,35,35)
w(421,3,6,36,36)
w(82,2,6,37,37)
w(132,3,6,38,38)
w(938,1,6,39,39)
w(355,2,6,40,40)
r(155,2,6,41,41)
w(903,3,6,42,42)
w(432,2,6,43,43)
w(521,5,6,44,44)
w(495,2,6,45,45)
w(64,2,6,46,46)
w(192,1,6,47,47)
w(292,2,6,48,48)
w(419,2,6,49,49)
w(481,1,6,50,50)
w(410,1,6,51,51)
w(926,1,6,52,52)
w(909,1,6,53,53)
w(59,4,6,54,54)
w(271,1,6,55,55)
w(761,1,6,56,56)
w(459,2,6,57,57)
w(153,1,6,58,58)
w(77,1,6,59,59)
w(801,1,6,60,60)
w(939,1,6,61,61)
w(255,1,6,62,62)
w(186,1,6,63,63)
w(909,2,6,64,64)
w(59,5,6,65,65)
w(444,1,6,66,66)
w(451,3,6,67,67)
w(141,2,6,68,68)
w(132,4,6,69,69)
w(703,1,6,70,70)
w(171,2,6,71,71)
w(686,1,6,72,72)
w(625,2,6,73,73)
w(793,1,6,74,74)
w(484,2,6,75,75)
w(242,2,6,76,76)
w(275,2,6,77,77)
r(791,3,6,78,78)
w(869,2,6,79,79)
w(68,1,6,80,80)
w(147,3,6,81,81)
r(371,2,6,82,82)
w(345,2,6,83,83)
w(227,1,6,84,84)
w(779,2,6,85,85)
w(520,1,6,86,86)
w(399,4,6,87,87)
w(841,1,6,88,88)
w(933,1,6,89,89)
w(1,4,6,90,90)
w(586,1,6,91,91)
w(446,2,6,92,92)
w(831,1,6,93,93)
w(491,1,6,94,94)
w(397,2,6,95,95)
w(977,2,6,96,96)
w(653,2,6,97,97)
w(703,2,6,98,98)
w(278,3,6,99,99)
w(963,4,6,100,100)
w(460,2,6,101,101)
w(60,2,6,102,102)
w(272,1,6,103,103)
w(524,1,6,104,104)
w(699,3,6,105,105)
w(265,3,6,106,106)
w(185,1,6,107,107)
w(416,2,6,108,108)
w(176,2,6,109,109)
w(866,2,6,110,110)
w(361,2,6,111,111)
w(426,2,6,112,112)
w(851,2,6,113,113)
w(725,2,6,114,114)
w(612,3,6,115,115)
w(417,3,6,116,116)
w(953,3,6,117,117)
w(926,2,6,118,118)
w(883,1,6,119,119)
w(617,5,6,120,120)
w(327,1,6,121,121)
r(979,1,6,122,122)
w(233,3,6,123,123)
w(195,2,6,124,124)
w(158,1,6,125,125)
w(154,1,6,126,126)
r(40,0,6,127,127)
r(763,2,6,128,128)
w(167,2,6,129,129)
w(163,4,6,130,130)
w(624,3,6,131,131)
w(170,1,6,132,132)
w(423,3,6,133,133)
w(283,1,6,134,134)
w(906,1,6,135,135)
w(509,2,6,136,136)
r(258,1,6,137,137)
r(37,2,6,138,138)
w(542,2,6,139,139)
w(884,2,6,140,140)
w(952,3,6,141,141)
w(684,2,6,142,142)
r(906,1,6,143,143)
w(548,1,6,144,144)
w(270,1,6,145,145)
w(393,3,6,146,146)
w(654,2,6,147,147)
r(856,0,6,148,148)
w(240,3,6,149,149)
r(849,2,6,150,150)
r(475,2,6,151,151)
w(750,2,6,152,152)
w(591,2,6,153,153)
w(874,1,6,154,154)
w(926,3,6,155,155)
w(528,2,6,156,156)
w(699,4,6,157,157)
w(268,3,6,158,158)
w(917,4,6,159,159)
w(749,1,6,160,160)
w(35,3,6,161,161)
w(697,2,6,162,162)
w(602,1,6,163,163)
w(70,3,6,164,164)
w(680,1,6,165,165)
w(162,3,6,166,166)
w(167,3,6,167,167)
w(776,2,6,168,168)
w(772,1,6,169,169)
w(544,3,6,170,170)
w(519,2,6,171,171)
w(91,1,6,172,172)
w(244,3,6,173,173)
w(932,2,6,174,174)
w(355,3,6,175,175)
w(741,2,6,176,176)
r(57,2,6,177,177)
w(182,2,6,178,178)
r(396,1,6,179,179)
w(198,2,6,180,180)
w(952,4,6,181,181)
w(738,1,6,182,182)
w(636,2,6,183,183)
r(825,2,6,184,184)
w(711,3,6,185,185)
w(589,2,6,186,186)
w(636,3,6,187,187)
w(407,1,6,188,188)
w(862,2,6,189,189)
r(144,0,6,190,190)
w(181,3,6,191,191)
w(894,2,6,192,192)
w(254,3,6,193,193)
w(445,1,6,194,194)
r(491,1,6,195,195)
r(454,1,6,196,196)
r(873,1,6,197,197)
w(827,1,6,198,198)
w(210,1,6,199,199)
w(927,2,7,0,0)
w(518,1,7,1,1)
w(582,1,7,2,2)
w(435,2,7,3,3)
w(1,5,7,4,4)
w(109,3,7,5,5)
w(919,2,7,6,6)
w(69,3,7,7,7)
w(258,2,7,8,8)
w(294,1,7,9,9)
w(914,3,7,10,10)
w(564,3,7,11,11)
w(111,2,7,12,12)
w(517,2,7,13,13)
w(482,1,7,14,14)
w(799,1,7,15,15)
w(264,2,7,16,16)
w(516,1,7,17,17)
w(926,4,7,18,18)
w(98,2,7,19,19)
w(595,2,7,20,20)
w(378,3,7,21,21)
w(688,2,7,22,22)
w(886,2,7,23,23)
w(694,5,7,24,24)
w(818,1,7,25,25)
w(803,2,7,26,26)
w(214,2,7,27,27)
w(96,2,7,28,28)
w(550,2,7,29,29)
w(198,3,7,30,30)
r(897,0,7,31,31)
w(382,1,7,32,32)
w(954,1,7,33,33)
w(970,1,7,34,34)
w(721,1,7,35,35)
w(16,3,7,36,36)
w(604,3,7,37,37)
w(37,3,7,38,38)
w(153,2,7,39,39)
r(651,1,7,40,40)
w(612,4,7,41,41)
r(495,2,7,42,42)
w(242,3,7,43,43)
w(507,2,7,44,44)
w(381,2,7,45,45)
w(68,2,7,46,46)
w(824,1,7,47,47)
w(377,2,7,48,48)
w(810,1,7,49,49)
w(436,3,7,50,50)
w(994,2,7,51,51)
w(548,2,7,52,52)
w(868,3,7,53,53)
w(195,3,7,54,54)
w(545,2,7,55,55)
w(114,3,7,56,56)
w(835,1,7,57,57)
r(649,1,7,58,58)
w(161,1,7,59,59)
w(339,3,7,60,60)
w(621,2,7,61,61)
w(999,2,7,62,62)
w(410,2,7,63,63)
w(702,3,7,64,64)
w(66,1,7,65,65)
w(87,1,7,66,66)
w(984,2,7,67,67)
w(281,1,7,68,68)
w(794,1,7,69,69)
w(27,2,7,70,70)
w(816,2,7,71,71)
w(694,6,7,72,72)
w(319,2,7,73,73)
w(534,1,7,74,74)
w(543,3,7,75,75)
r(378,3,7,76,76)
w(575,2,7,77,77)
w(123,3,7,78,78)
w(411,2,7,79,79)
w(149,1,7,80,80)
w(713,2,7,81,81)
w(65,1,7,82,82)
w(242,4,7,83,83)
w(500,4,7,84,84)
w(715,3,7,85,85)
w(817,2,7,86,86)
w(667,2,7,87,87)
r(610,2,7,88,88)
w(591,3,7,89,89)
w(541,2,7,90,90)
w(110,1,7,91,91)
r(279,0,7,92,92)
w(811,2,7,93,93)
w(306,3,7,94,94)
r(795,2,7,95,95)
r(357,2,7,96,96)
w(131,1,7,97,97)
w(626,2,7,98,98)
w(693,2,7,99,99)
w(5,5,7,100,100)
w(350,4,7,101,101)
w(818,2,7,102,102)
w(533,1,7,103,103)
w(274,2,7,104,104)
r(84,1,7,105,105)
w(268,4,7,106,106)
r(694,6,7,107,107)
w(766,1,7,108,108)
w(331,1,7,109,109)
r(376,1,7,110,110)
w(578,3,7,111,111)
w(791,4,7,112,112)
w(266,1,7,113,113)
w(180,3,7,114,114)
w(491,2,7,115,115)
w(920,2,7,116,116)
w(92,2,7,117,117)
w(609,3,7,118,118)
w(397,3,7,119,119)
w(460,3,7,120,120)
w(787,2,7,121,121)
w(309,2,7,122,122)
w(865,1,7,123,123)
w(44,2,7,124,124)
w(411,3,7,125,125)
w(540,3,7,126,126)
w(426,3,7,127,127)
w(862,3,7,128,128)
w(655,3,7,129,129)
w(970,2,7,130,130)
w(982,1,7,131,131)
w(907,3,7,132,132)
w(915,4,7,133,133)
w(721,2,7,134,134)
w(74,2,7,135,135)
r(815,3,7,136,136)
w(807,4,7,137,137)
w(742,3,7,138,138)
w(8,1,7,139,139)
r(32,1,7,140,140)
w(400,1,7,141,141)
w(419,3,7,142,142)
w(852,1,7,143,143)
w(615,2,7,144,144)
w(92,3,7,145,145)
w(393,4,7,146,146)
w(125,2,7,147,147)
w(268,5,7,148,148)
w(208,3,7,149,149)
w(114,4,7,150,150)
w(315,1,7,151,151)
w(244,4,7,152,152)
w(812,2,7,153,153)
w(270,2,7,154,154)
w(935,1,7,155,155)
r(370,3,7,156,156)
w(709,1,7,157,157)
w(80,1,7,158,158)
w(724,2,7,159,159)
w(10,3,7,160,160)
w(924,1,7,161,161)
w(221,1,7,162,162)
r(116,1,7,163,163)
w(690,1,7,164,164)
w(685,1,7,165,165)
w(534,2,7,166,166)
w(529,1,7,167,167)
w(432,3,7,168,168)
w(708,3,7,169,169)
w(607,1,7,170,170)
w(96,3,7,171,171)
w(499,3,7,172,172)
w(891,2,7,173,173)
w(380,3,7,174,174)
w(596,2,7,175,175)
w(607,2,7,176,176)
w(818,3,7,177,177)
w(731,1,7,178,178)
r(619,2,7,179,179)
w(117,1,7,180,180)
w(682,2,7,181,181)
w(75,4,7,182,182)
w(483,1,7,183,183)
r(797,2,7,184,184)
w(477,3,7,185,185)
w(551,1,7,186,186)
w(378,4,7,187,187)
w(610,3,7,188,188)
w(915,5,7,189,189)
w(154,2,7,190,190)
w(593,3,7,191,191)
w(632,1,7,192,192)
w(606,4,7,193,193)
w(140,6,7,194,194)
r(551,1,7,195,195)
w(225,1,7,196,196)
w(103,2,7,197,197)
w(450,3,7,198,198)
w(259,1,7,199,199)
w(111,3,8,0,0)
w(142,1,8,1,1)
w(178,1,8,2,2)
w(970,3,8,3,3)
w(977,3,8,4,4)
r(195,3,8,5,5)
w(539,3,8,6,6)
w(985,1,8,7,7)
w(544,4,8,8,8)
w(968,1,8,9,9)
w(471,3,8,10,10)
w(38,1,8,11,11)
w(352,2,8,12,12)
w(316,2,8,13,13)
w(81,3,8,14,14)
w(425,5,8,15,15)
w(822,2,8,16,16)
w(689,3,8,17,17)
w(391,1,8,18,18)
w(876,1,8,19,19)
w(532,2,8,20,20)
w(381,3,8,21,21)
w(436,4,8,22,22)
w(631,4,8,23,23)
w(644,1,8,24,24)
w(663,2,8,25,25)
w(652,2,8,26,26)
w(865,2,8,27,27)
w(368,1,8,28,28)
w(444,2,8,29,29)
w(228,2,8,30,30)
w(57,3,8,31,31)
w(105,1,8,32,32)
w(118,2,8,33,33)
w(660,2,8,34,34)
w(591,4,8,35,35)
w(391,2,8,36,36)
w(104,1,8,37,37)
w(373,3,8,38,38)
w(992,3,8,39,39)
w(304,2,8,40,40)
w(219,2,8,41,41)
w(867,1,8,42,42)
w(397,4,8,43,43)
w(480,2,8,44,44)
w(497,3,8,45,45)
w(378,5,8,46,46)
r(375,1,8,47,47)
w(949,3,8,48,48)
w(737,2,8,49,49)
r(92,3,8,50,50)
w(875,2,8,51,51)
w(428,1,8,52,52)
w(502,4,8,53,53)
w(392,2,8,54,54)
w(815,4,8,55,55)
w(953,4,8,56,56)
w(182,3,8,57,57)
w(697,3,8,58,58)
w(449,1,8,59,59)
w(644,2,8,60,60)
w(73,3,8,61,61)
w(568,1,8,62,62)
w(782,2,8,63,63)
w(21,3,8,64,64)
r(885,1,8,65,65)
w(819,2,8,66,66)
r(972,3,8,67,67)
w(643,3,8,68,68)
w(877,2,8,69,69)
w(803,3,8,70,70)
w(467,2,8,71,71)
w(83,2,8,72,72)
r(484,2,8,73,73)
w(887,3,8,74,74)
w(246,2,8,75,75)
w(619,3,8,76,76)
w(208,4,8,77,77)
r(790,3,8,78,78)
w(414,3,8,79,79)
w(440,1,8,80,80)
w(333,2,8,81,81)
w(49,2,8,82,82)
w(42,1,8,83,83)
r(659,1,8,84,84)
w(608,2,8,85,85)
r(508,0,8,86,86)
w(1,6,8,87,87)
w(436,5,8,88,88)
w(615,3,8,89,89)
w(839,2,8,90,90)
r(95,3,8,91,91)
w(834,2,8,92,92)
w(862,4,8,93,93)
w(414,4,8,94,94)
w(24,2,8,95,95)
w(290,4,8,96,96)
w(903,4,8,97,97)
w(566,1,8,98,98)
w(329,3,8,99,99)
w(560,2,8,100,100)
w(634,1,8,101,101)
w(804,2,8,102,102)
w(945,3,8,103,103)
w(197,1,8,104,104)
w(362,2,8,105,105)
w(556,2,8,106,106)
w(458,1,8,107,107)
w(785,4,8,108,108)
w(435,3,8,109,109)
w(819,3,8,110,110)
w(367,3,8,111,111)
w(900,3,8,112,112)
r(633,1,8,113,113)
r(560,2,8,114,114)
w(367,4,8,115,115)
r(259,1,8,116,116)
w(977,4,8,117,117)
w(455,1,8,118,118)
r(244,4,8,119,119)
w(388,2,8,120,120)
w(122,1,8,121,121)
w(693,3,8,122,122)
w(777,4,8,123,123)
w(431,2,8,124,124)
w(906,2,8,125,125)
w(324,3,8,126,126)
w(946,2,8,127,127)
w(429,2,8,128,128)
w(135,2,8,129,129)
w(960,3,8,130,130)
w(730,1,8,131,131)
w(871,2,8,132,132)
w(565,3,8,133,133)
w(520,2,8,134,134)
w(277,2,8,135,135)
w(858,2,8,136,136)
w(325,1,8,137,137)
w(876,2,8,138,138)
w(52,1,8,139,139)
w(953,5,8,140,140)
w(257,2,8,141,141)
w(172,1,8,142,142)
w(63,1,8,143,143)
w(211,1,8,144,144)
w(926,5,8,145,145)
w(991,3,8,146,146)
w(845,4,8,147,147)
w(770,6,8,148,148)
w(668,3,8,149,149)
r(149,1,8,150,150)
w(744,4,8,151,151)
r(774,2,8,152,152)
w(195,4,8,153,153)
w(674,2,8,154,154)
w(417,4,8,155,155)
r(725,2,8,156,156)
w(696,2,8,157,157)
w(671,1,8,158,158)
w(153,3,8,159,159)
w(329,4,8,160,160)
w(424,3,8,161,161)
w(514,2,8,162,162)
w(842,7,8,163,163)
w(319,3,8,164,164)
w(830,2,8,165,165)
r(673,1,8,166,166)
w(742,4,8,167,167)
w(658,1,8,168,168)
w(642,1,8,169,169)
w(131,2,8,170,170)
w(653,3,8,171,171)
w(214,3,8,172,172)
w(411,4,8,173,173)
w(661,1,8,174,174)
w(603,3,8,175,175)
w(662,2,8,176,176)
w(895,3,8,177,177)
w(925,1,8,178,178)
w(272,2,8,179,179)
w(295,2,8,180,180)
w(518,2,8,181,181)
w(596,3,8,182,182)
r(424,3,8,183,183)
w(950,1,8,184,184)
w(410,3,8,185,185)
w(974,2,8,186,186)
w(624,4,8,187,187)
w(447,1,8,188,188)
r(983,2,8,189,189)
w(615,4,8,190,190)
w(856,1,8,191,191)
w(937,2,8,192,192)
r(822,2,8,193,193)
w(156,4,8,194,194)
w(33,1,8,195,195)
w(887,4,8,196,196)
r(188,3,8,197,197)
w(829,2,8,198,198)
w(834,3,8,199,199)
w(653,4,9,0,0)
w(853,2,9,1,1)
w(255,2,9,2,2)
w(87,2,9,3,3)
w(738,2,9,4,4)
w(818,4,9,5,5)
w(819,4,9,6,6)
w(879,2,9,7,7)
w(513,3,9,8,8)
w(200,4,9,9,9)
w(724,3,9,10,10)
w(550,3,9,11,11)
w(835,2,9,12,12)
w(791,5,9,13,13)
w(543,4,9,14,14)
w(985,2,9,15,15)
w(618,2,9,16,16)
w(695,3,9,17,17)
w(367,5,9,18,18)
w(971,5,9,19,19)
w(511,3,9,20,20)
w(680,2,9,21,21)
w(334,1,9,22,22)
r(64,2,9,23,23)
r(740,0,9,24,24)
w(759,1,9,25,25)
w(771,2,9,26,26)
w(548,3,9,27,27)
w(743,3,9,28,28)
w(803,4,9,29,29)
w(523,3,9,30,30)
w(119,4,9,31,31)
r(596,3,9,32,32)
w(398,3,9,33,33)
w(801,2,9,34,34)
w(536,2,9,35,35)
w(574,3,9,36,36)
w(945,4,9,37,37)
w(329,5,9,38,38)
w(90,1,9,39,39)
w(478,2,9,40,40)
w(924,2,9,41,41)
w(646,3,9,42,42)
w(822,3,9,43,43)
w(741,3,9,44,44)
w(820,3,9,45,45)
w(704,2,9,46,46)
w(528,3,9,47,47)
w(911,1,9,48,48)
w(150,1,9,49,49)
w(756,2,9,50,50)
r(758,1,9,51,51)
w(849,3,9,52,52)
r(60,2,9,53,53)
r(102,1,9,54,54)
w(310,3,9,55,55)
w(607,3,9,56,56)
r(921,2,9,57,57)
w(18,2,9,58,58)
w(791,6,9,59,59)
w(169,2,9,60,60)
w(339,4,9,61,61)
w(520,3,9,62,62)
w(353,4,9,63,63)
w(394,3,9,64,64)
w(430,4,9,65,65)
w(781,2,9,66,66)
w(507,3,9,67,67)
w(116,2,9,68,68)
w(976,2,9,69,69)
w(56,3,9,70,70)
w(603,4,9,71,71)
w(742,5,9,72,72)
w(233,4,9,73,73)
w(703,3,9,74,74)
w(830,3,9,75,75)
w(77,2,9,76,76)
w(774,3,9,77,77)
w(816,3,9,78,78)
w(356,3,9,79,79)
w(99,2,9,80,80)
w(626,3,9,81,81)
w(809,1,9,82,82)
w(809,2,9,83,83)
w(4,2,9,84,84)
w(802,1,9,85,85)
w(775,2,9,86,86)
w(557,3,9,87,87)
w(441,1,9,88,88)
w(717,1,9,89,89)
w(230,5,9,90,90)
w(146,1,9,91,91)
w(832,4,9,92,92)
w(891,3,9,93,93)
w(377,3,9,94,94)
w(510,1,9,95,95)
w(186,2,9,96,96)
w(976,3,9,97,97)
w(55,1,9,98,98)
w(738,3,9,99,99)
w(88,1,9,100,100)
w(641,2,9,101,101)
w(232,3,9,102,102)
w(108,4,9,103,103)
w(125,3,9,104,104)
w(867,2,9,105,105)
w(888,2,9,106,106)
w(169,3,9,107,107)
r(747,1,9,108,108)
w(893,3,9,109,109)
w(233,5,9,110,110)
r(119,4,9,111,111)
w(961,1,9,112,112)
w(528,4,9,113,113)
w(909,3,9,114,114)
w(252,1,9,115,115)
w(680,3,9,116,116)
w(364,1,9,117,117)
w(25,1,9,118,118)
w(49,3,9,119,119)
r(997,1,9,120,120)
w(230,6,9,121,121)
w(89,2,9,122,122)
w(977,5,9,123,123)
w(124,1,9,124,124)
w(10,4,9,125,125)
w(19,2,9,126,126)
w(227,2,9,127,127)
w(80,2,9,128,128)
r(667,2,9,129,129)
w(183,1,9,130,130)
w(785,5,9,131,131)
w(509,3,9,132,132)
w(331,2,9,133,133)
w(578,4,9,134,134)
w(74,3,9,135,135)
w(439,1,9,136,136)
w(753,2,9,137,137)
w(430,5,9,138,138)
w(509,4,9,139,139)
r(678,4,9,140,140)
w(931,2,9,141,141)
w(699,5,9,142,142)
w(833,3,9,143,143)
w(626,4,9,144,144)
w(906,3,9,145,145)
w(756,3,9,146,146)
w(585,2,9,147,147)
w(936,3,9,148,148)
w(513,4,9,149,149)
w(439,2,9,150,150)
w(349,3,9,151,151)
w(223,2,9,152,152)
w(348,1,9,153,153)
w(462,3,9,154,154)
w(725,3,9,155,155)
w(919,3,9,156,156)
w(791,7,9,157,157)
r(283,1,9,158,158)
w(748,2,9,159,159)
w(500,5,9,160,160)
w(159,2,9,161,161)
w(139,2,9,162,162)
w(863,2,9,163,163)
r(348,1,9,164,164)
w(904,1,9,165,165)
w(915,6,9,166,166)
w(796,4,9,167,167)
w(149,2,9,168,168)
w(195,5,9,169,169)
w(943,1,9,170,170)
w(751,2,9,171,171)
w(95,4,9,172,172)
w(241,2,9,173,173)
w(261,3,9,174,174)
w(607,4,9,175,175)
w(199,3,9,176,176)
w(897,1,9,177,177)
w(938,2,9,178,178)
w(928,1,9,179,179)
w(667,3,9,180,180)
r(987,0,9,181,181)
r(280,1,9,182,182)
w(130,3,9,183,183)
w(673,2,9,184,184)
w(475,3,9,185,185)
w(248,3,9,186,186)
w(901,2,9,187,187)
w(789,2,9,188,188)
w(169,4,9,189,189)
r(362,2,9,190,190)
w(723,3,9,191,191)
w(78,2,9,192,192)
w(55,2,9,193,193)
w(277,3,9,194,194)
w(576,2,9,195,195)
w(968,2,9,196,196)
w(680,4,9,197,197)
w(255,3,9,198,198)
w(601,1,9,199,199)
w(740,1,10,0,0)
w(863,3,10,1,1)
w(904,2,10,2,2)
w(207,1,10,3,3)
w(124,2,10,4,4)
w(929,1,10,5,5)
w(153,4,10,6,6)
w(333,3,10,7,7)
w(733,3,10,8,8)
w(515,1,10,9,9)
w(586,2,10,10,10)
w(63,2,10,11,11)
w(40,1,10,12,12)
w(590,2,10,13,13)
w(232,4,10,14,14)
w(967,1,10,15,15)
w(673,3,10,16,16)
w(880,1,10,17,17)
w(72,3,10,18,18)
w(182,4,10,19,19)
w(84,2,10,20,20)
r(67,3,10,21,21)
w(103,3,10,22,22)
w(612,5,10,23,23)
w(773,4,10,24,24)
r(443,1,10,25,25)
w(70,4,10,26,26)
w(31,2,10,27,27)
r(284,2,10,28,28)
w(544,5,10,29,29)
r(754,1,10,30,30)
r(15,0,10,31,31)
w(363,1,10,32,32)
w(43,3,10,33,33)
w(4,3,10,34,34)
w(920,3,10,35,35)
w(955,2,10,36,36)
w(418,3,10,37,37)
w(474,2,10,38,38)
w(852,2,10,39,39)
w(322,2,10,40,40)
w(430,6,10,41,41)
w(873,2,10,42,42)
w(93,3,10,43,43)
w(794,2,10,44,44)
w(69,4,10,45,45)
w(215,1,10,46,46)
w(473,2,10,47,47)
w(814,2,10,48,48)
w(510,2,10,49,49)
w(486,1,10,50,50)
w(206,4,10,51,51)
w(186,3,10,52,52)
w(440,2,10,53,53)
w(130,4,10,54,54)
w(93,4,10,55,55)
w(840,1,10,56,56)
w(608,3,10,57,57)
w(787,3,10,58,58)
w(141,3,10,59,59)
w(807,5,10,60,60)
w(992,4,10,61,61)
w(785,6,10,62,62)
w(406,3,10,63,63)
w(903,5,10,64,64)
w(990,3,10,65,65)
w(258,3,10,66,66)
w(197,2,10,67,67)
w(596,4,10,68,68)
w(948,1,10,69,69)
w(830,4,10,70,70)
w(752,3,10,71,71)
r(726,0,10,72,72)
w(804,3,10,73,73)
r(494,1,10,74,74)
w(65,2,10,75,75)
w(86,4,10,76,76)
w(623,6,10,77,77)
w(813,3,10,78,78)
w(47,2,10,79,79)
w(513,5,10,80,80)
w(570,2,10,81,81)
r(227,2,10,82,82)
w(301,2,10,83,83)
w(708,4,10,84,84)
r(171,2,10,85,85)
w(466,1,10,86,86)
w(247,1,10,87,87)
w(400,2,10,88,88)
w(95,5,10,89,89)
w(55,3,10,90,90)
w(651,2,10,91,91)
w(280,2,10,92,92)
w(799,2,10,93,93)
w(635,1,10,94,94)
w(782,3,10,95,95)
w(115,3,10,96,96)
w(400,3,10,97,97)
r(82,2,10,98,98)
w(793,2,10,99,99)
w(203,1,10,100,100)
w(650,3,10,101,101)
r(807,5,10,102,102)
w(461,1,10,103,103)
w(335,1,10,104,104)
w(350,5,10,105,105)
w(917,5,10,106,106)
w(284,3,10,107,107)
w(161,2,10,108,108)
w(425,6,10,109,109)
w(66,2,10,110,110)
w(340,2,10,111,111)
w(808,1,10,112,112)
r(929,1,10,113,113)
w(171,3,10,114,114)
w(374,2,10,115,115)
w(8,2,10,116,116)
w(205,2,10,117,117)
w(587,2,10,118,118)
w(965,2,10,119,119)
w(581,3,10,120,120)
w(622,4,10,121,121)
r(103,3,10,122,122)
w(700,3,10,123,123)
w(415,1,10,124,124)
w(214,4,10,125,125)
w(660,3,10,126,126)
w(286,1,10,127,127)
w(41,2,10,128,128)
w(598,1,10,129,129)
w(46,4,10,130,130)
w(668,4,10,131,131)
w(208,5,10,132,132)
w(30,3,10,133,133)
w(437,1,10,134,134)
r(71,1,10,135,135)
w(340,3,10,136,136)
w(474,3,10,137,137)
w(75,5,10,138,138)
w(136,3,10,139,139)
w(636,4,10,140,140)
w(465,1,10,141,141)
w(19,3,10,142,142)
w(120,2,10,143,143)
w(515,2,10,144,144)
w(542,3,10,145,145)
w(103,4,10,146,146)
w(235,2,10,147,147)
w(527,2,10,148,148)
w(270,3,10,149,149)
w(686,2,10,150,150)
w(550,4,10,151,151)
w(961,2,10,152,152)
w(956,1,10,153,153)
w(756,4,10,154,154)
w(276,4,10,155,155)
w(818,5,10,156,156)
r(583,1,10,157,157)
w(915,7,10,158,158)
w(865,3,10,159,159)
w(473,3,10,160,160)
w(87,3,10,161,161)
w(730,2,10,162,162)
w(265,4,10,163,163)
w(912,3,10,164,164)
w(858,3,10,165,165)
w(259,2,10,166,166)
w(432,4,10,167,167)
w(109,4,10,168,168)
w(765,1,10,169,169)
w(912,4,10,170,170)
w(519,3,10,171,171)
w(390,3,10,172,172)
w(400,4,10,173,173)
w(10,5,10,174,174)
w(770,7,10,175,175)
w(549,4,10,176,176)
w(441,2,10,177,177)
w(265,5,10,178,178)
w(755,2,10,179,179)
r(502,4,10,180,180)
w(207,2,10,181,181)
w(526,4,10,182,182)
r(928,1,10,183,183)
w(910,1,10,184,184)
w(229,3,10,185,185)
w(469,2,10,186,186)
w(144,1,10,187,187)
w(625,3,10,188,188)
w(18,3,10,189,189)
w(195,6,10,190,190)
w(992,5,10,191,191)
w(662,3,10,192,192)
w(461,2,10,193,193)
w(224,2,10,194,194)
w(356,4,10,195,195)
w(413,1,10,196,196)
w(833,4,10,197,197)
r(116,2,10,198,198)
w(244,5,10,199,199)
w(433,2,11,0,0)
r(27,2,11,1,1)
w(376,2,11,2,2)
w(797,3,11,3,3)
r(185,1,11,4,4)
w(65,3,11,5,5)
w(409,3,11,6,6)
w(216,2,11,7,7)
w(282,2,11,8,8)
w(118,3,11,9,9)
w(892,3,11,10,10)
w(277,4,11,11,11)
w(418,4,11,12,12)
w(273,3,11,13,13)
r(270,3,11,14,14)
w(354,3,11,15,15)
r(769,1,11,16,16)
w(768,2,11,17,17)
w(986,1,11,18,18)
w(332,1,11,19,19)
w(275,3,11,20,20)
w(953,6,11,21,21)
r(92,3,11,22,22)
w(160,3,11,23,23)
w(719,3,11,24,24)
w(960,4,11,25,25)
w(893,4,11,26,26)
w(878,2,11,27,27)
w(16,4,11,28,28)
w(374,3,11,29,29)
r(582,1,11,30,30)
w(197,3,11,31,31)
w(65,4,11,32,32)
w(534,3,11,33,33)
w(635,2,11,34,34)
w(787,4,11,35,35)
w(109,5,11,36,36)
w(262,1,11,37,37)
r(85,0,11,38,38)
w(852,3,11,39,39)
r(353,4,11,40,40)
w(624,5,11,41,41)
w(338,2,11,42,42)
w(108,5,11,43,43)
w(715,4,11,44,44)
w(754,2,11,45,45)
w(407,2,11,46,46)
w(549,5,11,47,47)
r(792,1,11,48,48)
w(71,2,11,49,49)
w(323,2,11,50,50)
w(636,5,11,51,51)
w(101,2,11,52,52)
w(563,1,11,53,53)
w(230,7,11,54,54)
w(701,3,11,55,55)
w(800,1,11,56,56)
w(27,3,11,57,57)
w(803,5,11,58,58)
r(1,6,11,59,59)
w(626,5,11,60,60)
w(464,4,11,61,61)
w(519,4,11,62,62)
w(962,3,11,63,63)
w(659,2,11,64,64)
w(310,4,11,65,65)
w(261,4,11,66,66)
w(311,1,11,67,67)
w(147,4,11,68,68)
w(824,2,11,69,69)
w(752,4,11,70,70)
w(404,3,11,71,71)
w(706,2,11,72,72)
w(102,2,11,73,73)
w(853,3,11,74,74)
w(336,2,11,75,75)
w(585,3,11,76,76)
w(658,2,11,77,77)
w(386,2,11,78,78)
w(683,1,11,79,79)
w(95,6,11,80,80)
w(938,3,11,81,81)
w(400,5,11,82,82)
w(879,3,11,83,83)
w(426,4,11,84,84)
w(421,4,11,85,85)
w(375,2,11,86,86)
w(36,1,11,87,87)
r(420,1,11,88,88)
w(189,3,11,89,89)
w(262,2,11,90,90)
w(423,4,11,91,91)
w(287,2,11,92,92)
w(82,3,11,93,93)
w(249,1,11,94,94)
w(460,4,11,95,95)
w(898,1,11,96,96)
w(174,2,11,97,97)
w(916,3,11,98,98)
w(376,3,11,99,99)
w(435,4,11,100,100)
w(753,3,11,101,101)
r(445,1,11,102,102)
w(704,3,11,103,103)
w(676,2,11,104,104)
w(727,2,11,105,105)
w(453,3,11,106,106)
w(866,3,11,107,107)
w(330,3,11,108,108)
w(831,2,11,109,109)
w(459,3,11,110,110)
w(349,4,11,111,111)
w(188,4,11,112,112)
w(907,4,11,113,113)
w(711,4,11,114,114)
r(542,3,11,115,115)
w(348,2,11,116,116)
w(107,2,11,117,117)
w(452,3,11,118,118)
w(943,2,11,119,119)
w(250,3,11,120,120)
r(431,2,11,121,121)
w(237,2,11,122,122)
w(59,6,11,123,123)
w(261,5,11,124,124)
w(587,3,11,125,125)
w(517,3,11,126,126)
w(748,3,11,127,127)
w(441,3,11,128,128)
w(75,6,11,129,129)
r(543,4,11,130,130)
w(222,2,11,131,131)
w(446,3,11,132,132)
w(232,5,11,133,133)
w(736,2,11,134,134)
w(347,1,11,135,135)
w(143,1,11,136,136)
w(32,2,11,137,137)
w(722,2,11,138,138)
w(33,2,11,139,139)
w(34,2,11,140,140)
w(279,1,11,141,141)
w(615,5,11,142,142)
w(446,4,11,143,143)
w(817,3,11,144,144)
w(290,5,11,145,145)
r(289,0,11,146,146)
w(910,2,11,147,147)
w(567,3,11,148,148)
w(974,3,11,149,149)
w(580,3,11,150,150)
w(790,4,11,151,151)
w(487,1,11,152,152)
w(794,3,11,153,153)
w(472,2,11,154,154)
w(198,4,11,155,155)
w(449,2,11,156,156)
w(22,2,11,157,157)
r(382,1,11,158,158)
w(533,2,11,159,159)
w(94,2,11,160,160)
w(784,2,11,161,161)
w(882,1,11,162,162)
w(627,1,11,163,163)
w(534,4,11,164,164)
w(265,6,11,165,165)
w(932,3,11,166,166)
w(107,3,11,167,167)
w(918,3,11,168,168)
w(581,4,11,169,169)
w(845,5,11,170,170)
w(655,4,11,171,171)
w(145,2,11,172,172)
w(899,2,11,173,173)
w(767,2,11,174,174)
w(403,3,11,175,175)
w(214,5,11,176,176)
r(676,2,11,177,177)
w(775,3,11,178,178)
w(127,4,11,179,179)
w(735,3,11,180,180)
w(920,4,11,181,181)
w(469,3,11,182,182)
w(574,4,11,183,183)
w(860,3,11,184,184)
w(153,5,11,185,185)
w(594,1,11,186,186)
w(7,1,11,187,187)
w(762,1,11,188,188)
w(956,2,11,189,189)
w(545,3,11,190,190)
w(853,4,11,191,191)
w(977,6,11,192,192)
r(478,2,11,193,193)
w(770,8,11,194,194)
w(109,6,11,195,195)
w(69,5,11,196,196)
r(820,3,11,197,197)
w(731,2,11,198,198)
w(868,4,11,199,199)
r(476,0,12,0,0)
w(184,2,12,1,1)
w(759,2,12,2,2)
w(419,4,12,3,3)
w(93,5,12,4,4)
w(378,6,12,5,5)
w(285,1,12,6,6)
w(488,2,12,7,7)
w(404,4,12,8,8)
w(840,2,12,9,9)
w(642,2,12,10,10)
w(138,1,12,11,11)
w(910,3,12,12,12)
w(396,2,12,13,13)
w(308,1,12,14,14)
w(222,3,12,15,15)
w(227,3,12,16,16)
w(81,4,12,17,17)
w(717,2,12,18,18)
w(948,2,12,19,19)
w(15,1,12,20,20)
r(424,3,12,21,21)
w(993,1,12,22,22)
w(148,1,12,23,23)
w(115,4,12,24,24)
w(507,4,12,25,25)
w(397,5,12,26,26)
w(620,1,12,27,27)
w(244,6,12,28,28)
w(706,3,12,29,29)
w(723,4,12,30,30)
w(284,4,12,31,31)
w(123,4,12,32,32)
w(348,3,12,33,33)
w(956,3,12,34,34)
w(572,2,12,35,35)
w(95,7,12,36,36)
w(885,2,12,37,37)
w(930,1,12,38,38)
w(79,2,12,39,39)
w(315,2,12,40,40)
w(935,2,12,41,41)
w(17,1,12,42,42)
w(914,4,12,43,43)
r(584,1,12,44,44)
w(613,6,12,45,45)
w(815,5,12,46,46)
w(142,2,12,47,47)
w(54,3,12,48,48)
w(994,3,12,49,49)
w(718,1,12,50,50)
w(387,4,12,51,51)
w(592,3,12,52,52)
w(967,2,12,53,53)
w(401,2,12,54,54)
w(271,2,12,55,55)
r(266,1,12,56,56)
w(515,3,12,57,57)
w(845,6,12,58,58)
w(554,1,12,59,59)
w(86,5,12,60,60)
w(559,1,12,61,61)
w(491,3,12,62,62)
r(179,1,12,63,63)
w(163,5,12,64,64)
r(225,1,12,65,65)
w(490,3,12,66,66)
w(534,5,12,67,67)
w(434,1,12,68,68)
w(164,4,12,69,69)
w(671,2,12,70,70)
w(769,2,12,71,71)
w(474,4,12,72,72)
w(517,4,12,73,73)
w(700,4,12,74,74)
w(359,3,12,75,75)
w(769,3,12,76,76)
w(803,6,12,77,77)
w(542,4,12,78,78)
w(815,6,12,79,79)
w(425,7,12,80,80)
r(232,5,12,81,81)
w(501,2,12,82,82)
w(951,1,12,83,83)
r(295,2,12,84,84)
w(930,2,12,85,85)
w(191,3,12,86,86)
r(188,4,12,87,87)
w(953,7,12,88,88)
w(273,4,12,89,89)
w(921,3,12,90,90)
w(902,2,12,91,91)
w(604,4,12,92,92)
w(742,6,12,93,93)
w(729,2,12,94,94)
w(613,7,12,95,95)
w(45,3,12,96,96)
w(773,5,12,97,97)
w(615,6,12,98,98)
r(727,2,12,99,99)
w(804,4,12,100,100)
w(57,4,12,101,101)
w(580,4,12,102,102)
w(946,3,12,103,103)
w(978,1,12,104,104)
w(13,2,12,105,105)
w(729,3,12,106,106)
w(619,4,12,107,107)
w(907,5,12,108,108)
r(292,2,12,109,109)
w(317,2,12,110,110)
w(879,4,12,111,111)
w(30,4,12,112,112)
w(746,1,12,113,113)
w(664,3,12,114,114)
w(680,5,12,115,115)
w(373,4,12,116,116)
w(208,6,12,117,117)
w(809,3,12,118,118)
w(267,4,12,119,119)
w(82,4,12,120,120)
w(701,4,12,121,121)
r(964,2,12,122,122)
w(583,2,12,123,123)
w(161,3,12,124,124)
w(773,6,12,125,125)
w(756,5,12,126,126)
w(810,2,12,127,127)
w(659,3,12,128,128)
w(7,2,12,129,129)
r(382,1,12,130,130)
w(551,2,12,131,131)
w(86,6,12,132,132)
w(373,5,12,133,133)
w(385,1,12,134,134)
w(888,3,12,135,135)
w(101,3,12,136,136)
w(789,3,12,137,137)
w(169,5,12,138,138)
w(285,2,12,139,139)
w(794,4,12,140,140)
w(481,2,12,141,141)
w(827,2,12,142,142)
w(935,3,12,143,143)
w(373,6,12,144,144)
r(509,4,12,145,145)
w(993,2,12,146,146)
w(180,4,12,147,147)
w(394,4,12,148,148)
w(869,3,12,149,149)
w(835,3,12,150,150)
w(209,3,12,151,151)
w(499,4,12,152,152)
w(864,2,12,153,153)
w(63,3,12,154,154)
w(155,3,12,155,155)
w(361,3,12,156,156)
w(107,4,12,157,157)
w(30,5,12,158,158)
r(70,4,12,159,159)
w(493,3,12,160,160)
w(735,4,12,161,161)
w(149,3,12,162,162)
w(972,4,12,163,163)
w(295,3,12,164,164)
w(423,5,12,165,165)
w(401,3,12,166,166)
w(111,4,12,167,167)
w(858,4,12,168,168)
w(260,1,12,169,169)
w(723,5,12,170,170)
w(521,6,12,171,171)
r(181,3,12,172,172)
w(163,6,12,173,173)
w(501,3,12,174,174)
w(167,4,12,175,175)
w(650,4,12,176,176)
r(556,2,12,177,177)
w(338,3,12,178,178)
w(465,2,12,179,179)
w(23,3,12,180,180)
w(360,5,12,181,181)
w(902,3,12,182,182)
w(154,3,12,183,183)
w(154,4,12,184,184)
w(139,3,12,185,185)
w(164,5,12,186,186)
w(421,5,12,187,187)
w(110,2,12,188,188)
w(996,3,12,189,189)
w(451,4,12,190,190)
w(697,4,12,191,191)
w(505,1,12,192,192)
w(846,2,12,193,193)
w(449,3,12,194,194)
w(392,3,12,195,195)
w(640,3,12,196,196)
w(800,2,12,197,197)
w(751,3,12,198,198)
w(780,4,12,199,199)
w(988,2,13,0,0)
w(709,2,13,1,1)
w(596,5,13,2,2)
w(866,4,13,3,3)
w(790,5,13,4,4)
w(948,3,13,5,5)
r(300,0,13,6,6)
w(218,2,13,7,7)
w(373,7,13,8,8)
w(502,5,13,9,9)
w(577,1,13,10,10)
w(160,4,13,11,11)
w(787,5,13,12,12)
w(187,4,13,13,13)
w(451,5,13,14,14)
r(694,6,13,15,15)
w(884,3,13,16,16)
w(566,2,13,17,17)
w(226,3,13,18,18)
w(243,3,13,19,19)
w(743,4,13,20,20)
w(22,3,13,21,21)
r(11,1,13,22,22)
w(563,2,13,23,23)
w(656,2,13,24,24)
w(614,3,13,25,25)
w(928,2,13,26,26)
w(716,3,13,27,27)
r(225,1,13,28,28)
w(296,2,13,29,29)
w(974,4,13,30,30)
w(394,5,13,31,31)
w(928,3,13,32,32)
w(420,2,13,33,33)
w(397,6,13,34,34)
w(297,1,13,35,35)
w(606,5,13,36,36)
w(773,7,13,37,37)
w(68,3,13,38,38)
w(203,2,13,39,39)
w(486,2,13,40,40)
w(800,3,13,41,41)
w(0,1,13,42,42)
w(127,5,13,43,43)
r(212,1,13,44,44)
w(95,8,13,45,45)
w(55,4,13,46,46)
w(575,3,13,47,47)
w(290,6,13,48,48)
w(417,5,13,49,49)
r(764,0,13,50,50)
w(856,2,13,51,51)
w(46,5,13,52,52)
w(946,4,13,53,53)
w(418,5,13,54,54)
w(257,3,13,55,55)
w(560,3,13,56,56)
r(760,1,13,57,57)
w(857,1,13,58,58)
w(869,4,13,59,59)
w(433,3,13,60,60)
w(357,3,13,61,61)
w(934,2,13,62,62)
w(732,3,13,63,63)
w(964,3,13,64,64)
w(273,5,13,65,65)
w(37,4,13,66,66)
w(22,4,13,67,67)
w(611,2,13,68,68)
w(921,4,13,69,69)
w(491,4,13,70,70)
w(805,3,13,71,71)
w(793,3,13,72,72)
w(830,5,13,73,73)
w(555,5,13,74,74)
w(613,8,13,75,75)
w(376,4,13,76,76)
w(877,3,13,77,77)
w(755,3,13,78,78)
w(214,6,13,79,79)
w(740,2,13,80,80)
w(580,5,13,81,81)
w(871,3,13,82,82)
r(482,1,13,83,83)
w(303,4,13,84,84)
w(296,3,13,85,85)
w(792,2,13,86,86)
r(393,4,13,87,87)
w(686,3,13,88,88)
w(111,5,13,89,89)
w(463,5,13,90,90)
w(650,5,13,91,91)
w(18,4,13,92,92)
w(979,2,13,93,93)
w(655,5,13,94,94)
w(232,6,13,95,95)
r(897,1,13,96,96)
w(114,5,13,97,97)
w(899,3,13,98,98)
w(659,4,13,99,99)
w(831,3,13,100,100)
w(671,3,13,101,101)
w(126,1,13,102,102)
w(899,4,13,103,103)
r(83,2,13,104,104)
w(35,4,13,105,105)
w(980,1,13,106,106)
w(361,4,13,107,107)
w(576,3,13,108,108)
r(328,2,13,109,109)
w(975,3,13,110,110)
w(726,1,13,111,111)
w(326,1,13,112,112)
w(307,2,13,113,113)
w(235,3,13,114,114)
w(172,2,13,115,115)
w(637,2,13,116,116)
w(690,2,13,117,117)
r(564,3,13,118,118)
r(197,3,13,119,119)
w(729,4,13,120,120)
w(968,3,13,121,121)
w(821,1,13,122,122)
w(31,3,13,123,123)
r(735,4,13,124,124)
w(851,3,13,125,125)
w(942,2,13,126,126)
w(607,5,13,127,127)
w(504,1,13,128,128)
r(430,6,13,129,129)
w(736,3,13,130,130)
w(415,2,13,131,131)
w(901,3,13,132,132)
w(439,3,13,133,133)
w(953,8,13,134,134)
w(910,4,13,135,135)
w(276,5,13,136,136)
w(216,3,13,137,137)
w(692,1,13,138,138)
r(995,0,13,139,139)
w(392,4,13,140,140)
w(448,3,13,141,141)
w(623,7,13,142,142)
w(16,5,13,143,143)
w(637,3,13,144,144)
w(125,4,13,145,145)
w(185,2,13,146,146)
w(387,5,13,147,147)
w(233,6,13,148,148)
w(499,5,13,149,149)
w(105,2,13,150,150)
w(893,5,13,151,151)
w(23,4,13,152,152)
w(411,5,13,153,153)
w(587,4,13,154,154)
w(273,6,13,155,155)
w(524,2,13,156,156)
w(720,3,13,157,157)
w(752,5,13,158,158)
w(163,7,13,159,159)
w(318,2,13,160,160)
w(321,2,13,161,161)
w(808,2,13,162,162)
w(275,4,13,163,163)
w(827,3,13,164,164)
w(357,4,13,165,165)
w(856,3,13,166,166)
w(950,2,13,167,167)
w(233,7,13,168,168)
w(588,3,13,169,169)
w(776,3,13,170,170)
w(545,4,13,171,171)
w(929,2,13,172,172)
w(709,3,13,173,173)
w(830,6,13,174,174)
w(620,2,13,175,175)
w(670,2,13,176,176)
w(972,5,13,177,177)
w(1,7,13,178,178)
w(64,3,13,179,179)
w(938,4,13,180,180)
w(797,4,13,181,181)
w(179,2,13,182,182)
r(137,0,13,183,183)
w(885,3,13,184,184)
w(398,4,13,185,185)
w(903,6,13,186,186)
w(940,1,13,187,187)
w(384,2,13,188,188)
w(811,3,13,189,189)
w(547,1,13,190,190)
w(73,4,13,191,191)
r(744,4,13,192,192)
w(452,4,13,193,193)
w(176,3,13,194,194)
w(126,2,13,195,195)
w(315,3,13,196,196)
w(988,3,13,197,197)
w(545,5,13,198,198)
w(590,3,13,199,199)
r(889,1,14,0,0)
w(162,4,14,1,1)
w(414,5,14,2,2)
w(520,4,14,3,3)
r(628,3,14,4,4)
r(400,5,14,5,5)
w(586,3,14,6,6)
w(165,3,14,7,7)
w(393,5,14,8,8)
r(126,2,14,9,9)
w(814,3,14,10,10)
w(195,7,14,11,11)
w(390,4,14,12,12)
w(525,1,14,13,13)
w(128,2,14,14,14)
w(318,3,14,15,15)
w(348,4,14,16,16)
w(850,4,14,17,17)
w(860,4,14,18,18)
r(696,2,14,19,19)
w(89,3,14,20,20)
w(873,3,14,21,21)
w(588,4,14,22,22)
w(418,6,14,23,23)
r(840,2,14,24,24)
w(725,4,14,25,25)
w(32,3,14,26,26)
w(323,3,14,27,27)
w(392,5,14,28,28)
w(612,6,14,29,29)
w(235,4,14,30,30)
w(425,8,14,31,31)
w(23,5,14,32,32)
w(402,3,14,33,33)
w(638,1,14,34,34)
w(528,5,14,35,35)
w(652,3,14,36,36)
w(472,3,14,37,37)
w(897,2,14,38,38)
w(907,6,14,39,39)
w(698,1,14,40,40)
w(732,4,14,41,41)
w(749,2,14,42,42)
r(913,1,14,43,43)
w(651,3,14,44,44)
w(709,4,14,45,45)
w(475,4,14,46,46)
w(57,5,14,47,47)
w(841,2,14,48,48)
w(422,2,14,49,49)
r(757,1,14,50,50)
w(39,3,14,51,51)
w(653,5,14,52,52)
w(330,4,14,53,53)
w(3,1,14,54,54)
r(405,0,14,55,55)
w(232,7,14,56,56)
w(113,2,14,57,57)
w(719,4,14,58,58)
r(179,2,14,59,59)
w(553,2,14,60,60)
w(651,4,14,61,61)
r(139,3,14,62,62)
w(242,5,14,63,63)
w(33,3,14,64,64)
w(374,4,14,65,65)
w(152,3,14,66,66)
w(772,2,14,67,67)
w(711,5,14,68,68)
w(914,5,14,69,69)
w(675,2,14,70,70)
w(175,1,14,71,71)
w(567,4,14,72,72)
w(886,3,14,73,73)
w(800,4,14,74,74)
w(298,1,14,75,75)
w(523,4,14,76,76)
w(17,2,14,77,77)
w(942,3,14,78,78)
w(861,1,14,79,79)
w(258,4,14,80,80)
w(561,3,14,81,81)
w(747,2,14,82,82)
w(857,2,14,83,83)
w(925,2,14,84,84)
w(844,2,14,85,85)
w(942,4,14,86,86)
r(595,2,14,87,87)
w(130,5,14,88,88)
w(864,3,14,89,89)
w(693,4,14,90,90)
w(272,3,14,91,91)
r(714,3,14,92,92)
w(247,2,14,93,93)
w(386,3,14,94,94)
w(214,7,14,95,95)
w(630,1,14,96,96)
w(116,3,14,97,97)
w(268,6,14,98,98)
w(283,2,14,99,99)
w(928,4,14,100,100)
w(442,3,14,101,101)
w(647,2,14,102,102)
w(214,8,14,103,103)
w(794,5,14,104,104)
w(305,1,14,105,105)
w(571,5,14,106,106)
w(126,3,14,107,107)
w(559,2,14,108,108)
w(972,6,14,109,109)
w(113,3,14,110,110)
w(342,2,14,111,111)
w(500,6,14,112,112)
w(260,2,14,113,113)
w(314,1,14,114,114)
r(935,3,14,115,115)
w(640,4,14,116,116)
w(582,2,14,117,117)
w(335,2,14,118,118)
w(86,7,14,119,119)
w(499,6,14,120,120)
w(300,1,14,121,121)
w(199,4,14,122,122)
r(811,3,14,123,123)
w(67,4,14,124,124)
w(225,2,14,125,125)
w(667,4,14,126,126)
w(983,3,14,127,127)
w(437,2,14,128,128)
w(553,3,14,129,129)
w(810,3,14,130,130)
w(884,4,14,131,131)
w(1,8,14,132,132)
w(276,6,14,133,133)
w(603,5,14,134,134)
w(820,4,14,135,135)
w(916,4,14,136,136)
w(59,7,14,137,137)
w(418,7,14,138,138)
w(689,4,14,139,139)
w(695,4,14,140,140)
w(37,5,14,141,141)
w(646,4,14,142,142)
w(7,3,14,143,143)
w(619,5,14,144,144)
w(695,5,14,145,145)
w(183,2,14,146,146)
w(331,3,14,147,147)
w(467,3,14,148,148)
w(660,4,14,149,149)
w(753,4,14,150,150)
w(97,3,14,151,151)
w(500,7,14,152,152)
w(451,6,14,153,153)
w(617,6,14,154,154)
w(40,2,14,155,155)
w(419,5,14,156,156)
w(852,4,14,157,157)
w(395,1,14,158,158)
w(365,4,14,159,159)
r(163,7,14,160,160)
w(935,4,14,161,161)
w(534,6,14,162,162)
w(219,3,14,163,163)
w(97,4,14,164,164)
w(95,9,14,165,165)
w(138,2,14,166,166)
w(111,6,14,167,167)
w(477,4,14,168,168)
w(863,4,14,169,169)
w(399,5,14,170,170)
w(474,5,14,171,171)
w(563,3,14,172,172)
w(226,4,14,173,173)
w(87,4,14,174,174)
w(615,7,14,175,175)
w(556,3,14,176,176)
w(620,3,14,177,177)
w(276,7,14,178,178)
w(313,2,14,179,179)
w(779,3,14,180,180)
w(762,2,14,181,181)
w(67,5,14,182,182)
r(737,2,14,183,183)
w(8,3,14,184,184)
w(1,9,14,185,185)
w(553,4,14,186,186)
w(950,3,14,187,187)
w(441,4,14,188,188)
w(571,6,14,189,189)
w(371,3,14,190,190)
w(982,2,14,191,191)
w(633,2,14,192,192)
w(855,1,14,193,193)
w(911,2,14,194,194)
w(706,4,14,195,195)
w(695,6,14,196,196)
w(787,6,14,197,197)
w(41,3,14,198,198)
w(298,2,14,199,199)
w(119,5,15,0,0)
w(892,4,15,1,1)
w(597,3,15,2,2)
w(770,9,15,3,3)
w(378,7,15,4,4)
w(553,5,15,5,5)
w(895,4,15,6,6)
w(417,6,15,7,7)
w(167,5,15,8,8)
w(862,5,15,9,9)
w(630,2,15,10,10)
w(250,4,15,11,11)
r(980,1,15,12,12)
w(5,6,15,13,13)
w(847,3,15,14,14)
w(585,4,15,15,15)
w(947,2,15,16,16)
w(869,5,15,17,17)
w(926,6,15,18,18)
w(48,2,15,19,19)
w(400,6,15,20,20)
w(606,6,15,21,21)
w(519,5,15,22,22)
w(155,4,15,23,23)
w(899,5,15,24,24)
w(938,5,15,25,25)
w(971,6,15,26,26)
w(142,3,15,27,27)
w(686,4,15,28,28)
w(571,7,15,29,29)
r(931,2,15,30,30)
w(811,4,15,31,31)
w(389,3,15,32,32)
w(712,3,15,33,33)
w(162,5,15,34,34)
w(644,3,15,35,35)
w(795,3,15,36,36)
w(475,5,15,37,37)
w(579,2,15,38,38)
w(158,2,15,39,39)
w(125,5,15,40,40)
w(267,5,15,41,41)
w(495,3,15,42,42)
w(288,2,15,43,43)
w(72,4,15,44,44)
w(443,2,15,45,45)
r(740,2,15,46,46)
w(747,3,15,47,47)
w(205,3,15,48,48)
w(642,3,15,49,49)
w(11,2,15,50,50)
w(566,3,15,51,51)
w(709,5,15,52,52)
w(280,3,15,53,53)
w(312,2,15,54,54)
w(926,7,15,55,55)
w(877,4,15,56,56)
w(976,4,15,57,57)
w(577,2,15,58,58)
w(617,7,15,59,59)
w(442,4,15,60,60)
w(628,4,15,61,61)
w(747,4,15,62,62)
w(546,1,15,63,63)
w(159,3,15,64,64)
w(58,1,15,65,65)
w(369,2,15,66,66)
w(245,1,15,67,67)
w(950,4,15,68,68)
w(398,5,15,69,69)
w(457,5,15,70,70)
w(856,4,15,71,71)
w(821,2,15,72,72)
w(345,3,15,73,73)
w(499,7,15,74,74)
r(443,2,15,75,75)
w(404,5,15,76,76)
w(296,4,15,77,77)
w(952,5,15,78,78)
w(365,5,15,79,79)
w(568,2,15,80,80)
w(954,2,15,81,81)
w(233,8,15,82,82)
w(423,6,15,83,83)
w(456,3,15,84,84)
w(673,4,15,85,85)
w(41,4,15,86,86)
w(57,6,15,87,87)
w(433,4,15,88,88)
w(491,5,15,89,89)
w(635,3,15,90,90)
w(98,3,15,91,91)
w(993,3,15,92,92)
w(217,2,15,93,93)
w(844,3,15,94,94)
w(475,6,15,95,95)
r(575,3,15,96,96)
w(458,2,15,97,97)
r(738,3,15,98,98)
w(761,2,15,99,99)
r(950,4,15,100,100)
r(697,4,15,101,101)
w(182,5,15,102,102)
w(540,4,15,103,103)
w(247,3,15,104,104)
w(780,5,15,105,105)
w(330,5,15,106,106)
w(221,2,15,107,107)
r(468,1,15,108,108)
w(775,4,15,109,109)
r(974,4,15,110,110)
w(109,7,15,111,111)
w(505,2,15,112,112)
w(970,4,15,113,113)
w(461,3,15,114,114)
w(591,5,15,115,115)
r(764,0,15,116,116)
w(233,9,15,117,117)
w(696,3,15,118,118)
w(798,2,15,119,119)
w(635,4,15,120,120)
w(326,2,15,121,121)
w(712,4,15,122,122)
r(895,4,15,123,123)
w(540,5,15,124,124)
w(381,4,15,125,125)
w(473,4,15,126,126)
w(747,5,15,127,127)
w(848,1,15,128,128)
r(273,6,15,129,129)
w(866,5,15,130,130)
w(49,4,15,131,131)
w(856,5,15,132,132)
w(820,5,15,133,133)
w(447,2,15,134,134)
w(144,2,15,135,135)
w(535,2,15,136,136)
w(763,3,15,137,137)
w(383,2,15,138,138)
w(23,6,15,139,139)
w(760,2,15,140,140)
w(202,1,15,141,141)
w(525,2,15,142,142)
w(907,7,15,143,143)
w(612,7,15,144,144)
w(1,10,15,145,145)
w(669,1,15,146,146)
w(741,4,15,147,147)
w(987,1,15,148,148)
r(454,1,15,149,149)
w(210,2,15,150,150)
w(406,4,15,151,151)
r(992,5,15,152,152)
w(314,2,15,153,153)
w(822,4,15,154,154)
r(313,2,15,155,155)
w(827,4,15,156,156)
w(162,6,15,157,157)
w(136,4,15,158,158)
r(215,1,15,159,159)
w(721,3,15,160,160)
w(642,4,15,161,161)
w(67,6,15,162,162)
w(243,4,15,163,163)
w(848,2,15,164,164)
w(830,7,15,165,165)
w(757,2,15,166,166)
w(578,5,15,167,167)
w(689,5,15,168,168)
w(255,4,15,169,169)
r(78,2,15,170,170)
w(641,3,15,171,171)
w(775,5,15,172,172)
w(619,6,15,173,173)
w(146,2,15,174,174)
w(648,2,15,175,175)
w(34,3,15,176,176)
w(894,3,15,177,177)
w(357,5,15,178,178)
w(269,1,15,179,179)
w(333,4,15,180,180)
w(742,7,15,181,181)
w(597,4,15,182,182)
w(677,2,15,183,183)
r(806,1,15,184,184)
w(98,4,15,185,185)
w(322,3,15,186,186)
w(121,4,15,187,187)
w(619,7,15,188,188)
w(424,4,15,189,189)
w(257,4,15,190,190)
r(392,5,15,191,191)
w(344,2,15,192,192)
w(985,3,15,193,193)
w(809,4,15,194,194)
w(582,3,15,195,195)
w(687,1,15,196,196)
w(497,4,15,197,197)
w(748,4,15,198,198)
w(822,5,15,199,199)
w(999,3,16,0,0)
w(17,3,16,1,1)
w(362,3,16,2,2)
r(730,2,16,3,3)
w(371,4,16,4,4)
w(947,3,16,5,5)
w(892,5,16,6,6)
w(863,5,16,7,7)
w(658,3,16,8,8)
r(122,1,16,9,9)
w(0,2,16,10,10)
w(619,8,16,11,11)
w(903,7,16,12,12)
w(650,6,16,13,13)
r(852,4,16,14,14)
w(556,4,16,15,15)
w(726,2,16,16,16)
w(511,4,16,17,17)
w(904,3,16,18,18)
r(99,2,16,19,19)
w(100,1,16,20,20)
w(451,7,16,21,21)
w(111,7,16,22,22)
w(806,2,16,23,23)
w(555,6,16,24,24)
w(882,2,16,25,25)
w(742,8,16,26,26)
w(389,4,16,27,27)
w(424,5,16,28,28)
w(145,3,16,29,29)
w(407,3,16,30,30)
w(28,2,16,31,31)
w(585,5,16,32,32)
w(32,4,16,33,33)
w(539,4,16,34,34)
w(705,2,16,35,35)
w(983,4,16,36,36)
w(461,4,16,37,37)
w(540,6,16,38,38)
w(341,3,16,39,39)
r(449,3,16,40,40)
w(541,3,16,41,41)
w(917,6,16,42,42)
w(519,6,16,43,43)
w(110,3,16,44,44)
w(466,2,16,45,45)
w(545,6,16,46,46)
w(768,3,16,47,47)
w(453,4,16,48,48)
w(578,6,16,49,49)
w(779,4,16,50,50)
w(327,2,16,51,51)
w(464,5,16,52,52)
w(274,3,16,53,53)
w(243,5,16,54,54)
w(548,4,16,55,55)
w(561,4,16,56,56)
w(509,5,16,57,57)
w(850,5,16,58,58)
w(879,5,16,59,59)
w(427,3,16,60,60)
w(818,6,16,61,61)
w(464,6,16,62,62)
w(667,5,16,63,63)
w(426,5,16,64,64)
w(38,2,16,65,65)
w(628,5,16,66,66)
w(345,4,16,67,67)
w(599,3,16,68,68)
w(470,3,16,69,69)
w(192,2,16,70,70)
w(356,5,16,71,71)
w(182,6,16,72,72)
w(317,3,16,73,73)
w(563,4,16,74,74)
w(154,5,16,75,75)
w(264,3,16,76,76)
w(144,3,16,77,77)
w(297,2,16,78,78)
w(516,2,16,79,79)
w(793,4,16,80,80)
w(256,1,16,81,81)
w(390,5,16,82,82)
w(72,5,16,83,83)
w(526,5,16,84,84)
r(489,1,16,85,85)
w(220,3,16,86,86)
w(592,4,16,87,87)
w(489,2,16,88,88)
w(874,2,16,89,89)
w(727,3,16,90,90)
w(442,5,16,91,91)
w(440,3,16,92,92)
w(364,2,16,93,93)
w(908,2,16,94,94)
w(174,3,16,95,95)
w(300,2,16,96,96)
w(601,2,16,97,97)
w(434,2,16,98,98)
r(504,1,16,99,99)
r(66,2,16,100,100)
w(953,9,16,101,101)
w(858,5,16,102,102)
w(865,4,16,103,103)
w(568,3,16,104,104)
w(207,3,16,105,105)
w(616,1,16,106,106)
w(846,3,16,107,107)
w(434,3,16,108,108)
r(524,2,16,109,109)
w(860,5,16,110,110)
w(867,3,16,111,111)
w(62,1,16,112,112)
w(0,3,16,113,113)
r(220,3,16,114,114)
r(495,3,16,115,115)
w(48,3,16,116,116)
w(545,7,16,117,117)
w(609,4,16,118,118)
w(471,4,16,119,119)
w(384,3,16,120,120)
w(352,3,16,121,121)
w(598,2,16,122,122)
w(802,2,16,123,123)
w(85,1,16,124,124)
w(161,4,16,125,125)
w(800,5,16,126,126)
r(263,1,16,127,127)
w(923,3,16,128,128)
w(337,1,16,129,129)
w(375,3,16,130,130)
w(211,2,16,131,131)
w(421,6,16,132,132)
w(55,5,16,133,133)
w(406,5,16,134,134)
w(379,2,16,135,135)
w(307,3,16,136,136)
w(429,3,16,137,137)
w(139,4,16,138,138)
w(844,4,16,139,139)
w(88,2,16,140,140)
r(728,1,16,141,141)
r(422,2,16,142,142)
w(931,3,16,143,143)
w(453,5,16,144,144)
w(345,5,16,145,145)
w(892,6,16,146,146)
r(582,3,16,147,147)
w(975,4,16,148,148)
w(553,6,16,149,149)
w(251,2,16,150,150)
w(202,2,16,151,151)
w(969,5,16,152,152)
w(572,3,16,153,153)
w(846,4,16,154,154)
w(113,4,16,155,155)
w(732,5,16,156,156)
w(896,1,16,157,157)
w(928,5,16,158,158)
w(650,7,16,159,159)
w(46,6,16,160,160)
w(185,3,16,161,161)
w(268,7,16,162,162)
r(498,0,16,163,163)
w(830,8,16,164,164)
w(509,6,16,165,165)
w(396,3,16,166,166)
w(395,2,16,167,167)
w(475,7,16,168,168)
w(480,3,16,169,169)
w(492,2,16,170,170)
w(547,2,16,171,171)
w(159,4,16,172,172)
w(655,6,16,173,173)
w(307,4,16,174,174)
w(166,3,16,175,175)
w(283,3,16,176,176)
w(512,3,16,177,177)
w(606,7,16,178,178)
w(409,4,16,179,179)
r(896,1,16,180,180)
w(645,2,16,181,181)
w(468,2,16,182,182)
w(924,3,16,183,183)
w(518,3,16,184,184)
w(670,3,16,185,185)
w(546,2,16,186,186)
w(255,5,16,187,187)
w(687,2,16,188,188)
w(722,3,16,189,189)
w(804,5,16,190,190)
w(90,2,16,191,191)
w(477,5,16,192,192)
w(723,6,16,193,193)
w(360,6,16,194,194)
w(266,2,16,195,195)
w(761,3,16,196,196)
w(41,5,16,197,197)
w(316,3,16,198,198)
w(497,5,16,199,199)
w(6,4,17,0,0)
w(34,4,17,1,1)
w(110,4,17,2,2)
w(213,1,17,3,3)
w(359,4,17,4,4)
w(27,4,17,5,5)
w(242,6,17,6,6)
w(878,3,17,7,7)
w(903,8,17,8,8)
w(807,6,17,9,9)
w(81,5,17,10,10)
w(855,2,17,11,11)
w(780,6,17,12,12)
w(493,4,17,13,13)
w(759,3,17,14,14)
w(697,5,17,15,15)
w(474,6,17,16,16)
w(408,3,17,17,17)
w(200,5,17,18,18)
w(869,6,17,19,19)
w(963,5,17,20,20)
w(250,5,17,21,21)
w(224,3,17,22,22)
w(644,4,17,23,23)
w(575,4,17,24,24)
w(12,1,17,25,25)
w(97,5,17,26,26)
w(812,3,17,27,27)
w(495,4,17,28,28)
w(547,3,17,29,29)
w(901,4,17,30,30)
w(275,5,17,31,31)
w(828,2,17,32,32)
w(470,4,17,33,33)
w(849,4,17,34,34)
w(396,4,17,35,35)
w(628,6,17,36,36)
w(22,5,17,37,37)
w(418,8,17,38,38)
w(400,7,17,39,39)
r(266,2,17,40,40)
w(377,4,17,41,41)
w(384,4,17,42,42)
w(26,1,17,43,43)
w(920,5,17,44,44)
w(442,6,17,45,45)
w(573,1,17,46,46)
w(665,3,17,47,47)
w(117,2,17,48,48)
w(258,5,17,49,49)
w(605,4,17,50,50)
w(799,3,17,51,51)
w(84,3,17,52,52)
w(518,4,17,53,53)
w(644,5,17,54,54)
w(784,3,17,55,55)
w(491,6,17,56,56)
w(968,4,17,57,57)
w(594,2,17,58,58)
w(513,6,17,59,59)
w(340,4,17,60,60)
w(891,4,17,61,61)
r(642,4,17,62,62)
w(239,1,17,63,63)
w(118,4,17,64,64)
w(511,5,17,65,65)
w(278,4,17,66,66)
w(912,5,17,67,67)
w(246,3,17,68,68)
w(739,1,17,69,69)
w(2,1,17,70,70)
w(164,6,17,71,71)
w(241,3,17,72,72)
w(505,3,17,73,73)
w(81,6,17,74,74)
w(602,2,17,75,75)
w(567,5,17,76,76)
w(429,4,17,77,77)
w(276,8,17,78,78)
w(986,2,17,79,79)
w(999,4,17,80,80)
w(761,4,17,81,81)
w(878,4,17,82,82)
w(827,5,17,83,83)
w(949,4,17,84,84)
w(363,2,17,85,85)
w(298,3,17,86,86)
w(211,3,17,87,87)
w(372,1,17,88,88)
w(212,2,17,89,89)
w(747,6,17,90,90)
w(523,5,17,91,91)
w(661,2,17,92,92)
w(970,5,17,93,93)
w(812,4,17,94,94)
w(750,3,17,95,95)
w(891,5,17,96,96)
w(592,5,17,97,97)
w(978,2,17,98,98)
r(254,3,17,99,99)
w(137,1,17,100,100)
r(156,4,17,101,101)
w(359,5,17,102,102)
w(715,5,17,103,103)
w(859,2,17,104,104)
w(508,1,17,105,105)
w(804,6,17,106,106)
w(232,8,17,107,107)
w(839,3,17,108,108)
r(372,1,17,109,109)
w(119,6,17,110,110)
w(269,2,17,111,111)
w(888,4,17,112,112)
w(647,3,17,113,113)
w(185,4,17,114,114)
w(931,4,17,115,115)
w(574,5,17,116,116)
w(303,5,17,117,117)
w(588,5,17,118,118)
r(107,4,17,119,119)
w(389,5,17,120,120)
r(370,3,17,121,121)
w(229,4,17,122,122)
w(507,5,17,123,123)
r(910,4,17,124,124)
w(227,4,17,125,125)
w(533,3,17,126,126)
r(828,2,17,127,127)
w(263,2,17,128,128)
r(50,1,17,129,129)
w(563,5,17,130,130)
w(204,3,17,131,131)
r(482,1,17,132,132)
w(542,5,17,133,133)
w(836,2,17,134,134)
w(395,3,17,135,135)
w(923,4,17,136,136)
w(486,3,17,137,137)
w(255,6,17,138,138)
w(221,3,17,139,139)
w(764,1,17,140,140)
r(187,4,17,141,141)
w(492,3,17,142,142)
w(497,6,17,143,143)
w(259,3,17,144,144)
w(212,3,17,145,145)
w(688,3,17,146,146)
w(978,3,17,147,147)
w(285,3,17,148,148)
w(545,8,17,149,149)
w(374,5,17,150,150)
w(654,3,17,151,151)
w(311,2,17,152,152)
w(5,7,17,153,153)
w(165,4,17,154,154)
w(372,2,17,155,155)
w(941,1,17,156,156)
w(314,3,17,157,157)
w(15,2,17,158,158)
w(845,7,17,159,159)
w(14,2,17,160,160)
w(225,3,17,161,161)
w(947,4,17,162,162)
w(973,1,17,163,163)
w(581,5,17,164,164)
w(184,3,17,165,165)
w(477,6,17,166,166)
w(791,8,17,167,167)
w(821,3,17,168,168)
w(422,3,17,169,169)
w(828,3,17,170,170)
w(321,3,17,171,171)
w(710,3,17,172,172)
w(51,2,17,173,173)
r(660,4,17,174,174)
w(901,5,17,175,175)
w(524,3,17,176,176)
r(82,4,17,177,177)
w(399,6,17,178,178)
w(556,5,17,179,179)
w(708,5,17,180,180)
w(602,3,17,181,181)
w(299,1,17,182,182)
w(702,4,17,183,183)
w(100,2,17,184,184)
w(762,3,17,185,185)
w(206,5,17,186,186)
w(385,2,17,187,187)
w(978,4,17,188,188)
w(880,2,17,189,189)
w(147,5,17,190,190)
w(575,5,17,191,191)
w(992,6,17,192,192)
w(687,3,17,193,193)
w(498,1,17,194,194)
w(843,3,17,195,195)
w(964,4,17,196,196)
w(794,6,17,197,197)
r(717,2,17,198,198)
w(363,3,17,199,199)
w(733,4,18,0,0)
w(938,6,18,1,1)
w(890,2,18,2,2)
r(156,4,18,3,3)
w(782,4,18,4,4)
w(255,7,18,5,5)
w(563,6,18,6,6)
w(46,7,18,7,7)
w(41,6,18,8,8)
r(534,6,18,9,9)
w(338,4,18,10,10)
w(194,1,18,11,11)
r(523,5,18,12,12)
w(866,6,18,13,13)
w(238,4,18,14,14)
w(109,8,18,15,15)
r(565,3,18,16,16)
w(263,3,18,17,17)
w(545,9,18,18,18)
w(436,6,18,19,19)
w(219,4,18,20,20)
w(486,4,18,21,21)
w(725,5,18,22,22)
w(725,6,18,23,23)
r(383,2,18,24,24)
w(492,4,18,25,25)
w(612,8,18,26,26)
w(285,4,18,27,27)
w(763,4,18,28,28)
w(274,4,18,29,29)
w(392,6,18,30,30)
w(156,5,18,31,31)
w(912,6,18,32,32)
w(791,9,18,33,33)
w(189,4,18,34,34)
r(599,3,18,35,35)
w(61,1,18,36,36)
w(158,3,18,37,37)
w(442,7,18,38,38)
w(87,5,18,39,39)
w(502,6,18,40,40)
w(475,8,18,41,41)
w(401,4,18,42,42)
r(753,4,18,43,43)
w(211,4,18,44,44)
w(429,5,18,45,45)
w(673,5,18,46,46)
r(73,4,18,47,47)
w(989,2,18,48,48)
w(948,4,18,49,49)
r(266,2,18,50,50)
w(305,2,18,51,51)
w(823,3,18,52,52)
w(269,3,18,53,53)
w(568,4,18,54,54)
w(537,2,18,55,55)
w(747,7,18,56,56)
w(651,5,18,57,57)
w(839,4,18,58,58)
w(398,6,18,59,59)
w(460,5,18,60,60)
w(381,5,18,61,61)
r(489,2,18,62,62)
w(701,5,18,63,63)
w(311,3,18,64,64)
w(994,4,18,65,65)
w(860,6,18,66,66)
w(498,2,18,67,67)
w(861,2,18,68,68)
w(608,4,18,69,69)
w(522,1,18,70,70)
w(534,7,18,71,71)
w(720,4,18,72,72)
w(362,4,18,73,73)
w(132,5,18,74,74)
w(577,3,18,75,75)
w(425,9,18,76,76)
w(795,4,18,77,77)
w(526,6,18,78,78)
w(21,4,18,79,79)
w(29,3,18,80,80)
w(146,3,18,81,81)
w(364,3,18,82,82)
w(425,10,18,83,83)
w(614,4,18,84,84)
r(5,7,18,85,85)
w(976,5,18,86,86)
w(608,5,18,87,87)
w(581,6,18,88,88)
w(121,5,18,89,89)
w(922,2,18,90,90)
w(205,4,18,91,91)
w(6,5,18,92,92)
w(548,5,18,93,93)
w(527,3,18,94,94)
w(315,4,18,95,95)
w(253,5,18,96,96)
w(844,5,18,97,97)
w(137,2,18,98,98)
w(307,5,18,99,99)
w(207,4,18,100,100)
r(926,7,18,101,101)
w(300,3,18,102,102)
r(471,4,18,103,103)
w(961,3,18,104,104)
w(23,7,18,105,105)
w(247,4,18,106,106)
w(321,4,18,107,107)
w(420,3,18,108,108)
w(806,3,18,109,109)
w(178,2,18,110,110)
w(121,6,18,111,111)
w(784,4,18,112,112)
w(602,4,18,113,113)
w(881,1,18,114,114)
w(356,6,18,115,115)
w(367,6,18,116,116)
w(511,6,18,117,117)
w(42,2,18,118,118)
w(311,4,18,119,119)
w(931,5,18,120,120)
w(576,4,18,121,121)
w(533,4,18,122,122)
w(83,3,18,123,123)
w(436,7,18,124,124)
r(60,2,18,125,125)
w(447,3,18,126,126)
w(530,3,18,127,127)
w(411,6,18,128,128)
w(640,5,18,129,129)
w(202,3,18,130,130)
w(702,5,18,131,131)
r(855,2,18,132,132)
w(694,7,18,133,133)
w(959,1,18,134,134)
r(316,3,18,135,135)
w(128,3,18,136,136)
w(562,2,18,137,137)
w(607,6,18,138,138)
w(412,2,18,139,139)
w(528,6,18,140,140)
w(725,7,18,141,141)
r(266,2,18,142,142)
w(953,10,18,143,143)
w(631,5,18,144,144)
w(780,7,18,145,145)
w(600,7,18,146,146)
w(490,4,18,147,147)
w(933,2,18,148,148)
r(861,2,18,149,149)
w(92,4,18,150,150)
r(830,8,18,151,151)
w(865,5,18,152,152)
w(767,3,18,153,153)
r(467,3,18,154,154)
w(643,4,18,155,155)
w(656,3,18,156,156)
w(750,4,18,157,157)
w(411,7,18,158,158)
w(13,3,18,159,159)
w(109,9,18,160,160)
w(555,7,18,161,161)
w(839,5,18,162,162)
w(254,4,18,163,163)
w(62,2,18,164,164)
w(804,7,18,165,165)
w(717,3,18,166,166)
w(440,4,18,167,167)
w(289,1,18,168,168)
w(544,6,18,169,169)
w(723,7,18,170,170)
w(219,5,18,171,171)
w(444,3,18,172,172)
r(824,2,18,173,173)
w(317,4,18,174,174)
w(338,5,18,175,175)
w(165,5,18,176,176)
w(176,4,18,177,177)
w(461,5,18,178,178)
w(849,5,18,179,179)
w(81,7,18,180,180)
w(412,3,18,181,181)
w(537,3,18,182,182)
w(82,5,18,183,183)
w(514,3,18,184,184)
r(576,4,18,185,185)
w(940,2,18,186,186)
r(127,5,18,187,187)
w(484,3,18,188,188)
w(587,5,18,189,189)
r(935,4,18,190,190)
r(916,4,18,191,191)
w(781,3,18,192,192)
r(760,2,18,193,193)
w(739,2,18,194,194)
w(40,3,18,195,195)
r(187,4,18,196,196)
w(93,6,18,197,197)
w(165,6,18,198,198)
r(30,5,18,199,199)
w(778,3,19,0,0)
w(829,3,19,1,1)
w(106,2,19,2,2)
w(635,5,19,3,3)
w(368,2,19,4,4)
w(811,5,19,5,5)
w(175,2,19,6,6)
w(869,7,19,7,7)
r(786,0,19,8,8)
w(463,6,19,9,9)
w(760,3,19,10,10)
w(808,3,19,11,11)
w(839,6,19,12,12)
w(231,1,19,13,13)
w(912,7,19,14,14)
w(210,3,19,15,15)
w(395,4,19,16,16)
w(158,4,19,17,17)
w(831,4,19,18,18)
r(182,6,19,19,19)
w(11,3,19,20,20)
r(963,5,19,21,21)
r(899,5,19,22,22)
w(17,4,19,23,23)
w(632,2,19,24,24)
w(556,6,19,25,25)
w(801,3,19,26,26)
r(34,4,19,27,27)
w(329,6,19,28,28)
w(39,4,19,29,29)
w(224,4,19,30,30)
w(542,6,19,31,31)
w(678,5,19,32,32)
w(257,5,19,33,33)
w(701,6,19,34,34)
w(512,4,19,35,35)
w(850,6,19,36,36)
w(115,5,19,37,37)
w(251,3,19,38,38)
w(238,5,19,39,39)
r(42,2,19,40,40)
w(414,6,19,41,41)
w(247,5,19,42,42)
w(561,5,19,43,43)
w(656,4,19,44,44)
w(163,8,19,45,45)
w(631,6,19,46,46)
w(438,3,19,47,47)
w(315,5,19,48,48)
w(358,3,19,49,49)
r(843,3,19,50,50)
w(167,6,19,51,51)
w(763,5,19,52,52)
w(577,4,19,53,53)
w(400,8,19,54,54)
w(91,2,19,55,55)
w(204,4,19,56,56)
w(347,2,19,57,57)
w(979,3,19,58,58)
w(241,4,19,59,59)
r(43,3,19,60,60)
w(168,1,19,61,61)
w(882,3,19,62,62)
w(746,2,19,63,63)
w(600,8,19,64,64)
w(391,3,19,65,65)
w(393,6,19,66,66)
w(142,4,19,67,67)
w(517,5,19,68,68)
w(713,3,19,69,69)
w(282,3,19,70,70)
w(43,4,19,71,71)
w(495,5,19,72,72)
r(732,5,19,73,73)
w(510,3,19,74,74)
w(331,4,19,75,75)
r(497,6,19,76,76)
r(787,6,19,77,77)
w(623,8,19,78,78)
w(313,3,19,79,79)
r(319,3,19,80,80)
w(579,3,19,81,81)
r(463,6,19,82,82)
w(978,5,19,83,83)
w(780,8,19,84,84)
w(159,5,19,85,85)
w(427,4,19,86,86)
w(304,3,19,87,87)
w(916,5,19,88,88)
w(865,6,19,89,89)
w(834,4,19,90,90)
w(455,2,19,91,91)
w(486,5,19,92,92)
w(849,6,19,93,93)
w(372,3,19,94,94)
w(233,10,19,95,95)
w(161,5,19,96,96)
w(3,2,19,97,97)
w(867,4,19,98,98)
w(937,3,19,99,99)
w(241,5,19,100,100)
r(698,1,19,101,101)
w(979,4,19,102,102)
w(248,4,19,103,103)
w(97,6,19,104,104)
w(188,5,19,105,105)
w(948,5,19,106,106)
r(413,1,19,107,107)
r(677,2,19,108,108)
r(113,4,19,109,109)
w(384,5,19,110,110)
w(688,4,19,111,111)
w(175,3,19,112,112)
w(800,6,19,113,113)
r(976,5,19,114,114)
w(688,5,19,115,115)
w(346,2,19,116,116)
w(739,3,19,117,117)
w(674,3,19,118,118)
w(515,4,19,119,119)
w(51,3,19,120,120)
w(475,9,19,121,121)
w(768,4,19,122,122)
w(643,5,19,123,123)
w(51,4,19,124,124)
w(576,5,19,125,125)
w(208,7,19,126,126)
w(916,6,19,127,127)
w(130,6,19,128,128)
w(656,5,19,129,129)
w(349,5,19,130,130)
w(525,3,19,131,131)
w(575,6,19,132,132)
w(299,2,19,133,133)
w(595,3,19,134,134)
w(836,3,19,135,135)
w(164,7,19,136,136)
r(800,6,19,137,137)
w(258,6,19,138,138)
w(560,4,19,139,139)
r(80,2,19,140,140)
w(890,3,19,141,141)
w(783,2,19,142,142)
w(428,2,19,143,143)
w(924,4,19,144,144)
r(520,4,19,145,145)
w(608,6,19,146,146)
w(216,4,19,147,147)
w(175,4,19,148,148)
w(243,6,19,149,149)
w(299,3,19,150,150)
w(0,4,19,151,151)
w(774,4,19,152,152)
r(281,1,19,153,153)
w(838,2,19,154,154)
w(478,3,19,155,155)
w(983,5,19,156,156)
r(624,5,19,157,157)
w(877,5,19,158,158)
w(538,4,19,159,159)
w(539,5,19,160,160)
w(887,5,19,161,161)
w(919,4,19,162,162)
w(78,3,19,163,163)
w(905,1,19,164,164)
w(296,5,19,165,165)
w(134,2,19,166,166)
w(498,3,19,167,167)
w(726,3,19,168,168)
w(34,5,19,169,169)
w(391,4,19,170,170)
w(176,5,19,171,171)
w(897,3,19,172,172)
r(507,5,19,173,173)
w(998,3,19,174,174)
r(176,5,19,175,175)
w(268,8,19,176,176)
w(25,2,19,177,177)
w(939,2,19,178,178)
w(177,2,19,179,179)
w(547,4,19,180,180)
r(813,3,19,181,181)
w(896,2,19,182,182)
w(227,5,19,183,183)
w(648,3,19,184,184)
r(89,3,19,185,185)
w(654,4,19,186,186)
w(398,7,19,187,187)
r(623,8,19,188,188)
w(875,3,19,189,189)
w(83,4,19,190,190)
w(685,2,19,191,191)
w(703,4,19,192,192)
w(52,2,19,193,193)
w(627,2,19,194,194)
w(306,4,19,195,195)
w(360,7,19,196,196)
w(369,3,19,197,197)
w(501,4,19,198,198)
w(119,7,19,199,199)
r(678,5,20,0,0)
w(614,5,20,1,1)
w(418,9,20,2,2)
w(981,3,20,3,3)
w(962,4,20,4,4)
w(775,6,20,5,5)
w(628,7,20,6,6)
w(595,4,20,7,7)
w(410,4,20,8,8)
r(515,4,20,9,9)
w(900,4,20,10,10)
w(915,8,20,11,11)
w(147,6,20,12,12)
w(596,6,20,13,13)
w(974,5,20,14,14)
w(282,4,20,15,15)
w(219,6,20,16,16)
w(78,4,20,17,17)
w(729,5,20,18,18)
r(34,5,20,19,19)
w(679,1,20,20,20)
w(159,6,20,21,21)
w(932,4,20,22,22)
w(668,5,20,23,23)
w(153,6,20,24,24)
w(793,5,20,25,25)
w(238,6,20,26,26)
w(695,7,20,27,27)
r(407,3,20,28,28)
w(621,3,20,29,29)
w(39,5,20,30,30)
w(629,3,20,31,31)
w(796,5,20,32,32)
w(402,4,20,33,33)
w(723,8,20,34,34)
w(270,4,20,35,35)
w(739,4,20,36,36)
w(490,5,20,37,37)
w(910,5,20,38,38)
w(272,4,20,39,39)
w(619,9,20,40,40)
w(880,3,20,41,41)
w(118,5,20,42,42)
w(2,2,20,43,43)
r(922,2,20,44,44)
w(514,4,20,45,45)
w(857,3,20,46,46)
w(752,6,20,47,47)
w(106,3,20,48,48)
w(644,6,20,49,49)
w(256,2,20,50,50)
w(638,2,20,51,51)
r(359,5,20,52,52)
w(654,5,20,53,53)
w(615,8,20,54,54)
w(679,2,20,55,55)
r(341,3,20,56,56)
w(502,7,20,57,57)
w(70,5,20,58,58)
w(157,2,20,59,59)
w(295,4,20,60,60)
w(793,6,20,61,61)
r(119,7,20,62,62)
w(477,7,20,63,63)
w(623,9,20,64,64)
w(249,2,20,65,65)
w(654,6,20,66,66)
w(405,1,20,67,67)
w(357,6,20,68,68)
w(176,6,20,69,69)
w(605,5,20,70,70)
w(254,5,20,71,71)
w(709,6,20,72,72)
w(774,5,20,73,73)
w(742,9,20,74,74)
w(599,4,20,75,75)
w(349,6,20,76,76)
w(715,6,20,77,77)
w(907,8,20,78,78)
w(897,4,20,79,79)
w(405,2,20,80,80)
w(567,6,20,81,81)
w(188,6,20,82,82)
w(153,7,20,83,83)
w(385,3,20,84,84)
w(740,3,20,85,85)
w(638,3,20,86,86)
w(647,4,20,87,87)
w(990,4,20,88,88)
w(978,6,20,89,89)
w(779,5,20,90,90)
r(692,1,20,91,91)
w(903,9,20,92,92)
w(805,4,20,93,93)
w(687,4,20,94,94)
w(676,3,20,95,95)
w(265,7,20,96,96)
w(742,10,20,97,97)
w(108,6,20,98,98)
w(413,2,20,99,99)
w(489,3,20,100,100)
w(538,5,20,101,101)
w(258,7,20,102,102)
w(105,3,20,103,103)
w(338,6,20,104,104)
r(485,3,20,105,105)
w(325,2,20,106,106)
w(517,6,20,107,107)
w(901,6,20,108,108)
w(862,6,20,109,109)
r(399,6,20,110,110)
w(460,6,20,111,111)
r(226,4,20,112,112)
w(963,6,20,113,113)
w(235,5,20,114,114)
w(924,5,20,115,115)
w(904,4,20,116,116)
w(763,6,20,117,117)
w(945,5,20,118,118)
w(757,3,20,119,119)
w(35,5,20,120,120)
w(885,4,20,121,121)
w(702,6,20,122,122)
w(696,4,20,123,123)
w(930,3,20,124,124)
w(886,4,20,125,125)
w(277,5,20,126,126)
w(597,5,20,127,127)
r(395,4,20,128,128)
w(946,5,20,129,129)
w(20,3,20,130,130)
w(88,3,20,131,131)
w(92,5,20,132,132)
w(790,6,20,133,133)
w(495,6,20,134,134)
w(101,4,20,135,135)
w(179,3,20,136,136)
w(631,7,20,137,137)
w(369,4,20,138,138)
w(392,7,20,139,139)
w(751,4,20,140,140)
w(2,3,20,141,141)
w(357,7,20,142,142)
w(920,6,20,143,143)
w(645,3,20,144,144)
w(58,2,20,145,145)
w(521,7,20,146,146)
w(650,8,20,147,147)
w(961,4,20,148,148)
w(234,2,20,149,149)
r(14,2,20,150,150)
w(15,3,20,151,151)
w(654,7,20,152,152)
w(259,4,20,153,153)
w(661,3,20,154,154)
w(774,6,20,155,155)
w(250,6,20,156,156)
w(415,3,20,157,157)
w(356,7,20,158,158)
w(116,4,20,159,159)
w(250,7,20,160,160)
w(153,8,20,161,161)
w(201,2,20,162,162)
w(920,7,20,163,163)
w(980,2,20,164,164)
w(328,3,20,165,165)
w(401,5,20,166,166)
w(670,4,20,167,167)
w(935,5,20,168,168)
w(326,3,20,169,169)
w(454,2,20,170,170)
r(927,2,20,171,171)
w(666,1,20,172,172)
r(545,9,20,173,173)
w(837,2,20,174,174)
w(933,3,20,175,175)
w(972,7,20,176,176)
w(957,1,20,177,177)
w(236,1,20,178,178)
w(579,4,20,179,179)
w(384,6,20,180,180)
w(971,7,20,181,181)
w(32,5,20,182,182)
w(915,9,20,183,183)
w(898,2,20,184,184)
w(948,6,20,185,185)
w(366,2,20,186,186)
w(16,6,20,187,187)
r(173,1,20,188,188)
w(264,4,20,189,189)
w(126,4,20,190,190)
w(965,3,20,191,191)
w(116,5,20,192,192)
w(580,6,20,193,193)
w(892,7,20,194,194)
w(896,3,20,195,195)
w(24,3,20,196,196)
w(797,5,20,197,197)
w(726,4,20,198,198)
w(418,10,20,199,199)
r(404,5,21,0,0)
w(148,2,21,1,1)
w(965,4,21,2,2)
w(60,3,21,3,3)
w(274,5,21,4,4)
r(286,1,21,5,5)
w(978,7,21,6,6)
w(659,5,21,7,7)
w(853,5,21,8,8)
w(377,5,21,9,9)
w(941,2,21,10,10)
w(0,5,21,11,11)
r(265,7,21,12,12)
w(559,3,21,13,13)
w(57,7,21,14,14)
w(454,3,21,15,15)
w(340,5,21,16,16)
w(737,3,21,17,17)
w(565,4,21,18,18)
w(797,6,21,19,19)
w(305,3,21,20,20)
w(854,2,21,21,21)
w(43,5,21,22,22)
w(291,2,21,23,23)
w(802,3,21,24,24)
w(481,3,21,25,25)
w(894,4,21,26,26)
w(963,7,21,27,27)
w(189,5,21,28,28)
r(957,1,21,29,29)
w(118,6,21,30,30)
w(992,7,21,31,31)
w(900,5,21,32,32)
r(293,0,21,33,33)
w(687,5,21,34,34)
w(847,4,21,35,35)
w(239,2,21,36,36)
w(848,3,21,37,37)
w(192,3,21,38,38)
w(685,3,21,39,39)
w(261,6,21,40,40)
w(578,7,21,41,41)
w(895,5,21,42,42)
w(807,7,21,43,43)
w(55,6,21,44,44)
w(512,5,21,45,45)
w(562,3,21,46,46)
w(449,4,21,47,47)
w(947,5,21,48,48)
w(306,5,21,49,49)
w(457,6,21,50,50)
w(118,7,21,51,51)
w(534,8,21,52,52)
w(12,2,21,53,53)
r(108,6,21,54,54)
w(708,6,21,55,55)
w(638,4,21,56,56)
w(509,7,21,57,57)
w(338,7,21,58,58)
w(623,10,21,59,59)
w(236,2,21,60,60)
w(987,2,21,61,61)
w(134,3,21,62,62)
w(706,5,21,63,63)
r(575,6,21,64,64)
w(514,5,21,65,65)
w(262,3,21,66,66)
w(467,4,21,67,67)
w(300,4,21,68,68)
r(646,4,21,69,69)
w(333,5,21,70,70)
w(221,4,21,71,71)
w(962,5,21,72,72)
w(15,4,21,73,73)
w(364,4,21,74,74)
w(636,6,21,75,75)
w(399,7,21,76,76)
w(305,4,21,77,77)
w(849,7,21,78,78)
w(782,5,21,79,79)
w(37,6,21,80,80)
w(196,1,21,81,81)
w(667,6,21,82,82)
w(86,8,21,83,83)
w(847,5,21,84,84)
w(563,7,21,85,85)
w(623,11,21,86,86)
w(528,7,21,87,87)
w(553,7,21,88,88)
r(637,3,21,89,89)
w(869,8,21,90,90)
w(439,4,21,91,91)
w(638,5,21,92,92)
w(296,6,21,93,93)
w(529,2,21,94,94)
w(295,5,21,95,95)
w(981,4,21,96,96)
w(674,4,21,97,97)
w(253,6,21,98,98)
w(684,3,21,99,99)
w(941,3,21,100,100)
w(945,6,21,101,101)
w(411,8,21,102,102)
w(409,5,21,103,103)
w(389,6,21,104,104)
w(831,5,21,105,105)
w(775,7,21,106,106)
w(727,4,21,107,107)
r(277,5,21,108,108)
r(148,2,21,109,109)
w(82,6,21,110,110)
w(992,8,21,111,111)
w(233,11,21,112,112)
w(775,8,21,113,113)
w(58,3,21,114,114)
w(161,6,21,115,115)
w(219,7,21,116,116)
w(867,5,21,117,117)
w(999,5,21,118,118)
r(894,4,21,119,119)
w(942,5,21,120,120)
w(634,2,21,121,121)
w(243,7,21,122,122)
w(32,6,21,123,123)
w(870,2,21,124,124)
w(125,6,21,125,125)
w(57,8,21,126,126)
w(903,10,21,127,127)
w(374,6,21,128,128)
w(169,6,21,129,129)
w(578,8,21,130,130)
r(345,5,21,131,131)
w(964,5,21,132,132)
w(376,5,21,133,133)
w(803,7,21,134,134)
w(690,3,21,135,135)
r(203,2,21,136,136)
w(850,7,21,137,137)
w(4,4,21,138,138)
w(264,5,21,139,139)
w(558,3,21,140,140)
w(350,6,21,141,141)
w(129,2,21,142,142)
w(255,8,21,143,143)
w(444,4,21,144,144)
w(159,7,21,145,145)
w(753,5,21,146,146)
w(613,9,21,147,147)
w(914,6,21,148,148)
w(77,3,21,149,149)
w(320,4,21,150,150)
w(787,7,21,151,151)
w(488,3,21,152,152)
w(146,4,21,153,153)
w(522,2,21,154,154)
w(252,2,21,155,155)
w(313,4,21,156,156)
w(120,3,21,157,157)
w(127,6,21,158,158)
w(345,6,21,159,159)
r(598,2,21,160,160)
r(514,5,21,161,161)
w(688,6,21,162,162)
w(322,4,21,163,163)
w(265,8,21,164,164)
w(801,4,21,165,165)
w(313,5,21,166,166)
w(898,3,21,167,167)
w(315,6,21,168,168)
w(822,6,21,169,169)
w(217,3,21,170,170)
w(698,2,21,171,171)
w(974,6,21,172,172)
w(846,5,21,173,173)
w(120,4,21,174,174)
w(536,3,21,175,175)
w(89,4,21,176,176)
w(938,7,21,177,177)
w(519,7,21,178,178)
w(304,4,21,179,179)
w(801,5,21,180,180)
w(700,5,21,181,181)
w(615,9,21,182,182)
w(940,3,21,183,183)
w(396,5,21,184,184)
w(256,3,21,185,185)
w(2,4,21,186,186)
w(939,3,21,187,187)
w(711,6,21,188,188)
w(970,6,21,189,189)
w(434,4,21,190,190)
w(300,5,21,191,191)
w(237,3,21,192,192)
w(920,8,21,193,193)
w(933,4,21,194,194)
w(959,2,21,195,195)
r(678,5,21,196,196)
w(609,5,21,197,197)
r(572,3,21,198,198)
w(170,2,21,199,199)
w(274,6,22,0,0)
w(833,5,22,1,1)
w(501,5,22,2,2)
w(971,8,22,3,3)
w(446,5,22,4,4)
w(252,3,22,5,5)
w(589,3,22,6,6)
w(250,8,22,7,7)
r(521,7,22,8,8)
w(970,7,22,9,9)
w(478,4,22,10,10)
w(302,2,22,11,11)
w(746,3,22,12,12)
w(0,6,22,13,13)
w(95,10,22,14,14)
w(696,5,22,15,15)
r(373,7,22,16,16)
w(97,7,22,17,17)
w(922,3,22,18,18)
w(547,5,22,19,19)
w(257,6,22,20,20)
w(161,7,22,21,21)
w(942,6,22,22,22)
w(818,7,22,23,23)
w(628,8,22,24,24)
w(826,3,22,25,25)
w(404,6,22,26,26)
w(350,7,22,27,27)
w(966,1,22,28,28)
w(951,2,22,29,29)
w(790,7,22,30,30)
w(432,5,22,31,31)
r(431,2,22,32,32)
w(935,6,22,33,33)
r(205,4,22,34,34)
w(824,3,22,35,35)
w(941,4,22,36,36)
r(370,3,22,37,37)
w(391,5,22,38,38)
w(405,3,22,39,39)
w(487,2,22,40,40)
w(990,5,22,41,41)
w(55,7,22,42,42)
w(31,4,22,43,43)
w(817,4,22,44,44)
w(566,4,22,45,45)
w(778,4,22,46,46)
w(196,2,22,47,47)
r(930,3,22,48,48)
w(765,2,22,49,49)
w(17,5,22,50,50)
w(964,6,22,51,51)
r(522,2,22,52,52)
w(691,1,22,53,53)
w(623,12,22,54,54)
w(104,2,22,55,55)
w(367,7,22,56,56)
w(341,4,22,57,57)
w(196,3,22,58,58)
w(224,5,22,59,59)
w(679,3,22,60,60)
w(137,3,22,61,61)
w(867,6,22,62,62)
r(563,7,22,63,63)
w(212,4,22,64,64)
w(210,4,22,65,65)
w(985,4,22,66,66)
w(726,5,22,67,67)
w(98,5,22,68,68)
w(60,4,22,69,69)
w(881,2,22,70,70)
w(158,5,22,71,71)
w(383,3,22,72,72)
w(905,2,22,73,73)
r(272,4,22,74,74)
w(206,6,22,75,75)
w(265,9,22,76,76)
w(448,4,22,77,77)
r(453,5,22,78,78)
w(162,7,22,79,79)
w(344,3,22,80,80)
w(406,6,22,81,81)
w(563,8,22,82,82)
w(276,9,22,83,83)
w(683,2,22,84,84)
w(692,2,22,85,85)
w(465,3,22,86,86)
w(702,7,22,87,87)
r(764,1,22,88,88)
w(742,11,22,89,89)
w(65,5,22,90,90)
r(992,8,22,91,91)
w(599,5,22,92,92)
w(419,6,22,93,93)
w(941,5,22,94,94)
w(325,3,22,95,95)
w(608,7,22,96,96)
r(852,4,22,97,97)
r(271,2,22,98,98)
w(51,5,22,99,99)
w(979,5,22,100,100)
w(14,3,22,101,101)
w(848,4,22,102,102)
w(404,7,22,103,103)
w(977,7,22,104,104)
w(38,3,22,105,105)
w(150,2,22,106,106)
w(58,4,22,107,107)
w(940,4,22,108,108)
w(75,7,22,109,109)
w(999,6,22,110,110)
w(68,4,22,111,111)
w(196,4,22,112,112)
w(153,9,22,113,113)
r(3,2,22,114,114)
w(656,6,22,115,115)
w(627,3,22,116,116)
w(780,9,22,117,117)
w(831,6,22,118,118)
r(532,2,22,119,119)
w(30,6,22,120,120)
w(906,4,22,121,121)
w(782,6,22,122,122)
w(780,10,22,123,123)
w(81,8,22,124,124)
w(81,9,22,125,125)
w(903,11,22,126,126)
w(201,3,22,127,127)
w(654,8,22,128,128)
w(725,8,22,129,129)
w(193,5,22,130,130)
w(696,6,22,131,131)
w(719,5,22,132,132)
w(547,6,22,133,133)
w(149,4,22,134,134)
w(84,4,22,135,135)
w(345,7,22,136,136)
w(693,5,22,137,137)
w(231,2,22,138,138)
w(476,1,22,139,139)
w(759,4,22,140,140)
w(194,2,22,141,141)
r(432,5,22,142,142)
w(357,8,22,143,143)
r(419,6,22,144,144)
w(481,4,22,145,145)
w(429,6,22,146,146)
w(674,5,22,147,147)
w(851,4,22,148,148)
w(378,8,22,149,149)
w(571,8,22,150,150)
r(754,2,22,151,151)
w(453,6,22,152,152)
r(535,2,22,153,153)
w(121,7,22,154,154)
w(17,6,22,155,155)
w(460,7,22,156,156)
w(816,4,22,157,157)
w(395,5,22,158,158)
w(714,4,22,159,159)
w(739,5,22,160,160)
w(341,5,22,161,161)
w(261,7,22,162,162)
w(910,6,22,163,163)
w(281,2,22,164,164)
w(659,6,22,165,165)
w(78,5,22,166,166)
w(675,3,22,167,167)
w(275,6,22,168,168)
w(790,8,22,169,169)
w(376,6,22,170,170)
w(769,4,22,171,171)
w(596,7,22,172,172)
w(938,8,22,173,173)
w(216,5,22,174,174)
w(305,5,22,175,175)
w(115,6,22,176,176)
w(427,5,22,177,177)
w(10,6,22,178,178)
w(986,3,22,179,179)
w(396,6,22,180,180)
w(825,3,22,181,181)
w(506,1,22,182,182)
r(681,1,22,183,183)
w(681,2,22,184,184)
w(964,7,22,185,185)
w(564,4,22,186,186)
w(267,6,22,187,187)
w(927,3,22,188,188)
w(674,6,22,189,189)
w(531,1,22,190,190)
w(947,6,22,191,191)
w(853,6,22,192,192)
w(680,6,22,193,193)
w(918,4,22,194,194)
w(959,3,22,195,195)
w(16,7,22,196,196)
w(790,9,22,197,197)
w(188,7,22,198,198)
w(578,9,22,199,199)
w(848,5,23,0,0)
w(988,4,23,1,1)
w(21,5,23,2,2)
w(754,3,23,3,3)
r(282,4,23,4,4)
w(755,4,23,5,5)
w(743,5,23,6,6)
w(758,2,23,7,7)
r(128,3,23,8,8)
r(809,4,23,9,9)
w(265,10,23,10,10)
w(322,5,23,11,11)
w(446,6,23,12,12)
w(971,9,23,13,13)
r(990,5,23,14,14)
w(33,4,23,15,15)
r(18,4,23,16,16)
w(340,6,23,17,17)
w(795,5,23,18,18)
w(873,4,23,19,19)
w(518,5,23,20,20)
w(774,7,23,21,21)
w(238,7,23,22,22)
w(681,3,23,23,23)
w(808,4,23,24,24)
w(942,7,23,25,25)
w(36,2,23,26,26)
w(293,1,23,27,27)
w(733,5,23,28,28)
w(194,3,23,29,29)
w(614,6,23,30,30)
w(712,5,23,31,31)
w(597,6,23,32,32)
w(771,3,23,33,33)
w(999,7,23,34,34)
r(11,3,23,35,35)
r(803,7,23,36,36)
r(788,2,23,37,37)
w(103,5,23,38,38)
w(24,4,23,39,39)
w(663,3,23,40,40)
w(640,6,23,41,41)
w(834,5,23,42,42)
w(155,5,23,43,43)
w(177,3,23,44,44)
w(28,3,23,45,45)
r(577,4,23,46,46)
w(423,7,23,47,47)
w(825,4,23,48,48)
w(310,5,23,49,49)
w(159,8,23,50,50)
w(500,8,23,51,51)
r(722,3,23,52,52)
r(993,3,23,53,53)
w(361,5,23,54,54)
w(753,6,23,55,55)
r(113,4,23,56,56)
w(810,4,23,57,57)
w(207,5,23,58,58)
w(131,3,23,59,59)
w(2,5,23,60,60)
w(176,7,23,61,61)
w(171,4,23,62,62)
w(797,7,23,63,63)
w(408,4,23,64,64)
w(187,5,23,65,65)
w(684,4,23,66,66)
w(50,2,23,67,67)
w(969,6,23,68,68)
w(859,3,23,69,69)
w(636,7,23,70,70)
r(756,5,23,71,71)
w(359,6,23,72,72)
w(544,7,23,73,73)
w(330,6,23,74,74)
w(492,5,23,75,75)
w(93,7,23,76,76)
w(444,5,23,77,77)
w(31,5,23,78,78)
w(690,4,23,79,79)
w(535,3,23,80,80)
w(235,6,23,81,81)
w(678,6,23,82,82)
w(540,7,23,83,83)
w(307,6,23,84,84)
w(368,3,23,85,85)
r(229,4,23,86,86)
w(688,7,23,87,87)
w(466,3,23,88,88)
w(3,3,23,89,89)
w(825,5,23,90,90)
w(505,4,23,91,91)
w(960,5,23,92,92)
w(873,5,23,93,93)
w(577,5,23,94,94)
w(109,10,23,95,95)
w(864,4,23,96,96)
r(850,7,23,97,97)
w(740,4,23,98,98)
w(802,4,23,99,99)
w(739,6,23,100,100)
w(819,5,23,101,101)
w(137,4,23,102,102)
w(986,4,23,103,103)
r(102,2,23,104,104)
w(604,5,23,105,105)
w(111,8,23,106,106)
w(217,4,23,107,107)
w(956,4,23,108,108)
w(307,7,23,109,109)
r(149,4,23,110,110)
w(683,3,23,111,111)
w(335,3,23,112,112)
w(898,4,23,113,113)
w(159,9,23,114,114)
w(810,5,23,115,115)
w(965,5,23,116,116)
w(352,4,23,117,117)
w(328,4,23,118,118)
w(280,4,23,119,119)
w(174,4,23,120,120)
w(913,2,23,121,121)
w(933,5,23,122,122)
w(501,6,23,123,123)
w(356,8,23,124,124)
w(749,3,23,125,125)
w(284,5,23,126,126)
w(125,7,23,127,127)
w(986,5,23,128,128)
w(844,6,23,129,129)
r(909,3,23,130,130)
w(200,6,23,131,131)
w(449,5,23,132,132)
w(199,5,23,133,133)
w(225,4,23,134,134)
w(355,4,23,135,135)
w(844,7,23,136,136)
w(28,4,23,137,137)
w(450,4,23,138,138)
w(359,7,23,139,139)
w(834,6,23,140,140)
w(725,9,23,141,141)
w(777,5,23,142,142)
w(893,6,23,143,143)
w(77,4,23,144,144)
w(134,4,23,145,145)
w(207,6,23,146,146)
w(304,5,23,147,147)
w(257,7,23,148,148)
w(382,2,23,149,149)
w(342,3,23,150,150)
w(922,4,23,151,151)
w(101,5,23,152,152)
w(650,9,23,153,153)
w(590,4,23,154,154)
w(319,4,23,155,155)
w(982,3,23,156,156)
r(184,3,23,157,157)
w(744,5,23,158,158)
w(430,7,23,159,159)
w(888,5,23,160,160)
w(224,6,23,161,161)
w(239,3,23,162,162)
w(650,10,23,163,163)
w(560,5,23,164,164)
w(663,4,23,165,165)
w(148,3,23,166,166)
r(498,3,23,167,167)
w(502,8,23,168,168)
w(143,2,23,169,169)
w(12,3,23,170,170)
w(944,4,23,171,171)
w(950,5,23,172,172)
w(150,3,23,173,173)
w(429,7,23,174,174)
r(178,2,23,175,175)
w(339,5,23,176,176)
w(231,3,23,177,177)
w(639,2,23,178,178)
w(632,3,23,179,179)
w(506,2,23,180,180)
w(713,4,23,181,181)
w(654,9,23,182,182)
w(802,5,23,183,183)
w(184,4,23,184,184)
r(507,5,23,185,185)
w(476,2,23,186,186)
w(653,6,23,187,187)
w(407,4,23,188,188)
w(39,6,23,189,189)
w(921,5,23,190,190)
r(395,5,23,191,191)
w(943,3,23,192,192)
w(691,2,23,193,193)
w(355,5,23,194,194)
w(440,5,23,195,195)
w(718,2,23,196,196)
w(472,4,23,197,197)
w(908,3,23,198,198)
r(529,2,23,199,199)
w(421,7,24,0,0)
w(134,5,24,1,1)
w(86,9,24,2,2)
w(988,5,24,3,3)
w(780,11,24,4,4)
w(832,5,24,5,5)
w(880,4,24,6,6)
w(667,7,24,7,7)
w(642,5,24,8,8)
w(210,5,24,9,9)
w(406,7,24,10,10)
w(375,4,24,11,11)
w(545,10,24,12,12)
w(953,11,24,13,13)
w(6,6,24,14,14)
w(412,4,24,15,15)
w(821,4,24,16,16)
w(511,7,24,17,17)
r(8,3,24,18,18)
w(530,4,24,19,19)
w(275,7,24,20,20)
r(51,5,24,21,21)
w(256,4,24,22,22)
w(927,4,24,23,23)
r(700,5,24,24,24)
w(23,8,24,25,25)
w(250,9,24,26,26)
w(221,5,24,27,27)
w(182,7,24,28,28)
w(144,4,24,29,29)
w(415,4,24,30,30)
w(934,3,24,31,31)
w(314,4,24,32,32)
w(191,4,24,33,33)
w(734,2,24,34,34)
w(795,6,24,35,35)
w(208,8,24,36,36)
r(180,4,24,37,37)
w(108,7,24,38,38)
w(185,5,24,39,39)
w(767,4,24,40,40)
r(124,2,24,41,41)
w(589,4,24,42,42)
w(996,4,24,43,43)
w(726,6,24,44,44)
w(10,7,24,45,45)
w(511,8,24,46,46)
w(608,8,24,47,47)
w(391,6,24,48,48)
w(693,6,24,49,49)
w(544,8,24,50,50)
w(344,4,24,51,51)
w(77,5,24,52,52)
w(879,6,24,53,53)
w(806,4,24,54,54)
r(910,6,24,55,55)
w(960,6,24,56,56)
w(391,7,24,57,57)
w(869,9,24,58,58)
w(664,4,24,59,59)
w(822,7,24,60,60)
w(551,3,24,61,61)
w(924,6,24,62,62)
w(65,6,24,63,63)
w(422,4,24,64,64)
r(586,3,24,65,65)
w(900,6,24,66,66)
w(816,5,24,67,67)
w(937,4,24,68,68)
w(410,5,24,69,69)
w(886,5,24,70,70)
r(298,3,24,71,71)
w(9,1,24,72,72)
w(624,6,24,73,73)
r(3,3,24,74,74)
w(797,8,24,75,75)
w(881,3,24,76,76)
w(832,6,24,77,77)
w(559,4,24,78,78)
w(808,5,24,79,79)
w(390,6,24,80,80)
w(682,3,24,81,81)
w(925,3,24,82,82)
w(696,7,24,83,83)
w(483,2,24,84,84)
w(930,4,24,85,85)
w(5,8,24,86,86)
r(595,4,24,87,87)
w(259,5,24,88,88)
w(573,2,24,89,89)
r(53,2,24,90,90)
w(778,5,24,91,91)
w(603,6,24,92,92)
w(780,12,24,93,93)
w(599,6,24,94,94)
w(887,6,24,95,95)
r(211,4,24,96,96)
r(971,9,24,97,97)
w(809,5,24,98,98)
w(994,5,24,99,99)
w(881,4,24,100,100)
w(802,6,24,101,101)
w(999,8,24,102,102)
w(553,8,24,103,103)
r(144,4,24,104,104)
w(994,6,24,105,105)
w(615,10,24,106,106)
w(7,4,24,107,107)
r(542,6,24,108,108)
w(171,5,24,109,109)
w(409,6,24,110,110)
w(479,2,24,111,111)
w(807,8,24,112,112)
w(347,3,24,113,113)
w(207,7,24,114,114)
r(137,4,24,115,115)
w(969,7,24,116,116)
r(54,3,24,117,117)
w(615,11,24,118,118)
w(121,8,24,119,119)
w(492,6,24,120,120)
w(523,6,24,121,121)
w(914,7,24,122,122)
w(558,4,24,123,123)
w(360,8,24,124,124)
w(671,4,24,125,125)
w(358,4,24,126,126)
w(23,9,24,127,127)
w(316,4,24,128,128)
w(103,6,24,129,129)
w(583,3,24,130,130)
w(106,4,24,131,131)
w(390,7,24,132,132)
w(114,6,24,133,133)
w(733,6,24,134,134)
w(677,3,24,135,135)
r(587,5,24,136,136)
w(892,8,24,137,137)
w(526,7,24,138,138)
w(998,4,24,139,139)
w(639,3,24,140,140)
w(456,4,24,141,141)
w(108,8,24,142,142)
w(337,2,24,143,143)
r(624,6,24,144,144)
w(968,5,24,145,145)
w(733,7,24,146,146)
w(784,5,24,147,147)
w(732,6,24,148,148)
r(593,3,24,149,149)
r(873,5,24,150,150)
w(704,4,24,151,151)
w(331,5,24,152,152)
w(995,1,24,153,153)
w(208,9,24,154,154)
w(954,3,24,155,155)
w(864,5,24,156,156)
r(77,5,24,157,157)
w(487,3,24,158,158)
r(48,3,24,159,159)
w(233,12,24,160,160)
w(371,5,24,161,161)
r(842,7,24,162,162)
w(7,5,24,163,163)
w(382,3,24,164,164)
w(236,3,24,165,165)
w(626,6,24,166,166)
w(972,8,24,167,167)
w(524,4,24,168,168)
w(377,6,24,169,169)
w(840,3,24,170,170)
w(494,2,24,171,171)
w(36,3,24,172,172)
w(390,8,24,173,173)
w(77,6,24,174,174)
w(672,2,24,175,175)
w(378,9,24,176,176)
w(994,7,24,177,177)
w(389,7,24,178,178)
r(926,7,24,179,179)
w(701,7,24,180,180)
w(800,7,24,181,181)
w(489,4,24,182,182)
w(84,5,24,183,183)
w(631,8,24,184,184)
w(158,6,24,185,185)
w(62,3,24,186,186)
w(75,8,24,187,187)
w(723,9,24,188,188)
w(892,9,24,189,189)
w(869,10,24,190,190)
w(854,3,24,191,191)
w(537,4,24,192,192)
w(367,8,24,193,193)
r(732,6,24,194,194)
w(80,3,24,195,195)
w(200,7,24,196,196)
w(207,8,24,197,197)
w(623,13,24,198,198)
w(161,8,24,199,199)
