r(307,0,0,0,0)
r(375,0,0,1,1)
r(323,0,0,2,2)
r(946,0,0,3,3)
r(383,0,0,4,4)
r(994,0,0,5,5)
r(40,0,0,6,6)
r(736,0,0,7,7)
r(984,0,0,8,8)
w(973,1,0,9,9)
r(543,0,0,10,10)
r(636,0,0,11,11)
r(547,0,0,12,12)
r(973,1,0,13,13)
r(579,0,0,14,14)
r(318,0,0,15,15)
r(50,0,0,16,16)
w(136,1,0,17,17)
r(151,0,0,18,18)
r(157,0,0,19,19)
r(103,0,0,20,20)
r(34,0,0,21,21)
r(887,0,0,22,22)
r(160,0,0,23,23)
r(947,0,0,24,24)
r(973,1,0,25,25)
r(749,0,0,26,26)
r(808,0,0,27,27)
r(546,0,0,28,28)
r(655,0,0,29,29)
w(729,1,0,30,30)
r(239,0,0,31,31)
r(481,0,0,32,32)
r(832,0,0,33,33)
w(236,1,0,34,34)
w(700,1,0,35,35)
r(385,0,0,36,36)
r(846,0,0,37,37)
r(496,0,0,38,38)
r(263,0,0,39,39)
r(242,0,0,40,40)
r(239,0,0,41,41)
r(310,0,0,42,42)
r(49,0,0,43,43)
r(789,0,0,44,44)
r(48,0,0,45,45)
r(392,0,0,46,46)
r(641,0,0,47,47)
w(911,1,0,48,48)
r(7,0,0,49,49)
r(170,0,0,50,50)
r(669,0,0,51,51)
r(879,0,0,52,52)
r(250,0,0,53,53)
r(781,0,0,54,54)
r(714,0,0,55,55)
r(338,0,0,56,56)
w(724,1,0,57,57)
w(801,1,0,58,58)
r(768,0,0,59,59)
r(256,0,0,60,60)
r(236,1,0,61,61)
w(561,1,0,62,62)
r(3,0,0,63,63)
r(689,0,0,64,64)
r(432,0,0,65,65)
r(384,0,0,66,66)
r(845,0,0,67,67)
r(138,0,0,68,68)
r(955,0,0,69,69)
r(929,0,0,70,70)
r(109,0,0,71,71)
w(23,1,0,72,72)
r(734,0,0,73,73)
r(154,0,0,74,74)
r(766,0,0,75,75)
r(160,0,0,76,76)
w(663,1,0,77,77)
r(861,0,0,78,78)
w(926,1,0,79,79)
r(994,0,0,80,80)
r(875,0,0,81,81)
r(554,0,0,82,82)
r(669,0,0,83,83)
r(806,0,0,84,84)
r(688,0,0,85,85)
r(476,0,0,86,86)
r(260,0,0,87,87)
r(186,0,0,88,88)
r(35,0,0,89,89)
r(77,0,0,90,90)
r(411,0,0,91,91)
r(105,0,0,92,92)
r(591,0,0,93,93)
r(0,0,0,94,94)
r(826,0,0,95,95)
r(231,0,0,96,96)
r(448,0,0,97,97)
r(367,0,0,98,98)
w(386,1,0,99,99)
r(217,0,1,0,0)
r(878,0,1,1,1)
r(67,0,1,2,2)
r(169,0,1,3,3)
r(118,0,1,4,4)
r(181,0,1,5,5)
r(896,0,1,6,6)
r(138,0,1,7,7)
r(303,0,1,8,8)
r(664,0,1,9,9)
r(704,0,1,10,10)
r(519,0,1,11,11)
r(814,0,1,12,12)
r(598,0,1,13,13)
r(870,0,1,14,14)
r(845,0,1,15,15)
w(830,1,1,16,16)
r(414,0,1,17,17)
r(440,0,1,18,18)
r(113,0,1,19,19)
r(628,0,1,20,20)
r(169,0,1,21,21)
r(63,0,1,22,22)
r(203,0,1,23,23)
r(25,0,1,24,24)
r(463,0,1,25,25)
r(768,0,1,26,26)
w(382,1,1,27,27)
r(91,0,1,28,28)
r(836,0,1,29,29)
r(690,0,1,30,30)
r(639,0,1,31,31)
r(80,0,1,32,32)
r(126,0,1,33,33)
r(89,0,1,34,34)
w(497,1,1,35,35)
r(926,1,1,36,36)
r(253,0,1,37,37)
r(873,0,1,38,38)
r(600,0,1,39,39)
r(193,0,1,40,40)
r(413,0,1,41,41)
r(44,0,1,42,42)
r(904,0,1,43,43)
r(376,0,1,44,44)
r(214,0,1,45,45)
r(273,0,1,46,46)
r(186,0,1,47,47)
r(905,0,1,48,48)
r(317,0,1,49,49)
r(499,0,1,50,50)
r(50,0,1,51,51)
r(581,0,1,52,52)
r(248,0,1,53,53)
r(640,0,1,54,54)
r(165,0,1,55,55)
r(567,0,1,56,56)
r(851,0,1,57,57)
r(579,0,1,58,58)
w(588,1,1,59,59)
r(63,0,1,60,60)
r(279,0,1,61,61)
r(232,0,1,62,62)
r(550,0,1,63,63)
r(622,0,1,64,64)
r(474,0,1,65,65)
r(543,0,1,66,66)
r(893,0,1,67,67)
r(295,0,1,68,68)
r(203,0,1,69,69)
r(722,0,1,70,70)
r(361,0,1,71,71)
r(967,0,1,72,72)
w(375,1,1,73,73)
r(696,0,1,74,74)
r(176,0,1,75,75)
r(894,0,1,76,76)
r(100,0,1,77,77)
r(691,0,1,78,78)
r(974,0,1,79,79)
r(253,0,1,80,80)
r(742,0,1,81,81)
r(648,0,1,82,82)
r(878,0,1,83,83)
w(306,1,1,84,84)
r(677,0,1,85,85)
r(674,0,1,86,86)
r(36,0,1,87,87)
r(935,0,1,88,88)
r(962,0,1,89,89)
r(557,0,1,90,90)
r(938,0,1,91,91)
r(716,0,1,92,92)
r(895,0,1,93,93)
r(749,0,1,94,94)
r(667,0,1,95,95)
r(590,0,1,96,96)
r(114,0,1,97,97)
r(561,1,1,98,98)
r(121,0,1,99,99)
r(667,0,2,0,0)
r(336,0,2,1,1)
r(412,0,2,2,2)
r(952,0,2,3,3)
r(132,0,2,4,4)
r(654,0,2,5,5)
r(64,0,2,6,6)
r(574,0,2,7,7)
r(640,0,2,8,8)
r(196,0,2,9,9)
r(960,0,2,10,10)
w(84,1,2,11,11)
r(553,0,2,12,12)
r(365,0,2,13,13)
r(280,0,2,14,14)
r(642,0,2,15,15)
r(241,0,2,16,16)
r(219,0,2,17,17)
r(4,0,2,18,18)
r(676,0,2,19,19)
r(645,0,2,20,20)
r(231,0,2,21,21)
r(439,0,2,22,22)
w(446,1,2,23,23)
r(376,0,2,24,24)
w(928,1,2,25,25)
r(634,0,2,26,26)
r(591,0,2,27,27)
r(690,0,2,28,28)
r(838,0,2,29,29)
r(69,0,2,30,30)
r(864,0,2,31,31)
r(697,0,2,32,32)
r(774,0,2,33,33)
w(214,1,2,34,34)
r(373,0,2,35,35)
r(838,0,2,36,36)
r(269,0,2,37,37)
r(349,0,2,38,38)
r(647,0,2,39,39)
r(733,0,2,40,40)
r(648,0,2,41,41)
r(180,0,2,42,42)
w(680,1,2,43,43)
r(791,0,2,44,44)
w(178,1,2,45,45)
r(291,0,2,46,46)
r(903,0,2,47,47)
r(113,0,2,48,48)
r(874,0,2,49,49)
r(443,0,2,50,50)
r(511,0,2,51,51)
r(362,0,2,52,52)
r(211,0,2,53,53)
r(531,0,2,54,54)
r(68,0,2,55,55)
r(373,0,2,56,56)
r(319,0,2,57,57)
r(228,0,2,58,58)
r(220,0,2,59,59)
r(243,0,2,60,60)
r(257,0,2,61,61)
r(913,0,2,62,62)
r(881,0,2,63,63)
r(455,0,2,64,64)
w(394,1,2,65,65)
r(141,0,2,66,66)
r(574,0,2,67,67)
r(29,0,2,68,68)
r(353,0,2,69,69)
r(746,0,2,70,70)
w(569,1,2,71,71)
r(357,0,2,72,72)
w(863,1,2,73,73)
r(532,0,2,74,74)
r(21,0,2,75,75)
r(309,0,2,76,76)
r(805,0,2,77,77)
r(116,0,2,78,78)
r(696,0,2,79,79)
r(135,0,2,80,80)
r(457,0,2,81,81)
w(192,1,2,82,82)
r(1,0,2,83,83)
r(706,0,2,84,84)
r(907,0,2,85,85)
r(476,0,2,86,86)
r(380,0,2,87,87)
r(994,0,2,88,88)
r(478,0,2,89,89)
r(946,0,2,90,90)
r(895,0,2,91,91)
r(23,1,2,92,92)
r(368,0,2,93,93)
r(273,0,2,94,94)
r(524,0,2,95,95)
r(646,0,2,96,96)
r(255,0,2,97,97)
w(462,1,2,98,98)
w(901,1,2,99,99)
w(634,1,3,0,0)
r(378,0,3,1,1)
r(23,1,3,2,2)
r(382,1,3,3,3)
r(173,0,3,4,4)
r(72,0,3,5,5)
r(171,0,3,6,6)
w(847,1,3,7,7)
r(917,0,3,8,8)
r(929,0,3,9,9)
w(387,1,3,10,10)
r(173,0,3,11,11)
w(80,1,3,12,12)
w(690,1,3,13,13)
r(121,0,3,14,14)
r(121,0,3,15,15)
r(806,0,3,16,16)
r(542,0,3,17,17)
r(186,0,3,18,18)
r(725,0,3,19,19)
r(14,0,3,20,20)
r(888,0,3,21,21)
r(357,0,3,22,22)
r(543,0,3,23,23)
r(749,0,3,24,24)
r(104,0,3,25,25)
r(447,0,3,26,26)
r(879,0,3,27,27)
r(116,0,3,28,28)
r(385,0,3,29,29)
r(848,0,3,30,30)
r(398,0,3,31,31)
r(453,0,3,32,32)
r(321,0,3,33,33)
r(300,0,3,34,34)
r(295,0,3,35,35)
r(262,0,3,36,36)
r(108,0,3,37,37)
r(788,0,3,38,38)
r(386,1,3,39,39)
r(710,0,3,40,40)
r(722,0,3,41,41)
r(912,0,3,42,42)
r(110,0,3,43,43)
r(204,0,3,44,44)
w(508,1,3,45,45)
r(566,0,3,46,46)
r(370,0,3,47,47)
w(349,1,3,48,48)
r(198,0,3,49,49)
r(892,0,3,50,50)
r(229,0,3,51,51)
r(838,0,3,52,52)
w(414,1,3,53,53)
r(626,0,3,54,54)
r(410,0,3,55,55)
r(428,0,3,56,56)
r(300,0,3,57,57)
r(645,0,3,58,58)
r(373,0,3,59,59)
r(378,0,3,60,60)
r(513,0,3,61,61)
r(972,0,3,62,62)
r(34,0,3,63,63)
r(239,0,3,64,64)
r(69,0,3,65,65)
r(11,0,3,66,66)
r(238,0,3,67,67)
r(589,0,3,68,68)
r(787,0,3,69,69)
r(639,0,3,70,70)
r(590,0,3,71,71)
r(53,0,3,72,72)
w(812,1,3,73,73)
r(152,0,3,74,74)
w(301,1,3,75,75)
r(760,0,3,76,76)
r(392,0,3,77,77)
r(817,0,3,78,78)
w(133,1,3,79,79)
r(383,0,3,80,80)
r(622,0,3,81,81)
r(786,0,3,82,82)
r(250,0,3,83,83)
r(462,1,3,84,84)
r(604,0,3,85,85)
r(124,0,3,86,86)
r(738,0,3,87,87)
r(693,0,3,88,88)
r(347,0,3,89,89)
r(942,0,3,90,90)
r(670,0,3,91,91)
w(26,1,3,92,92)
r(888,0,3,93,93)
r(365,0,3,94,94)
r(624,0,3,95,95)
r(56,0,3,96,96)
r(898,0,3,97,97)
r(486,0,3,98,98)
r(51,0,3,99,99)
r(337,0,4,0,0)
r(155,0,4,1,1)
r(867,0,4,2,2)
r(877,0,4,3,3)
r(532,0,4,4,4)
r(787,0,4,5,5)
r(235,0,4,6,6)
w(87,1,4,7,7)
r(158,0,4,8,8)
r(89,0,4,9,9)
r(521,0,4,10,10)
w(681,1,4,11,11)
w(892,1,4,12,12)
r(444,0,4,13,13)
r(79,0,4,14,14)
w(960,1,4,15,15)
w(477,1,4,16,16)
r(364,0,4,17,17)
r(532,0,4,18,18)
r(961,0,4,19,19)
w(452,1,4,20,20)
r(797,0,4,21,21)
r(512,0,4,22,22)
r(920,0,4,23,23)
r(103,0,4,24,24)
r(168,0,4,25,25)
r(657,0,4,26,26)
r(752,0,4,27,27)
r(892,1,4,28,28)
r(443,0,4,29,29)
r(195,0,4,30,30)
r(825,0,4,31,31)
r(238,0,4,32,32)
r(784,0,4,33,33)
r(242,0,4,34,34)
r(420,0,4,35,35)
r(0,0,4,36,36)
r(729,1,4,37,37)
r(767,0,4,38,38)
w(241,1,4,39,39)
r(552,0,4,40,40)
r(302,0,4,41,41)
r(699,0,4,42,42)
r(927,0,4,43,43)
r(902,0,4,44,44)
r(485,0,4,45,45)
r(720,0,4,46,46)
r(861,0,4,47,47)
r(282,0,4,48,48)
r(709,0,4,49,49)
r(279,0,4,50,50)
r(283,0,4,51,51)
r(136,1,4,52,52)
r(429,0,4,53,53)
r(117,0,4,54,54)
r(43,0,4,55,55)
r(675,0,4,56,56)
r(130,0,4,57,57)
w(198,1,4,58,58)
r(829,0,4,59,59)
r(967,0,4,60,60)
r(767,0,4,61,61)
r(307,0,4,62,62)
r(226,0,4,63,63)
r(643,0,4,64,64)
r(916,0,4,65,65)
r(709,0,4,66,66)
r(418,0,4,67,67)
w(85,1,4,68,68)
r(658,0,4,69,69)
r(9,0,4,70,70)
r(463,0,4,71,71)
r(486,0,4,72,72)
r(40,0,4,73,73)
w(29,1,4,74,74)
r(298,0,4,75,75)
r(275,0,4,76,76)
r(482,0,4,77,77)
r(379,0,4,78,78)
r(661,0,4,79,79)
r(686,0,4,80,80)
r(718,0,4,81,81)
r(833,0,4,82,82)
r(673,0,4,83,83)
r(286,0,4,84,84)
r(848,0,4,85,85)
w(919,1,4,86,86)
r(150,0,4,87,87)
r(925,0,4,88,88)
r(576,0,4,89,89)
w(443,1,4,90,90)
r(734,0,4,91,91)
r(868,0,4,92,92)
r(51,0,4,93,93)
r(970,0,4,94,94)
r(543,0,4,95,95)
r(514,0,4,96,96)
r(205,0,4,97,97)
r(217,0,4,98,98)
w(387,2,4,99,99)
