w(30,1,0,0,0)
w(79,1,0,1,1)
w(45,1,0,2,2)
w(66,1,0,3,3)
w(5,1,0,4,4)
w(21,1,0,5,5)
w(86,1,0,6,6)
w(31,1,0,7,7)
w(10,1,0,8,8)
w(18,1,0,9,9)
w(37,1,0,10,10)
w(19,1,0,11,11)
w(84,1,0,12,12)
w(25,1,0,13,13)
w(77,1,0,14,14)
w(26,1,0,15,15)
w(1,1,0,16,16)
w(1,2,0,17,17)
w(96,1,0,18,18)
w(34,1,0,19,19)
r(59,0,0,20,20)
w(22,1,0,21,21)
w(3,1,0,22,22)
w(8,1,0,23,23)
w(71,1,0,24,24)
w(35,1,0,25,25)
r(98,0,0,26,26)
w(65,1,0,27,27)
w(40,1,0,28,28)
w(4,1,0,29,29)
w(5,2,0,30,30)
w(99,1,0,31,31)
w(41,1,0,32,32)
w(36,1,0,33,33)
w(72,1,0,34,34)
w(95,1,0,35,35)
w(53,1,0,36,36)
w(6,1,0,37,37)
w(85,1,0,38,38)
w(18,2,0,39,39)
w(65,2,0,40,40)
w(85,2,0,41,41)
r(96,1,0,42,42)
w(71,2,0,43,43)
w(79,2,0,44,44)
w(44,1,0,45,45)
r(76,0,0,46,46)
w(8,2,0,47,47)
w(38,1,0,48,48)
w(45,2,0,49,49)
w(75,1,0,50,50)
w(22,2,0,51,51)
w(60,1,0,52,52)
w(50,1,0,53,53)
w(10,2,0,54,54)
w(44,2,0,55,55)
w(77,2,0,56,56)
w(23,1,0,57,57)
w(60,2,0,58,58)
w(44,3,0,59,59)
w(28,1,0,60,60)
w(2,1,0,61,61)
w(90,1,0,62,62)
w(46,1,0,63,63)
w(20,1,0,64,64)
w(73,1,0,65,65)
w(61,1,0,66,66)
w(87,1,0,67,67)
w(49,1,0,68,68)
w(72,2,0,69,69)
w(42,1,0,70,70)
w(82,1,0,71,71)
w(72,3,0,72,72)
w(67,1,0,73,73)
w(98,1,0,74,74)
w(23,2,0,75,75)
w(97,1,0,76,76)
w(51,1,0,77,77)
w(62,1,0,78,78)
w(90,2,0,79,79)
w(70,1,0,80,80)
w(3,2,0,81,81)
w(24,1,0,82,82)
w(37,2,0,83,83)
w(14,1,0,84,84)
w(28,2,0,85,85)
w(59,1,0,86,86)
w(53,2,0,87,87)
w(52,1,0,88,88)
w(80,1,0,89,89)
w(63,1,0,90,90)
w(51,2,0,91,91)
w(67,2,0,92,92)
w(37,3,0,93,93)
w(82,2,0,94,94)
w(40,2,0,95,95)
w(27,1,0,96,96)
w(16,1,0,97,97)
w(31,2,0,98,98)
w(76,1,0,99,99)
w(76,2,0,100,100)
w(41,2,0,101,101)
w(58,1,0,102,102)
w(79,3,0,103,103)
w(57,1,0,104,104)
w(92,1,0,105,105)
w(91,1,0,106,106)
w(89,1,0,107,107)
w(80,2,0,108,108)
w(65,3,0,109,109)
w(69,1,0,110,110)
w(74,1,0,111,111)
w(66,2,0,112,112)
w(44,4,0,113,113)
w(6,2,0,114,114)
w(86,2,0,115,115)
w(93,1,0,116,116)
w(40,3,0,117,117)
w(95,2,0,118,118)
w(2,2,0,119,119)
w(21,2,0,120,120)
w(61,2,0,121,121)
w(0,1,0,122,122)
w(10,3,0,123,123)
w(50,2,0,124,124)
r(41,2,0,125,125)
w(54,1,0,126,126)
w(92,2,0,127,127)
w(64,1,0,128,128)
w(12,1,0,129,129)
w(60,3,0,130,130)
w(23,3,0,131,131)
w(96,2,0,132,132)
w(30,2,0,133,133)
w(81,1,0,134,134)
w(80,3,0,135,135)
w(41,3,0,136,136)
w(67,3,0,137,137)
w(98,2,0,138,138)
w(86,3,0,139,139)
w(94,1,0,140,140)
w(61,3,0,141,141)
w(8,3,0,142,142)
w(21,3,0,143,143)
r(77,2,0,144,144)
r(40,3,0,145,145)
w(13,1,0,146,146)
w(2,3,0,147,147)
w(76,3,0,148,148)
w(92,3,0,149,149)
w(8,4,0,150,150)
w(29,1,0,151,151)
w(81,2,0,152,152)
w(56,1,0,153,153)
w(7,1,0,154,154)
w(49,2,0,155,155)
w(70,2,0,156,156)
w(72,4,0,157,157)
r(5,2,0,158,158)
w(46,2,0,159,159)
w(9,1,0,160,160)
w(68,1,0,161,161)
w(10,4,0,162,162)
w(74,2,0,163,163)
w(99,2,0,164,164)
w(19,2,0,165,165)
w(77,3,0,166,166)
w(70,3,0,167,167)
w(95,3,0,168,168)
w(64,2,0,169,169)
w(47,1,0,170,170)
w(46,3,0,171,171)
w(90,3,0,172,172)
w(91,2,0,173,173)
w(65,4,0,174,174)
w(95,4,0,175,175)
w(72,5,0,176,176)
w(79,4,0,177,177)
w(4,2,0,178,178)
w(13,2,0,179,179)
w(73,2,0,180,180)
w(54,2,0,181,181)
w(86,4,0,182,182)
w(22,3,0,183,183)
r(0,1,0,184,184)
w(69,2,0,185,185)
w(77,4,0,186,186)
w(40,4,0,187,187)
w(58,2,0,188,188)
w(49,3,0,189,189)
w(21,4,0,190,190)
w(87,2,0,191,191)
r(91,2,0,192,192)
w(36,2,0,193,193)
w(67,4,0,194,194)
w(96,3,0,195,195)
r(4,2,0,196,196)
w(4,3,0,197,197)
w(36,3,0,198,198)
w(49,4,0,199,199)
r(66,2,0,200,200)
w(73,3,0,201,201)
w(81,3,0,202,202)
w(93,2,0,203,203)
w(99,3,0,204,204)
w(78,1,0,205,205)
w(8,5,0,206,206)
w(64,3,0,207,207)
w(19,3,0,208,208)
w(57,2,0,209,209)
w(43,1,0,210,210)
w(48,1,0,211,211)
w(74,3,0,212,212)
w(35,2,0,213,213)
w(0,2,0,214,214)
w(61,4,0,215,215)
w(31,3,0,216,216)
r(81,3,0,217,217)
r(19,3,0,218,218)
w(66,3,0,219,219)
w(74,4,0,220,220)
w(33,1,0,221,221)
w(46,4,0,222,222)
w(19,4,0,223,223)
w(20,2,0,224,224)
w(44,5,0,225,225)
w(95,5,0,226,226)
w(57,3,0,227,227)
w(19,5,0,228,228)
w(67,5,0,229,229)
w(95,6,0,230,230)
w(3,3,0,231,231)
w(3,4,0,232,232)
w(8,6,0,233,233)
r(98,2,0,234,234)
w(34,2,0,235,235)
w(33,2,0,236,236)
w(8,7,0,237,237)
w(67,6,0,238,238)
w(93,3,0,239,239)
w(81,4,0,240,240)
w(86,5,0,241,241)
w(22,4,0,242,242)
w(94,2,0,243,243)
r(0,2,0,244,244)
w(71,3,0,245,245)
r(49,4,0,246,246)
w(7,2,0,247,247)
w(66,4,0,248,248)
w(82,3,0,249,249)
w(16,2,0,250,250)
r(13,2,0,251,251)
r(32,0,0,252,252)
w(39,1,0,253,253)
r(85,2,0,254,254)
w(1,3,0,255,255)
w(70,4,0,256,256)
w(67,7,0,257,257)
w(93,4,0,258,258)
w(33,3,0,259,259)
w(21,5,0,260,260)
r(61,4,0,261,261)
w(42,2,0,262,262)
w(74,5,0,263,263)
w(49,5,0,264,264)
w(42,3,0,265,265)
w(3,5,0,266,266)
w(49,6,0,267,267)
w(93,5,0,268,268)
r(52,1,0,269,269)
w(38,2,0,270,270)
w(88,1,0,271,271)
w(62,2,0,272,272)
w(20,3,0,273,273)
w(66,5,0,274,274)
w(17,1,0,275,275)
w(54,3,0,276,276)
w(92,4,0,277,277)
w(39,2,0,278,278)
w(59,2,0,279,279)
w(51,3,0,280,280)
w(92,5,0,281,281)
w(20,4,0,282,282)
w(37,4,0,283,283)
w(26,2,0,284,284)
w(23,4,0,285,285)
w(39,3,0,286,286)
w(96,4,0,287,287)
r(44,5,0,288,288)
w(90,4,0,289,289)
w(63,2,0,290,290)
w(76,4,0,291,291)
w(21,6,0,292,292)
w(88,2,0,293,293)
w(38,3,0,294,294)
w(40,5,0,295,295)
w(69,3,0,296,296)
w(84,2,0,297,297)
w(37,5,0,298,298)
r(18,2,0,299,299)
w(73,4,0,300,300)
w(99,4,0,301,301)
w(42,4,0,302,302)
w(15,1,0,303,303)
w(3,6,0,304,304)
w(97,2,0,305,305)
w(94,3,0,306,306)
w(96,5,0,307,307)
w(27,2,0,308,308)
w(17,2,0,309,309)
w(75,2,0,310,310)
w(11,1,0,311,311)
w(61,5,0,312,312)
r(54,3,0,313,313)
w(47,2,0,314,314)
w(96,6,0,315,315)
w(98,3,0,316,316)
w(62,3,0,317,317)
w(8,8,0,318,318)
w(64,4,0,319,319)
r(81,4,0,320,320)
w(87,3,0,321,321)
w(25,2,0,322,322)
w(5,3,0,323,323)
w(81,5,0,324,324)
w(3,7,0,325,325)
w(23,5,0,326,326)
w(11,2,0,327,327)
w(33,4,0,328,328)
w(42,5,0,329,329)
w(71,4,0,330,330)
w(38,4,0,331,331)
w(78,2,0,332,332)
w(54,4,0,333,333)
w(52,2,0,334,334)
w(6,3,0,335,335)
w(37,6,0,336,336)
w(84,3,0,337,337)
w(38,5,0,338,338)
r(16,2,0,339,339)
w(70,5,0,340,340)
w(31,4,0,341,341)
w(78,3,0,342,342)
w(8,9,0,343,343)
w(4,4,0,344,344)
w(36,4,0,345,345)
w(17,3,0,346,346)
w(87,4,0,347,347)
w(57,4,0,348,348)
w(79,5,0,349,349)
w(22,5,0,350,350)
w(38,6,0,351,351)
w(56,2,0,352,352)
w(46,5,0,353,353)
w(26,3,0,354,354)
w(20,5,0,355,355)
w(88,3,0,356,356)
w(92,6,0,357,357)
r(36,4,0,358,358)
w(24,2,0,359,359)
w(31,5,0,360,360)
w(57,5,0,361,361)
w(7,3,0,362,362)
w(93,6,0,363,363)
w(18,3,0,364,364)
w(61,6,0,365,365)
w(8,10,0,366,366)
w(89,2,0,367,367)
w(65,5,0,368,368)
w(62,4,0,369,369)
w(78,4,0,370,370)
w(60,4,0,371,371)
w(54,5,0,372,372)
w(45,3,0,373,373)
w(46,6,0,374,374)
r(98,3,0,375,375)
w(55,1,0,376,376)
w(58,3,0,377,377)
w(36,5,0,378,378)
w(66,6,0,379,379)
w(14,2,0,380,380)
w(34,3,0,381,381)
w(8,11,0,382,382)
w(57,6,0,383,383)
w(90,5,0,384,384)
r(96,6,0,385,385)
w(11,3,0,386,386)
w(91,3,0,387,387)
w(16,3,0,388,388)
w(40,6,0,389,389)
w(39,4,0,390,390)
w(38,7,0,391,391)
w(1,4,0,392,392)
w(5,4,0,393,393)
w(92,7,0,394,394)
r(26,3,0,395,395)
w(93,7,0,396,396)
w(31,6,0,397,397)
r(61,6,0,398,398)
w(44,6,0,399,399)
w(15,2,0,400,400)
w(62,5,0,401,401)
w(38,8,0,402,402)
w(94,4,0,403,403)
w(21,7,0,404,404)
w(4,5,0,405,405)
w(43,2,0,406,406)
w(43,3,0,407,407)
w(50,3,0,408,408)
w(98,4,0,409,409)
w(85,3,0,410,410)
w(50,4,0,411,411)
w(96,7,0,412,412)
w(95,7,0,413,413)
w(35,3,0,414,414)
w(68,2,0,415,415)
w(86,6,0,416,416)
w(82,4,0,417,417)
w(85,4,0,418,418)
w(52,3,0,419,419)
w(29,2,0,420,420)
r(74,5,0,421,421)
w(76,5,0,422,422)
w(20,6,0,423,423)
w(50,5,0,424,424)
w(40,7,0,425,425)
w(13,3,0,426,426)
w(10,5,0,427,427)
w(24,3,0,428,428)
r(2,3,0,429,429)
w(38,9,0,430,430)
w(16,4,0,431,431)
w(81,6,0,432,432)
w(76,6,0,433,433)
w(35,4,0,434,434)
w(36,6,0,435,435)
w(29,3,0,436,436)
w(19,6,0,437,437)
w(29,4,0,438,438)
w(38,10,0,439,439)
r(29,4,0,440,440)
r(2,3,0,441,441)
w(76,7,0,442,442)
w(54,6,0,443,443)
r(70,5,0,444,444)
w(84,4,0,445,445)
w(25,3,0,446,446)
w(77,5,0,447,447)
w(35,5,0,448,448)
r(74,5,0,449,449)
w(52,4,0,450,450)
w(26,4,0,451,451)
w(65,6,0,452,452)
w(66,7,0,453,453)
w(18,4,0,454,454)
w(83,1,0,455,455)
w(23,6,0,456,456)
w(40,8,0,457,457)
w(23,7,0,458,458)
w(16,5,0,459,459)
w(16,6,0,460,460)
w(58,4,0,461,461)
r(95,7,0,462,462)
w(50,6,0,463,463)
w(93,8,0,464,464)
w(90,6,0,465,465)
w(61,7,0,466,466)
w(95,8,0,467,467)
w(24,4,0,468,468)
w(53,3,0,469,469)
w(1,5,0,470,470)
w(16,7,0,471,471)
w(39,5,0,472,472)
w(26,5,0,473,473)
w(54,7,0,474,474)
w(0,3,0,475,475)
w(36,7,0,476,476)
r(94,4,0,477,477)
w(78,5,0,478,478)
w(53,4,0,479,479)
w(96,8,0,480,480)
w(17,4,0,481,481)
r(79,5,0,482,482)
w(24,5,0,483,483)
w(73,5,0,484,484)
w(71,5,0,485,485)
w(62,6,0,486,486)
w(20,7,0,487,487)
w(87,5,0,488,488)
r(87,5,0,489,489)
w(18,5,0,490,490)
w(89,3,0,491,491)
w(85,5,0,492,492)
w(59,3,0,493,493)
w(13,4,0,494,494)
r(5,4,0,495,495)
w(88,4,0,496,496)
w(95,9,0,497,497)
w(94,5,0,498,498)
r(84,4,0,499,499)
w(1,6,1,0,0)
w(20,8,1,1,1)
w(26,6,1,2,2)
w(67,8,1,3,3)
w(28,3,1,4,4)
w(42,6,1,5,5)
w(32,1,1,6,6)
w(4,6,1,7,7)
w(24,6,1,8,8)
w(10,6,1,9,9)
w(85,6,1,10,10)
w(44,7,1,11,11)
w(65,7,1,12,12)
w(51,4,1,13,13)
w(61,8,1,14,14)
w(83,2,1,15,15)
w(72,6,1,16,16)
w(9,2,1,17,17)
w(10,7,1,18,18)
w(71,6,1,19,19)
w(51,5,1,20,20)
w(3,8,1,21,21)
w(84,5,1,22,22)
r(34,3,1,23,23)
r(58,4,1,24,24)
w(95,10,1,25,25)
w(95,11,1,26,26)
w(96,9,1,27,27)
w(93,9,1,28,28)
w(48,2,1,29,29)
w(64,5,1,30,30)
w(5,5,1,31,31)
w(92,8,1,32,32)
w(74,6,1,33,33)
w(74,7,1,34,34)
w(34,4,1,35,35)
w(99,5,1,36,36)
w(43,4,1,37,37)
w(3,9,1,38,38)
w(60,5,1,39,39)
w(49,7,1,40,40)
r(68,2,1,41,41)
w(38,11,1,42,42)
w(21,8,1,43,43)
w(47,3,1,44,44)
w(44,8,1,45,45)
w(14,3,1,46,46)
w(35,6,1,47,47)
w(22,6,1,48,48)
w(74,8,1,49,49)
w(31,7,1,50,50)
w(93,10,1,51,51)
w(15,3,1,52,52)
w(71,7,1,53,53)
w(77,6,1,54,54)
r(71,7,1,55,55)
w(65,8,1,56,56)
w(25,4,1,57,57)
w(27,3,1,58,58)
w(81,7,1,59,59)
w(64,6,1,60,60)
w(40,9,1,61,61)
w(55,2,1,62,62)
w(60,6,1,63,63)
w(70,6,1,64,64)
w(6,4,1,65,65)
w(83,3,1,66,66)
w(27,4,1,67,67)
w(28,4,1,68,68)
w(4,7,1,69,69)
r(20,8,1,70,70)
w(93,11,1,71,71)
w(11,4,1,72,72)
r(70,6,1,73,73)
w(7,4,1,74,74)
w(84,6,1,75,75)
w(27,5,1,76,76)
w(76,8,1,77,77)
r(89,3,1,78,78)
w(25,5,1,79,79)
w(66,8,1,80,80)
w(19,7,1,81,81)
w(35,7,1,82,82)
w(12,2,1,83,83)
w(56,3,1,84,84)
w(70,7,1,85,85)
w(89,4,1,86,86)
w(20,9,1,87,87)
r(89,4,1,88,88)
w(71,8,1,89,89)
w(8,12,1,90,90)
w(8,13,1,91,91)
w(85,7,1,92,92)
w(0,4,1,93,93)
w(42,7,1,94,94)
w(78,6,1,95,95)
w(77,7,1,96,96)
w(86,7,1,97,97)
w(22,7,1,98,98)
w(7,5,1,99,99)
w(66,9,1,100,100)
w(90,7,1,101,101)
w(49,8,1,102,102)
w(26,7,1,103,103)
w(95,12,1,104,104)
r(89,4,1,105,105)
w(72,7,1,106,106)
w(80,4,1,107,107)
w(14,4,1,108,108)
w(14,5,1,109,109)
w(11,5,1,110,110)
w(36,8,1,111,111)
w(97,3,1,112,112)
r(1,6,1,113,113)
w(78,7,1,114,114)
w(54,8,1,115,115)
w(7,6,1,116,116)
r(43,4,1,117,117)
w(7,7,1,118,118)
w(55,3,1,119,119)
w(5,6,1,120,120)
w(38,12,1,121,121)
w(3,10,1,122,122)
r(61,8,1,123,123)
w(80,5,1,124,124)
w(42,8,1,125,125)
w(13,5,1,126,126)
r(21,8,1,127,127)
w(34,5,1,128,128)
w(72,8,1,129,129)
w(19,8,1,130,130)
w(11,6,1,131,131)
w(75,3,1,132,132)
r(77,7,1,133,133)
w(98,5,1,134,134)
w(10,8,1,135,135)
w(3,11,1,136,136)
w(17,5,1,137,137)
w(17,6,1,138,138)
w(72,9,1,139,139)
r(59,3,1,140,140)
w(39,6,1,141,141)
w(69,4,1,142,142)
w(96,10,1,143,143)
w(51,6,1,144,144)
r(11,6,1,145,145)
w(48,3,1,146,146)
w(64,7,1,147,147)
w(52,5,1,148,148)
r(53,4,1,149,149)
w(66,10,1,150,150)
w(78,8,1,151,151)
w(43,5,1,152,152)
w(86,8,1,153,153)
w(60,7,1,154,154)
w(4,8,1,155,155)
w(31,8,1,156,156)
w(15,4,1,157,157)
w(52,6,1,158,158)
w(15,5,1,159,159)
w(80,6,1,160,160)
w(65,9,1,161,161)
w(86,9,1,162,162)
w(97,4,1,163,163)
w(22,8,1,164,164)
w(73,6,1,165,165)
w(37,7,1,166,166)
w(18,6,1,167,167)
w(38,13,1,168,168)
w(3,12,1,169,169)
r(40,9,1,170,170)
w(49,9,1,171,171)
w(38,14,1,172,172)
w(17,7,1,173,173)
w(65,10,1,174,174)
w(92,9,1,175,175)
w(39,7,1,176,176)
w(64,8,1,177,177)
r(81,7,1,178,178)
w(99,6,1,179,179)
w(44,9,1,180,180)
w(33,5,1,181,181)
w(35,8,1,182,182)
w(76,9,1,183,183)
r(52,6,1,184,184)
w(32,2,1,185,185)
r(31,8,1,186,186)
w(21,9,1,187,187)
w(80,7,1,188,188)
w(6,5,1,189,189)
r(43,5,1,190,190)
w(98,6,1,191,191)
w(81,8,1,192,192)
w(88,5,1,193,193)
w(4,9,1,194,194)
r(65,10,1,195,195)
w(46,7,1,196,196)
r(38,14,1,197,197)
w(6,6,1,198,198)
w(15,6,1,199,199)
w(80,8,1,200,200)
w(11,7,1,201,201)
w(56,4,1,202,202)
w(6,7,1,203,203)
w(22,9,1,204,204)
w(97,5,1,205,205)
w(38,15,1,206,206)
w(22,10,1,207,207)
r(70,7,1,208,208)
w(56,5,1,209,209)
w(63,3,1,210,210)
w(31,9,1,211,211)
w(82,5,1,212,212)
w(27,6,1,213,213)
w(8,14,1,214,214)
w(82,6,1,215,215)
w(46,8,1,216,216)
w(44,10,1,217,217)
w(49,10,1,218,218)
w(33,6,1,219,219)
w(36,9,1,220,220)
w(1,7,1,221,221)
w(23,8,1,222,222)
w(21,10,1,223,223)
w(13,6,1,224,224)
w(86,10,1,225,225)
w(88,6,1,226,226)
w(58,5,1,227,227)
w(54,9,1,228,228)
w(37,8,1,229,229)
w(79,6,1,230,230)
w(76,10,1,231,231)
w(82,7,1,232,232)
w(18,7,1,233,233)
w(0,5,1,234,234)
w(45,4,1,235,235)
w(34,6,1,236,236)
r(78,8,1,237,237)
w(13,7,1,238,238)
w(73,7,1,239,239)
w(69,5,1,240,240)
w(80,9,1,241,241)
w(78,9,1,242,242)
w(17,8,1,243,243)
r(34,6,1,244,244)
w(33,7,1,245,245)
w(22,11,1,246,246)
w(39,8,1,247,247)
w(50,7,1,248,248)
r(36,9,1,249,249)
w(46,9,1,250,250)
w(20,10,1,251,251)
w(48,4,1,252,252)
w(43,6,1,253,253)
r(8,14,1,254,254)
w(28,5,1,255,255)
w(38,16,1,256,256)
w(9,3,1,257,257)
w(14,6,1,258,258)
w(28,6,1,259,259)
w(45,5,1,260,260)
w(53,5,1,261,261)
r(25,5,1,262,262)
w(52,7,1,263,263)
w(10,9,1,264,264)
w(55,4,1,265,265)
w(91,4,1,266,266)
w(80,10,1,267,267)
w(57,7,1,268,268)
w(88,7,1,269,269)
w(46,10,1,270,270)
w(3,13,1,271,271)
r(39,8,1,272,272)
w(65,11,1,273,273)
w(82,8,1,274,274)
w(95,13,1,275,275)
w(37,9,1,276,276)
w(68,3,1,277,277)
w(34,7,1,278,278)
w(74,9,1,279,279)
w(64,9,1,280,280)
r(73,7,1,281,281)
w(28,7,1,282,282)
w(29,5,1,283,283)
w(0,6,1,284,284)
w(99,7,1,285,285)
w(28,8,1,286,286)
w(53,6,1,287,287)
w(51,7,1,288,288)
w(49,11,1,289,289)
w(14,7,1,290,290)
w(7,8,1,291,291)
w(72,10,1,292,292)
r(90,7,1,293,293)
w(3,14,1,294,294)
w(39,9,1,295,295)
w(97,6,1,296,296)
w(46,11,1,297,297)
w(25,6,1,298,298)
w(14,8,1,299,299)
w(9,4,1,300,300)
w(45,6,1,301,301)
w(53,7,1,302,302)
w(31,10,1,303,303)
w(30,3,1,304,304)
w(76,11,1,305,305)
w(8,15,1,306,306)
w(64,10,1,307,307)
w(30,4,1,308,308)
w(1,8,1,309,309)
w(13,8,1,310,310)
w(79,7,1,311,311)
w(14,9,1,312,312)
w(27,7,1,313,313)
w(49,12,1,314,314)
w(66,11,1,315,315)
w(28,9,1,316,316)
w(20,11,1,317,317)
w(54,10,1,318,318)
w(77,8,1,319,319)
r(56,5,1,320,320)
w(62,7,1,321,321)
w(0,7,1,322,322)
w(81,9,1,323,323)
w(99,8,1,324,324)
w(54,11,1,325,325)
w(62,8,1,326,326)
w(91,5,1,327,327)
r(72,10,1,328,328)
w(2,4,1,329,329)
w(21,11,1,330,330)
w(83,4,1,331,331)
w(85,8,1,332,332)
w(60,8,1,333,333)
w(91,6,1,334,334)
w(55,5,1,335,335)
r(16,7,1,336,336)
w(84,7,1,337,337)
w(47,4,1,338,338)
r(8,15,1,339,339)
w(88,8,1,340,340)
w(16,8,1,341,341)
w(79,8,1,342,342)
w(87,6,1,343,343)
w(71,9,1,344,344)
w(14,10,1,345,345)
w(22,12,1,346,346)
w(54,12,1,347,347)
w(94,6,1,348,348)
w(17,9,1,349,349)
w(77,9,1,350,350)
w(73,8,1,351,351)
w(77,10,1,352,352)
w(31,11,1,353,353)
w(19,9,1,354,354)
w(19,10,1,355,355)
w(7,9,1,356,356)
w(91,7,1,357,357)
w(69,6,1,358,358)
r(71,9,1,359,359)
w(87,7,1,360,360)
w(54,13,1,361,361)
w(2,5,1,362,362)
w(84,8,1,363,363)
w(11,8,1,364,364)
w(61,9,1,365,365)
w(19,11,1,366,366)
w(22,13,1,367,367)
w(79,9,1,368,368)
w(88,9,1,369,369)
w(31,12,1,370,370)
w(22,14,1,371,371)
w(64,11,1,372,372)
w(21,12,1,373,373)
r(47,4,1,374,374)
w(54,14,1,375,375)
w(0,8,1,376,376)
r(19,11,1,377,377)
w(45,7,1,378,378)
w(3,15,1,379,379)
w(13,9,1,380,380)
w(0,9,1,381,381)
w(80,11,1,382,382)
w(76,12,1,383,383)
w(47,5,1,384,384)
w(71,10,1,385,385)
w(99,9,1,386,386)
w(77,11,1,387,387)
w(88,10,1,388,388)
w(31,13,1,389,389)
w(33,8,1,390,390)
w(22,15,1,391,391)
w(33,9,1,392,392)
w(91,8,1,393,393)
w(82,9,1,394,394)
w(44,11,1,395,395)
w(85,9,1,396,396)
w(54,15,1,397,397)
w(68,4,1,398,398)
w(94,7,1,399,399)
w(45,8,1,400,400)
w(27,8,1,401,401)
w(61,10,1,402,402)
w(69,7,1,403,403)
w(36,10,1,404,404)
w(84,9,1,405,405)
w(16,9,1,406,406)
w(27,9,1,407,407)
w(52,8,1,408,408)
w(31,14,1,409,409)
w(2,6,1,410,410)
w(39,10,1,411,411)
w(98,7,1,412,412)
w(11,9,1,413,413)
w(16,10,1,414,414)
w(66,12,1,415,415)
w(51,8,1,416,416)
w(66,13,1,417,417)
r(89,4,1,418,418)
r(61,10,1,419,419)
w(85,10,1,420,420)
w(21,13,1,421,421)
w(42,9,1,422,422)
w(71,11,1,423,423)
w(75,4,1,424,424)
w(75,5,1,425,425)
w(18,8,1,426,426)
w(70,8,1,427,427)
w(22,16,1,428,428)
w(55,6,1,429,429)
w(54,16,1,430,430)
w(43,7,1,431,431)
w(73,9,1,432,432)
w(45,9,1,433,433)
w(75,6,1,434,434)
w(60,9,1,435,435)
w(23,9,1,436,436)
w(42,10,1,437,437)
w(28,10,1,438,438)
w(76,13,1,439,439)
w(94,8,1,440,440)
w(40,10,1,441,441)
w(77,12,1,442,442)
w(65,12,1,443,443)
w(17,10,1,444,444)
w(50,8,1,445,445)
w(10,10,1,446,446)
w(83,5,1,447,447)
w(2,7,1,448,448)
w(80,12,1,449,449)
w(84,10,1,450,450)
w(43,8,1,451,451)
w(30,5,1,452,452)
w(33,10,1,453,453)
w(11,10,1,454,454)
r(93,11,1,455,455)
r(18,8,1,456,456)
w(80,13,1,457,457)
w(94,9,1,458,458)
w(89,5,1,459,459)
w(14,11,1,460,460)
w(57,8,1,461,461)
w(52,9,1,462,462)
w(7,10,1,463,463)
w(63,4,1,464,464)
w(36,11,1,465,465)
w(27,10,1,466,466)
w(24,7,1,467,467)
w(54,17,1,468,468)
w(82,10,1,469,469)
w(22,17,1,470,470)
w(2,8,1,471,471)
w(93,12,1,472,472)
w(37,10,1,473,473)
w(28,11,1,474,474)
w(95,14,1,475,475)
w(8,16,1,476,476)
w(92,10,1,477,477)
w(39,11,1,478,478)
w(16,11,1,479,479)
w(64,12,1,480,480)
w(55,7,1,481,481)
w(13,10,1,482,482)
w(90,8,1,483,483)
w(86,11,1,484,484)
w(52,10,1,485,485)
w(78,10,1,486,486)
w(55,8,1,487,487)
w(60,10,1,488,488)
w(76,14,1,489,489)
w(95,15,1,490,490)
r(22,17,1,491,491)
w(76,15,1,492,492)
w(72,11,1,493,493)
w(34,8,1,494,494)
w(80,14,1,495,495)
w(4,10,1,496,496)
r(44,11,1,497,497)
r(76,15,1,498,498)
w(11,11,1,499,499)
w(89,6,2,0,0)
w(93,13,2,1,1)
w(43,9,2,2,2)
w(36,12,2,3,3)
w(43,10,2,4,4)
w(55,9,2,5,5)
w(33,11,2,6,6)
r(49,12,2,7,7)
w(22,18,2,8,8)
w(47,6,2,9,9)
w(38,17,2,10,10)
r(2,8,2,11,11)
w(72,12,2,12,12)
w(64,13,2,13,13)
w(7,11,2,14,14)
w(83,6,2,15,15)
w(21,14,2,16,16)
w(35,9,2,17,17)
w(1,9,2,18,18)
w(99,10,2,19,19)
w(2,9,2,20,20)
w(18,9,2,21,21)
w(27,11,2,22,22)
w(74,10,2,23,23)
w(60,11,2,24,24)
w(14,12,2,25,25)
w(18,10,2,26,26)
r(59,3,2,27,27)
w(80,15,2,28,28)
w(35,10,2,29,29)
w(39,12,2,30,30)
w(37,11,2,31,31)
w(37,12,2,32,32)
r(79,9,2,33,33)
w(79,10,2,34,34)
r(56,5,2,35,35)
w(20,12,2,36,36)
w(59,4,2,37,37)
w(32,3,2,38,38)
w(3,16,2,39,39)
w(16,12,2,40,40)
w(46,12,2,41,41)
w(94,10,2,42,42)
r(86,11,2,43,43)
w(4,11,2,44,44)
w(71,12,2,45,45)
w(38,18,2,46,46)
w(33,12,2,47,47)
w(93,14,2,48,48)
w(83,7,2,49,49)
w(39,13,2,50,50)
w(2,10,2,51,51)
w(28,12,2,52,52)
r(91,8,2,53,53)
w(0,10,2,54,54)
w(0,11,2,55,55)
r(7,11,2,56,56)
w(2,11,2,57,57)
w(72,13,2,58,58)
w(1,10,2,59,59)
w(98,8,2,60,60)
w(78,11,2,61,61)
w(24,8,2,62,62)
w(82,11,2,63,63)
w(31,15,2,64,64)
r(15,6,2,65,65)
w(20,13,2,66,66)
w(62,9,2,67,67)
w(37,13,2,68,68)
w(95,16,2,69,69)
w(10,11,2,70,70)
w(53,8,2,71,71)
w(59,5,2,72,72)
w(16,13,2,73,73)
w(65,13,2,74,74)
w(8,17,2,75,75)
w(9,5,2,76,76)
w(67,9,2,77,77)
w(98,9,2,78,78)
w(76,16,2,79,79)
w(79,11,2,80,80)
r(19,11,2,81,81)
w(14,13,2,82,82)
w(64,14,2,83,83)
w(90,9,2,84,84)
w(1,11,2,85,85)
w(44,12,2,86,86)
w(50,9,2,87,87)
w(3,17,2,88,88)
w(5,7,2,89,89)
w(57,9,2,90,90)
r(20,13,2,91,91)
w(26,8,2,92,92)
w(2,12,2,93,93)
r(13,10,2,94,94)
w(7,12,2,95,95)
w(41,4,2,96,96)
w(52,11,2,97,97)
w(82,12,2,98,98)
w(39,14,2,99,99)
w(96,11,2,100,100)
w(10,12,2,101,101)
w(33,13,2,102,102)
r(53,8,2,103,103)
w(36,13,2,104,104)
w(73,10,2,105,105)
w(86,12,2,106,106)
w(61,11,2,107,107)
w(18,11,2,108,108)
r(18,11,2,109,109)
w(41,5,2,110,110)
w(91,9,2,111,111)
w(61,12,2,112,112)
w(44,13,2,113,113)
r(56,5,2,114,114)
w(12,3,2,115,115)
w(96,12,2,116,116)
w(16,14,2,117,117)
w(40,11,2,118,118)
w(75,7,2,119,119)
w(66,14,2,120,120)
w(10,13,2,121,121)
w(14,14,2,122,122)
w(56,6,2,123,123)
r(56,6,2,124,124)
r(18,11,2,125,125)
w(14,15,2,126,126)
w(2,13,2,127,127)
w(9,6,2,128,128)
w(84,11,2,129,129)
w(35,11,2,130,130)
w(55,10,2,131,131)
r(47,6,2,132,132)
w(86,13,2,133,133)
w(30,6,2,134,134)
w(74,11,2,135,135)
w(67,10,2,136,136)
w(68,5,2,137,137)
w(75,8,2,138,138)
w(39,15,2,139,139)
w(85,11,2,140,140)
w(13,11,2,141,141)
w(10,14,2,142,142)
r(27,11,2,143,143)
w(73,11,2,144,144)
w(59,6,2,145,145)
w(52,12,2,146,146)
w(24,9,2,147,147)
w(94,11,2,148,148)
w(26,9,2,149,149)
w(41,6,2,150,150)
w(46,13,2,151,151)
w(84,12,2,152,152)
w(53,9,2,153,153)
w(27,12,2,154,154)
w(14,16,2,155,155)
w(20,14,2,156,156)
w(93,15,2,157,157)
w(19,12,2,158,158)
w(5,8,2,159,159)
w(2,14,2,160,160)
w(39,16,2,161,161)
w(24,10,2,162,162)
w(95,17,2,163,163)
w(41,7,2,164,164)
w(79,12,2,165,165)
w(75,9,2,166,166)
w(7,13,2,167,167)
w(34,9,2,168,168)
r(49,12,2,169,169)
w(1,12,2,170,170)
w(65,14,2,171,171)
w(69,8,2,172,172)
w(29,6,2,173,173)
w(78,12,2,174,174)
w(0,12,2,175,175)
w(36,14,2,176,176)
w(67,11,2,177,177)
w(90,10,2,178,178)
w(23,10,2,179,179)
w(54,18,2,180,180)
w(40,12,2,181,181)
w(52,13,2,182,182)
w(34,10,2,183,183)
w(22,19,2,184,184)
w(13,12,2,185,185)
w(82,13,2,186,186)
w(5,9,2,187,187)
w(93,16,2,188,188)
w(26,10,2,189,189)
w(40,13,2,190,190)
r(52,13,2,191,191)
w(55,11,2,192,192)
r(68,5,2,193,193)
w(10,15,2,194,194)
w(15,7,2,195,195)
w(71,13,2,196,196)
w(51,9,2,197,197)
w(26,11,2,198,198)
w(5,10,2,199,199)
w(52,14,2,200,200)
w(64,15,2,201,201)
w(29,7,2,202,202)
w(91,10,2,203,203)
w(62,10,2,204,204)
w(59,7,2,205,205)
w(44,14,2,206,206)
w(58,6,2,207,207)
w(11,12,2,208,208)
w(16,15,2,209,209)
w(46,14,2,210,210)
w(80,16,2,211,211)
w(21,15,2,212,212)
w(37,14,2,213,213)
w(4,12,2,214,214)
w(24,11,2,215,215)
w(47,7,2,216,216)
w(90,11,2,217,217)
w(32,4,2,218,218)
w(15,8,2,219,219)
w(12,4,2,220,220)
w(77,13,2,221,221)
w(50,10,2,222,222)
w(92,11,2,223,223)
w(38,19,2,224,224)
w(52,15,2,225,225)
w(66,15,2,226,226)
w(25,7,2,227,227)
w(79,13,2,228,228)
w(14,17,2,229,229)
w(71,14,2,230,230)
w(48,5,2,231,231)
w(76,17,2,232,232)
w(43,11,2,233,233)
w(77,14,2,234,234)
w(40,14,2,235,235)
w(65,15,2,236,236)
w(66,16,2,237,237)
w(28,13,2,238,238)
w(86,14,2,239,239)
w(23,11,2,240,240)
w(62,11,2,241,241)
w(32,5,2,242,242)
w(52,16,2,243,243)
w(15,9,2,244,244)
w(84,13,2,245,245)
w(23,12,2,246,246)
w(75,10,2,247,247)
w(98,10,2,248,248)
w(67,12,2,249,249)
w(82,14,2,250,250)
w(83,8,2,251,251)
w(42,11,2,252,252)
w(25,8,2,253,253)
w(21,16,2,254,254)
w(2,15,2,255,255)
w(59,8,2,256,256)
w(80,17,2,257,257)
w(61,13,2,258,258)
w(33,14,2,259,259)
w(20,15,2,260,260)
w(98,11,2,261,261)
w(98,12,2,262,262)
w(66,17,2,263,263)
w(66,18,2,264,264)
w(37,15,2,265,265)
w(11,13,2,266,266)
w(36,15,2,267,267)
w(69,9,2,268,268)
w(80,18,2,269,269)
r(36,15,2,270,270)
w(2,16,2,271,271)
w(3,18,2,272,272)
w(96,13,2,273,273)
w(67,13,2,274,274)
w(58,7,2,275,275)
w(79,14,2,276,276)
w(77,15,2,277,277)
w(38,20,2,278,278)
w(49,13,2,279,279)
w(18,12,2,280,280)
w(41,8,2,281,281)
w(10,16,2,282,282)
w(7,14,2,283,283)
w(13,13,2,284,284)
r(28,13,2,285,285)
w(0,13,2,286,286)
r(57,9,2,287,287)
w(21,17,2,288,288)
w(38,21,2,289,289)
w(53,10,2,290,290)
r(28,13,2,291,291)
w(67,14,2,292,292)
w(28,14,2,293,293)
w(3,19,2,294,294)
r(18,12,2,295,295)
r(20,15,2,296,296)
w(27,13,2,297,297)
w(79,15,2,298,298)
w(42,12,2,299,299)
w(85,12,2,300,300)
w(66,19,2,301,301)
w(3,20,2,302,302)
w(97,7,2,303,303)
w(86,15,2,304,304)
w(75,11,2,305,305)
w(61,14,2,306,306)
w(93,17,2,307,307)
w(13,14,2,308,308)
w(37,16,2,309,309)
w(84,14,2,310,310)
w(80,19,2,311,311)
w(68,6,2,312,312)
w(26,12,2,313,313)
w(49,14,2,314,314)
w(45,10,2,315,315)
w(1,13,2,316,316)
w(35,12,2,317,317)
w(14,18,2,318,318)
w(5,11,2,319,319)
w(18,13,2,320,320)
w(2,17,2,321,321)
w(60,12,2,322,322)
w(7,15,2,323,323)
r(81,9,2,324,324)
w(86,16,2,325,325)
w(1,14,2,326,326)
w(42,13,2,327,327)
r(58,7,2,328,328)
w(28,15,2,329,329)
w(47,8,2,330,330)
w(33,15,2,331,331)
r(60,12,2,332,332)
w(96,14,2,333,333)
w(24,12,2,334,334)
w(2,18,2,335,335)
w(29,8,2,336,336)
w(83,9,2,337,337)
w(25,9,2,338,338)
w(38,22,2,339,339)
w(62,12,2,340,340)
w(50,11,2,341,341)
w(67,15,2,342,342)
w(95,18,2,343,343)
w(93,18,2,344,344)
w(91,11,2,345,345)
r(54,18,2,346,346)
w(79,16,2,347,347)
w(18,14,2,348,348)
w(12,5,2,349,349)
r(80,19,2,350,350)
w(99,11,2,351,351)
w(13,15,2,352,352)
w(79,17,2,353,353)
w(88,11,2,354,354)
w(81,10,2,355,355)
w(26,13,2,356,356)
w(66,20,2,357,357)
w(7,16,2,358,358)
w(24,13,2,359,359)
w(69,10,2,360,360)
w(91,12,2,361,361)
r(36,15,2,362,362)
r(61,14,2,363,363)
w(84,15,2,364,364)
w(81,11,2,365,365)
w(21,18,2,366,366)
w(50,12,2,367,367)
w(75,12,2,368,368)
w(95,19,2,369,369)
w(79,18,2,370,370)
w(62,13,2,371,371)
w(5,12,2,372,372)
w(85,13,2,373,373)
w(57,10,2,374,374)
w(74,12,2,375,375)
w(39,17,2,376,376)
w(56,7,2,377,377)
w(95,20,2,378,378)
w(48,6,2,379,379)
w(57,11,2,380,380)
w(63,5,2,381,381)
w(37,17,2,382,382)
w(10,17,2,383,383)
w(22,20,2,384,384)
w(19,13,2,385,385)
w(72,14,2,386,386)
w(74,13,2,387,387)
w(27,14,2,388,388)
w(99,12,2,389,389)
r(96,14,2,390,390)
w(68,7,2,391,391)
w(42,14,2,392,392)
r(23,12,2,393,393)
w(92,12,2,394,394)
w(81,12,2,395,395)
w(57,12,2,396,396)
w(28,16,2,397,397)
r(42,14,2,398,398)
w(93,19,2,399,399)
w(14,19,2,400,400)
r(13,15,2,401,401)
w(0,14,2,402,402)
w(27,15,2,403,403)
r(48,6,2,404,404)
w(28,17,2,405,405)
w(15,10,2,406,406)
w(20,16,2,407,407)
w(80,20,2,408,408)
w(41,9,2,409,409)
w(43,12,2,410,410)
w(74,14,2,411,411)
w(8,18,2,412,412)
w(9,7,2,413,413)
r(30,6,2,414,414)
w(38,23,2,415,415)
w(83,10,2,416,416)
w(39,18,2,417,417)
w(84,16,2,418,418)
w(57,13,2,419,419)
w(8,19,2,420,420)
w(45,11,2,421,421)
w(26,14,2,422,422)
w(48,7,2,423,423)
w(71,15,2,424,424)
w(58,8,2,425,425)
w(29,9,2,426,426)
w(24,14,2,427,427)
r(59,8,2,428,428)
w(89,7,2,429,429)
w(55,12,2,430,430)
w(6,8,2,431,431)
w(4,13,2,432,432)
w(42,15,2,433,433)
w(90,12,2,434,434)
r(49,14,2,435,435)
w(53,11,2,436,436)
r(43,12,2,437,437)
w(51,10,2,438,438)
w(50,13,2,439,439)
w(22,21,2,440,440)
w(52,17,2,441,441)
w(4,14,2,442,442)
w(19,14,2,443,443)
w(55,13,2,444,444)
w(44,15,2,445,445)
w(36,16,2,446,446)
r(62,13,2,447,447)
w(80,21,2,448,448)
w(83,11,2,449,449)
r(95,20,2,450,450)
w(71,16,2,451,451)
w(72,15,2,452,452)
w(46,15,2,453,453)
w(73,12,2,454,454)
w(44,16,2,455,455)
w(98,13,2,456,456)
w(67,16,2,457,457)
w(32,6,2,458,458)
r(79,18,2,459,459)
w(28,18,2,460,460)
w(64,16,2,461,461)
w(81,13,2,462,462)
w(0,15,2,463,463)
w(60,13,2,464,464)
w(85,14,2,465,465)
w(36,17,2,466,466)
w(78,13,2,467,467)
w(88,12,2,468,468)
w(65,16,2,469,469)
w(69,11,2,470,470)
w(53,12,2,471,471)
w(58,9,2,472,472)
w(28,19,2,473,473)
w(30,7,2,474,474)
w(0,16,2,475,475)
w(89,8,2,476,476)
w(34,11,2,477,477)
w(51,11,2,478,478)
r(6,8,2,479,479)
w(27,16,2,480,480)
w(36,18,2,481,481)
w(74,15,2,482,482)
w(16,16,2,483,483)
w(82,15,2,484,484)
w(33,16,2,485,485)
w(68,8,2,486,486)
w(53,13,2,487,487)
w(48,8,2,488,488)
w(5,13,2,489,489)
w(63,6,2,490,490)
w(65,17,2,491,491)
w(90,13,2,492,492)
w(92,13,2,493,493)
w(32,7,2,494,494)
w(89,9,2,495,495)
w(54,19,2,496,496)
w(70,9,2,497,497)
w(88,13,2,498,498)
r(25,9,2,499,499)
w(34,12,3,0,0)
w(88,14,3,1,1)
w(56,8,3,2,2)
r(5,13,3,3,3)
w(88,15,3,4,4)
w(65,18,3,5,5)
w(99,13,3,6,6)
w(86,17,3,7,7)
w(29,10,3,8,8)
w(58,10,3,9,9)
w(18,15,3,10,10)
w(32,8,3,11,11)
w(46,16,3,12,12)
r(36,18,3,13,13)
w(29,11,3,14,14)
w(87,8,3,15,15)
w(15,11,3,16,16)
w(86,18,3,17,17)
w(48,9,3,18,18)
w(36,19,3,19,19)
w(27,17,3,20,20)
w(0,17,3,21,21)
w(88,16,3,22,22)
w(2,19,3,23,23)
w(51,12,3,24,24)
w(18,16,3,25,25)
r(44,16,3,26,26)
w(18,17,3,27,27)
w(24,15,3,28,28)
w(62,14,3,29,29)
w(39,19,3,30,30)
r(79,18,3,31,31)
w(23,13,3,32,32)
w(6,9,3,33,33)
w(52,18,3,34,34)
w(92,14,3,35,35)
w(44,17,3,36,36)
w(26,15,3,37,37)
w(24,16,3,38,38)
w(75,13,3,39,39)
w(79,19,3,40,40)
w(75,14,3,41,41)
w(66,21,3,42,42)
w(63,7,3,43,43)
r(67,16,3,44,44)
w(16,17,3,45,45)
w(83,12,3,46,46)
w(40,15,3,47,47)
w(40,16,3,48,48)
w(92,15,3,49,49)
w(56,9,3,50,50)
w(22,22,3,51,51)
r(54,19,3,52,52)
w(8,20,3,53,53)
w(6,10,3,54,54)
w(17,11,3,55,55)
w(14,20,3,56,56)
w(4,15,3,57,57)
w(11,14,3,58,58)
w(65,19,3,59,59)
w(96,15,3,60,60)
r(81,13,3,61,61)
w(19,15,3,62,62)
w(66,22,3,63,63)
r(29,11,3,64,64)
r(21,18,3,65,65)
w(30,8,3,66,66)
w(48,10,3,67,67)
w(97,8,3,68,68)
w(15,12,3,69,69)
w(66,23,3,70,70)
w(59,9,3,71,71)
w(44,18,3,72,72)
w(25,10,3,73,73)
w(90,14,3,74,74)
w(17,12,3,75,75)
w(29,12,3,76,76)
w(68,9,3,77,77)
w(93,20,3,78,78)
w(42,16,3,79,79)
r(22,22,3,80,80)
w(21,19,3,81,81)
w(32,9,3,82,82)
w(17,13,3,83,83)
w(38,24,3,84,84)
w(74,16,3,85,85)
w(81,14,3,86,86)
w(50,14,3,87,87)
w(75,15,3,88,88)
w(92,16,3,89,89)
w(18,18,3,90,90)
r(27,17,3,91,91)
w(12,6,3,92,92)
r(93,20,3,93,93)
w(17,14,3,94,94)
w(29,13,3,95,95)
w(20,17,3,96,96)
w(33,17,3,97,97)
w(34,13,3,98,98)
r(60,13,3,99,99)
w(75,16,3,100,100)
w(22,23,3,101,101)
w(86,19,3,102,102)
w(48,11,3,103,103)
w(12,7,3,104,104)
w(89,10,3,105,105)
w(49,15,3,106,106)
w(92,17,3,107,107)
r(5,13,3,108,108)
w(1,15,3,109,109)
w(27,18,3,110,110)
w(69,12,3,111,111)
w(91,13,3,112,112)
w(60,14,3,113,113)
w(58,11,3,114,114)
w(72,16,3,115,115)
w(77,16,3,116,116)
w(75,17,3,117,117)
w(2,20,3,118,118)
w(88,17,3,119,119)
w(78,14,3,120,120)
w(24,17,3,121,121)
r(20,17,3,122,122)
w(8,21,3,123,123)
w(93,21,3,124,124)
w(39,20,3,125,125)
w(98,14,3,126,126)
w(98,15,3,127,127)
w(81,15,3,128,128)
w(5,14,3,129,129)
w(48,12,3,130,130)
r(90,14,3,131,131)
w(24,18,3,132,132)
w(64,17,3,133,133)
w(51,13,3,134,134)
w(98,16,3,135,135)
w(89,11,3,136,136)
w(87,9,3,137,137)
w(97,9,3,138,138)
w(60,15,3,139,139)
w(79,20,3,140,140)
w(15,13,3,141,141)
w(82,16,3,142,142)
w(1,16,3,143,143)
w(78,15,3,144,144)
w(43,13,3,145,145)
w(30,9,3,146,146)
w(73,13,3,147,147)
w(48,13,3,148,148)
w(16,18,3,149,149)
w(27,19,3,150,150)
r(95,20,3,151,151)
w(48,14,3,152,152)
w(50,15,3,153,153)
w(9,8,3,154,154)
w(66,24,3,155,155)
w(59,10,3,156,156)
w(38,25,3,157,157)
w(59,11,3,158,158)
w(65,20,3,159,159)
w(35,13,3,160,160)
w(80,22,3,161,161)
w(77,17,3,162,162)
w(89,12,3,163,163)
w(75,18,3,164,164)
r(64,17,3,165,165)
w(37,18,3,166,166)
w(10,18,3,167,167)
w(79,21,3,168,168)
r(49,15,3,169,169)
w(37,19,3,170,170)
w(55,14,3,171,171)
w(9,9,3,172,172)
w(9,10,3,173,173)
w(56,10,3,174,174)
w(48,15,3,175,175)
r(37,19,3,176,176)
w(45,12,3,177,177)
w(44,19,3,178,178)
w(33,18,3,179,179)
w(43,14,3,180,180)
w(33,19,3,181,181)
w(75,19,3,182,182)
w(86,20,3,183,183)
w(7,17,3,184,184)
w(76,18,3,185,185)
w(58,12,3,186,186)
w(86,21,3,187,187)
w(31,16,3,188,188)
w(17,15,3,189,189)
w(75,20,3,190,190)
r(79,21,3,191,191)
w(14,21,3,192,192)
w(91,14,3,193,193)
r(93,21,3,194,194)
w(94,12,3,195,195)
w(0,18,3,196,196)
w(60,16,3,197,197)
w(42,17,3,198,198)
w(69,13,3,199,199)
w(29,14,3,200,200)
w(24,19,3,201,201)
w(94,13,3,202,202)
w(69,14,3,203,203)
w(99,14,3,204,204)
w(65,21,3,205,205)
w(57,14,3,206,206)
w(68,10,3,207,207)
w(68,11,3,208,208)
w(35,14,3,209,209)
w(82,17,3,210,210)
w(49,16,3,211,211)
w(25,11,3,212,212)
w(9,11,3,213,213)
r(3,20,3,214,214)
w(35,15,3,215,215)
w(44,20,3,216,216)
w(64,18,3,217,217)
w(4,16,3,218,218)
w(0,19,3,219,219)
w(63,8,3,220,220)
w(90,15,3,221,221)
w(93,22,3,222,222)
w(0,20,3,223,223)
w(28,20,3,224,224)
w(57,15,3,225,225)
w(10,19,3,226,226)
w(42,18,3,227,227)
w(47,9,3,228,228)
w(24,20,3,229,229)
w(32,10,3,230,230)
r(59,11,3,231,231)
w(92,18,3,232,232)
w(2,21,3,233,233)
w(52,19,3,234,234)
w(90,16,3,235,235)
w(82,18,3,236,236)
w(54,20,3,237,237)
w(23,14,3,238,238)
w(92,19,3,239,239)
r(11,14,3,240,240)
w(68,12,3,241,241)
w(20,18,3,242,242)
w(11,15,3,243,243)
w(65,22,3,244,244)
w(70,10,3,245,245)
w(40,17,3,246,246)
w(46,17,3,247,247)
r(32,10,3,248,248)
w(97,10,3,249,249)
w(10,20,3,250,250)
r(38,25,3,251,251)
w(26,16,3,252,252)
w(2,22,3,253,253)
w(13,16,3,254,254)
w(25,12,3,255,255)
w(45,13,3,256,256)
r(18,18,3,257,257)
w(45,14,3,258,258)
r(74,16,3,259,259)
w(55,15,3,260,260)
r(59,11,3,261,261)
w(1,17,3,262,262)
w(42,19,3,263,263)
w(12,8,3,264,264)
w(82,19,3,265,265)
w(2,23,3,266,266)
w(10,21,3,267,267)
w(53,14,3,268,268)
w(70,11,3,269,269)
w(54,21,3,270,270)
w(34,14,3,271,271)
w(15,14,3,272,272)
w(45,15,3,273,273)
w(12,9,3,274,274)
w(21,20,3,275,275)
w(54,22,3,276,276)
r(84,16,3,277,277)
w(68,13,3,278,278)
w(44,21,3,279,279)
w(17,16,3,280,280)
w(57,16,3,281,281)
w(90,17,3,282,282)
w(15,15,3,283,283)
w(94,14,3,284,284)
w(28,21,3,285,285)
w(64,19,3,286,286)
w(60,17,3,287,287)
w(23,15,3,288,288)
w(36,20,3,289,289)
w(47,10,3,290,290)
w(86,22,3,291,291)
w(8,22,3,292,292)
w(18,19,3,293,293)
w(54,23,3,294,294)
r(40,17,3,295,295)
w(67,17,3,296,296)
r(7,17,3,297,297)
w(19,16,3,298,298)
w(7,18,3,299,299)
w(36,21,3,300,300)
w(39,21,3,301,301)
w(78,16,3,302,302)
w(17,17,3,303,303)
w(45,16,3,304,304)
r(89,12,3,305,305)
w(51,14,3,306,306)
w(7,19,3,307,307)
w(33,20,3,308,308)
w(85,15,3,309,309)
w(63,9,3,310,310)
w(53,15,3,311,311)
w(80,23,3,312,312)
w(48,16,3,313,313)
w(1,18,3,314,314)
w(86,23,3,315,315)
w(87,10,3,316,316)
w(4,17,3,317,317)
w(81,16,3,318,318)
w(37,20,3,319,319)
w(87,11,3,320,320)
w(74,17,3,321,321)
w(3,21,3,322,322)
r(50,15,3,323,323)
w(69,15,3,324,324)
w(41,10,3,325,325)
w(57,17,3,326,326)
r(41,10,3,327,327)
w(31,17,3,328,328)
w(11,16,3,329,329)
w(78,17,3,330,330)
w(1,19,3,331,331)
w(97,11,3,332,332)
w(64,20,3,333,333)
w(67,18,3,334,334)
w(49,17,3,335,335)
w(30,10,3,336,336)
w(44,22,3,337,337)
r(90,17,3,338,338)
w(72,17,3,339,339)
r(61,14,3,340,340)
w(21,21,3,341,341)
w(30,11,3,342,342)
w(42,20,3,343,343)
w(1,20,3,344,344)
w(3,22,3,345,345)
w(38,26,3,346,346)
w(53,16,3,347,347)
w(15,16,3,348,348)
w(53,17,3,349,349)
w(92,20,3,350,350)
w(37,21,3,351,351)
w(89,13,3,352,352)
w(61,15,3,353,353)
w(58,13,3,354,354)
w(68,14,3,355,355)
w(85,16,3,356,356)
w(80,24,3,357,357)
w(21,22,3,358,358)
w(2,24,3,359,359)
w(56,11,3,360,360)
w(14,22,3,361,361)
w(41,11,3,362,362)
w(66,25,3,363,363)
w(90,18,3,364,364)
w(70,12,3,365,365)
w(67,19,3,366,366)
w(89,14,3,367,367)
w(37,22,3,368,368)
w(71,17,3,369,369)
w(41,12,3,370,370)
w(40,18,3,371,371)
w(94,15,3,372,372)
w(68,15,3,373,373)
r(70,12,3,374,374)
w(37,23,3,375,375)
w(69,16,3,376,376)
w(86,24,3,377,377)
w(80,25,3,378,378)
w(87,12,3,379,379)
w(84,17,3,380,380)
w(57,18,3,381,381)
w(48,17,3,382,382)
w(58,14,3,383,383)
w(70,13,3,384,384)
w(30,12,3,385,385)
w(78,18,3,386,386)
w(42,21,3,387,387)
w(88,18,3,388,388)
w(72,18,3,389,389)
r(61,15,3,390,390)
r(18,19,3,391,391)
w(52,20,3,392,392)
w(92,21,3,393,393)
w(89,15,3,394,394)
w(34,15,3,395,395)
w(73,14,3,396,396)
w(73,15,3,397,397)
w(54,24,3,398,398)
w(55,16,3,399,399)
w(82,20,3,400,400)
w(37,24,3,401,401)
w(25,13,3,402,402)
w(83,13,3,403,403)
w(71,18,3,404,404)
w(40,19,3,405,405)
w(44,23,3,406,406)
w(6,11,3,407,407)
r(33,20,3,408,408)
w(46,18,3,409,409)
w(75,21,3,410,410)
w(98,17,3,411,411)
w(78,19,3,412,412)
w(14,23,3,413,413)
w(92,22,3,414,414)
w(25,14,3,415,415)
w(93,23,3,416,416)
r(98,17,3,417,417)
w(63,10,3,418,418)
w(4,18,3,419,419)
w(67,20,3,420,420)
w(82,21,3,421,421)
w(59,12,3,422,422)
w(12,10,3,423,423)
w(73,16,3,424,424)
r(85,16,3,425,425)
w(83,14,3,426,426)
w(96,16,3,427,427)
w(29,15,3,428,428)
w(37,25,3,429,429)
w(58,15,3,430,430)
r(53,17,3,431,431)
w(0,21,3,432,432)
w(33,21,3,433,433)
w(32,11,3,434,434)
w(57,19,3,435,435)
w(87,13,3,436,436)
w(22,24,3,437,437)
w(42,22,3,438,438)
w(35,16,3,439,439)
w(46,19,3,440,440)
r(22,24,3,441,441)
w(97,12,3,442,442)
w(45,17,3,443,443)
w(74,18,3,444,444)
w(13,17,3,445,445)
w(31,18,3,446,446)
w(59,13,3,447,447)
w(71,19,3,448,448)
r(37,25,3,449,449)
w(67,21,3,450,450)
w(92,23,3,451,451)
w(38,27,3,452,452)
w(79,22,3,453,453)
w(72,19,3,454,454)
w(94,16,3,455,455)
w(11,17,3,456,456)
w(30,13,3,457,457)
w(23,16,3,458,458)
w(81,17,3,459,459)
w(85,17,3,460,460)
w(31,19,3,461,461)
w(40,20,3,462,462)
w(46,20,3,463,463)
w(88,19,3,464,464)
w(27,20,3,465,465)
w(11,18,3,466,466)
w(22,25,3,467,467)
w(49,18,3,468,468)
w(41,13,3,469,469)
w(95,21,3,470,470)
w(20,19,3,471,471)
w(44,24,3,472,472)
w(55,17,3,473,473)
w(70,14,3,474,474)
r(36,21,3,475,475)
w(76,19,3,476,476)
w(56,12,3,477,477)
w(65,23,3,478,478)
w(17,18,3,479,479)
w(32,12,3,480,480)
w(48,18,3,481,481)
w(18,20,3,482,482)
w(13,18,3,483,483)
w(51,15,3,484,484)
w(2,25,3,485,485)
w(48,19,3,486,486)
r(81,17,3,487,487)
w(56,13,3,488,488)
w(70,15,3,489,489)
w(12,11,3,490,490)
w(97,13,3,491,491)
w(43,15,3,492,492)
w(26,17,3,493,493)
r(58,15,3,494,494)
w(64,21,3,495,495)
w(86,25,3,496,496)
w(84,18,3,497,497)
w(82,22,3,498,498)
w(40,21,3,499,499)
w(91,15,4,0,0)
w(67,22,4,1,1)
w(20,20,4,2,2)
w(57,20,4,3,3)
r(62,14,4,4,4)
w(72,20,4,5,5)
w(47,11,4,6,6)
w(94,17,4,7,7)
w(50,16,4,8,8)
w(99,15,4,9,9)
w(58,16,4,10,10)
w(17,19,4,11,11)
w(7,20,4,12,12)
w(13,19,4,13,13)
r(45,17,4,14,14)
r(84,18,4,15,15)
w(18,21,4,16,16)
w(55,18,4,17,17)
w(5,15,4,18,18)
w(77,18,4,19,19)
w(2,26,4,20,20)
w(71,20,4,21,21)
w(11,19,4,22,22)
w(7,21,4,23,23)
w(30,14,4,24,24)
w(21,23,4,25,25)
w(70,16,4,26,26)
w(61,16,4,27,27)
w(80,26,4,28,28)
w(64,22,4,29,29)
w(95,22,4,30,30)
w(16,19,4,31,31)
w(94,18,4,32,32)
w(37,26,4,33,33)
r(74,18,4,34,34)
w(38,28,4,35,35)
w(26,18,4,36,36)
w(60,18,4,37,37)
r(55,18,4,38,38)
w(41,14,4,39,39)
w(47,12,4,40,40)
w(86,26,4,41,41)
w(39,22,4,42,42)
w(66,26,4,43,43)
w(88,20,4,44,44)
w(40,22,4,45,45)
w(39,23,4,46,46)
w(55,19,4,47,47)
w(29,16,4,48,48)
w(10,22,4,49,49)
r(56,13,4,50,50)
w(57,21,4,51,51)
w(13,20,4,52,52)
w(68,16,4,53,53)
w(91,16,4,54,54)
w(27,21,4,55,55)
w(55,20,4,56,56)
w(85,18,4,57,57)
w(72,21,4,58,58)
w(72,22,4,59,59)
w(98,18,4,60,60)
w(42,23,4,61,61)
w(15,17,4,62,62)
w(89,16,4,63,63)
w(8,23,4,64,64)
w(59,14,4,65,65)
w(55,21,4,66,66)
w(11,20,4,67,67)
w(59,15,4,68,68)
w(52,21,4,69,69)
w(63,11,4,70,70)
w(98,19,4,71,71)
w(43,16,4,72,72)
w(21,24,4,73,73)
w(59,16,4,74,74)
w(25,15,4,75,75)
w(5,16,4,76,76)
w(12,12,4,77,77)
w(89,17,4,78,78)
w(93,24,4,79,79)
w(23,17,4,80,80)
w(62,15,4,81,81)
w(12,13,4,82,82)
w(73,17,4,83,83)
w(99,16,4,84,84)
w(62,16,4,85,85)
r(79,22,4,86,86)
w(36,22,4,87,87)
w(0,22,4,88,88)
w(34,16,4,89,89)
w(88,21,4,90,90)
w(36,23,4,91,91)
w(61,17,4,92,92)
r(99,16,4,93,93)
w(85,19,4,94,94)
w(24,21,4,95,95)
w(78,20,4,96,96)
w(54,25,4,97,97)
w(67,23,4,98,98)
w(42,24,4,99,99)
w(3,23,4,100,100)
w(33,22,4,101,101)
w(18,22,4,102,102)
w(34,17,4,103,103)
w(60,19,4,104,104)
w(92,24,4,105,105)
w(92,25,4,106,106)
w(66,27,4,107,107)
w(26,19,4,108,108)
w(9,12,4,109,109)
w(71,21,4,110,110)
r(86,26,4,111,111)
r(87,13,4,112,112)
w(25,16,4,113,113)
w(53,18,4,114,114)
w(72,23,4,115,115)
w(49,19,4,116,116)
w(45,18,4,117,117)
w(68,17,4,118,118)
w(89,18,4,119,119)
w(76,20,4,120,120)
w(78,21,4,121,121)
w(90,19,4,122,122)
w(5,17,4,123,123)
w(58,17,4,124,124)
r(7,21,4,125,125)
w(83,15,4,126,126)
r(76,20,4,127,127)
w(40,23,4,128,128)
w(45,19,4,129,129)
w(78,22,4,130,130)
w(73,18,4,131,131)
w(57,22,4,132,132)
r(99,16,4,133,133)
w(65,24,4,134,134)
w(48,20,4,135,135)
w(61,18,4,136,136)
w(67,24,4,137,137)
w(74,19,4,138,138)
w(5,18,4,139,139)
w(88,22,4,140,140)
w(32,13,4,141,141)
w(79,23,4,142,142)
w(92,26,4,143,143)
w(24,22,4,144,144)
w(31,20,4,145,145)
w(76,21,4,146,146)
w(86,27,4,147,147)
r(9,12,4,148,148)
w(8,24,4,149,149)
w(21,25,4,150,150)
w(6,12,4,151,151)
w(12,14,4,152,152)
w(81,18,4,153,153)
w(10,23,4,154,154)
w(92,27,4,155,155)
w(48,21,4,156,156)
w(29,17,4,157,157)
w(90,20,4,158,158)
w(1,21,4,159,159)
w(40,24,4,160,160)
w(59,17,4,161,161)
w(69,17,4,162,162)
w(23,18,4,163,163)
w(13,21,4,164,164)
w(32,14,4,165,165)
w(11,21,4,166,166)
r(93,24,4,167,167)
w(67,25,4,168,168)
r(7,21,4,169,169)
w(86,28,4,170,170)
w(18,23,4,171,171)
w(99,17,4,172,172)
w(26,20,4,173,173)
w(86,29,4,174,174)
w(58,18,4,175,175)
w(73,19,4,176,176)
w(78,23,4,177,177)
w(90,21,4,178,178)
w(12,15,4,179,179)
w(32,15,4,180,180)
w(73,20,4,181,181)
w(79,24,4,182,182)
w(29,18,4,183,183)
w(51,16,4,184,184)
w(79,25,4,185,185)
w(51,17,4,186,186)
w(30,15,4,187,187)
w(25,17,4,188,188)
w(24,23,4,189,189)
w(4,19,4,190,190)
w(30,16,4,191,191)
w(27,22,4,192,192)
w(16,20,4,193,193)
w(71,22,4,194,194)
w(35,17,4,195,195)
w(99,18,4,196,196)
w(62,17,4,197,197)
w(24,24,4,198,198)
w(12,16,4,199,199)
w(68,18,4,200,200)
w(75,22,4,201,201)
w(75,23,4,202,202)
w(93,25,4,203,203)
w(54,26,4,204,204)
r(66,27,4,205,205)
w(99,19,4,206,206)
r(6,12,4,207,207)
w(92,28,4,208,208)
r(45,19,4,209,209)
r(66,27,4,210,210)
w(19,17,4,211,211)
w(82,23,4,212,212)
w(62,18,4,213,213)
w(46,21,4,214,214)
w(64,23,4,215,215)
r(37,26,4,216,216)
w(71,23,4,217,217)
w(15,18,4,218,218)
w(34,18,4,219,219)
w(9,13,4,220,220)
w(58,19,4,221,221)
w(85,20,4,222,222)
r(0,22,4,223,223)
w(23,19,4,224,224)
w(82,24,4,225,225)
w(60,20,4,226,226)
w(77,19,4,227,227)
w(94,19,4,228,228)
w(90,22,4,229,229)
w(84,19,4,230,230)
w(44,25,4,231,231)
r(79,25,4,232,232)
w(19,18,4,233,233)
w(61,19,4,234,234)
w(1,22,4,235,235)
w(42,25,4,236,236)
w(60,21,4,237,237)
w(3,24,4,238,238)
w(59,18,4,239,239)
w(70,17,4,240,240)
w(58,20,4,241,241)
w(92,29,4,242,242)
w(12,17,4,243,243)
w(6,13,4,244,244)
w(4,20,4,245,245)
w(29,19,4,246,246)
w(31,21,4,247,247)
w(42,26,4,248,248)
w(48,22,4,249,249)
w(27,23,4,250,250)
w(77,20,4,251,251)
w(54,27,4,252,252)
w(19,19,4,253,253)
w(71,24,4,254,254)
w(95,23,4,255,255)
w(11,22,4,256,256)
r(70,17,4,257,257)
w(23,20,4,258,258)
w(1,23,4,259,259)
w(9,14,4,260,260)
w(32,16,4,261,261)
w(28,22,4,262,262)
w(31,22,4,263,263)
w(34,19,4,264,264)
w(6,14,4,265,265)
w(31,23,4,266,266)
w(24,25,4,267,267)
w(53,19,4,268,268)
w(44,26,4,269,269)
w(49,20,4,270,270)
w(57,23,4,271,271)
w(24,26,4,272,272)
r(82,24,4,273,273)
r(82,24,4,274,274)
w(14,24,4,275,275)
w(39,24,4,276,276)
w(91,17,4,277,277)
w(70,18,4,278,278)
w(29,20,4,279,279)
w(22,26,4,280,280)
w(18,24,4,281,281)
w(40,25,4,282,282)
r(37,26,4,283,283)
w(38,29,4,284,284)
w(1,24,4,285,285)
w(89,19,4,286,286)
w(66,28,4,287,287)
w(92,30,4,288,288)
w(89,20,4,289,289)
w(44,27,4,290,290)
w(19,20,4,291,291)
w(64,24,4,292,292)
w(79,26,4,293,293)
w(69,18,4,294,294)
w(86,30,4,295,295)
w(46,22,4,296,296)
w(85,21,4,297,297)
w(45,20,4,298,298)
w(98,20,4,299,299)
w(83,16,4,300,300)
w(57,24,4,301,301)
w(72,24,4,302,302)
w(67,26,4,303,303)
w(7,22,4,304,304)
w(2,27,4,305,305)
w(76,22,4,306,306)
w(9,15,4,307,307)
w(36,24,4,308,308)
w(74,20,4,309,309)
r(47,12,4,310,310)
w(3,25,4,311,311)
w(15,19,4,312,312)
w(97,14,4,313,313)
w(84,20,4,314,314)
w(38,30,4,315,315)
w(8,25,4,316,316)
r(66,28,4,317,317)
w(66,29,4,318,318)
w(94,20,4,319,319)
w(13,22,4,320,320)
w(36,25,4,321,321)
w(70,19,4,322,322)
w(73,21,4,323,323)
w(65,25,4,324,324)
w(48,23,4,325,325)
w(12,18,4,326,326)
w(14,25,4,327,327)
w(77,21,4,328,328)
w(18,25,4,329,329)
w(11,23,4,330,330)
w(94,21,4,331,331)
r(48,23,4,332,332)
w(85,22,4,333,333)
w(80,27,4,334,334)
w(19,21,4,335,335)
w(68,19,4,336,336)
w(48,24,4,337,337)
w(48,25,4,338,338)
w(68,20,4,339,339)
w(58,21,4,340,340)
w(78,24,4,341,341)
w(83,17,4,342,342)
w(20,21,4,343,343)
w(91,18,4,344,344)
w(24,27,4,345,345)
w(69,19,4,346,346)
w(78,25,4,347,347)
w(50,17,4,348,348)
w(85,23,4,349,349)
r(93,25,4,350,350)
w(91,19,4,351,351)
w(44,28,4,352,352)
w(91,20,4,353,353)
w(93,26,4,354,354)
w(34,20,4,355,355)
w(77,22,4,356,356)
r(95,23,4,357,357)
w(39,25,4,358,358)
w(11,24,4,359,359)
w(41,15,4,360,360)
r(98,20,4,361,361)
w(73,22,4,362,362)
w(56,14,4,363,363)
w(75,24,4,364,364)
w(9,16,4,365,365)
w(32,17,4,366,366)
r(75,24,4,367,367)
w(77,23,4,368,368)
r(83,17,4,369,369)
w(60,22,4,370,370)
r(5,18,4,371,371)
w(25,18,4,372,372)
w(20,22,4,373,373)
w(4,21,4,374,374)
w(68,21,4,375,375)
w(27,24,4,376,376)
w(64,25,4,377,377)
w(45,21,4,378,378)
w(35,18,4,379,379)
w(8,26,4,380,380)
w(1,25,4,381,381)
w(88,23,4,382,382)
w(10,24,4,383,383)
w(77,24,4,384,384)
w(25,19,4,385,385)
w(78,26,4,386,386)
w(87,14,4,387,387)
w(28,23,4,388,388)
w(46,23,4,389,389)
w(34,21,4,390,390)
w(90,23,4,391,391)
w(62,19,4,392,392)
w(8,27,4,393,393)
w(47,13,4,394,394)
w(74,21,4,395,395)
w(36,26,4,396,396)
w(39,26,4,397,397)
w(54,28,4,398,398)
w(60,23,4,399,399)
w(96,17,4,400,400)
w(54,29,4,401,401)
w(83,18,4,402,402)
w(18,26,4,403,403)
w(61,20,4,404,404)
w(33,23,4,405,405)
w(12,19,4,406,406)
w(24,28,4,407,407)
w(29,21,4,408,408)
w(62,20,4,409,409)
w(48,26,4,410,410)
r(54,29,4,411,411)
w(13,23,4,412,412)
w(39,27,4,413,413)
w(65,26,4,414,414)
w(81,19,4,415,415)
w(75,25,4,416,416)
w(28,24,4,417,417)
w(63,12,4,418,418)
w(82,25,4,419,419)
w(38,31,4,420,420)
w(77,25,4,421,421)
r(8,27,4,422,422)
w(91,21,4,423,423)
w(64,26,4,424,424)
w(33,24,4,425,425)
w(15,20,4,426,426)
w(28,25,4,427,427)
w(57,25,4,428,428)
w(86,31,4,429,429)
r(29,21,4,430,430)
w(49,21,4,431,431)
w(64,27,4,432,432)
w(25,20,4,433,433)
w(66,30,4,434,434)
w(44,29,4,435,435)
w(83,19,4,436,436)
w(71,25,4,437,437)
w(81,20,4,438,438)
w(91,22,4,439,439)
w(79,27,4,440,440)
w(62,21,4,441,441)
w(36,27,4,442,442)
w(70,20,4,443,443)
w(71,26,4,444,444)
w(73,23,4,445,445)
w(18,27,4,446,446)
w(51,18,4,447,447)
w(36,28,4,448,448)
w(65,27,4,449,449)
w(1,26,4,450,450)
w(98,21,4,451,451)
w(56,15,4,452,452)
w(15,21,4,453,453)
r(88,23,4,454,454)
w(5,19,4,455,455)
w(62,22,4,456,456)
w(96,18,4,457,457)
w(28,26,4,458,458)
w(94,22,4,459,459)
w(8,28,4,460,460)
w(44,30,4,461,461)
w(62,23,4,462,462)
w(92,31,4,463,463)
w(87,15,4,464,464)
w(87,16,4,465,465)
w(66,31,4,466,466)
w(19,22,4,467,467)
w(62,24,4,468,468)
w(95,24,4,469,469)
r(67,26,4,470,470)
w(16,21,4,471,471)
r(21,25,4,472,472)
w(37,27,4,473,473)
w(92,32,4,474,474)
w(58,22,4,475,475)
w(23,21,4,476,476)
w(99,20,4,477,477)
w(28,27,4,478,478)
w(38,32,4,479,479)
w(96,19,4,480,480)
w(82,26,4,481,481)
w(16,22,4,482,482)
w(28,28,4,483,483)
w(6,15,4,484,484)
w(89,21,4,485,485)
r(97,14,4,486,486)
w(3,26,4,487,487)
w(76,23,4,488,488)
w(86,32,4,489,489)
w(70,21,4,490,490)
w(97,15,4,491,491)
w(82,27,4,492,492)
w(89,22,4,493,493)
w(55,22,4,494,494)
r(85,23,4,495,495)
w(48,27,4,496,496)
w(96,20,4,497,497)
w(98,22,4,498,498)
w(27,25,4,499,499)
w(81,21,5,0,0)
w(39,28,5,1,1)
w(96,21,5,2,2)
r(41,15,5,3,3)
w(15,22,5,4,4)
w(31,24,5,5,5)
w(27,26,5,6,6)
r(8,28,5,7,7)
w(70,22,5,8,8)
w(31,25,5,9,9)
w(82,28,5,10,10)
w(57,26,5,11,11)
w(45,22,5,12,12)
w(74,22,5,13,13)
r(35,18,5,14,14)
w(34,22,5,15,15)
w(95,25,5,16,16)
w(91,23,5,17,17)
w(83,20,5,18,18)
w(52,22,5,19,19)
r(63,12,5,20,20)
w(79,28,5,21,21)
r(13,23,5,22,22)
w(35,19,5,23,23)
w(15,23,5,24,24)
w(31,26,5,25,25)
w(13,24,5,26,26)
w(50,18,5,27,27)
w(53,20,5,28,28)
w(25,21,5,29,29)
w(33,25,5,30,30)
w(32,18,5,31,31)
w(80,28,5,32,32)
w(78,27,5,33,33)
w(34,23,5,34,34)
r(85,23,5,35,35)
r(80,28,5,36,36)
w(72,25,5,37,37)
w(21,26,5,38,38)
w(9,17,5,39,39)
w(57,27,5,40,40)
w(83,21,5,41,41)
w(25,22,5,42,42)
w(14,26,5,43,43)
w(56,16,5,44,44)
w(31,27,5,45,45)
r(24,28,5,46,46)
w(29,22,5,47,47)
w(19,23,5,48,48)
w(86,33,5,49,49)
w(35,20,5,50,50)
w(1,27,5,51,51)
w(32,19,5,52,52)
w(46,24,5,53,53)
w(31,28,5,54,54)
w(55,23,5,55,55)
w(15,24,5,56,56)
w(13,25,5,57,57)
w(79,29,5,58,58)
w(49,22,5,59,59)
r(19,23,5,60,60)
w(88,24,5,61,61)
w(38,33,5,62,62)
w(96,22,5,63,63)
w(40,26,5,64,64)
w(71,27,5,65,65)
w(71,28,5,66,66)
w(1,28,5,67,67)
w(70,23,5,68,68)
w(66,32,5,69,69)
w(93,27,5,70,70)
r(7,22,5,71,71)
w(95,26,5,72,72)
w(55,24,5,73,73)
w(70,24,5,74,74)
w(48,28,5,75,75)
w(50,19,5,76,76)
w(10,25,5,77,77)
r(87,16,5,78,78)
w(76,24,5,79,79)
w(11,25,5,80,80)
r(29,22,5,81,81)
w(94,23,5,82,82)
w(43,17,5,83,83)
w(18,28,5,84,84)
w(22,27,5,85,85)
w(48,29,5,86,86)
w(39,29,5,87,87)
w(22,28,5,88,88)
w(48,30,5,89,89)
w(33,26,5,90,90)
w(32,20,5,91,91)
w(72,26,5,92,92)
r(60,23,5,93,93)
w(26,21,5,94,94)
w(71,29,5,95,95)
w(90,24,5,96,96)
w(3,27,5,97,97)
w(68,22,5,98,98)
w(72,27,5,99,99)
w(76,25,5,100,100)
w(10,26,5,101,101)
w(44,31,5,102,102)
w(91,24,5,103,103)
w(61,21,5,104,104)
w(68,23,5,105,105)
w(80,29,5,106,106)
w(10,27,5,107,107)
w(10,28,5,108,108)
w(99,21,5,109,109)
r(84,20,5,110,110)
w(28,29,5,111,111)
r(96,22,5,112,112)
w(28,30,5,113,113)
w(91,25,5,114,114)
w(53,21,5,115,115)
w(25,23,5,116,116)
w(59,19,5,117,117)
w(83,22,5,118,118)
w(44,32,5,119,119)
w(40,27,5,120,120)
w(22,29,5,121,121)
w(37,28,5,122,122)
w(54,30,5,123,123)
w(0,23,5,124,124)
w(65,28,5,125,125)
w(14,27,5,126,126)
w(66,33,5,127,127)
w(35,21,5,128,128)
w(0,24,5,129,129)
w(87,17,5,130,130)
w(57,28,5,131,131)
w(3,28,5,132,132)
w(3,29,5,133,133)
w(58,23,5,134,134)
w(34,24,5,135,135)
w(4,22,5,136,136)
r(10,28,5,137,137)
w(43,18,5,138,138)
w(38,34,5,139,139)
w(25,24,5,140,140)
w(64,28,5,141,141)
w(13,26,5,142,142)
w(5,20,5,143,143)
w(99,22,5,144,144)
w(20,23,5,145,145)
w(68,24,5,146,146)
w(40,28,5,147,147)
w(69,20,5,148,148)
w(93,28,5,149,149)
w(92,33,5,150,150)
w(88,25,5,151,151)
w(45,23,5,152,152)
w(24,29,5,153,153)
w(12,20,5,154,154)
w(16,23,5,155,155)
w(24,30,5,156,156)
w(31,29,5,157,157)
w(77,26,5,158,158)
w(11,26,5,159,159)
w(60,24,5,160,160)
w(9,18,5,161,161)
r(7,22,5,162,162)
w(84,21,5,163,163)
w(79,30,5,164,164)
w(69,21,5,165,165)
w(50,20,5,166,166)
r(83,22,5,167,167)
w(99,23,5,168,168)
w(44,33,5,169,169)
w(4,23,5,170,170)
w(44,34,5,171,171)
w(36,29,5,172,172)
w(69,22,5,173,173)
w(40,29,5,174,174)
w(64,29,5,175,175)
w(4,24,5,176,176)
w(97,16,5,177,177)
w(60,25,5,178,178)
w(74,23,5,179,179)
w(50,21,5,180,180)
w(0,25,5,181,181)
w(33,27,5,182,182)
w(80,30,5,183,183)
w(92,34,5,184,184)
w(45,24,5,185,185)
w(44,35,5,186,186)
w(0,26,5,187,187)
w(24,31,5,188,188)
w(94,24,5,189,189)
w(89,23,5,190,190)
w(68,25,5,191,191)
w(10,29,5,192,192)
w(37,29,5,193,193)
w(63,13,5,194,194)
w(73,24,5,195,195)
w(64,30,5,196,196)
r(61,21,5,197,197)
w(80,31,5,198,198)
w(40,30,5,199,199)
w(62,25,5,200,200)
w(84,22,5,201,201)
w(86,34,5,202,202)
w(99,24,5,203,203)
w(43,19,5,204,204)
w(60,26,5,205,205)
w(87,18,5,206,206)
w(8,29,5,207,207)
w(47,14,5,208,208)
w(9,19,5,209,209)
w(67,27,5,210,210)
w(31,30,5,211,211)
w(55,25,5,212,212)
w(80,32,5,213,213)
w(26,22,5,214,214)
w(11,27,5,215,215)
w(81,22,5,216,216)
w(77,27,5,217,217)
w(80,33,5,218,218)
w(1,29,5,219,219)
w(92,35,5,220,220)
w(2,28,5,221,221)
w(86,35,5,222,222)
w(12,21,5,223,223)
w(40,31,5,224,224)
w(11,28,5,225,225)
w(17,20,5,226,226)
w(3,30,5,227,227)
w(18,29,5,228,228)
w(65,29,5,229,229)
w(21,27,5,230,230)
w(62,26,5,231,231)
w(28,31,5,232,232)
w(72,28,5,233,233)
r(16,23,5,234,234)
w(62,27,5,235,235)
w(3,31,5,236,236)
w(36,30,5,237,237)
r(33,27,5,238,238)
w(3,32,5,239,239)
w(16,24,5,240,240)
w(25,25,5,241,241)
w(70,25,5,242,242)
w(88,26,5,243,243)
w(62,28,5,244,244)
w(64,31,5,245,245)
r(53,21,5,246,246)
w(58,24,5,247,247)
w(91,26,5,248,248)
w(6,16,5,249,249)
w(64,32,5,250,250)
w(91,27,5,251,251)
w(36,31,5,252,252)
w(59,20,5,253,253)
w(49,23,5,254,254)
w(7,23,5,255,255)
r(74,23,5,256,256)
w(67,28,5,257,257)
w(36,32,5,258,258)
w(98,23,5,259,259)
r(77,27,5,260,260)
w(42,27,5,261,261)
w(54,31,5,262,262)
w(56,17,5,263,263)
w(65,30,5,264,264)
w(14,28,5,265,265)
w(9,20,5,266,266)
w(62,29,5,267,267)
w(88,27,5,268,268)
w(82,29,5,269,269)
w(4,25,5,270,270)
r(58,24,5,271,271)
r(60,26,5,272,272)
w(91,28,5,273,273)
w(89,24,5,274,274)
w(44,36,5,275,275)
w(37,30,5,276,276)
r(48,30,5,277,277)
w(92,36,5,278,278)
w(68,26,5,279,279)
w(70,26,5,280,280)
w(63,14,5,281,281)
w(38,35,5,282,282)
w(20,24,5,283,283)
w(53,22,5,284,284)
w(62,30,5,285,285)
w(32,21,5,286,286)
w(42,28,5,287,287)
w(72,29,5,288,288)
w(37,31,5,289,289)
w(56,18,5,290,290)
w(23,22,5,291,291)
w(32,22,5,292,292)
w(82,30,5,293,293)
w(43,20,5,294,294)
w(32,23,5,295,295)
w(50,22,5,296,296)
w(75,26,5,297,297)
w(61,22,5,298,298)
w(95,27,5,299,299)
r(39,29,5,300,300)
w(11,29,5,301,301)
w(68,27,5,302,302)
r(97,16,5,303,303)
w(96,23,5,304,304)
w(25,26,5,305,305)
w(19,24,5,306,306)
r(70,26,5,307,307)
w(82,31,5,308,308)
r(93,28,5,309,309)
w(93,29,5,310,310)
w(59,21,5,311,311)
w(57,29,5,312,312)
w(9,21,5,313,313)
w(18,30,5,314,314)
w(23,23,5,315,315)
w(72,30,5,316,316)
r(31,30,5,317,317)
r(97,16,5,318,318)
w(8,30,5,319,319)
w(9,22,5,320,320)
w(50,23,5,321,321)
r(4,25,5,322,322)
w(34,25,5,323,323)
w(84,23,5,324,324)
w(73,25,5,325,325)
w(10,30,5,326,326)
w(84,24,5,327,327)
w(14,29,5,328,328)
w(19,25,5,329,329)
w(34,26,5,330,330)
w(45,25,5,331,331)
w(28,32,5,332,332)
w(90,25,5,333,333)
r(90,25,5,334,334)
r(19,25,5,335,335)
w(12,22,5,336,336)
w(84,25,5,337,337)
w(84,26,5,338,338)
w(54,32,5,339,339)
w(65,31,5,340,340)
w(4,26,5,341,341)
w(94,25,5,342,342)
w(73,26,5,343,343)
w(86,36,5,344,344)
w(98,24,5,345,345)
w(40,32,5,346,346)
w(93,30,5,347,347)
w(94,26,5,348,348)
w(10,31,5,349,349)
w(39,30,5,350,350)
w(10,32,5,351,351)
w(27,27,5,352,352)
w(4,27,5,353,353)
w(68,28,5,354,354)
w(25,27,5,355,355)
w(55,26,5,356,356)
w(39,31,5,357,357)
w(19,26,5,358,358)
w(24,32,5,359,359)
w(81,23,5,360,360)
w(65,32,5,361,361)
w(18,31,5,362,362)
w(91,29,5,363,363)
w(43,21,5,364,364)
w(40,33,5,365,365)
w(61,23,5,366,366)
r(49,23,5,367,367)
w(29,23,5,368,368)
w(51,19,5,369,369)
w(90,26,5,370,370)
w(91,30,5,371,371)
w(25,28,5,372,372)
w(99,25,5,373,373)
w(41,16,5,374,374)
r(55,26,5,375,375)
w(99,26,5,376,376)
w(62,31,5,377,377)
w(2,29,5,378,378)
w(51,20,5,379,379)
w(94,27,5,380,380)
w(93,31,5,381,381)
w(37,32,5,382,382)
r(8,30,5,383,383)
w(43,22,5,384,384)
w(1,30,5,385,385)
w(86,37,5,386,386)
w(77,28,5,387,387)
w(71,30,5,388,388)
w(11,30,5,389,389)
w(57,30,5,390,390)
w(23,24,5,391,391)
r(33,27,5,392,392)
w(46,25,5,393,393)
w(84,27,5,394,394)
w(22,30,5,395,395)
w(51,21,5,396,396)
w(78,28,5,397,397)
w(38,36,5,398,398)
w(38,37,5,399,399)
w(80,34,5,400,400)
w(57,31,5,401,401)
w(10,33,5,402,402)
w(10,34,5,403,403)
w(39,32,5,404,404)
w(47,15,5,405,405)
w(6,17,5,406,406)
w(10,35,5,407,407)
w(22,31,5,408,408)
w(20,25,5,409,409)
w(23,25,5,410,410)
w(51,22,5,411,411)
w(84,28,5,412,412)
w(20,26,5,413,413)
r(36,32,5,414,414)
r(10,35,5,415,415)
w(4,28,5,416,416)
w(63,15,5,417,417)
r(3,32,5,418,418)
w(34,27,5,419,419)
w(90,27,5,420,420)
w(36,33,5,421,421)
w(28,33,5,422,422)
w(64,33,5,423,423)
w(42,29,5,424,424)
w(61,24,5,425,425)
w(68,29,5,426,426)
w(62,32,5,427,427)
r(48,30,5,428,428)
r(97,16,5,429,429)
r(94,27,5,430,430)
w(56,19,5,431,431)
w(98,25,5,432,432)
w(78,29,5,433,433)
w(90,28,5,434,434)
w(98,26,5,435,435)
w(11,31,5,436,436)
w(24,33,5,437,437)
w(39,33,5,438,438)
w(70,27,5,439,439)
w(2,30,5,440,440)
w(7,24,5,441,441)
w(61,25,5,442,442)
w(9,23,5,443,443)
r(57,31,5,444,444)
w(85,24,5,445,445)
r(26,22,5,446,446)
r(17,20,5,447,447)
w(47,16,5,448,448)
w(23,26,5,449,449)
w(74,24,5,450,450)
w(71,31,5,451,451)
w(34,28,5,452,452)
w(90,29,5,453,453)
w(88,28,5,454,454)
w(30,17,5,455,455)
r(56,19,5,456,456)
w(80,35,5,457,457)
w(80,36,5,458,458)
w(61,26,5,459,459)
w(3,33,5,460,460)
w(39,34,5,461,461)
w(92,37,5,462,462)
w(21,28,5,463,463)
w(95,28,5,464,464)
w(71,32,5,465,465)
w(50,24,5,466,466)
r(42,29,5,467,467)
w(22,32,5,468,468)
r(15,24,5,469,469)
w(61,27,5,470,470)
w(12,23,5,471,471)
w(2,31,5,472,472)
w(34,29,5,473,473)
w(67,29,5,474,474)
w(43,23,5,475,475)
w(48,31,5,476,476)
w(10,36,5,477,477)
r(44,36,5,478,478)
w(2,32,5,479,479)
w(81,24,5,480,480)
w(93,32,5,481,481)
w(20,27,5,482,482)
w(82,32,5,483,483)
r(22,32,5,484,484)
w(97,17,5,485,485)
w(92,38,5,486,486)
w(14,30,5,487,487)
w(75,27,5,488,488)
w(46,26,5,489,489)
w(75,28,5,490,490)
w(16,25,5,491,491)
w(70,28,5,492,492)
w(74,25,5,493,493)
w(63,16,5,494,494)
w(27,28,5,495,495)
w(90,30,5,496,496)
w(25,29,5,497,497)
w(15,25,5,498,498)
w(71,33,5,499,499)
w(79,31,6,0,0)
w(17,21,6,1,1)
w(18,32,6,2,2)
w(44,37,6,3,3)
r(71,33,6,4,4)
w(72,31,6,5,5)
w(51,23,6,6,6)
r(98,26,6,7,7)
w(41,17,6,8,8)
r(3,33,6,9,9)
w(2,33,6,10,10)
w(23,27,6,11,11)
w(57,32,6,12,12)
w(20,28,6,13,13)
w(27,29,6,14,14)
w(10,37,6,15,15)
w(80,37,6,16,16)
r(62,32,6,17,17)
r(98,26,6,18,18)
w(26,23,6,19,19)
w(73,27,6,20,20)
w(24,34,6,21,21)
w(17,22,6,22,22)
w(14,31,6,23,23)
r(54,32,6,24,24)
w(54,33,6,25,25)
w(48,32,6,26,26)
w(3,34,6,27,27)
w(6,18,6,28,28)
w(88,29,6,29,29)
w(15,26,6,30,30)
w(8,31,6,31,31)
w(63,17,6,32,32)
w(65,33,6,33,33)
w(92,39,6,34,34)
w(45,26,6,35,35)
w(58,25,6,36,36)
w(74,26,6,37,37)
w(69,23,6,38,38)
w(14,32,6,39,39)
w(85,25,6,40,40)
w(22,33,6,41,41)
w(46,27,6,42,42)
w(95,29,6,43,43)
w(94,28,6,44,44)
w(95,30,6,45,45)
w(71,34,6,46,46)
w(85,26,6,47,47)
r(20,28,6,48,48)
w(3,35,6,49,49)
w(84,29,6,50,50)
w(14,33,6,51,51)
r(13,26,6,52,52)
w(51,24,6,53,53)
w(41,18,6,54,54)
w(99,27,6,55,55)
w(52,23,6,56,56)
w(8,32,6,57,57)
w(92,40,6,58,58)
w(48,33,6,59,59)
w(10,38,6,60,60)
w(65,34,6,61,61)
w(79,32,6,62,62)
w(94,29,6,63,63)
w(20,29,6,64,64)
w(30,18,6,65,65)
w(14,34,6,66,66)
w(99,28,6,67,67)
w(1,31,6,68,68)
w(59,22,6,69,69)
w(28,34,6,70,70)
w(64,34,6,71,71)
w(76,26,6,72,72)
w(85,27,6,73,73)
w(80,38,6,74,74)
w(17,23,6,75,75)
w(63,18,6,76,76)
w(63,19,6,77,77)
w(56,20,6,78,78)
w(84,30,6,79,79)
w(6,19,6,80,80)
w(36,34,6,81,81)
w(15,27,6,82,82)
w(85,28,6,83,83)
w(28,35,6,84,84)
w(43,24,6,85,85)
w(4,29,6,86,86)
w(91,31,6,87,87)
w(25,30,6,88,88)
w(96,24,6,89,89)
r(79,32,6,90,90)
w(98,27,6,91,91)
w(18,33,6,92,92)
w(95,31,6,93,93)
w(76,27,6,94,94)
w(6,20,6,95,95)
w(29,24,6,96,96)
w(73,28,6,97,97)
w(60,27,6,98,98)
w(86,38,6,99,99)
r(38,37,6,100,100)
w(63,20,6,101,101)
w(26,24,6,102,102)
r(12,23,6,103,103)
w(50,25,6,104,104)
w(79,33,6,105,105)
r(43,24,6,106,106)
w(53,23,6,107,107)
r(99,28,6,108,108)
w(7,25,6,109,109)
w(63,21,6,110,110)
w(37,33,6,111,111)
r(83,22,6,112,112)
w(34,30,6,113,113)
w(18,34,6,114,114)
w(54,34,6,115,115)
w(37,34,6,116,116)
w(8,33,6,117,117)
w(98,28,6,118,118)
r(54,34,6,119,119)
w(81,25,6,120,120)
w(85,29,6,121,121)
w(75,29,6,122,122)
r(89,24,6,123,123)
w(90,31,6,124,124)
w(89,25,6,125,125)
r(12,23,6,126,126)
w(21,29,6,127,127)
w(29,25,6,128,128)
w(17,24,6,129,129)
w(83,23,6,130,130)
w(32,24,6,131,131)
w(7,26,6,132,132)
w(20,30,6,133,133)
w(97,18,6,134,134)
w(77,29,6,135,135)
w(54,35,6,136,136)
w(48,34,6,137,137)
w(73,29,6,138,138)
w(6,21,6,139,139)
w(19,27,6,140,140)
w(83,24,6,141,141)
r(30,18,6,142,142)
w(41,19,6,143,143)
w(94,30,6,144,144)
w(23,28,6,145,145)
w(86,39,6,146,146)
w(60,28,6,147,147)
w(34,31,6,148,148)
w(80,39,6,149,149)
w(14,35,6,150,150)
w(87,19,6,151,151)
w(12,24,6,152,152)
w(55,27,6,153,153)
r(17,24,6,154,154)
r(10,38,6,155,155)
w(95,32,6,156,156)
w(12,25,6,157,157)
w(29,26,6,158,158)
w(17,25,6,159,159)
w(52,24,6,160,160)
w(92,41,6,161,161)
w(99,29,6,162,162)
r(34,31,6,163,163)
w(10,39,6,164,164)
w(25,31,6,165,165)
w(53,24,6,166,166)
r(4,29,6,167,167)
w(33,28,6,168,168)
w(71,35,6,169,169)
w(45,27,6,170,170)
w(52,25,6,171,171)
w(31,31,6,172,172)
w(60,29,6,173,173)
w(32,25,6,174,174)
w(19,28,6,175,175)
w(79,34,6,176,176)
w(93,33,6,177,177)
w(86,40,6,178,178)
w(64,35,6,179,179)
w(54,36,6,180,180)
w(34,32,6,181,181)
w(66,34,6,182,182)
w(18,35,6,183,183)
w(5,21,6,184,184)
w(48,35,6,185,185)
r(35,21,6,186,186)
w(36,35,6,187,187)
r(40,33,6,188,188)
w(88,30,6,189,189)
w(48,36,6,190,190)
w(25,32,6,191,191)
w(35,22,6,192,192)
w(87,20,6,193,193)
w(60,30,6,194,194)
w(22,34,6,195,195)
w(47,17,6,196,196)
r(80,39,6,197,197)
r(95,32,6,198,198)
r(25,32,6,199,199)
w(17,26,6,200,200)
w(59,23,6,201,201)
w(30,19,6,202,202)
w(48,37,6,203,203)
w(69,24,6,204,204)
w(81,26,6,205,205)
w(2,34,6,206,206)
w(62,33,6,207,207)
w(26,25,6,208,208)
r(77,29,6,209,209)
w(5,22,6,210,210)
w(14,36,6,211,211)
w(12,26,6,212,212)
w(32,26,6,213,213)
w(7,27,6,214,214)
w(45,28,6,215,215)
w(29,27,6,216,216)
w(32,27,6,217,217)
w(44,38,6,218,218)
w(73,30,6,219,219)
r(85,29,6,220,220)
w(42,30,6,221,221)
w(64,36,6,222,222)
w(55,28,6,223,223)
w(61,28,6,224,224)
w(73,31,6,225,225)
w(52,26,6,226,226)
w(55,29,6,227,227)
w(13,27,6,228,228)
w(75,30,6,229,229)
w(63,22,6,230,230)
w(18,36,6,231,231)
w(87,21,6,232,232)
w(79,35,6,233,233)
w(84,31,6,234,234)
w(96,25,6,235,235)
r(17,26,6,236,236)
w(65,35,6,237,237)
w(52,27,6,238,238)
w(66,35,6,239,239)
r(40,33,6,240,240)
r(86,40,6,241,241)
w(42,31,6,242,242)
w(63,23,6,243,243)
w(39,35,6,244,244)
w(5,23,6,245,245)
w(31,32,6,246,246)
w(38,38,6,247,247)
w(56,21,6,248,248)
w(65,36,6,249,249)
w(16,26,6,250,250)
w(55,30,6,251,251)
w(77,30,6,252,252)
w(18,37,6,253,253)
w(56,22,6,254,254)
w(23,29,6,255,255)
w(86,41,6,256,256)
w(34,33,6,257,257)
w(79,36,6,258,258)
w(99,30,6,259,259)
w(72,32,6,260,260)
w(22,35,6,261,261)
w(28,36,6,262,262)
w(40,34,6,263,263)
w(5,24,6,264,264)
w(0,27,6,265,265)
w(64,37,6,266,266)
r(31,32,6,267,267)
w(74,27,6,268,268)
w(41,20,6,269,269)
w(23,30,6,270,270)
w(53,25,6,271,271)
w(37,35,6,272,272)
w(37,36,6,273,273)
w(42,32,6,274,274)
w(82,33,6,275,275)
r(74,27,6,276,276)
w(98,29,6,277,277)
w(19,29,6,278,278)
w(70,29,6,279,279)
w(88,31,6,280,280)
w(76,28,6,281,281)
r(43,24,6,282,282)
w(93,34,6,283,283)
w(27,30,6,284,284)
w(51,25,6,285,285)
w(35,23,6,286,286)
w(27,31,6,287,287)
w(98,30,6,288,288)
w(78,30,6,289,289)
w(64,38,6,290,290)
w(75,31,6,291,291)
w(37,37,6,292,292)
w(80,40,6,293,293)
w(10,40,6,294,294)
w(64,39,6,295,295)
w(69,25,6,296,296)
w(76,29,6,297,297)
w(95,33,6,298,298)
w(67,30,6,299,299)
w(33,29,6,300,300)
w(10,41,6,301,301)
w(89,26,6,302,302)
w(44,39,6,303,303)
w(20,31,6,304,304)
r(11,31,6,305,305)
w(87,22,6,306,306)
w(54,37,6,307,307)
w(74,28,6,308,308)
w(4,30,6,309,309)
w(69,26,6,310,310)
w(43,25,6,311,311)
r(61,28,6,312,312)
w(13,28,6,313,313)
w(1,32,6,314,314)
w(43,26,6,315,315)
w(89,27,6,316,316)
w(44,40,6,317,317)
w(40,35,6,318,318)
w(11,32,6,319,319)
w(81,27,6,320,320)
w(89,28,6,321,321)
r(49,23,6,322,322)
w(19,30,6,323,323)
w(29,28,6,324,324)
w(77,31,6,325,325)
w(61,29,6,326,326)
w(62,34,6,327,327)
w(89,29,6,328,328)
w(63,24,6,329,329)
w(12,27,6,330,330)
w(3,36,6,331,331)
w(44,41,6,332,332)
w(19,31,6,333,333)
w(69,27,6,334,334)
w(43,27,6,335,335)
w(22,36,6,336,336)
r(87,22,6,337,337)
w(59,24,6,338,338)
w(80,41,6,339,339)
w(45,29,6,340,340)
w(76,30,6,341,341)
w(49,24,6,342,342)
w(73,32,6,343,343)
w(94,31,6,344,344)
w(65,37,6,345,345)
w(77,32,6,346,346)
r(67,30,6,347,347)
w(29,29,6,348,348)
r(99,30,6,349,349)
w(61,30,6,350,350)
w(46,28,6,351,351)
w(30,20,6,352,352)
w(33,30,6,353,353)
w(87,23,6,354,354)
w(2,35,6,355,355)
w(84,32,6,356,356)
w(6,22,6,357,357)
w(22,37,6,358,358)
w(97,19,6,359,359)
w(49,25,6,360,360)
w(54,38,6,361,361)
w(9,24,6,362,362)
w(47,18,6,363,363)
w(59,25,6,364,364)
w(69,28,6,365,365)
w(94,32,6,366,366)
r(18,37,6,367,367)
w(93,35,6,368,368)
w(96,26,6,369,369)
w(12,28,6,370,370)
w(90,32,6,371,371)
w(4,31,6,372,372)
w(45,30,6,373,373)
w(53,26,6,374,374)
w(22,38,6,375,375)
w(86,42,6,376,376)
w(55,31,6,377,377)
w(49,26,6,378,378)
w(53,27,6,379,379)
r(37,37,6,380,380)
w(97,20,6,381,381)
w(48,38,6,382,382)
w(33,31,6,383,383)
w(73,33,6,384,384)
w(81,28,6,385,385)
w(25,33,6,386,386)
w(48,39,6,387,387)
w(57,33,6,388,388)
w(27,32,6,389,389)
w(91,32,6,390,390)
w(27,33,6,391,391)
w(90,33,6,392,392)
w(49,27,6,393,393)
w(50,26,6,394,394)
w(7,28,6,395,395)
r(65,37,6,396,396)
w(1,33,6,397,397)
w(73,34,6,398,398)
w(14,37,6,399,399)
w(72,33,6,400,400)
w(14,38,6,401,401)
w(55,32,6,402,402)
w(47,19,6,403,403)
w(55,33,6,404,404)
w(36,36,6,405,405)
w(45,31,6,406,406)
r(92,41,6,407,407)
w(39,36,6,408,408)
w(78,31,6,409,409)
w(14,39,6,410,410)
w(19,32,6,411,411)
w(7,29,6,412,412)
w(5,25,6,413,413)
w(49,28,6,414,414)
w(41,21,6,415,415)
w(33,32,6,416,416)
w(97,21,6,417,417)
w(2,36,6,418,418)
w(85,30,6,419,419)
w(33,33,6,420,420)
w(29,30,6,421,421)
w(65,38,6,422,422)
w(12,29,6,423,423)
w(23,31,6,424,424)
w(60,31,6,425,425)
w(41,22,6,426,426)
w(39,37,6,427,427)
w(79,37,6,428,428)
w(64,40,6,429,429)
w(52,28,6,430,430)
w(85,31,6,431,431)
w(20,32,6,432,432)
w(19,33,6,433,433)
r(36,36,6,434,434)
w(87,24,6,435,435)
w(47,20,6,436,436)
w(6,23,6,437,437)
r(76,30,6,438,438)
w(69,29,6,439,439)
w(42,33,6,440,440)
w(80,42,6,441,441)
w(26,26,6,442,442)
w(23,32,6,443,443)
r(66,35,6,444,444)
w(93,36,6,445,445)
w(72,34,6,446,446)
w(22,39,6,447,447)
w(9,25,6,448,448)
w(61,31,6,449,449)
w(53,28,6,450,450)
w(28,37,6,451,451)
w(63,25,6,452,452)
w(67,31,6,453,453)
w(27,34,6,454,454)
w(21,30,6,455,455)
r(29,30,6,456,456)
w(75,32,6,457,457)
w(41,23,6,458,458)
w(67,32,6,459,459)
w(35,24,6,460,460)
w(69,30,6,461,461)
w(46,29,6,462,462)
w(78,32,6,463,463)
w(16,27,6,464,464)
w(33,34,6,465,465)
w(84,33,6,466,466)
r(54,38,6,467,467)
w(77,33,6,468,468)
w(25,34,6,469,469)
r(76,30,6,470,470)
w(29,31,6,471,471)
w(85,32,6,472,472)
w(36,37,6,473,473)
w(64,41,6,474,474)
w(16,28,6,475,475)
w(0,28,6,476,476)
r(56,22,6,477,477)
w(17,27,6,478,478)
w(67,33,6,479,479)
w(99,31,6,480,480)
w(9,26,6,481,481)
w(47,21,6,482,482)
w(47,22,6,483,483)
r(64,41,6,484,484)
r(57,33,6,485,485)
r(2,36,6,486,486)
w(70,30,6,487,487)
w(47,23,6,488,488)
r(7,29,6,489,489)
w(74,29,6,490,490)
w(37,38,6,491,491)
w(25,35,6,492,492)
w(35,25,6,493,493)
r(59,25,6,494,494)
w(45,32,6,495,495)
w(80,43,6,496,496)
w(43,28,6,497,497)
w(1,34,6,498,498)
w(90,34,6,499,499)
w(38,39,7,0,0)
w(63,26,7,1,1)
w(65,39,7,2,2)
w(57,34,7,3,3)
w(6,24,7,4,4)
w(11,33,7,5,5)
w(18,38,7,6,6)
w(25,36,7,7,7)
w(94,33,7,8,8)
w(19,34,7,9,9)
w(31,33,7,10,10)
w(16,29,7,11,11)
w(84,34,7,12,12)
w(69,31,7,13,13)
w(74,30,7,14,14)
w(16,30,7,15,15)
r(57,34,7,16,16)
w(61,32,7,17,17)
w(45,33,7,18,18)
w(6,25,7,19,19)
w(38,40,7,20,20)
w(65,40,7,21,21)
w(11,34,7,22,22)
w(81,29,7,23,23)
w(28,38,7,24,24)
w(70,31,7,25,25)
w(20,33,7,26,26)
w(47,24,7,27,27)
r(78,32,7,28,28)
w(83,25,7,29,29)
r(7,29,7,30,30)
w(47,25,7,31,31)
w(84,35,7,32,32)
w(24,35,7,33,33)
w(57,35,7,34,34)
w(11,35,7,35,35)
w(78,33,7,36,36)
w(35,26,7,37,37)
w(78,34,7,38,38)
r(79,37,7,39,39)
w(5,26,7,40,40)
w(8,34,7,41,41)
w(11,36,7,42,42)
r(17,27,7,43,43)
r(96,26,7,44,44)
w(72,35,7,45,45)
w(30,21,7,46,46)
w(54,39,7,47,47)
w(61,33,7,48,48)
w(15,28,7,49,49)
w(31,34,7,50,50)
w(59,26,7,51,51)
w(90,35,7,52,52)
w(63,27,7,53,53)
w(36,38,7,54,54)
w(0,29,7,55,55)
w(93,37,7,56,56)
w(0,30,7,57,57)
w(51,26,7,58,58)
w(13,29,7,59,59)
w(89,30,7,60,60)
w(33,35,7,61,61)
w(83,26,7,62,62)
w(90,36,7,63,63)
w(38,41,7,64,64)
w(78,35,7,65,65)
w(15,29,7,66,66)
w(92,42,7,67,67)
w(75,33,7,68,68)
w(48,40,7,69,69)
w(17,28,7,70,70)
w(35,27,7,71,71)
w(96,27,7,72,72)
w(36,39,7,73,73)
w(61,34,7,74,74)
w(93,38,7,75,75)
w(52,29,7,76,76)
r(80,43,7,77,77)
w(99,32,7,78,78)
w(53,29,7,79,79)
w(68,30,7,80,80)
w(33,36,7,81,81)
w(95,34,7,82,82)
w(22,40,7,83,83)
r(96,27,7,84,84)
w(75,34,7,85,85)
w(82,34,7,86,86)
w(81,30,7,87,87)
w(87,25,7,88,88)
w(9,27,7,89,89)
w(47,26,7,90,90)
w(35,28,7,91,91)
w(36,40,7,92,92)
w(71,36,7,93,93)
w(88,32,7,94,94)
w(67,34,7,95,95)
w(26,27,7,96,96)
w(25,37,7,97,97)
w(79,38,7,98,98)
w(48,41,7,99,99)
w(41,24,7,100,100)
w(66,36,7,101,101)
w(95,35,7,102,102)
w(77,34,7,103,103)
w(65,41,7,104,104)
w(35,29,7,105,105)
w(69,32,7,106,106)
w(0,31,7,107,107)
r(64,41,7,108,108)
w(8,35,7,109,109)
w(16,31,7,110,110)
w(59,27,7,111,111)
w(51,27,7,112,112)
w(13,30,7,113,113)
w(2,37,7,114,114)
w(53,30,7,115,115)
w(98,31,7,116,116)
w(6,26,7,117,117)
w(40,36,7,118,118)
w(40,37,7,119,119)
w(95,36,7,120,120)
w(16,32,7,121,121)
w(40,38,7,122,122)
w(69,33,7,123,123)
r(40,38,7,124,124)
w(13,31,7,125,125)
w(21,31,7,126,126)
w(20,34,7,127,127)
w(12,30,7,128,128)
w(24,36,7,129,129)
w(49,29,7,130,130)
w(89,31,7,131,131)
w(88,33,7,132,132)
r(60,31,7,133,133)
w(62,35,7,134,134)
w(44,42,7,135,135)
w(59,28,7,136,136)
w(36,41,7,137,137)
w(27,35,7,138,138)
w(90,37,7,139,139)
w(63,28,7,140,140)
w(72,36,7,141,141)
w(28,39,7,142,142)
w(6,27,7,143,143)
r(47,26,7,144,144)
w(82,35,7,145,145)
w(18,39,7,146,146)
w(53,31,7,147,147)
w(35,30,7,148,148)
w(41,25,7,149,149)
w(82,36,7,150,150)
w(59,29,7,151,151)
w(97,22,7,152,152)
w(10,42,7,153,153)
w(52,30,7,154,154)
r(27,35,7,155,155)
w(62,36,7,156,156)
w(73,35,7,157,157)
w(9,28,7,158,158)
w(29,32,7,159,159)
w(55,34,7,160,160)
w(36,42,7,161,161)
w(32,28,7,162,162)
w(35,31,7,163,163)
w(87,26,7,164,164)
r(6,27,7,165,165)
w(18,40,7,166,166)
w(86,43,7,167,167)
w(88,34,7,168,168)
w(75,35,7,169,169)
w(33,37,7,170,170)
w(18,41,7,171,171)
w(23,33,7,172,172)
w(51,28,7,173,173)
w(71,37,7,174,174)
w(50,27,7,175,175)
w(9,29,7,176,176)
w(60,32,7,177,177)
w(80,44,7,178,178)
w(74,31,7,179,179)
w(38,42,7,180,180)
w(22,41,7,181,181)
w(43,29,7,182,182)
w(85,33,7,183,183)
w(8,36,7,184,184)
w(17,29,7,185,185)
r(84,35,7,186,186)
w(87,27,7,187,187)
w(40,39,7,188,188)
w(55,35,7,189,189)
w(38,43,7,190,190)
w(9,30,7,191,191)
w(40,40,7,192,192)
w(68,31,7,193,193)
w(79,39,7,194,194)
w(12,31,7,195,195)
w(74,32,7,196,196)
w(29,33,7,197,197)
r(30,21,7,198,198)
w(84,36,7,199,199)
w(9,31,7,200,200)
w(91,33,7,201,201)
w(84,37,7,202,202)
w(98,32,7,203,203)
w(83,27,7,204,204)
w(61,35,7,205,205)
r(89,31,7,206,206)
w(3,37,7,207,207)
w(13,32,7,208,208)
w(74,33,7,209,209)
r(12,31,7,210,210)
w(17,30,7,211,211)
w(45,34,7,212,212)
w(37,39,7,213,213)
w(89,32,7,214,214)
r(70,31,7,215,215)
w(17,31,7,216,216)
w(55,36,7,217,217)
w(58,26,7,218,218)
r(56,22,7,219,219)
w(55,37,7,220,220)
w(41,26,7,221,221)
r(24,36,7,222,222)
w(92,43,7,223,223)
w(92,44,7,224,224)
w(74,34,7,225,225)
w(31,35,7,226,226)
w(58,27,7,227,227)
w(13,33,7,228,228)
w(97,23,7,229,229)
w(37,40,7,230,230)
w(91,34,7,231,231)
r(4,31,7,232,232)
w(14,40,7,233,233)
r(35,31,7,234,234)
w(14,41,7,235,235)
w(44,43,7,236,236)
w(37,41,7,237,237)
r(42,33,7,238,238)
w(15,30,7,239,239)
w(93,39,7,240,240)
w(17,32,7,241,241)
w(6,28,7,242,242)
w(60,33,7,243,243)
w(59,30,7,244,244)
w(15,31,7,245,245)
w(49,30,7,246,246)
w(11,37,7,247,247)
w(43,30,7,248,248)
w(95,37,7,249,249)
w(52,31,7,250,250)
w(1,35,7,251,251)
w(93,40,7,252,252)
w(97,24,7,253,253)
r(39,37,7,254,254)
w(99,33,7,255,255)
r(95,37,7,256,256)
w(92,45,7,257,257)
w(82,37,7,258,258)
w(63,29,7,259,259)
w(89,33,7,260,260)
w(61,36,7,261,261)
w(32,29,7,262,262)
w(33,38,7,263,263)
w(2,38,7,264,264)
w(59,31,7,265,265)
w(40,41,7,266,266)
w(41,27,7,267,267)
w(42,34,7,268,268)
w(13,34,7,269,269)
w(4,32,7,270,270)
w(84,38,7,271,271)
w(42,35,7,272,272)
r(49,30,7,273,273)
w(45,35,7,274,274)
w(4,33,7,275,275)
r(62,36,7,276,276)
w(91,35,7,277,277)
w(16,33,7,278,278)
w(18,42,7,279,279)
w(73,36,7,280,280)
w(3,38,7,281,281)
w(61,37,7,282,282)
w(49,31,7,283,283)
w(5,27,7,284,284)
w(8,37,7,285,285)
w(41,28,7,286,286)
w(3,39,7,287,287)
w(10,43,7,288,288)
r(56,22,7,289,289)
w(70,32,7,290,290)
w(49,32,7,291,291)
w(19,35,7,292,292)
w(44,44,7,293,293)
w(80,45,7,294,294)
w(13,35,7,295,295)
w(44,45,7,296,296)
w(18,43,7,297,297)
w(4,34,7,298,298)
w(62,37,7,299,299)
w(54,40,7,300,300)
w(51,29,7,301,301)
w(68,32,7,302,302)
w(75,36,7,303,303)
w(42,36,7,304,304)
w(67,35,7,305,305)
w(70,33,7,306,306)
r(84,38,7,307,307)
w(2,39,7,308,308)
w(7,30,7,309,309)
w(59,32,7,310,310)
w(82,38,7,311,311)
r(63,29,7,312,312)
w(66,37,7,313,313)
w(96,28,7,314,314)
w(19,36,7,315,315)
w(63,30,7,316,316)
w(77,35,7,317,317)
w(39,38,7,318,318)
r(31,35,7,319,319)
w(36,43,7,320,320)
w(91,36,7,321,321)
w(88,35,7,322,322)
w(41,29,7,323,323)
w(33,39,7,324,324)
w(94,34,7,325,325)
w(37,42,7,326,326)
w(68,33,7,327,327)
w(23,34,7,328,328)
w(48,42,7,329,329)
w(54,41,7,330,330)
w(70,34,7,331,331)
w(39,39,7,332,332)
w(58,28,7,333,333)
w(9,32,7,334,334)
w(74,35,7,335,335)
w(15,32,7,336,336)
w(76,31,7,337,337)
w(83,28,7,338,338)
w(28,40,7,339,339)
w(18,44,7,340,340)
w(32,30,7,341,341)
w(12,32,7,342,342)
r(1,35,7,343,343)
w(61,38,7,344,344)
w(98,33,7,345,345)
r(59,32,7,346,346)
w(84,39,7,347,347)
w(71,38,7,348,348)
w(92,46,7,349,349)
w(78,36,7,350,350)
w(20,35,7,351,351)
w(87,28,7,352,352)
w(60,34,7,353,353)
w(59,33,7,354,354)
w(28,41,7,355,355)
w(1,36,7,356,356)
w(56,23,7,357,357)
w(55,38,7,358,358)
w(78,37,7,359,359)
r(65,41,7,360,360)
w(16,34,7,361,361)
w(89,34,7,362,362)
w(0,32,7,363,363)
r(26,27,7,364,364)
w(17,33,7,365,365)
w(50,28,7,366,366)
w(38,44,7,367,367)
w(26,28,7,368,368)
w(1,37,7,369,369)
w(73,37,7,370,370)
w(54,42,7,371,371)
w(72,37,7,372,372)
w(72,38,7,373,373)
w(19,37,7,374,374)
w(21,32,7,375,375)
w(25,38,7,376,376)
w(48,43,7,377,377)
w(11,38,7,378,378)
w(28,42,7,379,379)
r(72,38,7,380,380)
r(15,32,7,381,381)
w(66,38,7,382,382)
w(61,39,7,383,383)
w(24,37,7,384,384)
w(73,38,7,385,385)
w(52,32,7,386,386)
w(53,32,7,387,387)
w(39,40,7,388,388)
w(64,42,7,389,389)
w(33,40,7,390,390)
w(83,29,7,391,391)
w(5,28,7,392,392)
w(36,44,7,393,393)
w(12,33,7,394,394)
w(30,22,7,395,395)
w(90,38,7,396,396)
w(32,31,7,397,397)
w(65,42,7,398,398)
w(76,32,7,399,399)
w(73,39,7,400,400)
w(54,43,7,401,401)
w(94,35,7,402,402)
w(12,34,7,403,403)
w(98,34,7,404,404)
w(8,38,7,405,405)
w(79,40,7,406,406)
w(5,29,7,407,407)
w(64,43,7,408,408)
w(68,34,7,409,409)
w(93,41,7,410,410)
w(14,42,7,411,411)
w(96,29,7,412,412)
w(95,38,7,413,413)
w(38,45,7,414,414)
w(14,43,7,415,415)
w(77,36,7,416,416)
w(76,33,7,417,417)
w(12,35,7,418,418)
w(34,34,7,419,419)
w(26,29,7,420,420)
w(19,38,7,421,421)
w(11,39,7,422,422)
w(49,33,7,423,423)
w(90,39,7,424,424)
w(73,40,7,425,425)
w(93,42,7,426,426)
w(73,41,7,427,427)
w(45,36,7,428,428)
w(90,40,7,429,429)
r(82,38,7,430,430)
w(69,34,7,431,431)
w(66,39,7,432,432)
w(55,39,7,433,433)
w(48,44,7,434,434)
w(88,36,7,435,435)
r(62,37,7,436,436)
w(26,30,7,437,437)
w(92,47,7,438,438)
w(89,35,7,439,439)
w(49,34,7,440,440)
w(51,30,7,441,441)
w(90,41,7,442,442)
w(63,31,7,443,443)
w(62,38,7,444,444)
w(32,32,7,445,445)
w(52,33,7,446,446)
w(45,37,7,447,447)
w(65,43,7,448,448)
w(16,35,7,449,449)
w(49,35,7,450,450)
w(64,44,7,451,451)
r(53,32,7,452,452)
w(61,40,7,453,453)
w(10,44,7,454,454)
w(81,31,7,455,455)
w(21,33,7,456,456)
w(7,31,7,457,457)
w(84,40,7,458,458)
w(93,43,7,459,459)
r(42,36,7,460,460)
w(19,39,7,461,461)
w(23,35,7,462,462)
w(88,37,7,463,463)
r(31,35,7,464,464)
w(8,39,7,465,465)
w(80,46,7,466,466)
w(10,45,7,467,467)
r(33,40,7,468,468)
w(27,36,7,469,469)
w(5,30,7,470,470)
w(38,46,7,471,471)
w(38,47,7,472,472)
w(75,37,7,473,473)
w(90,42,7,474,474)
w(59,34,7,475,475)
w(1,38,7,476,476)
w(69,35,7,477,477)
w(1,39,7,478,478)
w(98,35,7,479,479)
w(95,39,7,480,480)
w(85,34,7,481,481)
w(74,36,7,482,482)
w(29,34,7,483,483)
r(54,43,7,484,484)
w(13,36,7,485,485)
w(22,42,7,486,486)
w(5,31,7,487,487)
w(16,36,7,488,488)
w(79,41,7,489,489)
r(51,30,7,490,490)
w(74,37,7,491,491)
w(24,38,7,492,492)
w(25,39,7,493,493)
r(96,29,7,494,494)
w(71,39,7,495,495)
w(72,39,7,496,496)
w(13,37,7,497,497)
w(50,29,7,498,498)
w(53,33,7,499,499)
w(98,36,8,0,0)
w(95,40,8,1,1)
w(27,37,8,2,2)
w(29,35,8,3,3)
r(24,38,8,4,4)
w(83,30,8,5,5)
w(69,36,8,6,6)
w(71,40,8,7,7)
w(98,37,8,8,8)
w(75,38,8,9,9)
w(65,44,8,10,10)
w(73,42,8,11,11)
w(85,35,8,12,12)
w(73,43,8,13,13)
w(43,31,8,14,14)
w(51,31,8,15,15)
w(8,40,8,16,16)
w(59,35,8,17,17)
w(91,37,8,18,18)
w(84,41,8,19,19)
w(39,41,8,20,20)
w(67,36,8,21,21)
w(56,24,8,22,22)
w(96,30,8,23,23)
w(56,25,8,24,24)
w(17,34,8,25,25)
w(1,40,8,26,26)
r(23,35,8,27,27)
w(56,26,8,28,28)
w(95,41,8,29,29)
r(31,35,8,30,30)
w(16,37,8,31,31)
w(89,36,8,32,32)
w(59,36,8,33,33)
w(42,37,8,34,34)
w(26,31,8,35,35)
w(41,30,8,36,36)
w(92,48,8,37,37)
w(30,23,8,38,38)
r(29,35,8,39,39)
w(42,38,8,40,40)
r(78,37,8,41,41)
w(77,37,8,42,42)
w(52,34,8,43,43)
w(54,44,8,44,44)
w(57,36,8,45,45)
w(5,32,8,46,46)
w(80,47,8,47,47)
w(27,38,8,48,48)
w(69,37,8,49,49)
w(51,32,8,50,50)
w(31,36,8,51,51)
w(71,41,8,52,52)
w(28,43,8,53,53)
r(0,32,8,54,54)
w(68,35,8,55,55)
w(83,31,8,56,56)
w(9,33,8,57,57)
w(69,38,8,58,58)
w(96,31,8,59,59)
w(73,44,8,60,60)
w(46,30,8,61,61)
w(89,37,8,62,62)
w(85,36,8,63,63)
w(91,38,8,64,64)
w(55,40,8,65,65)
r(50,29,8,66,66)
w(37,43,8,67,67)
w(74,38,8,68,68)
r(79,41,8,69,69)
w(23,36,8,70,70)
w(21,34,8,71,71)
w(3,40,8,72,72)
w(85,37,8,73,73)
w(58,29,8,74,74)
r(51,32,8,75,75)
w(84,42,8,76,76)
w(25,40,8,77,77)
w(60,35,8,78,78)
w(60,36,8,79,79)
w(86,44,8,80,80)
w(11,40,8,81,81)
w(72,40,8,82,82)
r(5,32,8,83,83)
w(21,35,8,84,84)
w(1,41,8,85,85)
w(22,43,8,86,86)
w(1,42,8,87,87)
w(32,33,8,88,88)
w(19,40,8,89,89)
w(33,41,8,90,90)
w(14,44,8,91,91)
w(69,39,8,92,92)
w(12,36,8,93,93)
w(62,39,8,94,94)
w(45,38,8,95,95)
w(28,44,8,96,96)
w(52,35,8,97,97)
w(42,39,8,98,98)
w(13,38,8,99,99)
w(69,40,8,100,100)
w(50,30,8,101,101)
w(13,39,8,102,102)
w(97,25,8,103,103)
w(16,38,8,104,104)
w(81,32,8,105,105)
r(73,44,8,106,106)
w(1,43,8,107,107)
w(12,37,8,108,108)
w(35,32,8,109,109)
w(79,42,8,110,110)
w(86,45,8,111,111)
w(80,48,8,112,112)
w(56,27,8,113,113)
w(38,48,8,114,114)
w(67,37,8,115,115)
w(19,41,8,116,116)
w(98,38,8,117,117)
w(84,43,8,118,118)
w(27,39,8,119,119)
w(68,36,8,120,120)
w(65,45,8,121,121)
r(39,41,8,122,122)
w(2,40,8,123,123)
w(18,45,8,124,124)
w(65,46,8,125,125)
w(40,42,8,126,126)
w(24,39,8,127,127)
r(11,40,8,128,128)
w(47,27,8,129,129)
w(66,40,8,130,130)
r(69,40,8,131,131)
w(58,30,8,132,132)
w(72,41,8,133,133)
w(58,31,8,134,134)
w(40,43,8,135,135)
w(85,38,8,136,136)
w(13,40,8,137,137)
w(49,36,8,138,138)
w(24,40,8,139,139)
w(94,36,8,140,140)
w(10,46,8,141,141)
w(46,31,8,142,142)
r(90,42,8,143,143)
w(90,43,8,144,144)
w(66,41,8,145,145)
w(48,45,8,146,146)
w(57,37,8,147,147)
w(84,44,8,148,148)
w(93,44,8,149,149)
w(46,32,8,150,150)
w(96,32,8,151,151)
w(74,39,8,152,152)
w(73,45,8,153,153)
w(2,41,8,154,154)
w(37,44,8,155,155)
r(62,39,8,156,156)
w(92,49,8,157,157)
w(65,47,8,158,158)
r(66,41,8,159,159)
w(25,41,8,160,160)
w(46,33,8,161,161)
w(33,42,8,162,162)
w(52,36,8,163,163)
w(18,46,8,164,164)
w(49,37,8,165,165)
w(12,38,8,166,166)
w(1,44,8,167,167)
r(37,44,8,168,168)
w(13,41,8,169,169)
w(59,37,8,170,170)
w(41,31,8,171,171)
w(22,44,8,172,172)
w(2,42,8,173,173)
w(86,46,8,174,174)
w(86,47,8,175,175)
w(77,38,8,176,176)
w(11,41,8,177,177)
w(94,37,8,178,178)
w(43,32,8,179,179)
w(61,41,8,180,180)
r(94,37,8,181,181)
w(31,37,8,182,182)
w(21,36,8,183,183)
w(79,43,8,184,184)
w(59,38,8,185,185)
w(94,38,8,186,186)
w(4,35,8,187,187)
w(21,37,8,188,188)
w(79,44,8,189,189)
w(85,39,8,190,190)
w(4,36,8,191,191)
w(94,39,8,192,192)
w(97,26,8,193,193)
r(85,39,8,194,194)
w(50,31,8,195,195)
w(67,38,8,196,196)
r(53,33,8,197,197)
w(66,42,8,198,198)
w(92,50,8,199,199)
w(35,33,8,200,200)
w(48,46,8,201,201)
w(6,29,8,202,202)
w(89,38,8,203,203)
w(49,38,8,204,204)
w(3,41,8,205,205)
w(13,42,8,206,206)
w(8,41,8,207,207)
w(33,43,8,208,208)
w(10,47,8,209,209)
w(4,37,8,210,210)
w(15,33,8,211,211)
w(21,38,8,212,212)
w(8,42,8,213,213)
w(54,45,8,214,214)
w(52,37,8,215,215)
w(75,39,8,216,216)
r(73,45,8,217,217)
w(95,42,8,218,218)
w(90,44,8,219,219)
w(52,38,8,220,220)
r(71,41,8,221,221)
w(57,38,8,222,222)
w(7,32,8,223,223)
w(51,33,8,224,224)
r(64,44,8,225,225)
w(40,44,8,226,226)
w(30,24,8,227,227)
w(96,33,8,228,228)
w(16,39,8,229,229)
w(89,39,8,230,230)
w(38,49,8,231,231)
w(87,29,8,232,232)
w(50,32,8,233,233)
w(90,45,8,234,234)
r(72,41,8,235,235)
w(56,28,8,236,236)
r(56,28,8,237,237)
w(20,36,8,238,238)
w(90,46,8,239,239)
w(39,42,8,240,240)
w(77,39,8,241,241)
w(85,40,8,242,242)
w(1,45,8,243,243)
w(2,43,8,244,244)
w(85,41,8,245,245)
r(37,44,8,246,246)
w(99,34,8,247,247)
w(42,40,8,248,248)
w(2,44,8,249,249)
w(70,35,8,250,250)
w(67,39,8,251,251)
w(32,34,8,252,252)
r(84,44,8,253,253)
w(46,34,8,254,254)
w(65,48,8,255,255)
w(49,39,8,256,256)
w(94,40,8,257,257)
w(12,39,8,258,258)
w(76,34,8,259,259)
w(2,45,8,260,260)
w(87,30,8,261,261)
w(54,46,8,262,262)
w(48,47,8,263,263)
w(71,42,8,264,264)
w(20,37,8,265,265)
w(90,47,8,266,266)
w(57,39,8,267,267)
w(71,43,8,268,268)
w(20,38,8,269,269)
w(20,39,8,270,270)
w(78,38,8,271,271)
w(64,45,8,272,272)
w(99,35,8,273,273)
w(42,41,8,274,274)
w(80,49,8,275,275)
w(76,35,8,276,276)
w(32,35,8,277,277)
w(23,37,8,278,278)
w(67,40,8,279,279)
w(34,35,8,280,280)
w(56,29,8,281,281)
r(61,41,8,282,282)
r(41,31,8,283,283)
w(66,43,8,284,284)
w(18,47,8,285,285)
w(86,48,8,286,286)
r(53,33,8,287,287)
w(96,34,8,288,288)
w(9,34,8,289,289)
w(17,35,8,290,290)
w(42,42,8,291,291)
w(26,32,8,292,292)
w(32,36,8,293,293)
w(95,43,8,294,294)
w(46,35,8,295,295)
w(34,36,8,296,296)
w(61,42,8,297,297)
w(8,43,8,298,298)
w(25,42,8,299,299)
w(56,30,8,300,300)
w(54,47,8,301,301)
w(50,33,8,302,302)
w(91,39,8,303,303)
w(45,39,8,304,304)
w(84,45,8,305,305)
w(47,28,8,306,306)
w(3,42,8,307,307)
w(26,33,8,308,308)
w(22,45,8,309,309)
w(67,41,8,310,310)
r(87,30,8,311,311)
r(32,36,8,312,312)
r(15,33,8,313,313)
w(55,41,8,314,314)
w(24,41,8,315,315)
w(50,34,8,316,316)
w(93,45,8,317,317)
w(70,36,8,318,318)
r(59,38,8,319,319)
r(3,42,8,320,320)
w(7,33,8,321,321)
w(68,37,8,322,322)
w(66,44,8,323,323)
w(12,40,8,324,324)
w(68,38,8,325,325)
w(21,39,8,326,326)
w(74,40,8,327,327)
w(27,40,8,328,328)
w(63,32,8,329,329)
w(44,46,8,330,330)
w(24,42,8,331,331)
w(5,33,8,332,332)
w(12,41,8,333,333)
w(92,51,8,334,334)
w(53,34,8,335,335)
w(98,39,8,336,336)
r(31,37,8,337,337)
w(39,43,8,338,338)
w(31,38,8,339,339)
w(48,48,8,340,340)
w(36,45,8,341,341)
w(83,32,8,342,342)
w(92,52,8,343,343)
w(72,42,8,344,344)
w(75,40,8,345,345)
w(56,31,8,346,346)
w(4,38,8,347,347)
w(50,35,8,348,348)
w(39,44,8,349,349)
w(46,36,8,350,350)
r(29,35,8,351,351)
w(15,34,8,352,352)
w(79,45,8,353,353)
w(76,36,8,354,354)
w(66,45,8,355,355)
w(95,44,8,356,356)
w(69,41,8,357,357)
r(93,45,8,358,358)
w(15,35,8,359,359)
w(44,47,8,360,360)
w(13,43,8,361,361)
w(40,45,8,362,362)
w(35,34,8,363,363)
w(75,41,8,364,364)
w(69,42,8,365,365)
w(32,37,8,366,366)
w(54,48,8,367,367)
w(60,37,8,368,368)
w(53,35,8,369,369)
w(14,45,8,370,370)
w(93,46,8,371,371)
w(35,35,8,372,372)
w(27,41,8,373,373)
w(30,25,8,374,374)
w(48,49,8,375,375)
w(43,33,8,376,376)
w(81,33,8,377,377)
w(95,45,8,378,378)
r(70,36,8,379,379)
r(48,49,8,380,380)
w(44,48,8,381,381)
w(41,32,8,382,382)
w(33,44,8,383,383)
w(70,37,8,384,384)
w(42,43,8,385,385)
r(99,35,8,386,386)
w(35,36,8,387,387)
w(80,50,8,388,388)
w(6,30,8,389,389)
r(22,45,8,390,390)
w(77,40,8,391,391)
w(37,45,8,392,392)
w(79,46,8,393,393)
w(48,50,8,394,394)
w(9,35,8,395,395)
w(21,40,8,396,396)
w(68,39,8,397,397)
w(30,26,8,398,398)
w(79,47,8,399,399)
w(42,44,8,400,400)
w(51,34,8,401,401)
w(27,42,8,402,402)
r(22,45,8,403,403)
w(7,34,8,404,404)
w(19,42,8,405,405)
w(5,34,8,406,406)
w(30,27,8,407,407)
r(85,41,8,408,408)
w(15,36,8,409,409)
w(65,49,8,410,410)
w(83,33,8,411,411)
w(95,46,8,412,412)
w(11,42,8,413,413)
w(68,40,8,414,414)
w(51,35,8,415,415)
w(83,34,8,416,416)
w(58,32,8,417,417)
w(17,36,8,418,418)
w(16,40,8,419,419)
w(52,39,8,420,420)
w(90,48,8,421,421)
w(32,38,8,422,422)
w(58,33,8,423,423)
w(59,39,8,424,424)
w(39,45,8,425,425)
w(22,46,8,426,426)
w(4,39,8,427,427)
r(53,35,8,428,428)
w(52,40,8,429,429)
w(44,49,8,430,430)
w(14,46,8,431,431)
w(55,42,8,432,432)
w(99,36,8,433,433)
w(78,39,8,434,434)
w(4,40,8,435,435)
w(59,40,8,436,436)
r(19,42,8,437,437)
w(37,46,8,438,438)
w(0,33,8,439,439)
w(96,35,8,440,440)
w(53,36,8,441,441)
w(7,35,8,442,442)
r(62,39,8,443,443)
w(7,36,8,444,444)
w(22,47,8,445,445)
w(12,42,8,446,446)
w(28,45,8,447,447)
w(18,48,8,448,448)
w(98,40,8,449,449)
w(11,43,8,450,450)
w(22,48,8,451,451)
w(86,49,8,452,452)
w(79,48,8,453,453)
w(70,38,8,454,454)
w(5,35,8,455,455)
w(50,36,8,456,456)
r(24,42,8,457,457)
w(97,27,8,458,458)
w(67,42,8,459,459)
r(21,40,8,460,460)
w(70,39,8,461,461)
w(30,28,8,462,462)
w(78,40,8,463,463)
w(74,41,8,464,464)
w(17,37,8,465,465)
w(33,45,8,466,466)
w(42,45,8,467,467)
w(35,37,8,468,468)
w(71,44,8,469,469)
w(89,40,8,470,470)
w(55,43,8,471,471)
w(75,42,8,472,472)
w(10,48,8,473,473)
r(47,28,8,474,474)
w(88,38,8,475,475)
w(76,37,8,476,476)
w(71,45,8,477,477)
w(18,49,8,478,478)
w(50,37,8,479,479)
w(52,41,8,480,480)
w(23,38,8,481,481)
w(86,50,8,482,482)
r(21,40,8,483,483)
w(7,37,8,484,484)
w(47,29,8,485,485)
w(80,51,8,486,486)
w(45,40,8,487,487)
w(3,43,8,488,488)
w(91,40,8,489,489)
w(99,37,8,490,490)
w(8,44,8,491,491)
w(44,50,8,492,492)
w(95,47,8,493,493)
w(95,48,8,494,494)
w(50,38,8,495,495)
r(78,40,8,496,496)
w(28,46,8,497,497)
w(35,38,8,498,498)
w(84,46,8,499,499)
w(96,36,9,0,0)
w(95,49,9,1,1)
w(41,33,9,2,2)
r(73,45,9,3,3)
w(68,41,9,4,4)
w(98,41,9,5,5)
w(99,38,9,6,6)
w(99,39,9,7,7)
w(26,34,9,8,8)
w(12,43,9,9,9)
w(27,43,9,10,10)
w(13,44,9,11,11)
r(66,45,9,12,12)
w(94,41,9,13,13)
w(87,31,9,14,14)
w(44,51,9,15,15)
w(14,47,9,16,16)
w(32,39,9,17,17)
w(79,49,9,18,18)
w(73,46,9,19,19)
w(4,41,9,20,20)
w(0,34,9,21,21)
w(45,41,9,22,22)
w(20,40,9,23,23)
w(5,36,9,24,24)
w(44,52,9,25,25)
w(44,53,9,26,26)
w(33,46,9,27,27)
w(98,42,9,28,28)
w(36,46,9,29,29)
w(1,46,9,30,30)
w(81,34,9,31,31)
w(52,42,9,32,32)
w(28,47,9,33,33)
w(8,45,9,34,34)
w(18,50,9,35,35)
w(98,43,9,36,36)
r(90,48,9,37,37)
w(54,49,9,38,38)
w(74,42,9,39,39)
w(18,51,9,40,40)
w(72,43,9,41,41)
w(78,41,9,42,42)
w(85,42,9,43,43)
w(91,41,9,44,44)
w(67,43,9,45,45)
w(54,50,9,46,46)
r(97,27,9,47,47)
w(53,37,9,48,48)
w(78,42,9,49,49)
w(34,37,9,50,50)
w(86,51,9,51,51)
w(72,44,9,52,52)
w(61,43,9,53,53)
w(7,38,9,54,54)
w(9,36,9,55,55)
w(13,45,9,56,56)
w(96,37,9,57,57)
w(25,43,9,58,58)
w(25,44,9,59,59)
w(19,43,9,60,60)
w(55,44,9,61,61)
w(28,48,9,62,62)
r(59,40,9,63,63)
w(57,40,9,64,64)
w(2,46,9,65,65)
w(76,38,9,66,66)
w(47,30,9,67,67)
w(38,50,9,68,68)
w(20,41,9,69,69)
r(99,39,9,70,70)
w(84,47,9,71,71)
w(21,41,9,72,72)
w(3,44,9,73,73)
w(15,37,9,74,74)
w(51,36,9,75,75)
w(36,47,9,76,76)
r(61,43,9,77,77)
w(52,43,9,78,78)
w(23,39,9,79,79)
r(15,37,9,80,80)
w(49,40,9,81,81)
w(91,42,9,82,82)
w(29,36,9,83,83)
w(1,47,9,84,84)
w(93,47,9,85,85)
w(39,46,9,86,86)
w(14,48,9,87,87)
r(84,47,9,88,88)
w(58,34,9,89,89)
r(17,37,9,90,90)
w(98,44,9,91,91)
w(87,32,9,92,92)
w(6,31,9,93,93)
w(49,41,9,94,94)
w(74,43,9,95,95)
w(38,51,9,96,96)
w(25,45,9,97,97)
w(20,42,9,98,98)
w(11,44,9,99,99)
w(87,33,9,100,100)
w(91,43,9,101,101)
w(43,34,9,102,102)
r(11,44,9,103,103)
w(31,39,9,104,104)
w(65,50,9,105,105)
w(94,42,9,106,106)
w(64,46,9,107,107)
w(77,41,9,108,108)
w(99,40,9,109,109)
r(54,50,9,110,110)
w(14,49,9,111,111)
w(92,53,9,112,112)
w(32,40,9,113,113)
w(73,47,9,114,114)
w(63,33,9,115,115)
w(76,39,9,116,116)
w(64,47,9,117,117)
w(10,49,9,118,118)
w(65,51,9,119,119)
w(23,40,9,120,120)
w(30,29,9,121,121)
w(47,31,9,122,122)
w(41,34,9,123,123)
w(60,38,9,124,124)
w(14,50,9,125,125)
w(56,32,9,126,126)
w(98,45,9,127,127)
w(10,50,9,128,128)
w(21,42,9,129,129)
w(60,39,9,130,130)
w(76,40,9,131,131)
w(1,48,9,132,132)
w(71,46,9,133,133)
w(65,52,9,134,134)
w(73,48,9,135,135)
w(68,42,9,136,136)
w(14,51,9,137,137)
w(16,41,9,138,138)
w(60,40,9,139,139)
w(19,44,9,140,140)
r(3,44,9,141,141)
w(43,35,9,142,142)
w(15,38,9,143,143)
w(22,49,9,144,144)
w(9,37,9,145,145)
w(32,41,9,146,146)
w(52,44,9,147,147)
w(53,38,9,148,148)
w(58,35,9,149,149)
w(7,39,9,150,150)
w(48,51,9,151,151)
w(58,36,9,152,152)
w(7,40,9,153,153)
w(97,28,9,154,154)
w(36,48,9,155,155)
w(22,50,9,156,156)
w(41,35,9,157,157)
w(36,49,9,158,158)
w(63,34,9,159,159)
w(77,42,9,160,160)
w(24,43,9,161,161)
w(85,43,9,162,162)
w(98,46,9,163,163)
w(69,43,9,164,164)
r(10,50,9,165,165)
w(53,39,9,166,166)
w(56,33,9,167,167)
w(71,47,9,168,168)
w(80,52,9,169,169)
w(94,43,9,170,170)
w(94,44,9,171,171)
w(15,39,9,172,172)
w(20,43,9,173,173)
w(11,45,9,174,174)
w(99,41,9,175,175)
w(38,52,9,176,176)
w(95,50,9,177,177)
w(85,44,9,178,178)
w(14,52,9,179,179)
r(15,39,9,180,180)
w(43,36,9,181,181)
w(15,40,9,182,182)
w(21,43,9,183,183)
w(65,53,9,184,184)
w(86,52,9,185,185)
w(83,35,9,186,186)
w(87,34,9,187,187)
w(0,35,9,188,188)
r(14,52,9,189,189)
w(19,45,9,190,190)
w(42,46,9,191,191)
w(3,45,9,192,192)
w(26,35,9,193,193)
w(80,53,9,194,194)
w(44,54,9,195,195)
w(85,45,9,196,196)
w(99,42,9,197,197)
w(73,49,9,198,198)
r(59,40,9,199,199)
w(13,46,9,200,200)
w(26,36,9,201,201)
r(65,53,9,202,202)
w(22,51,9,203,203)
w(97,29,9,204,204)
w(43,37,9,205,205)
r(2,46,9,206,206)
r(33,46,9,207,207)
w(25,46,9,208,208)
w(67,44,9,209,209)
w(10,51,9,210,210)
w(54,51,9,211,211)
w(51,37,9,212,212)
w(6,32,9,213,213)
w(3,46,9,214,214)
w(5,37,9,215,215)
w(11,46,9,216,216)
w(97,30,9,217,217)
w(72,45,9,218,218)
w(97,31,9,219,219)
w(22,52,9,220,220)
w(17,38,9,221,221)
w(8,46,9,222,222)
w(18,52,9,223,223)
w(90,49,9,224,224)
w(74,44,9,225,225)
w(54,52,9,226,226)
w(70,40,9,227,227)
w(24,44,9,228,228)
w(5,38,9,229,229)
w(1,49,9,230,230)
w(31,40,9,231,231)
w(20,44,9,232,232)
w(21,44,9,233,233)
r(83,35,9,234,234)
w(75,43,9,235,235)
w(17,39,9,236,236)
w(36,50,9,237,237)
w(71,48,9,238,238)
w(31,41,9,239,239)
w(12,44,9,240,240)
w(42,47,9,241,241)
w(1,50,9,242,242)
w(94,45,9,243,243)
w(57,41,9,244,244)
w(46,37,9,245,245)
w(49,42,9,246,246)
w(30,30,9,247,247)
w(4,42,9,248,248)
w(93,48,9,249,249)
w(92,54,9,250,250)
r(45,41,9,251,251)
w(68,43,9,252,252)
w(42,48,9,253,253)
w(32,42,9,254,254)
w(21,45,9,255,255)
w(32,43,9,256,256)
w(1,51,9,257,257)
w(33,47,9,258,258)
w(80,54,9,259,259)
w(21,46,9,260,260)
r(80,54,9,261,261)
w(43,38,9,262,262)
w(16,42,9,263,263)
w(30,31,9,264,264)
w(4,43,9,265,265)
w(9,38,9,266,266)
w(95,51,9,267,267)
w(90,50,9,268,268)
w(84,48,9,269,269)
w(44,55,9,270,270)
w(28,49,9,271,271)
w(25,47,9,272,272)
w(73,50,9,273,273)
w(41,36,9,274,274)
w(57,42,9,275,275)
w(2,47,9,276,276)
w(39,47,9,277,277)
w(36,51,9,278,278)
w(63,35,9,279,279)
r(12,44,9,280,280)
w(88,39,9,281,281)
r(61,43,9,282,282)
w(74,45,9,283,283)
w(6,33,9,284,284)
w(0,36,9,285,285)
w(29,37,9,286,286)
w(73,51,9,287,287)
w(32,44,9,288,288)
r(82,38,9,289,289)
w(82,39,9,290,290)
w(47,32,9,291,291)
w(89,41,9,292,292)
w(45,42,9,293,293)
w(88,40,9,294,294)
w(68,44,9,295,295)
w(21,47,9,296,296)
w(24,45,9,297,297)
w(70,41,9,298,298)
w(34,38,9,299,299)
r(29,37,9,300,300)
w(87,35,9,301,301)
w(82,40,9,302,302)
r(47,32,9,303,303)
w(83,36,9,304,304)
w(18,53,9,305,305)
w(41,37,9,306,306)
w(22,53,9,307,307)
w(67,45,9,308,308)
w(61,44,9,309,309)
w(19,46,9,310,310)
w(38,53,9,311,311)
w(82,41,9,312,312)
w(93,49,9,313,313)
w(17,40,9,314,314)
w(68,45,9,315,315)
w(0,37,9,316,316)
w(26,37,9,317,317)
w(87,36,9,318,318)
w(48,52,9,319,319)
w(79,50,9,320,320)
w(42,49,9,321,321)
w(65,54,9,322,322)
w(28,50,9,323,323)
w(26,38,9,324,324)
r(34,38,9,325,325)
r(61,44,9,326,326)
w(72,46,9,327,327)
w(56,34,9,328,328)
w(74,46,9,329,329)
w(77,43,9,330,330)
w(74,47,9,331,331)
w(54,53,9,332,332)
w(86,53,9,333,333)
r(9,38,9,334,334)
w(73,52,9,335,335)
w(53,40,9,336,336)
w(83,37,9,337,337)
w(10,52,9,338,338)
w(46,38,9,339,339)
w(0,38,9,340,340)
w(12,45,9,341,341)
w(52,45,9,342,342)
w(98,47,9,343,343)
w(81,35,9,344,344)
w(56,35,9,345,345)
w(42,50,9,346,346)
w(69,44,9,347,347)
w(65,55,9,348,348)
w(9,39,9,349,349)
w(79,51,9,350,350)
w(60,41,9,351,351)
w(41,38,9,352,352)
w(19,47,9,353,353)
w(35,39,9,354,354)
w(69,45,9,355,355)
w(26,39,9,356,356)
w(54,54,9,357,357)
w(74,48,9,358,358)
r(42,50,9,359,359)
w(61,45,9,360,360)
w(13,47,9,361,361)
w(48,53,9,362,362)
w(13,48,9,363,363)
w(78,43,9,364,364)
w(68,46,9,365,365)
w(98,48,9,366,366)
w(61,46,9,367,367)
w(78,44,9,368,368)
w(67,46,9,369,369)
w(45,43,9,370,370)
w(56,36,9,371,371)
w(22,54,9,372,372)
w(83,38,9,373,373)
w(17,41,9,374,374)
w(78,45,9,375,375)
w(93,50,9,376,376)
w(57,43,9,377,377)
w(3,47,9,378,378)
w(98,49,9,379,379)
w(83,39,9,380,380)
w(90,51,9,381,381)
w(75,44,9,382,382)
w(74,49,9,383,383)
w(71,49,9,384,384)
w(79,52,9,385,385)
r(32,44,9,386,386)
w(67,47,9,387,387)
w(54,55,9,388,388)
w(28,51,9,389,389)
w(8,47,9,390,390)
w(23,41,9,391,391)
w(82,42,9,392,392)
w(35,40,9,393,393)
w(29,38,9,394,394)
w(40,46,9,395,395)
w(23,42,9,396,396)
w(52,46,9,397,397)
w(13,49,9,398,398)
w(26,40,9,399,399)
w(80,55,9,400,400)
w(66,46,9,401,401)
w(89,42,9,402,402)
w(47,33,9,403,403)
w(5,39,9,404,404)
r(32,44,9,405,405)
w(80,56,9,406,406)
r(77,43,9,407,407)
w(90,52,9,408,408)
r(90,52,9,409,409)
r(87,36,9,410,410)
w(59,41,9,411,411)
w(74,50,9,412,412)
r(17,41,9,413,413)
w(52,47,9,414,414)
w(40,47,9,415,415)
w(98,50,9,416,416)
w(90,53,9,417,417)
w(29,39,9,418,418)
w(37,47,9,419,419)
w(65,56,9,420,420)
w(85,46,9,421,421)
w(14,53,9,422,422)
w(13,50,9,423,423)
w(29,40,9,424,424)
w(92,55,9,425,425)
w(59,42,9,426,426)
r(83,39,9,427,427)
w(26,41,9,428,428)
w(89,43,9,429,429)
w(15,41,9,430,430)
w(88,41,9,431,431)
w(16,43,9,432,432)
w(64,48,9,433,433)
w(98,51,9,434,434)
w(83,40,9,435,435)
w(12,46,9,436,436)
w(53,41,9,437,437)
w(64,49,9,438,438)
w(28,52,9,439,439)
w(61,47,9,440,440)
w(10,53,9,441,441)
w(79,53,9,442,442)
w(25,48,9,443,443)
w(87,37,9,444,444)
w(35,41,9,445,445)
w(24,46,9,446,446)
r(37,47,9,447,447)
w(86,54,9,448,448)
w(87,38,9,449,449)
w(74,51,9,450,450)
w(90,54,9,451,451)
w(29,41,9,452,452)
r(40,47,9,453,453)
r(38,53,9,454,454)
w(32,45,9,455,455)
w(80,57,9,456,456)
w(93,51,9,457,457)
w(8,48,9,458,458)
w(71,50,9,459,459)
w(50,39,9,460,460)
w(78,46,9,461,461)
w(54,56,9,462,462)
w(86,55,9,463,463)
w(8,49,9,464,464)
w(4,44,9,465,465)
r(52,47,9,466,466)
r(82,42,9,467,467)
w(28,53,9,468,468)
w(29,42,9,469,469)
w(46,39,9,470,470)
w(53,42,9,471,471)
w(91,44,9,472,472)
w(40,48,9,473,473)
w(97,32,9,474,474)
w(25,49,9,475,475)
r(31,41,9,476,476)
r(70,41,9,477,477)
w(8,50,9,478,478)
r(84,48,9,479,479)
w(61,48,9,480,480)
w(21,48,9,481,481)
w(28,54,9,482,482)
w(31,42,9,483,483)
w(87,39,9,484,484)
w(87,40,9,485,485)
w(49,43,9,486,486)
w(16,44,9,487,487)
w(48,54,9,488,488)
w(64,50,9,489,489)
w(57,44,9,490,490)
w(72,47,9,491,491)
w(66,47,9,492,492)
w(86,56,9,493,493)
w(73,53,9,494,494)
r(96,37,9,495,495)
w(83,41,9,496,496)
w(11,47,9,497,497)
w(90,55,9,498,498)
w(72,48,9,499,499)
