w(98,1,0,0,0)
w(0,1,0,1,1)
r(70,0,0,2,2)
w(23,1,0,3,3)
r(0,1,0,4,4)
r(0,1,0,5,5)
r(89,0,0,6,6)
w(12,1,0,7,7)
w(1,1,0,8,8)
w(14,1,0,9,9)
w(49,1,0,10,10)
r(65,0,0,11,11)
r(73,0,0,12,12)
r(5,0,0,13,13)
r(1,1,0,14,14)
w(12,2,0,15,15)
r(63,0,0,16,16)
r(19,0,0,17,17)
w(1,2,0,18,18)
r(22,0,0,19,19)
w(24,1,0,20,20)
w(19,1,0,21,21)
w(1,3,0,22,22)
r(1,3,0,23,23)
r(68,0,0,24,24)
r(15,0,0,25,25)
r(36,0,0,26,26)
w(0,2,0,27,27)
r(11,0,0,28,28)
r(0,2,0,29,29)
w(5,1,0,30,30)
r(33,0,0,31,31)
r(2,0,0,32,32)
w(1,4,0,33,33)
w(33,1,0,34,34)
r(11,0,0,35,35)
w(5,2,0,36,36)
r(0,2,0,37,37)
r(9,0,0,38,38)
w(0,3,0,39,39)
r(18,0,0,40,40)
w(0,4,0,41,41)
r(0,4,0,42,42)
r(7,0,0,43,43)
w(52,1,0,44,44)
r(69,0,0,45,45)
w(1,5,0,46,46)
w(35,1,0,47,47)
w(39,1,0,48,48)
r(19,1,0,49,49)
w(15,1,0,50,50)
r(3,0,0,51,51)
w(44,1,0,52,52)
r(51,0,0,53,53)
w(35,2,0,54,54)
r(27,0,0,55,55)
r(24,1,0,56,56)
w(2,1,0,57,57)
w(0,5,0,58,58)
r(0,5,0,59,59)
w(6,1,0,60,60)
r(1,5,0,61,61)
r(7,0,0,62,62)
r(19,1,0,63,63)
r(90,0,0,64,64)
r(65,0,0,65,65)
w(70,1,0,66,66)
w(46,1,0,67,67)
w(0,6,0,68,68)
r(0,6,0,69,69)
w(3,1,0,70,70)
r(10,0,0,71,71)
r(17,0,0,72,72)
r(0,6,0,73,73)
r(74,0,0,74,74)
w(19,2,0,75,75)
w(3,2,0,76,76)
r(9,0,0,77,77)
r(21,0,0,78,78)
w(0,7,0,79,79)
w(0,8,0,80,80)
w(63,1,0,81,81)
w(5,3,0,82,82)
r(14,1,0,83,83)
w(0,9,0,84,84)
r(22,0,0,85,85)
w(0,10,0,86,86)
r(2,1,0,87,87)
r(0,10,0,88,88)
w(15,2,0,89,89)
r(6,1,0,90,90)
r(95,0,0,91,91)
r(8,0,0,92,92)
r(1,5,0,93,93)
r(92,0,0,94,94)
w(35,3,0,95,95)
w(6,2,0,96,96)
w(12,3,0,97,97)
w(31,1,0,98,98)
w(39,2,0,99,99)
r(0,10,1,0,0)
r(28,0,1,1,1)
r(19,2,1,2,2)
w(38,1,1,3,3)
w(19,3,1,4,4)
r(1,5,1,5,5)
r(0,10,1,6,6)
r(3,2,1,7,7)
w(24,2,1,8,8)
r(49,1,1,9,9)
w(11,1,1,10,10)
r(12,3,1,11,11)
r(0,10,1,12,12)
w(3,3,1,13,13)
r(26,0,1,14,14)
w(1,6,1,15,15)
r(54,0,1,16,16)
w(0,11,1,17,17)
w(2,2,1,18,18)
r(6,2,1,19,19)
r(4,0,1,20,20)
r(96,0,1,21,21)
r(27,0,1,22,22)
r(66,0,1,23,23)
r(0,11,1,24,24)
r(14,1,1,25,25)
w(41,1,1,26,26)
r(0,11,1,27,27)
r(21,0,1,28,28)
r(84,0,1,29,29)
r(0,11,1,30,30)
w(24,3,1,31,31)
r(2,2,1,32,32)
w(0,12,1,33,33)
w(96,1,1,34,34)
r(1,6,1,35,35)
r(44,1,1,36,36)
r(5,3,1,37,37)
r(92,0,1,38,38)
r(36,0,1,39,39)
r(12,3,1,40,40)
w(0,13,1,41,41)
r(4,0,1,42,42)
w(33,2,1,43,43)
r(0,13,1,44,44)
w(0,14,1,45,45)
w(23,2,1,46,46)
r(0,14,1,47,47)
r(1,6,1,48,48)
r(10,0,1,49,49)
w(0,15,1,50,50)
r(0,15,1,51,51)
w(43,1,1,52,52)
r(50,0,1,53,53)
w(3,4,1,54,54)
r(15,2,1,55,55)
r(5,3,1,56,56)
w(38,2,1,57,57)
r(86,0,1,58,58)
w(11,2,1,59,59)
w(0,16,1,60,60)
r(9,0,1,61,61)
w(0,17,1,62,62)
r(57,0,1,63,63)
w(0,18,1,64,64)
w(6,3,1,65,65)
r(57,0,1,66,66)
w(92,1,1,67,67)
w(1,7,1,68,68)
r(0,18,1,69,69)
w(64,1,1,70,70)
r(55,0,1,71,71)
w(1,8,1,72,72)
w(1,9,1,73,73)
r(39,2,1,74,74)
w(95,1,1,75,75)
r(52,1,1,76,76)
r(0,18,1,77,77)
w(0,19,1,78,78)
w(1,10,1,79,79)
w(10,1,1,80,80)
w(2,3,1,81,81)
w(19,4,1,82,82)
w(2,4,1,83,83)
r(1,10,1,84,84)
w(31,2,1,85,85)
r(0,19,1,86,86)
w(3,5,1,87,87)
w(0,20,1,88,88)
w(0,21,1,89,89)
r(6,3,1,90,90)
r(2,4,1,91,91)
r(13,0,1,92,92)
r(3,5,1,93,93)
w(91,1,1,94,94)
r(74,0,1,95,95)
w(6,4,1,96,96)
r(0,21,1,97,97)
r(72,0,1,98,98)
w(63,2,1,99,99)
r(88,0,2,0,0)
w(0,22,2,1,1)
r(3,5,2,2,2)
r(0,22,2,3,3)
r(7,0,2,4,4)
w(0,23,2,5,5)
w(17,1,2,6,6)
w(80,1,2,7,7)
w(4,1,2,8,8)
w(0,24,2,9,9)
w(45,1,2,10,10)
w(2,5,2,11,11)
r(3,5,2,12,12)
w(3,6,2,13,13)
r(35,3,2,14,14)
w(46,2,2,15,15)
r(11,2,2,16,16)
w(8,1,2,17,17)
r(1,10,2,18,18)
w(27,1,2,19,19)
r(0,24,2,20,20)
w(0,25,2,21,21)
w(4,2,2,22,22)
r(58,0,2,23,23)
w(0,26,2,24,24)
w(45,2,2,25,25)
r(2,5,2,26,26)
w(7,1,2,27,27)
w(1,11,2,28,28)
r(30,0,2,29,29)
r(45,2,2,30,30)
w(1,12,2,31,31)
w(2,6,2,32,32)
r(0,26,2,33,33)
r(3,6,2,34,34)
r(0,26,2,35,35)
r(7,1,2,36,36)
w(14,2,2,37,37)
w(16,1,2,38,38)
w(47,1,2,39,39)
r(0,26,2,40,40)
r(4,2,2,41,41)
w(4,3,2,42,42)
w(5,4,2,43,43)
r(0,26,2,44,44)
w(0,27,2,45,45)
r(0,27,2,46,46)
w(4,4,2,47,47)
w(5,5,2,48,48)
r(0,27,2,49,49)
w(56,1,2,50,50)
r(0,27,2,51,51)
w(3,7,2,52,52)
w(19,5,2,53,53)
w(1,13,2,54,54)
r(3,7,2,55,55)
r(40,0,2,56,56)
r(10,1,2,57,57)
r(85,0,2,58,58)
w(77,1,2,59,59)
w(10,2,2,60,60)
w(85,1,2,61,61)
r(1,13,2,62,62)
r(0,27,2,63,63)
r(9,0,2,64,64)
r(3,7,2,65,65)
r(97,0,2,66,66)
w(10,3,2,67,67)
w(11,3,2,68,68)
r(19,5,2,69,69)
w(6,5,2,70,70)
r(0,27,2,71,71)
w(10,4,2,72,72)
r(0,27,2,73,73)
r(12,3,2,74,74)
r(17,1,2,75,75)
r(28,0,2,76,76)
w(18,1,2,77,77)
w(43,2,2,78,78)
r(23,2,2,79,79)
r(2,6,2,80,80)
w(0,28,2,81,81)
w(36,1,2,82,82)
w(0,29,2,83,83)
w(6,6,2,84,84)
w(20,1,2,85,85)
w(56,2,2,86,86)
r(5,5,2,87,87)
r(12,3,2,88,88)
r(11,3,2,89,89)
r(16,1,2,90,90)
w(17,2,2,91,91)
r(51,0,2,92,92)
r(2,6,2,93,93)
r(0,29,2,94,94)
w(59,1,2,95,95)
r(29,0,2,96,96)
r(55,0,2,97,97)
r(8,1,2,98,98)
r(1,13,2,99,99)
r(6,6,3,0,0)
r(53,0,3,1,1)
r(44,1,3,2,2)
r(32,0,3,3,3)
w(53,1,3,4,4)
r(1,13,3,5,5)
r(14,2,3,6,6)
w(1,14,3,7,7)
r(4,4,3,8,8)
r(1,14,3,9,9)
r(0,29,3,10,10)
r(5,5,3,11,11)
w(2,7,3,12,12)
w(1,15,3,13,13)
r(20,1,3,14,14)
r(21,0,3,15,15)
w(18,2,3,16,16)
w(0,30,3,17,17)
w(1,16,3,18,18)
r(27,1,3,19,19)
w(0,31,3,20,20)
w(2,8,3,21,21)
w(5,6,3,22,22)
w(7,2,3,23,23)
r(64,1,3,24,24)
w(65,1,3,25,25)
w(1,17,3,26,26)
r(1,17,3,27,27)
w(15,3,3,28,28)
r(6,6,3,29,29)
w(30,1,3,30,30)
r(1,17,3,31,31)
w(9,1,3,32,32)
r(0,31,3,33,33)
w(0,32,3,34,34)
w(16,2,3,35,35)
r(73,0,3,36,36)
r(32,0,3,37,37)
w(0,33,3,38,38)
r(4,4,3,39,39)
r(1,17,3,40,40)
r(1,17,3,41,41)
w(3,8,3,42,42)
r(33,2,3,43,43)
r(1,17,3,44,44)
r(0,33,3,45,45)
w(0,34,3,46,46)
r(3,8,3,47,47)
w(21,1,3,48,48)
w(0,35,3,49,49)
r(2,8,3,50,50)
w(2,9,3,51,51)
w(94,1,3,52,52)
r(3,8,3,53,53)
w(5,7,3,54,54)
r(4,4,3,55,55)
w(24,4,3,56,56)
w(2,10,3,57,57)
r(36,1,3,58,58)
r(3,8,3,59,59)
r(2,10,3,60,60)
r(0,35,3,61,61)
r(71,0,3,62,62)
w(89,1,3,63,63)
r(39,2,3,64,64)
r(0,35,3,65,65)
w(22,1,3,66,66)
w(35,4,3,67,67)
r(10,4,3,68,68)
r(21,1,3,69,69)
w(70,2,3,70,70)
r(12,3,3,71,71)
r(2,10,3,72,72)
w(6,7,3,73,73)
r(5,7,3,74,74)
r(1,17,3,75,75)
r(3,8,3,76,76)
w(22,2,3,77,77)
r(13,0,3,78,78)
w(0,36,3,79,79)
w(0,37,3,80,80)
r(4,4,3,81,81)
r(39,2,3,82,82)
w(8,2,3,83,83)
r(8,2,3,84,84)
r(68,0,3,85,85)
r(6,7,3,86,86)
w(3,9,3,87,87)
w(0,38,3,88,88)
w(2,11,3,89,89)
w(0,39,3,90,90)
r(2,11,3,91,91)
r(15,3,3,92,92)
r(3,9,3,93,93)
r(36,1,3,94,94)
r(2,11,3,95,95)
r(11,3,3,96,96)
r(2,11,3,97,97)
w(8,3,3,98,98)
w(4,5,3,99,99)
w(1,18,4,0,0)
r(2,11,4,1,1)
r(1,18,4,2,2)
r(1,18,4,3,3)
r(2,11,4,4,4)
w(0,40,4,5,5)
w(30,2,4,6,6)
r(5,7,4,7,7)
w(14,3,4,8,8)
w(13,1,4,9,9)
w(37,1,4,10,10)
w(0,41,4,11,11)
r(0,41,4,12,12)
r(2,11,4,13,13)
r(1,18,4,14,14)
r(2,11,4,15,15)
r(19,5,4,16,16)
w(1,19,4,17,17)
r(17,2,4,18,18)
r(17,2,4,19,19)
w(1,20,4,20,20)
r(4,5,4,21,21)
w(1,21,4,22,22)
r(26,0,4,23,23)
r(0,41,4,24,24)
w(3,10,4,25,25)
w(0,42,4,26,26)
w(0,43,4,27,27)
r(14,3,4,28,28)
w(3,11,4,29,29)
w(2,12,4,30,30)
r(0,43,4,31,31)
w(1,22,4,32,32)
w(42,1,4,33,33)
w(1,23,4,34,34)
r(1,23,4,35,35)
w(28,1,4,36,36)
w(1,24,4,37,37)
w(3,12,4,38,38)
w(4,6,4,39,39)
w(50,1,4,40,40)
w(1,25,4,41,41)
r(0,43,4,42,42)
r(2,12,4,43,43)
r(30,2,4,44,44)
r(34,0,4,45,45)
w(22,3,4,46,46)
r(0,43,4,47,47)
w(6,8,4,48,48)
w(14,4,4,49,49)
w(7,3,4,50,50)
r(2,12,4,51,51)
r(26,0,4,52,52)
w(6,9,4,53,53)
r(82,0,4,54,54)
r(72,0,4,55,55)
r(12,3,4,56,56)
w(56,3,4,57,57)
w(97,1,4,58,58)
w(5,8,4,59,59)
r(2,12,4,60,60)
r(1,25,4,61,61)
r(7,3,4,62,62)
w(0,44,4,63,63)
w(7,4,4,64,64)
r(56,3,4,65,65)
w(82,1,4,66,66)
w(33,3,4,67,67)
w(76,1,4,68,68)
r(6,9,4,69,69)
w(31,3,4,70,70)
w(0,45,4,71,71)
r(27,1,4,72,72)
w(16,3,4,73,73)
r(25,0,4,74,74)
r(28,1,4,75,75)
w(8,4,4,76,76)
r(24,4,4,77,77)
r(0,45,4,78,78)
w(81,1,4,79,79)
r(0,45,4,80,80)
w(8,5,4,81,81)
w(0,46,4,82,82)
r(4,6,4,83,83)
w(26,1,4,84,84)
r(15,3,4,85,85)
r(5,8,4,86,86)
r(3,12,4,87,87)
r(16,3,4,88,88)
r(8,5,4,89,89)
r(1,25,4,90,90)
w(4,7,4,91,91)
w(3,13,4,92,92)
w(7,5,4,93,93)
w(21,2,4,94,94)
r(1,25,4,95,95)
w(51,1,4,96,96)
r(47,1,4,97,97)
r(11,3,4,98,98)
w(38,3,4,99,99)
w(0,47,5,0,0)
w(0,48,5,1,1)
r(4,7,5,2,2)
w(2,13,5,3,3)
w(24,5,5,4,4)
r(0,48,5,5,5)
w(4,8,5,6,6)
r(11,3,5,7,7)
w(0,49,5,8,8)
w(72,1,5,9,9)
w(4,9,5,10,10)
r(1,25,5,11,11)
w(0,50,5,12,12)
w(98,2,5,13,13)
w(60,1,5,14,14)
w(1,26,5,15,15)
w(0,51,5,16,16)
r(1,26,5,17,17)
r(83,0,5,18,18)
r(75,0,5,19,19)
w(8,6,5,20,20)
w(19,6,5,21,21)
w(3,14,5,22,22)
r(57,0,5,23,23)
r(33,3,5,24,24)
r(21,2,5,25,25)
w(4,10,5,26,26)
r(94,1,5,27,27)
w(32,1,5,28,28)
r(1,26,5,29,29)
w(1,27,5,30,30)
w(21,3,5,31,31)
r(4,10,5,32,32)
w(22,4,5,33,33)
r(3,14,5,34,34)
w(6,10,5,35,35)
w(25,1,5,36,36)
r(0,51,5,37,37)
r(13,1,5,38,38)
r(0,51,5,39,39)
w(31,4,5,40,40)
r(63,2,5,41,41)
r(1,27,5,42,42)
w(45,3,5,43,43)
w(0,52,5,44,44)
r(0,52,5,45,45)
w(7,6,5,46,46)
r(45,3,5,47,47)
w(8,7,5,48,48)
w(1,28,5,49,49)
w(5,9,5,50,50)
r(40,0,5,51,51)
w(8,8,5,52,52)
w(2,14,5,53,53)
w(8,9,5,54,54)
r(88,0,5,55,55)
w(3,15,5,56,56)
r(31,4,5,57,57)
w(11,4,5,58,58)
r(1,28,5,59,59)
w(4,11,5,60,60)
w(38,4,5,61,61)
w(14,5,5,62,62)
r(4,11,5,63,63)
w(63,3,5,64,64)
w(0,53,5,65,65)
r(47,1,5,66,66)
w(0,54,5,67,67)
w(26,2,5,68,68)
r(1,28,5,69,69)
r(0,54,5,70,70)
r(29,0,5,71,71)
w(22,5,5,72,72)
w(0,55,5,73,73)
r(0,55,5,74,74)
r(4,11,5,75,75)
w(0,56,5,76,76)
w(0,57,5,77,77)
r(4,11,5,78,78)
w(4,12,5,79,79)
w(16,4,5,80,80)
w(0,58,5,81,81)
w(1,29,5,82,82)
r(5,9,5,83,83)
w(42,2,5,84,84)
w(50,2,5,85,85)
r(89,1,5,86,86)
w(0,59,5,87,87)
r(5,9,5,88,88)
w(2,15,5,89,89)
r(7,6,5,90,90)
r(28,1,5,91,91)
w(41,2,5,92,92)
r(0,59,5,93,93)
w(13,2,5,94,94)
r(2,15,5,95,95)
r(75,0,5,96,96)
w(1,30,5,97,97)
w(1,31,5,98,98)
w(13,3,5,99,99)
w(7,7,6,0,0)
w(9,2,6,1,1)
r(11,4,6,2,2)
r(7,7,6,3,3)
w(2,16,6,4,4)
w(46,3,6,5,5)
r(32,1,6,6,6)
w(32,2,6,7,7)
r(7,7,6,8,8)
w(0,60,6,9,9)
r(24,5,6,10,10)
w(3,16,6,11,11)
w(4,13,6,12,12)
r(13,3,6,13,13)
r(14,5,6,14,14)
w(10,5,6,15,15)
r(0,60,6,16,16)
r(1,31,6,17,17)
r(0,60,6,18,18)
r(82,1,6,19,19)
r(12,3,6,20,20)
w(83,1,6,21,21)
w(86,1,6,22,22)
w(0,61,6,23,23)
w(19,7,6,24,24)
w(86,2,6,25,25)
r(52,1,6,26,26)
w(0,62,6,27,27)
w(12,4,6,28,28)
w(18,3,6,29,29)
r(3,16,6,30,30)
r(3,16,6,31,31)
r(7,7,6,32,32)
r(32,2,6,33,33)
r(0,62,6,34,34)
r(0,62,6,35,35)
r(4,13,6,36,36)
r(37,1,6,37,37)
w(28,2,6,38,38)
r(55,0,6,39,39)
w(0,63,6,40,40)
r(5,9,6,41,41)
r(19,7,6,42,42)
r(0,63,6,43,43)
w(2,17,6,44,44)
w(70,3,6,45,45)
w(2,18,6,46,46)
r(0,63,6,47,47)
w(0,64,6,48,48)
r(97,1,6,49,49)
r(99,0,6,50,50)
r(26,2,6,51,51)
r(49,1,6,52,52)
r(10,5,6,53,53)
r(19,7,6,54,54)
w(4,14,6,55,55)
r(80,1,6,56,56)
r(86,2,6,57,57)
w(10,6,6,58,58)
w(40,1,6,59,59)
w(3,17,6,60,60)
w(8,10,6,61,61)
r(14,5,6,62,62)
w(13,4,6,63,63)
r(2,18,6,64,64)
w(7,8,6,65,65)
r(71,0,6,66,66)
r(63,3,6,67,67)
r(22,5,6,68,68)
r(0,64,6,69,69)
r(2,18,6,70,70)
r(0,64,6,71,71)
w(1,32,6,72,72)
w(72,2,6,73,73)
r(0,64,6,74,74)
w(53,2,6,75,75)
r(4,14,6,76,76)
w(8,11,6,77,77)
r(7,8,6,78,78)
r(13,4,6,79,79)
r(52,1,6,80,80)
r(2,18,6,81,81)
r(1,32,6,82,82)
r(30,2,6,83,83)
w(20,2,6,84,84)
w(5,10,6,85,85)
w(0,65,6,86,86)
w(6,11,6,87,87)
w(5,11,6,88,88)
w(0,66,6,89,89)
w(47,2,6,90,90)
r(52,1,6,91,91)
w(38,5,6,92,92)
r(0,66,6,93,93)
w(6,12,6,94,94)
r(0,66,6,95,95)
r(1,32,6,96,96)
w(15,4,6,97,97)
r(1,32,6,98,98)
r(2,18,6,99,99)
w(0,67,7,0,0)
r(11,4,7,1,1)
r(0,67,7,2,2)
w(4,15,7,3,3)
w(14,6,7,4,4)
w(0,68,7,5,5)
w(2,19,7,6,6)
w(2,20,7,7,7)
r(49,1,7,8,8)
w(3,18,7,9,9)
r(2,20,7,10,10)
r(61,0,7,11,11)
r(4,15,7,12,12)
w(2,21,7,13,13)
r(8,11,7,14,14)
r(38,5,7,15,15)
r(15,4,7,16,16)
r(1,32,7,17,17)
r(1,32,7,18,18)
w(12,5,7,19,19)
r(41,2,7,20,20)
r(14,6,7,21,21)
w(13,5,7,22,22)
w(5,12,7,23,23)
r(0,68,7,24,24)
w(1,33,7,25,25)
r(37,1,7,26,26)
r(6,12,7,27,27)
w(0,69,7,28,28)
r(3,18,7,29,29)
r(0,69,7,30,30)
r(0,69,7,31,31)
w(1,34,7,32,32)
r(6,12,7,33,33)
r(13,5,7,34,34)
w(0,70,7,35,35)
w(0,71,7,36,36)
w(1,35,7,37,37)
r(1,35,7,38,38)
w(51,2,7,39,39)
w(22,6,7,40,40)
r(11,4,7,41,41)
w(30,3,7,42,42)
r(1,35,7,43,43)
r(0,71,7,44,44)
w(72,3,7,45,45)
w(0,72,7,46,46)
r(68,0,7,47,47)
w(11,5,7,48,48)
r(37,1,7,49,49)
r(1,35,7,50,50)
r(0,72,7,51,51)
r(0,72,7,52,52)
w(36,2,7,53,53)
w(2,22,7,54,54)
r(5,12,7,55,55)
w(85,2,7,56,56)
r(0,72,7,57,57)
r(45,3,7,58,58)
r(1,35,7,59,59)
r(3,18,7,60,60)
r(8,11,7,61,61)
r(0,72,7,62,62)
w(53,3,7,63,63)
w(1,36,7,64,64)
r(9,2,7,65,65)
w(8,12,7,66,66)
r(80,1,7,67,67)
w(24,6,7,68,68)
w(15,5,7,69,69)
w(62,1,7,70,70)
r(0,72,7,71,71)
w(7,9,7,72,72)
w(0,73,7,73,73)
w(51,3,7,74,74)
w(0,74,7,75,75)
w(25,2,7,76,76)
w(64,2,7,77,77)
r(82,1,7,78,78)
r(38,5,7,79,79)
w(17,3,7,80,80)
r(31,4,7,81,81)
r(67,0,7,82,82)
r(3,18,7,83,83)
w(48,1,7,84,84)
w(2,23,7,85,85)
w(1,37,7,86,86)
r(4,15,7,87,87)
r(55,0,7,88,88)
r(0,74,7,89,89)
w(5,13,7,90,90)
r(20,2,7,91,91)
w(8,13,7,92,92)
w(9,3,7,93,93)
r(0,74,7,94,94)
w(20,3,7,95,95)
r(9,3,7,96,96)
r(0,74,7,97,97)
r(7,9,7,98,98)
r(0,74,7,99,99)
w(41,3,8,0,0)
r(2,23,8,1,1)
r(9,3,8,2,2)
r(1,37,8,3,3)
r(53,3,8,4,4)
r(1,37,8,5,5)
r(3,18,8,6,6)
r(4,15,8,7,7)
r(4,15,8,8,8)
r(32,2,8,9,9)
w(0,75,8,10,10)
w(10,7,8,11,11)
w(75,1,8,12,12)
r(1,37,8,13,13)
w(37,2,8,14,14)
w(36,3,8,15,15)
w(13,6,8,16,16)
w(2,24,8,17,17)
r(42,2,8,18,18)
w(3,19,8,19,19)
w(0,76,8,20,20)
w(92,2,8,21,21)
w(36,4,8,22,22)
r(53,3,8,23,23)
r(5,13,8,24,24)
r(35,4,8,25,25)
r(6,12,8,26,26)
w(6,13,8,27,27)
w(73,1,8,28,28)
r(4,15,8,29,29)
r(76,1,8,30,30)
w(1,38,8,31,31)
r(1,38,8,32,32)
w(16,5,8,33,33)
w(1,39,8,34,34)
w(25,3,8,35,35)
w(8,14,8,36,36)
w(1,40,8,37,37)
r(34,0,8,38,38)
w(5,14,8,39,39)
r(17,3,8,40,40)
w(7,10,8,41,41)
w(5,15,8,42,42)
r(1,40,8,43,43)
w(42,3,8,44,44)
w(1,41,8,45,45)
r(2,24,8,46,46)
w(0,77,8,47,47)
w(0,78,8,48,48)
w(73,2,8,49,49)
r(0,78,8,50,50)
w(34,1,8,51,51)
w(0,79,8,52,52)
w(30,4,8,53,53)
w(0,80,8,54,54)
w(52,2,8,55,55)
w(5,16,8,56,56)
r(3,19,8,57,57)
r(3,19,8,58,58)
r(9,3,8,59,59)
r(19,7,8,60,60)
r(1,41,8,61,61)
r(2,24,8,62,62)
w(0,81,8,63,63)
r(4,15,8,64,64)
r(54,0,8,65,65)
w(34,2,8,66,66)
w(14,7,8,67,67)
w(6,14,8,68,68)
r(65,1,8,69,69)
w(0,82,8,70,70)
r(10,7,8,71,71)
w(2,25,8,72,72)
r(62,1,8,73,73)
r(0,82,8,74,74)
w(11,6,8,75,75)
r(28,2,8,76,76)
w(5,17,8,77,77)
w(6,15,8,78,78)
w(2,26,8,79,79)
w(2,27,8,80,80)
r(1,41,8,81,81)
w(0,83,8,82,82)
w(1,42,8,83,83)
r(22,6,8,84,84)
r(5,17,8,85,85)
w(88,1,8,86,86)
r(12,5,8,87,87)
w(3,20,8,88,88)
w(5,18,8,89,89)
w(1,43,8,90,90)
w(17,4,8,91,91)
r(0,83,8,92,92)
w(0,84,8,93,93)
r(12,5,8,94,94)
w(36,5,8,95,95)
r(2,27,8,96,96)
r(2,27,8,97,97)
r(1,43,8,98,98)
r(0,84,8,99,99)
w(4,16,9,0,0)
w(15,6,9,1,1)
r(31,4,9,2,2)
r(1,43,9,3,3)
r(8,14,9,4,4)
w(62,2,9,5,5)
w(82,2,9,6,6)
r(7,10,9,7,7)
r(37,2,9,8,8)
w(2,28,9,9,9)
r(44,1,9,10,10)
w(32,3,9,11,11)
r(0,84,9,12,12)
w(25,4,9,13,13)
r(73,2,9,14,14)
w(14,8,9,15,15)
w(82,3,9,16,16)
w(1,44,9,17,17)
r(0,84,9,18,18)
r(1,44,9,19,19)
r(8,14,9,20,20)
w(5,19,9,21,21)
r(99,0,9,22,22)
r(0,84,9,23,23)
w(2,29,9,24,24)
w(40,2,9,25,25)
r(0,84,9,26,26)
w(1,45,9,27,27)
r(1,45,9,28,28)
r(38,5,9,29,29)
r(27,1,9,30,30)
r(4,16,9,31,31)
r(75,1,9,32,32)
r(17,4,9,33,33)
r(0,84,9,34,34)
r(0,84,9,35,35)
r(33,3,9,36,36)
w(0,85,9,37,37)
r(42,3,9,38,38)
r(62,2,9,39,39)
r(0,85,9,40,40)
r(1,45,9,41,41)
r(1,45,9,42,42)
w(0,86,9,43,43)
w(2,30,9,44,44)
w(2,31,9,45,45)
w(11,7,9,46,46)
w(2,32,9,47,47)
r(16,5,9,48,48)
r(7,10,9,49,49)
w(0,87,9,50,50)
w(58,1,9,51,51)
r(66,0,9,52,52)
w(2,33,9,53,53)
r(49,1,9,54,54)
r(48,1,9,55,55)
r(0,87,9,56,56)
r(2,33,9,57,57)
r(0,87,9,58,58)
r(12,5,9,59,59)
w(0,88,9,60,60)
w(6,16,9,61,61)
w(0,89,9,62,62)
w(18,4,9,63,63)
w(1,46,9,64,64)
r(4,16,9,65,65)
r(2,33,9,66,66)
r(37,2,9,67,67)
w(0,90,9,68,68)
w(18,5,9,69,69)
w(34,3,9,70,70)
w(1,47,9,71,71)
w(9,4,9,72,72)
w(0,91,9,73,73)
r(80,1,9,74,74)
w(3,21,9,75,75)
r(0,91,9,76,76)
w(35,5,9,77,77)
r(2,33,9,78,78)
r(37,2,9,79,79)
w(6,17,9,80,80)
r(6,17,9,81,81)
r(1,47,9,82,82)
r(0,91,9,83,83)
r(35,5,9,84,84)
w(1,48,9,85,85)
r(1,48,9,86,86)
w(0,92,9,87,87)
r(35,5,9,88,88)
w(0,93,9,89,89)
r(20,3,9,90,90)
w(5,20,9,91,91)
w(10,8,9,92,92)
r(12,5,9,93,93)
w(0,94,9,94,94)
w(27,2,9,95,95)
r(0,94,9,96,96)
r(14,8,9,97,97)
r(3,21,9,98,98)
w(1,49,9,99,99)
r(0,94,10,0,0)
r(12,5,10,1,1)
w(9,5,10,2,2)
w(11,8,10,3,3)
w(29,1,10,4,4)
r(99,0,10,5,5)
w(23,3,10,6,6)
r(82,3,10,7,7)
w(6,18,10,8,8)
r(11,8,10,9,9)
w(3,22,10,10,10)
r(18,5,10,11,11)
w(0,95,10,12,12)
w(5,21,10,13,13)
r(7,10,10,14,14)
w(0,96,10,15,15)
w(8,15,10,16,16)
w(2,34,10,17,17)
r(27,2,10,18,18)
w(97,2,10,19,19)
r(3,22,10,20,20)
r(8,15,10,21,21)
r(7,10,10,22,22)
w(23,4,10,23,23)
w(1,50,10,24,24)
w(1,51,10,25,25)
r(49,1,10,26,26)
r(3,22,10,27,27)
r(4,16,10,28,28)
r(48,1,10,29,29)
r(3,22,10,30,30)
w(5,22,10,31,31)
r(14,8,10,32,32)
w(12,6,10,33,33)
w(0,97,10,34,34)
w(5,23,10,35,35)
w(9,6,10,36,36)
r(20,3,10,37,37)
w(95,2,10,38,38)
w(21,4,10,39,39)
w(3,23,10,40,40)
r(36,5,10,41,41)
w(20,4,10,42,42)
r(1,51,10,43,43)
w(97,3,10,44,44)
w(4,17,10,45,45)
r(3,23,10,46,46)
w(1,52,10,47,47)
r(0,97,10,48,48)
r(45,3,10,49,49)
w(37,3,10,50,50)
w(15,7,10,51,51)
w(1,53,10,52,52)
w(19,8,10,53,53)
r(27,2,10,54,54)
w(0,98,10,55,55)
r(5,23,10,56,56)
r(10,8,10,57,57)
w(1,54,10,58,58)
w(0,99,10,59,59)
w(4,18,10,60,60)
w(1,55,10,61,61)
r(2,34,10,62,62)
r(4,18,10,63,63)
r(26,2,10,64,64)
w(3,24,10,65,65)
r(0,99,10,66,66)
w(56,4,10,67,67)
r(82,3,10,68,68)
w(0,100,10,69,69)
r(6,18,10,70,70)
r(2,34,10,71,71)
w(3,25,10,72,72)
r(69,0,10,73,73)
w(1,56,10,74,74)
r(4,18,10,75,75)
w(0,101,10,76,76)
r(8,15,10,77,77)
w(23,5,10,78,78)
r(0,101,10,79,79)
w(90,1,10,80,80)
r(16,5,10,81,81)
w(0,102,10,82,82)
w(1,57,10,83,83)
w(1,58,10,84,84)
r(0,102,10,85,85)
r(81,1,10,86,86)
r(12,6,10,87,87)
r(1,58,10,88,88)
r(8,15,10,89,89)
w(1,59,10,90,90)
w(53,4,10,91,91)
r(6,18,10,92,92)
w(66,1,10,93,93)
w(28,3,10,94,94)
w(0,103,10,95,95)
r(35,5,10,96,96)
w(10,9,10,97,97)
r(4,18,10,98,98)
r(50,2,10,99,99)
w(64,3,11,0,0)
r(64,3,11,1,1)
w(13,7,11,2,2)
r(38,5,11,3,3)
w(88,2,11,4,4)
r(12,6,11,5,5)
r(0,103,11,6,6)
w(9,7,11,7,7)
r(1,59,11,8,8)
r(55,0,11,9,9)
r(5,23,11,10,10)
w(1,60,11,11,11)
w(2,35,11,12,12)
r(0,103,11,13,13)
r(2,35,11,14,14)
w(4,19,11,15,15)
r(41,3,11,16,16)
w(5,24,11,17,17)
w(7,11,11,18,18)
w(0,104,11,19,19)
r(0,104,11,20,20)
w(26,3,11,21,21)
r(13,7,11,22,22)
r(0,104,11,23,23)
w(7,12,11,24,24)
r(0,104,11,25,25)
w(4,20,11,26,26)
r(2,35,11,27,27)
w(6,19,11,28,28)
r(0,104,11,29,29)
w(89,2,11,30,30)
r(17,4,11,31,31)
r(2,35,11,32,32)
w(0,105,11,33,33)
r(7,12,11,34,34)
w(1,61,11,35,35)
w(30,5,11,36,36)
r(8,15,11,37,37)
w(11,9,11,38,38)
w(7,13,11,39,39)
r(26,3,11,40,40)
r(1,61,11,41,41)
r(86,2,11,42,42)
r(1,61,11,43,43)
r(0,105,11,44,44)
w(13,8,11,45,45)
w(2,36,11,46,46)
w(73,3,11,47,47)
r(7,13,11,48,48)
w(80,2,11,49,49)
r(0,105,11,50,50)
r(18,5,11,51,51)
w(8,16,11,52,52)
w(38,6,11,53,53)
r(32,3,11,54,54)
r(19,8,11,55,55)
w(1,62,11,56,56)
w(10,10,11,57,57)
w(30,6,11,58,58)
r(7,13,11,59,59)
w(77,2,11,60,60)
r(3,25,11,61,61)
w(29,2,11,62,62)
r(6,19,11,63,63)
r(29,2,11,64,64)
r(2,36,11,65,65)
w(16,6,11,66,66)
w(0,106,11,67,67)
r(49,1,11,68,68)
w(11,10,11,69,69)
w(4,21,11,70,70)
w(8,17,11,71,71)
w(1,63,11,72,72)
w(2,37,11,73,73)
r(13,8,11,74,74)
w(0,107,11,75,75)
w(86,3,11,76,76)
r(1,63,11,77,77)
r(94,1,11,78,78)
r(71,0,11,79,79)
r(10,10,11,80,80)
w(42,4,11,81,81)
w(0,108,11,82,82)
r(28,3,11,83,83)
w(6,20,11,84,84)
w(7,14,11,85,85)
r(0,108,11,86,86)
w(45,4,11,87,87)
r(19,8,11,88,88)
r(0,108,11,89,89)
r(19,8,11,90,90)
w(16,7,11,91,91)
w(1,64,11,92,92)
w(2,38,11,93,93)
w(99,1,11,94,94)
w(5,25,11,95,95)
r(14,8,11,96,96)
r(8,17,11,97,97)
w(24,7,11,98,98)
r(36,5,11,99,99)
w(12,7,12,0,0)
w(3,26,12,1,1)
w(90,2,12,2,2)
r(6,20,12,3,3)
w(21,5,12,4,4)
r(0,108,12,5,5)
r(5,25,12,6,6)
w(5,26,12,7,7)
w(0,109,12,8,8)
r(11,10,12,9,9)
w(0,110,12,10,10)
r(2,38,12,11,11)
r(1,64,12,12,12)
w(1,65,12,13,13)
w(96,2,12,14,14)
r(2,38,12,15,15)
r(1,65,12,16,16)
w(0,111,12,17,17)
r(2,38,12,18,18)
w(4,22,12,19,19)
r(73,3,12,20,20)
r(1,65,12,21,21)
w(92,3,12,22,22)
w(2,39,12,23,23)
w(16,8,12,24,24)
r(3,26,12,25,25)
w(9,8,12,26,26)
r(5,26,12,27,27)
w(42,5,12,28,28)
r(38,6,12,29,29)
r(15,7,12,30,30)
r(0,111,12,31,31)
r(2,39,12,32,32)
r(51,3,12,33,33)
r(1,65,12,34,34)
w(4,23,12,35,35)
r(46,3,12,36,36)
r(4,23,12,37,37)
w(0,112,12,38,38)
w(0,113,12,39,39)
w(1,66,12,40,40)
r(16,8,12,41,41)
w(75,2,12,42,42)
r(2,39,12,43,43)
r(5,26,12,44,44)
r(48,1,12,45,45)
r(30,6,12,46,46)
w(80,3,12,47,47)
r(84,0,12,48,48)
r(16,8,12,49,49)
r(1,66,12,50,50)
r(57,0,12,51,51)
w(0,114,12,52,52)
r(10,10,12,53,53)
w(38,7,12,54,54)
w(13,9,12,55,55)
r(24,7,12,56,56)
w(1,67,12,57,57)
w(2,40,12,58,58)
r(3,26,12,59,59)
r(4,23,12,60,60)
r(23,5,12,61,61)
r(3,26,12,62,62)
w(35,6,12,63,63)
r(72,3,12,64,64)
r(22,6,12,65,65)
r(4,23,12,66,66)
w(41,4,12,67,67)
r(0,114,12,68,68)
r(15,7,12,69,69)
w(2,41,12,70,70)
r(3,26,12,71,71)
r(1,67,12,72,72)
w(2,42,12,73,73)
w(16,9,12,74,74)
r(68,0,12,75,75)
r(10,10,12,76,76)
w(1,68,12,77,77)
w(22,7,12,78,78)
r(0,114,12,79,79)
w(2,43,12,80,80)
r(42,5,12,81,81)
r(65,1,12,82,82)
w(37,4,12,83,83)
r(23,5,12,84,84)
r(85,2,12,85,85)
w(14,9,12,86,86)
w(52,3,12,87,87)
r(32,3,12,88,88)
w(0,115,12,89,89)
r(1,68,12,90,90)
r(4,23,12,91,91)
r(0,115,12,92,92)
r(10,10,12,93,93)
w(29,3,12,94,94)
w(20,5,12,95,95)
w(0,116,12,96,96)
w(32,4,12,97,97)
r(0,116,12,98,98)
w(0,117,12,99,99)
r(14,9,13,0,0)
r(29,3,13,1,1)
w(72,4,13,2,2)
r(1,68,13,3,3)
w(0,118,13,4,4)
r(26,3,13,5,5)
r(36,5,13,6,6)
w(30,7,13,7,7)
r(83,1,13,8,8)
w(13,10,13,9,9)
r(11,10,13,10,10)
w(1,69,13,11,11)
w(28,4,13,12,12)
r(2,43,13,13,13)
w(78,1,13,14,14)
w(2,44,13,15,15)
r(0,118,13,16,16)
r(6,20,13,17,17)
w(0,119,13,18,18)
r(93,0,13,19,19)
w(0,120,13,20,20)
w(7,15,13,21,21)
r(32,4,13,22,22)
w(23,6,13,23,23)
r(83,1,13,24,24)
r(31,4,13,25,25)
r(55,0,13,26,26)
r(0,120,13,27,27)
r(11,10,13,28,28)
w(0,121,13,29,29)
r(46,3,13,30,30)
w(34,4,13,31,31)
r(60,1,13,32,32)
r(0,121,13,33,33)
r(39,2,13,34,34)
r(9,8,13,35,35)
r(1,69,13,36,36)
r(15,7,13,37,37)
w(1,70,13,38,38)
r(2,44,13,39,39)
r(9,8,13,40,40)
w(33,4,13,41,41)
w(1,71,13,42,42)
w(0,122,13,43,43)
r(25,4,13,44,44)
w(0,123,13,45,45)
r(1,71,13,46,46)
r(54,0,13,47,47)
r(10,10,13,48,48)
w(40,3,13,49,49)
r(10,10,13,50,50)
r(59,1,13,51,51)
w(1,72,13,52,52)
w(74,1,13,53,53)
w(3,27,13,54,54)
w(9,9,13,55,55)
r(3,27,13,56,56)
r(65,1,13,57,57)
w(3,28,13,58,58)
r(1,72,13,59,59)
r(95,2,13,60,60)
r(39,2,13,61,61)
w(0,124,13,62,62)
w(87,1,13,63,63)
w(0,125,13,64,64)
r(9,9,13,65,65)
w(0,126,13,66,66)
w(12,8,13,67,67)
r(58,1,13,68,68)
w(21,6,13,69,69)
r(15,7,13,70,70)
w(14,10,13,71,71)
w(0,127,13,72,72)
r(21,6,13,73,73)
r(2,44,13,74,74)
w(3,29,13,75,75)
r(7,15,13,76,76)
r(20,5,13,77,77)
w(0,128,13,78,78)
w(1,73,13,79,79)
w(91,2,13,80,80)
r(67,0,13,81,81)
r(89,2,13,82,82)
w(14,11,13,83,83)
r(14,11,13,84,84)
r(0,128,13,85,85)
w(1,74,13,86,86)
w(4,24,13,87,87)
r(83,1,13,88,88)
w(16,10,13,89,89)
r(1,74,13,90,90)
w(7,16,13,91,91)
w(96,3,13,92,92)
w(2,45,13,93,93)
w(0,129,13,94,94)
r(96,3,13,95,95)
r(4,24,13,96,96)
w(27,3,13,97,97)
w(54,1,13,98,98)
r(9,9,13,99,99)
r(1,74,14,0,0)
w(36,6,14,1,1)
w(7,17,14,2,2)
r(4,24,14,3,3)
w(11,11,14,4,4)
r(16,10,14,5,5)
r(0,129,14,6,6)
r(18,5,14,7,7)
r(0,129,14,8,8)
w(6,21,14,9,9)
w(4,25,14,10,10)
w(42,6,14,11,11)
w(41,5,14,12,12)
r(31,4,14,13,13)
r(24,7,14,14,14)
r(34,4,14,15,15)
w(76,2,14,16,16)
r(0,129,14,17,17)
r(35,6,14,18,18)
r(13,10,14,19,19)
w(15,8,14,20,20)
w(0,130,14,21,21)
w(0,131,14,22,22)
w(2,46,14,23,23)
w(25,5,14,24,24)
w(17,5,14,25,25)
w(63,4,14,26,26)
w(4,26,14,27,27)
r(2,46,14,28,28)
r(0,131,14,29,29)
r(3,29,14,30,30)
r(4,26,14,31,31)
w(18,6,14,32,32)
r(47,2,14,33,33)
w(0,132,14,34,34)
w(1,75,14,35,35)
w(0,133,14,36,36)
w(18,7,14,37,37)
w(55,1,14,38,38)
r(23,6,14,39,39)
r(11,11,14,40,40)
w(0,134,14,41,41)
r(8,17,14,42,42)
r(1,75,14,43,43)
w(3,30,14,44,44)
w(7,18,14,45,45)
w(19,9,14,46,46)
w(5,27,14,47,47)
w(51,4,14,48,48)
w(1,76,14,49,49)
w(20,6,14,50,50)
w(39,3,14,51,51)
r(0,134,14,52,52)
w(4,27,14,53,53)
w(0,135,14,54,54)
r(5,27,14,55,55)
r(0,135,14,56,56)
w(1,77,14,57,57)
w(8,18,14,58,58)
r(8,18,14,59,59)
r(1,77,14,60,60)
w(0,136,14,61,61)
w(26,4,14,62,62)
r(1,77,14,63,63)
w(46,4,14,64,64)
r(0,136,14,65,65)
r(2,46,14,66,66)
r(21,6,14,67,67)
w(6,22,14,68,68)
r(1,77,14,69,69)
w(68,1,14,70,70)
r(0,136,14,71,71)
r(27,3,14,72,72)
w(14,12,14,73,73)
w(77,3,14,74,74)
w(37,5,14,75,75)
r(57,0,14,76,76)
r(0,136,14,77,77)
w(3,31,14,78,78)
w(6,23,14,79,79)
r(0,136,14,80,80)
r(0,136,14,81,81)
r(3,31,14,82,82)
w(93,1,14,83,83)
w(5,28,14,84,84)
w(7,19,14,85,85)
r(2,46,14,86,86)
r(63,4,14,87,87)
w(13,11,14,88,88)
w(1,78,14,89,89)
r(1,78,14,90,90)
w(49,2,14,91,91)
w(27,4,14,92,92)
w(77,4,14,93,93)
w(6,24,14,94,94)
w(0,137,14,95,95)
w(17,6,14,96,96)
r(1,78,14,97,97)
w(37,6,14,98,98)
w(7,20,14,99,99)
w(59,2,15,0,0)
w(59,3,15,1,1)
w(8,19,15,2,2)
w(5,29,15,3,3)
r(4,27,15,4,4)
r(85,2,15,5,5)
r(0,137,15,6,6)
w(9,10,15,7,7)
r(1,78,15,8,8)
w(0,138,15,9,9)
w(3,32,15,10,10)
w(0,139,15,11,11)
w(22,8,15,12,12)
w(7,21,15,13,13)
w(1,79,15,14,14)
r(3,32,15,15,15)
w(69,1,15,16,16)
w(74,2,15,17,17)
w(60,2,15,18,18)
w(2,47,15,19,19)
w(79,1,15,20,20)
w(0,140,15,21,21)
w(97,4,15,22,22)
r(96,3,15,23,23)
w(7,22,15,24,24)
w(76,3,15,25,25)
w(0,141,15,26,26)
r(3,32,15,27,27)
w(14,13,15,28,28)
w(2,48,15,29,29)
r(1,79,15,30,30)
w(95,3,15,31,31)
r(10,10,15,32,32)
w(3,33,15,33,33)
r(4,27,15,34,34)
r(20,6,15,35,35)
w(13,12,15,36,36)
r(7,22,15,37,37)
w(48,2,15,38,38)
w(25,6,15,39,39)
r(0,141,15,40,40)
r(15,8,15,41,41)
w(0,142,15,42,42)
r(39,3,15,43,43)
w(70,4,15,44,44)
w(25,7,15,45,45)
w(40,4,15,46,46)
r(18,7,15,47,47)
w(1,80,15,48,48)
r(32,4,15,49,49)
w(30,8,15,50,50)
r(6,24,15,51,51)
w(0,143,15,52,52)
r(7,22,15,53,53)
w(1,81,15,54,54)
w(1,82,15,55,55)
r(2,48,15,56,56)
w(0,144,15,57,57)
w(56,5,15,58,58)
w(6,25,15,59,59)
r(78,1,15,60,60)
r(3,33,15,61,61)
r(70,4,15,62,62)
r(26,4,15,63,63)
w(24,8,15,64,64)
w(1,83,15,65,65)
w(0,145,15,66,66)
w(1,84,15,67,67)
r(1,84,15,68,68)
w(0,146,15,69,69)
r(90,2,15,70,70)
r(34,4,15,71,71)
w(1,85,15,72,72)
r(69,1,15,73,73)
r(0,146,15,74,74)
r(78,1,15,75,75)
w(4,28,15,76,76)
r(0,146,15,77,77)
r(55,1,15,78,78)
r(17,6,15,79,79)
r(18,7,15,80,80)
w(27,5,15,81,81)
w(17,7,15,82,82)
w(9,11,15,83,83)
w(1,86,15,84,84)
r(0,146,15,85,85)
w(13,13,15,86,86)
r(0,146,15,87,87)
r(2,48,15,88,88)
r(18,7,15,89,89)
r(2,48,15,90,90)
w(20,7,15,91,91)
r(36,6,15,92,92)
w(32,5,15,93,93)
r(30,8,15,94,94)
w(21,7,15,95,95)
w(0,147,15,96,96)
w(0,148,15,97,97)
w(0,149,15,98,98)
w(68,2,15,99,99)
r(1,86,16,0,0)
r(2,48,16,1,1)
r(2,48,16,2,2)
r(6,25,16,3,3)
w(78,2,16,4,4)
r(88,2,16,5,5)
r(1,86,16,6,6)
w(0,150,16,7,7)
w(1,87,16,8,8)
w(51,5,16,9,9)
r(7,22,16,10,10)
r(0,150,16,11,11)
w(14,14,16,12,12)
r(55,1,16,13,13)
w(94,2,16,14,14)
r(0,150,16,15,15)
r(4,28,16,16,16)
r(2,48,16,17,17)
r(1,87,16,18,18)
w(0,151,16,19,19)
r(6,25,16,20,20)
r(33,4,16,21,21)
r(2,48,16,22,22)
w(1,88,16,23,23)
w(6,26,16,24,24)
w(1,89,16,25,25)
w(2,49,16,26,26)
r(45,4,16,27,27)
w(18,8,16,28,28)
w(2,50,16,29,29)
w(18,9,16,30,30)
r(18,9,16,31,31)
w(7,23,16,32,32)
w(83,2,16,33,33)
w(25,8,16,34,34)
w(0,152,16,35,35)
w(1,90,16,36,36)
w(65,2,16,37,37)
r(2,50,16,38,38)
w(6,27,16,39,39)
r(20,7,16,40,40)
w(27,6,16,41,41)
r(0,152,16,42,42)
w(4,29,16,43,43)
w(3,34,16,44,44)
r(21,7,16,45,45)
r(6,27,16,46,46)
w(0,153,16,47,47)
r(5,29,16,48,48)
w(1,91,16,49,49)
w(10,11,16,50,50)
r(4,29,16,51,51)
r(25,8,16,52,52)
r(55,1,16,53,53)
w(4,30,16,54,54)
w(0,154,16,55,55)
w(0,155,16,56,56)
r(5,29,16,57,57)
w(0,156,16,58,58)
r(1,91,16,59,59)
w(97,5,16,60,60)
r(5,29,16,61,61)
w(4,31,16,62,62)
r(9,11,16,63,63)
r(1,91,16,64,64)
r(9,11,16,65,65)
w(2,51,16,66,66)
w(20,8,16,67,67)
r(25,8,16,68,68)
w(2,52,16,69,69)
w(0,157,16,70,70)
r(0,157,16,71,71)
r(1,91,16,72,72)
w(1,92,16,73,73)
r(1,92,16,74,74)
w(3,35,16,75,75)
w(0,158,16,76,76)
r(7,23,16,77,77)
w(10,12,16,78,78)
r(1,92,16,79,79)
w(1,93,16,80,80)
w(0,159,16,81,81)
r(7,23,16,82,82)
r(10,12,16,83,83)
r(50,2,16,84,84)
r(0,159,16,85,85)
w(19,10,16,86,86)
w(19,11,16,87,87)
r(12,8,16,88,88)
r(16,10,16,89,89)
w(9,12,16,90,90)
w(13,14,16,91,91)
w(43,3,16,92,92)
w(4,32,16,93,93)
r(12,8,16,94,94)
r(4,32,16,95,95)
w(28,5,16,96,96)
r(42,6,16,97,97)
r(90,2,16,98,98)
r(96,3,16,99,99)
w(10,13,17,0,0)
r(2,52,17,1,1)
r(23,6,17,2,2)
r(10,13,17,3,3)
w(4,33,17,4,4)
r(6,27,17,5,5)
r(18,9,17,6,6)
w(39,4,17,7,7)
r(92,3,17,8,8)
r(31,4,17,9,9)
r(20,8,17,10,10)
r(1,93,17,11,11)
r(73,3,17,12,12)
w(28,6,17,13,13)
w(60,3,17,14,14)
r(0,159,17,15,15)
r(49,2,17,16,16)
r(0,159,17,17,17)
w(0,160,17,18,18)
r(30,8,17,19,19)
r(0,160,17,20,20)
w(76,4,17,21,21)
w(28,7,17,22,22)
w(23,7,17,23,23)
w(3,36,17,24,24)
r(12,8,17,25,25)
r(45,4,17,26,26)
w(0,161,17,27,27)
r(6,27,17,28,28)
r(6,27,17,29,29)
r(48,2,17,30,30)
w(18,10,17,31,31)
w(81,2,17,32,32)
w(68,3,17,33,33)
w(2,53,17,34,34)
r(0,161,17,35,35)
w(2,54,17,36,36)
w(13,15,17,37,37)
r(1,93,17,38,38)
r(6,27,17,39,39)
r(0,161,17,40,40)
w(8,20,17,41,41)
w(26,5,17,42,42)
w(39,5,17,43,43)
w(33,5,17,44,44)
r(0,161,17,45,45)
r(21,7,17,46,46)
w(7,24,17,47,47)
r(6,27,17,48,48)
w(2,55,17,49,49)
w(3,37,17,50,50)
r(0,161,17,51,51)
r(10,13,17,52,52)
w(4,34,17,53,53)
w(76,5,17,54,54)
w(21,8,17,55,55)
r(16,10,17,56,56)
w(0,162,17,57,57)
r(3,37,17,58,58)
r(0,162,17,59,59)
r(8,20,17,60,60)
w(9,13,17,61,61)
w(0,163,17,62,62)
w(1,94,17,63,63)
w(42,7,17,64,64)
w(30,9,17,65,65)
w(27,7,17,66,66)
w(0,164,17,67,67)
r(38,7,17,68,68)
r(5,29,17,69,69)
r(35,6,17,70,70)
r(35,6,17,71,71)
r(0,164,17,72,72)
r(0,164,17,73,73)
w(14,15,17,74,74)
r(0,164,17,75,75)
w(28,8,17,76,76)
w(1,95,17,77,77)
r(1,95,17,78,78)
r(3,37,17,79,79)
r(8,20,17,80,80)
r(9,13,17,81,81)
r(21,8,17,82,82)
r(70,4,17,83,83)
w(9,14,17,84,84)
r(14,15,17,85,85)
r(33,5,17,86,86)
r(2,55,17,87,87)
w(21,9,17,88,88)
r(3,37,17,89,89)
w(72,5,17,90,90)
r(1,95,17,91,91)
r(10,13,17,92,92)
r(10,13,17,93,93)
w(7,25,17,94,94)
w(6,28,17,95,95)
r(3,37,17,96,96)
r(73,3,17,97,97)
w(5,30,17,98,98)
w(0,165,17,99,99)
r(27,7,18,0,0)
w(3,38,18,1,1)
w(3,39,18,2,2)
r(63,4,18,3,3)
r(6,28,18,4,4)
w(5,31,18,5,5)
r(38,7,18,6,6)
w(21,10,18,7,7)
w(1,96,18,8,8)
w(1,97,18,9,9)
w(22,9,18,10,10)
r(0,165,18,11,11)
w(3,40,18,12,12)
w(2,56,18,13,13)
w(7,26,18,14,14)
w(3,41,18,15,15)
w(91,3,18,16,16)
r(3,41,18,17,17)
r(43,3,18,18,18)
w(5,32,18,19,19)
w(9,15,18,20,20)
r(0,165,18,21,21)
w(0,166,18,22,22)
r(0,166,18,23,23)
w(1,98,18,24,24)
w(37,7,18,25,25)
r(2,56,18,26,26)
r(53,4,18,27,27)
r(0,166,18,28,28)
r(0,166,18,29,29)
r(1,98,18,30,30)
w(71,1,18,31,31)
r(0,166,18,32,32)
r(0,166,18,33,33)
r(3,41,18,34,34)
w(0,167,18,35,35)
w(22,10,18,36,36)
r(30,9,18,37,37)
r(0,167,18,38,38)
r(0,167,18,39,39)
w(60,4,18,40,40)
w(21,11,18,41,41)
r(6,28,18,42,42)
r(31,4,18,43,43)
w(11,12,18,44,44)
w(0,168,18,45,45)
r(1,98,18,46,46)
r(1,98,18,47,47)
w(24,9,18,48,48)
r(35,6,18,49,49)
r(0,168,18,50,50)
r(34,4,18,51,51)
w(8,21,18,52,52)
w(12,9,18,53,53)
w(0,169,18,54,54)
w(0,170,18,55,55)
r(1,98,18,56,56)
r(0,170,18,57,57)
r(4,34,18,58,58)
w(3,42,18,59,59)
w(86,4,18,60,60)
w(7,27,18,61,61)
r(24,9,18,62,62)
w(4,35,18,63,63)
r(0,170,18,64,64)
w(58,2,18,65,65)
w(19,12,18,66,66)
r(5,32,18,67,67)
r(3,42,18,68,68)
w(7,28,18,69,69)
r(1,98,18,70,70)
w(25,9,18,71,71)
r(18,10,18,72,72)
w(12,10,18,73,73)
w(18,11,18,74,74)
r(2,56,18,75,75)
r(14,15,18,76,76)
w(65,3,18,77,77)
w(9,16,18,78,78)
w(3,43,18,79,79)
r(0,170,18,80,80)
r(69,1,18,81,81)
r(3,43,18,82,82)
w(60,5,18,83,83)
r(22,10,18,84,84)
w(79,2,18,85,85)
r(3,43,18,86,86)
w(65,4,18,87,87)
r(0,170,18,88,88)
w(36,7,18,89,89)
r(10,13,18,90,90)
r(23,7,18,91,91)
r(1,98,18,92,92)
w(68,4,18,93,93)
w(0,171,18,94,94)
r(1,98,18,95,95)
w(17,8,18,96,96)
w(0,172,18,97,97)
w(0,173,18,98,98)
w(1,99,18,99,99)
w(83,3,19,0,0)
w(61,1,19,1,1)
w(0,174,19,2,2)
r(24,9,19,3,3)
w(0,175,19,4,4)
r(3,43,19,5,5)
w(22,11,19,6,6)
w(1,100,19,7,7)
w(2,57,19,8,8)
r(0,175,19,9,9)
w(3,44,19,10,10)
r(36,7,19,11,11)
w(9,17,19,12,12)
w(9,18,19,13,13)
w(2,58,19,14,14)
w(0,176,19,15,15)
r(80,3,19,16,16)
r(42,7,19,17,17)
r(6,28,19,18,18)
w(55,2,19,19,19)
r(46,4,19,20,20)
r(1,100,19,21,21)
r(67,0,19,22,22)
r(80,3,19,23,23)
w(25,10,19,24,24)
w(0,177,19,25,25)
w(46,5,19,26,26)
w(16,11,19,27,27)
w(26,6,19,28,28)
w(3,45,19,29,29)
w(20,9,19,30,30)
w(3,46,19,31,31)
w(38,8,19,32,32)
w(5,33,19,33,33)
r(32,5,19,34,34)
r(0,177,19,35,35)
r(5,33,19,36,36)
w(0,178,19,37,37)
w(45,5,19,38,38)
r(19,12,19,39,39)
w(5,34,19,40,40)
r(2,58,19,41,41)
r(4,35,19,42,42)
r(0,178,19,43,43)
r(1,100,19,44,44)
w(5,35,19,45,45)
w(71,2,19,46,46)
w(0,179,19,47,47)
r(17,8,19,48,48)
r(16,11,19,49,49)
w(0,180,19,50,50)
r(8,21,19,51,51)
w(78,3,19,52,52)
r(19,12,19,53,53)
w(5,36,19,54,54)
r(15,8,19,55,55)
r(91,3,19,56,56)
r(1,100,19,57,57)
r(24,9,19,58,58)
w(8,22,19,59,59)
w(2,59,19,60,60)
w(8,23,19,61,61)
w(0,181,19,62,62)
w(14,16,19,63,63)
r(22,11,19,64,64)
r(2,59,19,65,65)
r(29,3,19,66,66)
r(28,8,19,67,67)
r(0,181,19,68,68)
w(11,13,19,69,69)
w(0,182,19,70,70)
w(0,183,19,71,71)
r(1,100,19,72,72)
w(9,19,19,73,73)
w(2,60,19,74,74)
r(1,100,19,75,75)
w(1,101,19,76,76)
r(22,11,19,77,77)
r(0,183,19,78,78)
w(24,10,19,79,79)
w(0,184,19,80,80)
w(88,3,19,81,81)
w(2,61,19,82,82)
w(5,37,19,83,83)
r(7,28,19,84,84)
r(28,8,19,85,85)
w(0,185,19,86,86)
w(0,186,19,87,87)
r(67,0,19,88,88)
w(0,187,19,89,89)
r(2,61,19,90,90)
w(5,38,19,91,91)
w(38,9,19,92,92)
r(2,61,19,93,93)
r(34,4,19,94,94)
w(0,188,19,95,95)
r(8,23,19,96,96)
r(63,4,19,97,97)
w(32,6,19,98,98)
r(0,188,19,99,99)
w(2,62,20,0,0)
r(18,11,20,1,1)
w(3,47,20,2,2)
r(0,188,20,3,3)
r(0,188,20,4,4)
w(7,29,20,5,5)
w(0,189,20,6,6)
w(3,48,20,7,7)
r(0,189,20,8,8)
r(7,29,20,9,9)
w(26,7,20,10,10)
w(2,63,20,11,11)
w(0,190,20,12,12)
r(9,19,20,13,13)
w(58,3,20,14,14)
w(5,39,20,15,15)
r(20,9,20,16,16)
r(23,7,20,17,17)
w(14,17,20,18,18)
w(0,191,20,19,19)
w(0,192,20,20,20)
w(43,4,20,21,21)
r(2,63,20,22,22)
r(3,48,20,23,23)
r(6,28,20,24,24)
r(8,23,20,25,25)
w(37,8,20,26,26)
r(1,101,20,27,27)
r(5,39,20,28,28)
w(13,16,20,29,29)
r(0,192,20,30,30)
w(24,11,20,31,31)
r(11,13,20,32,32)
r(0,192,20,33,33)
r(2,63,20,34,34)
w(4,36,20,35,35)
r(0,192,20,36,36)
w(28,9,20,37,37)
r(0,192,20,38,38)
w(7,30,20,39,39)
w(0,193,20,40,40)
w(0,194,20,41,41)
r(0,194,20,42,42)
w(34,5,20,43,43)
w(0,195,20,44,44)
w(24,12,20,45,45)
r(0,195,20,46,46)
r(34,5,20,47,47)
r(0,195,20,48,48)
r(7,30,20,49,49)
w(1,102,20,50,50)
w(1,103,20,51,51)
w(8,24,20,52,52)
r(0,195,20,53,53)
r(0,195,20,54,54)
r(11,13,20,55,55)
w(1,104,20,56,56)
w(7,31,20,57,57)
r(0,195,20,58,58)
r(78,3,20,59,59)
w(0,196,20,60,60)
r(0,196,20,61,61)
w(18,12,20,62,62)
w(0,197,20,63,63)
w(0,198,20,64,64)
r(95,3,20,65,65)
r(1,104,20,66,66)
w(48,3,20,67,67)
w(0,199,20,68,68)
r(2,63,20,69,69)
r(38,9,20,70,70)
w(13,17,20,71,71)
r(3,48,20,72,72)
w(0,200,20,73,73)
r(2,63,20,74,74)
r(2,63,20,75,75)
r(41,5,20,76,76)
r(7,31,20,77,77)
r(2,63,20,78,78)
w(19,13,20,79,79)
w(6,29,20,80,80)
r(2,63,20,81,81)
r(37,8,20,82,82)
w(59,4,20,83,83)
w(0,201,20,84,84)
r(93,1,20,85,85)
w(0,202,20,86,86)
w(99,2,20,87,87)
r(12,10,20,88,88)
r(5,39,20,89,89)
r(43,4,20,90,90)
w(16,12,20,91,91)
r(62,2,20,92,92)
r(23,7,20,93,93)
r(9,19,20,94,94)
w(0,203,20,95,95)
r(3,48,20,96,96)
w(0,204,20,97,97)
r(27,7,20,98,98)
w(34,6,20,99,99)
w(7,32,21,0,0)
r(32,6,21,1,1)
w(5,40,21,2,2)
w(0,205,21,3,3)
r(20,9,21,4,4)
r(7,32,21,5,5)
w(1,105,21,6,6)
w(72,6,21,7,7)
r(11,13,21,8,8)
w(4,37,21,9,9)
r(37,8,21,10,10)
w(0,206,21,11,11)
w(0,207,21,12,12)
r(2,63,21,13,13)
w(2,64,21,14,14)
r(0,207,21,15,15)
r(12,10,21,16,16)
r(19,13,21,17,17)
w(3,49,21,18,18)
r(41,5,21,19,19)
w(58,4,21,20,20)
w(13,18,21,21,21)
r(7,32,21,22,22)
w(23,8,21,23,23)
r(36,7,21,24,24)
w(1,106,21,25,25)
w(0,208,21,26,26)
r(25,10,21,27,27)
r(0,208,21,28,28)
r(27,7,21,29,29)
w(0,209,21,30,30)
w(16,13,21,31,31)
w(0,210,21,32,32)
w(2,65,21,33,33)
r(48,3,21,34,34)
w(1,107,21,35,35)
w(3,50,21,36,36)
w(33,6,21,37,37)
r(3,50,21,38,38)
r(3,50,21,39,39)
w(38,10,21,40,40)
w(74,3,21,41,41)
r(0,210,21,42,42)
r(2,65,21,43,43)
r(86,4,21,44,44)
w(4,38,21,45,45)
r(81,2,21,46,46)
w(12,11,21,47,47)
w(5,41,21,48,48)
r(0,210,21,49,49)
w(5,42,21,50,50)
r(3,50,21,51,51)
w(13,19,21,52,52)
r(0,210,21,53,53)
r(8,24,21,54,54)
r(25,10,21,55,55)
w(1,108,21,56,56)
r(0,210,21,57,57)
r(3,50,21,58,58)
r(3,50,21,59,59)
r(0,210,21,60,60)
r(0,210,21,61,61)
r(10,13,21,62,62)
w(10,14,21,63,63)
r(0,210,21,64,64)
w(15,9,21,65,65)
w(28,10,21,66,66)
r(0,210,21,67,67)
r(49,2,21,68,68)
r(2,65,21,69,69)
w(1,109,21,70,70)
r(2,65,21,71,71)
r(13,19,21,72,72)
r(4,38,21,73,73)
w(6,30,21,74,74)
r(0,210,21,75,75)
w(0,211,21,76,76)
w(26,8,21,77,77)
r(4,38,21,78,78)
w(44,2,21,79,79)
r(0,211,21,80,80)
r(0,211,21,81,81)
w(11,14,21,82,82)
r(9,19,21,83,83)
w(0,212,21,84,84)
r(67,0,21,85,85)
r(1,109,21,86,86)
w(1,110,21,87,87)
r(47,2,21,88,88)
r(45,5,21,89,89)
w(8,25,21,90,90)
w(0,213,21,91,91)
r(39,5,21,92,92)
r(0,213,21,93,93)
r(0,213,21,94,94)
w(3,51,21,95,95)
r(5,42,21,96,96)
r(63,4,21,97,97)
r(17,8,21,98,98)
w(5,43,21,99,99)
w(21,12,22,0,0)
w(3,52,22,1,1)
r(24,12,22,2,2)
w(77,5,22,3,3)
r(65,4,22,4,4)
w(8,26,22,5,5)
r(3,52,22,6,6)
r(0,213,22,7,7)
r(0,213,22,8,8)
r(50,2,22,9,9)
w(7,33,22,10,10)
w(36,8,22,11,11)
w(38,11,22,12,12)
r(7,33,22,13,13)
w(28,11,22,14,14)
r(77,5,22,15,15)
r(1,110,22,16,16)
r(0,213,22,17,17)
r(13,19,22,18,18)
w(3,53,22,19,19)
w(53,5,22,20,20)
w(0,214,22,21,21)
r(10,14,22,22,22)
w(5,44,22,23,23)
w(9,20,22,24,24)
w(13,20,22,25,25)
w(2,66,22,26,26)
w(5,45,22,27,27)
r(14,17,22,28,28)
r(0,214,22,29,29)
w(0,215,22,30,30)
r(70,4,22,31,31)
w(0,216,22,32,32)
w(0,217,22,33,33)
r(53,5,22,34,34)
r(36,8,22,35,35)
w(85,3,22,36,36)
r(0,217,22,37,37)
r(36,8,22,38,38)
w(0,218,22,39,39)
r(15,9,22,40,40)
r(0,218,22,41,41)
r(0,218,22,42,42)
w(1,111,22,43,43)
r(34,6,22,44,44)
w(10,15,22,45,45)
r(7,33,22,46,46)
w(5,46,22,47,47)
r(0,218,22,48,48)
r(1,111,22,49,49)
w(19,14,22,50,50)
r(90,2,22,51,51)
w(57,1,22,52,52)
w(28,12,22,53,53)
w(4,39,22,54,54)
r(0,218,22,55,55)
w(0,219,22,56,56)
r(59,4,22,57,57)
r(6,30,22,58,58)
r(91,3,22,59,59)
r(10,15,22,60,60)
w(65,5,22,61,61)
w(58,5,22,62,62)
r(9,20,22,63,63)
w(19,15,22,64,64)
r(96,3,22,65,65)
r(0,219,22,66,66)
w(55,3,22,67,67)
w(32,7,22,68,68)
w(10,16,22,69,69)
w(70,5,22,70,70)
r(0,219,22,71,71)
r(34,6,22,72,72)
r(8,26,22,73,73)
r(5,46,22,74,74)
w(2,67,22,75,75)
r(33,6,22,76,76)
r(0,219,22,77,77)
r(4,39,22,78,78)
w(84,1,22,79,79)
w(3,54,22,80,80)
w(31,5,22,81,81)
w(6,31,22,82,82)
r(0,219,22,83,83)
w(38,12,22,84,84)
w(28,13,22,85,85)
w(20,10,22,86,86)
r(2,67,22,87,87)
w(21,13,22,88,88)
w(4,40,22,89,89)
w(0,220,22,90,90)
w(6,32,22,91,91)
w(4,41,22,92,92)
w(8,27,22,93,93)
w(0,221,22,94,94)
w(29,4,22,95,95)
w(6,33,22,96,96)
w(11,15,22,97,97)
r(2,67,22,98,98)
r(60,5,22,99,99)
r(67,0,23,0,0)
w(7,34,23,1,1)
r(4,41,23,2,2)
r(79,2,23,3,3)
w(95,4,23,4,4)
r(2,67,23,5,5)
r(1,111,23,6,6)
w(24,13,23,7,7)
w(0,222,23,8,8)
r(9,20,23,9,9)
w(12,12,23,10,10)
r(1,111,23,11,11)
w(0,223,23,12,12)
r(21,13,23,13,13)
r(3,54,23,14,14)
r(15,9,23,15,15)
r(7,34,23,16,16)
r(52,3,23,17,17)
r(0,223,23,18,18)
r(0,223,23,19,19)
r(23,8,23,20,20)
r(1,111,23,21,21)
r(15,9,23,22,22)
r(57,1,23,23,23)
w(1,112,23,24,24)
w(2,68,23,25,25)
r(76,5,23,26,26)
w(1,113,23,27,27)
w(3,55,23,28,28)
r(6,33,23,29,29)
w(17,9,23,30,30)
w(43,5,23,31,31)
r(97,5,23,32,32)
r(2,68,23,33,33)
r(2,68,23,34,34)
w(9,21,23,35,35)
r(11,15,23,36,36)
r(1,113,23,37,37)
r(76,5,23,38,38)
w(0,224,23,39,39)
r(1,113,23,40,40)
r(40,4,23,41,41)
w(3,56,23,42,42)
r(0,224,23,43,43)
w(8,28,23,44,44)
w(17,10,23,45,45)
r(7,34,23,46,46)
w(5,47,23,47,47)
r(34,6,23,48,48)
r(12,12,23,49,49)
w(3,57,23,50,50)
r(17,10,23,51,51)
w(49,3,23,52,52)
w(17,11,23,53,53)
w(25,11,23,54,54)
w(15,10,23,55,55)
r(0,224,23,56,56)
r(94,2,23,57,57)
r(12,12,23,58,58)
r(35,6,23,59,59)
r(6,33,23,60,60)
r(4,41,23,61,61)
r(1,113,23,62,62)
r(9,21,23,63,63)
r(24,13,23,64,64)
w(3,58,23,65,65)
r(83,3,23,66,66)
r(3,58,23,67,67)
r(87,1,23,68,68)
r(2,68,23,69,69)
r(2,68,23,70,70)
w(11,16,23,71,71)
w(9,22,23,72,72)
r(9,22,23,73,73)
w(9,23,23,74,74)
w(4,42,23,75,75)
r(18,12,23,76,76)
r(1,113,23,77,77)
r(4,42,23,78,78)
w(30,10,23,79,79)
r(0,224,23,80,80)
r(11,16,23,81,81)
w(87,2,23,82,82)
r(71,2,23,83,83)
w(0,225,23,84,84)
r(18,12,23,85,85)
r(75,2,23,86,86)
r(10,16,23,87,87)
w(0,226,23,88,88)
w(9,24,23,89,89)
r(23,8,23,90,90)
w(1,114,23,91,91)
w(16,14,23,92,92)
r(0,226,23,93,93)
w(0,227,23,94,94)
w(9,25,23,95,95)
w(36,9,23,96,96)
r(57,1,23,97,97)
w(67,1,23,98,98)
w(1,115,23,99,99)
w(22,12,24,0,0)
w(16,15,24,1,1)
r(49,3,24,2,2)
w(0,228,24,3,3)
w(20,11,24,4,4)
w(6,34,24,5,5)
w(35,7,24,6,6)
w(79,3,24,7,7)
r(5,47,24,8,8)
r(0,228,24,9,9)
w(2,69,24,10,10)
r(2,69,24,11,11)
r(11,16,24,12,12)
r(13,20,24,13,13)
r(0,228,24,14,14)
w(11,17,24,15,15)
r(18,12,24,16,16)
w(0,229,24,17,17)
r(36,9,24,18,18)
r(0,229,24,19,19)
r(4,42,24,20,20)
r(53,5,24,21,21)
w(8,29,24,22,22)
w(1,116,24,23,23)
r(1,116,24,24,24)
r(4,42,24,25,25)
w(11,18,24,26,26)
r(58,5,24,27,27)
r(46,5,24,28,28)
w(23,9,24,29,29)
r(21,13,24,30,30)
w(53,6,24,31,31)
r(20,11,24,32,32)
r(1,116,24,33,33)
w(6,35,24,34,34)
r(68,4,24,35,35)
w(1,117,24,36,36)
r(0,229,24,37,37)
w(1,118,24,38,38)
r(72,6,24,39,39)
w(1,119,24,40,40)
r(16,15,24,41,41)
w(0,230,24,42,42)
w(89,3,24,43,43)
r(50,2,24,44,44)
w(11,19,24,45,45)
w(2,70,24,46,46)
w(96,4,24,47,47)
w(52,4,24,48,48)
r(49,3,24,49,49)
r(1,119,24,50,50)
r(1,119,24,51,51)
w(1,120,24,52,52)
r(1,120,24,53,53)
r(2,70,24,54,54)
r(12,12,24,55,55)
w(0,231,24,56,56)
r(15,10,24,57,57)
w(4,43,24,58,58)
r(0,231,24,59,59)
r(3,58,24,60,60)
w(0,232,24,61,61)
w(2,71,24,62,62)
w(10,17,24,63,63)
w(22,13,24,64,64)
r(2,71,24,65,65)
r(6,35,24,66,66)
w(9,26,24,67,67)
r(1,120,24,68,68)
r(3,58,24,69,69)
r(11,19,24,70,70)
w(8,30,24,71,71)
r(0,232,24,72,72)
r(0,232,24,73,73)
w(12,13,24,74,74)
w(95,5,24,75,75)
r(18,12,24,76,76)
w(0,233,24,77,77)
r(4,43,24,78,78)
w(12,14,24,79,79)
w(0,234,24,80,80)
r(5,47,24,81,81)
w(0,235,24,82,82)
r(0,235,24,83,83)
r(6,35,24,84,84)
w(0,236,24,85,85)
w(42,8,24,86,86)
w(20,12,24,87,87)
r(9,26,24,88,88)
r(90,2,24,89,89)
r(1,120,24,90,90)
r(7,34,24,91,91)
r(1,120,24,92,92)
w(1,121,24,93,93)
r(0,236,24,94,94)
r(2,71,24,95,95)
r(82,3,24,96,96)
w(19,16,24,97,97)
r(1,121,24,98,98)
r(10,17,24,99,99)
r(76,5,25,0,0)
r(5,47,25,1,1)
w(10,18,25,2,2)
w(12,15,25,3,3)
w(40,5,25,4,4)
r(0,236,25,5,5)
w(0,237,25,6,6)
w(4,44,25,7,7)
w(38,13,25,8,8)
r(1,121,25,9,9)
r(10,18,25,10,10)
w(16,16,25,11,11)
w(12,16,25,12,12)
r(5,47,25,13,13)
w(9,27,25,14,14)
w(2,72,25,15,15)
r(19,16,25,16,16)
w(11,20,25,17,17)
r(16,16,25,18,18)
w(0,238,25,19,19)
w(48,4,25,20,20)
w(78,4,25,21,21)
r(0,238,25,22,22)
r(4,44,25,23,23)
w(99,3,25,24,24)
w(46,6,25,25,25)
r(12,16,25,26,26)
w(28,14,25,27,27)
r(78,4,25,28,28)
r(21,13,25,29,29)
r(2,72,25,30,30)
r(50,2,25,31,31)
r(1,121,25,32,32)
w(68,5,25,33,33)
w(15,11,25,34,34)
r(25,11,25,35,35)
w(44,3,25,36,36)
r(98,2,25,37,37)
w(0,239,25,38,38)
r(0,239,25,39,39)
w(1,122,25,40,40)
w(0,240,25,41,41)
r(99,3,25,42,42)
w(8,31,25,43,43)
w(19,17,25,44,44)
w(1,123,25,45,45)
w(1,124,25,46,46)
w(10,19,25,47,47)
r(0,240,25,48,48)
w(0,241,25,49,49)
r(85,3,25,50,50)
r(0,241,25,51,51)
w(38,14,25,52,52)
r(6,35,25,53,53)
w(2,73,25,54,54)
r(0,241,25,55,55)
w(78,5,25,56,56)
r(14,17,25,57,57)
r(0,241,25,58,58)
r(12,16,25,59,59)
r(8,31,25,60,60)
w(0,242,25,61,61)
r(39,5,25,62,62)
w(8,32,25,63,63)
r(0,242,25,64,64)
w(0,243,25,65,65)
r(27,7,25,66,66)
r(0,243,25,67,67)
w(76,6,25,68,68)
r(15,11,25,69,69)
w(7,35,25,70,70)
r(0,243,25,71,71)
r(25,11,25,72,72)
r(30,10,25,73,73)
w(1,125,25,74,74)
r(27,7,25,75,75)
r(0,243,25,76,76)
w(17,12,25,77,77)
w(0,244,25,78,78)
w(12,17,25,79,79)
r(64,3,25,80,80)
r(48,4,25,81,81)
w(5,48,25,82,82)
w(3,59,25,83,83)
w(91,4,25,84,84)
w(1,126,25,85,85)
w(14,18,25,86,86)
w(52,5,25,87,87)
w(2,74,25,88,88)
r(24,13,25,89,89)
r(27,7,25,90,90)
w(15,12,25,91,91)
r(3,59,25,92,92)
r(14,18,25,93,93)
r(8,32,25,94,94)
w(18,13,25,95,95)
r(22,13,25,96,96)
r(1,126,25,97,97)
r(10,19,25,98,98)
w(4,45,25,99,99)
w(0,245,26,0,0)
r(7,35,26,1,1)
w(29,5,26,2,2)
w(6,36,26,3,3)
w(16,17,26,4,4)
w(81,3,26,5,5)
r(9,27,26,6,6)
r(92,3,26,7,7)
w(0,246,26,8,8)
r(3,59,26,9,9)
w(5,49,26,10,10)
r(10,19,26,11,11)
w(1,127,26,12,12)
w(17,13,26,13,13)
r(4,45,26,14,14)
w(2,75,26,15,15)
w(18,14,26,16,16)
r(6,36,26,17,17)
r(8,32,26,18,18)
r(0,246,26,19,19)
r(2,75,26,20,20)
r(0,246,26,21,21)
r(3,59,26,22,22)
w(0,247,26,23,23)
w(34,7,26,24,24)
w(27,8,26,25,25)
r(7,35,26,26,26)
w(10,20,26,27,27)
w(29,6,26,28,28)
w(83,4,26,29,29)
w(23,10,26,30,30)
w(48,5,26,31,31)
r(90,2,26,32,32)
w(37,9,26,33,33)
r(14,18,26,34,34)
r(0,247,26,35,35)
r(94,2,26,36,36)
w(0,248,26,37,37)
w(19,18,26,38,38)
r(4,45,26,39,39)
r(0,248,26,40,40)
r(0,248,26,41,41)
r(32,7,26,42,42)
r(2,75,26,43,43)
w(1,128,26,44,44)
r(89,3,26,45,45)
w(0,249,26,46,46)
r(98,2,26,47,47)
r(3,59,26,48,48)
w(21,14,26,49,49)
w(31,6,26,50,50)
r(0,249,26,51,51)
w(52,6,26,52,52)
w(13,21,26,53,53)
w(28,15,26,54,54)
w(6,37,26,55,55)
w(85,4,26,56,56)
w(59,5,26,57,57)
r(1,128,26,58,58)
w(9,28,26,59,59)
r(0,249,26,60,60)
w(42,9,26,61,61)
w(5,50,26,62,62)
w(5,51,26,63,63)
r(0,249,26,64,64)
r(76,6,26,65,65)
r(49,3,26,66,66)
w(20,13,26,67,67)
w(37,10,26,68,68)
w(2,76,26,69,69)
r(13,21,26,70,70)
r(70,5,26,71,71)
r(2,76,26,72,72)
w(6,38,26,73,73)
r(97,5,26,74,74)
r(11,20,26,75,75)
r(8,32,26,76,76)
r(3,59,26,77,77)
w(0,250,26,78,78)
r(12,17,26,79,79)
r(0,250,26,80,80)
r(38,14,26,81,81)
w(28,16,26,82,82)
r(48,5,26,83,83)
w(49,4,26,84,84)
w(3,60,26,85,85)
r(0,250,26,86,86)
w(14,19,26,87,87)
r(5,51,26,88,88)
r(12,17,26,89,89)
r(6,38,26,90,90)
w(48,6,26,91,91)
r(81,3,26,92,92)
w(6,39,26,93,93)
r(2,76,26,94,94)
r(0,250,26,95,95)
r(2,76,26,96,96)
w(5,52,26,97,97)
r(3,60,26,98,98)
w(3,61,26,99,99)
w(1,129,27,0,0)
r(1,129,27,1,1)
r(65,5,27,2,2)
w(5,53,27,3,3)
r(7,35,27,4,4)
w(19,19,27,5,5)
r(2,76,27,6,6)
r(32,7,27,7,7)
w(0,251,27,8,8)
r(5,53,27,9,9)
w(4,46,27,10,10)
w(53,7,27,11,11)
r(7,35,27,12,12)
w(2,77,27,13,13)
r(17,13,27,14,14)
r(2,77,27,15,15)
r(62,2,27,16,16)
w(6,40,27,17,17)
w(0,252,27,18,18)
r(0,252,27,19,19)
r(0,252,27,20,20)
r(12,17,27,21,21)
w(12,18,27,22,22)
w(1,130,27,23,23)
w(48,7,27,24,24)
r(2,77,27,25,25)
r(11,20,27,26,26)
w(35,8,27,27,27)
r(0,252,27,28,28)
r(0,252,27,29,29)
r(31,6,27,30,30)
r(13,21,27,31,31)
w(2,78,27,32,32)
r(46,6,27,33,33)
w(2,79,27,34,34)
w(11,21,27,35,35)
r(4,46,27,36,36)
w(39,6,27,37,37)
w(3,62,27,38,38)
w(1,131,27,39,39)
w(1,132,27,40,40)
w(4,47,27,41,41)
w(24,14,27,42,42)
r(17,13,27,43,43)
w(14,20,27,44,44)
w(36,10,27,45,45)
w(0,253,27,46,46)
w(0,254,27,47,47)
w(10,21,27,48,48)
r(15,12,27,49,49)
r(2,79,27,50,50)
r(29,6,27,51,51)
w(51,6,27,52,52)
r(64,3,27,53,53)
r(2,79,27,54,54)
r(38,14,27,55,55)
w(33,7,27,56,56)
r(1,132,27,57,57)
w(13,22,27,58,58)
r(92,3,27,59,59)
r(0,254,27,60,60)
w(29,7,27,61,61)
w(4,48,27,62,62)
r(0,254,27,63,63)
r(1,132,27,64,64)
w(11,22,27,65,65)
w(0,255,27,66,66)
w(12,19,27,67,67)
w(1,133,27,68,68)
w(66,2,27,69,69)
r(0,255,27,70,70)
w(13,23,27,71,71)
w(52,7,27,72,72)
r(17,13,27,73,73)
r(3,62,27,74,74)
w(0,256,27,75,75)
w(72,7,27,76,76)
w(0,257,27,77,77)
r(70,5,27,78,78)
w(1,134,27,79,79)
w(0,258,27,80,80)
w(3,63,27,81,81)
r(81,3,27,82,82)
r(14,20,27,83,83)
r(2,79,27,84,84)
r(2,79,27,85,85)
r(21,14,27,86,86)
w(4,49,27,87,87)
r(0,258,27,88,88)
w(12,20,27,89,89)
w(17,14,27,90,90)
r(41,5,27,91,91)
r(1,134,27,92,92)
w(1,135,27,93,93)
r(1,135,27,94,94)
w(7,36,27,95,95)
r(2,79,27,96,96)
w(8,33,27,97,97)
w(71,3,27,98,98)
r(48,7,27,99,99)
w(17,15,28,0,0)
w(0,259,28,1,1)
r(22,13,28,2,2)
w(8,34,28,3,3)
w(0,260,28,4,4)
w(0,261,28,5,5)
w(0,262,28,6,6)
w(3,64,28,7,7)
w(31,7,28,8,8)
w(15,13,28,9,9)
r(0,262,28,10,10)
w(24,15,28,11,11)
r(1,135,28,12,12)
r(23,10,28,13,13)
w(51,7,28,14,14)
w(3,65,28,15,15)
r(8,34,28,16,16)
w(65,6,28,17,17)
r(27,8,28,18,18)
w(0,263,28,19,19)
w(7,37,28,20,20)
w(2,80,28,21,21)
r(52,7,28,22,22)
w(0,264,28,23,23)
w(3,66,28,24,24)
w(13,24,28,25,25)
w(20,14,28,26,26)
w(4,50,28,27,27)
w(1,136,28,28,28)
r(0,264,28,29,29)
w(9,29,28,30,30)
w(4,51,28,31,31)
r(0,264,28,32,32)
w(1,137,28,33,33)
r(7,37,28,34,34)
w(44,4,28,35,35)
w(1,138,28,36,36)
w(1,139,28,37,37)
w(18,15,28,38,38)
w(10,22,28,39,39)
r(17,15,28,40,40)
r(24,15,28,41,41)
w(11,23,28,42,42)
w(6,41,28,43,43)
w(0,265,28,44,44)
w(2,81,28,45,45)
w(47,3,28,46,46)
r(1,139,28,47,47)
w(13,25,28,48,48)
w(17,16,28,49,49)
w(15,14,28,50,50)
r(0,265,28,51,51)
r(58,5,28,52,52)
r(0,265,28,53,53)
r(0,265,28,54,54)
w(2,82,28,55,55)
r(45,5,28,56,56)
w(49,5,28,57,57)
r(0,265,28,58,58)
r(0,265,28,59,59)
r(8,34,28,60,60)
r(0,265,28,61,61)
r(33,7,28,62,62)
w(7,38,28,63,63)
w(32,8,28,64,64)
w(0,266,28,65,65)
r(1,139,28,66,66)
w(35,9,28,67,67)
w(20,15,28,68,68)
r(42,9,28,69,69)
r(12,20,28,70,70)
r(21,14,28,71,71)
r(6,41,28,72,72)
w(0,267,28,73,73)
r(2,82,28,74,74)
r(1,139,28,75,75)
w(35,10,28,76,76)
w(1,140,28,77,77)
w(49,6,28,78,78)
r(15,14,28,79,79)
w(35,11,28,80,80)
r(0,267,28,81,81)
r(16,17,28,82,82)
w(6,42,28,83,83)
w(9,30,28,84,84)
w(0,268,28,85,85)
r(5,53,28,86,86)
r(3,66,28,87,87)
r(3,66,28,88,88)
w(0,269,28,89,89)
r(11,23,28,90,90)
w(1,141,28,91,91)
r(5,53,28,92,92)
w(65,7,28,93,93)
w(6,43,28,94,94)
w(2,83,28,95,95)
w(33,8,28,96,96)
w(99,4,28,97,97)
w(0,270,28,98,98)
w(18,16,28,99,99)
w(10,23,29,0,0)
r(9,30,29,1,1)
r(16,17,29,2,2)
r(13,25,29,3,3)
w(0,271,29,4,4)
w(0,272,29,5,5)
w(0,273,29,6,6)
w(91,5,29,7,7)
r(1,141,29,8,8)
w(1,142,29,9,9)
w(0,274,29,10,10)
r(1,142,29,11,11)
r(8,34,29,12,12)
r(14,20,29,13,13)
w(11,24,29,14,14)
r(6,43,29,15,15)
w(4,52,29,16,16)
r(6,43,29,17,17)
r(30,10,29,18,18)
r(0,274,29,19,19)
r(10,23,29,20,20)
w(10,24,29,21,21)
w(3,67,29,22,22)
w(89,4,29,23,23)
r(26,8,29,24,24)
w(1,143,29,25,25)
w(11,25,29,26,26)
r(3,67,29,27,27)
r(7,38,29,28,28)
r(10,24,29,29,29)
r(6,43,29,30,30)
r(48,7,29,31,31)
w(67,2,29,32,32)
w(10,25,29,33,33)
w(1,144,29,34,34)
w(17,17,29,35,35)
r(3,67,29,36,36)
w(57,2,29,37,37)
r(1,144,29,38,38)
w(4,53,29,39,39)
w(9,31,29,40,40)
w(12,21,29,41,41)
r(5,53,29,42,42)
w(11,26,29,43,43)
w(73,4,29,44,44)
r(0,274,29,45,45)
r(58,5,29,46,46)
r(24,15,29,47,47)
w(23,11,29,48,48)
w(0,275,29,49,49)
w(1,145,29,50,50)
w(1,146,29,51,51)
w(0,276,29,52,52)
r(5,53,29,53,53)
w(13,26,29,54,54)
r(17,17,29,55,55)
w(0,277,29,56,56)
w(0,278,29,57,57)
r(2,83,29,58,58)
r(4,53,29,59,59)
r(0,278,29,60,60)
w(4,54,29,61,61)
r(1,146,29,62,62)
r(0,278,29,63,63)
r(6,43,29,64,64)
r(74,3,29,65,65)
w(23,12,29,66,66)
r(81,3,29,67,67)
w(8,35,29,68,68)
w(4,55,29,69,69)
w(1,147,29,70,70)
r(2,83,29,71,71)
w(32,9,29,72,72)
w(19,20,29,73,73)
w(19,21,29,74,74)
r(32,9,29,75,75)
r(20,15,29,76,76)
w(8,36,29,77,77)
r(4,55,29,78,78)
w(0,279,29,79,79)
w(0,280,29,80,80)
w(2,84,29,81,81)
w(0,281,29,82,82)
w(3,68,29,83,83)
r(7,38,29,84,84)
w(2,85,29,85,85)
r(5,53,29,86,86)
w(1,148,29,87,87)
w(86,5,29,88,88)
r(69,1,29,89,89)
r(0,281,29,90,90)
r(0,281,29,91,91)
w(13,27,29,92,92)
w(2,86,29,93,93)
w(2,87,29,94,94)
w(2,88,29,95,95)
r(3,68,29,96,96)
w(0,282,29,97,97)
r(1,148,29,98,98)
r(16,17,29,99,99)
r(4,55,30,0,0)
r(1,148,30,1,1)
r(11,26,30,2,2)
r(8,36,30,3,3)
r(0,282,30,4,4)
w(41,6,30,5,5)
r(5,53,30,6,6)
r(15,14,30,7,7)
w(0,283,30,8,8)
r(11,26,30,9,9)
w(0,284,30,10,10)
r(0,284,30,11,11)
r(49,6,30,12,12)
w(0,285,30,13,13)
w(1,149,30,14,14)
r(24,15,30,15,15)
w(0,286,30,16,16)
r(15,14,30,17,17)
r(3,68,30,18,18)
w(5,54,30,19,19)
r(7,38,30,20,20)
w(17,18,30,21,21)
w(0,287,30,22,22)
w(5,55,30,23,23)
w(33,9,30,24,24)
r(5,55,30,25,25)
w(21,15,30,26,26)
w(95,6,30,27,27)
w(2,89,30,28,28)
w(11,27,30,29,29)
r(35,11,30,30,30)
w(64,4,30,31,31)
w(28,17,30,32,32)
r(40,5,30,33,33)
r(6,43,30,34,34)
r(32,9,30,35,35)
r(0,287,30,36,36)
r(0,287,30,37,37)
w(17,19,30,38,38)
r(0,287,30,39,39)
w(7,39,30,40,40)
w(31,8,30,41,41)
w(14,21,30,42,42)
r(0,287,30,43,43)
r(17,19,30,44,44)
r(0,287,30,45,45)
r(2,89,30,46,46)
r(0,287,30,47,47)
r(22,13,30,48,48)
r(20,15,30,49,49)
r(0,287,30,50,50)
r(34,7,30,51,51)
w(2,90,30,52,52)
r(0,287,30,53,53)
w(23,13,30,54,54)
r(26,8,30,55,55)
w(1,150,30,56,56)
r(9,31,30,57,57)
w(13,28,30,58,58)
w(1,151,30,59,59)
w(0,288,30,60,60)
r(2,90,30,61,61)
w(13,29,30,62,62)
w(2,91,30,63,63)
r(8,36,30,64,64)
r(55,3,30,65,65)
w(18,17,30,66,66)
w(53,8,30,67,67)
r(12,21,30,68,68)
r(0,288,30,69,69)
r(1,151,30,70,70)
w(0,289,30,71,71)
r(0,289,30,72,72)
w(1,152,30,73,73)
r(82,3,30,74,74)
w(76,7,30,75,75)
w(46,7,30,76,76)
r(93,1,30,77,77)
w(1,153,30,78,78)
w(3,69,30,79,79)
r(1,153,30,80,80)
r(62,2,30,81,81)
r(1,153,30,82,82)
w(97,6,30,83,83)
w(20,16,30,84,84)
r(41,6,30,85,85)
r(6,43,30,86,86)
r(16,17,30,87,87)
w(27,9,30,88,88)
w(88,4,30,89,89)
w(97,7,30,90,90)
w(94,3,30,91,91)
r(0,289,30,92,92)
r(3,69,30,93,93)
w(34,8,30,94,94)
w(13,30,30,95,95)
w(5,56,30,96,96)
w(1,154,30,97,97)
w(3,70,30,98,98)
w(5,57,30,99,99)
r(3,70,31,0,0)
r(0,289,31,1,1)
w(0,290,31,2,2)
r(5,57,31,3,3)
r(30,10,31,4,4)
w(83,5,31,5,5)
r(60,5,31,6,6)
r(2,91,31,7,7)
r(82,3,31,8,8)
w(0,291,31,9,9)
w(3,71,31,10,10)
w(51,8,31,11,11)
w(80,4,31,12,12)
r(49,6,31,13,13)
w(0,292,31,14,14)
w(9,32,31,15,15)
r(10,25,31,16,16)
w(1,155,31,17,17)
r(16,17,31,18,18)
r(0,292,31,19,19)
w(19,22,31,20,20)
w(72,8,31,21,21)
r(10,25,31,22,22)
r(44,4,31,23,23)
r(36,10,31,24,24)
r(0,292,31,25,25)
r(75,2,31,26,26)
r(6,43,31,27,27)
w(20,17,31,28,28)
r(0,292,31,29,29)
w(2,92,31,30,30)
r(4,55,31,31,31)
w(4,56,31,32,32)
w(0,293,31,33,33)
w(2,93,31,34,34)
r(55,3,31,35,35)
r(1,155,31,36,36)
w(26,9,31,37,37)
r(36,10,31,38,38)
w(0,294,31,39,39)
r(1,155,31,40,40)
r(2,93,31,41,41)
r(3,71,31,42,42)
w(5,58,31,43,43)
r(0,294,31,44,44)
r(70,5,31,45,45)
r(5,58,31,46,46)
r(33,9,31,47,47)
w(0,295,31,48,48)
r(26,9,31,49,49)
w(2,94,31,50,50)
w(0,296,31,51,51)
w(43,6,31,52,52)
r(29,7,31,53,53)
w(26,10,31,54,54)
w(0,297,31,55,55)
w(5,59,31,56,56)
r(26,10,31,57,57)
w(3,72,31,58,58)
w(12,22,31,59,59)
r(0,297,31,60,60)
r(9,32,31,61,61)
w(6,44,31,62,62)
w(0,298,31,63,63)
r(44,4,31,64,64)
w(0,299,31,65,65)
w(28,18,31,66,66)
w(0,300,31,67,67)
r(1,155,31,68,68)
r(4,56,31,69,69)
w(40,6,31,70,70)
w(12,23,31,71,71)
r(2,94,31,72,72)
r(3,72,31,73,73)
w(3,73,31,74,74)
r(4,56,31,75,75)
r(0,300,31,76,76)
w(3,74,31,77,77)
w(1,156,31,78,78)
w(16,18,31,79,79)
r(27,9,31,80,80)
w(0,301,31,81,81)
r(64,4,31,82,82)
r(0,301,31,83,83)
r(1,156,31,84,84)
r(0,301,31,85,85)
w(2,95,31,86,86)
w(84,2,31,87,87)
w(46,8,31,88,88)
w(38,15,31,89,89)
w(20,18,31,90,90)
w(3,75,31,91,91)
w(4,57,31,92,92)
w(9,33,31,93,93)
w(26,11,31,94,94)
w(1,157,31,95,95)
r(30,10,31,96,96)
w(1,158,31,97,97)
r(49,6,31,98,98)
r(3,75,31,99,99)
r(2,95,32,0,0)
w(2,96,32,1,1)
r(0,301,32,2,2)
w(3,76,32,3,3)
r(8,36,32,4,4)
r(4,57,32,5,5)
r(24,15,32,6,6)
r(5,59,32,7,7)
w(2,97,32,8,8)
r(4,57,32,9,9)
w(3,77,32,10,10)
r(6,44,32,11,11)
w(17,20,32,12,12)
w(42,10,32,13,13)
r(21,15,32,14,14)
r(0,301,32,15,15)
w(1,159,32,16,16)
w(34,9,32,17,17)
w(2,98,32,18,18)
w(62,3,32,19,19)
r(13,30,32,20,20)
w(0,302,32,21,21)
r(1,159,32,22,22)
w(65,8,32,23,23)
w(0,303,32,24,24)
w(29,8,32,25,25)
w(41,7,32,26,26)
w(89,5,32,27,27)
w(26,12,32,28,28)
w(6,45,32,29,29)
w(80,5,32,30,30)
r(61,1,32,31,31)
w(33,10,32,32,32)
r(0,303,32,33,33)
r(15,14,32,34,34)
w(0,304,32,35,35)
r(2,98,32,36,36)
r(5,59,32,37,37)
w(6,46,32,38,38)
w(0,305,32,39,39)
w(31,9,32,40,40)
r(74,3,32,41,41)
w(59,6,32,42,42)
r(0,305,32,43,43)
r(7,39,32,44,44)
r(0,305,32,45,45)
w(1,160,32,46,46)
w(1,161,32,47,47)
r(37,10,32,48,48)
r(4,57,32,49,49)
w(4,58,32,50,50)
r(47,3,32,51,51)
r(8,36,32,52,52)
r(9,33,32,53,53)
r(0,305,32,54,54)
w(12,24,32,55,55)
w(34,10,32,56,56)
r(54,1,32,57,57)
r(16,18,32,58,58)
r(13,30,32,59,59)
r(2,98,32,60,60)
r(7,39,32,61,61)
r(69,1,32,62,62)
r(24,15,32,63,63)
r(4,58,32,64,64)
r(0,305,32,65,65)
r(1,161,32,66,66)
w(8,37,32,67,67)
w(36,11,32,68,68)
r(10,25,32,69,69)
r(0,305,32,70,70)
w(2,99,32,71,71)
r(3,77,32,72,72)
r(32,9,32,73,73)
r(2,99,32,74,74)
w(10,26,32,75,75)
w(81,4,32,76,76)
w(22,14,32,77,77)
w(1,162,32,78,78)
w(1,163,32,79,79)
r(32,9,32,80,80)
r(99,4,32,81,81)
r(6,46,32,82,82)
w(1,164,32,83,83)
w(91,6,32,84,84)
r(0,305,32,85,85)
w(0,306,32,86,86)
w(0,307,32,87,87)
w(87,3,32,88,88)
w(5,60,32,89,89)
r(5,60,32,90,90)
r(30,10,32,91,91)
w(0,308,32,92,92)
w(4,59,32,93,93)
r(46,8,32,94,94)
w(1,165,32,95,95)
r(36,11,32,96,96)
r(57,2,32,97,97)
r(50,2,32,98,98)
w(1,166,32,99,99)
w(26,13,33,0,0)
w(1,167,33,1,1)
w(0,309,33,2,2)
w(33,11,33,3,3)
w(83,6,33,4,4)
r(0,309,33,5,5)
w(8,38,33,6,6)
r(1,167,33,7,7)
w(4,60,33,8,8)
r(12,24,33,9,9)
r(0,309,33,10,10)
w(0,310,33,11,11)
w(13,31,33,12,12)
r(9,33,33,13,13)
r(1,167,33,14,14)
r(1,167,33,15,15)
r(8,38,33,16,16)
w(8,39,33,17,17)
w(0,311,33,18,18)
r(49,6,33,19,19)
w(0,312,33,20,20)
w(0,313,33,21,21)
r(15,14,33,22,22)
w(0,314,33,23,23)
w(60,6,33,24,24)
w(40,7,33,25,25)
w(21,16,33,26,26)
r(6,46,33,27,27)
w(1,168,33,28,28)
r(32,9,33,29,29)
r(0,314,33,30,30)
w(1,169,33,31,31)
w(11,28,33,32,32)
w(77,6,33,33,33)
w(0,315,33,34,34)
w(1,170,33,35,35)
r(6,46,33,36,36)
r(19,22,33,37,37)
r(2,99,33,38,38)
w(34,11,33,39,39)
r(9,33,33,40,40)
r(20,18,33,41,41)
r(0,315,33,42,42)
r(1,170,33,43,43)
w(8,40,33,44,44)
r(6,46,33,45,45)
r(24,15,33,46,46)
r(40,7,33,47,47)
r(42,10,33,48,48)
w(3,78,33,49,49)
w(10,27,33,50,50)
w(15,15,33,51,51)
w(21,17,33,52,52)
r(41,7,33,53,53)
r(5,60,33,54,54)
w(3,79,33,55,55)
w(29,9,33,56,56)
w(10,28,33,57,57)
w(0,316,33,58,58)
r(40,7,33,59,59)
r(16,18,33,60,60)
w(57,3,33,61,61)
w(6,47,33,62,62)
w(26,14,33,63,63)
w(2,100,33,64,64)
r(2,100,33,65,65)
r(1,170,33,66,66)
r(4,60,33,67,67)
w(39,7,33,68,68)
w(2,101,33,69,69)
r(4,60,33,70,70)
w(30,11,33,71,71)
w(0,317,33,72,72)
w(13,32,33,73,73)
r(69,1,33,74,74)
r(8,40,33,75,75)
w(0,318,33,76,76)
w(1,171,33,77,77)
w(1,172,33,78,78)
w(3,80,33,79,79)
r(2,101,33,80,80)
w(43,7,33,81,81)
w(17,21,33,82,82)
w(9,34,33,83,83)
r(0,318,33,84,84)
r(48,7,33,85,85)
w(4,61,33,86,86)
w(7,40,33,87,87)
w(44,5,33,88,88)
w(3,81,33,89,89)
w(39,8,33,90,90)
w(5,61,33,91,91)
r(18,17,33,92,92)
w(77,7,33,93,93)
w(0,319,33,94,94)
w(2,102,33,95,95)
w(6,48,33,96,96)
r(10,28,33,97,97)
r(1,172,33,98,98)
w(70,6,33,99,99)
r(46,8,34,0,0)
w(96,5,34,1,1)
r(57,3,34,2,2)
w(1,173,34,3,3)
w(29,10,34,4,4)
r(18,17,34,5,5)
w(8,41,34,6,6)
r(54,1,34,7,7)
r(2,102,34,8,8)
r(11,28,34,9,9)
w(6,49,34,10,10)
w(14,22,34,11,11)
r(56,5,34,12,12)
r(79,3,34,13,13)
r(3,81,34,14,14)
r(8,41,34,15,15)
r(34,11,34,16,16)
w(7,41,34,17,17)
r(0,319,34,18,18)
r(0,319,34,19,19)
w(0,320,34,20,20)
w(19,23,34,21,21)
r(0,320,34,22,22)
r(11,28,34,23,23)
r(7,41,34,24,24)
w(19,24,34,25,25)
w(0,321,34,26,26)
r(1,173,34,27,27)
r(92,3,34,28,28)
r(2,102,34,29,29)
w(2,103,34,30,30)
w(62,4,34,31,31)
w(52,8,34,32,32)
w(11,29,34,33,33)
r(2,103,34,34,34)
w(62,5,34,35,35)
r(2,103,34,36,36)
w(1,174,34,37,37)
r(1,174,34,38,38)
w(1,175,34,39,39)
r(0,321,34,40,40)
w(4,62,34,41,41)
r(77,7,34,42,42)
w(14,23,34,43,43)
w(67,3,34,44,44)
r(10,28,34,45,45)
r(7,41,34,46,46)
w(1,176,34,47,47)
w(1,177,34,48,48)
w(4,63,34,49,49)
w(2,104,34,50,50)
w(39,9,34,51,51)
w(5,62,34,52,52)
r(0,321,34,53,53)
r(7,41,34,54,54)
w(0,322,34,55,55)
w(0,323,34,56,56)
w(2,105,34,57,57)
r(3,81,34,58,58)
r(1,177,34,59,59)
w(0,324,34,60,60)
w(6,50,34,61,61)
r(15,15,34,62,62)
w(10,29,34,63,63)
w(5,63,34,64,64)
r(37,10,34,65,65)
r(8,41,34,66,66)
w(6,51,34,67,67)
r(8,41,34,68,68)
r(21,17,34,69,69)
r(0,324,34,70,70)
w(11,30,34,71,71)
r(40,7,34,72,72)
r(0,324,34,73,73)
r(10,29,34,74,74)
r(95,6,34,75,75)
r(0,324,34,76,76)
r(7,41,34,77,77)
r(21,17,34,78,78)
w(2,106,34,79,79)
w(0,325,34,80,80)
w(65,9,34,81,81)
w(2,107,34,82,82)
w(9,35,34,83,83)
r(72,8,34,84,84)
w(11,31,34,85,85)
r(41,7,34,86,86)
r(2,107,34,87,87)
r(4,63,34,88,88)
w(22,15,34,89,89)
r(0,325,34,90,90)
r(1,177,34,91,91)
w(0,326,34,92,92)
r(3,81,34,93,93)
w(50,3,34,94,94)
r(0,326,34,95,95)
r(32,9,34,96,96)
r(76,7,34,97,97)
r(28,18,34,98,98)
r(4,63,34,99,99)
r(76,7,35,0,0)
r(15,15,35,1,1)
w(0,327,35,2,2)
w(2,108,35,3,3)
w(8,42,35,4,4)
r(92,3,35,5,5)
w(1,178,35,6,6)
w(1,179,35,7,7)
r(5,63,35,8,8)
w(36,12,35,9,9)
w(0,328,35,10,10)
r(52,8,35,11,11)
w(6,52,35,12,12)
w(2,109,35,13,13)
w(2,110,35,14,14)
r(0,328,35,15,15)
r(4,63,35,16,16)
w(36,13,35,17,17)
r(1,179,35,18,18)
w(3,82,35,19,19)
w(1,180,35,20,20)
r(3,82,35,21,21)
r(44,5,35,22,22)
r(0,328,35,23,23)
w(0,329,35,24,24)
r(2,110,35,25,25)
r(62,5,35,26,26)
w(0,330,35,27,27)
w(74,4,35,28,28)
r(13,32,35,29,29)
w(0,331,35,30,30)
w(10,30,35,31,31)
r(44,5,35,32,32)
w(59,7,35,33,33)
r(1,180,35,34,34)
r(20,18,35,35,35)
r(0,331,35,36,36)
w(0,332,35,37,37)
w(1,181,35,38,38)
r(11,31,35,39,39)
r(1,181,35,40,40)
r(8,42,35,41,41)
r(0,332,35,42,42)
r(52,8,35,43,43)
w(0,333,35,44,44)
r(4,63,35,45,45)
w(2,111,35,46,46)
w(9,36,35,47,47)
w(25,12,35,48,48)
w(4,64,35,49,49)
r(19,24,35,50,50)
r(13,32,35,51,51)
w(15,16,35,52,52)
r(0,333,35,53,53)
r(0,333,35,54,54)
r(0,333,35,55,55)
r(26,14,35,56,56)
w(20,19,35,57,57)
r(0,333,35,58,58)
r(0,333,35,59,59)
w(16,19,35,60,60)
w(1,182,35,61,61)
w(0,334,35,62,62)
w(0,335,35,63,63)
r(11,31,35,64,64)
r(1,182,35,65,65)
w(0,336,35,66,66)
w(39,10,35,67,67)
w(11,32,35,68,68)
r(47,3,35,69,69)
r(53,8,35,70,70)
r(11,32,35,71,71)
r(7,41,35,72,72)
r(7,41,35,73,73)
r(3,82,35,74,74)
r(3,82,35,75,75)
r(1,182,35,76,76)
r(11,32,35,77,77)
r(53,8,35,78,78)
r(12,24,35,79,79)
r(29,10,35,80,80)
r(5,63,35,81,81)
w(74,5,35,82,82)
r(0,336,35,83,83)
w(6,53,35,84,84)
r(9,36,35,85,85)
w(93,2,35,86,86)
r(3,82,35,87,87)
r(16,19,35,88,88)
w(1,183,35,89,89)
r(4,64,35,90,90)
w(1,184,35,91,91)
w(20,20,35,92,92)
w(1,185,35,93,93)
w(3,83,35,94,94)
r(0,336,35,95,95)
w(0,337,35,96,96)
w(32,10,35,97,97)
r(3,83,35,98,98)
r(3,83,35,99,99)
w(1,186,36,0,0)
r(78,5,36,1,1)
r(64,4,36,2,2)
r(35,11,36,3,3)
r(4,64,36,4,4)
r(2,111,36,5,5)
r(6,53,36,6,6)
r(3,83,36,7,7)
w(15,17,36,8,8)
w(1,187,36,9,9)
r(0,337,36,10,10)
r(22,15,36,11,11)
r(4,64,36,12,12)
w(2,112,36,13,13)
w(3,84,36,14,14)
r(1,187,36,15,15)
w(1,188,36,16,16)
r(23,13,36,17,17)
w(1,189,36,18,18)
r(14,23,36,19,19)
w(29,11,36,20,20)
r(77,7,36,21,21)
r(66,2,36,22,22)
r(59,7,36,23,23)
r(21,17,36,24,24)
r(0,337,36,25,25)
w(3,85,36,26,26)
r(29,11,36,27,27)
w(12,25,36,28,28)
r(3,85,36,29,29)
r(0,337,36,30,30)
r(46,8,36,31,31)
w(0,338,36,32,32)
r(7,41,36,33,33)
w(0,339,36,34,34)
r(1,189,36,35,35)
r(84,2,36,36,36)
r(3,85,36,37,37)
w(88,5,36,38,38)
r(19,24,36,39,39)
w(21,18,36,40,40)
r(8,42,36,41,41)
w(0,340,36,42,42)
w(1,190,36,43,43)
r(53,8,36,44,44)
w(1,191,36,45,45)
r(36,13,36,46,46)
w(1,192,36,47,47)
r(2,112,36,48,48)
r(26,14,36,49,49)
r(12,25,36,50,50)
w(14,24,36,51,51)
w(59,8,36,52,52)
r(1,192,36,53,53)
r(0,340,36,54,54)
r(0,340,36,55,55)
r(21,18,36,56,56)
w(10,31,36,57,57)
w(0,341,36,58,58)
w(1,193,36,59,59)
r(22,15,36,60,60)
r(0,341,36,61,61)
w(56,6,36,62,62)
r(1,193,36,63,63)
w(1,194,36,64,64)
r(24,15,36,65,65)
w(0,342,36,66,66)
r(1,194,36,67,67)
w(1,195,36,68,68)
r(0,342,36,69,69)
r(0,342,36,70,70)
r(8,42,36,71,71)
r(54,1,36,72,72)
w(12,26,36,73,73)
w(24,16,36,74,74)
w(14,25,36,75,75)
w(6,54,36,76,76)
r(2,112,36,77,77)
w(15,18,36,78,78)
w(0,343,36,79,79)
r(0,343,36,80,80)
w(0,344,36,81,81)
w(1,196,36,82,82)
r(83,6,36,83,83)
w(0,345,36,84,84)
r(13,32,36,85,85)
r(23,13,36,86,86)
w(23,14,36,87,87)
w(18,18,36,88,88)
w(0,346,36,89,89)
r(3,85,36,90,90)
r(14,25,36,91,91)
r(75,2,36,92,92)
w(75,3,36,93,93)
r(3,85,36,94,94)
r(0,346,36,95,95)
r(2,112,36,96,96)
r(0,346,36,97,97)
r(0,346,36,98,98)
r(0,346,36,99,99)
r(27,9,37,0,0)
r(58,5,37,1,1)
r(63,4,37,2,2)
r(12,26,37,3,3)
w(86,6,37,4,4)
r(8,42,37,5,5)
w(28,19,37,6,6)
w(13,33,37,7,7)
w(0,347,37,8,8)
w(0,348,37,9,9)
w(0,349,37,10,10)
w(16,20,37,11,11)
w(9,37,37,12,12)
r(2,112,37,13,13)
r(79,3,37,14,14)
w(56,7,37,15,15)
w(83,7,37,16,16)
w(0,350,37,17,17)
w(8,43,37,18,18)
r(2,112,37,19,19)
w(72,9,37,20,20)
r(2,112,37,21,21)
r(0,350,37,22,22)
r(0,350,37,23,23)
r(53,8,37,24,24)
w(35,12,37,25,25)
w(59,9,37,26,26)
w(0,351,37,27,27)
w(0,352,37,28,28)
r(25,12,37,29,29)
r(42,10,37,30,30)
r(35,12,37,31,31)
w(2,113,37,32,32)
r(6,54,37,33,33)
w(5,64,37,34,34)
r(8,43,37,35,35)
w(36,14,37,36,36)
w(5,65,37,37,37)
w(3,86,37,38,38)
r(1,196,37,39,39)
w(4,65,37,40,40)
r(1,196,37,41,41)
w(0,353,37,42,42)
r(0,353,37,43,43)
w(62,6,37,44,44)
w(14,26,37,45,45)
r(0,353,37,46,46)
r(2,113,37,47,47)
r(0,353,37,48,48)
w(2,114,37,49,49)
r(23,14,37,50,50)
w(10,32,37,51,51)
r(10,32,37,52,52)
r(10,32,37,53,53)
r(37,10,37,54,54)
w(1,197,37,55,55)
r(4,65,37,56,56)
r(12,26,37,57,57)
r(0,353,37,58,58)
r(0,353,37,59,59)
r(2,114,37,60,60)
r(22,15,37,61,61)
r(31,9,37,62,62)
w(4,66,37,63,63)
r(0,353,37,64,64)
r(83,7,37,65,65)
w(27,10,37,66,66)
w(14,27,37,67,67)
w(0,354,37,68,68)
r(0,354,37,69,69)
w(4,67,37,70,70)
w(6,55,37,71,71)
w(1,198,37,72,72)
r(20,20,37,73,73)
w(2,115,37,74,74)
r(0,354,37,75,75)
r(2,115,37,76,76)
w(0,355,37,77,77)
r(6,55,37,78,78)
r(39,10,37,79,79)
r(62,6,37,80,80)
w(11,33,37,81,81)
r(2,115,37,82,82)
r(36,14,37,83,83)
w(5,66,37,84,84)
w(48,8,37,85,85)
w(0,356,37,86,86)
r(1,198,37,87,87)
w(0,357,37,88,88)
r(10,32,37,89,89)
w(57,4,37,90,90)
r(22,15,37,91,91)
w(0,358,37,92,92)
r(9,37,37,93,93)
r(0,358,37,94,94)
w(25,13,37,95,95)
r(3,86,37,96,96)
r(85,4,37,97,97)
w(0,359,37,98,98)
w(0,360,37,99,99)
r(92,3,38,0,0)
w(20,21,38,1,1)
w(12,27,38,2,2)
w(2,116,38,3,3)
w(1,199,38,4,4)
r(3,86,38,5,5)
r(10,32,38,6,6)
r(0,360,38,7,7)
r(11,33,38,8,8)
r(0,360,38,9,9)
w(31,10,38,10,10)
w(2,117,38,11,11)
r(3,86,38,12,12)
r(1,199,38,13,13)
r(11,33,38,14,14)
r(55,3,38,15,15)
w(4,68,38,16,16)
r(83,7,38,17,17)
w(0,361,38,18,18)
w(17,22,38,19,19)
w(71,4,38,20,20)
w(1,200,38,21,21)
w(6,56,38,22,22)
w(0,362,38,23,23)
r(0,362,38,24,24)
w(0,363,38,25,25)
r(3,86,38,26,26)
w(10,33,38,27,27)
r(7,41,38,28,28)
w(2,118,38,29,29)
w(1,201,38,30,30)
w(0,364,38,31,31)
r(17,22,38,32,32)
w(1,202,38,33,33)
w(23,15,38,34,34)
r(0,364,38,35,35)
r(0,364,38,36,36)
r(0,364,38,37,37)
w(5,67,38,38,38)
w(87,4,38,39,39)
r(29,11,38,40,40)
r(18,18,38,41,41)
w(19,25,38,42,42)
r(35,12,38,43,43)
w(18,19,38,44,44)
w(17,23,38,45,45)
w(9,38,38,46,46)
r(2,118,38,47,47)
w(14,28,38,48,48)
w(2,119,38,49,49)
r(6,56,38,50,50)
w(24,17,38,51,51)
w(0,365,38,52,52)
r(13,33,38,53,53)
w(7,42,38,54,54)
w(4,69,38,55,55)
w(13,34,38,56,56)
r(47,3,38,57,57)
r(26,14,38,58,58)
w(4,70,38,59,59)
r(46,8,38,60,60)
w(2,120,38,61,61)
w(35,13,38,62,62)
r(4,70,38,63,63)
r(3,86,38,64,64)
w(0,366,38,65,65)
w(16,21,38,66,66)
r(10,33,38,67,67)
w(0,367,38,68,68)
w(0,368,38,69,69)
r(26,14,38,70,70)
r(0,368,38,71,71)
r(3,86,38,72,72)
w(2,121,38,73,73)
r(0,368,38,74,74)
w(5,68,38,75,75)
w(12,28,38,76,76)
r(0,368,38,77,77)
w(0,369,38,78,78)
r(18,19,38,79,79)
r(44,5,38,80,80)
r(0,369,38,81,81)
w(28,20,38,82,82)
w(11,34,38,83,83)
w(23,16,38,84,84)
w(0,370,38,85,85)
w(77,8,38,86,86)
r(3,86,38,87,87)
w(15,19,38,88,88)
w(73,5,38,89,89)
w(1,203,38,90,90)
w(4,71,38,91,91)
r(45,5,38,92,92)
w(18,20,38,93,93)
w(31,11,38,94,94)
r(25,13,38,95,95)
w(24,18,38,96,96)
r(1,203,38,97,97)
r(0,370,38,98,98)
r(12,28,38,99,99)
r(66,2,39,0,0)
r(9,38,39,1,1)
r(10,33,39,2,2)
w(4,72,39,3,3)
w(0,371,39,4,4)
r(0,371,39,5,5)
w(5,69,39,6,6)
r(0,371,39,7,7)
w(30,12,39,8,8)
w(39,11,39,9,9)
w(0,372,39,10,10)
w(1,204,39,11,11)
r(95,6,39,12,12)
r(15,19,39,13,13)
r(19,25,39,14,14)
r(5,69,39,15,15)
r(12,28,39,16,16)
r(7,42,39,17,17)
w(43,8,39,18,18)
r(11,34,39,19,19)
w(2,122,39,20,20)
w(1,205,39,21,21)
w(0,373,39,22,22)
r(0,373,39,23,23)
r(63,4,39,24,24)
r(20,21,39,25,25)
r(5,69,39,26,26)
w(3,87,39,27,27)
r(68,5,39,28,28)
r(67,3,39,29,29)
r(0,373,39,30,30)
r(23,16,39,31,31)
r(60,6,39,32,32)
r(0,373,39,33,33)
r(19,25,39,34,34)
r(67,3,39,35,35)
w(5,70,39,36,36)
r(98,2,39,37,37)
w(21,19,39,38,38)
r(11,34,39,39,39)
w(2,123,39,40,40)
w(52,9,39,41,41)
w(90,3,39,42,42)
w(1,206,39,43,43)
r(44,5,39,44,44)
w(98,3,39,45,45)
w(3,88,39,46,46)
w(0,374,39,47,47)
w(1,207,39,48,48)
r(9,38,39,49,49)
w(65,10,39,50,50)
r(17,23,39,51,51)
w(8,44,39,52,52)
r(0,374,39,53,53)
r(4,72,39,54,54)
w(8,45,39,55,55)
r(10,33,39,56,56)
r(17,23,39,57,57)
r(1,207,39,58,58)
r(4,72,39,59,59)
w(0,375,39,60,60)
r(11,34,39,61,61)
r(9,38,39,62,62)
w(85,5,39,63,63)
r(4,72,39,64,64)
r(78,5,39,65,65)
r(56,7,39,66,66)
w(5,71,39,67,67)
r(0,375,39,68,68)
w(4,73,39,69,69)
w(63,5,39,70,70)
w(35,14,39,71,71)
r(2,123,39,72,72)
w(17,24,39,73,73)
w(0,376,39,74,74)
w(4,74,39,75,75)
w(11,35,39,76,76)
r(5,71,39,77,77)
r(18,20,39,78,78)
r(86,6,39,79,79)
w(0,377,39,80,80)
r(7,42,39,81,81)
w(10,34,39,82,82)
w(1,208,39,83,83)
w(39,12,39,84,84)
w(15,20,39,85,85)
r(11,35,39,86,86)
r(3,88,39,87,87)
w(0,378,39,88,88)
w(80,6,39,89,89)
w(1,209,39,90,90)
r(4,74,39,91,91)
w(0,379,39,92,92)
r(16,21,39,93,93)
r(0,379,39,94,94)
r(60,6,39,95,95)
r(40,7,39,96,96)
r(1,209,39,97,97)
w(6,57,39,98,98)
r(43,8,39,99,99)
w(2,124,40,0,0)
r(8,45,40,1,1)
w(79,4,40,2,2)
w(7,43,40,3,3)
w(8,46,40,4,4)
r(87,4,40,5,5)
r(8,46,40,6,6)
r(3,88,40,7,7)
r(5,71,40,8,8)
r(3,88,40,9,9)
w(3,89,40,10,10)
r(1,209,40,11,11)
r(75,3,40,12,12)
w(49,7,40,13,13)
w(4,75,40,14,14)
w(0,380,40,15,15)
r(9,38,40,16,16)
r(24,18,40,17,17)
w(22,16,40,18,18)
r(10,34,40,19,19)
w(11,36,40,20,20)
w(93,3,40,21,21)
r(23,16,40,22,22)
w(5,72,40,23,23)
w(7,44,40,24,24)
w(0,381,40,25,25)
w(5,73,40,26,26)
r(0,381,40,27,27)
w(0,382,40,28,28)
w(3,90,40,29,29)
r(34,11,40,30,30)
w(10,35,40,31,31)
w(32,11,40,32,32)
w(8,47,40,33,33)
w(88,6,40,34,34)
w(22,17,40,35,35)
r(8,47,40,36,36)
r(3,90,40,37,37)
r(21,19,40,38,38)
w(4,76,40,39,39)
w(28,21,40,40,40)
r(27,10,40,41,41)
w(21,20,40,42,42)
w(8,48,40,43,43)
w(1,210,40,44,44)
r(2,124,40,45,45)
w(0,383,40,46,46)
w(2,125,40,47,47)
w(0,384,40,48,48)
w(2,126,40,49,49)
r(6,57,40,50,50)
r(68,5,40,51,51)
w(11,37,40,52,52)
r(0,384,40,53,53)
r(65,10,40,54,54)
r(11,37,40,55,55)
w(62,7,40,56,56)
w(99,5,40,57,57)
r(14,28,40,58,58)
w(0,385,40,59,59)
r(3,90,40,60,60)
r(2,126,40,61,61)
w(39,13,40,62,62)
w(41,8,40,63,63)
w(7,45,40,64,64)
r(14,28,40,65,65)
w(0,386,40,66,66)
r(22,17,40,67,67)
w(20,22,40,68,68)
r(0,386,40,69,69)
w(2,127,40,70,70)
r(1,210,40,71,71)
w(0,387,40,72,72)
r(6,57,40,73,73)
r(0,387,40,74,74)
r(4,76,40,75,75)
w(10,36,40,76,76)
r(1,210,40,77,77)
w(62,8,40,78,78)
r(63,5,40,79,79)
r(4,76,40,80,80)
w(6,58,40,81,81)
r(61,1,40,82,82)
w(24,19,40,83,83)
w(0,388,40,84,84)
r(3,90,40,85,85)
r(50,3,40,86,86)
w(9,39,40,87,87)
w(23,17,40,88,88)
r(15,20,40,89,89)
r(47,3,40,90,90)
w(18,21,40,91,91)
w(6,59,40,92,92)
w(1,211,40,93,93)
r(3,90,40,94,94)
r(0,388,40,95,95)
w(13,35,40,96,96)
r(27,10,40,97,97)
r(12,28,40,98,98)
w(13,36,40,99,99)
w(4,77,41,0,0)
w(42,11,41,1,1)
w(45,6,41,2,2)
r(34,11,41,3,3)
r(0,388,41,4,4)
w(76,8,41,5,5)
r(22,17,41,6,6)
w(73,6,41,7,7)
r(2,127,41,8,8)
r(2,127,41,9,9)
r(0,388,41,10,10)
w(12,29,41,11,11)
w(63,6,41,12,12)
w(4,78,41,13,13)
r(24,19,41,14,14)
w(2,128,41,15,15)
r(0,388,41,16,16)
r(17,24,41,17,17)
r(22,17,41,18,18)
w(6,60,41,19,19)
w(1,212,41,20,20)
r(5,73,41,21,21)
w(9,40,41,22,22)
r(2,128,41,23,23)
w(0,389,41,24,24)
r(54,1,41,25,25)
w(55,4,41,26,26)
w(0,390,41,27,27)
r(60,6,41,28,28)
w(39,14,41,29,29)
r(1,212,41,30,30)
r(0,390,41,31,31)
w(1,213,41,32,32)
r(2,128,41,33,33)
r(17,24,41,34,34)
w(49,8,41,35,35)
r(3,90,41,36,36)
r(6,60,41,37,37)
w(6,61,41,38,38)
w(2,129,41,39,39)
r(0,390,41,40,40)
r(6,61,41,41,41)
w(44,6,41,42,42)
r(0,390,41,43,43)
w(29,12,41,44,44)
r(83,7,41,45,45)
w(5,74,41,46,46)
w(1,214,41,47,47)
r(83,7,41,48,48)
w(85,6,41,49,49)
w(36,15,41,50,50)
r(22,17,41,51,51)
r(0,390,41,52,52)
r(3,90,41,53,53)
r(1,214,41,54,54)
w(67,4,41,55,55)
r(1,214,41,56,56)
r(82,3,41,57,57)
r(7,45,41,58,58)
w(11,38,41,59,59)
r(5,74,41,60,60)
w(2,130,41,61,61)
w(1,215,41,62,62)
w(41,9,41,63,63)
w(10,37,41,64,64)
r(4,78,41,65,65)
w(0,391,41,66,66)
r(23,17,41,67,67)
r(98,3,41,68,68)
r(59,9,41,69,69)
w(10,38,41,70,70)
r(38,15,41,71,71)
w(17,25,41,72,72)
w(64,5,41,73,73)
r(16,21,41,74,74)
r(5,74,41,75,75)
w(0,392,41,76,76)
r(8,48,41,77,77)
w(73,7,41,78,78)
w(0,393,41,79,79)
r(2,130,41,80,80)
r(62,8,41,81,81)
r(18,21,41,82,82)
w(2,131,41,83,83)
r(12,29,41,84,84)
r(42,11,41,85,85)
r(22,17,41,86,86)
w(62,9,41,87,87)
w(15,21,41,88,88)
w(7,46,41,89,89)
r(34,11,41,90,90)
w(0,394,41,91,91)
w(20,23,41,92,92)
r(1,215,41,93,93)
r(7,46,41,94,94)
r(2,131,41,95,95)
r(0,394,41,96,96)
r(1,215,41,97,97)
w(77,9,41,98,98)
w(14,29,41,99,99)
w(13,37,42,0,0)
r(0,394,42,1,1)
w(23,18,42,2,2)
r(0,394,42,3,3)
w(16,22,42,4,4)
w(15,22,42,5,5)
w(4,79,42,6,6)
r(0,394,42,7,7)
r(36,15,42,8,8)
r(7,46,42,9,9)
r(21,20,42,10,10)
r(2,131,42,11,11)
w(27,11,42,12,12)
w(39,15,42,13,13)
r(3,90,42,14,14)
r(19,25,42,15,15)
w(4,80,42,16,16)
w(0,395,42,17,17)
w(0,396,42,18,18)
w(3,91,42,19,19)
r(3,91,42,20,20)
w(1,216,42,21,21)
r(22,17,42,22,22)
r(24,19,42,23,23)
r(5,74,42,24,24)
w(25,14,42,25,25)
r(5,74,42,26,26)
w(62,10,42,27,27)
r(78,5,42,28,28)
w(0,397,42,29,29)
w(1,217,42,30,30)
r(5,74,42,31,31)
r(3,91,42,32,32)
r(4,80,42,33,33)
w(0,398,42,34,34)
w(0,399,42,35,35)
w(20,24,42,36,36)
w(35,15,42,37,37)
w(19,26,42,38,38)
r(14,29,42,39,39)
r(0,399,42,40,40)
w(0,400,42,41,41)
r(7,46,42,42,42)
r(14,29,42,43,43)
r(1,217,42,44,44)
w(18,22,42,45,45)
w(0,401,42,46,46)
r(0,401,42,47,47)
r(0,401,42,48,48)
r(4,80,42,49,49)
r(0,401,42,50,50)
w(10,39,42,51,51)
r(10,39,42,52,52)
r(6,61,42,53,53)
r(29,12,42,54,54)
w(0,402,42,55,55)
w(28,22,42,56,56)
r(6,61,42,57,57)
w(1,218,42,58,58)
r(97,7,42,59,59)
r(65,10,42,60,60)
r(90,3,42,61,61)
w(0,403,42,62,62)
w(1,219,42,63,63)
r(1,219,42,64,64)
w(2,132,42,65,65)
w(0,404,42,66,66)
w(0,405,42,67,67)
w(22,18,42,68,68)
w(10,40,42,69,69)
r(39,15,42,70,70)
r(0,405,42,71,71)
w(2,133,42,72,72)
w(4,81,42,73,73)
w(20,25,42,74,74)
r(1,219,42,75,75)
w(16,23,42,76,76)
w(7,47,42,77,77)
r(0,405,42,78,78)
w(6,62,42,79,79)
w(47,4,42,80,80)
r(14,29,42,81,81)
w(3,92,42,82,82)
w(0,406,42,83,83)
w(0,407,42,84,84)
w(1,220,42,85,85)
w(77,10,42,86,86)
w(8,49,42,87,87)
r(0,407,42,88,88)
r(97,7,42,89,89)
w(87,5,42,90,90)
r(9,40,42,91,91)
r(7,47,42,92,92)
w(0,408,42,93,93)
r(2,133,42,94,94)
w(6,63,42,95,95)
r(47,4,42,96,96)
r(62,10,42,97,97)
r(0,408,42,98,98)
w(0,409,42,99,99)
w(1,221,43,0,0)
r(12,29,43,1,1)
r(0,409,43,2,2)
w(8,50,43,3,3)
r(16,23,43,4,4)
r(5,74,43,5,5)
w(53,9,43,6,6)
r(91,6,43,7,7)
r(1,221,43,8,8)
r(2,133,43,9,9)
w(0,410,43,10,10)
w(4,82,43,11,11)
r(10,40,43,12,12)
w(5,75,43,13,13)
w(80,7,43,14,14)
r(34,11,43,15,15)
r(0,410,43,16,16)
w(30,13,43,17,17)
r(2,133,43,18,18)
w(0,411,43,19,19)
w(2,134,43,20,20)
w(34,12,43,21,21)
w(1,222,43,22,22)
r(16,23,43,23,23)
w(3,93,43,24,24)
r(32,11,43,25,25)
w(2,135,43,26,26)
r(45,6,43,27,27)
w(55,5,43,28,28)
r(0,411,43,29,29)
r(1,222,43,30,30)
w(1,223,43,31,31)
w(2,136,43,32,32)
r(0,411,43,33,33)
r(0,411,43,34,34)
r(21,20,43,35,35)
r(15,22,43,36,36)
w(0,412,43,37,37)
r(0,412,43,38,38)
r(35,15,43,39,39)
w(1,224,43,40,40)
r(6,63,43,41,41)
r(0,412,43,42,42)
w(24,20,43,43,43)
w(15,23,43,44,44)
r(0,412,43,45,45)
w(1,225,43,46,46)
w(24,21,43,47,47)
w(0,413,43,48,48)
w(4,83,43,49,49)
w(0,414,43,50,50)
r(35,15,43,51,51)
w(45,7,43,52,52)
w(2,137,43,53,53)
w(0,415,43,54,54)
r(30,13,43,55,55)
w(0,416,43,56,56)
r(26,14,43,57,57)
r(95,6,43,58,58)
w(0,417,43,59,59)
w(0,418,43,60,60)
w(0,419,43,61,61)
r(5,75,43,62,62)
w(85,7,43,63,63)
w(60,7,43,64,64)
r(8,50,43,65,65)
r(0,419,43,66,66)
r(0,419,43,67,67)
r(15,23,43,68,68)
w(29,13,43,69,69)
w(30,14,43,70,70)
w(1,226,43,71,71)
r(0,419,43,72,72)
r(3,93,43,73,73)
r(26,14,43,74,74)
r(1,226,43,75,75)
r(94,3,43,76,76)
w(4,84,43,77,77)
w(2,138,43,78,78)
w(0,420,43,79,79)
r(22,18,43,80,80)
r(2,138,43,81,81)
w(8,51,43,82,82)
r(4,84,43,83,83)
w(0,421,43,84,84)
w(94,4,43,85,85)
w(5,76,43,86,86)
r(10,40,43,87,87)
r(1,226,43,88,88)
r(27,11,43,89,89)
w(23,19,43,90,90)
w(47,5,43,91,91)
r(78,5,43,92,92)
r(0,421,43,93,93)
w(86,7,43,94,94)
r(10,40,43,95,95)
r(0,421,43,96,96)
r(17,25,43,97,97)
w(97,8,43,98,98)
w(33,12,43,99,99)
r(0,421,44,0,0)
w(0,422,44,1,1)
r(0,422,44,2,2)
r(0,422,44,3,3)
w(1,227,44,4,4)
w(4,85,44,5,5)
r(1,227,44,6,6)
w(73,8,44,7,7)
r(3,93,44,8,8)
w(29,14,44,9,9)
r(16,23,44,10,10)
r(0,422,44,11,11)
r(1,227,44,12,12)
r(25,14,44,13,13)
r(12,29,44,14,14)
r(0,422,44,15,15)
w(1,228,44,16,16)
w(31,12,44,17,17)
w(3,94,44,18,18)
r(1,228,44,19,19)
r(14,29,44,20,20)
w(6,64,44,21,21)
w(1,229,44,22,22)
r(5,76,44,23,23)
w(3,95,44,24,24)
w(59,10,44,25,25)
r(12,29,44,26,26)
r(45,7,44,27,27)
w(35,16,44,28,28)
w(6,65,44,29,29)
w(21,21,44,30,30)
r(4,85,44,31,31)
r(26,14,44,32,32)
w(16,24,44,33,33)
r(89,5,44,34,34)
r(14,29,44,35,35)
w(8,52,44,36,36)
w(3,96,44,37,37)
r(88,6,44,38,38)
r(1,229,44,39,39)
r(2,138,44,40,40)
w(2,139,44,41,41)
r(0,422,44,42,42)
w(2,140,44,43,43)
w(15,24,44,44,44)
r(0,422,44,45,45)
w(0,423,44,46,46)
w(4,86,44,47,47)
r(39,15,44,48,48)
w(19,27,44,49,49)
w(2,141,44,50,50)
w(24,22,44,51,51)
r(2,141,44,52,52)
r(25,14,44,53,53)
w(3,97,44,54,54)
w(2,142,44,55,55)
w(4,87,44,56,56)
w(34,13,44,57,57)
w(12,30,44,58,58)
r(0,423,44,59,59)
w(6,66,44,60,60)
r(12,30,44,61,61)
r(16,24,44,62,62)
r(90,3,44,63,63)
r(0,423,44,64,64)
w(98,4,44,65,65)
w(37,11,44,66,66)
r(45,7,44,67,67)
w(17,26,44,68,68)
r(24,22,44,69,69)
w(0,424,44,70,70)
w(16,25,44,71,71)
w(3,98,44,72,72)
w(91,7,44,73,73)
r(58,5,44,74,74)
w(5,77,44,75,75)
w(36,16,44,76,76)
w(6,67,44,77,77)
r(11,38,44,78,78)
r(82,3,44,79,79)
r(5,77,44,80,80)
r(9,40,44,81,81)
w(33,13,44,82,82)
r(35,16,44,83,83)
r(0,424,44,84,84)
w(6,68,44,85,85)
r(0,424,44,86,86)
w(0,425,44,87,87)
r(0,425,44,88,88)
w(2,143,44,89,89)
r(6,68,44,90,90)
w(1,230,44,91,91)
r(5,77,44,92,92)
r(1,230,44,93,93)
w(49,9,44,94,94)
r(1,230,44,95,95)
r(1,230,44,96,96)
w(99,6,44,97,97)
r(6,68,44,98,98)
w(0,426,44,99,99)
w(1,231,45,0,0)
w(0,427,45,1,1)
w(55,6,45,2,2)
r(17,26,45,3,3)
r(1,231,45,4,4)
r(1,231,45,5,5)
w(53,10,45,6,6)
r(0,427,45,7,7)
w(78,6,45,8,8)
r(66,2,45,9,9)
r(1,231,45,10,10)
r(6,68,45,11,11)
r(56,7,45,12,12)
r(6,68,45,13,13)
r(77,10,45,14,14)
w(2,144,45,15,15)
r(0,427,45,16,16)
r(12,30,45,17,17)
r(4,87,45,18,18)
r(34,13,45,19,19)
w(67,5,45,20,20)
r(2,144,45,21,21)
w(6,69,45,22,22)
w(56,8,45,23,23)
r(1,231,45,24,24)
r(2,144,45,25,25)
w(1,232,45,26,26)
w(39,16,45,27,27)
r(2,144,45,28,28)
r(3,98,45,29,29)
w(38,16,45,30,30)
r(4,87,45,31,31)
w(0,428,45,32,32)
w(0,429,45,33,33)
r(0,429,45,34,34)
w(4,88,45,35,35)
r(0,429,45,36,36)
w(53,11,45,37,37)
w(1,233,45,38,38)
w(6,70,45,39,39)
w(20,26,45,40,40)
r(32,11,45,41,41)
w(42,12,45,42,42)
w(38,17,45,43,43)
w(5,78,45,44,44)
r(23,19,45,45,45)
w(1,234,45,46,46)
r(5,78,45,47,47)
w(0,430,45,48,48)
w(10,41,45,49,49)
r(16,25,45,50,50)
r(9,40,45,51,51)
w(8,53,45,52,52)
r(1,234,45,53,53)
w(43,9,45,54,54)
w(0,431,45,55,55)
r(3,98,45,56,56)
w(1,235,45,57,57)
r(9,40,45,58,58)
r(9,40,45,59,59)
w(2,145,45,60,60)
r(92,3,45,61,61)
w(12,31,45,62,62)
r(22,18,45,63,63)
w(77,11,45,64,64)
w(0,432,45,65,65)
r(7,47,45,66,66)
r(4,88,45,67,67)
r(4,88,45,68,68)
r(14,29,45,69,69)
w(0,433,45,70,70)
w(89,6,45,71,71)
w(11,39,45,72,72)
r(2,145,45,73,73)
r(15,24,45,74,74)
r(77,11,45,75,75)
w(62,11,45,76,76)
r(0,433,45,77,77)
r(2,145,45,78,78)
r(0,433,45,79,79)
r(6,70,45,80,80)
w(37,12,45,81,81)
w(0,434,45,82,82)
r(25,14,45,83,83)
r(39,16,45,84,84)
w(9,41,45,85,85)
r(8,53,45,86,86)
w(1,236,45,87,87)
w(4,89,45,88,88)
w(41,10,45,89,89)
r(8,53,45,90,90)
w(22,19,45,91,91)
r(61,1,45,92,92)
w(32,12,45,93,93)
w(5,79,45,94,94)
r(0,434,45,95,95)
w(74,6,45,96,96)
w(17,27,45,97,97)
w(1,237,45,98,98)
r(42,12,45,99,99)
r(40,7,46,0,0)
w(90,4,46,1,1)
r(10,41,46,2,2)
w(1,238,46,3,3)
r(2,145,46,4,4)
r(4,89,46,5,5)
w(1,239,46,6,6)
r(71,4,46,7,7)
w(7,48,46,8,8)
w(2,146,46,9,9)
w(80,8,46,10,10)
w(7,49,46,11,11)
w(5,80,46,12,12)
w(30,15,46,13,13)
w(0,435,46,14,14)
w(0,436,46,15,15)
r(27,11,46,16,16)
w(2,147,46,17,17)
w(54,2,46,18,18)
w(3,99,46,19,19)
r(8,53,46,20,20)
r(16,25,46,21,21)
w(8,54,46,22,22)
r(26,14,46,23,23)
r(24,22,46,24,24)
r(97,8,46,25,25)
w(46,9,46,26,26)
w(4,90,46,27,27)
r(80,8,46,28,28)
r(33,13,46,29,29)
w(56,9,46,30,30)
w(0,437,46,31,31)
r(1,239,46,32,32)
w(0,438,46,33,33)
r(19,27,46,34,34)
w(14,30,46,35,35)
r(59,10,46,36,36)
r(39,16,46,37,37)
r(0,438,46,38,38)
w(1,240,46,39,39)
r(2,147,46,40,40)
r(1,240,46,41,41)
r(0,438,46,42,42)
r(19,27,46,43,43)
w(31,13,46,44,44)
w(4,91,46,45,45)
w(1,241,46,46,46)
r(12,31,46,47,47)
r(13,37,46,48,48)
w(1,242,46,49,49)
r(1,242,46,50,50)
w(0,439,46,51,51)
w(6,71,46,52,52)
w(39,17,46,53,53)
w(6,72,46,54,54)
r(0,439,46,55,55)
r(4,91,46,56,56)
w(76,9,46,57,57)
r(2,147,46,58,58)
r(14,30,46,59,59)
w(14,31,46,60,60)
w(33,14,46,61,61)
r(5,80,46,62,62)
w(19,28,46,63,63)
w(8,55,46,64,64)
w(46,10,46,65,65)
r(5,80,46,66,66)
r(13,37,46,67,67)
r(3,99,46,68,68)
r(10,41,46,69,69)
w(1,243,46,70,70)
r(94,4,46,71,71)
r(0,439,46,72,72)
w(8,56,46,73,73)
r(88,6,46,74,74)
r(0,439,46,75,75)
w(1,244,46,76,76)
w(11,40,46,77,77)
w(0,440,46,78,78)
w(20,27,46,79,79)
w(0,441,46,80,80)
r(5,80,46,81,81)
r(19,28,46,82,82)
w(8,57,46,83,83)
r(13,37,46,84,84)
w(0,442,46,85,85)
w(0,443,46,86,86)
r(67,5,46,87,87)
r(5,80,46,88,88)
r(3,99,46,89,89)
r(9,41,46,90,90)
r(35,16,46,91,91)
w(3,100,46,92,92)
r(0,443,46,93,93)
r(0,443,46,94,94)
r(6,72,46,95,95)
w(38,18,46,96,96)
r(42,12,46,97,97)
r(34,13,46,98,98)
w(2,148,46,99,99)
w(2,149,47,0,0)
w(31,14,47,1,1)
r(0,443,47,2,2)
w(9,42,47,3,3)
w(9,43,47,4,4)
r(0,443,47,5,5)
w(32,13,47,6,6)
r(34,13,47,7,7)
w(23,20,47,8,8)
r(0,443,47,9,9)
r(19,28,47,10,10)
w(2,150,47,11,11)
r(7,49,47,12,12)
r(8,57,47,13,13)
r(2,150,47,14,14)
w(55,7,47,15,15)
w(0,444,47,16,16)
w(1,245,47,17,17)
w(43,10,47,18,18)
r(4,91,47,19,19)
w(1,246,47,20,20)
r(1,246,47,21,21)
w(17,28,47,22,22)
w(41,11,47,23,23)
w(33,15,47,24,24)
w(61,2,47,25,25)
r(28,22,47,26,26)
r(10,41,47,27,27)
r(7,49,47,28,28)
r(2,150,47,29,29)
w(32,14,47,30,30)
r(46,10,47,31,31)
r(91,7,47,32,32)
w(2,151,47,33,33)
w(1,247,47,34,34)
w(1,248,47,35,35)
w(1,249,47,36,36)
w(29,15,47,37,37)
w(0,445,47,38,38)
r(19,28,47,39,39)
w(18,23,47,40,40)
r(1,249,47,41,41)
w(81,5,47,42,42)
r(6,72,47,43,43)
w(34,14,47,44,44)
r(15,24,47,45,45)
r(19,28,47,46,46)
r(11,40,47,47,47)
w(67,6,47,48,48)
r(19,28,47,49,49)
w(3,101,47,50,50)
r(13,37,47,51,51)
r(1,249,47,52,52)
r(4,91,47,53,53)
r(85,7,47,54,54)
r(4,91,47,55,55)
r(23,20,47,56,56)
w(11,41,47,57,57)
r(24,22,47,58,58)
r(3,101,47,59,59)
r(96,5,47,60,60)
w(39,18,47,61,61)
w(47,6,47,62,62)
r(0,445,47,63,63)
w(84,3,47,64,64)
w(0,446,47,65,65)
w(3,102,47,66,66)
w(0,447,47,67,67)
w(34,15,47,68,68)
w(7,50,47,69,69)
w(0,448,47,70,70)
w(0,449,47,71,71)
r(1,249,47,72,72)
w(68,6,47,73,73)
w(0,450,47,74,74)
w(0,451,47,75,75)
w(0,452,47,76,76)
w(17,29,47,77,77)
w(84,4,47,78,78)
r(1,249,47,79,79)
w(1,250,47,80,80)
r(12,31,47,81,81)
w(65,11,47,82,82)
w(13,38,47,83,83)
w(3,103,47,84,84)
r(6,72,47,85,85)
w(0,453,47,86,86)
w(2,152,47,87,87)
w(0,454,47,88,88)
w(3,104,47,89,89)
w(3,105,47,90,90)
r(5,80,47,91,91)
r(0,454,47,92,92)
w(0,455,47,93,93)
r(3,105,47,94,94)
r(4,91,47,95,95)
r(33,15,47,96,96)
w(0,456,47,97,97)
w(2,153,47,98,98)
w(0,457,47,99,99)
r(68,6,48,0,0)
r(0,457,48,1,1)
r(1,250,48,2,2)
r(3,105,48,3,3)
w(1,251,48,4,4)
w(24,23,48,5,5)
w(90,5,48,6,6)
r(85,7,48,7,7)
w(0,458,48,8,8)
r(0,458,48,9,9)
w(6,73,48,10,10)
w(43,11,48,11,11)
r(39,18,48,12,12)
w(15,25,48,13,13)
r(17,29,48,14,14)
r(0,458,48,15,15)
w(1,252,48,16,16)
r(6,73,48,17,17)
r(31,14,48,18,18)
r(19,28,48,19,19)
r(22,19,48,20,20)
r(20,27,48,21,21)
w(14,32,48,22,22)
r(17,29,48,23,23)
w(3,106,48,24,24)
r(3,106,48,25,25)
w(5,81,48,26,26)
r(8,57,48,27,27)
w(8,58,48,28,28)
r(1,252,48,29,29)
w(2,154,48,30,30)
w(1,253,48,31,31)
r(0,458,48,32,32)
w(5,82,48,33,33)
w(35,17,48,34,34)
r(32,14,48,35,35)
r(28,22,48,36,36)
r(3,106,48,37,37)
w(17,30,48,38,38)
r(4,91,48,39,39)
r(0,458,48,40,40)
w(61,3,48,41,41)
w(32,15,48,42,42)
r(2,154,48,43,43)
w(2,155,48,44,44)
r(47,6,48,45,45)
w(1,254,48,46,46)
w(1,255,48,47,47)
w(45,8,48,48,48)
r(43,11,48,49,49)
w(1,256,48,50,50)
r(0,458,48,51,51)
w(10,42,48,52,52)
w(2,156,48,53,53)
r(22,19,48,54,54)
r(2,156,48,55,55)
r(3,106,48,56,56)
w(4,92,48,57,57)
r(0,458,48,58,58)
r(59,10,48,59,59)
w(8,59,48,60,60)
w(5,83,48,61,61)
w(1,257,48,62,62)
w(0,459,48,63,63)
r(66,2,48,64,64)
r(32,15,48,65,65)
r(15,25,48,66,66)
w(0,460,48,67,67)
w(24,24,48,68,68)
r(0,460,48,69,69)
w(1,258,48,70,70)
r(88,6,48,71,71)
w(0,461,48,72,72)
r(1,258,48,73,73)
r(69,1,48,74,74)
r(20,27,48,75,75)
r(35,17,48,76,76)
r(3,106,48,77,77)
w(8,60,48,78,78)
r(41,11,48,79,79)
r(1,258,48,80,80)
r(0,461,48,81,81)
r(14,32,48,82,82)
w(68,7,48,83,83)
w(0,462,48,84,84)
r(0,462,48,85,85)
r(23,20,48,86,86)
w(66,3,48,87,87)
w(40,8,48,88,88)
r(0,462,48,89,89)
r(3,106,48,90,90)
r(13,38,48,91,91)
w(2,157,48,92,92)
r(0,462,48,93,93)
w(1,259,48,94,94)
r(3,106,48,95,95)
w(1,260,48,96,96)
w(42,13,48,97,97)
w(19,29,48,98,98)
w(1,261,48,99,99)
r(0,462,49,0,0)
r(30,15,49,1,1)
r(25,14,49,2,2)
w(3,107,49,3,3)
r(2,157,49,4,4)
w(2,158,49,5,5)
r(0,462,49,6,6)
w(4,93,49,7,7)
r(33,15,49,8,8)
r(5,83,49,9,9)
r(23,20,49,10,10)
r(87,5,49,11,11)
w(3,108,49,12,12)
r(41,11,49,13,13)
r(0,462,49,14,14)
w(71,5,49,15,15)
r(14,32,49,16,16)
r(2,158,49,17,17)
r(4,93,49,18,18)
r(9,43,49,19,19)
w(17,31,49,20,20)
r(6,73,49,21,21)
w(3,109,49,22,22)
w(1,262,49,23,23)
w(9,44,49,24,24)
r(70,6,49,25,25)
r(2,158,49,26,26)
r(63,6,49,27,27)
w(3,110,49,28,28)
w(17,32,49,29,29)
w(0,463,49,30,30)
r(37,12,49,31,31)
r(2,158,49,32,32)
w(33,16,49,33,33)
r(2,158,49,34,34)
r(11,41,49,35,35)
r(1,262,49,36,36)
r(24,24,49,37,37)
w(30,16,49,38,38)
r(1,262,49,39,39)
r(31,14,49,40,40)
w(6,74,49,41,41)
r(0,463,49,42,42)
w(94,5,49,43,43)
w(1,263,49,44,44)
r(6,74,49,45,45)
r(39,18,49,46,46)
w(9,45,49,47,47)
r(18,23,49,48,48)
w(0,464,49,49,49)
r(14,32,49,50,50)
r(2,158,49,51,51)
w(16,26,49,52,52)
r(8,60,49,53,53)
r(7,50,49,54,54)
r(32,15,49,55,55)
w(1,264,49,56,56)
w(6,75,49,57,57)
w(17,33,49,58,58)
w(10,43,49,59,59)
r(25,14,49,60,60)
r(0,464,49,61,61)
w(0,465,49,62,62)
w(30,17,49,63,63)
w(0,466,49,64,64)
w(38,19,49,65,65)
r(3,110,49,66,66)
r(39,18,49,67,67)
r(0,466,49,68,68)
w(11,42,49,69,69)
r(72,9,49,70,70)
w(2,159,49,71,71)
w(47,7,49,72,72)
w(0,467,49,73,73)
r(2,159,49,74,74)
w(1,265,49,75,75)
w(3,111,49,76,76)
w(15,26,49,77,77)
w(14,33,49,78,78)
w(0,468,49,79,79)
r(29,15,49,80,80)
r(0,468,49,81,81)
r(8,60,49,82,82)
r(12,31,49,83,83)
w(12,32,49,84,84)
w(52,10,49,85,85)
w(19,30,49,86,86)
w(33,17,49,87,87)
w(44,7,49,88,88)
r(14,33,49,89,89)
r(0,468,49,90,90)
w(15,27,49,91,91)
r(1,265,49,92,92)
w(17,34,49,93,93)
r(9,45,49,94,94)
w(6,76,49,95,95)
w(54,3,49,96,96)
r(0,468,49,97,97)
w(33,18,49,98,98)
w(4,94,49,99,99)
