r(0,0,0,0,0)
r(4,0,0,1,1)
r(81,0,0,2,2)
r(0,0,0,3,3)
r(1,0,0,4,4)
r(0,0,0,5,5)
r(0,0,0,6,6)
r(0,0,0,7,7)
r(1,0,0,8,8)
r(75,0,0,9,9)
w(1,1,0,10,10)
w(3,1,0,11,11)
r(0,0,0,12,12)
r(33,0,0,13,13)
r(48,0,0,14,14)
r(35,0,0,15,15)
r(58,0,0,16,16)
r(0,0,0,17,17)
r(11,0,0,18,18)
r(40,0,0,19,19)
r(32,0,0,20,20)
r(4,0,0,21,21)
r(0,0,0,22,22)
r(6,0,0,23,23)
r(3,1,0,24,24)
r(87,0,0,25,25)
r(45,0,0,26,26)
r(4,0,0,27,27)
r(0,0,0,28,28)
r(3,1,0,29,29)
r(7,0,0,30,30)
r(1,1,0,31,31)
r(42,0,0,32,32)
r(40,0,0,33,33)
r(8,0,0,34,34)
r(2,0,0,35,35)
r(0,0,0,36,36)
r(4,0,0,37,37)
r(22,0,0,38,38)
r(37,0,0,39,39)
r(74,0,0,40,40)
r(0,0,0,41,41)
r(53,0,0,42,42)
r(1,1,0,43,43)
r(2,0,0,44,44)
r(32,0,0,45,45)
r(6,0,0,46,46)
r(17,0,0,47,47)
r(3,1,0,48,48)
r(3,1,0,49,49)
r(48,0,0,50,50)
r(8,0,0,51,51)
r(31,0,0,52,52)
r(46,0,0,53,53)
r(6,0,0,54,54)
r(0,0,0,55,55)
w(6,1,0,56,56)
r(6,1,0,57,57)
r(1,1,0,58,58)
r(28,0,0,59,59)
r(2,0,0,60,60)
r(3,1,0,61,61)
r(52,0,0,62,62)
r(1,1,0,63,63)
w(11,1,0,64,64)
r(0,0,0,65,65)
r(1,1,0,66,66)
r(5,0,0,67,67)
r(8,0,0,68,68)
r(85,0,0,69,69)
r(0,0,0,70,70)
r(34,0,0,71,71)
r(57,0,0,72,72)
r(0,0,0,73,73)
w(10,1,0,74,74)
r(6,1,0,75,75)
w(50,1,0,76,76)
r(17,0,0,77,77)
r(0,0,0,78,78)
r(13,0,0,79,79)
r(0,0,0,80,80)
r(35,0,0,81,81)
w(3,2,0,82,82)
r(5,0,0,83,83)
w(0,1,0,84,84)
r(16,0,0,85,85)
r(7,0,0,86,86)
w(4,1,0,87,87)
w(20,1,0,88,88)
r(22,0,0,89,89)
r(1,1,0,90,90)
r(28,0,0,91,91)
r(36,0,0,92,92)
r(1,1,0,93,93)
r(0,1,0,94,94)
r(51,0,0,95,95)
r(9,0,0,96,96)
r(3,2,0,97,97)
r(11,1,0,98,98)
r(80,0,0,99,99)
r(4,1,1,0,0)
r(2,0,1,1,1)
r(1,1,1,2,2)
r(2,0,1,3,3)
r(0,1,1,4,4)
r(7,0,1,5,5)
r(2,0,1,6,6)
r(1,1,1,7,7)
w(52,1,1,8,8)
r(44,0,1,9,9)
r(18,0,1,10,10)
r(22,0,1,11,11)
r(18,0,1,12,12)
w(25,1,1,13,13)
r(94,0,1,14,14)
r(0,1,1,15,15)
r(39,0,1,16,16)
r(4,1,1,17,17)
r(96,0,1,18,18)
r(59,0,1,19,19)
r(0,1,1,20,20)
r(3,2,1,21,21)
r(11,1,1,22,22)
r(4,1,1,23,23)
r(68,0,1,24,24)
r(12,0,1,25,25)
r(25,1,1,26,26)
w(32,1,1,27,27)
r(14,0,1,28,28)
r(1,1,1,29,29)
r(0,1,1,30,30)
r(4,1,1,31,31)
r(4,1,1,32,32)
r(0,1,1,33,33)
r(2,0,1,34,34)
r(1,1,1,35,35)
r(55,0,1,36,36)
r(0,1,1,37,37)
r(28,0,1,38,38)
r(10,1,1,39,39)
r(0,1,1,40,40)
w(83,1,1,41,41)
r(4,1,1,42,42)
r(15,0,1,43,43)
r(3,2,1,44,44)
r(79,0,1,45,45)
r(32,1,1,46,46)
r(0,1,1,47,47)
r(0,1,1,48,48)
r(15,0,1,49,49)
r(6,1,1,50,50)
r(0,1,1,51,51)
r(70,0,1,52,52)
r(10,1,1,53,53)
r(4,1,1,54,54)
r(5,0,1,55,55)
r(5,0,1,56,56)
r(1,1,1,57,57)
r(1,1,1,58,58)
r(0,1,1,59,59)
r(54,0,1,60,60)
r(0,1,1,61,61)
r(16,0,1,62,62)
r(1,1,1,63,63)
r(0,1,1,64,64)
r(0,1,1,65,65)
r(11,1,1,66,66)
r(0,1,1,67,67)
w(5,1,1,68,68)
r(0,1,1,69,69)
r(1,1,1,70,70)
r(19,0,1,71,71)
w(0,2,1,72,72)
r(0,2,1,73,73)
r(19,0,1,74,74)
r(48,0,1,75,75)
r(8,0,1,76,76)
r(0,2,1,77,77)
r(57,0,1,78,78)
r(2,0,1,79,79)
r(0,2,1,80,80)
r(1,1,1,81,81)
r(83,1,1,82,82)
r(5,1,1,83,83)
r(18,0,1,84,84)
r(79,0,1,85,85)
w(18,1,1,86,86)
r(7,0,1,87,87)
r(6,1,1,88,88)
r(3,2,1,89,89)
r(0,2,1,90,90)
r(2,0,1,91,91)
r(33,0,1,92,92)
r(17,0,1,93,93)
r(67,0,1,94,94)
r(1,1,1,95,95)
r(76,0,1,96,96)
r(22,0,1,97,97)
w(0,3,1,98,98)
r(21,0,1,99,99)
r(8,0,2,0,0)
r(18,1,2,1,1)
r(3,2,2,2,2)
r(2,0,2,3,3)
r(66,0,2,4,4)
r(1,1,2,5,5)
r(23,0,2,6,6)
r(72,0,2,7,7)
r(29,0,2,8,8)
r(9,0,2,9,9)
w(2,1,2,10,10)
r(9,0,2,11,11)
r(1,1,2,12,12)
r(31,0,2,13,13)
r(5,1,2,14,14)
r(20,1,2,15,15)
w(49,1,2,16,16)
r(35,0,2,17,17)
r(7,0,2,18,18)
r(85,0,2,19,19)
r(9,0,2,20,20)
r(2,1,2,21,21)
r(0,3,2,22,22)
r(0,3,2,23,23)
r(0,3,2,24,24)
r(2,1,2,25,25)
r(10,1,2,26,26)
r(1,1,2,27,27)
r(50,1,2,28,28)
r(38,0,2,29,29)
w(38,1,2,30,30)
r(4,1,2,31,31)
w(0,4,2,32,32)
r(95,0,2,33,33)
r(6,1,2,34,34)
r(4,1,2,35,35)
r(59,0,2,36,36)
r(28,0,2,37,37)
r(16,0,2,38,38)
r(6,1,2,39,39)
r(32,1,2,40,40)
r(38,1,2,41,41)
w(0,5,2,42,42)
r(0,5,2,43,43)
r(17,0,2,44,44)
r(99,0,2,45,45)
w(6,2,2,46,46)
r(96,0,2,47,47)
r(7,0,2,48,48)
r(1,1,2,49,49)
r(58,0,2,50,50)
r(1,1,2,51,51)
r(0,5,2,52,52)
r(8,0,2,53,53)
r(0,5,2,54,54)
r(52,1,2,55,55)
r(10,1,2,56,56)
w(1,2,2,57,57)
r(66,0,2,58,58)
r(3,2,2,59,59)
r(0,5,2,60,60)
r(18,1,2,61,61)
w(26,1,2,62,62)
r(9,0,2,63,63)
r(32,1,2,64,64)
r(54,0,2,65,65)
r(19,0,2,66,66)
r(11,1,2,67,67)
r(53,0,2,68,68)
r(4,1,2,69,69)
r(42,0,2,70,70)
r(18,1,2,71,71)
r(60,0,2,72,72)
r(0,5,2,73,73)
r(31,0,2,74,74)
r(0,5,2,75,75)
r(14,0,2,76,76)
r(3,2,2,77,77)
r(2,1,2,78,78)
r(3,2,2,79,79)
r(45,0,2,80,80)
r(14,0,2,81,81)
r(0,5,2,82,82)
w(1,3,2,83,83)
r(47,0,2,84,84)
r(4,1,2,85,85)
r(3,2,2,86,86)
r(33,0,2,87,87)
r(10,1,2,88,88)
r(0,5,2,89,89)
r(0,5,2,90,90)
r(11,1,2,91,91)
r(0,5,2,92,92)
r(0,5,2,93,93)
r(2,1,2,94,94)
r(8,0,2,95,95)
r(0,5,2,96,96)
r(0,5,2,97,97)
r(10,1,2,98,98)
w(51,1,2,99,99)
r(0,5,3,0,0)
w(1,4,3,1,1)
r(0,5,3,2,2)
r(6,2,3,3,3)
r(3,2,3,4,4)
r(0,5,3,5,5)
r(12,0,3,6,6)
r(0,5,3,7,7)
r(96,0,3,8,8)
r(64,0,3,9,9)
r(6,2,3,10,10)
r(85,0,3,11,11)
r(1,4,3,12,12)
w(4,2,3,13,13)
r(8,0,3,14,14)
r(1,4,3,15,15)
r(4,2,3,16,16)
r(31,0,3,17,17)
r(7,0,3,18,18)
r(3,2,3,19,19)
r(0,5,3,20,20)
r(1,4,3,21,21)
r(40,0,3,22,22)
r(7,0,3,23,23)
r(16,0,3,24,24)
r(21,0,3,25,25)
r(16,0,3,26,26)
r(8,0,3,27,27)
r(2,1,3,28,28)
r(8,0,3,29,29)
r(28,0,3,30,30)
r(1,4,3,31,31)
r(33,0,3,32,32)
w(0,6,3,33,33)
r(2,1,3,34,34)
r(79,0,3,35,35)
r(1,4,3,36,36)
r(95,0,3,37,37)
r(64,0,3,38,38)
r(0,6,3,39,39)
r(10,1,3,40,40)
r(27,0,3,41,41)
r(3,2,3,42,42)
r(0,6,3,43,43)
r(2,1,3,44,44)
r(39,0,3,45,45)
r(2,1,3,46,46)
r(0,6,3,47,47)
r(10,1,3,48,48)
r(1,4,3,49,49)
r(28,0,3,50,50)
r(0,6,3,51,51)
r(0,6,3,52,52)
r(16,0,3,53,53)
r(22,0,3,54,54)
r(3,2,3,55,55)
r(0,6,3,56,56)
r(0,6,3,57,57)
r(72,0,3,58,58)
r(61,0,3,59,59)
r(1,4,3,60,60)
r(4,2,3,61,61)
r(4,2,3,62,62)
r(0,6,3,63,63)
r(33,0,3,64,64)
r(1,4,3,65,65)
r(48,0,3,66,66)
r(3,2,3,67,67)
r(28,0,3,68,68)
r(0,6,3,69,69)
r(18,1,3,70,70)
r(38,1,3,71,71)
r(0,6,3,72,72)
r(10,1,3,73,73)
r(0,6,3,74,74)
r(11,1,3,75,75)
r(3,2,3,76,76)
r(0,6,3,77,77)
r(1,4,3,78,78)
r(2,1,3,79,79)
r(65,0,3,80,80)
r(60,0,3,81,81)
r(0,6,3,82,82)
r(6,2,3,83,83)
r(8,0,3,84,84)
r(15,0,3,85,85)
r(2,1,3,86,86)
r(9,0,3,87,87)
r(7,0,3,88,88)
r(3,2,3,89,89)
r(4,2,3,90,90)
r(10,1,3,91,91)
r(32,1,3,92,92)
r(20,1,3,93,93)
r(0,6,3,94,94)
r(21,0,3,95,95)
r(1,4,3,96,96)
w(12,1,3,97,97)
r(34,0,3,98,98)
r(39,0,3,99,99)
r(3,2,4,0,0)
r(1,4,4,1,1)
r(6,2,4,2,2)
r(84,0,4,3,3)
r(5,1,4,4,4)
r(4,2,4,5,5)
r(0,6,4,6,6)
r(47,0,4,7,7)
r(40,0,4,8,8)
w(2,2,4,9,9)
r(32,1,4,10,10)
r(1,4,4,11,11)
r(3,2,4,12,12)
r(56,0,4,13,13)
r(53,0,4,14,14)
r(3,2,4,15,15)
r(17,0,4,16,16)
r(3,2,4,17,17)
r(32,1,4,18,18)
r(29,0,4,19,19)
r(18,1,4,20,20)
r(1,4,4,21,21)
r(1,4,4,22,22)
r(1,4,4,23,23)
r(0,6,4,24,24)
r(95,0,4,25,25)
r(13,0,4,26,26)
r(8,0,4,27,27)
r(46,0,4,28,28)
r(6,2,4,29,29)
r(34,0,4,30,30)
r(7,0,4,31,31)
r(4,2,4,32,32)
r(0,6,4,33,33)
r(1,4,4,34,34)
r(60,0,4,35,35)
r(6,2,4,36,36)
r(59,0,4,37,37)
r(2,2,4,38,38)
r(0,6,4,39,39)
r(1,4,4,40,40)
r(4,2,4,41,41)
r(0,6,4,42,42)
w(19,1,4,43,43)
r(3,2,4,44,44)
w(12,2,4,45,45)
r(2,2,4,46,46)
w(1,5,4,47,47)
r(19,1,4,48,48)
r(4,2,4,49,49)
r(88,0,4,50,50)
r(38,1,4,51,51)
r(0,6,4,52,52)
r(1,5,4,53,53)
r(2,2,4,54,54)
r(81,0,4,55,55)
r(1,5,4,56,56)
r(36,0,4,57,57)
r(34,0,4,58,58)
r(53,0,4,59,59)
r(23,0,4,60,60)
r(6,2,4,61,61)
r(18,1,4,62,62)
r(8,0,4,63,63)
r(85,0,4,64,64)
r(3,2,4,65,65)
r(1,5,4,66,66)
r(13,0,4,67,67)
r(5,1,4,68,68)
r(18,1,4,69,69)
r(1,5,4,70,70)
r(15,0,4,71,71)
r(47,0,4,72,72)
r(4,2,4,73,73)
r(0,6,4,74,74)
r(64,0,4,75,75)
r(0,6,4,76,76)
r(10,1,4,77,77)
r(1,5,4,78,78)
r(38,1,4,79,79)
r(2,2,4,80,80)
r(41,0,4,81,81)
r(0,6,4,82,82)
r(8,0,4,83,83)
r(0,6,4,84,84)
r(4,2,4,85,85)
r(94,0,4,86,86)
r(39,0,4,87,87)
r(3,2,4,88,88)
r(68,0,4,89,89)
r(0,6,4,90,90)
r(44,0,4,91,91)
r(0,6,4,92,92)
r(5,1,4,93,93)
r(94,0,4,94,94)
w(49,2,4,95,95)
r(1,5,4,96,96)
r(1,5,4,97,97)
w(81,1,4,98,98)
r(2,2,4,99,99)
r(4,2,5,0,0)
r(0,6,5,1,1)
r(22,0,5,2,2)
r(0,6,5,3,3)
r(4,2,5,4,4)
r(0,6,5,5,5)
r(18,1,5,6,6)
r(2,2,5,7,7)
r(78,0,5,8,8)
r(0,6,5,9,9)
r(82,0,5,10,10)
r(12,2,5,11,11)
r(17,0,5,12,12)
w(27,1,5,13,13)
r(18,1,5,14,14)
r(47,0,5,15,15)
r(28,0,5,16,16)
r(24,0,5,17,17)
r(0,6,5,18,18)
r(0,6,5,19,19)
r(42,0,5,20,20)
r(61,0,5,21,21)
r(13,0,5,22,22)
r(0,6,5,23,23)
r(6,2,5,24,24)
r(2,2,5,25,25)
r(65,0,5,26,26)
r(0,6,5,27,27)
r(98,0,5,28,28)
r(6,2,5,29,29)
r(10,1,5,30,30)
r(36,0,5,31,31)
r(11,1,5,32,32)
r(76,0,5,33,33)
r(61,0,5,34,34)
w(80,1,5,35,35)
r(1,5,5,36,36)
r(4,2,5,37,37)
r(82,0,5,38,38)
r(18,1,5,39,39)
r(29,0,5,40,40)
r(55,0,5,41,41)
w(0,7,5,42,42)
r(1,5,5,43,43)
r(64,0,5,44,44)
r(0,7,5,45,45)
r(17,0,5,46,46)
r(3,2,5,47,47)
r(0,7,5,48,48)
r(7,0,5,49,49)
r(0,7,5,50,50)
r(28,0,5,51,51)
w(0,8,5,52,52)
r(0,8,5,53,53)
r(97,0,5,54,54)
r(1,5,5,55,55)
r(5,1,5,56,56)
r(3,2,5,57,57)
r(32,1,5,58,58)
r(1,5,5,59,59)
r(14,0,5,60,60)
r(0,8,5,61,61)
r(3,2,5,62,62)
r(0,8,5,63,63)
w(15,1,5,64,64)
r(1,5,5,65,65)
r(2,2,5,66,66)
r(0,8,5,67,67)
w(4,3,5,68,68)
r(30,0,5,69,69)
r(31,0,5,70,70)
r(6,2,5,71,71)
r(56,0,5,72,72)
r(4,3,5,73,73)
r(2,2,5,74,74)
r(0,8,5,75,75)
r(4,3,5,76,76)
r(0,8,5,77,77)
r(49,2,5,78,78)
r(67,0,5,79,79)
r(0,8,5,80,80)
r(63,0,5,81,81)
r(7,0,5,82,82)
r(5,1,5,83,83)
r(21,0,5,84,84)
r(23,0,5,85,85)
r(0,8,5,86,86)
r(19,1,5,87,87)
r(0,8,5,88,88)
r(0,8,5,89,89)
r(1,5,5,90,90)
r(1,5,5,91,91)
r(16,0,5,92,92)
r(5,1,5,93,93)
r(6,2,5,94,94)
r(1,5,5,95,95)
r(2,2,5,96,96)
r(2,2,5,97,97)
w(68,1,5,98,98)
r(1,5,5,99,99)
r(6,2,6,0,0)
r(0,8,6,1,1)
r(3,2,6,2,2)
r(91,0,6,3,3)
r(14,0,6,4,4)
r(84,0,6,5,5)
r(11,1,6,6,6)
r(12,2,6,7,7)
r(0,8,6,8,8)
r(65,0,6,9,9)
r(2,2,6,10,10)
r(1,5,6,11,11)
r(12,2,6,12,12)
r(18,1,6,13,13)
r(7,0,6,14,14)
r(15,1,6,15,15)
r(97,0,6,16,16)
r(4,3,6,17,17)
r(64,0,6,18,18)
r(41,0,6,19,19)
r(0,8,6,20,20)
r(43,0,6,21,21)
r(0,8,6,22,22)
r(9,0,6,23,23)
w(10,2,6,24,24)
r(31,0,6,25,25)
r(70,0,6,26,26)
r(4,3,6,27,27)
r(11,1,6,28,28)
r(3,2,6,29,29)
r(7,0,6,30,30)
r(1,5,6,31,31)
w(54,1,6,32,32)
r(16,0,6,33,33)
r(28,0,6,34,34)
r(10,2,6,35,35)
r(0,8,6,36,36)
r(2,2,6,37,37)
r(0,8,6,38,38)
r(28,0,6,39,39)
r(0,8,6,40,40)
r(83,1,6,41,41)
r(4,3,6,42,42)
r(13,0,6,43,43)
r(57,0,6,44,44)
r(18,1,6,45,45)
r(0,8,6,46,46)
r(14,0,6,47,47)
r(0,8,6,48,48)
w(1,6,6,49,49)
r(3,2,6,50,50)
w(2,3,6,51,51)
r(40,0,6,52,52)
r(3,2,6,53,53)
r(18,1,6,54,54)
r(10,2,6,55,55)
r(2,3,6,56,56)
r(2,3,6,57,57)
w(10,3,6,58,58)
r(0,8,6,59,59)
r(0,8,6,60,60)
r(82,0,6,61,61)
r(0,8,6,62,62)
r(8,0,6,63,63)
r(26,1,6,64,64)
r(14,0,6,65,65)
r(30,0,6,66,66)
r(1,6,6,67,67)
r(0,8,6,68,68)
r(2,3,6,69,69)
r(5,1,6,70,70)
w(17,1,6,71,71)
r(33,0,6,72,72)
r(88,0,6,73,73)
r(18,1,6,74,74)
w(0,9,6,75,75)
r(4,3,6,76,76)
r(25,1,6,77,77)
r(42,0,6,78,78)
r(28,0,6,79,79)
r(50,1,6,80,80)
r(0,9,6,81,81)
r(1,6,6,82,82)
r(3,2,6,83,83)
r(45,0,6,84,84)
r(1,6,6,85,85)
r(27,1,6,86,86)
r(40,0,6,87,87)
r(0,9,6,88,88)
r(24,0,6,89,89)
r(2,3,6,90,90)
r(45,0,6,91,91)
r(63,0,6,92,92)
r(75,0,6,93,93)
r(1,6,6,94,94)
r(29,0,6,95,95)
r(0,9,6,96,96)
w(9,1,6,97,97)
r(0,9,6,98,98)
r(0,9,6,99,99)
r(1,6,7,0,0)
r(10,3,7,1,1)
r(0,9,7,2,2)
r(3,2,7,3,3)
r(0,9,7,4,4)
w(6,3,7,5,5)
r(0,9,7,6,6)
w(3,3,7,7,7)
w(1,7,7,8,8)
r(9,1,7,9,9)
r(4,3,7,10,10)
r(4,3,7,11,11)
r(12,2,7,12,12)
r(2,3,7,13,13)
w(21,1,7,14,14)
r(1,7,7,15,15)
r(31,0,7,16,16)
w(0,10,7,17,17)
w(41,1,7,18,18)
r(12,2,7,19,19)
r(8,0,7,20,20)
r(46,0,7,21,21)
r(10,3,7,22,22)
r(11,1,7,23,23)
r(5,1,7,24,24)
r(11,1,7,25,25)
r(1,7,7,26,26)
r(58,0,7,27,27)
r(2,3,7,28,28)
r(59,0,7,29,29)
r(0,10,7,30,30)
r(97,0,7,31,31)
r(16,0,7,32,32)
r(1,7,7,33,33)
r(6,3,7,34,34)
r(14,0,7,35,35)
r(4,3,7,36,36)
w(2,4,7,37,37)
r(16,0,7,38,38)
r(3,3,7,39,39)
r(4,3,7,40,40)
r(10,3,7,41,41)
r(11,1,7,42,42)
r(3,3,7,43,43)
r(17,1,7,44,44)
r(36,0,7,45,45)
r(15,1,7,46,46)
r(0,10,7,47,47)
r(14,0,7,48,48)
r(31,0,7,49,49)
r(55,0,7,50,50)
r(0,10,7,51,51)
r(5,1,7,52,52)
r(1,7,7,53,53)
r(74,0,7,54,54)
r(0,10,7,55,55)
w(0,11,7,56,56)
r(4,3,7,57,57)
r(20,1,7,58,58)
r(3,3,7,59,59)
r(16,0,7,60,60)
r(0,11,7,61,61)
r(81,1,7,62,62)
w(40,1,7,63,63)
r(22,0,7,64,64)
r(2,4,7,65,65)
r(28,0,7,66,66)
r(51,1,7,67,67)
w(79,1,7,68,68)
r(0,11,7,69,69)
r(26,1,7,70,70)
r(52,1,7,71,71)
r(44,0,7,72,72)
r(0,11,7,73,73)
r(0,11,7,74,74)
r(2,4,7,75,75)
w(2,5,7,76,76)
w(3,4,7,77,77)
r(3,4,7,78,78)
r(18,1,7,79,79)
r(0,11,7,80,80)
r(0,11,7,81,81)
r(84,0,7,82,82)
r(5,1,7,83,83)
r(2,5,7,84,84)
r(16,0,7,85,85)
r(27,1,7,86,86)
r(3,4,7,87,87)
r(42,0,7,88,88)
r(40,1,7,89,89)
r(23,0,7,90,90)
r(49,2,7,91,91)
r(0,11,7,92,92)
r(91,0,7,93,93)
r(13,0,7,94,94)
r(0,11,7,95,95)
r(6,3,7,96,96)
r(41,1,7,97,97)
r(3,4,7,98,98)
w(76,1,7,99,99)
r(8,0,8,0,0)
r(2,5,8,1,1)
r(0,11,8,2,2)
r(16,0,8,3,3)
r(13,0,8,4,4)
r(0,11,8,5,5)
r(5,1,8,6,6)
r(0,11,8,7,7)
w(82,1,8,8,8)
r(8,0,8,9,9)
r(0,11,8,10,10)
r(4,3,8,11,11)
r(27,1,8,12,12)
r(5,1,8,13,13)
r(0,11,8,14,14)
r(40,1,8,15,15)
w(1,8,8,16,16)
r(44,0,8,17,17)
w(26,2,8,18,18)
r(0,11,8,19,19)
r(8,0,8,20,20)
r(0,11,8,21,21)
r(71,0,8,22,22)
r(3,4,8,23,23)
r(44,0,8,24,24)
r(10,3,8,25,25)
r(2,5,8,26,26)
w(0,12,8,27,27)
r(5,1,8,28,28)
r(32,1,8,29,29)
r(19,1,8,30,30)
r(7,0,8,31,31)
r(25,1,8,32,32)
r(3,4,8,33,33)
w(32,2,8,34,34)
r(6,3,8,35,35)
r(0,12,8,36,36)
r(6,3,8,37,37)
w(1,9,8,38,38)
w(4,4,8,39,39)
r(31,0,8,40,40)
r(14,0,8,41,41)
r(58,0,8,42,42)
r(2,5,8,43,43)
r(1,9,8,44,44)
r(1,9,8,45,45)
r(5,1,8,46,46)
r(0,12,8,47,47)
r(1,9,8,48,48)
r(4,4,8,49,49)
r(0,12,8,50,50)
r(0,12,8,51,51)
r(23,0,8,52,52)
r(17,1,8,53,53)
w(19,2,8,54,54)
r(11,1,8,55,55)
r(60,0,8,56,56)
r(1,9,8,57,57)
r(1,9,8,58,58)
w(0,13,8,59,59)
r(0,13,8,60,60)
r(4,4,8,61,61)
r(1,9,8,62,62)
r(59,0,8,63,63)
r(3,4,8,64,64)
r(7,0,8,65,65)
r(47,0,8,66,66)
r(5,1,8,67,67)
r(2,5,8,68,68)
r(10,3,8,69,69)
r(8,0,8,70,70)
w(1,10,8,71,71)
r(19,2,8,72,72)
r(3,4,8,73,73)
r(38,1,8,74,74)
r(87,0,8,75,75)
r(15,1,8,76,76)
r(11,1,8,77,77)
r(0,13,8,78,78)
r(0,13,8,79,79)
r(1,10,8,80,80)
w(7,1,8,81,81)
w(18,2,8,82,82)
r(25,1,8,83,83)
r(4,4,8,84,84)
r(5,1,8,85,85)
r(0,13,8,86,86)
r(4,4,8,87,87)
r(1,10,8,88,88)
r(12,2,8,89,89)
r(1,10,8,90,90)
r(68,1,8,91,91)
r(35,0,8,92,92)
r(0,13,8,93,93)
r(4,4,8,94,94)
r(4,4,8,95,95)
r(32,2,8,96,96)
r(30,0,8,97,97)
r(95,0,8,98,98)
r(45,0,8,99,99)
r(9,1,9,0,0)
r(4,4,9,1,1)
r(40,1,9,2,2)
w(1,11,9,3,3)
r(24,0,9,4,4)
r(0,13,9,5,5)
w(1,12,9,6,6)
r(1,12,9,7,7)
r(1,12,9,8,8)
r(43,0,9,9,9)
r(29,0,9,10,10)
r(1,12,9,11,11)
r(73,0,9,12,12)
r(0,13,9,13,13)
r(57,0,9,14,14)
r(7,1,9,15,15)
r(1,12,9,16,16)
r(2,5,9,17,17)
r(8,0,9,18,18)
r(92,0,9,19,19)
r(27,1,9,20,20)
r(0,13,9,21,21)
w(9,2,9,22,22)
w(13,1,9,23,23)
r(2,5,9,24,24)
r(22,0,9,25,25)
r(0,13,9,26,26)
r(85,0,9,27,27)
r(29,0,9,28,28)
r(0,13,9,29,29)
r(8,0,9,30,30)
r(5,1,9,31,31)
r(75,0,9,32,32)
r(0,13,9,33,33)
r(7,1,9,34,34)
r(14,0,9,35,35)
r(8,0,9,36,36)
r(2,5,9,37,37)
r(16,0,9,38,38)
r(1,12,9,39,39)
r(66,0,9,40,40)
r(84,0,9,41,41)
r(3,4,9,42,42)
r(28,0,9,43,43)
r(8,0,9,44,44)
r(9,2,9,45,45)
r(32,2,9,46,46)
w(12,3,9,47,47)
r(10,3,9,48,48)
r(0,13,9,49,49)
r(1,12,9,50,50)
r(83,1,9,51,51)
r(12,3,9,52,52)
r(1,12,9,53,53)
r(0,13,9,54,54)
r(64,0,9,55,55)
r(2,5,9,56,56)
r(3,4,9,57,57)
r(1,12,9,58,58)
r(1,12,9,59,59)
r(1,12,9,60,60)
r(39,0,9,61,61)
w(0,14,9,62,62)
r(85,0,9,63,63)
r(1,12,9,64,64)
r(1,12,9,65,65)
r(11,1,9,66,66)
r(11,1,9,67,67)
r(1,12,9,68,68)
r(8,0,9,69,69)
r(42,0,9,70,70)
r(0,14,9,71,71)
r(7,1,9,72,72)
r(24,0,9,73,73)
r(4,4,9,74,74)
r(2,5,9,75,75)
r(11,1,9,76,76)
r(21,1,9,77,77)
r(8,0,9,78,78)
r(1,12,9,79,79)
r(29,0,9,80,80)
r(1,12,9,81,81)
r(11,1,9,82,82)
r(28,0,9,83,83)
r(16,0,9,84,84)
r(1,12,9,85,85)
r(19,2,9,86,86)
r(1,12,9,87,87)
r(16,0,9,88,88)
w(20,2,9,89,89)
r(1,12,9,90,90)
r(0,14,9,91,91)
r(23,0,9,92,92)
r(6,3,9,93,93)
r(3,4,9,94,94)
r(80,1,9,95,95)
r(4,4,9,96,96)
r(1,12,9,97,97)
r(4,4,9,98,98)
r(9,2,9,99,99)
r(37,0,10,0,0)
r(27,1,10,1,1)
r(45,0,10,2,2)
r(82,1,10,3,3)
w(0,15,10,4,4)
r(3,4,10,5,5)
r(0,15,10,6,6)
r(7,1,10,7,7)
r(0,15,10,8,8)
r(17,1,10,9,9)
r(6,3,10,10,10)
r(33,0,10,11,11)
w(21,2,10,12,12)
r(4,4,10,13,13)
r(0,15,10,14,14)
r(97,0,10,15,15)
r(35,0,10,16,16)
w(4,5,10,17,17)
r(0,15,10,18,18)
r(0,15,10,19,19)
w(3,5,10,20,20)
r(37,0,10,21,21)
r(22,0,10,22,22)
r(59,0,10,23,23)
r(0,15,10,24,24)
r(5,1,10,25,25)
r(15,1,10,26,26)
r(19,2,10,27,27)
r(9,2,10,28,28)
r(7,1,10,29,29)
r(34,0,10,30,30)
r(18,2,10,31,31)
r(19,2,10,32,32)
r(1,12,10,33,33)
r(59,0,10,34,34)
r(5,1,10,35,35)
r(5,1,10,36,36)
r(48,0,10,37,37)
r(18,2,10,38,38)
r(1,12,10,39,39)
r(16,0,10,40,40)
r(11,1,10,41,41)
r(6,3,10,42,42)
w(8,1,10,43,43)
r(0,15,10,44,44)
r(2,5,10,45,45)
w(0,16,10,46,46)
r(0,16,10,47,47)
r(22,0,10,48,48)
r(2,5,10,49,49)
r(1,12,10,50,50)
r(2,5,10,51,51)
r(1,12,10,52,52)
w(0,17,10,53,53)
r(77,0,10,54,54)
r(97,0,10,55,55)
r(1,12,10,56,56)
r(33,0,10,57,57)
r(1,12,10,58,58)
r(10,3,10,59,59)
r(57,0,10,60,60)
r(4,5,10,61,61)
r(2,5,10,62,62)
r(0,17,10,63,63)
r(46,0,10,64,64)
r(10,3,10,65,65)
r(2,5,10,66,66)
r(63,0,10,67,67)
r(5,1,10,68,68)
r(0,17,10,69,69)
r(2,5,10,70,70)
r(87,0,10,71,71)
r(40,1,10,72,72)
r(1,12,10,73,73)
r(83,1,10,74,74)
r(2,5,10,75,75)
r(54,1,10,76,76)
r(6,3,10,77,77)
r(1,12,10,78,78)
r(16,0,10,79,79)
r(0,17,10,80,80)
w(24,1,10,81,81)
r(11,1,10,82,82)
r(90,0,10,83,83)
w(2,6,10,84,84)
r(2,6,10,85,85)
r(26,2,10,86,86)
r(3,5,10,87,87)
r(0,17,10,88,88)
r(2,6,10,89,89)
r(2,6,10,90,90)
w(5,2,10,91,91)
r(0,17,10,92,92)
r(87,0,10,93,93)
r(45,0,10,94,94)
r(5,2,10,95,95)
w(8,2,10,96,96)
r(25,1,10,97,97)
r(7,1,10,98,98)
r(39,0,10,99,99)
w(33,1,11,0,0)
r(71,0,11,1,1)
r(26,2,11,2,2)
r(11,1,11,3,3)
r(1,12,11,4,4)
r(25,1,11,5,5)
r(1,12,11,6,6)
r(85,0,11,7,7)
r(10,3,11,8,8)
r(0,17,11,9,9)
r(3,5,11,10,10)
r(0,17,11,11,11)
r(44,0,11,12,12)
r(1,12,11,13,13)
r(4,5,11,14,14)
r(36,0,11,15,15)
w(5,3,11,16,16)
r(1,12,11,17,17)
r(86,0,11,18,18)
r(2,6,11,19,19)
r(2,6,11,20,20)
w(0,18,11,21,21)
r(6,3,11,22,22)
r(61,0,11,23,23)
r(0,18,11,24,24)
r(31,0,11,25,25)
w(2,7,11,26,26)
r(1,12,11,27,27)
r(7,1,11,28,28)
r(33,1,11,29,29)
w(23,1,11,30,30)
r(56,0,11,31,31)
r(30,0,11,32,32)
r(60,0,11,33,33)
r(53,0,11,34,34)
r(0,18,11,35,35)
r(60,0,11,36,36)
r(2,7,11,37,37)
w(36,1,11,38,38)
r(61,0,11,39,39)
r(19,2,11,40,40)
r(76,1,11,41,41)
r(0,18,11,42,42)
r(21,2,11,43,43)
r(0,18,11,44,44)
r(0,18,11,45,45)
r(86,0,11,46,46)
r(0,18,11,47,47)
w(4,6,11,48,48)
r(70,0,11,49,49)
r(31,0,11,50,50)
w(20,3,11,51,51)
r(7,1,11,52,52)
r(71,0,11,53,53)
w(26,3,11,54,54)
r(6,3,11,55,55)
r(6,3,11,56,56)
r(47,0,11,57,57)
r(13,1,11,58,58)
r(2,7,11,59,59)
r(6,3,11,60,60)
r(0,18,11,61,61)
r(26,3,11,62,62)
r(1,12,11,63,63)
r(1,12,11,64,64)
r(51,1,11,65,65)
r(9,2,11,66,66)
w(1,13,11,67,67)
r(4,6,11,68,68)
r(0,18,11,69,69)
r(13,1,11,70,70)
r(36,1,11,71,71)
r(86,0,11,72,72)
r(6,3,11,73,73)
r(30,0,11,74,74)
r(1,13,11,75,75)
r(0,18,11,76,76)
r(0,18,11,77,77)
r(1,13,11,78,78)
r(0,18,11,79,79)
r(87,0,11,80,80)
r(38,1,11,81,81)
r(92,0,11,82,82)
r(1,13,11,83,83)
r(0,18,11,84,84)
r(77,0,11,85,85)
w(0,19,11,86,86)
r(10,3,11,87,87)
r(19,2,11,88,88)
r(1,13,11,89,89)
r(2,7,11,90,90)
r(2,7,11,91,91)
r(1,13,11,92,92)
r(6,3,11,93,93)
w(1,14,11,94,94)
r(2,7,11,95,95)
r(2,7,11,96,96)
r(1,14,11,97,97)
r(1,14,11,98,98)
r(2,7,11,99,99)
r(26,3,12,0,0)
r(47,0,12,1,1)
r(5,3,12,2,2)
r(48,0,12,3,3)
r(11,1,12,4,4)
r(0,19,12,5,5)
r(87,0,12,6,6)
r(14,0,12,7,7)
r(2,7,12,8,8)
r(47,0,12,9,9)
r(0,19,12,10,10)
r(12,3,12,11,11)
r(1,14,12,12,12)
r(0,19,12,13,13)
r(5,3,12,14,14)
r(92,0,12,15,15)
r(5,3,12,16,16)
r(0,19,12,17,17)
r(14,0,12,18,18)
r(74,0,12,19,19)
r(0,19,12,20,20)
r(14,0,12,21,21)
r(3,5,12,22,22)
r(0,19,12,23,23)
r(5,3,12,24,24)
r(0,19,12,25,25)
r(24,1,12,26,26)
r(35,0,12,27,27)
r(5,3,12,28,28)
r(2,7,12,29,29)
r(0,19,12,30,30)
w(0,20,12,31,31)
r(0,20,12,32,32)
r(5,3,12,33,33)
r(41,1,12,34,34)
r(82,1,12,35,35)
r(1,14,12,36,36)
r(3,5,12,37,37)
r(75,0,12,38,38)
r(2,7,12,39,39)
r(11,1,12,40,40)
r(13,1,12,41,41)
r(1,14,12,42,42)
r(3,5,12,43,43)
r(93,0,12,44,44)
r(0,20,12,45,45)
r(0,20,12,46,46)
r(8,2,12,47,47)
r(1,14,12,48,48)
r(0,20,12,49,49)
r(45,0,12,50,50)
r(99,0,12,51,51)
r(21,2,12,52,52)
r(0,20,12,53,53)
w(96,1,12,54,54)
r(6,3,12,55,55)
r(0,20,12,56,56)
r(7,1,12,57,57)
r(2,7,12,58,58)
w(0,21,12,59,59)
r(2,7,12,60,60)
r(2,7,12,61,61)
w(0,22,12,62,62)
r(5,3,12,63,63)
w(1,15,12,64,64)
r(1,15,12,65,65)
r(20,3,12,66,66)
r(10,3,12,67,67)
r(2,7,12,68,68)
r(1,15,12,69,69)
r(0,22,12,70,70)
r(6,3,12,71,71)
r(0,22,12,72,72)
r(89,0,12,73,73)
w(6,4,12,74,74)
r(11,1,12,75,75)
w(24,2,12,76,76)
r(9,2,12,77,77)
r(82,1,12,78,78)
r(4,6,12,79,79)
r(5,3,12,80,80)
r(38,1,12,81,81)
r(13,1,12,82,82)
r(35,0,12,83,83)
w(16,1,12,84,84)
r(10,3,12,85,85)
r(0,22,12,86,86)
r(12,3,12,87,87)
r(4,6,12,88,88)
r(11,1,12,89,89)
r(0,22,12,90,90)
r(14,0,12,91,91)
r(14,0,12,92,92)
r(0,22,12,93,93)
w(11,2,12,94,94)
r(0,22,12,95,95)
r(5,3,12,96,96)
r(8,2,12,97,97)
w(3,6,12,98,98)
w(20,4,12,99,99)
r(4,6,13,0,0)
r(36,1,13,1,1)
r(21,2,13,2,2)
r(2,7,13,3,3)
w(2,8,13,4,4)
w(1,16,13,5,5)
r(2,8,13,6,6)
r(6,4,13,7,7)
r(54,1,13,8,8)
r(23,1,13,9,9)
r(93,0,13,10,10)
r(67,0,13,11,11)
r(1,16,13,12,12)
r(0,22,13,13,13)
r(10,3,13,14,14)
r(1,16,13,15,15)
r(7,1,13,16,16)
r(26,3,13,17,17)
r(0,22,13,18,18)
r(0,22,13,19,19)
w(39,1,13,20,20)
r(0,22,13,21,21)
w(8,3,13,22,22)
r(16,1,13,23,23)
r(1,16,13,24,24)
r(4,6,13,25,25)
r(0,22,13,26,26)
r(0,22,13,27,27)
r(80,1,13,28,28)
r(6,4,13,29,29)
r(41,1,13,30,30)
r(1,16,13,31,31)
w(2,9,13,32,32)
r(3,6,13,33,33)
r(9,2,13,34,34)
r(12,3,13,35,35)
r(69,0,13,36,36)
r(1,16,13,37,37)
w(0,23,13,38,38)
r(40,1,13,39,39)
w(10,4,13,40,40)
r(0,23,13,41,41)
w(1,17,13,42,42)
r(0,23,13,43,43)
r(0,23,13,44,44)
r(2,9,13,45,45)
r(0,23,13,46,46)
r(1,17,13,47,47)
r(17,1,13,48,48)
r(41,1,13,49,49)
r(2,9,13,50,50)
r(1,17,13,51,51)
r(15,1,13,52,52)
r(0,23,13,53,53)
r(0,23,13,54,54)
r(7,1,13,55,55)
r(0,23,13,56,56)
r(85,0,13,57,57)
r(2,9,13,58,58)
r(0,23,13,59,59)
r(1,17,13,60,60)
r(3,6,13,61,61)
r(10,4,13,62,62)
w(46,1,13,63,63)
w(6,5,13,64,64)
r(0,23,13,65,65)
r(11,2,13,66,66)
r(85,0,13,67,67)
r(11,2,13,68,68)
r(9,2,13,69,69)
r(12,3,13,70,70)
r(2,9,13,71,71)
r(0,23,13,72,72)
r(3,6,13,73,73)
r(24,2,13,74,74)
r(7,1,13,75,75)
r(53,0,13,76,76)
r(7,1,13,77,77)
r(8,3,13,78,78)
r(5,3,13,79,79)
r(25,1,13,80,80)
r(5,3,13,81,81)
r(9,2,13,82,82)
r(0,23,13,83,83)
w(0,24,13,84,84)
r(34,0,13,85,85)
r(14,0,13,86,86)
r(70,0,13,87,87)
r(1,17,13,88,88)
r(8,3,13,89,89)
r(6,5,13,90,90)
w(2,10,13,91,91)
r(6,5,13,92,92)
r(1,17,13,93,93)
r(11,2,13,94,94)
w(9,3,13,95,95)
r(70,0,13,96,96)
r(9,3,13,97,97)
r(5,3,13,98,98)
r(5,3,13,99,99)
r(3,6,14,0,0)
r(0,24,14,1,1)
r(9,3,14,2,2)
r(8,3,14,3,3)
r(35,0,14,4,4)
w(0,25,14,5,5)
w(40,2,14,6,6)
r(0,25,14,7,7)
r(11,2,14,8,8)
r(1,17,14,9,9)
r(69,0,14,10,10)
r(0,25,14,11,11)
r(82,1,14,12,12)
w(15,2,14,13,13)
r(1,17,14,14,14)
r(10,4,14,15,15)
r(13,1,14,16,16)
r(0,25,14,17,17)
r(6,5,14,18,18)
r(93,0,14,19,19)
r(73,0,14,20,20)
r(79,1,14,21,21)
r(2,10,14,22,22)
r(85,0,14,23,23)
r(82,1,14,24,24)
r(0,25,14,25,25)
r(30,0,14,26,26)
r(4,6,14,27,27)
r(0,25,14,28,28)
r(66,0,14,29,29)
r(0,25,14,30,30)
r(98,0,14,31,31)
r(0,25,14,32,32)
r(0,25,14,33,33)
r(1,17,14,34,34)
r(97,0,14,35,35)
w(12,4,14,36,36)
r(67,0,14,37,37)
r(4,6,14,38,38)
r(53,0,14,39,39)
r(87,0,14,40,40)
r(5,3,14,41,41)
r(39,1,14,42,42)
r(2,10,14,43,43)
r(0,25,14,44,44)
r(0,25,14,45,45)
r(50,1,14,46,46)
r(14,0,14,47,47)
r(6,5,14,48,48)
w(6,6,14,49,49)
r(15,2,14,50,50)
r(16,1,14,51,51)
r(84,0,14,52,52)
r(28,0,14,53,53)
r(5,3,14,54,54)
r(4,6,14,55,55)
r(10,4,14,56,56)
r(8,3,14,57,57)
r(33,1,14,58,58)
r(8,3,14,59,59)
r(25,1,14,60,60)
r(3,6,14,61,61)
w(53,1,14,62,62)
r(39,1,14,63,63)
r(6,6,14,64,64)
w(2,11,14,65,65)
r(45,0,14,66,66)
r(2,11,14,67,67)
r(0,25,14,68,68)
r(34,0,14,69,69)
r(0,25,14,70,70)
r(21,2,14,71,71)
r(1,17,14,72,72)
r(7,1,14,73,73)
r(2,11,14,74,74)
r(16,1,14,75,75)
r(26,3,14,76,76)
r(33,1,14,77,77)
r(64,0,14,78,78)
r(28,0,14,79,79)
w(0,26,14,80,80)
r(7,1,14,81,81)
r(39,1,14,82,82)
r(19,2,14,83,83)
r(3,6,14,84,84)
r(8,3,14,85,85)
r(2,11,14,86,86)
r(3,6,14,87,87)
r(42,0,14,88,88)
r(23,1,14,89,89)
r(49,2,14,90,90)
r(25,1,14,91,91)
r(6,6,14,92,92)
r(11,2,14,93,93)
r(3,6,14,94,94)
r(0,26,14,95,95)
r(0,26,14,96,96)
r(48,0,14,97,97)
r(6,6,14,98,98)
r(1,17,14,99,99)
r(1,17,15,0,0)
r(16,1,15,1,1)
r(2,11,15,2,2)
r(12,4,15,3,3)
r(0,26,15,4,4)
r(57,0,15,5,5)
r(5,3,15,6,6)
r(0,26,15,7,7)
r(75,0,15,8,8)
r(29,0,15,9,9)
r(13,1,15,10,10)
r(12,4,15,11,11)
w(11,3,15,12,12)
r(0,26,15,13,13)
r(14,0,15,14,14)
r(6,6,15,15,15)
r(9,3,15,16,16)
r(51,1,15,17,17)
r(2,11,15,18,18)
r(1,17,15,19,19)
r(11,3,15,20,20)
r(0,26,15,21,21)
r(0,26,15,22,22)
r(37,0,15,23,23)
r(0,26,15,24,24)
r(27,1,15,25,25)
r(3,6,15,26,26)
w(6,7,15,27,27)
r(38,1,15,28,28)
r(3,6,15,29,29)
w(5,4,15,30,30)
r(0,26,15,31,31)
r(20,4,15,32,32)
r(10,4,15,33,33)
r(76,1,15,34,34)
r(29,0,15,35,35)
r(0,26,15,36,36)
r(84,0,15,37,37)
w(1,18,15,38,38)
w(25,2,15,39,39)
r(37,0,15,40,40)
r(4,6,15,41,41)
r(34,0,15,42,42)
w(1,19,15,43,43)
r(1,19,15,44,44)
r(7,1,15,45,45)
r(45,0,15,46,46)
r(0,26,15,47,47)
r(4,6,15,48,48)
r(5,4,15,49,49)
r(34,0,15,50,50)
r(27,1,15,51,51)
r(2,11,15,52,52)
r(72,0,15,53,53)
r(4,6,15,54,54)
r(1,19,15,55,55)
r(18,2,15,56,56)
w(0,27,15,57,57)
r(0,27,15,58,58)
r(2,11,15,59,59)
r(48,0,15,60,60)
r(49,2,15,61,61)
r(0,27,15,62,62)
r(2,11,15,63,63)
r(57,0,15,64,64)
r(0,27,15,65,65)
r(2,11,15,66,66)
r(0,27,15,67,67)
r(0,27,15,68,68)
r(26,3,15,69,69)
r(1,19,15,70,70)
r(53,1,15,71,71)
r(0,27,15,72,72)
r(34,0,15,73,73)
r(1,19,15,74,74)
r(8,3,15,75,75)
r(2,11,15,76,76)
r(83,1,15,77,77)
r(0,27,15,78,78)
r(22,0,15,79,79)
w(82,2,15,80,80)
r(2,11,15,81,81)
r(48,0,15,82,82)
r(0,27,15,83,83)
r(49,2,15,84,84)
r(32,2,15,85,85)
r(18,2,15,86,86)
r(15,2,15,87,87)
r(3,6,15,88,88)
w(25,3,15,89,89)
r(14,0,15,90,90)
r(2,11,15,91,91)
r(28,0,15,92,92)
r(60,0,15,93,93)
r(41,1,15,94,94)
r(0,27,15,95,95)
r(1,19,15,96,96)
w(1,20,15,97,97)
r(5,4,15,98,98)
r(0,27,15,99,99)
r(0,27,16,0,0)
r(47,0,16,1,1)
r(44,0,16,2,2)
r(0,27,16,3,3)
r(52,1,16,4,4)
r(0,27,16,5,5)
r(35,0,16,6,6)
r(97,0,16,7,7)
r(26,3,16,8,8)
w(9,4,16,9,9)
r(5,4,16,10,10)
r(2,11,16,11,11)
r(0,27,16,12,12)
r(0,27,16,13,13)
r(14,0,16,14,14)
r(2,11,16,15,15)
r(11,3,16,16,16)
r(42,0,16,17,17)
r(11,3,16,18,18)
r(1,20,16,19,19)
r(0,27,16,20,20)
r(0,27,16,21,21)
r(45,0,16,22,22)
r(46,1,16,23,23)
r(27,1,16,24,24)
r(2,11,16,25,25)
r(74,0,16,26,26)
r(0,27,16,27,27)
r(1,20,16,28,28)
r(0,27,16,29,29)
r(5,4,16,30,30)
r(87,0,16,31,31)
r(16,1,16,32,32)
r(5,4,16,33,33)
r(2,11,16,34,34)
r(0,27,16,35,35)
r(4,6,16,36,36)
r(0,27,16,37,37)
r(12,4,16,38,38)
r(62,0,16,39,39)
r(3,6,16,40,40)
r(9,4,16,41,41)
r(7,1,16,42,42)
r(79,1,16,43,43)
r(35,0,16,44,44)
w(17,2,16,45,45)
r(49,2,16,46,46)
r(0,27,16,47,47)
r(78,0,16,48,48)
w(9,5,16,49,49)
r(23,1,16,50,50)
r(3,6,16,51,51)
w(28,1,16,52,52)
r(7,1,16,53,53)
w(94,1,16,54,54)
w(3,7,16,55,55)
r(45,0,16,56,56)
r(1,20,16,57,57)
r(4,6,16,58,58)
r(93,0,16,59,59)
r(0,27,16,60,60)
r(0,27,16,61,61)
r(10,4,16,62,62)
r(26,3,16,63,63)
r(23,1,16,64,64)
r(22,0,16,65,65)
r(0,27,16,66,66)
r(3,7,16,67,67)
r(1,20,16,68,68)
w(0,28,16,69,69)
r(0,28,16,70,70)
r(54,1,16,71,71)
r(89,0,16,72,72)
r(0,28,16,73,73)
w(0,29,16,74,74)
r(93,0,16,75,75)
w(3,8,16,76,76)
r(3,8,16,77,77)
r(47,0,16,78,78)
r(9,5,16,79,79)
r(99,0,16,80,80)
r(16,1,16,81,81)
w(0,30,16,82,82)
r(5,4,16,83,83)
r(2,11,16,84,84)
r(7,1,16,85,85)
r(4,6,16,86,86)
r(18,2,16,87,87)
r(20,4,16,88,88)
r(17,2,16,89,89)
r(26,3,16,90,90)
r(10,4,16,91,91)
r(10,4,16,92,92)
r(71,0,16,93,93)
w(4,7,16,94,94)
r(0,30,16,95,95)
r(0,30,16,96,96)
r(4,7,16,97,97)
r(3,8,16,98,98)
w(0,31,16,99,99)
r(82,2,17,0,0)
r(3,8,17,1,1)
r(5,4,17,2,2)
w(1,21,17,3,3)
r(30,0,17,4,4)
r(1,21,17,5,5)
r(19,2,17,6,6)
r(8,3,17,7,7)
r(78,0,17,8,8)
r(0,31,17,9,9)
r(6,7,17,10,10)
r(70,0,17,11,11)
w(17,3,17,12,12)
r(16,1,17,13,13)
r(3,8,17,14,14)
r(0,31,17,15,15)
r(9,5,17,16,16)
r(15,2,17,17,17)
r(1,21,17,18,18)
r(2,11,17,19,19)
r(0,31,17,20,20)
r(52,1,17,21,21)
r(0,31,17,22,22)
r(15,2,17,23,23)
r(0,31,17,24,24)
r(66,0,17,25,25)
r(38,1,17,26,26)
r(1,21,17,27,27)
r(23,1,17,28,28)
r(0,31,17,29,29)
r(14,0,17,30,30)
r(35,0,17,31,31)
r(15,2,17,32,32)
r(6,7,17,33,33)
r(9,5,17,34,34)
r(14,0,17,35,35)
r(3,8,17,36,36)
r(1,21,17,37,37)
r(0,31,17,38,38)
r(2,11,17,39,39)
r(2,11,17,40,40)
r(8,3,17,41,41)
r(3,8,17,42,42)
r(0,31,17,43,43)
r(1,21,17,44,44)
r(0,31,17,45,45)
r(10,4,17,46,46)
w(11,4,17,47,47)
w(0,32,17,48,48)
r(0,32,17,49,49)
r(3,8,17,50,50)
w(4,8,17,51,51)
r(31,0,17,52,52)
r(0,32,17,53,53)
r(3,8,17,54,54)
r(12,4,17,55,55)
r(64,0,17,56,56)
r(12,4,17,57,57)
r(16,1,17,58,58)
r(7,1,17,59,59)
r(2,11,17,60,60)
r(9,5,17,61,61)
r(7,1,17,62,62)
r(1,21,17,63,63)
r(3,8,17,64,64)
r(69,0,17,65,65)
r(0,32,17,66,66)
r(8,3,17,67,67)
r(3,8,17,68,68)
r(82,2,17,69,69)
r(0,32,17,70,70)
r(0,32,17,71,71)
r(0,32,17,72,72)
r(42,0,17,73,73)
r(3,8,17,74,74)
w(1,22,17,75,75)
r(37,0,17,76,76)
r(1,22,17,77,77)
r(2,11,17,78,78)
r(0,32,17,79,79)
r(19,2,17,80,80)
r(28,1,17,81,81)
w(0,33,17,82,82)
r(14,0,17,83,83)
r(0,33,17,84,84)
r(66,0,17,85,85)
r(0,33,17,86,86)
r(62,0,17,87,87)
r(57,0,17,88,88)
r(65,0,17,89,89)
r(8,3,17,90,90)
r(5,4,17,91,91)
r(21,2,17,92,92)
r(32,2,17,93,93)
r(0,33,17,94,94)
r(0,33,17,95,95)
r(2,11,17,96,96)
r(98,0,17,97,97)
r(0,33,17,98,98)
r(2,11,17,99,99)
r(5,4,18,0,0)
r(0,33,18,1,1)
r(47,0,18,2,2)
r(39,1,18,3,3)
r(2,11,18,4,4)
r(37,0,18,5,5)
r(88,0,18,6,6)
r(2,11,18,7,7)
w(9,6,18,8,8)
r(0,33,18,9,9)
r(5,4,18,10,10)
r(42,0,18,11,11)
r(0,33,18,12,12)
r(0,33,18,13,13)
w(1,23,18,14,14)
w(8,4,18,15,15)
r(0,33,18,16,16)
r(3,8,18,17,17)
r(1,23,18,18,18)
r(38,1,18,19,19)
r(27,1,18,20,20)
r(1,23,18,21,21)
r(1,23,18,22,22)
r(17,3,18,23,23)
r(3,8,18,24,24)
r(1,23,18,25,25)
r(15,2,18,26,26)
r(2,11,18,27,27)
r(23,1,18,28,28)
r(59,0,18,29,29)
r(59,0,18,30,30)
r(64,0,18,31,31)
r(45,0,18,32,32)
r(4,8,18,33,33)
w(13,2,18,34,34)
r(0,33,18,35,35)
r(15,2,18,36,36)
r(65,0,18,37,37)
w(0,34,18,38,38)
r(98,0,18,39,39)
w(16,2,18,40,40)
r(0,34,18,41,41)
w(8,5,18,42,42)
r(67,0,18,43,43)
r(56,0,18,44,44)
r(16,2,18,45,45)
r(0,34,18,46,46)
r(1,23,18,47,47)
r(4,8,18,48,48)
r(48,0,18,49,49)
r(5,4,18,50,50)
r(14,0,18,51,51)
r(55,0,18,52,52)
r(0,34,18,53,53)
r(2,11,18,54,54)
r(0,34,18,55,55)
r(2,11,18,56,56)
r(86,0,18,57,57)
w(10,5,18,58,58)
r(1,23,18,59,59)
r(9,6,18,60,60)
r(3,8,18,61,61)
r(0,34,18,62,62)
r(89,0,18,63,63)
w(40,3,18,64,64)
w(19,3,18,65,65)
r(7,1,18,66,66)
r(1,23,18,67,67)
r(3,8,18,68,68)
r(20,4,18,69,69)
r(68,1,18,70,70)
r(3,8,18,71,71)
r(13,2,18,72,72)
r(6,7,18,73,73)
r(2,11,18,74,74)
r(12,4,18,75,75)
r(38,1,18,76,76)
r(2,11,18,77,77)
r(1,23,18,78,78)
r(2,11,18,79,79)
r(14,0,18,80,80)
r(19,3,18,81,81)
r(4,8,18,82,82)
r(15,2,18,83,83)
r(3,8,18,84,84)
r(87,0,18,85,85)
w(32,3,18,86,86)
r(0,34,18,87,87)
r(1,23,18,88,88)
r(2,11,18,89,89)
r(1,23,18,90,90)
r(3,8,18,91,91)
r(63,0,18,92,92)
r(4,8,18,93,93)
r(26,3,18,94,94)
r(4,8,18,95,95)
r(32,3,18,96,96)
r(25,3,18,97,97)
r(80,1,18,98,98)
r(9,6,18,99,99)
r(0,34,19,0,0)
r(19,3,19,1,1)
r(1,23,19,2,2)
r(5,4,19,3,3)
r(48,0,19,4,4)
r(13,2,19,5,5)
r(14,0,19,6,6)
r(17,3,19,7,7)
r(9,6,19,8,8)
r(99,0,19,9,9)
r(34,0,19,10,10)
r(78,0,19,11,11)
w(12,5,19,12,12)
r(0,34,19,13,13)
r(2,11,19,14,14)
r(8,5,19,15,15)
r(20,4,19,16,16)
r(9,6,19,17,17)
r(30,0,19,18,18)
r(0,34,19,19,19)
r(2,11,19,20,20)
r(0,34,19,21,21)
r(57,0,19,22,22)
r(10,5,19,23,23)
r(56,0,19,24,24)
r(8,5,19,25,25)
w(0,35,19,26,26)
r(1,23,19,27,27)
r(7,1,19,28,28)
w(0,36,19,29,29)
r(44,0,19,30,30)
r(38,1,19,31,31)
r(64,0,19,32,32)
r(37,0,19,33,33)
r(85,0,19,34,34)
r(9,6,19,35,35)
r(2,11,19,36,36)
w(3,9,19,37,37)
r(0,36,19,38,38)
r(0,36,19,39,39)
r(4,8,19,40,40)
r(1,23,19,41,41)
r(20,4,19,42,42)
w(8,6,19,43,43)
r(21,2,19,44,44)
r(2,11,19,45,45)
r(3,9,19,46,46)
r(28,1,19,47,47)
r(44,0,19,48,48)
r(1,23,19,49,49)
r(8,6,19,50,50)
r(54,1,19,51,51)
r(0,36,19,52,52)
r(7,1,19,53,53)
w(45,1,19,54,54)
r(11,4,19,55,55)
r(0,36,19,56,56)
r(3,9,19,57,57)
r(1,23,19,58,58)
r(20,4,19,59,59)
r(0,36,19,60,60)
r(18,2,19,61,61)
r(8,6,19,62,62)
r(13,2,19,63,63)
w(1,24,19,64,64)
r(9,6,19,65,65)
r(17,3,19,66,66)
r(5,4,19,67,67)
r(51,1,19,68,68)
r(19,3,19,69,69)
r(1,24,19,70,70)
r(15,2,19,71,71)
r(8,6,19,72,72)
w(9,7,19,73,73)
r(21,2,19,74,74)
r(14,0,19,75,75)
r(4,8,19,76,76)
r(14,0,19,77,77)
r(15,2,19,78,78)
r(1,24,19,79,79)
r(68,1,19,80,80)
r(13,2,19,81,81)
r(32,3,19,82,82)
r(62,0,19,83,83)
r(20,4,19,84,84)
r(16,2,19,85,85)
r(47,0,19,86,86)
r(0,36,19,87,87)
r(84,0,19,88,88)
r(3,9,19,89,89)
r(3,9,19,90,90)
r(59,0,19,91,91)
r(0,36,19,92,92)
r(3,9,19,93,93)
r(0,36,19,94,94)
r(6,7,19,95,95)
w(3,10,19,96,96)
r(3,10,19,97,97)
r(24,2,19,98,98)
r(2,11,19,99,99)
r(5,4,20,0,0)
r(23,1,20,1,1)
r(43,0,20,2,2)
r(2,11,20,3,3)
r(22,0,20,4,4)
r(0,36,20,5,5)
r(19,3,20,6,6)
r(10,5,20,7,7)
r(18,2,20,8,8)
r(4,8,20,9,9)
w(46,2,20,10,10)
r(12,5,20,11,11)
r(36,1,20,12,12)
w(10,6,20,13,13)
r(2,11,20,14,14)
r(5,4,20,15,15)
w(0,37,20,16,16)
r(44,0,20,17,17)
r(8,6,20,18,18)
r(0,37,20,19,19)
r(3,10,20,20,20)
r(86,0,20,21,21)
r(0,37,20,22,22)
r(0,37,20,23,23)
r(19,3,20,24,24)
r(0,37,20,25,25)
r(0,37,20,26,26)
w(0,38,20,27,27)
r(12,5,20,28,28)
r(3,10,20,29,29)
r(6,7,20,30,30)
r(3,10,20,31,31)
r(4,8,20,32,32)
r(51,1,20,33,33)
r(0,38,20,34,34)
r(0,38,20,35,35)
r(78,0,20,36,36)
r(8,6,20,37,37)
r(57,0,20,38,38)
r(3,10,20,39,39)
r(95,0,20,40,40)
r(7,1,20,41,41)
r(57,0,20,42,42)
r(5,4,20,43,43)
r(2,11,20,44,44)
r(11,4,20,45,45)
r(68,1,20,46,46)
r(52,1,20,47,47)
r(0,38,20,48,48)
r(42,0,20,49,49)
r(11,4,20,50,50)
r(1,24,20,51,51)
r(91,0,20,52,52)
r(4,8,20,53,53)
r(10,6,20,54,54)
r(8,6,20,55,55)
r(64,0,20,56,56)
r(32,3,20,57,57)
r(4,8,20,58,58)
r(29,0,20,59,59)
r(87,0,20,60,60)
r(91,0,20,61,61)
r(0,38,20,62,62)
r(11,4,20,63,63)
r(30,0,20,64,64)
r(10,6,20,65,65)
r(0,38,20,66,66)
r(33,1,20,67,67)
w(3,11,20,68,68)
r(23,1,20,69,69)
r(67,0,20,70,70)
r(0,38,20,71,71)
r(8,6,20,72,72)
r(1,24,20,73,73)
r(0,38,20,74,74)
r(4,8,20,75,75)
r(0,38,20,76,76)
r(0,38,20,77,77)
r(6,7,20,78,78)
r(22,0,20,79,79)
r(82,2,20,80,80)
r(8,6,20,81,81)
r(2,11,20,82,82)
r(97,0,20,83,83)
r(3,11,20,84,84)
r(65,0,20,85,85)
r(0,38,20,86,86)
r(6,7,20,87,87)
r(0,38,20,88,88)
r(1,24,20,89,89)
r(2,11,20,90,90)
r(0,38,20,91,91)
w(13,3,20,92,92)
r(35,0,20,93,93)
r(3,11,20,94,94)
r(0,38,20,95,95)
r(88,0,20,96,96)
r(15,2,20,97,97)
r(71,0,20,98,98)
r(0,38,20,99,99)
r(11,4,21,0,0)
w(2,12,21,1,1)
r(64,0,21,2,2)
r(0,38,21,3,3)
r(1,24,21,4,4)
r(1,24,21,5,5)
r(2,12,21,6,6)
r(2,12,21,7,7)
r(0,38,21,8,8)
r(2,12,21,9,9)
r(4,8,21,10,10)
r(49,2,21,11,11)
r(6,7,21,12,12)
r(3,11,21,13,13)
r(18,2,21,14,14)
r(0,38,21,15,15)
r(3,11,21,16,16)
r(50,1,21,17,17)
r(28,1,21,18,18)
r(0,38,21,19,19)
r(14,0,21,20,20)
r(2,12,21,21,21)
r(18,2,21,22,22)
r(2,12,21,23,23)
r(15,2,21,24,24)
r(0,38,21,25,25)
r(0,38,21,26,26)
r(44,0,21,27,27)
r(1,24,21,28,28)
r(17,3,21,29,29)
r(22,0,21,30,30)
r(4,8,21,31,31)
r(0,38,21,32,32)
r(16,2,21,33,33)
r(21,2,21,34,34)
r(58,0,21,35,35)
r(5,4,21,36,36)
r(5,4,21,37,37)
r(6,7,21,38,38)
r(30,0,21,39,39)
r(49,2,21,40,40)
r(3,11,21,41,41)
r(23,1,21,42,42)
w(1,25,21,43,43)
r(24,2,21,44,44)
r(0,38,21,45,45)
r(12,5,21,46,46)
r(59,0,21,47,47)
r(0,38,21,48,48)
r(3,11,21,49,49)
r(3,11,21,50,50)
r(9,7,21,51,51)
r(87,0,21,52,52)
r(5,4,21,53,53)
r(25,3,21,54,54)
r(1,25,21,55,55)
r(40,3,21,56,56)
r(0,38,21,57,57)
r(47,0,21,58,58)
r(0,38,21,59,59)
r(2,12,21,60,60)
r(36,1,21,61,61)
r(6,7,21,62,62)
r(39,1,21,63,63)
r(1,25,21,64,64)
r(3,11,21,65,65)
r(2,12,21,66,66)
r(7,1,21,67,67)
r(5,4,21,68,68)
r(48,0,21,69,69)
r(41,1,21,70,70)
r(10,6,21,71,71)
r(14,0,21,72,72)
r(0,38,21,73,73)
r(38,1,21,74,74)
r(27,1,21,75,75)
r(1,25,21,76,76)
r(0,38,21,77,77)
w(1,26,21,78,78)
r(16,2,21,79,79)
r(58,0,21,80,80)
r(29,0,21,81,81)
r(56,0,21,82,82)
r(2,12,21,83,83)
w(0,39,21,84,84)
r(0,39,21,85,85)
w(1,27,21,86,86)
r(0,39,21,87,87)
r(0,39,21,88,88)
r(0,39,21,89,89)
r(81,1,21,90,90)
r(99,0,21,91,91)
r(1,27,21,92,92)
r(17,3,21,93,93)
r(5,4,21,94,94)
r(1,27,21,95,95)
r(93,0,21,96,96)
r(9,7,21,97,97)
r(15,2,21,98,98)
r(27,1,21,99,99)
r(0,39,22,0,0)
r(0,39,22,1,1)
r(15,2,22,2,2)
w(20,5,22,3,3)
r(13,3,22,4,4)
w(7,2,22,5,5)
r(7,2,22,6,6)
r(24,2,22,7,7)
r(19,3,22,8,8)
r(1,27,22,9,9)
r(8,6,22,10,10)
w(1,28,22,11,11)
r(11,4,22,12,12)
w(0,40,22,13,13)
r(8,6,22,14,14)
r(3,11,22,15,15)
w(9,8,22,16,16)
r(57,0,22,17,17)
r(63,0,22,18,18)
r(0,40,22,19,19)
r(0,40,22,20,20)
r(87,0,22,21,21)
r(28,1,22,22,22)
r(1,28,22,23,23)
r(6,7,22,24,24)
r(2,12,22,25,25)
r(49,2,22,26,26)
r(6,7,22,27,27)
r(2,12,22,28,28)
w(12,6,22,29,29)
r(4,8,22,30,30)
r(31,0,22,31,31)
r(17,3,22,32,32)
w(6,8,22,33,33)
r(90,0,22,34,34)
r(16,2,22,35,35)
r(55,0,22,36,36)
r(0,40,22,37,37)
r(34,0,22,38,38)
r(27,1,22,39,39)
r(3,11,22,40,40)
r(0,40,22,41,41)
r(52,1,22,42,42)
r(17,3,22,43,43)
r(0,40,22,44,44)
r(0,40,22,45,45)
r(48,0,22,46,46)
w(50,2,22,47,47)
r(0,40,22,48,48)
r(35,0,22,49,49)
r(0,40,22,50,50)
r(2,12,22,51,51)
r(2,12,22,52,52)
r(3,11,22,53,53)
r(2,12,22,54,54)
r(0,40,22,55,55)
r(1,28,22,56,56)
r(0,40,22,57,57)
r(1,28,22,58,58)
r(13,3,22,59,59)
r(28,1,22,60,60)
r(32,3,22,61,61)
w(10,7,22,62,62)
r(9,8,22,63,63)
r(22,0,22,64,64)
r(0,40,22,65,65)
r(5,4,22,66,66)
r(0,40,22,67,67)
r(30,0,22,68,68)
r(39,1,22,69,69)
w(4,9,22,70,70)
r(0,40,22,71,71)
w(12,7,22,72,72)
r(17,3,22,73,73)
r(90,0,22,74,74)
r(13,3,22,75,75)
r(48,0,22,76,76)
r(41,1,22,77,77)
r(1,28,22,78,78)
r(31,0,22,79,79)
r(30,0,22,80,80)
r(10,7,22,81,81)
w(2,13,22,82,82)
r(25,3,22,83,83)
r(5,4,22,84,84)
w(2,14,22,85,85)
r(46,2,22,86,86)
r(20,5,22,87,87)
w(22,1,22,88,88)
r(6,8,22,89,89)
r(19,3,22,90,90)
r(1,28,22,91,91)
r(17,3,22,92,92)
r(39,1,22,93,93)
r(61,0,22,94,94)
r(9,8,22,95,95)
r(41,1,22,96,96)
r(8,6,22,97,97)
r(0,40,22,98,98)
r(95,0,22,99,99)
r(33,1,23,0,0)
r(46,2,23,1,1)
r(46,2,23,2,2)
r(39,1,23,3,3)
r(47,0,23,4,4)
w(0,41,23,5,5)
r(30,0,23,6,6)
r(2,14,23,7,7)
r(2,14,23,8,8)
w(1,29,23,9,9)
r(34,0,23,10,10)
r(2,14,23,11,11)
r(12,7,23,12,12)
r(1,29,23,13,13)
w(19,4,23,14,14)
r(5,4,23,15,15)
r(3,11,23,16,16)
r(39,1,23,17,17)
r(0,41,23,18,18)
r(50,2,23,19,19)
r(71,0,23,20,20)
r(35,0,23,21,21)
r(13,3,23,22,22)
r(70,0,23,23,23)
r(12,7,23,24,24)
r(1,29,23,25,25)
r(2,14,23,26,26)
w(10,8,23,27,27)
r(10,8,23,28,28)
r(78,0,23,29,29)
w(30,1,23,30,30)
r(4,9,23,31,31)
r(45,1,23,32,32)
r(4,9,23,33,33)
r(2,14,23,34,34)
r(1,29,23,35,35)
r(6,8,23,36,36)
r(62,0,23,37,37)
r(50,2,23,38,38)
r(68,1,23,39,39)
r(41,1,23,40,40)
r(18,2,23,41,41)
r(8,6,23,42,42)
r(7,2,23,43,43)
r(0,41,23,44,44)
r(1,29,23,45,45)
r(12,7,23,46,46)
r(3,11,23,47,47)
r(3,11,23,48,48)
r(1,29,23,49,49)
r(40,3,23,50,50)
r(0,41,23,51,51)
r(4,9,23,52,52)
r(0,41,23,53,53)
r(5,4,23,54,54)
r(45,1,23,55,55)
r(2,14,23,56,56)
r(52,1,23,57,57)
r(54,1,23,58,58)
r(1,29,23,59,59)
r(5,4,23,60,60)
w(8,7,23,61,61)
w(1,30,23,62,62)
w(7,3,23,63,63)
r(21,2,23,64,64)
r(7,3,23,65,65)
r(27,1,23,66,66)
r(14,0,23,67,67)
r(51,1,23,68,68)
r(15,2,23,69,69)
r(6,8,23,70,70)
r(1,30,23,71,71)
r(33,1,23,72,72)
r(0,41,23,73,73)
r(29,0,23,74,74)
r(0,41,23,75,75)
w(15,3,23,76,76)
r(19,4,23,77,77)
r(3,11,23,78,78)
r(4,9,23,79,79)
r(1,30,23,80,80)
r(27,1,23,81,81)
w(3,12,23,82,82)
w(0,42,23,83,83)
r(1,30,23,84,84)
r(12,7,23,85,85)
r(4,9,23,86,86)
r(15,3,23,87,87)
r(27,1,23,88,88)
r(14,0,23,89,89)
r(1,30,23,90,90)
r(0,42,23,91,91)
w(9,9,23,92,92)
w(13,4,23,93,93)
r(0,42,23,94,94)
r(7,3,23,95,95)
r(46,2,23,96,96)
r(78,0,23,97,97)
r(4,9,23,98,98)
r(7,3,23,99,99)
r(37,0,24,0,0)
r(0,42,24,1,1)
r(17,3,24,2,2)
r(6,8,24,3,3)
r(25,3,24,4,4)
r(6,8,24,5,5)
r(4,9,24,6,6)
r(38,1,24,7,7)
r(22,1,24,8,8)
r(0,42,24,9,9)
r(0,42,24,10,10)
r(59,0,24,11,11)
r(0,42,24,12,12)
r(10,8,24,13,13)
w(6,9,24,14,14)
r(1,30,24,15,15)
r(0,42,24,16,16)
r(2,14,24,17,17)
r(3,12,24,18,18)
r(28,1,24,19,19)
r(89,0,24,20,20)
r(14,0,24,21,21)
r(10,8,24,22,22)
r(58,0,24,23,23)
r(23,1,24,24,24)
r(0,42,24,25,25)
r(32,3,24,26,26)
r(2,14,24,27,27)
r(9,9,24,28,28)
w(19,5,24,29,29)
w(0,43,24,30,30)
r(7,3,24,31,31)
r(1,30,24,32,32)
r(38,1,24,33,33)
r(2,14,24,34,34)
w(0,44,24,35,35)
r(0,44,24,36,36)
r(0,44,24,37,37)
r(4,9,24,38,38)
w(0,45,24,39,39)
w(15,4,24,40,40)
w(0,46,24,41,41)
r(19,5,24,42,42)
r(4,9,24,43,43)
w(20,6,24,44,44)
r(2,14,24,45,45)
r(6,9,24,46,46)
r(1,30,24,47,47)
r(2,14,24,48,48)
r(1,30,24,49,49)
r(0,46,24,50,50)
r(0,46,24,51,51)
r(0,46,24,52,52)
r(0,46,24,53,53)
r(25,3,24,54,54)
r(74,0,24,55,55)
r(2,14,24,56,56)
r(0,46,24,57,57)
r(15,4,24,58,58)
r(0,46,24,59,59)
r(14,0,24,60,60)
r(0,46,24,61,61)
r(98,0,24,62,62)
r(0,46,24,63,63)
r(13,4,24,64,64)
r(1,30,24,65,65)
r(1,30,24,66,66)
r(27,1,24,67,67)
r(4,9,24,68,68)
r(5,4,24,69,69)
r(0,46,24,70,70)
r(0,46,24,71,71)
r(0,46,24,72,72)
w(38,2,24,73,73)
r(0,46,24,74,74)
r(1,30,24,75,75)
w(0,47,24,76,76)
w(47,1,24,77,77)
r(1,30,24,78,78)
r(33,1,24,79,79)
r(3,12,24,80,80)
r(12,7,24,81,81)
r(0,47,24,82,82)
r(0,47,24,83,83)
r(34,0,24,84,84)
w(1,31,24,85,85)
r(0,47,24,86,86)
r(4,9,24,87,87)
r(3,12,24,88,88)
r(13,4,24,89,89)
r(2,14,24,90,90)
r(1,31,24,91,91)
r(1,31,24,92,92)
r(0,47,24,93,93)
r(1,31,24,94,94)
w(8,8,24,95,95)
r(24,2,24,96,96)
r(15,4,24,97,97)
r(1,31,24,98,98)
r(1,31,24,99,99)
r(3,12,25,0,0)
r(10,8,25,1,1)
r(5,4,25,2,2)
w(1,32,25,3,3)
r(0,47,25,4,4)
r(49,2,25,5,5)
r(0,47,25,6,6)
r(20,6,25,7,7)
r(21,2,25,8,8)
r(1,32,25,9,9)
w(0,48,25,10,10)
r(32,3,25,11,11)
r(3,12,25,12,12)
r(2,14,25,13,13)
r(23,1,25,14,14)
r(81,1,25,15,15)
r(1,32,25,16,16)
r(63,0,25,17,17)
r(1,32,25,18,18)
r(25,3,25,19,19)
r(5,4,25,20,20)
r(3,12,25,21,21)
r(0,48,25,22,22)
w(41,2,25,23,23)
r(0,48,25,24,24)
r(47,1,25,25,25)
w(1,33,25,26,26)
r(44,0,25,27,27)
r(2,14,25,28,28)
w(2,15,25,29,29)
r(0,48,25,30,30)
r(2,15,25,31,31)
r(0,48,25,32,32)
r(4,9,25,33,33)
r(14,0,25,34,34)
r(2,15,25,35,35)
r(25,3,25,36,36)
r(93,0,25,37,37)
r(36,1,25,38,38)
r(4,9,25,39,39)
r(0,48,25,40,40)
r(13,4,25,41,41)
r(92,0,25,42,42)
r(25,3,25,43,43)
r(53,1,25,44,44)
r(26,3,25,45,45)
r(17,3,25,46,46)
r(42,0,25,47,47)
r(85,0,25,48,48)
r(8,8,25,49,49)
r(81,1,25,50,50)
r(30,1,25,51,51)
r(0,48,25,52,52)
r(10,8,25,53,53)
r(74,0,25,54,54)
r(2,15,25,55,55)
r(12,7,25,56,56)
r(6,9,25,57,57)
r(16,2,25,58,58)
w(6,10,25,59,59)
r(24,2,25,60,60)
w(0,49,25,61,61)
r(7,3,25,62,62)
r(1,33,25,63,63)
w(5,5,25,64,64)
w(29,1,25,65,65)
w(11,5,25,66,66)
r(1,33,25,67,67)
r(32,3,25,68,68)
r(6,10,25,69,69)
r(2,15,25,70,70)
w(35,1,25,71,71)
r(0,49,25,72,72)
r(2,15,25,73,73)
r(1,33,25,74,74)
r(28,1,25,75,75)
r(82,2,25,76,76)
r(12,7,25,77,77)
r(17,3,25,78,78)
r(49,2,25,79,79)
r(0,49,25,80,80)
r(15,4,25,81,81)
r(3,12,25,82,82)
r(7,3,25,83,83)
r(8,8,25,84,84)
r(0,49,25,85,85)
r(25,3,25,86,86)
w(62,1,25,87,87)
r(36,1,25,88,88)
r(22,1,25,89,89)
r(2,15,25,90,90)
r(0,49,25,91,91)
r(0,49,25,92,92)
r(4,9,25,93,93)
r(4,9,25,94,94)
r(1,33,25,95,95)
r(0,49,25,96,96)
r(11,5,25,97,97)
r(0,49,25,98,98)
r(3,12,25,99,99)
r(2,15,26,0,0)
r(10,8,26,1,1)
r(94,1,26,2,2)
r(7,3,26,3,3)
r(1,33,26,4,4)
r(2,15,26,5,5)
r(0,49,26,6,6)
r(0,49,26,7,7)
r(0,49,26,8,8)
r(0,49,26,9,9)
r(47,1,26,10,10)
r(9,9,26,11,11)
r(5,5,26,12,12)
w(17,4,26,13,13)
r(3,12,26,14,14)
r(1,33,26,15,15)
r(6,10,26,16,16)
w(0,50,26,17,17)
r(0,50,26,18,18)
r(53,1,26,19,19)
r(4,9,26,20,20)
r(28,1,26,21,21)
r(22,1,26,22,22)
r(2,15,26,23,23)
r(15,4,26,24,24)
r(0,50,26,25,25)
r(3,12,26,26,26)
r(9,9,26,27,27)
w(77,1,26,28,28)
r(0,50,26,29,29)
r(4,9,26,30,30)
r(2,15,26,31,31)
r(0,50,26,32,32)
r(56,0,26,33,33)
r(59,0,26,34,34)
r(0,50,26,35,35)
r(0,50,26,36,36)
r(81,1,26,37,37)
r(3,12,26,38,38)
r(20,6,26,39,39)
r(0,50,26,40,40)
r(23,1,26,41,41)
r(3,12,26,42,42)
r(86,0,26,43,43)
r(29,1,26,44,44)
r(70,0,26,45,45)
r(3,12,26,46,46)
r(6,10,26,47,47)
r(15,4,26,48,48)
r(1,33,26,49,49)
r(6,10,26,50,50)
r(10,8,26,51,51)
r(88,0,26,52,52)
r(3,12,26,53,53)
r(87,0,26,54,54)
w(74,1,26,55,55)
r(2,15,26,56,56)
r(44,0,26,57,57)
r(0,50,26,58,58)
r(6,10,26,59,59)
r(5,5,26,60,60)
r(0,50,26,61,61)
r(12,7,26,62,62)
r(26,3,26,63,63)
r(57,0,26,64,64)
r(4,9,26,65,65)
r(0,50,26,66,66)
r(6,10,26,67,67)
r(0,50,26,68,68)
r(1,33,26,69,69)
r(4,9,26,70,70)
r(1,33,26,71,71)
r(0,50,26,72,72)
r(0,50,26,73,73)
r(21,2,26,74,74)
r(5,5,26,75,75)
r(0,50,26,76,76)
r(1,33,26,77,77)
r(1,33,26,78,78)
r(16,2,26,79,79)
r(55,0,26,80,80)
r(0,50,26,81,81)
r(8,8,26,82,82)
r(31,0,26,83,83)
r(9,9,26,84,84)
r(0,50,26,85,85)
r(1,33,26,86,86)
r(20,6,26,87,87)
r(1,33,26,88,88)
r(12,7,26,89,89)
r(61,0,26,90,90)
r(53,1,26,91,91)
r(21,2,26,92,92)
r(50,2,26,93,93)
r(5,5,26,94,94)
w(37,1,26,95,95)
r(1,33,26,96,96)
r(49,2,26,97,97)
r(24,2,26,98,98)
w(15,5,26,99,99)
r(2,15,27,0,0)
w(8,9,27,1,1)
r(1,33,27,2,2)
r(0,50,27,3,3)
r(12,7,27,4,4)
r(1,33,27,5,5)
r(0,50,27,6,6)
r(11,5,27,7,7)
r(2,15,27,8,8)
r(74,1,27,9,9)
r(0,50,27,10,10)
r(0,50,27,11,11)
r(0,50,27,12,12)
r(75,0,27,13,13)
r(2,15,27,14,14)
r(1,33,27,15,15)
w(4,10,27,16,16)
r(1,33,27,17,17)
r(0,50,27,18,18)
r(22,1,27,19,19)
r(16,2,27,20,20)
r(5,5,27,21,21)
r(15,5,27,22,22)
r(17,4,27,23,23)
w(1,34,27,24,24)
w(12,8,27,25,25)
r(0,50,27,26,26)
r(97,0,27,27,27)
r(19,5,27,28,28)
r(21,2,27,29,29)
r(0,50,27,30,30)
r(0,50,27,31,31)
r(27,1,27,32,32)
r(1,34,27,33,33)
r(5,5,27,34,34)
r(7,3,27,35,35)
r(13,4,27,36,36)
r(2,15,27,37,37)
r(5,5,27,38,38)
w(38,3,27,39,39)
r(3,12,27,40,40)
r(75,0,27,41,41)
r(1,34,27,42,42)
r(2,15,27,43,43)
r(15,5,27,44,44)
w(3,13,27,45,45)
w(5,6,27,46,46)
r(3,13,27,47,47)
r(12,8,27,48,48)
r(17,4,27,49,49)
r(18,2,27,50,50)
r(68,1,27,51,51)
r(0,50,27,52,52)
r(23,1,27,53,53)
r(0,50,27,54,54)
r(9,9,27,55,55)
r(0,50,27,56,56)
r(17,4,27,57,57)
r(61,0,27,58,58)
r(4,10,27,59,59)
r(3,13,27,60,60)
r(6,10,27,61,61)
r(20,6,27,62,62)
r(0,50,27,63,63)
r(31,0,27,64,64)
r(9,9,27,65,65)
r(30,1,27,66,66)
r(1,34,27,67,67)
r(78,0,27,68,68)
r(64,0,27,69,69)
w(5,7,27,70,70)
r(0,50,27,71,71)
r(17,4,27,72,72)
r(0,50,27,73,73)
r(0,50,27,74,74)
w(0,51,27,75,75)
r(67,0,27,76,76)
w(0,52,27,77,77)
r(1,34,27,78,78)
r(0,52,27,79,79)
r(19,5,27,80,80)
r(24,2,27,81,81)
r(0,52,27,82,82)
r(92,0,27,83,83)
r(87,0,27,84,84)
r(1,34,27,85,85)
r(8,9,27,86,86)
r(51,1,27,87,87)
r(1,34,27,88,88)
r(87,0,27,89,89)
r(3,13,27,90,90)
r(4,10,27,91,91)
r(0,52,27,92,92)
r(2,15,27,93,93)
r(0,52,27,94,94)
w(19,6,27,95,95)
r(6,10,27,96,96)
r(7,3,27,97,97)
r(0,52,27,98,98)
r(18,2,27,99,99)
r(22,1,28,0,0)
r(0,52,28,1,1)
r(0,52,28,2,2)
r(26,3,28,3,3)
r(10,8,28,4,4)
r(35,1,28,5,5)
w(2,16,28,6,6)
r(74,1,28,7,7)
r(5,7,28,8,8)
r(4,10,28,9,9)
r(10,8,28,10,10)
w(94,2,28,11,11)
r(71,0,28,12,12)
r(0,52,28,13,13)
r(5,7,28,14,14)
r(35,1,28,15,15)
r(49,2,28,16,16)
r(30,1,28,17,17)
w(0,53,28,18,18)
r(0,53,28,19,19)
r(0,53,28,20,20)
r(3,13,28,21,21)
r(62,1,28,22,22)
r(27,1,28,23,23)
r(15,5,28,24,24)
r(0,53,28,25,25)
r(59,0,28,26,26)
r(84,0,28,27,27)
r(29,1,28,28,28)
r(2,16,28,29,29)
r(6,10,28,30,30)
r(35,1,28,31,31)
r(5,7,28,32,32)
r(26,3,28,33,33)
r(55,0,28,34,34)
r(7,3,28,35,35)
r(21,2,28,36,36)
r(47,1,28,37,37)
r(82,2,28,38,38)
r(20,6,28,39,39)
r(32,3,28,40,40)
r(56,0,28,41,41)
r(0,53,28,42,42)
r(17,4,28,43,43)
r(4,10,28,44,44)
r(41,2,28,45,45)
r(1,34,28,46,46)
r(0,53,28,47,47)
r(30,1,28,48,48)
r(2,16,28,49,49)
r(3,13,28,50,50)
r(32,3,28,51,51)
r(4,10,28,52,52)
r(5,7,28,53,53)
r(14,0,28,54,54)
r(1,34,28,55,55)
w(0,54,28,56,56)
r(20,6,28,57,57)
r(0,54,28,58,58)
r(8,9,28,59,59)
r(55,0,28,60,60)
r(38,3,28,61,61)
r(0,54,28,62,62)
r(1,34,28,63,63)
r(0,54,28,64,64)
w(0,55,28,65,65)
r(69,0,28,66,66)
r(0,55,28,67,67)
r(0,55,28,68,68)
r(14,0,28,69,69)
r(97,0,28,70,70)
r(1,34,28,71,71)
r(21,2,28,72,72)
r(7,3,28,73,73)
r(0,55,28,74,74)
r(6,10,28,75,75)
r(91,0,28,76,76)
r(27,1,28,77,77)
r(17,4,28,78,78)
r(3,13,28,79,79)
r(55,0,28,80,80)
w(76,2,28,81,81)
r(9,9,28,82,82)
r(48,0,28,83,83)
r(0,55,28,84,84)
r(39,1,28,85,85)
r(29,1,28,86,86)
r(2,16,28,87,87)
r(4,10,28,88,88)
r(2,16,28,89,89)
r(0,55,28,90,90)
r(38,3,28,91,91)
r(36,1,28,92,92)
r(0,55,28,93,93)
r(18,2,28,94,94)
r(6,10,28,95,95)
r(51,1,28,96,96)
r(0,55,28,97,97)
r(55,0,28,98,98)
r(34,0,28,99,99)
r(0,55,29,0,0)
w(2,17,29,1,1)
r(4,10,29,2,2)
r(4,10,29,3,3)
r(1,34,29,4,4)
r(7,3,29,5,5)
r(21,2,29,6,6)
w(47,2,29,7,7)
r(0,55,29,8,8)
r(12,8,29,9,9)
r(2,17,29,10,10)
r(6,10,29,11,11)
r(1,34,29,12,12)
w(13,5,29,13,13)
r(47,2,29,14,14)
r(35,1,29,15,15)
r(52,1,29,16,16)
r(2,17,29,17,17)
r(84,0,29,18,18)
r(26,3,29,19,19)
r(0,55,29,20,20)
r(44,0,29,21,21)
r(44,0,29,22,22)
r(14,0,29,23,23)
r(3,13,29,24,24)
r(53,1,29,25,25)
r(3,13,29,26,26)
r(19,6,29,27,27)
r(0,55,29,28,28)
r(6,10,29,29,29)
r(19,6,29,30,30)
r(5,7,29,31,31)
r(89,0,29,32,32)
r(1,34,29,33,33)
r(92,0,29,34,34)
r(64,0,29,35,35)
r(2,17,29,36,36)
r(0,55,29,37,37)
r(29,1,29,38,38)
r(5,7,29,39,39)
r(62,1,29,40,40)
r(1,34,29,41,41)
r(55,0,29,42,42)
r(61,0,29,43,43)
r(1,34,29,44,44)
r(3,13,29,45,45)
r(17,4,29,46,46)
r(2,17,29,47,47)
r(18,2,29,48,48)
r(13,5,29,49,49)
r(3,13,29,50,50)
r(23,1,29,51,51)
r(1,34,29,52,52)
r(2,17,29,53,53)
r(1,34,29,54,54)
w(4,11,29,55,55)
r(8,9,29,56,56)
r(25,3,29,57,57)
w(61,1,29,58,58)
r(1,34,29,59,59)
r(1,34,29,60,60)
r(34,0,29,61,61)
r(18,2,29,62,62)
r(19,6,29,63,63)
r(42,0,29,64,64)
r(8,9,29,65,65)
r(10,8,29,66,66)
r(0,55,29,67,67)
r(3,13,29,68,68)
r(72,0,29,69,69)
r(2,17,29,70,70)
r(21,2,29,71,71)
r(0,55,29,72,72)
r(2,17,29,73,73)
r(8,9,29,74,74)
r(0,55,29,75,75)
r(26,3,29,76,76)
r(29,1,29,77,77)
r(0,55,29,78,78)
r(0,55,29,79,79)
w(21,3,29,80,80)
r(2,17,29,81,81)
r(4,11,29,82,82)
w(52,2,29,83,83)
r(3,13,29,84,84)
r(9,9,29,85,85)
r(5,7,29,86,86)
r(31,0,29,87,87)
r(3,13,29,88,88)
r(1,34,29,89,89)
r(1,34,29,90,90)
r(67,0,29,91,91)
r(10,8,29,92,92)
r(94,2,29,93,93)
r(45,1,29,94,94)
r(14,0,29,95,95)
w(0,56,29,96,96)
r(11,5,29,97,97)
r(23,1,29,98,98)
r(95,0,29,99,99)
