w(57,1,0,0,0)
r(40,0,0,1,1)
w(2,1,0,2,2)
r(3,0,0,3,3)
r(17,0,0,4,4)
w(5,1,0,5,5)
w(19,1,0,6,6)
w(93,1,0,7,7)
w(92,1,0,8,8)
w(18,1,0,9,9)
r(91,0,0,10,10)
w(54,1,0,11,11)
r(63,0,0,12,12)
r(5,1,0,13,13)
r(47,0,0,14,14)
r(92,1,0,15,15)
r(1,0,0,16,16)
r(38,0,0,17,17)
w(70,1,0,18,18)
w(21,1,0,19,19)
r(38,0,0,20,20)
w(35,1,0,21,21)
r(3,0,0,22,22)
w(43,1,0,23,23)
w(79,1,0,24,24)
r(43,1,0,25,25)
r(26,0,0,26,26)
w(39,1,0,27,27)
w(95,1,0,28,28)
w(21,2,0,29,29)
w(98,1,0,30,30)
r(12,0,0,31,31)
r(24,0,0,32,32)
w(6,1,0,33,33)
r(97,0,0,34,34)
r(9,0,0,35,35)
r(6,1,0,36,36)
r(30,0,0,37,37)
w(83,1,0,38,38)
r(11,0,0,39,39)
r(56,0,0,40,40)
w(67,1,0,41,41)
r(94,0,0,42,42)
w(40,1,0,43,43)
w(37,1,0,44,44)
r(37,1,0,45,45)
w(12,1,0,46,46)
w(31,1,0,47,47)
r(66,0,0,48,48)
r(1,0,0,49,49)
r(21,2,0,50,50)
w(19,2,0,51,51)
r(47,0,0,52,52)
r(29,0,0,53,53)
r(51,0,0,54,54)
w(73,1,0,55,55)
w(83,2,0,56,56)
w(1,1,0,57,57)
r(95,1,0,58,58)
r(94,0,0,59,59)
r(77,0,0,60,60)
w(15,1,0,61,61)
r(57,1,0,62,62)
r(57,1,0,63,63)
r(11,0,0,64,64)
w(93,2,0,65,65)
w(95,2,0,66,66)
r(62,0,0,67,67)
r(19,2,0,68,68)
r(44,0,0,69,69)
r(7,0,0,70,70)
r(1,1,0,71,71)
w(98,2,0,72,72)
w(99,1,0,73,73)
r(9,0,0,74,74)
r(32,0,0,75,75)
w(94,1,0,76,76)
r(47,0,0,77,77)
r(75,0,0,78,78)
r(33,0,0,79,79)
w(99,2,0,80,80)
r(86,0,0,81,81)
r(34,0,0,82,82)
w(61,1,0,83,83)
r(17,0,0,84,84)
w(84,1,0,85,85)
w(65,1,0,86,86)
r(0,0,0,87,87)
w(43,2,0,88,88)
r(48,0,0,89,89)
w(73,2,0,90,90)
w(18,2,0,91,91)
w(48,1,0,92,92)
r(74,0,0,93,93)
w(67,2,0,94,94)
w(94,2,0,95,95)
r(86,0,0,96,96)
w(79,2,0,97,97)
r(62,0,0,98,98)
w(56,1,0,99,99)
w(66,1,0,100,100)
r(47,0,0,101,101)
w(76,1,0,102,102)
r(73,2,0,103,103)
r(63,0,0,104,104)
w(97,1,0,105,105)
r(60,0,0,106,106)
w(1,2,0,107,107)
w(67,3,0,108,108)
w(23,1,0,109,109)
w(33,1,0,110,110)
r(11,0,0,111,111)
r(46,0,0,112,112)
w(30,1,0,113,113)
w(34,1,0,114,114)
w(66,2,0,115,115)
r(37,1,0,116,116)
r(36,0,0,117,117)
r(71,0,0,118,118)
w(40,2,0,119,119)
w(21,3,0,120,120)
w(42,1,0,121,121)
w(38,1,0,122,122)
w(81,1,0,123,123)
w(49,1,0,124,124)
w(69,1,0,125,125)
w(82,1,0,126,126)
w(13,1,0,127,127)
w(55,1,0,128,128)
r(0,0,0,129,129)
r(85,0,0,130,130)
r(69,1,0,131,131)
r(54,1,0,132,132)
r(52,0,0,133,133)
r(13,1,0,134,134)
w(43,3,0,135,135)
w(18,3,0,136,136)
w(4,1,0,137,137)
w(87,1,0,138,138)
r(90,0,0,139,139)
r(28,0,0,140,140)
w(47,1,0,141,141)
r(24,0,0,142,142)
r(7,0,0,143,143)
r(4,1,0,144,144)
w(90,1,0,145,145)
r(39,1,0,146,146)
w(71,1,0,147,147)
r(13,1,0,148,148)
r(49,1,0,149,149)
r(40,2,0,150,150)
w(61,2,0,151,151)
r(57,1,0,152,152)
r(82,1,0,153,153)
w(80,1,0,154,154)
w(22,1,0,155,155)
r(0,0,0,156,156)
r(82,1,0,157,157)
r(75,0,0,158,158)
w(89,1,0,159,159)
w(25,1,0,160,160)
w(19,3,0,161,161)
w(76,2,0,162,162)
r(76,2,0,163,163)
w(59,1,0,164,164)
r(57,1,0,165,165)
r(29,0,0,166,166)
r(80,1,0,167,167)
w(24,1,0,168,168)
w(58,1,0,169,169)
w(12,2,0,170,170)
r(48,1,0,171,171)
r(64,0,0,172,172)
r(86,0,0,173,173)
w(96,1,0,174,174)
w(30,2,0,175,175)
w(83,3,0,176,176)
w(5,2,0,177,177)
r(11,0,0,178,178)
w(76,3,0,179,179)
w(86,1,0,180,180)
w(24,2,0,181,181)
w(72,1,0,182,182)
w(34,2,0,183,183)
w(56,2,0,184,184)
w(32,1,0,185,185)
r(56,2,0,186,186)
r(13,1,0,187,187)
r(42,1,0,188,188)
r(70,1,0,189,189)
r(12,2,0,190,190)
w(6,2,0,191,191)
r(0,0,0,192,192)
w(84,2,0,193,193)
r(92,1,0,194,194)
w(27,1,0,195,195)
w(13,2,0,196,196)
r(10,0,0,197,197)
r(96,1,0,198,198)
w(55,2,0,199,199)
r(29,0,0,200,200)
r(18,3,0,201,201)
r(85,0,0,202,202)
r(60,0,0,203,203)
w(79,3,0,204,204)
w(35,2,0,205,205)
w(74,1,0,206,206)
r(27,1,0,207,207)
r(16,0,0,208,208)
r(95,2,0,209,209)
r(54,1,0,210,210)
r(15,1,0,211,211)
w(2,2,0,212,212)
r(15,1,0,213,213)
r(43,3,0,214,214)
r(12,2,0,215,215)
r(18,3,0,216,216)
w(21,4,0,217,217)
w(23,2,0,218,218)
w(4,2,0,219,219)
r(24,2,0,220,220)
w(48,2,0,221,221)
w(6,3,0,222,222)
w(17,1,0,223,223)
w(80,2,0,224,224)
r(41,0,0,225,225)
r(86,1,0,226,226)
w(13,3,0,227,227)
w(80,3,0,228,228)
r(22,1,0,229,229)
r(40,2,0,230,230)
w(24,3,0,231,231)
w(74,2,0,232,232)
r(61,2,0,233,233)
w(90,2,0,234,234)
r(70,1,0,235,235)
w(15,2,0,236,236)
w(68,1,0,237,237)
w(66,3,0,238,238)
w(96,2,0,239,239)
r(8,0,0,240,240)
r(61,2,0,241,241)
r(66,3,0,242,242)
r(40,2,0,243,243)
w(68,2,0,244,244)
r(39,1,0,245,245)
w(49,2,0,246,246)
w(25,2,0,247,247)
r(79,3,0,248,248)
r(64,0,0,249,249)
w(32,2,0,250,250)
r(42,1,0,251,251)
w(11,1,0,252,252)
r(33,1,0,253,253)
w(89,2,0,254,254)
w(51,1,0,255,255)
w(24,4,0,256,256)
w(65,2,0,257,257)
w(46,1,0,258,258)
r(67,3,0,259,259)
w(96,3,0,260,260)
r(92,1,0,261,261)
w(68,3,0,262,262)
r(86,1,0,263,263)
w(7,1,0,264,264)
r(29,0,0,265,265)
r(3,0,0,266,266)
w(43,4,0,267,267)
r(94,2,0,268,268)
w(77,1,0,269,269)
r(87,1,0,270,270)
r(4,2,0,271,271)
w(53,1,0,272,272)
r(87,1,0,273,273)
w(75,1,0,274,274)
w(29,1,0,275,275)
w(57,2,0,276,276)
r(19,3,0,277,277)
r(88,0,0,278,278)
w(86,2,0,279,279)
w(91,1,0,280,280)
w(91,2,0,281,281)
w(54,2,0,282,282)
r(14,0,0,283,283)
w(86,3,0,284,284)
r(36,0,0,285,285)
r(7,1,0,286,286)
w(92,2,0,287,287)
w(18,4,0,288,288)
w(22,2,0,289,289)
w(21,5,0,290,290)
w(42,2,0,291,291)
r(3,0,0,292,292)
w(25,3,0,293,293)
r(86,3,0,294,294)
w(48,3,0,295,295)
w(6,4,0,296,296)
w(47,2,0,297,297)
w(35,3,0,298,298)
w(9,1,0,299,299)
r(22,2,0,300,300)
r(72,1,0,301,301)
r(16,0,0,302,302)
r(28,0,0,303,303)
w(76,4,0,304,304)
r(38,1,0,305,305)
r(57,2,0,306,306)
w(21,6,0,307,307)
r(96,3,0,308,308)
r(27,1,0,309,309)
r(6,4,0,310,310)
w(16,1,0,311,311)
w(2,3,0,312,312)
w(78,1,0,313,313)
w(19,4,0,314,314)
r(81,1,0,315,315)
w(73,3,0,316,316)
w(80,4,0,317,317)
r(4,2,0,318,318)
r(15,2,0,319,319)
w(96,4,0,320,320)
r(35,3,0,321,321)
r(94,2,0,322,322)
w(32,3,0,323,323)
w(15,3,0,324,324)
w(65,3,0,325,325)
w(36,1,0,326,326)
r(42,2,0,327,327)
r(0,0,0,328,328)
r(73,3,0,329,329)
w(85,1,0,330,330)
w(67,4,0,331,331)
r(32,3,0,332,332)
w(49,3,0,333,333)
r(78,1,0,334,334)
w(94,3,0,335,335)
w(6,5,0,336,336)
w(0,1,0,337,337)
w(82,2,0,338,338)
w(58,2,0,339,339)
r(22,2,0,340,340)
w(49,4,0,341,341)
r(39,1,0,342,342)
r(19,4,0,343,343)
w(30,3,0,344,344)
r(91,2,0,345,345)
w(33,2,0,346,346)
w(61,3,0,347,347)
r(16,1,0,348,348)
r(86,3,0,349,349)
w(58,3,0,350,350)
w(20,1,0,351,351)
w(63,1,0,352,352)
r(74,2,0,353,353)
r(26,0,0,354,354)
r(72,1,0,355,355)
w(12,3,0,356,356)
r(76,4,0,357,357)
r(89,2,0,358,358)
w(99,3,0,359,359)
w(37,2,0,360,360)
r(76,4,0,361,361)
r(0,1,0,362,362)
r(47,2,0,363,363)
r(76,4,0,364,364)
r(88,0,0,365,365)
w(99,4,0,366,366)
w(55,3,0,367,367)
r(87,1,0,368,368)
r(22,2,0,369,369)
w(10,1,0,370,370)
r(5,2,0,371,371)
w(40,3,0,372,372)
r(77,1,0,373,373)
w(16,2,0,374,374)
w(52,1,0,375,375)
r(96,4,0,376,376)
w(14,1,0,377,377)
r(72,1,0,378,378)
r(32,3,0,379,379)
r(84,2,0,380,380)
r(16,2,0,381,381)
w(40,4,0,382,382)
r(35,3,0,383,383)
w(15,4,0,384,384)
w(1,3,0,385,385)
w(46,2,0,386,386)
w(44,1,0,387,387)
w(11,2,0,388,388)
w(19,5,0,389,389)
r(82,2,0,390,390)
w(22,3,0,391,391)
r(77,1,0,392,392)
r(42,2,0,393,393)
w(2,4,0,394,394)
r(1,3,0,395,395)
w(4,3,0,396,396)
w(45,1,0,397,397)
r(89,2,0,398,398)
w(58,4,0,399,399)
r(74,2,0,400,400)
r(74,2,0,401,401)
w(88,1,0,402,402)
w(60,1,0,403,403)
w(79,4,0,404,404)
r(78,1,0,405,405)
r(13,3,0,406,406)
r(60,1,0,407,407)
r(11,2,0,408,408)
r(77,1,0,409,409)
r(92,2,0,410,410)
w(5,3,0,411,411)
w(34,3,0,412,412)
w(25,4,0,413,413)
r(15,4,0,414,414)
w(64,1,0,415,415)
w(31,2,0,416,416)
r(70,1,0,417,417)
r(3,0,0,418,418)
r(86,3,0,419,419)
w(26,1,0,420,420)
w(51,2,0,421,421)
w(57,3,0,422,422)
r(95,2,0,423,423)
r(46,2,0,424,424)
r(70,1,0,425,425)
r(56,2,0,426,426)
w(19,6,0,427,427)
r(33,2,0,428,428)
r(91,2,0,429,429)
r(0,1,0,430,430)
w(16,3,0,431,431)
r(56,2,0,432,432)
r(38,1,0,433,433)
r(26,1,0,434,434)
w(31,3,0,435,435)
r(4,3,0,436,436)
r(7,1,0,437,437)
r(4,3,0,438,438)
w(92,3,0,439,439)
w(39,2,0,440,440)
w(73,4,0,441,441)
r(59,1,0,442,442)
r(39,2,0,443,443)
w(41,1,0,444,444)
r(50,0,0,445,445)
r(50,0,0,446,446)
w(66,4,0,447,447)
r(40,4,0,448,448)
r(19,6,0,449,449)
r(83,3,0,450,450)
r(83,3,0,451,451)
w(25,5,0,452,452)
w(28,1,0,453,453)
w(24,5,0,454,454)
r(60,1,0,455,455)
w(30,4,0,456,456)
w(20,2,0,457,457)
w(82,3,0,458,458)
w(65,4,0,459,459)
r(59,1,0,460,460)
r(52,1,0,461,461)
r(6,5,0,462,462)
w(18,5,0,463,463)
r(69,1,0,464,464)
w(96,5,0,465,465)
w(20,3,0,466,466)
r(78,1,0,467,467)
r(82,3,0,468,468)
r(84,2,0,469,469)
w(70,2,0,470,470)
w(6,6,0,471,471)
w(67,5,0,472,472)
r(49,4,0,473,473)
w(95,3,0,474,474)
r(83,3,0,475,475)
r(97,1,0,476,476)
r(77,1,0,477,477)
r(31,3,0,478,478)
r(55,3,0,479,479)
r(63,1,0,480,480)
w(39,3,0,481,481)
w(34,4,0,482,482)
w(55,4,0,483,483)
r(63,1,0,484,484)
w(73,5,0,485,485)
r(82,3,0,486,486)
r(9,1,0,487,487)
w(33,3,0,488,488)
w(30,5,0,489,489)
w(32,4,0,490,490)
r(79,4,0,491,491)
w(70,3,0,492,492)
r(29,1,0,493,493)
r(49,4,0,494,494)
r(82,3,0,495,495)
w(86,4,0,496,496)
w(73,6,0,497,497)
r(34,4,0,498,498)
w(87,2,0,499,499)
r(34,4,1,0,0)
w(20,4,1,1,1)
r(41,1,1,2,2)
r(57,3,1,3,3)
w(19,7,1,4,4)
r(47,2,1,5,5)
r(90,2,1,6,6)
r(88,1,1,7,7)
w(56,3,1,8,8)
w(62,1,1,9,9)
w(66,5,1,10,10)
w(79,5,1,11,11)
w(30,6,1,12,12)
r(76,4,1,13,13)
r(5,3,1,14,14)
w(84,3,1,15,15)
r(41,1,1,16,16)
r(19,7,1,17,17)
w(31,4,1,18,18)
r(32,4,1,19,19)
r(1,3,1,20,20)
w(15,5,1,21,21)
w(90,3,1,22,22)
r(77,1,1,23,23)
r(94,3,1,24,24)
r(79,5,1,25,25)
w(22,4,1,26,26)
w(69,2,1,27,27)
r(58,4,1,28,28)
w(50,1,1,29,29)
w(55,5,1,30,30)
r(23,2,1,31,31)
r(8,0,1,32,32)
r(6,6,1,33,33)
r(3,0,1,34,34)
w(69,3,1,35,35)
w(26,2,1,36,36)
w(85,2,1,37,37)
w(48,4,1,38,38)
r(76,4,1,39,39)
r(94,3,1,40,40)
r(64,1,1,41,41)
r(17,1,1,42,42)
r(68,3,1,43,43)
w(29,2,1,44,44)
w(49,5,1,45,45)
r(36,1,1,46,46)
r(17,1,1,47,47)
r(34,4,1,48,48)
w(99,5,1,49,49)
w(47,3,1,50,50)
r(50,1,1,51,51)
r(19,7,1,52,52)
r(40,4,1,53,53)
r(37,2,1,54,54)
r(51,2,1,55,55)
r(46,2,1,56,56)
w(83,4,1,57,57)
w(59,2,1,58,58)
w(84,4,1,59,59)
r(76,4,1,60,60)
w(20,5,1,61,61)
r(50,1,1,62,62)
w(60,2,1,63,63)
r(46,2,1,64,64)
w(12,4,1,65,65)
r(82,3,1,66,66)
r(85,2,1,67,67)
w(22,5,1,68,68)
r(67,5,1,69,69)
r(7,1,1,70,70)
w(19,8,1,71,71)
w(52,2,1,72,72)
r(68,3,1,73,73)
w(40,5,1,74,74)
w(46,3,1,75,75)
w(76,5,1,76,76)
w(69,4,1,77,77)
w(81,2,1,78,78)
r(2,4,1,79,79)
r(74,2,1,80,80)
r(71,1,1,81,81)
w(98,3,1,82,82)
r(59,2,1,83,83)
r(76,5,1,84,84)
w(75,2,1,85,85)
r(9,1,1,86,86)
r(59,2,1,87,87)
w(0,2,1,88,88)
w(74,3,1,89,89)
r(43,4,1,90,90)
w(17,2,1,91,91)
r(25,5,1,92,92)
w(98,4,1,93,93)
r(70,3,1,94,94)
r(18,5,1,95,95)
w(26,3,1,96,96)
w(67,6,1,97,97)
r(45,1,1,98,98)
w(86,5,1,99,99)
w(44,2,1,100,100)
r(38,1,1,101,101)
w(16,4,1,102,102)
r(78,1,1,103,103)
r(90,3,1,104,104)
r(22,5,1,105,105)
w(19,9,1,106,106)
r(1,3,1,107,107)
w(88,2,1,108,108)
r(60,2,1,109,109)
r(26,3,1,110,110)
w(50,2,1,111,111)
r(2,4,1,112,112)
w(20,6,1,113,113)
r(82,3,1,114,114)
w(7,2,1,115,115)
w(59,3,1,116,116)
r(46,3,1,117,117)
w(29,3,1,118,118)
r(58,4,1,119,119)
r(50,2,1,120,120)
r(68,3,1,121,121)
r(43,4,1,122,122)
r(42,2,1,123,123)
r(23,2,1,124,124)
r(45,1,1,125,125)
r(11,2,1,126,126)
r(40,5,1,127,127)
r(24,5,1,128,128)
w(65,5,1,129,129)
r(95,3,1,130,130)
r(1,3,1,131,131)
r(6,6,1,132,132)
w(79,6,1,133,133)
r(72,1,1,134,134)
w(96,6,1,135,135)
r(7,2,1,136,136)
r(95,3,1,137,137)
w(84,5,1,138,138)
r(99,5,1,139,139)
w(68,4,1,140,140)
r(7,2,1,141,141)
r(38,1,1,142,142)
r(77,1,1,143,143)
r(70,3,1,144,144)
r(52,2,1,145,145)
r(44,2,1,146,146)
r(32,4,1,147,147)
r(43,4,1,148,148)
r(93,2,1,149,149)
w(94,4,1,150,150)
r(88,2,1,151,151)
r(23,2,1,152,152)
r(76,5,1,153,153)
r(83,4,1,154,154)
w(21,7,1,155,155)
r(17,2,1,156,156)
r(50,2,1,157,157)
r(50,2,1,158,158)
w(17,3,1,159,159)
w(77,2,1,160,160)
w(92,4,1,161,161)
r(1,3,1,162,162)
w(8,1,1,163,163)
w(36,2,1,164,164)
w(58,5,1,165,165)
r(8,1,1,166,166)
r(29,3,1,167,167)
r(7,2,1,168,168)
r(80,4,1,169,169)
r(88,2,1,170,170)
r(38,1,1,171,171)
w(90,4,1,172,172)
r(70,3,1,173,173)
w(2,5,1,174,174)
w(34,5,1,175,175)
r(41,1,1,176,176)
w(31,5,1,177,177)
r(97,1,1,178,178)
w(43,5,1,179,179)
w(6,7,1,180,180)
w(9,2,1,181,181)
w(3,1,1,182,182)
w(91,3,1,183,183)
w(5,4,1,184,184)
r(15,5,1,185,185)
r(7,2,1,186,186)
r(83,4,1,187,187)
w(69,5,1,188,188)
r(27,1,1,189,189)
r(67,6,1,190,190)
w(95,4,1,191,191)
w(48,5,1,192,192)
w(86,6,1,193,193)
r(26,3,1,194,194)
w(78,2,1,195,195)
w(78,3,1,196,196)
w(74,4,1,197,197)
r(28,1,1,198,198)
r(28,1,1,199,199)
r(1,3,1,200,200)
r(36,2,1,201,201)
r(89,2,1,202,202)
r(36,2,1,203,203)
r(87,2,1,204,204)
w(49,6,1,205,205)
r(31,5,1,206,206)
w(66,6,1,207,207)
r(63,1,1,208,208)
r(22,5,1,209,209)
r(49,6,1,210,210)
w(30,7,1,211,211)
r(15,5,1,212,212)
r(88,2,1,213,213)
w(64,2,1,214,214)
w(43,6,1,215,215)
w(4,4,1,216,216)
r(86,6,1,217,217)
w(33,4,1,218,218)
r(71,1,1,219,219)
r(0,2,1,220,220)
r(32,4,1,221,221)
r(48,5,1,222,222)
w(55,6,1,223,223)
r(64,2,1,224,224)
r(91,3,1,225,225)
w(83,5,1,226,226)
r(74,4,1,227,227)
w(5,5,1,228,228)
w(45,2,1,229,229)
w(95,5,1,230,230)
w(12,5,1,231,231)
r(71,1,1,232,232)
w(93,3,1,233,233)
r(65,5,1,234,234)
w(4,5,1,235,235)
w(78,4,1,236,236)
w(37,3,1,237,237)
r(73,6,1,238,238)
r(58,5,1,239,239)
r(83,5,1,240,240)
r(12,5,1,241,241)
r(48,5,1,242,242)
r(57,3,1,243,243)
r(70,3,1,244,244)
w(40,6,1,245,245)
w(91,4,1,246,246)
r(61,3,1,247,247)
w(54,3,1,248,248)
r(88,2,1,249,249)
r(44,2,1,250,250)
r(75,2,1,251,251)
w(93,4,1,252,252)
r(4,5,1,253,253)
r(72,1,1,254,254)
w(80,5,1,255,255)
r(30,7,1,256,256)
w(29,4,1,257,257)
r(79,6,1,258,258)
w(12,6,1,259,259)
w(17,4,1,260,260)
r(99,5,1,261,261)
w(24,6,1,262,262)
r(77,2,1,263,263)
r(49,6,1,264,264)
r(87,2,1,265,265)
r(30,7,1,266,266)
r(93,4,1,267,267)
w(75,3,1,268,268)
r(36,2,1,269,269)
r(93,4,1,270,270)
r(26,3,1,271,271)
w(19,10,1,272,272)
r(4,5,1,273,273)
w(22,6,1,274,274)
w(87,3,1,275,275)
w(8,2,1,276,276)
r(9,2,1,277,277)
w(52,3,1,278,278)
w(10,2,1,279,279)
w(8,3,1,280,280)
r(51,2,1,281,281)
w(35,4,1,282,282)
r(93,4,1,283,283)
w(20,7,1,284,284)
r(48,5,1,285,285)
r(35,4,1,286,286)
w(58,6,1,287,287)
r(11,2,1,288,288)
w(25,6,1,289,289)
r(70,3,1,290,290)
r(39,3,1,291,291)
w(40,7,1,292,292)
r(90,4,1,293,293)
r(92,4,1,294,294)
r(83,5,1,295,295)
r(53,1,1,296,296)
r(60,2,1,297,297)
w(14,2,1,298,298)
r(77,2,1,299,299)
r(70,3,1,300,300)
r(91,4,1,301,301)
w(71,2,1,302,302)
w(71,3,1,303,303)
r(85,2,1,304,304)
r(53,1,1,305,305)
w(67,7,1,306,306)
w(1,4,1,307,307)
w(91,5,1,308,308)
w(30,8,1,309,309)
w(21,8,1,310,310)
w(74,5,1,311,311)
w(69,6,1,312,312)
r(19,10,1,313,313)
w(44,3,1,314,314)
r(93,4,1,315,315)
w(94,5,1,316,316)
r(44,3,1,317,317)
r(31,5,1,318,318)
w(12,7,1,319,319)
w(37,4,1,320,320)
r(82,3,1,321,321)
w(86,7,1,322,322)
w(75,4,1,323,323)
w(83,6,1,324,324)
r(63,1,1,325,325)
w(8,4,1,326,326)
r(22,6,1,327,327)
w(58,7,1,328,328)
w(71,4,1,329,329)
r(37,4,1,330,330)
r(49,6,1,331,331)
r(43,6,1,332,332)
w(63,2,1,333,333)
w(4,6,1,334,334)
r(78,4,1,335,335)
r(75,4,1,336,336)
w(8,5,1,337,337)
r(39,3,1,338,338)
w(58,8,1,339,339)
r(40,7,1,340,340)
w(67,8,1,341,341)
r(11,2,1,342,342)
w(14,3,1,343,343)
r(70,3,1,344,344)
w(29,5,1,345,345)
r(78,4,1,346,346)
r(54,3,1,347,347)
w(95,6,1,348,348)
w(50,3,1,349,349)
r(22,6,1,350,350)
w(81,3,1,351,351)
r(97,1,1,352,352)
w(80,6,1,353,353)
w(91,6,1,354,354)
w(89,3,1,355,355)
r(54,3,1,356,356)
w(22,7,1,357,357)
r(60,2,1,358,358)
r(96,6,1,359,359)
r(10,2,1,360,360)
r(24,6,1,361,361)
r(41,1,1,362,362)
w(66,7,1,363,363)
w(86,8,1,364,364)
w(80,7,1,365,365)
w(52,4,1,366,366)
r(18,5,1,367,367)
r(51,2,1,368,368)
w(19,11,1,369,369)
r(5,5,1,370,370)
w(21,9,1,371,371)
r(29,5,1,372,372)
w(8,6,1,373,373)
w(43,7,1,374,374)
r(22,7,1,375,375)
r(82,3,1,376,376)
r(51,2,1,377,377)
r(34,5,1,378,378)
w(5,6,1,379,379)
r(39,3,1,380,380)
r(95,6,1,381,381)
w(98,5,1,382,382)
r(26,3,1,383,383)
r(12,7,1,384,384)
r(24,6,1,385,385)
r(24,6,1,386,386)
r(75,4,1,387,387)
r(72,1,1,388,388)
r(72,1,1,389,389)
r(45,2,1,390,390)
r(89,3,1,391,391)
w(38,2,1,392,392)
r(74,5,1,393,393)
w(75,5,1,394,394)
w(29,6,1,395,395)
w(51,3,1,396,396)
r(44,3,1,397,397)
r(86,8,1,398,398)
r(94,5,1,399,399)
r(50,3,1,400,400)
w(89,4,1,401,401)
w(93,5,1,402,402)
r(44,3,1,403,403)
r(85,2,1,404,404)
r(43,7,1,405,405)
w(54,4,1,406,406)
w(64,3,1,407,407)
w(24,7,1,408,408)
w(38,3,1,409,409)
r(75,5,1,410,410)
r(65,5,1,411,411)
w(8,7,1,412,412)
w(50,4,1,413,413)
r(91,6,1,414,414)
r(66,7,1,415,415)
r(99,5,1,416,416)
w(4,7,1,417,417)
w(50,5,1,418,418)
r(45,2,1,419,419)
w(49,7,1,420,420)
w(19,12,1,421,421)
w(87,4,1,422,422)
r(33,4,1,423,423)
w(32,5,1,424,424)
w(12,8,1,425,425)
r(12,8,1,426,426)
r(72,1,1,427,427)
w(65,6,1,428,428)
w(49,8,1,429,429)
w(88,3,1,430,430)
r(19,12,1,431,431)
r(14,3,1,432,432)
w(67,9,1,433,433)
r(50,5,1,434,434)
r(98,5,1,435,435)
w(4,8,1,436,436)
w(25,7,1,437,437)
r(73,6,1,438,438)
r(28,1,1,439,439)
r(12,8,1,440,440)
w(74,6,1,441,441)
w(72,2,1,442,442)
r(53,1,1,443,443)
w(76,6,1,444,444)
r(84,5,1,445,445)
r(78,4,1,446,446)
w(55,7,1,447,447)
w(83,7,1,448,448)
w(7,3,1,449,449)
r(36,2,1,450,450)
r(50,5,1,451,451)
r(4,8,1,452,452)
w(83,8,1,453,453)
w(24,8,1,454,454)
r(88,3,1,455,455)
r(75,5,1,456,456)
w(85,3,1,457,457)
w(92,5,1,458,458)
r(44,3,1,459,459)
w(19,13,1,460,460)
w(33,5,1,461,461)
r(54,4,1,462,462)
w(90,5,1,463,463)
w(26,4,1,464,464)
w(47,4,1,465,465)
r(65,6,1,466,466)
r(85,3,1,467,467)
r(90,5,1,468,468)
r(80,7,1,469,469)
w(28,2,1,470,470)
r(41,1,1,471,471)
r(14,3,1,472,472)
r(4,8,1,473,473)
r(91,6,1,474,474)
w(81,4,1,475,475)
r(23,2,1,476,476)
r(87,4,1,477,477)
w(47,5,1,478,478)
w(42,3,1,479,479)
w(98,6,1,480,480)
w(57,4,1,481,481)
r(12,8,1,482,482)
r(34,5,1,483,483)
r(1,4,1,484,484)
r(22,7,1,485,485)
r(34,5,1,486,486)
r(78,4,1,487,487)
w(69,7,1,488,488)
w(33,6,1,489,489)
r(32,5,1,490,490)
r(4,8,1,491,491)
r(65,6,1,492,492)
r(18,5,1,493,493)
r(0,2,1,494,494)
r(90,5,1,495,495)
w(63,3,1,496,496)
r(99,5,1,497,497)
w(7,4,1,498,498)
w(85,4,1,499,499)
w(40,8,2,0,0)
r(24,8,2,1,1)
r(83,8,2,2,2)
r(90,5,2,3,3)
r(19,13,2,4,4)
w(62,2,2,5,5)
w(83,9,2,6,6)
w(64,4,2,7,7)
w(74,7,2,8,8)
w(89,5,2,9,9)
w(18,6,2,10,10)
w(49,9,2,11,11)
r(97,1,2,12,12)
r(54,4,2,13,13)
r(49,9,2,14,14)
r(51,3,2,15,15)
w(91,7,2,16,16)
r(81,4,2,17,17)
r(17,4,2,18,18)
w(22,8,2,19,19)
r(36,2,2,20,20)
r(99,5,2,21,21)
w(3,2,2,22,22)
w(9,3,2,23,23)
r(11,2,2,24,24)
w(62,3,2,25,25)
r(23,2,2,26,26)
r(99,5,2,27,27)
w(96,7,2,28,28)
w(19,14,2,29,29)
w(17,5,2,30,30)
r(33,6,2,31,31)
w(63,4,2,32,32)
w(59,4,2,33,33)
w(62,4,2,34,34)
r(31,5,2,35,35)
w(5,7,2,36,36)
w(27,2,2,37,37)
r(72,2,2,38,38)
r(81,4,2,39,39)
w(87,5,2,40,40)
r(38,3,2,41,41)
r(14,3,2,42,42)
r(7,4,2,43,43)
w(34,6,2,44,44)
w(7,5,2,45,45)
r(48,5,2,46,46)
r(99,5,2,47,47)
r(28,2,2,48,48)
w(96,8,2,49,49)
r(15,5,2,50,50)
w(12,9,2,51,51)
r(86,8,2,52,52)
r(65,6,2,53,53)
r(62,4,2,54,54)
w(42,4,2,55,55)
w(40,9,2,56,56)
w(0,3,2,57,57)
w(69,8,2,58,58)
w(20,8,2,59,59)
r(36,2,2,60,60)
r(93,5,2,61,61)
w(35,5,2,62,62)
r(43,7,2,63,63)
r(55,7,2,64,64)
w(70,4,2,65,65)
w(6,8,2,66,66)
w(34,7,2,67,67)
w(68,5,2,68,68)
r(82,3,2,69,69)
r(86,8,2,70,70)
r(57,4,2,71,71)
w(8,8,2,72,72)
r(1,4,2,73,73)
r(60,2,2,74,74)
r(62,4,2,75,75)
w(22,9,2,76,76)
w(60,3,2,77,77)
w(20,9,2,78,78)
w(66,8,2,79,79)
r(34,7,2,80,80)
w(29,7,2,81,81)
w(85,5,2,82,82)
r(35,5,2,83,83)
w(62,5,2,84,84)
r(98,6,2,85,85)
w(27,3,2,86,86)
w(63,5,2,87,87)
w(53,2,2,88,88)
w(41,2,2,89,89)
w(4,9,2,90,90)
r(44,3,2,91,91)
r(50,5,2,92,92)
w(23,3,2,93,93)
r(98,6,2,94,94)
r(99,5,2,95,95)
r(87,5,2,96,96)
w(39,4,2,97,97)
w(87,6,2,98,98)
r(75,5,2,99,99)
w(38,4,2,100,100)
r(87,6,2,101,101)
r(22,9,2,102,102)
r(8,8,2,103,103)
w(65,7,2,104,104)
r(80,7,2,105,105)
r(86,8,2,106,106)
w(89,6,2,107,107)
r(33,6,2,108,108)
w(13,4,2,109,109)
r(47,5,2,110,110)
r(67,9,2,111,111)
w(54,5,2,112,112)
w(64,5,2,113,113)
r(45,2,2,114,114)
r(46,3,2,115,115)
w(0,4,2,116,116)
w(77,3,2,117,117)
r(52,4,2,118,118)
w(5,8,2,119,119)
r(9,3,2,120,120)
w(99,6,2,121,121)
w(62,6,2,122,122)
r(26,4,2,123,123)
w(3,3,2,124,124)
w(57,5,2,125,125)
w(77,4,2,126,126)
r(45,2,2,127,127)
r(28,2,2,128,128)
w(55,8,2,129,129)
w(35,6,2,130,130)
w(30,9,2,131,131)
w(95,7,2,132,132)
r(40,9,2,133,133)
r(67,9,2,134,134)
w(85,6,2,135,135)
w(62,7,2,136,136)
w(95,8,2,137,137)
r(60,3,2,138,138)
w(67,10,2,139,139)
w(49,10,2,140,140)
w(66,9,2,141,141)
w(57,6,2,142,142)
r(71,4,2,143,143)
w(84,6,2,144,144)
r(17,5,2,145,145)
r(84,6,2,146,146)
r(35,6,2,147,147)
r(20,9,2,148,148)
w(72,3,2,149,149)
r(11,2,2,150,150)
w(19,15,2,151,151)
w(36,3,2,152,152)
w(95,9,2,153,153)
w(11,3,2,154,154)
w(12,10,2,155,155)
r(38,4,2,156,156)
w(9,4,2,157,157)
w(50,6,2,158,158)
r(62,7,2,159,159)
w(7,6,2,160,160)
w(83,10,2,161,161)
w(59,5,2,162,162)
r(46,3,2,163,163)
w(37,5,2,164,164)
w(71,5,2,165,165)
w(22,10,2,166,166)
r(31,5,2,167,167)
w(93,6,2,168,168)
w(17,6,2,169,169)
r(54,5,2,170,170)
w(98,7,2,171,171)
r(5,8,2,172,172)
w(89,7,2,173,173)
w(8,9,2,174,174)
r(82,3,2,175,175)
w(63,6,2,176,176)
w(90,6,2,177,177)
w(14,4,2,178,178)
r(47,5,2,179,179)
w(88,4,2,180,180)
r(4,9,2,181,181)
w(47,6,2,182,182)
r(14,4,2,183,183)
r(87,6,2,184,184)
w(87,7,2,185,185)
r(69,8,2,186,186)
r(14,4,2,187,187)
r(94,5,2,188,188)
r(92,5,2,189,189)
w(38,5,2,190,190)
w(51,4,2,191,191)
r(59,5,2,192,192)
w(89,8,2,193,193)
r(6,8,2,194,194)
w(72,4,2,195,195)
w(97,2,2,196,196)
w(48,6,2,197,197)
r(74,7,2,198,198)
r(38,5,2,199,199)
r(93,6,2,200,200)
r(30,9,2,201,201)
w(99,7,2,202,202)
r(54,5,2,203,203)
w(79,7,2,204,204)
r(47,6,2,205,205)
r(36,3,2,206,206)
w(59,6,2,207,207)
r(49,10,2,208,208)
r(29,7,2,209,209)
w(28,3,2,210,210)
w(49,11,2,211,211)
w(57,7,2,212,212)
w(77,5,2,213,213)
r(17,6,2,214,214)
w(74,8,2,215,215)
r(94,5,2,216,216)
r(47,6,2,217,217)
w(54,6,2,218,218)
r(15,5,2,219,219)
r(66,9,2,220,220)
w(3,4,2,221,221)
r(43,7,2,222,222)
w(39,5,2,223,223)
r(37,5,2,224,224)
w(30,10,2,225,225)
w(39,6,2,226,226)
r(35,6,2,227,227)
w(75,6,2,228,228)
w(59,7,2,229,229)
w(4,10,2,230,230)
w(87,8,2,231,231)
r(42,4,2,232,232)
w(33,7,2,233,233)
w(84,7,2,234,234)
r(4,10,2,235,235)
w(14,5,2,236,236)
w(12,11,2,237,237)
r(35,6,2,238,238)
r(65,7,2,239,239)
r(64,5,2,240,240)
w(43,8,2,241,241)
r(69,8,2,242,242)
r(49,11,2,243,243)
r(71,5,2,244,244)
r(52,4,2,245,245)
w(80,8,2,246,246)
w(1,5,2,247,247)
r(85,6,2,248,248)
r(61,3,2,249,249)
r(33,7,2,250,250)
r(17,6,2,251,251)
w(39,7,2,252,252)
r(60,3,2,253,253)
w(25,8,2,254,254)
w(71,6,2,255,255)
r(92,5,2,256,256)
w(22,11,2,257,257)
w(62,8,2,258,258)
r(67,10,2,259,259)
r(89,8,2,260,260)
w(33,8,2,261,261)
r(28,3,2,262,262)
w(69,9,2,263,263)
w(59,8,2,264,264)
w(35,7,2,265,265)
r(88,4,2,266,266)
w(74,9,2,267,267)
r(65,7,2,268,268)
w(61,4,2,269,269)
r(42,4,2,270,270)
w(99,8,2,271,271)
r(75,6,2,272,272)
w(9,5,2,273,273)
r(89,8,2,274,274)
w(62,9,2,275,275)
w(21,10,2,276,276)
r(78,4,2,277,277)
r(60,3,2,278,278)
r(56,3,2,279,279)
r(6,8,2,280,280)
r(41,2,2,281,281)
r(50,6,2,282,282)
w(69,10,2,283,283)
w(33,9,2,284,284)
r(2,5,2,285,285)
r(48,6,2,286,286)
r(87,8,2,287,287)
w(53,3,2,288,288)
r(65,7,2,289,289)
r(5,8,2,290,290)
r(63,6,2,291,291)
w(18,7,2,292,292)
w(53,4,2,293,293)
w(14,6,2,294,294)
r(81,4,2,295,295)
r(22,11,2,296,296)
r(21,10,2,297,297)
r(62,9,2,298,298)
w(78,5,2,299,299)
w(25,9,2,300,300)
w(15,6,2,301,301)
w(21,11,2,302,302)
w(24,9,2,303,303)
r(85,6,2,304,304)
r(21,11,2,305,305)
r(79,7,2,306,306)
w(29,8,2,307,307)
w(11,4,2,308,308)
w(27,4,2,309,309)
w(19,16,2,310,310)
r(98,7,2,311,311)
r(44,3,2,312,312)
w(14,7,2,313,313)
r(32,5,2,314,314)
w(11,5,2,315,315)
r(62,9,2,316,316)
r(70,4,2,317,317)
w(59,9,2,318,318)
w(23,4,2,319,319)
r(40,9,2,320,320)
r(23,4,2,321,321)
r(73,6,2,322,322)
r(22,11,2,323,323)
r(10,2,2,324,324)
r(48,6,2,325,325)
w(35,8,2,326,326)
r(88,4,2,327,327)
r(64,5,2,328,328)
r(9,5,2,329,329)
r(30,10,2,330,330)
r(16,4,2,331,331)
w(13,5,2,332,332)
w(18,8,2,333,333)
r(68,5,2,334,334)
w(46,4,2,335,335)
w(55,9,2,336,336)
r(30,10,2,337,337)
r(18,8,2,338,338)
w(97,3,2,339,339)
w(44,4,2,340,340)
r(7,6,2,341,341)
r(79,7,2,342,342)
w(39,8,2,343,343)
w(6,9,2,344,344)
r(50,6,2,345,345)
r(7,6,2,346,346)
w(51,5,2,347,347)
w(55,10,2,348,348)
r(47,6,2,349,349)
w(25,10,2,350,350)
w(0,5,2,351,351)
w(32,6,2,352,352)
r(55,10,2,353,353)
r(11,5,2,354,354)
w(56,4,2,355,355)
w(79,8,2,356,356)
r(23,4,2,357,357)
w(73,7,2,358,358)
r(71,6,2,359,359)
r(88,4,2,360,360)
r(77,5,2,361,361)
w(9,6,2,362,362)
r(44,4,2,363,363)
w(28,4,2,364,364)
r(0,5,2,365,365)
w(35,9,2,366,366)
r(59,9,2,367,367)
r(91,7,2,368,368)
w(39,9,2,369,369)
r(47,6,2,370,370)
w(44,5,2,371,371)
w(75,7,2,372,372)
w(47,7,2,373,373)
r(80,8,2,374,374)
w(18,9,2,375,375)
w(79,9,2,376,376)
r(95,9,2,377,377)
r(9,6,2,378,378)
r(50,6,2,379,379)
w(42,5,2,380,380)
w(74,10,2,381,381)
r(93,6,2,382,382)
r(86,8,2,383,383)
r(8,9,2,384,384)
w(5,9,2,385,385)
w(3,5,2,386,386)
w(3,6,2,387,387)
w(42,6,2,388,388)
w(10,3,2,389,389)
w(58,9,2,390,390)
r(11,5,2,391,391)
r(38,5,2,392,392)
w(60,4,2,393,393)
r(27,4,2,394,394)
w(86,9,2,395,395)
r(42,6,2,396,396)
r(89,8,2,397,397)
w(75,8,2,398,398)
r(8,9,2,399,399)
w(98,8,2,400,400)
r(52,4,2,401,401)
r(73,7,2,402,402)
w(10,4,2,403,403)
w(30,11,2,404,404)
r(85,6,2,405,405)
r(95,9,2,406,406)
w(24,10,2,407,407)
r(2,5,2,408,408)
r(91,7,2,409,409)
w(13,6,2,410,410)
r(27,4,2,411,411)
w(18,10,2,412,412)
w(49,12,2,413,413)
r(77,5,2,414,414)
r(44,5,2,415,415)
r(87,8,2,416,416)
r(15,6,2,417,417)
w(27,5,2,418,418)
r(23,4,2,419,419)
r(32,6,2,420,420)
r(69,10,2,421,421)
w(6,10,2,422,422)
r(25,10,2,423,423)
w(27,6,2,424,424)
r(75,8,2,425,425)
w(24,11,2,426,426)
w(8,10,2,427,427)
w(92,6,2,428,428)
w(78,6,2,429,429)
w(36,4,2,430,430)
w(46,5,2,431,431)
w(65,8,2,432,432)
r(88,4,2,433,433)
r(33,9,2,434,434)
w(21,12,2,435,435)
r(41,2,2,436,436)
w(94,6,2,437,437)
w(33,10,2,438,438)
w(27,7,2,439,439)
w(21,13,2,440,440)
r(1,5,2,441,441)
r(11,5,2,442,442)
r(65,8,2,443,443)
r(37,5,2,444,444)
r(23,4,2,445,445)
w(20,10,2,446,446)
r(39,9,2,447,447)
r(17,6,2,448,448)
r(79,9,2,449,449)
r(91,7,2,450,450)
r(24,11,2,451,451)
w(19,17,2,452,452)
w(98,9,2,453,453)
r(96,8,2,454,454)
r(74,10,2,455,455)
r(54,6,2,456,456)
w(1,6,2,457,457)
w(50,7,2,458,458)
r(71,6,2,459,459)
w(84,8,2,460,460)
r(89,8,2,461,461)
r(72,4,2,462,462)
w(60,5,2,463,463)
w(6,11,2,464,464)
r(39,9,2,465,465)
r(3,6,2,466,466)
r(63,6,2,467,467)
w(73,8,2,468,468)
w(33,11,2,469,469)
w(94,7,2,470,470)
r(31,5,2,471,471)
w(60,6,2,472,472)
w(60,7,2,473,473)
r(49,12,2,474,474)
r(98,9,2,475,475)
r(32,6,2,476,476)
w(99,9,2,477,477)
r(88,4,2,478,478)
r(87,8,2,479,479)
r(62,9,2,480,480)
w(66,10,2,481,481)
r(72,4,2,482,482)
w(36,5,2,483,483)
w(32,7,2,484,484)
r(79,9,2,485,485)
r(32,7,2,486,486)
r(8,10,2,487,487)
w(34,8,2,488,488)
r(59,9,2,489,489)
w(97,4,2,490,490)
r(95,9,2,491,491)
w(24,12,2,492,492)
r(78,6,2,493,493)
w(60,8,2,494,494)
r(86,9,2,495,495)
w(14,8,2,496,496)
r(17,6,2,497,497)
w(47,8,2,498,498)
w(15,7,2,499,499)
r(6,11,3,0,0)
w(91,8,3,1,1)
w(91,9,3,2,2)
w(92,7,3,3,3)
r(59,9,3,4,4)
w(90,7,3,5,5)
w(23,5,3,6,6)
w(4,11,3,7,7)
w(7,7,3,8,8)
r(92,7,3,9,9)
r(30,11,3,10,10)
w(48,7,3,11,11)
w(69,11,3,12,12)
w(3,7,3,13,13)
r(62,9,3,14,14)
w(4,12,3,15,15)
r(28,4,3,16,16)
r(40,9,3,17,17)
r(54,6,3,18,18)
w(35,10,3,19,19)
w(70,5,3,20,20)
w(61,5,3,21,21)
w(75,9,3,22,22)
w(54,7,3,23,23)
r(13,6,3,24,24)
w(41,3,3,25,25)
w(51,6,3,26,26)
w(28,5,3,27,27)
r(94,7,3,28,28)
w(71,7,3,29,29)
r(10,4,3,30,30)
w(81,5,3,31,31)
w(3,8,3,32,32)
r(97,4,3,33,33)
w(10,5,3,34,34)
r(28,5,3,35,35)
w(70,6,3,36,36)
r(95,9,3,37,37)
w(6,12,3,38,38)
r(95,9,3,39,39)
r(17,6,3,40,40)
r(60,8,3,41,41)
r(50,7,3,42,42)
w(48,8,3,43,43)
w(1,7,3,44,44)
r(89,8,3,45,45)
w(62,10,3,46,46)
r(33,11,3,47,47)
r(46,5,3,48,48)
w(23,6,3,49,49)
r(16,4,3,50,50)
r(6,12,3,51,51)
w(17,7,3,52,52)
r(92,7,3,53,53)
r(19,17,3,54,54)
r(49,12,3,55,55)
r(15,7,3,56,56)
r(46,5,3,57,57)
r(44,5,3,58,58)
r(67,10,3,59,59)
w(16,5,3,60,60)
w(35,11,3,61,61)
r(38,5,3,62,62)
r(23,6,3,63,63)
w(79,10,3,64,64)
w(1,8,3,65,65)
r(36,5,3,66,66)
w(23,7,3,67,67)
w(75,10,3,68,68)
w(42,7,3,69,69)
r(64,5,3,70,70)
r(71,7,3,71,71)
w(26,5,3,72,72)
w(59,10,3,73,73)
r(65,8,3,74,74)
w(87,9,3,75,75)
r(25,10,3,76,76)
w(93,7,3,77,77)
r(77,5,3,78,78)
w(1,9,3,79,79)
r(31,5,3,80,80)
w(87,10,3,81,81)
w(9,7,3,82,82)
w(34,9,3,83,83)
r(4,12,3,84,84)
r(56,4,3,85,85)
w(37,6,3,86,86)
w(8,11,3,87,87)
w(31,6,3,88,88)
r(11,5,3,89,89)
w(68,6,3,90,90)
r(2,5,3,91,91)
w(82,4,3,92,92)
w(13,7,3,93,93)
w(34,10,3,94,94)
r(79,10,3,95,95)
w(40,10,3,96,96)
r(23,7,3,97,97)
w(90,8,3,98,98)
r(41,3,3,99,99)
w(2,6,3,100,100)
r(21,13,3,101,101)
r(95,9,3,102,102)
w(31,7,3,103,103)
w(2,7,3,104,104)
w(0,6,3,105,105)
w(70,7,3,106,106)
w(71,8,3,107,107)
r(62,10,3,108,108)
w(74,11,3,109,109)
w(41,4,3,110,110)
r(98,9,3,111,111)
r(22,11,3,112,112)
r(76,6,3,113,113)
r(75,10,3,114,114)
r(93,7,3,115,115)
r(26,5,3,116,116)
w(95,10,3,117,117)
w(68,7,3,118,118)
r(23,7,3,119,119)
w(65,9,3,120,120)
r(46,5,3,121,121)
r(24,12,3,122,122)
r(64,5,3,123,123)
r(82,4,3,124,124)
w(32,8,3,125,125)
w(29,9,3,126,126)
r(84,8,3,127,127)
w(64,6,3,128,128)
r(61,5,3,129,129)
r(69,11,3,130,130)
r(94,7,3,131,131)
r(50,7,3,132,132)
r(37,6,3,133,133)
w(20,11,3,134,134)
r(94,7,3,135,135)
r(31,7,3,136,136)
r(6,12,3,137,137)
w(2,8,3,138,138)
r(91,9,3,139,139)
w(23,8,3,140,140)
r(26,5,3,141,141)
r(69,11,3,142,142)
w(59,11,3,143,143)
w(59,12,3,144,144)
w(33,12,3,145,145)
r(98,9,3,146,146)
w(30,12,3,147,147)
r(84,8,3,148,148)
r(65,9,3,149,149)
w(61,6,3,150,150)
w(67,11,3,151,151)
w(74,12,3,152,152)
r(98,9,3,153,153)
r(23,8,3,154,154)
w(79,11,3,155,155)
w(52,5,3,156,156)
r(63,6,3,157,157)
r(29,9,3,158,158)
r(63,6,3,159,159)
w(65,10,3,160,160)
r(91,9,3,161,161)
w(73,9,3,162,162)
w(73,10,3,163,163)
w(13,8,3,164,164)
w(33,13,3,165,165)
w(63,7,3,166,166)
w(41,5,3,167,167)
r(17,7,3,168,168)
r(37,6,3,169,169)
w(60,9,3,170,170)
w(73,11,3,171,171)
w(99,10,3,172,172)
r(18,10,3,173,173)
r(79,11,3,174,174)
r(9,7,3,175,175)
w(16,6,3,176,176)
r(18,10,3,177,177)
r(93,7,3,178,178)
r(92,7,3,179,179)
r(7,7,3,180,180)
r(89,8,3,181,181)
w(99,11,3,182,182)
w(11,6,3,183,183)
r(42,7,3,184,184)
r(77,5,3,185,185)
w(27,8,3,186,186)
r(89,8,3,187,187)
w(9,8,3,188,188)
r(42,7,3,189,189)
r(8,11,3,190,190)
r(18,10,3,191,191)
w(61,7,3,192,192)
r(41,5,3,193,193)
w(43,9,3,194,194)
w(45,3,3,195,195)
r(25,10,3,196,196)
w(66,11,3,197,197)
r(71,8,3,198,198)
r(3,8,3,199,199)
r(56,4,3,200,200)
w(73,12,3,201,201)
w(70,8,3,202,202)
w(39,10,3,203,203)
w(83,11,3,204,204)
w(15,8,3,205,205)
w(65,11,3,206,206)
w(22,12,3,207,207)
r(81,5,3,208,208)
r(45,3,3,209,209)
r(29,9,3,210,210)
w(73,13,3,211,211)
w(66,12,3,212,212)
r(90,8,3,213,213)
r(32,8,3,214,214)
r(18,10,3,215,215)
r(47,8,3,216,216)
w(34,11,3,217,217)
r(85,6,3,218,218)
r(12,11,3,219,219)
r(77,5,3,220,220)
w(45,4,3,221,221)
w(88,5,3,222,222)
r(72,4,3,223,223)
r(60,9,3,224,224)
r(50,7,3,225,225)
w(62,11,3,226,226)
w(59,13,3,227,227)
w(33,14,3,228,228)
r(71,8,3,229,229)
r(40,10,3,230,230)
w(73,14,3,231,231)
w(99,12,3,232,232)
r(22,12,3,233,233)
w(49,13,3,234,234)
w(86,10,3,235,235)
r(31,7,3,236,236)
r(57,7,3,237,237)
r(13,8,3,238,238)
r(20,11,3,239,239)
r(81,5,3,240,240)
w(46,6,3,241,241)
r(91,9,3,242,242)
w(95,11,3,243,243)
w(42,8,3,244,244)
w(95,12,3,245,245)
r(94,7,3,246,246)
r(78,6,3,247,247)
r(94,7,3,248,248)
w(85,7,3,249,249)
r(45,4,3,250,250)
w(66,13,3,251,251)
r(41,5,3,252,252)
r(97,4,3,253,253)
r(60,9,3,254,254)
r(92,7,3,255,255)
w(61,8,3,256,256)
r(43,9,3,257,257)
r(23,8,3,258,258)
r(34,11,3,259,259)
r(37,6,3,260,260)
r(83,11,3,261,261)
r(94,7,3,262,262)
w(7,8,3,263,263)
r(86,10,3,264,264)
w(30,13,3,265,265)
w(21,14,3,266,266)
w(79,12,3,267,267)
r(22,12,3,268,268)
w(73,15,3,269,269)
w(28,6,3,270,270)
r(0,6,3,271,271)
r(26,5,3,272,272)
r(8,11,3,273,273)
w(16,7,3,274,274)
w(48,9,3,275,275)
r(9,8,3,276,276)
r(68,7,3,277,277)
r(68,7,3,278,278)
w(53,5,3,279,279)
w(15,9,3,280,280)
r(93,7,3,281,281)
w(90,9,3,282,282)
w(49,14,3,283,283)
w(37,7,3,284,284)
r(43,9,3,285,285)
w(64,7,3,286,286)
r(82,4,3,287,287)
r(27,8,3,288,288)
w(45,5,3,289,289)
r(77,5,3,290,290)
r(60,9,3,291,291)
r(59,13,3,292,292)
w(32,9,3,293,293)
w(4,13,3,294,294)
w(61,9,3,295,295)
w(66,14,3,296,296)
r(15,9,3,297,297)
r(15,9,3,298,298)
w(53,6,3,299,299)
w(14,9,3,300,300)
w(10,6,3,301,301)
w(24,13,3,302,302)
r(20,11,3,303,303)
w(7,9,3,304,304)
w(33,15,3,305,305)
r(84,8,3,306,306)
r(53,6,3,307,307)
r(4,13,3,308,308)
w(57,8,3,309,309)
w(83,12,3,310,310)
w(14,10,3,311,311)
w(38,6,3,312,312)
r(74,12,3,313,313)
w(23,9,3,314,314)
r(69,11,3,315,315)
r(32,9,3,316,316)
w(12,12,3,317,317)
w(10,7,3,318,318)
w(79,13,3,319,319)
w(69,12,3,320,320)
r(21,14,3,321,321)
w(31,8,3,322,322)
w(59,14,3,323,323)
w(48,10,3,324,324)
r(5,9,3,325,325)
r(42,8,3,326,326)
w(39,11,3,327,327)
r(16,7,3,328,328)
w(68,8,3,329,329)
r(65,11,3,330,330)
r(20,11,3,331,331)
w(61,10,3,332,332)
w(42,9,3,333,333)
w(59,15,3,334,334)
r(53,6,3,335,335)
r(29,9,3,336,336)
w(10,8,3,337,337)
w(57,9,3,338,338)
w(48,11,3,339,339)
r(11,6,3,340,340)
r(88,5,3,341,341)
r(89,8,3,342,342)
w(89,9,3,343,343)
w(45,6,3,344,344)
w(87,11,3,345,345)
r(62,11,3,346,346)
w(59,16,3,347,347)
r(16,7,3,348,348)
r(91,9,3,349,349)
w(74,13,3,350,350)
w(73,16,3,351,351)
r(83,12,3,352,352)
r(58,9,3,353,353)
w(66,15,3,354,354)
w(47,9,3,355,355)
r(55,10,3,356,356)
w(63,8,3,357,357)
r(85,7,3,358,358)
w(9,9,3,359,359)
w(94,8,3,360,360)
r(98,9,3,361,361)
w(66,16,3,362,362)
w(66,17,3,363,363)
w(3,9,3,364,364)
r(29,9,3,365,365)
w(57,10,3,366,366)
w(82,5,3,367,367)
w(0,7,3,368,368)
r(82,5,3,369,369)
w(97,5,3,370,370)
w(10,9,3,371,371)
r(3,9,3,372,372)
w(63,9,3,373,373)
r(18,10,3,374,374)
w(54,8,3,375,375)
w(73,17,3,376,376)
w(59,17,3,377,377)
r(82,5,3,378,378)
w(38,7,3,379,379)
r(12,12,3,380,380)
w(45,7,3,381,381)
w(93,8,3,382,382)
r(89,9,3,383,383)
w(11,7,3,384,384)
w(64,8,3,385,385)
w(77,6,3,386,386)
w(19,18,3,387,387)
r(45,7,3,388,388)
w(83,13,3,389,389)
w(86,11,3,390,390)
r(47,9,3,391,391)
r(46,6,3,392,392)
r(22,12,3,393,393)
r(63,9,3,394,394)
w(83,14,3,395,395)
w(86,12,3,396,396)
w(40,11,3,397,397)
r(71,8,3,398,398)
w(5,10,3,399,399)
r(44,5,3,400,400)
w(3,10,3,401,401)
r(14,10,3,402,402)
r(58,9,3,403,403)
r(32,9,3,404,404)
w(48,12,3,405,405)
r(79,13,3,406,406)
w(23,10,3,407,407)
w(92,8,3,408,408)
r(27,8,3,409,409)
r(41,5,3,410,410)
r(99,12,3,411,411)
r(81,5,3,412,412)
r(86,12,3,413,413)
r(5,10,3,414,414)
r(58,9,3,415,415)
r(20,11,3,416,416)
w(88,6,3,417,417)
w(82,6,3,418,418)
w(50,8,3,419,419)
w(98,10,3,420,420)
w(71,9,3,421,421)
w(96,9,3,422,422)
r(67,11,3,423,423)
r(30,13,3,424,424)
w(40,12,3,425,425)
w(67,12,3,426,426)
r(94,8,3,427,427)
w(69,13,3,428,428)
w(52,6,3,429,429)
r(73,17,3,430,430)
w(62,12,3,431,431)
r(12,12,3,432,432)
w(52,7,3,433,433)
r(66,17,3,434,434)
r(82,6,3,435,435)
w(51,7,3,436,436)
w(87,12,3,437,437)
r(17,7,3,438,438)
r(81,5,3,439,439)
w(17,8,3,440,440)
w(65,12,3,441,441)
w(36,6,3,442,442)
r(72,4,3,443,443)
r(8,11,3,444,444)
w(92,9,3,445,445)
w(84,9,3,446,446)
r(82,6,3,447,447)
w(42,10,3,448,448)
r(77,6,3,449,449)
w(58,10,3,450,450)
w(3,11,3,451,451)
w(90,10,3,452,452)
w(53,7,3,453,453)
r(87,12,3,454,454)
r(3,11,3,455,455)
r(97,5,3,456,456)
w(65,13,3,457,457)
w(76,7,3,458,458)
r(6,12,3,459,459)
w(32,10,3,460,460)
r(80,8,3,461,461)
r(90,10,3,462,462)
r(65,13,3,463,463)
w(79,14,3,464,464)
w(59,18,3,465,465)
w(3,12,3,466,466)
r(80,8,3,467,467)
w(70,9,3,468,468)
r(19,18,3,469,469)
w(69,14,3,470,470)
r(11,7,3,471,471)
r(88,6,3,472,472)
r(61,10,3,473,473)
w(67,13,3,474,474)
w(53,8,3,475,475)
w(4,14,3,476,476)
r(15,9,3,477,477)
r(52,7,3,478,478)
r(89,9,3,479,479)
w(15,10,3,480,480)
w(45,8,3,481,481)
w(61,11,3,482,482)
r(24,13,3,483,483)
w(73,18,3,484,484)
w(82,7,3,485,485)
w(17,9,3,486,486)
w(22,13,3,487,487)
w(26,6,3,488,488)
w(16,8,3,489,489)
r(26,6,3,490,490)
w(55,11,3,491,491)
w(35,12,3,492,492)
w(19,19,3,493,493)
r(96,9,3,494,494)
w(6,13,3,495,495)
r(25,10,3,496,496)
w(17,10,3,497,497)
r(28,6,3,498,498)
r(66,17,3,499,499)
r(63,9,4,0,0)
r(56,4,4,1,1)
w(67,14,4,2,2)
w(66,18,4,3,3)
w(48,13,4,4,4)
r(72,4,4,5,5)
w(66,19,4,6,6)
r(96,9,4,7,7)
r(2,8,4,8,8)
w(3,13,4,9,9)
r(9,9,4,10,10)
r(12,12,4,11,11)
w(4,15,4,12,12)
r(77,6,4,13,13)
w(70,10,4,14,14)
w(41,6,4,15,15)
r(38,7,4,16,16)
w(39,12,4,17,17)
w(13,9,4,18,18)
r(72,4,4,19,19)
r(8,11,4,20,20)
w(90,11,4,21,21)
w(25,11,4,22,22)
w(0,8,4,23,23)
r(22,13,4,24,24)
r(94,8,4,25,25)
w(62,13,4,26,26)
r(48,13,4,27,27)
r(44,5,4,28,28)
r(10,9,4,29,29)
r(23,10,4,30,30)
r(43,9,4,31,31)
r(24,13,4,32,32)
w(14,11,4,33,33)
r(74,13,4,34,34)
r(94,8,4,35,35)
w(39,13,4,36,36)
w(29,10,4,37,37)
r(9,9,4,38,38)
w(14,12,4,39,39)
w(87,13,4,40,40)
r(42,10,4,41,41)
w(47,10,4,42,42)
r(62,13,4,43,43)
r(46,6,4,44,44)
w(40,13,4,45,45)
r(84,9,4,46,46)
r(28,6,4,47,47)
r(17,10,4,48,48)
r(79,14,4,49,49)
w(79,15,4,50,50)
r(86,12,4,51,51)
w(70,11,4,52,52)
w(71,10,4,53,53)
r(16,8,4,54,54)
r(68,8,4,55,55)
w(89,10,4,56,56)
r(96,9,4,57,57)
w(97,6,4,58,58)
r(34,11,4,59,59)
r(61,11,4,60,60)
r(49,14,4,61,61)
r(40,13,4,62,62)
r(20,11,4,63,63)
w(4,16,4,64,64)
w(54,9,4,65,65)
w(21,15,4,66,66)
w(99,13,4,67,67)
w(46,7,4,68,68)
r(30,13,4,69,69)
r(51,7,4,70,70)
r(31,8,4,71,71)
r(50,8,4,72,72)
w(21,16,4,73,73)
w(43,10,4,74,74)
w(38,8,4,75,75)
w(52,8,4,76,76)
w(57,11,4,77,77)
w(81,6,4,78,78)
r(17,10,4,79,79)
w(19,20,4,80,80)
r(55,11,4,81,81)
r(46,7,4,82,82)
r(34,11,4,83,83)
w(46,8,4,84,84)
w(92,10,4,85,85)
r(10,9,4,86,86)
w(58,11,4,87,87)
r(83,14,4,88,88)
w(71,11,4,89,89)
w(41,7,4,90,90)
w(92,11,4,91,91)
r(76,7,4,92,92)
w(69,15,4,93,93)
w(27,9,4,94,94)
r(49,14,4,95,95)
r(40,13,4,96,96)
w(30,14,4,97,97)
w(88,7,4,98,98)
w(98,11,4,99,99)
r(27,9,4,100,100)
r(94,8,4,101,101)
r(65,13,4,102,102)
r(89,10,4,103,103)
r(72,4,4,104,104)
w(44,6,4,105,105)
w(79,16,4,106,106)
w(37,8,4,107,107)
w(59,19,4,108,108)
w(7,10,4,109,109)
r(24,13,4,110,110)
r(79,16,4,111,111)
w(89,11,4,112,112)
r(42,10,4,113,113)
w(92,12,4,114,114)
w(95,13,4,115,115)
r(66,19,4,116,116)
r(48,13,4,117,117)
r(54,9,4,118,118)
w(96,10,4,119,119)
r(25,11,4,120,120)
r(23,10,4,121,121)
w(40,14,4,122,122)
w(71,12,4,123,123)
w(34,12,4,124,124)
r(90,11,4,125,125)
w(6,14,4,126,126)
w(37,9,4,127,127)
r(88,7,4,128,128)
w(52,9,4,129,129)
r(8,11,4,130,130)
r(72,4,4,131,131)
w(71,13,4,132,132)
r(87,13,4,133,133)
w(2,9,4,134,134)
w(52,10,4,135,135)
w(35,13,4,136,136)
r(19,20,4,137,137)
w(11,8,4,138,138)
r(60,9,4,139,139)
r(48,13,4,140,140)
w(97,7,4,141,141)
w(35,14,4,142,142)
r(2,9,4,143,143)
w(39,14,4,144,144)
w(33,16,4,145,145)
w(98,12,4,146,146)
w(6,15,4,147,147)
w(73,19,4,148,148)
w(76,8,4,149,149)
r(79,16,4,150,150)
r(45,8,4,151,151)
w(37,10,4,152,152)
w(91,10,4,153,153)
w(20,12,4,154,154)
w(64,9,4,155,155)
w(48,14,4,156,156)
w(62,14,4,157,157)
w(7,11,4,158,158)
w(29,11,4,159,159)
r(96,10,4,160,160)
r(70,11,4,161,161)
r(36,6,4,162,162)
w(17,11,4,163,163)
r(2,9,4,164,164)
r(67,14,4,165,165)
w(72,5,4,166,166)
w(39,15,4,167,167)
w(29,12,4,168,168)
w(12,13,4,169,169)
w(49,15,4,170,170)
w(59,20,4,171,171)
w(1,10,4,172,172)
r(70,11,4,173,173)
w(6,16,4,174,174)
w(89,12,4,175,175)
w(62,15,4,176,176)
r(14,12,4,177,177)
r(89,12,4,178,178)
r(88,7,4,179,179)
r(88,7,4,180,180)
w(7,12,4,181,181)
w(30,15,4,182,182)
r(15,10,4,183,183)
w(7,13,4,184,184)
r(2,9,4,185,185)
r(73,19,4,186,186)
w(80,9,4,187,187)
w(85,8,4,188,188)
w(48,15,4,189,189)
w(7,14,4,190,190)
w(98,13,4,191,191)
w(10,10,4,192,192)
r(9,9,4,193,193)
w(88,8,4,194,194)
r(82,7,4,195,195)
r(66,19,4,196,196)
r(27,9,4,197,197)
w(77,7,4,198,198)
r(1,10,4,199,199)
w(92,13,4,200,200)
w(84,10,4,201,201)
r(32,10,4,202,202)
w(46,9,4,203,203)
w(40,15,4,204,204)
w(88,9,4,205,205)
w(67,15,4,206,206)
w(65,14,4,207,207)
w(14,13,4,208,208)
w(48,16,4,209,209)
r(87,13,4,210,210)
w(42,11,4,211,211)
w(18,11,4,212,212)
w(82,8,4,213,213)
r(17,11,4,214,214)
r(38,8,4,215,215)
w(88,10,4,216,216)
r(23,10,4,217,217)
w(56,5,4,218,218)
w(21,17,4,219,219)
w(12,14,4,220,220)
r(68,8,4,221,221)
r(60,9,4,222,222)
r(85,8,4,223,223)
w(36,7,4,224,224)
w(36,8,4,225,225)
r(48,16,4,226,226)
r(93,8,4,227,227)
w(54,10,4,228,228)
r(5,10,4,229,229)
w(0,9,4,230,230)
w(24,14,4,231,231)
w(0,10,4,232,232)
w(2,10,4,233,233)
r(38,8,4,234,234)
r(27,9,4,235,235)
r(74,13,4,236,236)
w(63,10,4,237,237)
w(93,9,4,238,238)
w(37,11,4,239,239)
w(23,11,4,240,240)
r(39,15,4,241,241)
w(52,11,4,242,242)
w(80,10,4,243,243)
r(90,11,4,244,244)
r(14,13,4,245,245)
w(13,10,4,246,246)
w(79,17,4,247,247)
r(56,5,4,248,248)
r(71,13,4,249,249)
r(32,10,4,250,250)
r(48,16,4,251,251)
w(71,14,4,252,252)
r(99,13,4,253,253)
w(52,12,4,254,254)
r(26,6,4,255,255)
w(34,13,4,256,256)
r(99,13,4,257,257)
r(94,8,4,258,258)
w(67,16,4,259,259)
r(38,8,4,260,260)
w(0,11,4,261,261)
w(66,20,4,262,262)
w(84,11,4,263,263)
w(62,16,4,264,264)
w(96,11,4,265,265)
w(93,10,4,266,266)
w(57,12,4,267,267)
r(70,11,4,268,268)
r(23,11,4,269,269)
w(29,13,4,270,270)
w(69,16,4,271,271)
w(12,15,4,272,272)
w(75,11,4,273,273)
r(21,17,4,274,274)
w(3,14,4,275,275)
r(9,9,4,276,276)
w(0,12,4,277,277)
w(80,11,4,278,278)
r(15,10,4,279,279)
w(79,18,4,280,280)
r(24,14,4,281,281)
w(48,17,4,282,282)
w(76,9,4,283,283)
r(63,10,4,284,284)
w(70,12,4,285,285)
r(64,9,4,286,286)
w(81,7,4,287,287)
w(25,12,4,288,288)
r(48,17,4,289,289)
r(63,10,4,290,290)
r(46,9,4,291,291)
r(9,9,4,292,292)
r(82,8,4,293,293)
r(39,15,4,294,294)
w(32,11,4,295,295)
w(51,8,4,296,296)
r(52,12,4,297,297)
w(59,21,4,298,298)
w(97,8,4,299,299)
w(70,13,4,300,300)
w(47,11,4,301,301)
r(82,8,4,302,302)
w(89,13,4,303,303)
w(76,10,4,304,304)
r(39,15,4,305,305)
w(33,17,4,306,306)
r(5,10,4,307,307)
r(97,8,4,308,308)
w(84,12,4,309,309)
r(80,11,4,310,310)
w(62,17,4,311,311)
w(83,15,4,312,312)
w(51,9,4,313,313)
w(31,9,4,314,314)
w(97,9,4,315,315)
w(39,16,4,316,316)
r(10,10,4,317,317)
w(55,12,4,318,318)
w(22,14,4,319,319)
w(32,12,4,320,320)
r(23,11,4,321,321)
r(31,9,4,322,322)
r(19,20,4,323,323)
w(47,12,4,324,324)
r(36,8,4,325,325)
r(96,11,4,326,326)
r(29,13,4,327,327)
r(48,17,4,328,328)
r(16,8,4,329,329)
w(60,10,4,330,330)
w(76,11,4,331,331)
r(82,8,4,332,332)
r(50,8,4,333,333)
w(98,14,4,334,334)
w(34,14,4,335,335)
r(9,9,4,336,336)
r(48,17,4,337,337)
w(70,14,4,338,338)
w(17,12,4,339,339)
w(86,13,4,340,340)
r(58,11,4,341,341)
w(73,20,4,342,342)
r(66,20,4,343,343)
w(57,13,4,344,344)
r(5,10,4,345,345)
w(74,14,4,346,346)
w(33,18,4,347,347)
r(31,9,4,348,348)
r(30,15,4,349,349)
w(31,10,4,350,350)
r(73,20,4,351,351)
w(67,17,4,352,352)
w(13,11,4,353,353)
w(66,21,4,354,354)
w(74,15,4,355,355)
w(8,12,4,356,356)
r(94,8,4,357,357)
w(30,16,4,358,358)
r(83,15,4,359,359)
r(34,14,4,360,360)
w(30,17,4,361,361)
w(33,19,4,362,362)
w(45,9,4,363,363)
w(88,11,4,364,364)
w(24,15,4,365,365)
r(87,13,4,366,366)
r(95,13,4,367,367)
w(7,15,4,368,368)
w(82,9,4,369,369)
r(73,20,4,370,370)
r(65,14,4,371,371)
w(63,11,4,372,372)
r(1,10,4,373,373)
r(24,15,4,374,374)
w(31,11,4,375,375)
w(4,17,4,376,376)
w(87,14,4,377,377)
r(68,8,4,378,378)
w(65,15,4,379,379)
w(45,10,4,380,380)
w(6,17,4,381,381)
w(88,12,4,382,382)
r(85,8,4,383,383)
w(60,11,4,384,384)
r(26,6,4,385,385)
w(47,13,4,386,386)
w(20,13,4,387,387)
r(51,9,4,388,388)
w(17,13,4,389,389)
r(99,13,4,390,390)
r(88,12,4,391,391)
w(76,12,4,392,392)
r(34,14,4,393,393)
w(33,20,4,394,394)
r(5,10,4,395,395)
r(96,11,4,396,396)
w(97,10,4,397,397)
r(22,14,4,398,398)
w(16,9,4,399,399)
w(98,15,4,400,400)
r(90,11,4,401,401)
r(47,13,4,402,402)
w(12,16,4,403,403)
w(35,15,4,404,404)
w(82,10,4,405,405)
r(16,9,4,406,406)
r(45,10,4,407,407)
r(34,14,4,408,408)
w(79,19,4,409,409)
w(32,13,4,410,410)
w(6,18,4,411,411)
w(92,14,4,412,412)
w(81,8,4,413,413)
w(67,18,4,414,414)
w(62,18,4,415,415)
r(71,14,4,416,416)
w(54,11,4,417,417)
r(52,12,4,418,418)
r(21,17,4,419,419)
r(63,11,4,420,420)
w(60,12,4,421,421)
r(48,17,4,422,422)
w(45,11,4,423,423)
r(1,10,4,424,424)
w(80,12,4,425,425)
r(44,6,4,426,426)
r(2,10,4,427,427)
r(99,13,4,428,428)
r(72,5,4,429,429)
w(18,12,4,430,430)
r(73,20,4,431,431)
w(73,21,4,432,432)
w(84,13,4,433,433)
w(70,15,4,434,434)
r(88,12,4,435,435)
r(7,15,4,436,436)
r(99,13,4,437,437)
w(56,6,4,438,438)
w(24,16,4,439,439)
w(43,11,4,440,440)
w(81,9,4,441,441)
r(2,10,4,442,442)
w(34,15,4,443,443)
w(52,13,4,444,444)
w(90,12,4,445,445)
r(66,21,4,446,446)
r(65,15,4,447,447)
w(48,18,4,448,448)
w(72,6,4,449,449)
r(97,10,4,450,450)
r(28,6,4,451,451)
w(32,14,4,452,452)
w(40,16,4,453,453)
r(57,13,4,454,454)
w(58,12,4,455,455)
w(99,14,4,456,456)
w(64,10,4,457,457)
r(15,10,4,458,458)
w(90,13,4,459,459)
r(51,9,4,460,460)
r(74,15,4,461,461)
w(44,7,4,462,462)
r(95,13,4,463,463)
r(94,8,4,464,464)
w(80,13,4,465,465)
r(78,6,4,466,466)
r(1,10,4,467,467)
r(34,15,4,468,468)
r(66,21,4,469,469)
w(98,16,4,470,470)
r(56,6,4,471,471)
w(25,13,4,472,472)
w(7,16,4,473,473)
r(49,15,4,474,474)
w(34,16,4,475,475)
r(73,21,4,476,476)
r(78,6,4,477,477)
w(33,21,4,478,478)
w(8,13,4,479,479)
w(60,13,4,480,480)
w(78,7,4,481,481)
r(49,15,4,482,482)
r(9,9,4,483,483)
w(11,9,4,484,484)
r(97,10,4,485,485)
r(49,15,4,486,486)
w(56,7,4,487,487)
w(20,14,4,488,488)
r(98,16,4,489,489)
w(40,17,4,490,490)
r(7,16,4,491,491)
w(48,19,4,492,492)
w(23,12,4,493,493)
w(16,10,4,494,494)
w(17,14,4,495,495)
w(22,15,4,496,496)
w(94,9,4,497,497)
r(47,13,4,498,498)
w(88,13,4,499,499)
