r(127,0,0,0,0)
r(522,0,0,1,1)
r(650,0,0,2,2)
w(287,1,0,3,3)
w(840,1,0,4,4)
r(396,0,0,5,5)
r(254,0,0,6,6)
w(485,1,0,7,7)
r(629,0,0,8,8)
w(99,1,0,9,9)
r(202,0,0,10,10)
r(402,0,0,11,11)
r(517,0,0,12,12)
r(947,0,0,13,13)
r(439,0,0,14,14)
r(495,0,0,15,15)
r(852,0,0,16,16)
r(383,0,0,17,17)
r(422,0,0,18,18)
r(213,0,0,19,19)
r(663,0,0,20,20)
r(414,0,0,21,21)
r(950,0,0,22,22)
r(837,0,0,23,23)
r(312,0,0,24,24)
r(710,0,0,25,25)
r(264,0,0,26,26)
r(568,0,0,27,27)
r(354,0,0,28,28)
r(743,0,0,29,29)
r(299,0,0,30,30)
r(225,0,0,31,31)
r(294,0,0,32,32)
r(911,0,0,33,33)
r(945,0,0,34,34)
r(103,0,0,35,35)
r(585,0,0,36,36)
r(354,0,0,37,37)
r(827,0,0,38,38)
r(490,0,0,39,39)
r(270,0,0,40,40)
r(445,0,0,41,41)
w(932,1,0,42,42)
r(271,0,0,43,43)
r(96,0,0,44,44)
r(124,0,0,45,45)
r(105,0,0,46,46)
r(290,0,0,47,47)
r(329,0,0,48,48)
w(601,1,0,49,49)
r(645,0,0,50,50)
r(797,0,0,51,51)
r(256,0,0,52,52)
r(580,0,0,53,53)
r(180,0,0,54,54)
r(714,0,0,55,55)
r(411,0,0,56,56)
r(847,0,0,57,57)
r(868,0,0,58,58)
r(749,0,0,59,59)
w(428,1,0,60,60)
r(509,0,0,61,61)
r(540,0,0,62,62)
r(945,0,0,63,63)
r(291,0,0,64,64)
r(171,0,0,65,65)
r(34,0,0,66,66)
r(175,0,0,67,67)
r(25,0,0,68,68)
r(12,0,0,69,69)
r(34,0,0,70,70)
r(760,0,0,71,71)
r(511,0,0,72,72)
r(986,0,0,73,73)
r(383,0,0,74,74)
r(181,0,0,75,75)
w(214,1,0,76,76)
r(650,0,0,77,77)
r(545,0,0,78,78)
r(530,0,0,79,79)
r(385,0,0,80,80)
r(753,0,0,81,81)
r(633,0,0,82,82)
r(735,0,0,83,83)
r(643,0,0,84,84)
r(226,0,0,85,85)
r(394,0,0,86,86)
r(361,0,0,87,87)
r(58,0,0,88,88)
r(755,0,0,89,89)
r(819,0,0,90,90)
r(471,0,0,91,91)
r(829,0,0,92,92)
r(948,0,0,93,93)
r(939,0,0,94,94)
r(353,0,0,95,95)
r(913,0,0,96,96)
r(986,0,0,97,97)
r(105,0,0,98,98)
r(467,0,0,99,99)
w(229,1,1,0,0)
r(360,0,1,1,1)
r(527,0,1,2,2)
r(998,0,1,3,3)
r(369,0,1,4,4)
r(577,0,1,5,5)
r(123,0,1,6,6)
r(427,0,1,7,7)
r(502,0,1,8,8)
r(274,0,1,9,9)
r(321,0,1,10,10)
r(257,0,1,11,11)
r(850,0,1,12,12)
r(641,0,1,13,13)
r(715,0,1,14,14)
w(788,1,1,15,15)
r(589,0,1,16,16)
r(16,0,1,17,17)
r(590,0,1,18,18)
w(638,1,1,19,19)
r(641,0,1,20,20)
r(651,0,1,21,21)
r(182,0,1,22,22)
r(347,0,1,23,23)
r(373,0,1,24,24)
r(555,0,1,25,25)
r(725,0,1,26,26)
r(430,0,1,27,27)
r(787,0,1,28,28)
r(82,0,1,29,29)
r(677,0,1,30,30)
r(243,0,1,31,31)
r(905,0,1,32,32)
r(609,0,1,33,33)
r(223,0,1,34,34)
r(126,0,1,35,35)
r(382,0,1,36,36)
r(363,0,1,37,37)
r(364,0,1,38,38)
r(759,0,1,39,39)
w(342,1,1,40,40)
r(679,0,1,41,41)
r(496,0,1,42,42)
r(727,0,1,43,43)
w(77,1,1,44,44)
r(528,0,1,45,45)
w(581,1,1,46,46)
r(764,0,1,47,47)
r(221,0,1,48,48)
r(533,0,1,49,49)
r(916,0,1,50,50)
r(300,0,1,51,51)
r(241,0,1,52,52)
r(113,0,1,53,53)
r(199,0,1,54,54)
r(430,0,1,55,55)
r(299,0,1,56,56)
r(36,0,1,57,57)
r(674,0,1,58,58)
w(258,1,1,59,59)
r(509,0,1,60,60)
r(318,0,1,61,61)
r(931,0,1,62,62)
r(883,0,1,63,63)
r(461,0,1,64,64)
r(313,0,1,65,65)
r(458,0,1,66,66)
w(307,1,1,67,67)
r(114,0,1,68,68)
w(736,1,1,69,69)
r(955,0,1,70,70)
r(745,0,1,71,71)
r(491,0,1,72,72)
r(469,0,1,73,73)
r(415,0,1,74,74)
r(160,0,1,75,75)
r(869,0,1,76,76)
r(269,0,1,77,77)
r(523,0,1,78,78)
r(580,0,1,79,79)
r(158,0,1,80,80)
r(156,0,1,81,81)
r(953,0,1,82,82)
r(137,0,1,83,83)
r(116,0,1,84,84)
r(862,0,1,85,85)
r(568,0,1,86,86)
r(991,0,1,87,87)
r(77,1,1,88,88)
r(70,0,1,89,89)
r(374,0,1,90,90)
r(953,0,1,91,91)
r(902,0,1,92,92)
r(183,0,1,93,93)
r(871,0,1,94,94)
r(74,0,1,95,95)
r(68,0,1,96,96)
r(893,0,1,97,97)
w(131,1,1,98,98)
r(702,0,1,99,99)
r(771,0,2,0,0)
r(587,0,2,1,1)
r(295,0,2,2,2)
r(810,0,2,3,3)
r(782,0,2,4,4)
r(363,0,2,5,5)
r(577,0,2,6,6)
r(691,0,2,7,7)
r(546,0,2,8,8)
r(303,0,2,9,9)
w(117,1,2,10,10)
r(589,0,2,11,11)
r(130,0,2,12,12)
r(942,0,2,13,13)
w(645,1,2,14,14)
r(984,0,2,15,15)
r(4,0,2,16,16)
r(120,0,2,17,17)
w(79,1,2,18,18)
r(847,0,2,19,19)
r(135,0,2,20,20)
w(874,1,2,21,21)
r(987,0,2,22,22)
r(700,0,2,23,23)
r(761,0,2,24,24)
r(28,0,2,25,25)
r(508,0,2,26,26)
r(202,0,2,27,27)
r(168,0,2,28,28)
w(411,1,2,29,29)
r(487,0,2,30,30)
r(530,0,2,31,31)
r(850,0,2,32,32)
r(515,0,2,33,33)
r(396,0,2,34,34)
r(220,0,2,35,35)
r(305,0,2,36,36)
r(888,0,2,37,37)
r(273,0,2,38,38)
r(310,0,2,39,39)
w(983,1,2,40,40)
r(783,0,2,41,41)
r(298,0,2,42,42)
r(738,0,2,43,43)
w(265,1,2,44,44)
r(378,0,2,45,45)
r(521,0,2,46,46)
r(796,0,2,47,47)
w(941,1,2,48,48)
r(82,0,2,49,49)
r(132,0,2,50,50)
r(428,1,2,51,51)
r(952,0,2,52,52)
r(553,0,2,53,53)
r(972,0,2,54,54)
r(980,0,2,55,55)
w(648,1,2,56,56)
r(137,0,2,57,57)
r(113,0,2,58,58)
r(14,0,2,59,59)
w(134,1,2,60,60)
w(953,1,2,61,61)
r(773,0,2,62,62)
r(621,0,2,63,63)
r(527,0,2,64,64)
r(39,0,2,65,65)
r(394,0,2,66,66)
r(896,0,2,67,67)
r(809,0,2,68,68)
r(715,0,2,69,69)
r(755,0,2,70,70)
r(494,0,2,71,71)
r(363,0,2,72,72)
r(229,1,2,73,73)
r(283,0,2,74,74)
r(977,0,2,75,75)
r(247,0,2,76,76)
r(32,0,2,77,77)
r(771,0,2,78,78)
w(939,1,2,79,79)
r(227,0,2,80,80)
r(702,0,2,81,81)
r(466,0,2,82,82)
r(631,0,2,83,83)
w(414,1,2,84,84)
r(296,0,2,85,85)
r(141,0,2,86,86)
r(886,0,2,87,87)
r(303,0,2,88,88)
r(739,0,2,89,89)
r(730,0,2,90,90)
r(17,0,2,91,91)
r(679,0,2,92,92)
r(767,0,2,93,93)
r(744,0,2,94,94)
r(496,0,2,95,95)
w(361,1,2,96,96)
r(535,0,2,97,97)
r(950,0,2,98,98)
r(135,0,2,99,99)
r(92,0,3,0,0)
r(354,0,3,1,1)
r(392,0,3,2,2)
r(217,0,3,3,3)
r(0,0,3,4,4)
r(768,0,3,5,5)
r(15,0,3,6,6)
r(698,0,3,7,7)
w(484,1,3,8,8)
r(665,0,3,9,9)
r(712,0,3,10,10)
r(819,0,3,11,11)
r(774,0,3,12,12)
r(209,0,3,13,13)
r(776,0,3,14,14)
r(334,0,3,15,15)
r(566,0,3,16,16)
r(734,0,3,17,17)
w(580,1,3,18,18)
r(581,1,3,19,19)
r(980,0,3,20,20)
r(998,0,3,21,21)
r(631,0,3,22,22)
r(663,0,3,23,23)
r(552,0,3,24,24)
r(168,0,3,25,25)
r(851,0,3,26,26)
r(696,0,3,27,27)
r(659,0,3,28,28)
r(655,0,3,29,29)
r(95,0,3,30,30)
r(889,0,3,31,31)
r(672,0,3,32,32)
r(132,0,3,33,33)
r(365,0,3,34,34)
r(342,1,3,35,35)
r(958,0,3,36,36)
r(793,0,3,37,37)
r(640,0,3,38,38)
r(162,0,3,39,39)
r(949,0,3,40,40)
r(898,0,3,41,41)
r(868,0,3,42,42)
r(226,0,3,43,43)
r(727,0,3,44,44)
r(64,0,3,45,45)
w(774,1,3,46,46)
r(548,0,3,47,47)
r(209,0,3,48,48)
r(48,0,3,49,49)
r(913,0,3,50,50)
r(835,0,3,51,51)
r(314,0,3,52,52)
r(426,0,3,53,53)
r(381,0,3,54,54)
r(354,0,3,55,55)
r(173,0,3,56,56)
r(40,0,3,57,57)
r(695,0,3,58,58)
r(309,0,3,59,59)
r(190,0,3,60,60)
r(766,0,3,61,61)
r(361,1,3,62,62)
w(806,1,3,63,63)
r(266,0,3,64,64)
r(355,0,3,65,65)
r(495,0,3,66,66)
r(961,0,3,67,67)
r(986,0,3,68,68)
r(479,0,3,69,69)
r(766,0,3,70,70)
r(870,0,3,71,71)
r(39,0,3,72,72)
r(312,0,3,73,73)
r(748,0,3,74,74)
r(937,0,3,75,75)
r(344,0,3,76,76)
r(0,0,3,77,77)
r(689,0,3,78,78)
r(957,0,3,79,79)
r(334,0,3,80,80)
r(507,0,3,81,81)
r(669,0,3,82,82)
r(77,1,3,83,83)
r(650,0,3,84,84)
r(53,0,3,85,85)
w(99,2,3,86,86)
r(791,0,3,87,87)
r(9,0,3,88,88)
r(753,0,3,89,89)
r(28,0,3,90,90)
r(830,0,3,91,91)
r(698,0,3,92,92)
r(861,0,3,93,93)
r(297,0,3,94,94)
r(231,0,3,95,95)
r(447,0,3,96,96)
r(686,0,3,97,97)
r(410,0,3,98,98)
r(698,0,3,99,99)
r(963,0,4,0,0)
r(702,0,4,1,1)
r(103,0,4,2,2)
w(554,1,4,3,3)
r(400,0,4,4,4)
r(733,0,4,5,5)
r(102,0,4,6,6)
r(630,0,4,7,7)
r(479,0,4,8,8)
r(925,0,4,9,9)
r(686,0,4,10,10)
r(158,0,4,11,11)
r(755,0,4,12,12)
r(300,0,4,13,13)
r(558,0,4,14,14)
r(864,0,4,15,15)
r(458,0,4,16,16)
r(802,0,4,17,17)
r(571,0,4,18,18)
r(992,0,4,19,19)
r(537,0,4,20,20)
w(552,1,4,21,21)
r(315,0,4,22,22)
r(632,0,4,23,23)
r(542,0,4,24,24)
r(678,0,4,25,25)
r(645,1,4,26,26)
r(135,0,4,27,27)
r(771,0,4,28,28)
r(424,0,4,29,29)
r(217,0,4,30,30)
r(162,0,4,31,31)
r(783,0,4,32,32)
r(41,0,4,33,33)
r(451,0,4,34,34)
r(564,0,4,35,35)
r(244,0,4,36,36)
w(594,1,4,37,37)
w(610,1,4,38,38)
r(275,0,4,39,39)
r(804,0,4,40,40)
r(223,0,4,41,41)
r(358,0,4,42,42)
r(223,0,4,43,43)
r(52,0,4,44,44)
r(650,0,4,45,45)
r(500,0,4,46,46)
r(624,0,4,47,47)
w(124,1,4,48,48)
r(515,0,4,49,49)
r(329,0,4,50,50)
r(916,0,4,51,51)
r(29,0,4,52,52)
r(862,0,4,53,53)
r(675,0,4,54,54)
r(149,0,4,55,55)
w(241,1,4,56,56)
r(413,0,4,57,57)
r(511,0,4,58,58)
r(470,0,4,59,59)
r(999,0,4,60,60)
r(935,0,4,61,61)
r(312,0,4,62,62)
w(574,1,4,63,63)
r(77,1,4,64,64)
r(254,0,4,65,65)
r(671,0,4,66,66)
r(524,0,4,67,67)
r(824,0,4,68,68)
r(34,0,4,69,69)
r(46,0,4,70,70)
r(101,0,4,71,71)
r(255,0,4,72,72)
r(217,0,4,73,73)
r(584,0,4,74,74)
r(367,0,4,75,75)
r(447,0,4,76,76)
w(278,1,4,77,77)
r(205,0,4,78,78)
r(501,0,4,79,79)
r(428,1,4,80,80)
r(50,0,4,81,81)
r(955,0,4,82,82)
r(288,0,4,83,83)
r(636,0,4,84,84)
r(474,0,4,85,85)
w(576,1,4,86,86)
w(156,1,4,87,87)
r(725,0,4,88,88)
r(27,0,4,89,89)
r(386,0,4,90,90)
r(844,0,4,91,91)
r(209,0,4,92,92)
r(929,0,4,93,93)
r(375,0,4,94,94)
r(166,0,4,95,95)
r(729,0,4,96,96)
r(78,0,4,97,97)
r(994,0,4,98,98)
r(717,0,4,99,99)
r(837,0,5,0,0)
r(456,0,5,1,1)
r(7,0,5,2,2)
r(512,0,5,3,3)
r(50,0,5,4,4)
w(541,1,5,5,5)
r(511,0,5,6,6)
r(284,0,5,7,7)
r(143,0,5,8,8)
r(971,0,5,9,9)
r(632,0,5,10,10)
r(500,0,5,11,11)
r(309,0,5,12,12)
r(767,0,5,13,13)
r(565,0,5,14,14)
r(29,0,5,15,15)
r(335,0,5,16,16)
r(658,0,5,17,17)
r(422,0,5,18,18)
r(688,0,5,19,19)
r(77,1,5,20,20)
r(576,1,5,21,21)
r(906,0,5,22,22)
r(403,0,5,23,23)
r(348,0,5,24,24)
r(392,0,5,25,25)
w(59,1,5,26,26)
w(515,1,5,27,27)
r(818,0,5,28,28)
r(516,0,5,29,29)
w(444,1,5,30,30)
r(898,0,5,31,31)
r(912,0,5,32,32)
r(141,0,5,33,33)
r(566,0,5,34,34)
r(728,0,5,35,35)
r(546,0,5,36,36)
r(25,0,5,37,37)
r(379,0,5,38,38)
r(942,0,5,39,39)
r(775,0,5,40,40)
r(866,0,5,41,41)
r(394,0,5,42,42)
r(171,0,5,43,43)
r(801,0,5,44,44)
w(209,1,5,45,45)
r(747,0,5,46,46)
r(520,0,5,47,47)
r(615,0,5,48,48)
r(720,0,5,49,49)
r(40,0,5,50,50)
r(279,0,5,51,51)
r(930,0,5,52,52)
r(252,0,5,53,53)
r(192,0,5,54,54)
w(150,1,5,55,55)
r(986,0,5,56,56)
r(762,0,5,57,57)
r(58,0,5,58,58)
r(230,0,5,59,59)
r(854,0,5,60,60)
r(306,0,5,61,61)
w(185,1,5,62,62)
r(15,0,5,63,63)
r(440,0,5,64,64)
w(349,1,5,65,65)
r(681,0,5,66,66)
w(206,1,5,67,67)
r(466,0,5,68,68)
r(639,0,5,69,69)
r(961,0,5,70,70)
r(251,0,5,71,71)
r(370,0,5,72,72)
w(884,1,5,73,73)
r(932,1,5,74,74)
r(693,0,5,75,75)
r(744,0,5,76,76)
r(991,0,5,77,77)
r(104,0,5,78,78)
r(557,0,5,79,79)
r(67,0,5,80,80)
r(498,0,5,81,81)
r(738,0,5,82,82)
r(454,0,5,83,83)
r(246,0,5,84,84)
r(277,0,5,85,85)
r(336,0,5,86,86)
r(484,1,5,87,87)
r(242,0,5,88,88)
r(655,0,5,89,89)
r(185,1,5,90,90)
r(301,0,5,91,91)
r(284,0,5,92,92)
r(298,0,5,93,93)
r(856,0,5,94,94)
r(311,0,5,95,95)
r(472,0,5,96,96)
r(319,0,5,97,97)
r(777,0,5,98,98)
r(666,0,5,99,99)
r(502,0,6,0,0)
r(831,0,6,1,1)
r(871,0,6,2,2)
r(746,0,6,3,3)
r(934,0,6,4,4)
r(228,0,6,5,5)
w(505,1,6,6,6)
r(327,0,6,7,7)
r(814,0,6,8,8)
r(404,0,6,9,9)
r(531,0,6,10,10)
r(576,1,6,11,11)
r(468,0,6,12,12)
w(739,1,6,13,13)
w(343,1,6,14,14)
r(786,0,6,15,15)
w(752,1,6,16,16)
r(840,1,6,17,17)
r(943,0,6,18,18)
r(862,0,6,19,19)
r(293,0,6,20,20)
r(714,0,6,21,21)
r(928,0,6,22,22)
r(145,0,6,23,23)
r(640,0,6,24,24)
r(353,0,6,25,25)
r(833,0,6,26,26)
r(780,0,6,27,27)
r(400,0,6,28,28)
r(538,0,6,29,29)
r(55,0,6,30,30)
r(498,0,6,31,31)
r(287,1,6,32,32)
r(984,0,6,33,33)
r(204,0,6,34,34)
w(156,2,6,35,35)
r(485,1,6,36,36)
r(194,0,6,37,37)
r(968,0,6,38,38)
r(483,0,6,39,39)
r(965,0,6,40,40)
r(773,0,6,41,41)
r(911,0,6,42,42)
r(342,1,6,43,43)
w(152,1,6,44,44)
r(291,0,6,45,45)
r(980,0,6,46,46)
r(831,0,6,47,47)
r(830,0,6,48,48)
r(81,0,6,49,49)
r(66,0,6,50,50)
r(672,0,6,51,51)
r(769,0,6,52,52)
r(682,0,6,53,53)
w(441,1,6,54,54)
r(540,0,6,55,55)
w(24,1,6,56,56)
w(907,1,6,57,57)
r(919,0,6,58,58)
r(107,0,6,59,59)
r(910,0,6,60,60)
r(981,0,6,61,61)
w(532,1,6,62,62)
w(667,1,6,63,63)
r(944,0,6,64,64)
w(101,1,6,65,65)
r(584,0,6,66,66)
r(929,0,6,67,67)
w(853,1,6,68,68)
r(662,0,6,69,69)
r(242,0,6,70,70)
r(367,0,6,71,71)
w(863,1,6,72,72)
r(402,0,6,73,73)
r(214,1,6,74,74)
r(311,0,6,75,75)
w(448,1,6,76,76)
r(721,0,6,77,77)
r(254,0,6,78,78)
r(721,0,6,79,79)
r(840,1,6,80,80)
r(578,0,6,81,81)
r(261,0,6,82,82)
r(852,0,6,83,83)
r(295,0,6,84,84)
r(355,0,6,85,85)
r(627,0,6,86,86)
w(529,1,6,87,87)
r(205,0,6,88,88)
r(837,0,6,89,89)
r(615,0,6,90,90)
r(58,0,6,91,91)
r(273,0,6,92,92)
r(490,0,6,93,93)
r(686,0,6,94,94)
r(306,0,6,95,95)
r(685,0,6,96,96)
r(359,0,6,97,97)
r(937,0,6,98,98)
r(916,0,6,99,99)
r(750,0,7,0,0)
w(457,1,7,1,1)
r(674,0,7,2,2)
r(466,0,7,3,3)
r(208,0,7,4,4)
r(780,0,7,5,5)
r(708,0,7,6,6)
r(947,0,7,7,7)
r(438,0,7,8,8)
r(995,0,7,9,9)
r(425,0,7,10,10)
r(23,0,7,11,11)
r(49,0,7,12,12)
r(416,0,7,13,13)
r(373,0,7,14,14)
r(153,0,7,15,15)
r(229,1,7,16,16)
r(4,0,7,17,17)
r(233,0,7,18,18)
r(700,0,7,19,19)
r(540,0,7,20,20)
r(402,0,7,21,21)
r(699,0,7,22,22)
w(301,1,7,23,23)
r(569,0,7,24,24)
r(874,1,7,25,25)
r(832,0,7,26,26)
r(732,0,7,27,27)
r(789,0,7,28,28)
r(581,1,7,29,29)
r(665,0,7,30,30)
r(732,0,7,31,31)
r(78,0,7,32,32)
r(744,0,7,33,33)
r(83,0,7,34,34)
r(40,0,7,35,35)
r(502,0,7,36,36)
r(282,0,7,37,37)
r(523,0,7,38,38)
r(26,0,7,39,39)
r(818,0,7,40,40)
w(71,1,7,41,41)
r(797,0,7,42,42)
r(169,0,7,43,43)
w(440,1,7,44,44)
r(481,0,7,45,45)
r(751,0,7,46,46)
r(98,0,7,47,47)
r(993,0,7,48,48)
r(221,0,7,49,49)
r(291,0,7,50,50)
r(659,0,7,51,51)
r(703,0,7,52,52)
r(389,0,7,53,53)
r(245,0,7,54,54)
r(817,0,7,55,55)
w(912,1,7,56,56)
w(673,1,7,57,57)
r(137,0,7,58,58)
r(628,0,7,59,59)
r(602,0,7,60,60)
r(380,0,7,61,61)
r(849,0,7,62,62)
r(884,1,7,63,63)
r(538,0,7,64,64)
r(908,0,7,65,65)
r(8,0,7,66,66)
r(753,0,7,67,67)
r(724,0,7,68,68)
r(187,0,7,69,69)
r(720,0,7,70,70)
r(807,0,7,71,71)
r(655,0,7,72,72)
r(154,0,7,73,73)
r(811,0,7,74,74)
r(743,0,7,75,75)
r(483,0,7,76,76)
r(541,1,7,77,77)
r(494,0,7,78,78)
r(443,0,7,79,79)
r(103,0,7,80,80)
r(972,0,7,81,81)
r(264,0,7,82,82)
r(293,0,7,83,83)
r(921,0,7,84,84)
r(76,0,7,85,85)
r(654,0,7,86,86)
r(983,1,7,87,87)
r(743,0,7,88,88)
r(931,0,7,89,89)
r(900,0,7,90,90)
r(30,0,7,91,91)
r(614,0,7,92,92)
w(640,1,7,93,93)
r(934,0,7,94,94)
r(605,0,7,95,95)
r(133,0,7,96,96)
r(829,0,7,97,97)
w(308,1,7,98,98)
r(255,0,7,99,99)
r(909,0,8,0,0)
r(98,0,8,1,1)
r(763,0,8,2,2)
r(24,1,8,3,3)
r(618,0,8,4,4)
r(933,0,8,5,5)
r(2,0,8,6,6)
r(330,0,8,7,7)
r(233,0,8,8,8)
r(876,0,8,9,9)
r(944,0,8,10,10)
r(643,0,8,11,11)
r(962,0,8,12,12)
w(839,1,8,13,13)
r(685,0,8,14,14)
r(537,0,8,15,15)
r(960,0,8,16,16)
r(343,1,8,17,17)
r(788,1,8,18,18)
r(90,0,8,19,19)
r(631,0,8,20,20)
r(774,1,8,21,21)
r(520,0,8,22,22)
w(632,1,8,23,23)
r(932,1,8,24,24)
r(688,0,8,25,25)
r(828,0,8,26,26)
r(891,0,8,27,27)
r(829,0,8,28,28)
r(0,0,8,29,29)
r(121,0,8,30,30)
r(394,0,8,31,31)
r(671,0,8,32,32)
r(491,0,8,33,33)
r(330,0,8,34,34)
r(308,1,8,35,35)
r(437,0,8,36,36)
r(232,0,8,37,37)
r(158,0,8,38,38)
r(406,0,8,39,39)
r(766,0,8,40,40)
r(285,0,8,41,41)
r(942,0,8,42,42)
r(631,0,8,43,43)
r(194,0,8,44,44)
r(892,0,8,45,45)
r(917,0,8,46,46)
r(497,0,8,47,47)
r(121,0,8,48,48)
r(152,1,8,49,49)
r(194,0,8,50,50)
r(485,1,8,51,51)
r(818,0,8,52,52)
r(145,0,8,53,53)
r(233,0,8,54,54)
r(943,0,8,55,55)
r(72,0,8,56,56)
r(448,1,8,57,57)
r(905,0,8,58,58)
r(273,0,8,59,59)
r(545,0,8,60,60)
r(183,0,8,61,61)
r(399,0,8,62,62)
w(534,1,8,63,63)
r(924,0,8,64,64)
r(425,0,8,65,65)
r(434,0,8,66,66)
r(620,0,8,67,67)
r(28,0,8,68,68)
r(834,0,8,69,69)
r(934,0,8,70,70)
r(602,0,8,71,71)
r(744,0,8,72,72)
r(303,0,8,73,73)
r(234,0,8,74,74)
w(676,1,8,75,75)
r(929,0,8,76,76)
r(692,0,8,77,77)
w(150,2,8,78,78)
r(345,0,8,79,79)
w(382,1,8,80,80)
r(219,0,8,81,81)
r(809,0,8,82,82)
r(627,0,8,83,83)
r(260,0,8,84,84)
r(145,0,8,85,85)
r(370,0,8,86,86)
r(259,0,8,87,87)
r(783,0,8,88,88)
r(191,0,8,89,89)
r(861,0,8,90,90)
r(6,0,8,91,91)
r(863,1,8,92,92)
r(657,0,8,93,93)
r(258,1,8,94,94)
r(3,0,8,95,95)
r(791,0,8,96,96)
r(417,0,8,97,97)
r(808,0,8,98,98)
r(751,0,8,99,99)
r(602,0,9,0,0)
r(886,0,9,1,1)
r(193,0,9,2,2)
r(387,0,9,3,3)
r(581,1,9,4,4)
w(269,1,9,5,5)
r(55,0,9,6,6)
r(559,0,9,7,7)
r(599,0,9,8,8)
r(585,0,9,9,9)
r(888,0,9,10,10)
r(713,0,9,11,11)
w(524,1,9,12,12)
r(78,0,9,13,13)
r(789,0,9,14,14)
r(560,0,9,15,15)
r(591,0,9,16,16)
w(700,1,9,17,17)
r(616,0,9,18,18)
r(658,0,9,19,19)
w(184,1,9,20,20)
r(337,0,9,21,21)
r(35,0,9,22,22)
r(973,0,9,23,23)
w(219,1,9,24,24)
r(772,0,9,25,25)
r(395,0,9,26,26)
r(964,0,9,27,27)
r(966,0,9,28,28)
r(418,0,9,29,29)
r(51,0,9,30,30)
r(591,0,9,31,31)
r(705,0,9,32,32)
r(885,0,9,33,33)
r(56,0,9,34,34)
r(449,0,9,35,35)
r(573,0,9,36,36)
r(639,0,9,37,37)
r(106,0,9,38,38)
r(736,1,9,39,39)
r(35,0,9,40,40)
r(794,0,9,41,41)
r(139,0,9,42,42)
r(278,1,9,43,43)
r(995,0,9,44,44)
r(449,0,9,45,45)
r(144,0,9,46,46)
r(453,0,9,47,47)
r(674,0,9,48,48)
r(656,0,9,49,49)
r(200,0,9,50,50)
r(282,0,9,51,51)
r(884,1,9,52,52)
r(555,0,9,53,53)
r(972,0,9,54,54)
w(714,1,9,55,55)
r(653,0,9,56,56)
r(671,0,9,57,57)
r(676,1,9,58,58)
r(784,0,9,59,59)
r(875,0,9,60,60)
r(83,0,9,61,61)
r(791,0,9,62,62)
r(314,0,9,63,63)
r(382,1,9,64,64)
r(70,0,9,65,65)
r(949,0,9,66,66)
r(781,0,9,67,67)
r(837,0,9,68,68)
r(749,0,9,69,69)
r(304,0,9,70,70)
r(738,0,9,71,71)
r(609,0,9,72,72)
r(595,0,9,73,73)
r(16,0,9,74,74)
r(505,1,9,75,75)
w(823,1,9,76,76)
r(849,0,9,77,77)
r(357,0,9,78,78)
r(202,0,9,79,79)
r(940,0,9,80,80)
r(397,0,9,81,81)
r(909,0,9,82,82)
w(756,1,9,83,83)
r(493,0,9,84,84)
r(105,0,9,85,85)
r(996,0,9,86,86)
w(944,1,9,87,87)
r(831,0,9,88,88)
r(24,1,9,89,89)
r(372,0,9,90,90)
r(373,0,9,91,91)
w(860,1,9,92,92)
r(955,0,9,93,93)
r(464,0,9,94,94)
w(961,1,9,95,95)
r(898,0,9,96,96)
w(595,1,9,97,97)
r(389,0,9,98,98)
r(564,0,9,99,99)
r(236,0,10,0,0)
r(41,0,10,1,1)
r(699,0,10,2,2)
r(596,0,10,3,3)
r(988,0,10,4,4)
r(869,0,10,5,5)
r(599,0,10,6,6)
r(593,0,10,7,7)
r(326,0,10,8,8)
r(323,0,10,9,9)
r(792,0,10,10,10)
r(527,0,10,11,11)
r(390,0,10,12,12)
r(920,0,10,13,13)
r(347,0,10,14,14)
r(651,0,10,15,15)
r(930,0,10,16,16)
r(999,0,10,17,17)
r(859,0,10,18,18)
r(136,0,10,19,19)
r(352,0,10,20,20)
r(431,0,10,21,21)
r(144,0,10,22,22)
r(98,0,10,23,23)
r(317,0,10,24,24)
r(728,0,10,25,25)
r(258,1,10,26,26)
r(583,0,10,27,27)
w(87,1,10,28,28)
r(685,0,10,29,29)
r(308,1,10,30,30)
r(63,0,10,31,31)
r(347,0,10,32,32)
r(385,0,10,33,33)
r(126,0,10,34,34)
r(548,0,10,35,35)
r(251,0,10,36,36)
r(745,0,10,37,37)
r(502,0,10,38,38)
r(558,0,10,39,39)
r(184,1,10,40,40)
r(809,0,10,41,41)
r(123,0,10,42,42)
w(0,1,10,43,43)
r(114,0,10,44,44)
r(587,0,10,45,45)
r(866,0,10,46,46)
r(561,0,10,47,47)
r(231,0,10,48,48)
r(891,0,10,49,49)
r(839,1,10,50,50)
r(212,0,10,51,51)
r(400,0,10,52,52)
r(646,0,10,53,53)
r(466,0,10,54,54)
r(460,0,10,55,55)
r(869,0,10,56,56)
r(792,0,10,57,57)
r(842,0,10,58,58)
r(547,0,10,59,59)
r(250,0,10,60,60)
r(548,0,10,61,61)
r(715,0,10,62,62)
r(592,0,10,63,63)
r(307,1,10,64,64)
r(951,0,10,65,65)
r(992,0,10,66,66)
r(456,0,10,67,67)
r(69,0,10,68,68)
r(797,0,10,69,69)
r(492,0,10,70,70)
r(213,0,10,71,71)
r(714,1,10,72,72)
r(828,0,10,73,73)
w(763,1,10,74,74)
r(564,0,10,75,75)
r(27,0,10,76,76)
r(211,0,10,77,77)
r(380,0,10,78,78)
w(655,1,10,79,79)
r(368,0,10,80,80)
r(61,0,10,81,81)
r(782,0,10,82,82)
r(2,0,10,83,83)
r(952,0,10,84,84)
r(384,0,10,85,85)
r(769,0,10,86,86)
r(734,0,10,87,87)
r(672,0,10,88,88)
r(146,0,10,89,89)
r(829,0,10,90,90)
r(150,2,10,91,91)
r(868,0,10,92,92)
r(558,0,10,93,93)
r(284,0,10,94,94)
r(380,0,10,95,95)
r(22,0,10,96,96)
r(609,0,10,97,97)
w(434,1,10,98,98)
r(610,1,10,99,99)
r(956,0,11,0,0)
r(859,0,11,1,1)
r(787,0,11,2,2)
r(47,0,11,3,3)
r(616,0,11,4,4)
r(404,0,11,5,5)
r(82,0,11,6,6)
r(924,0,11,7,7)
r(575,0,11,8,8)
r(98,0,11,9,9)
r(468,0,11,10,10)
r(724,0,11,11,11)
r(303,0,11,12,12)
r(778,0,11,13,13)
w(753,1,11,14,14)
r(545,0,11,15,15)
r(40,0,11,16,16)
r(919,0,11,17,17)
w(268,1,11,18,18)
r(609,0,11,19,19)
r(609,0,11,20,20)
r(928,0,11,21,21)
r(100,0,11,22,22)
r(615,0,11,23,23)
r(941,1,11,24,24)
r(600,0,11,25,25)
r(829,0,11,26,26)
r(989,0,11,27,27)
r(192,0,11,28,28)
r(94,0,11,29,29)
r(515,1,11,30,30)
r(432,0,11,31,31)
r(382,1,11,32,32)
r(560,0,11,33,33)
r(192,0,11,34,34)
r(652,0,11,35,35)
r(944,1,11,36,36)
r(623,0,11,37,37)
r(265,1,11,38,38)
w(54,1,11,39,39)
r(35,0,11,40,40)
r(744,0,11,41,41)
r(964,0,11,42,42)
r(146,0,11,43,43)
w(923,1,11,44,44)
r(79,1,11,45,45)
r(4,0,11,46,46)
r(493,0,11,47,47)
r(903,0,11,48,48)
r(365,0,11,49,49)
r(437,0,11,50,50)
r(4,0,11,51,51)
w(78,1,11,52,52)
r(761,0,11,53,53)
r(990,0,11,54,54)
r(787,0,11,55,55)
r(634,0,11,56,56)
r(210,0,11,57,57)
r(713,0,11,58,58)
r(899,0,11,59,59)
r(639,0,11,60,60)
r(600,0,11,61,61)
w(929,1,11,62,62)
w(728,1,11,63,63)
r(216,0,11,64,64)
r(200,0,11,65,65)
r(580,1,11,66,66)
r(398,0,11,67,67)
r(140,0,11,68,68)
r(861,0,11,69,69)
r(164,0,11,70,70)
r(857,0,11,71,71)
r(522,0,11,72,72)
r(38,0,11,73,73)
r(184,1,11,74,74)
r(73,0,11,75,75)
w(279,1,11,76,76)
r(269,1,11,77,77)
r(541,1,11,78,78)
r(759,0,11,79,79)
r(76,0,11,80,80)
r(390,0,11,81,81)
r(524,1,11,82,82)
r(603,0,11,83,83)
r(808,0,11,84,84)
r(731,0,11,85,85)
r(371,0,11,86,86)
w(137,1,11,87,87)
r(206,1,11,88,88)
r(943,0,11,89,89)
r(37,0,11,90,90)
r(852,0,11,91,91)
r(220,0,11,92,92)
r(378,0,11,93,93)
r(111,0,11,94,94)
w(62,1,11,95,95)
r(678,0,11,96,96)
w(732,1,11,97,97)
r(924,0,11,98,98)
r(568,0,11,99,99)
r(37,0,12,0,0)
r(585,0,12,1,1)
r(555,0,12,2,2)
r(131,1,12,3,3)
r(351,0,12,4,4)
r(612,0,12,5,5)
r(351,0,12,6,6)
r(611,0,12,7,7)
r(152,1,12,8,8)
r(281,0,12,9,9)
r(322,0,12,10,10)
r(43,0,12,11,11)
r(789,0,12,12,12)
r(938,0,12,13,13)
r(709,0,12,14,14)
r(44,0,12,15,15)
r(133,0,12,16,16)
r(755,0,12,17,17)
r(428,1,12,18,18)
r(398,0,12,19,19)
r(506,0,12,20,20)
r(223,0,12,21,21)
w(574,2,12,22,22)
r(565,0,12,23,23)
r(116,0,12,24,24)
r(234,0,12,25,25)
r(77,1,12,26,26)
r(130,0,12,27,27)
r(302,0,12,28,28)
r(100,0,12,29,29)
r(704,0,12,30,30)
r(54,1,12,31,31)
r(736,1,12,32,32)
w(55,1,12,33,33)
r(688,0,12,34,34)
r(114,0,12,35,35)
w(725,1,12,36,36)
r(379,0,12,37,37)
r(857,0,12,38,38)
r(877,0,12,39,39)
r(84,0,12,40,40)
r(208,0,12,41,41)
w(854,1,12,42,42)
r(659,0,12,43,43)
r(784,0,12,44,44)
r(416,0,12,45,45)
r(293,0,12,46,46)
r(715,0,12,47,47)
r(940,0,12,48,48)
w(850,1,12,49,49)
r(252,0,12,50,50)
w(296,1,12,51,51)
r(413,0,12,52,52)
r(352,0,12,53,53)
r(535,0,12,54,54)
r(409,0,12,55,55)
r(270,0,12,56,56)
r(934,0,12,57,57)
r(883,0,12,58,58)
r(657,0,12,59,59)
r(396,0,12,60,60)
r(697,0,12,61,61)
r(158,0,12,62,62)
r(105,0,12,63,63)
r(962,0,12,64,64)
r(621,0,12,65,65)
r(502,0,12,66,66)
r(702,0,12,67,67)
r(883,0,12,68,68)
w(786,1,12,69,69)
r(160,0,12,70,70)
r(97,0,12,71,71)
r(504,0,12,72,72)
r(407,0,12,73,73)
r(595,1,12,74,74)
r(474,0,12,75,75)
r(45,0,12,76,76)
r(220,0,12,77,77)
r(997,0,12,78,78)
r(982,0,12,79,79)
r(973,0,12,80,80)
r(318,0,12,81,81)
r(291,0,12,82,82)
w(10,1,12,83,83)
r(900,0,12,84,84)
r(205,0,12,85,85)
r(706,0,12,86,86)
r(353,0,12,87,87)
r(541,1,12,88,88)
r(87,1,12,89,89)
r(332,0,12,90,90)
r(9,0,12,91,91)
r(616,0,12,92,92)
r(282,0,12,93,93)
r(559,0,12,94,94)
r(346,0,12,95,95)
r(890,0,12,96,96)
r(555,0,12,97,97)
r(465,0,12,98,98)
r(133,0,12,99,99)
r(428,1,13,0,0)
r(426,0,13,1,1)
r(853,1,13,2,2)
r(593,0,13,3,3)
r(359,0,13,4,4)
r(374,0,13,5,5)
r(207,0,13,6,6)
r(16,0,13,7,7)
r(974,0,13,8,8)
r(104,0,13,9,9)
r(380,0,13,10,10)
r(315,0,13,11,11)
r(506,0,13,12,12)
r(10,1,13,13,13)
r(833,0,13,14,14)
r(258,1,13,15,15)
r(909,0,13,16,16)
r(833,0,13,17,17)
r(569,0,13,18,18)
w(35,1,13,19,19)
r(64,0,13,20,20)
r(150,2,13,21,21)
r(395,0,13,22,22)
r(418,0,13,23,23)
r(310,0,13,24,24)
r(975,0,13,25,25)
w(437,1,13,26,26)
r(849,0,13,27,27)
w(496,1,13,28,28)
r(615,0,13,29,29)
r(43,0,13,30,30)
r(703,0,13,31,31)
r(644,0,13,32,32)
r(825,0,13,33,33)
r(162,0,13,34,34)
r(729,0,13,35,35)
r(751,0,13,36,36)
r(604,0,13,37,37)
r(574,2,13,38,38)
r(527,0,13,39,39)
r(86,0,13,40,40)
r(653,0,13,41,41)
r(680,0,13,42,42)
r(960,0,13,43,43)
r(41,0,13,44,44)
r(230,0,13,45,45)
r(153,0,13,46,46)
r(320,0,13,47,47)
w(178,1,13,48,48)
w(522,1,13,49,49)
r(793,0,13,50,50)
r(690,0,13,51,51)
r(656,0,13,52,52)
r(143,0,13,53,53)
r(155,0,13,54,54)
r(699,0,13,55,55)
r(23,0,13,56,56)
r(958,0,13,57,57)
r(681,0,13,58,58)
r(929,1,13,59,59)
r(689,0,13,60,60)
r(763,1,13,61,61)
r(231,0,13,62,62)
r(876,0,13,63,63)
r(833,0,13,64,64)
r(857,0,13,65,65)
w(101,2,13,66,66)
r(666,0,13,67,67)
r(211,0,13,68,68)
r(896,0,13,69,69)
r(248,0,13,70,70)
r(206,1,13,71,71)
r(569,0,13,72,72)
r(363,0,13,73,73)
r(182,0,13,74,74)
r(970,0,13,75,75)
r(284,0,13,76,76)
w(870,1,13,77,77)
r(888,0,13,78,78)
r(381,0,13,79,79)
r(311,0,13,80,80)
r(4,0,13,81,81)
r(507,0,13,82,82)
r(524,1,13,83,83)
r(354,0,13,84,84)
r(850,1,13,85,85)
r(625,0,13,86,86)
r(698,0,13,87,87)
r(957,0,13,88,88)
r(865,0,13,89,89)
r(539,0,13,90,90)
r(357,0,13,91,91)
r(911,0,13,92,92)
r(377,0,13,93,93)
r(176,0,13,94,94)
r(7,0,13,95,95)
r(901,0,13,96,96)
r(157,0,13,97,97)
r(646,0,13,98,98)
r(37,0,13,99,99)
r(542,0,14,0,0)
r(348,0,14,1,1)
r(131,1,14,2,2)
r(51,0,14,3,3)
r(147,0,14,4,4)
r(123,0,14,5,5)
w(100,1,14,6,6)
r(866,0,14,7,7)
r(821,0,14,8,8)
r(357,0,14,9,9)
r(587,0,14,10,10)
r(640,1,14,11,11)
r(568,0,14,12,12)
r(385,0,14,13,13)
r(843,0,14,14,14)
r(473,0,14,15,15)
r(461,0,14,16,16)
r(803,0,14,17,17)
r(292,0,14,18,18)
w(698,1,14,19,19)
r(540,0,14,20,20)
r(999,0,14,21,21)
r(69,0,14,22,22)
r(524,1,14,23,23)
r(816,0,14,24,24)
r(478,0,14,25,25)
r(588,0,14,26,26)
r(877,0,14,27,27)
r(732,1,14,28,28)
r(586,0,14,29,29)
w(80,1,14,30,30)
r(442,0,14,31,31)
r(632,1,14,32,32)
r(760,0,14,33,33)
r(263,0,14,34,34)
w(926,1,14,35,35)
r(658,0,14,36,36)
r(63,0,14,37,37)
r(59,1,14,38,38)
r(88,0,14,39,39)
r(680,0,14,40,40)
r(692,0,14,41,41)
r(998,0,14,42,42)
r(800,0,14,43,43)
r(835,0,14,44,44)
r(402,0,14,45,45)
r(815,0,14,46,46)
r(53,0,14,47,47)
w(866,1,14,48,48)
w(964,1,14,49,49)
r(843,0,14,50,50)
r(132,0,14,51,51)
r(16,0,14,52,52)
r(346,0,14,53,53)
r(488,0,14,54,54)
w(130,1,14,55,55)
r(493,0,14,56,56)
w(729,1,14,57,57)
r(634,0,14,58,58)
r(489,0,14,59,59)
r(239,0,14,60,60)
r(945,0,14,61,61)
r(549,0,14,62,62)
r(25,0,14,63,63)
r(993,0,14,64,64)
r(652,0,14,65,65)
r(188,0,14,66,66)
r(659,0,14,67,67)
r(274,0,14,68,68)
r(103,0,14,69,69)
r(236,0,14,70,70)
r(478,0,14,71,71)
r(535,0,14,72,72)
r(941,1,14,73,73)
r(246,0,14,74,74)
r(541,1,14,75,75)
r(788,1,14,76,76)
w(938,1,14,77,77)
r(314,0,14,78,78)
r(997,0,14,79,79)
r(302,0,14,80,80)
r(633,0,14,81,81)
r(507,0,14,82,82)
r(945,0,14,83,83)
r(110,0,14,84,84)
r(688,0,14,85,85)
r(581,1,14,86,86)
r(944,1,14,87,87)
r(887,0,14,88,88)
r(961,1,14,89,89)
r(910,0,14,90,90)
r(966,0,14,91,91)
w(552,2,14,92,92)
r(514,0,14,93,93)
r(310,0,14,94,94)
r(752,1,14,95,95)
r(133,0,14,96,96)
r(474,0,14,97,97)
r(334,0,14,98,98)
r(921,0,14,99,99)
r(773,0,15,0,0)
r(147,0,15,1,1)
r(42,0,15,2,2)
r(643,0,15,3,3)
r(677,0,15,4,4)
r(307,1,15,5,5)
r(191,0,15,6,6)
r(214,1,15,7,7)
r(213,0,15,8,8)
r(757,0,15,9,9)
r(107,0,15,10,10)
r(342,1,15,11,11)
r(175,0,15,12,12)
r(636,0,15,13,13)
r(177,0,15,14,14)
r(235,0,15,15,15)
r(461,0,15,16,16)
r(945,0,15,17,17)
r(222,0,15,18,18)
r(123,0,15,19,19)
r(564,0,15,20,20)
r(457,1,15,21,21)
r(697,0,15,22,22)
r(828,0,15,23,23)
w(55,2,15,24,24)
r(108,0,15,25,25)
r(977,0,15,26,26)
r(478,0,15,27,27)
r(53,0,15,28,28)
r(198,0,15,29,29)
r(285,0,15,30,30)
r(230,0,15,31,31)
r(492,0,15,32,32)
r(212,0,15,33,33)
r(317,0,15,34,34)
r(969,0,15,35,35)
r(642,0,15,36,36)
r(773,0,15,37,37)
r(57,0,15,38,38)
r(926,1,15,39,39)
w(657,1,15,40,40)
r(467,0,15,41,41)
r(52,0,15,42,42)
r(397,0,15,43,43)
r(23,0,15,44,44)
r(881,0,15,45,45)
r(207,0,15,46,46)
r(808,0,15,47,47)
r(389,0,15,48,48)
r(44,0,15,49,49)
r(604,0,15,50,50)
r(963,0,15,51,51)
r(289,0,15,52,52)
r(277,0,15,53,53)
w(681,1,15,54,54)
r(405,0,15,55,55)
r(413,0,15,56,56)
r(730,0,15,57,57)
r(830,0,15,58,58)
r(227,0,15,59,59)
r(98,0,15,60,60)
r(244,0,15,61,61)
r(291,0,15,62,62)
r(389,0,15,63,63)
r(83,0,15,64,64)
r(292,0,15,65,65)
r(5,0,15,66,66)
r(599,0,15,67,67)
r(16,0,15,68,68)
r(533,0,15,69,69)
r(345,0,15,70,70)
r(696,0,15,71,71)
w(31,1,15,72,72)
r(551,0,15,73,73)
r(93,0,15,74,74)
r(117,1,15,75,75)
r(254,0,15,76,76)
r(53,0,15,77,77)
r(99,2,15,78,78)
r(552,2,15,79,79)
r(842,0,15,80,80)
r(721,0,15,81,81)
r(104,0,15,82,82)
r(884,1,15,83,83)
r(659,0,15,84,84)
r(36,0,15,85,85)
r(742,0,15,86,86)
r(606,0,15,87,87)
r(540,0,15,88,88)
r(982,0,15,89,89)
r(779,0,15,90,90)
r(111,0,15,91,91)
r(807,0,15,92,92)
r(348,0,15,93,93)
r(863,1,15,94,94)
r(238,0,15,95,95)
r(28,0,15,96,96)
r(833,0,15,97,97)
r(521,0,15,98,98)
r(586,0,15,99,99)
r(348,0,16,0,0)
r(525,0,16,1,1)
r(156,2,16,2,2)
w(651,1,16,3,3)
r(450,0,16,4,4)
w(287,2,16,5,5)
r(951,0,16,6,6)
w(263,1,16,7,7)
r(59,1,16,8,8)
r(691,0,16,9,9)
r(31,1,16,10,10)
r(218,0,16,11,11)
w(174,1,16,12,12)
r(908,0,16,13,13)
r(720,0,16,14,14)
r(225,0,16,15,15)
w(125,1,16,16,16)
r(92,0,16,17,17)
r(263,1,16,18,18)
r(726,0,16,19,19)
r(890,0,16,20,20)
r(211,0,16,21,21)
r(758,0,16,22,22)
r(555,0,16,23,23)
r(11,0,16,24,24)
r(805,0,16,25,25)
r(308,1,16,26,26)
r(94,0,16,27,27)
r(157,0,16,28,28)
w(178,2,16,29,29)
r(197,0,16,30,30)
r(979,0,16,31,31)
r(914,0,16,32,32)
r(315,0,16,33,33)
r(201,0,16,34,34)
r(977,0,16,35,35)
w(962,1,16,36,36)
r(16,0,16,37,37)
r(847,0,16,38,38)
r(219,1,16,39,39)
r(268,1,16,40,40)
w(530,1,16,41,41)
r(399,0,16,42,42)
r(790,0,16,43,43)
r(274,0,16,44,44)
r(289,0,16,45,45)
r(250,0,16,46,46)
r(729,1,16,47,47)
r(932,1,16,48,48)
r(669,0,16,49,49)
r(862,0,16,50,50)
r(41,0,16,51,51)
r(679,0,16,52,52)
w(229,2,16,53,53)
r(174,1,16,54,54)
r(600,0,16,55,55)
r(693,0,16,56,56)
r(327,0,16,57,57)
r(81,0,16,58,58)
r(88,0,16,59,59)
r(788,1,16,60,60)
r(21,0,16,61,61)
r(870,1,16,62,62)
r(267,0,16,63,63)
r(177,0,16,64,64)
r(965,0,16,65,65)
r(683,0,16,66,66)
w(566,1,16,67,67)
w(454,1,16,68,68)
r(54,1,16,69,69)
r(519,0,16,70,70)
w(54,2,16,71,71)
r(477,0,16,72,72)
r(582,0,16,73,73)
r(833,0,16,74,74)
r(256,0,16,75,75)
r(414,1,16,76,76)
w(508,1,16,77,77)
r(353,0,16,78,78)
r(835,0,16,79,79)
r(244,0,16,80,80)
r(245,0,16,81,81)
r(338,0,16,82,82)
r(642,0,16,83,83)
r(830,0,16,84,84)
r(140,0,16,85,85)
w(565,1,16,86,86)
r(149,0,16,87,87)
r(785,0,16,88,88)
r(245,0,16,89,89)
r(579,0,16,90,90)
r(577,0,16,91,91)
r(134,1,16,92,92)
r(426,0,16,93,93)
r(139,0,16,94,94)
r(978,0,16,95,95)
r(279,1,16,96,96)
r(35,1,16,97,97)
r(33,0,16,98,98)
r(819,0,16,99,99)
r(275,0,17,0,0)
r(265,1,17,1,1)
r(228,0,17,2,2)
r(37,0,17,3,3)
r(738,0,17,4,4)
r(786,1,17,5,5)
r(353,0,17,6,6)
r(432,0,17,7,7)
r(720,0,17,8,8)
r(988,0,17,9,9)
r(968,0,17,10,10)
r(208,0,17,11,11)
r(868,0,17,12,12)
r(632,1,17,13,13)
r(2,0,17,14,14)
r(277,0,17,15,15)
w(106,1,17,16,16)
r(994,0,17,17,17)
r(822,0,17,18,18)
r(152,1,17,19,19)
r(63,0,17,20,20)
r(874,1,17,21,21)
w(439,1,17,22,22)
r(98,0,17,23,23)
r(384,0,17,24,24)
r(226,0,17,25,25)
r(927,0,17,26,26)
r(86,0,17,27,27)
r(74,0,17,28,28)
r(868,0,17,29,29)
r(267,0,17,30,30)
r(888,0,17,31,31)
r(253,0,17,32,32)
r(396,0,17,33,33)
r(324,0,17,34,34)
r(390,0,17,35,35)
w(312,1,17,36,36)
r(34,0,17,37,37)
r(110,0,17,38,38)
r(685,0,17,39,39)
r(261,0,17,40,40)
r(10,1,17,41,41)
r(690,0,17,42,42)
r(242,0,17,43,43)
r(850,1,17,44,44)
r(735,0,17,45,45)
r(250,0,17,46,46)
r(696,0,17,47,47)
r(733,0,17,48,48)
r(664,0,17,49,49)
r(277,0,17,50,50)
r(959,0,17,51,51)
r(484,1,17,52,52)
r(335,0,17,53,53)
r(840,1,17,54,54)
r(232,0,17,55,55)
r(469,0,17,56,56)
r(805,0,17,57,57)
r(959,0,17,58,58)
r(812,0,17,59,59)
r(440,1,17,60,60)
r(360,0,17,61,61)
r(72,0,17,62,62)
w(709,1,17,63,63)
w(606,1,17,64,64)
r(398,0,17,65,65)
w(116,1,17,66,66)
r(947,0,17,67,67)
r(629,0,17,68,68)
r(785,0,17,69,69)
r(413,0,17,70,70)
r(466,0,17,71,71)
r(131,1,17,72,72)
r(820,0,17,73,73)
w(762,1,17,74,74)
r(577,0,17,75,75)
r(750,0,17,76,76)
r(611,0,17,77,77)
r(875,0,17,78,78)
w(966,1,17,79,79)
r(470,0,17,80,80)
r(848,0,17,81,81)
r(835,0,17,82,82)
r(374,0,17,83,83)
w(862,1,17,84,84)
r(15,0,17,85,85)
r(377,0,17,86,86)
w(819,1,17,87,87)
r(749,0,17,88,88)
r(955,0,17,89,89)
r(387,0,17,90,90)
r(672,0,17,91,91)
r(25,0,17,92,92)
r(215,0,17,93,93)
r(204,0,17,94,94)
w(904,1,17,95,95)
r(927,0,17,96,96)
r(379,0,17,97,97)
r(283,0,17,98,98)
r(489,0,17,99,99)
r(516,0,18,0,0)
r(509,0,18,1,1)
r(510,0,18,2,2)
r(992,0,18,3,3)
r(36,0,18,4,4)
r(152,1,18,5,5)
w(48,1,18,6,6)
r(401,0,18,7,7)
r(328,0,18,8,8)
w(702,1,18,9,9)
r(659,0,18,10,10)
r(896,0,18,11,11)
r(67,0,18,12,12)
r(983,1,18,13,13)
r(566,1,18,14,14)
r(5,0,18,15,15)
r(496,1,18,16,16)
r(769,0,18,17,17)
r(836,0,18,18,18)
w(592,1,18,19,19)
r(151,0,18,20,20)
r(704,0,18,21,21)
r(679,0,18,22,22)
r(694,0,18,23,23)
r(670,0,18,24,24)
r(609,0,18,25,25)
r(299,0,18,26,26)
r(363,0,18,27,27)
r(382,1,18,28,28)
r(943,0,18,29,29)
r(386,0,18,30,30)
r(603,0,18,31,31)
r(308,1,18,32,32)
r(577,0,18,33,33)
w(695,1,18,34,34)
r(76,0,18,35,35)
r(809,0,18,36,36)
r(220,0,18,37,37)
w(189,1,18,38,38)
r(589,0,18,39,39)
r(857,0,18,40,40)
r(608,0,18,41,41)
r(114,0,18,42,42)
r(999,0,18,43,43)
r(78,1,18,44,44)
r(828,0,18,45,45)
r(79,1,18,46,46)
r(573,0,18,47,47)
r(790,0,18,48,48)
r(591,0,18,49,49)
r(769,0,18,50,50)
r(643,0,18,51,51)
r(126,0,18,52,52)
r(318,0,18,53,53)
w(856,1,18,54,54)
r(976,0,18,55,55)
r(232,0,18,56,56)
r(497,0,18,57,57)
r(915,0,18,58,58)
r(560,0,18,59,59)
r(946,0,18,60,60)
r(124,1,18,61,61)
r(62,1,18,62,62)
r(329,0,18,63,63)
w(220,1,18,64,64)
r(107,0,18,65,65)
r(293,0,18,66,66)
r(999,0,18,67,67)
r(104,0,18,68,68)
r(810,0,18,69,69)
w(865,1,18,70,70)
r(91,0,18,71,71)
r(698,1,18,72,72)
r(824,0,18,73,73)
r(107,0,18,74,74)
r(767,0,18,75,75)
r(839,1,18,76,76)
r(516,0,18,77,77)
r(1,0,18,78,78)
r(519,0,18,79,79)
r(683,0,18,80,80)
r(200,0,18,81,81)
r(120,0,18,82,82)
w(922,1,18,83,83)
r(228,0,18,84,84)
r(131,1,18,85,85)
r(708,0,18,86,86)
r(467,0,18,87,87)
r(698,1,18,88,88)
r(10,1,18,89,89)
r(799,0,18,90,90)
r(179,0,18,91,91)
r(418,0,18,92,92)
w(553,1,18,93,93)
r(294,0,18,94,94)
w(337,1,18,95,95)
r(816,0,18,96,96)
r(726,0,18,97,97)
r(421,0,18,98,98)
r(942,0,18,99,99)
r(691,0,19,0,0)
r(11,0,19,1,1)
r(155,0,19,2,2)
w(898,1,19,3,3)
r(652,0,19,4,4)
r(394,0,19,5,5)
r(485,1,19,6,6)
r(265,1,19,7,7)
r(913,0,19,8,8)
r(305,0,19,9,9)
r(426,0,19,10,10)
r(686,0,19,11,11)
w(15,1,19,12,12)
w(852,1,19,13,13)
r(986,0,19,14,14)
r(323,0,19,15,15)
r(680,0,19,16,16)
r(468,0,19,17,17)
r(127,0,19,18,18)
w(224,1,19,19,19)
r(374,0,19,20,20)
r(393,0,19,21,21)
r(597,0,19,22,22)
r(816,0,19,23,23)
r(404,0,19,24,24)
r(592,1,19,25,25)
w(510,1,19,26,26)
r(976,0,19,27,27)
w(653,1,19,28,28)
r(368,0,19,29,29)
r(738,0,19,30,30)
r(423,0,19,31,31)
w(284,1,19,32,32)
r(865,1,19,33,33)
r(645,1,19,34,34)
r(780,0,19,35,35)
r(813,0,19,36,36)
r(889,0,19,37,37)
r(939,1,19,38,38)
r(364,0,19,39,39)
r(772,0,19,40,40)
r(156,2,19,41,41)
r(927,0,19,42,42)
r(377,0,19,43,43)
r(721,0,19,44,44)
r(479,0,19,45,45)
r(436,0,19,46,46)
w(196,1,19,47,47)
r(884,1,19,48,48)
r(985,0,19,49,49)
r(490,0,19,50,50)
r(187,0,19,51,51)
r(522,1,19,52,52)
r(442,0,19,53,53)
r(918,0,19,54,54)
r(110,0,19,55,55)
r(344,0,19,56,56)
w(624,1,19,57,57)
r(125,1,19,58,58)
r(975,0,19,59,59)
r(399,0,19,60,60)
r(648,1,19,61,61)
r(524,1,19,62,62)
r(268,1,19,63,63)
w(316,1,19,64,64)
r(621,0,19,65,65)
r(192,0,19,66,66)
r(908,0,19,67,67)
r(631,0,19,68,68)
r(317,0,19,69,69)
r(236,0,19,70,70)
r(99,2,19,71,71)
w(2,1,19,72,72)
r(385,0,19,73,73)
r(963,0,19,74,74)
r(543,0,19,75,75)
r(810,0,19,76,76)
r(309,0,19,77,77)
r(513,0,19,78,78)
r(331,0,19,79,79)
r(128,0,19,80,80)
r(524,1,19,81,81)
r(300,0,19,82,82)
r(686,0,19,83,83)
r(653,1,19,84,84)
r(153,0,19,85,85)
r(904,1,19,86,86)
r(385,0,19,87,87)
r(868,0,19,88,88)
r(641,0,19,89,89)
r(97,0,19,90,90)
r(706,0,19,91,91)
w(812,1,19,92,92)
r(923,1,19,93,93)
r(220,1,19,94,94)
r(343,1,19,95,95)
r(958,0,19,96,96)
r(283,0,19,97,97)
r(922,1,19,98,98)
r(265,1,19,99,99)
