r(166,0,0,0,0)
r(292,0,0,1,1)
w(853,1,0,2,2)
r(347,0,0,3,3)
w(548,1,0,4,4)
w(990,1,0,5,5)
r(703,0,0,6,6)
r(726,0,0,7,7)
r(194,0,0,8,8)
r(705,0,0,9,9)
r(627,0,0,10,10)
w(51,1,0,11,11)
r(188,0,0,12,12)
r(548,1,0,13,13)
r(323,0,0,14,14)
r(612,0,0,15,15)
r(178,0,0,16,16)
r(461,0,0,17,17)
r(934,0,0,18,18)
r(26,0,0,19,19)
r(819,0,0,20,20)
r(178,0,0,21,21)
r(771,0,0,22,22)
w(662,1,0,23,23)
r(549,0,0,24,24)
r(328,0,0,25,25)
r(56,0,0,26,26)
r(20,0,0,27,27)
r(622,0,0,28,28)
r(205,0,0,29,29)
r(690,0,0,30,30)
w(349,1,0,31,31)
r(450,0,0,32,32)
r(604,0,0,33,33)
r(764,0,0,34,34)
r(493,0,0,35,35)
r(984,0,0,36,36)
r(530,0,0,37,37)
r(24,0,0,38,38)
r(561,0,0,39,39)
r(133,0,0,40,40)
r(441,0,0,41,41)
r(643,0,0,42,42)
r(748,0,0,43,43)
r(196,0,0,44,44)
r(720,0,0,45,45)
r(132,0,0,46,46)
r(632,0,0,47,47)
r(424,0,0,48,48)
r(661,0,0,49,49)
r(902,0,0,50,50)
r(328,0,0,51,51)
r(991,0,0,52,52)
r(987,0,0,53,53)
r(233,0,0,54,54)
r(102,0,0,55,55)
r(679,0,0,56,56)
r(701,0,0,57,57)
r(660,0,0,58,58)
r(242,0,0,59,59)
r(54,0,0,60,60)
r(901,0,0,61,61)
r(530,0,0,62,62)
r(787,0,0,63,63)
r(221,0,0,64,64)
r(74,0,0,65,65)
r(970,0,0,66,66)
r(148,0,0,67,67)
r(448,0,0,68,68)
r(93,0,0,69,69)
r(931,0,0,70,70)
r(608,0,0,71,71)
r(260,0,0,72,72)
r(297,0,0,73,73)
r(953,0,0,74,74)
r(119,0,0,75,75)
r(365,0,0,76,76)
r(755,0,0,77,77)
r(645,0,0,78,78)
r(850,0,0,79,79)
r(304,0,0,80,80)
r(999,0,0,81,81)
r(795,0,0,82,82)
w(654,1,0,83,83)
r(427,0,0,84,84)
r(117,0,0,85,85)
r(551,0,0,86,86)
w(344,1,0,87,87)
w(288,1,0,88,88)
r(107,0,0,89,89)
r(792,0,0,90,90)
r(428,0,0,91,91)
r(774,0,0,92,92)
r(122,0,0,93,93)
r(150,0,0,94,94)
r(884,0,0,95,95)
w(922,1,0,96,96)
r(222,0,0,97,97)
r(202,0,0,98,98)
r(383,0,0,99,99)
r(713,0,1,0,0)
r(604,0,1,1,1)
r(541,0,1,2,2)
r(770,0,1,3,3)
r(857,0,1,4,4)
r(132,0,1,5,5)
r(379,0,1,6,6)
r(508,0,1,7,7)
r(361,0,1,8,8)
r(634,0,1,9,9)
r(196,0,1,10,10)
w(430,1,1,11,11)
w(458,1,1,12,12)
r(318,0,1,13,13)
r(945,0,1,14,14)
r(627,0,1,15,15)
r(460,0,1,16,16)
r(520,0,1,17,17)
r(791,0,1,18,18)
r(668,0,1,19,19)
r(367,0,1,20,20)
r(392,0,1,21,21)
r(851,0,1,22,22)
r(871,0,1,23,23)
r(566,0,1,24,24)
r(359,0,1,25,25)
r(509,0,1,26,26)
r(65,0,1,27,27)
r(144,0,1,28,28)
r(897,0,1,29,29)
r(918,0,1,30,30)
w(309,1,1,31,31)
w(385,1,1,32,32)
r(755,0,1,33,33)
r(248,0,1,34,34)
r(475,0,1,35,35)
r(930,0,1,36,36)
r(443,0,1,37,37)
r(627,0,1,38,38)
r(528,0,1,39,39)
r(342,0,1,40,40)
r(706,0,1,41,41)
w(29,1,1,42,42)
r(99,0,1,43,43)
r(992,0,1,44,44)
r(331,0,1,45,45)
r(0,0,1,46,46)
r(639,0,1,47,47)
r(11,0,1,48,48)
r(221,0,1,49,49)
r(479,0,1,50,50)
r(179,0,1,51,51)
r(978,0,1,52,52)
r(396,0,1,53,53)
r(341,0,1,54,54)
r(217,0,1,55,55)
w(173,1,1,56,56)
r(876,0,1,57,57)
r(709,0,1,58,58)
r(141,0,1,59,59)
r(766,0,1,60,60)
r(889,0,1,61,61)
r(528,0,1,62,62)
r(794,0,1,63,63)
r(979,0,1,64,64)
r(753,0,1,65,65)
r(749,0,1,66,66)
r(703,0,1,67,67)
r(600,0,1,68,68)
r(344,1,1,69,69)
r(262,0,1,70,70)
r(314,0,1,71,71)
r(81,0,1,72,72)
r(904,0,1,73,73)
r(429,0,1,74,74)
r(338,0,1,75,75)
w(170,1,1,76,76)
r(84,0,1,77,77)
r(667,0,1,78,78)
r(566,0,1,79,79)
r(405,0,1,80,80)
r(156,0,1,81,81)
r(476,0,1,82,82)
r(677,0,1,83,83)
r(874,0,1,84,84)
r(497,0,1,85,85)
r(388,0,1,86,86)
r(304,0,1,87,87)
r(987,0,1,88,88)
r(141,0,1,89,89)
r(789,0,1,90,90)
r(542,0,1,91,91)
r(225,0,1,92,92)
r(627,0,1,93,93)
r(897,0,1,94,94)
r(830,0,1,95,95)
w(850,1,1,96,96)
r(551,0,1,97,97)
r(45,0,1,98,98)
r(451,0,1,99,99)
r(105,0,2,0,0)
r(208,0,2,1,1)
r(414,0,2,2,2)
r(256,0,2,3,3)
r(624,0,2,4,4)
r(605,0,2,5,5)
r(647,0,2,6,6)
r(785,0,2,7,7)
r(212,0,2,8,8)
r(585,0,2,9,9)
r(128,0,2,10,10)
r(857,0,2,11,11)
r(148,0,2,12,12)
r(457,0,2,13,13)
r(728,0,2,14,14)
r(471,0,2,15,15)
w(142,1,2,16,16)
w(719,1,2,17,17)
r(198,0,2,18,18)
r(359,0,2,19,19)
r(520,0,2,20,20)
r(885,0,2,21,21)
r(747,0,2,22,22)
r(769,0,2,23,23)
r(321,0,2,24,24)
r(239,0,2,25,25)
r(867,0,2,26,26)
r(778,0,2,27,27)
w(308,1,2,28,28)
w(14,1,2,29,29)
r(686,0,2,30,30)
r(928,0,2,31,31)
r(69,0,2,32,32)
r(65,0,2,33,33)
r(729,0,2,34,34)
r(27,0,2,35,35)
r(42,0,2,36,36)
r(720,0,2,37,37)
r(290,0,2,38,38)
r(584,0,2,39,39)
r(257,0,2,40,40)
r(192,0,2,41,41)
w(931,1,2,42,42)
r(758,0,2,43,43)
r(748,0,2,44,44)
w(106,1,2,45,45)
r(682,0,2,46,46)
r(692,0,2,47,47)
r(806,0,2,48,48)
r(196,0,2,49,49)
r(652,0,2,50,50)
r(605,0,2,51,51)
r(45,0,2,52,52)
w(250,1,2,53,53)
r(957,0,2,54,54)
r(222,0,2,55,55)
r(986,0,2,56,56)
w(212,1,2,57,57)
r(458,1,2,58,58)
r(905,0,2,59,59)
r(181,0,2,60,60)
r(368,0,2,61,61)
r(130,0,2,62,62)
r(112,0,2,63,63)
r(514,0,2,64,64)
r(24,0,2,65,65)
r(10,0,2,66,66)
r(393,0,2,67,67)
r(554,0,2,68,68)
w(198,1,2,69,69)
r(424,0,2,70,70)
r(270,0,2,71,71)
r(674,0,2,72,72)
r(431,0,2,73,73)
w(941,1,2,74,74)
w(600,1,2,75,75)
r(967,0,2,76,76)
r(246,0,2,77,77)
r(821,0,2,78,78)
r(569,0,2,79,79)
r(906,0,2,80,80)
r(468,0,2,81,81)
r(176,0,2,82,82)
r(976,0,2,83,83)
r(753,0,2,84,84)
r(331,0,2,85,85)
r(692,0,2,86,86)
r(208,0,2,87,87)
w(790,1,2,88,88)
r(964,0,2,89,89)
r(660,0,2,90,90)
r(634,0,2,91,91)
r(439,0,2,92,92)
r(440,0,2,93,93)
r(431,0,2,94,94)
r(490,0,2,95,95)
r(756,0,2,96,96)
r(873,0,2,97,97)
r(431,0,2,98,98)
r(673,0,2,99,99)
w(584,1,3,0,0)
r(213,0,3,1,1)
r(685,0,3,2,2)
r(846,0,3,3,3)
r(256,0,3,4,4)
w(208,1,3,5,5)
r(549,0,3,6,6)
r(567,0,3,7,7)
w(926,1,3,8,8)
r(821,0,3,9,9)
r(871,0,3,10,10)
w(401,1,3,11,11)
r(709,0,3,12,12)
w(133,1,3,13,13)
r(362,0,3,14,14)
r(386,0,3,15,15)
r(829,0,3,16,16)
r(268,0,3,17,17)
r(402,0,3,18,18)
r(140,0,3,19,19)
r(414,0,3,20,20)
r(124,0,3,21,21)
r(881,0,3,22,22)
w(413,1,3,23,23)
r(138,0,3,24,24)
r(722,0,3,25,25)
r(797,0,3,26,26)
r(986,0,3,27,27)
r(170,1,3,28,28)
r(120,0,3,29,29)
r(31,0,3,30,30)
r(440,0,3,31,31)
r(851,0,3,32,32)
r(780,0,3,33,33)
w(298,1,3,34,34)
r(714,0,3,35,35)
r(974,0,3,36,36)
r(855,0,3,37,37)
r(229,0,3,38,38)
r(576,0,3,39,39)
r(169,0,3,40,40)
r(916,0,3,41,41)
r(904,0,3,42,42)
r(921,0,3,43,43)
r(638,0,3,44,44)
r(681,0,3,45,45)
r(344,1,3,46,46)
r(582,0,3,47,47)
r(879,0,3,48,48)
r(863,0,3,49,49)
r(162,0,3,50,50)
r(36,0,3,51,51)
r(990,1,3,52,52)
r(896,0,3,53,53)
r(674,0,3,54,54)
w(845,1,3,55,55)
r(826,0,3,56,56)
r(723,0,3,57,57)
w(603,1,3,58,58)
r(203,0,3,59,59)
w(938,1,3,60,60)
r(829,0,3,61,61)
w(320,1,3,62,62)
w(715,1,3,63,63)
r(690,0,3,64,64)
r(872,0,3,65,65)
r(619,0,3,66,66)
r(341,0,3,67,67)
r(849,0,3,68,68)
r(952,0,3,69,69)
r(721,0,3,70,70)
r(30,0,3,71,71)
r(99,0,3,72,72)
r(92,0,3,73,73)
r(2,0,3,74,74)
r(293,0,3,75,75)
r(433,0,3,76,76)
r(368,0,3,77,77)
r(547,0,3,78,78)
w(511,1,3,79,79)
r(108,0,3,80,80)
r(110,0,3,81,81)
w(718,1,3,82,82)
r(338,0,3,83,83)
r(593,0,3,84,84)
r(362,0,3,85,85)
r(585,0,3,86,86)
r(517,0,3,87,87)
r(444,0,3,88,88)
r(15,0,3,89,89)
r(684,0,3,90,90)
r(370,0,3,91,91)
r(832,0,3,92,92)
r(426,0,3,93,93)
r(937,0,3,94,94)
r(621,0,3,95,95)
r(877,0,3,96,96)
r(551,0,3,97,97)
r(666,0,3,98,98)
r(735,0,3,99,99)
r(913,0,4,0,0)
r(7,0,4,1,1)
r(239,0,4,2,2)
r(324,0,4,3,3)
r(117,0,4,4,4)
r(815,0,4,5,5)
r(266,0,4,6,6)
w(482,1,4,7,7)
r(989,0,4,8,8)
r(993,0,4,9,9)
r(310,0,4,10,10)
r(463,0,4,11,11)
r(766,0,4,12,12)
r(658,0,4,13,13)
r(628,0,4,14,14)
r(903,0,4,15,15)
r(965,0,4,16,16)
r(10,0,4,17,17)
r(133,1,4,18,18)
r(839,0,4,19,19)
r(759,0,4,20,20)
r(804,0,4,21,21)
r(501,0,4,22,22)
w(256,1,4,23,23)
r(252,0,4,24,24)
r(337,0,4,25,25)
r(465,0,4,26,26)
r(35,0,4,27,27)
r(344,1,4,28,28)
r(544,0,4,29,29)
r(762,0,4,30,30)
r(363,0,4,31,31)
r(151,0,4,32,32)
r(314,0,4,33,33)
r(944,0,4,34,34)
r(722,0,4,35,35)
r(97,0,4,36,36)
r(373,0,4,37,37)
r(612,0,4,38,38)
r(529,0,4,39,39)
r(709,0,4,40,40)
r(185,0,4,41,41)
r(851,0,4,42,42)
r(418,0,4,43,43)
r(520,0,4,44,44)
r(936,0,4,45,45)
w(736,1,4,46,46)
r(969,0,4,47,47)
r(451,0,4,48,48)
r(238,0,4,49,49)
r(671,0,4,50,50)
r(790,1,4,51,51)
r(749,0,4,52,52)
w(930,1,4,53,53)
r(330,0,4,54,54)
r(841,0,4,55,55)
r(666,0,4,56,56)
r(52,0,4,57,57)
r(473,0,4,58,58)
r(857,0,4,59,59)
r(103,0,4,60,60)
r(740,0,4,61,61)
r(991,0,4,62,62)
r(366,0,4,63,63)
r(952,0,4,64,64)
r(538,0,4,65,65)
r(425,0,4,66,66)
w(191,1,4,67,67)
r(173,1,4,68,68)
r(951,0,4,69,69)
r(287,0,4,70,70)
r(475,0,4,71,71)
r(518,0,4,72,72)
r(772,0,4,73,73)
r(608,0,4,74,74)
r(903,0,4,75,75)
r(260,0,4,76,76)
r(718,1,4,77,77)
r(115,0,4,78,78)
r(761,0,4,79,79)
w(313,1,4,80,80)
r(867,0,4,81,81)
r(835,0,4,82,82)
r(491,0,4,83,83)
r(886,0,4,84,84)
r(194,0,4,85,85)
r(825,0,4,86,86)
r(199,0,4,87,87)
r(205,0,4,88,88)
r(671,0,4,89,89)
r(412,0,4,90,90)
r(952,0,4,91,91)
r(735,0,4,92,92)
r(238,0,4,93,93)
w(105,1,4,94,94)
r(570,0,4,95,95)
r(596,0,4,96,96)
r(591,0,4,97,97)
r(817,0,4,98,98)
r(291,0,4,99,99)
r(268,0,5,0,0)
r(328,0,5,1,1)
r(733,0,5,2,2)
r(169,0,5,3,3)
r(494,0,5,4,4)
r(241,0,5,5,5)
r(785,0,5,6,6)
r(317,0,5,7,7)
w(309,2,5,8,8)
r(618,0,5,9,9)
r(976,0,5,10,10)
r(443,0,5,11,11)
r(512,0,5,12,12)
r(969,0,5,13,13)
w(749,1,5,14,14)
r(716,0,5,15,15)
r(970,0,5,16,16)
r(748,0,5,17,17)
r(918,0,5,18,18)
r(802,0,5,19,19)
r(329,0,5,20,20)
r(710,0,5,21,21)
r(924,0,5,22,22)
r(94,0,5,23,23)
r(693,0,5,24,24)
r(626,0,5,25,25)
r(324,0,5,26,26)
r(544,0,5,27,27)
w(41,1,5,28,28)
r(526,0,5,29,29)
r(625,0,5,30,30)
r(261,0,5,31,31)
r(706,0,5,32,32)
r(784,0,5,33,33)
r(760,0,5,34,34)
r(308,1,5,35,35)
r(190,0,5,36,36)
r(33,0,5,37,37)
r(210,0,5,38,38)
w(553,1,5,39,39)
w(768,1,5,40,40)
r(91,0,5,41,41)
r(780,0,5,42,42)
w(32,1,5,43,43)
r(606,0,5,44,44)
r(65,0,5,45,45)
r(750,0,5,46,46)
r(785,0,5,47,47)
r(599,0,5,48,48)
r(549,0,5,49,49)
r(806,0,5,50,50)
r(455,0,5,51,51)
r(270,0,5,52,52)
r(523,0,5,53,53)
r(659,0,5,54,54)
r(24,0,5,55,55)
r(42,0,5,56,56)
r(787,0,5,57,57)
r(522,0,5,58,58)
r(294,0,5,59,59)
r(240,0,5,60,60)
r(584,1,5,61,61)
w(349,2,5,62,62)
r(314,0,5,63,63)
r(641,0,5,64,64)
r(378,0,5,65,65)
r(188,0,5,66,66)
r(9,0,5,67,67)
r(876,0,5,68,68)
r(835,0,5,69,69)
r(460,0,5,70,70)
w(235,1,5,71,71)
r(393,0,5,72,72)
r(395,0,5,73,73)
r(27,0,5,74,74)
r(663,0,5,75,75)
r(299,0,5,76,76)
r(357,0,5,77,77)
r(576,0,5,78,78)
r(810,0,5,79,79)
r(369,0,5,80,80)
r(923,0,5,81,81)
r(715,1,5,82,82)
r(637,0,5,83,83)
w(953,1,5,84,84)
r(222,0,5,85,85)
r(668,0,5,86,86)
r(20,0,5,87,87)
w(735,1,5,88,88)
r(857,0,5,89,89)
r(770,0,5,90,90)
r(564,0,5,91,91)
w(640,1,5,92,92)
r(740,0,5,93,93)
r(496,0,5,94,94)
r(464,0,5,95,95)
r(99,0,5,96,96)
r(778,0,5,97,97)
r(938,1,5,98,98)
r(928,0,5,99,99)
r(198,1,6,0,0)
r(848,0,6,1,1)
r(19,0,6,2,2)
w(306,1,6,3,3)
r(923,0,6,4,4)
r(935,0,6,5,5)
r(346,0,6,6,6)
r(75,0,6,7,7)
r(578,0,6,8,8)
r(476,0,6,9,9)
r(697,0,6,10,10)
r(944,0,6,11,11)
r(966,0,6,12,12)
r(815,0,6,13,13)
r(272,0,6,14,14)
r(938,1,6,15,15)
r(970,0,6,16,16)
r(322,0,6,17,17)
w(384,1,6,18,18)
r(179,0,6,19,19)
r(837,0,6,20,20)
r(163,0,6,21,21)
r(642,0,6,22,22)
r(502,0,6,23,23)
r(723,0,6,24,24)
r(52,0,6,25,25)
r(124,0,6,26,26)
r(34,0,6,27,27)
r(643,0,6,28,28)
r(22,0,6,29,29)
w(718,2,6,30,30)
r(410,0,6,31,31)
r(266,0,6,32,32)
w(333,1,6,33,33)
w(47,1,6,34,34)
r(864,0,6,35,35)
r(321,0,6,36,36)
r(810,0,6,37,37)
r(379,0,6,38,38)
r(821,0,6,39,39)
r(239,0,6,40,40)
r(205,0,6,41,41)
r(933,0,6,42,42)
r(813,0,6,43,43)
r(614,0,6,44,44)
r(95,0,6,45,45)
w(884,1,6,46,46)
r(935,0,6,47,47)
r(905,0,6,48,48)
r(499,0,6,49,49)
r(224,0,6,50,50)
r(438,0,6,51,51)
r(30,0,6,52,52)
r(462,0,6,53,53)
r(560,0,6,54,54)
r(572,0,6,55,55)
r(212,1,6,56,56)
w(824,1,6,57,57)
r(846,0,6,58,58)
r(23,0,6,59,59)
r(559,0,6,60,60)
r(206,0,6,61,61)
r(503,0,6,62,62)
r(640,1,6,63,63)
r(484,0,6,64,64)
r(616,0,6,65,65)
r(119,0,6,66,66)
r(745,0,6,67,67)
r(978,0,6,68,68)
r(251,0,6,69,69)
r(250,1,6,70,70)
r(520,0,6,71,71)
r(487,0,6,72,72)
r(343,0,6,73,73)
r(179,0,6,74,74)
w(148,1,6,75,75)
r(694,0,6,76,76)
r(390,0,6,77,77)
r(129,0,6,78,78)
r(175,0,6,79,79)
r(147,0,6,80,80)
r(730,0,6,81,81)
w(939,1,6,82,82)
r(575,0,6,83,83)
r(867,0,6,84,84)
r(362,0,6,85,85)
r(143,0,6,86,86)
w(499,1,6,87,87)
r(853,1,6,88,88)
r(511,1,6,89,89)
r(484,0,6,90,90)
r(135,0,6,91,91)
r(261,0,6,92,92)
r(98,0,6,93,93)
r(215,0,6,94,94)
r(632,0,6,95,95)
r(327,0,6,96,96)
r(978,0,6,97,97)
r(238,0,6,98,98)
r(289,0,6,99,99)
r(733,0,7,0,0)
r(135,0,7,1,1)
r(849,0,7,2,2)
r(183,0,7,3,3)
w(202,1,7,4,4)
r(35,0,7,5,5)
r(998,0,7,6,6)
r(384,1,7,7,7)
r(985,0,7,8,8)
r(470,0,7,9,9)
r(193,0,7,10,10)
r(99,0,7,11,11)
r(399,0,7,12,12)
r(424,0,7,13,13)
r(948,0,7,14,14)
w(622,1,7,15,15)
r(442,0,7,16,16)
r(886,0,7,17,17)
r(164,0,7,18,18)
r(767,0,7,19,19)
r(865,0,7,20,20)
r(598,0,7,21,21)
r(749,1,7,22,22)
r(742,0,7,23,23)
r(914,0,7,24,24)
w(120,1,7,25,25)
r(910,0,7,26,26)
r(118,0,7,27,27)
w(141,1,7,28,28)
r(494,0,7,29,29)
r(88,0,7,30,30)
r(726,0,7,31,31)
r(999,0,7,32,32)
r(939,1,7,33,33)
r(422,0,7,34,34)
r(203,0,7,35,35)
r(146,0,7,36,36)
r(400,0,7,37,37)
r(500,0,7,38,38)
r(271,0,7,39,39)
r(814,0,7,40,40)
r(377,0,7,41,41)
r(897,0,7,42,42)
r(414,0,7,43,43)
r(986,0,7,44,44)
r(916,0,7,45,45)
r(576,0,7,46,46)
r(310,0,7,47,47)
w(102,1,7,48,48)
r(665,0,7,49,49)
r(486,0,7,50,50)
r(553,1,7,51,51)
r(174,0,7,52,52)
r(168,0,7,53,53)
w(971,1,7,54,54)
w(239,1,7,55,55)
r(478,0,7,56,56)
r(813,0,7,57,57)
r(494,0,7,58,58)
r(897,0,7,59,59)
r(518,0,7,60,60)
r(842,0,7,61,61)
r(998,0,7,62,62)
r(248,0,7,63,63)
r(486,0,7,64,64)
r(752,0,7,65,65)
r(789,0,7,66,66)
r(448,0,7,67,67)
r(780,0,7,68,68)
r(971,1,7,69,69)
r(269,0,7,70,70)
r(415,0,7,71,71)
r(555,0,7,72,72)
r(586,0,7,73,73)
r(639,0,7,74,74)
r(871,0,7,75,75)
r(133,1,7,76,76)
r(422,0,7,77,77)
r(728,0,7,78,78)
r(916,0,7,79,79)
r(114,0,7,80,80)
w(358,1,7,81,81)
r(272,0,7,82,82)
r(635,0,7,83,83)
r(673,0,7,84,84)
r(15,0,7,85,85)
r(567,0,7,86,86)
r(262,0,7,87,87)
r(680,0,7,88,88)
r(233,0,7,89,89)
r(459,0,7,90,90)
r(488,0,7,91,91)
w(614,1,7,92,92)
r(811,0,7,93,93)
r(102,1,7,94,94)
r(633,0,7,95,95)
r(465,0,7,96,96)
r(665,0,7,97,97)
r(521,0,7,98,98)
r(793,0,7,99,99)
r(949,0,8,0,0)
r(676,0,8,1,1)
r(208,1,8,2,2)
r(288,1,8,3,3)
r(372,0,8,4,4)
r(990,1,8,5,5)
r(472,0,8,6,6)
r(795,0,8,7,7)
r(116,0,8,8,8)
r(697,0,8,9,9)
r(530,0,8,10,10)
r(33,0,8,11,11)
r(579,0,8,12,12)
r(452,0,8,13,13)
r(810,0,8,14,14)
r(244,0,8,15,15)
r(523,0,8,16,16)
r(601,0,8,17,17)
r(177,0,8,18,18)
r(70,0,8,19,19)
r(48,0,8,20,20)
r(9,0,8,21,21)
r(227,0,8,22,22)
r(10,0,8,23,23)
r(327,0,8,24,24)
r(380,0,8,25,25)
r(538,0,8,26,26)
r(870,0,8,27,27)
r(894,0,8,28,28)
r(309,2,8,29,29)
r(593,0,8,30,30)
r(277,0,8,31,31)
r(28,0,8,32,32)
r(524,0,8,33,33)
r(315,0,8,34,34)
r(855,0,8,35,35)
r(19,0,8,36,36)
r(59,0,8,37,37)
r(317,0,8,38,38)
r(811,0,8,39,39)
r(552,0,8,40,40)
w(925,1,8,41,41)
r(181,0,8,42,42)
r(55,0,8,43,43)
r(73,0,8,44,44)
r(759,0,8,45,45)
r(688,0,8,46,46)
r(150,0,8,47,47)
r(207,0,8,48,48)
r(546,0,8,49,49)
r(700,0,8,50,50)
r(412,0,8,51,51)
w(81,1,8,52,52)
r(83,0,8,53,53)
r(379,0,8,54,54)
r(865,0,8,55,55)
w(524,1,8,56,56)
r(45,0,8,57,57)
r(780,0,8,58,58)
r(40,0,8,59,59)
r(727,0,8,60,60)
r(755,0,8,61,61)
r(867,0,8,62,62)
r(548,1,8,63,63)
r(967,0,8,64,64)
w(225,1,8,65,65)
r(658,0,8,66,66)
r(162,0,8,67,67)
r(497,0,8,68,68)
r(200,0,8,69,69)
r(335,0,8,70,70)
r(543,0,8,71,71)
w(568,1,8,72,72)
r(357,0,8,73,73)
r(773,0,8,74,74)
r(699,0,8,75,75)
r(951,0,8,76,76)
w(524,2,8,77,77)
r(33,0,8,78,78)
w(509,1,8,79,79)
r(337,0,8,80,80)
r(511,1,8,81,81)
r(563,0,8,82,82)
r(668,0,8,83,83)
r(209,0,8,84,84)
w(468,1,8,85,85)
r(676,0,8,86,86)
w(858,1,8,87,87)
r(41,1,8,88,88)
r(641,0,8,89,89)
r(46,0,8,90,90)
r(433,0,8,91,91)
r(462,0,8,92,92)
r(547,0,8,93,93)
r(49,0,8,94,94)
r(65,0,8,95,95)
w(752,1,8,96,96)
r(678,0,8,97,97)
r(892,0,8,98,98)
w(8,1,8,99,99)
r(832,0,9,0,0)
r(331,0,9,1,1)
r(567,0,9,2,2)
r(816,0,9,3,3)
r(527,0,9,4,4)
r(88,0,9,5,5)
r(758,0,9,6,6)
r(4,0,9,7,7)
r(269,0,9,8,8)
r(747,0,9,9,9)
r(156,0,9,10,10)
r(85,0,9,11,11)
r(235,1,9,12,12)
r(421,0,9,13,13)
r(687,0,9,14,14)
r(366,0,9,15,15)
r(871,0,9,16,16)
r(505,0,9,17,17)
r(851,0,9,18,18)
r(291,0,9,19,19)
w(346,1,9,20,20)
r(781,0,9,21,21)
r(630,0,9,22,22)
w(946,1,9,23,23)
r(55,0,9,24,24)
r(870,0,9,25,25)
r(223,0,9,26,26)
r(577,0,9,27,27)
r(656,0,9,28,28)
r(815,0,9,29,29)
r(144,0,9,30,30)
r(200,0,9,31,31)
r(636,0,9,32,32)
r(842,0,9,33,33)
r(741,0,9,34,34)
r(996,0,9,35,35)
w(499,2,9,36,36)
w(87,1,9,37,37)
w(512,1,9,38,38)
r(300,0,9,39,39)
r(651,0,9,40,40)
r(859,0,9,41,41)
r(910,0,9,42,42)
r(104,0,9,43,43)
r(533,0,9,44,44)
r(199,0,9,45,45)
r(103,0,9,46,46)
r(659,0,9,47,47)
r(708,0,9,48,48)
r(452,0,9,49,49)
r(305,0,9,50,50)
r(803,0,9,51,51)
r(520,0,9,52,52)
r(889,0,9,53,53)
r(775,0,9,54,54)
w(827,1,9,55,55)
r(661,0,9,56,56)
r(708,0,9,57,57)
r(741,0,9,58,58)
r(322,0,9,59,59)
r(134,0,9,60,60)
r(459,0,9,61,61)
w(688,1,9,62,62)
r(105,1,9,63,63)
r(711,0,9,64,64)
w(834,1,9,65,65)
r(993,0,9,66,66)
r(901,0,9,67,67)
r(452,0,9,68,68)
r(294,0,9,69,69)
r(449,0,9,70,70)
r(674,0,9,71,71)
r(801,0,9,72,72)
r(547,0,9,73,73)
r(303,0,9,74,74)
r(48,0,9,75,75)
w(51,2,9,76,76)
r(451,0,9,77,77)
r(591,0,9,78,78)
r(264,0,9,79,79)
r(693,0,9,80,80)
r(885,0,9,81,81)
r(783,0,9,82,82)
r(434,0,9,83,83)
r(58,0,9,84,84)
r(376,0,9,85,85)
r(731,0,9,86,86)
r(620,0,9,87,87)
w(910,1,9,88,88)
r(937,0,9,89,89)
r(191,1,9,90,90)
r(873,0,9,91,91)
r(142,1,9,92,92)
w(300,1,9,93,93)
r(926,1,9,94,94)
r(785,0,9,95,95)
r(114,0,9,96,96)
r(958,0,9,97,97)
r(856,0,9,98,98)
r(471,0,9,99,99)
r(26,0,10,0,0)
r(765,0,10,1,1)
r(63,0,10,2,2)
r(760,0,10,3,3)
r(883,0,10,4,4)
r(629,0,10,5,5)
r(627,0,10,6,6)
r(288,1,10,7,7)
r(984,0,10,8,8)
r(382,0,10,9,9)
r(19,0,10,10,10)
r(15,0,10,11,11)
r(99,0,10,12,12)
r(305,0,10,13,13)
r(975,0,10,14,14)
r(290,0,10,15,15)
r(569,0,10,16,16)
r(397,0,10,17,17)
r(734,0,10,18,18)
r(294,0,10,19,19)
r(302,0,10,20,20)
r(521,0,10,21,21)
r(933,0,10,22,22)
r(255,0,10,23,23)
r(532,0,10,24,24)
r(689,0,10,25,25)
r(74,0,10,26,26)
r(319,0,10,27,27)
r(726,0,10,28,28)
w(790,2,10,29,29)
r(792,0,10,30,30)
w(558,1,10,31,31)
r(114,0,10,32,32)
r(131,0,10,33,33)
r(40,0,10,34,34)
r(756,0,10,35,35)
r(960,0,10,36,36)
r(722,0,10,37,37)
r(325,0,10,38,38)
r(210,0,10,39,39)
r(140,0,10,40,40)
r(586,0,10,41,41)
r(814,0,10,42,42)
r(951,0,10,43,43)
r(667,0,10,44,44)
r(685,0,10,45,45)
r(643,0,10,46,46)
r(558,1,10,47,47)
r(503,0,10,48,48)
r(335,0,10,49,49)
r(704,0,10,50,50)
r(185,0,10,51,51)
r(21,0,10,52,52)
r(534,0,10,53,53)
r(931,1,10,54,54)
r(151,0,10,55,55)
r(231,0,10,56,56)
r(694,0,10,57,57)
w(648,1,10,58,58)
r(137,0,10,59,59)
r(529,0,10,60,60)
r(448,0,10,61,61)
r(244,0,10,62,62)
r(452,0,10,63,63)
r(201,0,10,64,64)
r(175,0,10,65,65)
r(667,0,10,66,66)
r(441,0,10,67,67)
r(490,0,10,68,68)
r(689,0,10,69,69)
r(976,0,10,70,70)
r(619,0,10,71,71)
w(400,1,10,72,72)
r(333,1,10,73,73)
r(893,0,10,74,74)
r(154,0,10,75,75)
r(808,0,10,76,76)
w(34,1,10,77,77)
r(862,0,10,78,78)
r(2,0,10,79,79)
r(640,1,10,80,80)
r(125,0,10,81,81)
r(574,0,10,82,82)
r(9,0,10,83,83)
r(48,0,10,84,84)
r(574,0,10,85,85)
r(3,0,10,86,86)
r(377,0,10,87,87)
w(885,1,10,88,88)
r(802,0,10,89,89)
r(543,0,10,90,90)
r(145,0,10,91,91)
r(757,0,10,92,92)
r(824,1,10,93,93)
r(441,0,10,94,94)
r(930,1,10,95,95)
r(644,0,10,96,96)
r(736,1,10,97,97)
w(696,1,10,98,98)
r(649,0,10,99,99)
r(540,0,11,0,0)
r(64,0,11,1,1)
r(554,0,11,2,2)
r(167,0,11,3,3)
w(163,1,11,4,4)
r(39,0,11,5,5)
w(585,1,11,6,6)
r(644,0,11,7,7)
r(924,0,11,8,8)
r(269,0,11,9,9)
r(267,0,11,10,10)
r(169,0,11,11,11)
r(176,0,11,12,12)
r(637,0,11,13,13)
r(311,0,11,14,14)
r(669,0,11,15,15)
r(915,0,11,16,16)
r(472,0,11,17,17)
r(874,0,11,18,18)
r(70,0,11,19,19)
r(906,0,11,20,20)
r(607,0,11,21,21)
r(370,0,11,22,22)
r(818,0,11,23,23)
r(325,0,11,24,24)
r(273,0,11,25,25)
r(728,0,11,26,26)
r(802,0,11,27,27)
r(440,0,11,28,28)
r(830,0,11,29,29)
r(363,0,11,30,30)
r(203,0,11,31,31)
r(1,0,11,32,32)
r(74,0,11,33,33)
r(932,0,11,34,34)
r(661,0,11,35,35)
r(53,0,11,36,36)
r(967,0,11,37,37)
r(130,0,11,38,38)
r(743,0,11,39,39)
r(493,0,11,40,40)
r(637,0,11,41,41)
r(975,0,11,42,42)
r(809,0,11,43,43)
r(284,0,11,44,44)
r(803,0,11,45,45)
r(815,0,11,46,46)
r(743,0,11,47,47)
r(592,0,11,48,48)
r(957,0,11,49,49)
r(92,0,11,50,50)
r(453,0,11,51,51)
r(269,0,11,52,52)
r(484,0,11,53,53)
r(854,0,11,54,54)
r(610,0,11,55,55)
r(920,0,11,56,56)
w(343,1,11,57,57)
r(40,0,11,58,58)
r(182,0,11,59,59)
r(902,0,11,60,60)
r(330,0,11,61,61)
w(719,2,11,62,62)
r(462,0,11,63,63)
r(257,0,11,64,64)
r(251,0,11,65,65)
r(625,0,11,66,66)
w(222,1,11,67,67)
r(170,1,11,68,68)
r(191,1,11,69,69)
r(908,0,11,70,70)
r(31,0,11,71,71)
r(445,0,11,72,72)
r(118,0,11,73,73)
r(314,0,11,74,74)
w(330,1,11,75,75)
r(858,1,11,76,76)
r(55,0,11,77,77)
r(618,0,11,78,78)
r(279,0,11,79,79)
r(808,0,11,80,80)
r(276,0,11,81,81)
r(712,0,11,82,82)
r(150,0,11,83,83)
r(79,0,11,84,84)
r(693,0,11,85,85)
r(934,0,11,86,86)
r(422,0,11,87,87)
r(505,0,11,88,88)
r(885,1,11,89,89)
r(164,0,11,90,90)
r(144,0,11,91,91)
r(770,0,11,92,92)
r(429,0,11,93,93)
r(252,0,11,94,94)
w(41,2,11,95,95)
r(856,0,11,96,96)
r(443,0,11,97,97)
r(957,0,11,98,98)
r(253,0,11,99,99)
r(149,0,12,0,0)
r(521,0,12,1,1)
r(4,0,12,2,2)
r(696,1,12,3,3)
r(940,0,12,4,4)
w(739,1,12,5,5)
r(716,0,12,6,6)
r(842,0,12,7,7)
r(961,0,12,8,8)
r(910,1,12,9,9)
r(82,0,12,10,10)
r(869,0,12,11,11)
r(812,0,12,12,12)
r(403,0,12,13,13)
r(436,0,12,14,14)
r(410,0,12,15,15)
r(292,0,12,16,16)
r(345,0,12,17,17)
r(846,0,12,18,18)
r(695,0,12,19,19)
r(465,0,12,20,20)
r(258,0,12,21,21)
w(937,1,12,22,22)
r(178,0,12,23,23)
r(723,0,12,24,24)
r(437,0,12,25,25)
r(698,0,12,26,26)
r(67,0,12,27,27)
r(389,0,12,28,28)
w(773,1,12,29,29)
r(524,2,12,30,30)
r(156,0,12,31,31)
r(184,0,12,32,32)
r(156,0,12,33,33)
r(916,0,12,34,34)
r(786,0,12,35,35)
r(813,0,12,36,36)
r(769,0,12,37,37)
r(780,0,12,38,38)
r(389,0,12,39,39)
r(819,0,12,40,40)
r(592,0,12,41,41)
r(817,0,12,42,42)
r(273,0,12,43,43)
r(59,0,12,44,44)
r(741,0,12,45,45)
r(251,0,12,46,46)
r(742,0,12,47,47)
r(809,0,12,48,48)
r(177,0,12,49,49)
r(592,0,12,50,50)
r(152,0,12,51,51)
r(994,0,12,52,52)
w(769,1,12,53,53)
r(86,0,12,54,54)
r(349,2,12,55,55)
r(939,1,12,56,56)
r(943,0,12,57,57)
r(904,0,12,58,58)
r(949,0,12,59,59)
r(663,0,12,60,60)
r(733,0,12,61,61)
r(482,1,12,62,62)
r(547,0,12,63,63)
r(869,0,12,64,64)
r(979,0,12,65,65)
r(70,0,12,66,66)
r(290,0,12,67,67)
r(111,0,12,68,68)
r(31,0,12,69,69)
r(798,0,12,70,70)
r(379,0,12,71,71)
r(159,0,12,72,72)
r(729,0,12,73,73)
r(827,1,12,74,74)
r(823,0,12,75,75)
r(920,0,12,76,76)
r(516,0,12,77,77)
r(756,0,12,78,78)
r(540,0,12,79,79)
r(42,0,12,80,80)
r(100,0,12,81,81)
r(264,0,12,82,82)
r(677,0,12,83,83)
r(606,0,12,84,84)
r(446,0,12,85,85)
r(771,0,12,86,86)
r(354,0,12,87,87)
r(390,0,12,88,88)
r(388,0,12,89,89)
r(833,0,12,90,90)
r(0,0,12,91,91)
r(569,0,12,92,92)
r(940,0,12,93,93)
r(113,0,12,94,94)
r(438,0,12,95,95)
r(445,0,12,96,96)
w(400,2,12,97,97)
r(943,0,12,98,98)
r(389,0,12,99,99)
r(281,0,13,0,0)
r(684,0,13,1,1)
r(972,0,13,2,2)
r(713,0,13,3,3)
w(854,1,13,4,4)
r(222,1,13,5,5)
r(147,0,13,6,6)
r(733,0,13,7,7)
r(29,1,13,8,8)
r(845,1,13,9,9)
r(737,0,13,10,10)
r(104,0,13,11,11)
r(49,0,13,12,12)
r(877,0,13,13,13)
r(85,0,13,14,14)
r(529,0,13,15,15)
r(77,0,13,16,16)
r(947,0,13,17,17)
r(704,0,13,18,18)
w(984,1,13,19,19)
r(484,0,13,20,20)
r(442,0,13,21,21)
r(751,0,13,22,22)
r(747,0,13,23,23)
r(896,0,13,24,24)
w(57,1,13,25,25)
w(1,1,13,26,26)
r(777,0,13,27,27)
r(54,0,13,28,28)
r(818,0,13,29,29)
r(25,0,13,30,30)
r(929,0,13,31,31)
r(865,0,13,32,32)
r(26,0,13,33,33)
r(296,0,13,34,34)
r(764,0,13,35,35)
r(972,0,13,36,36)
w(856,1,13,37,37)
r(125,0,13,38,38)
r(500,0,13,39,39)
r(933,0,13,40,40)
r(794,0,13,41,41)
r(738,0,13,42,42)
r(840,0,13,43,43)
r(901,0,13,44,44)
w(964,1,13,45,45)
r(306,1,13,46,46)
r(46,0,13,47,47)
w(306,2,13,48,48)
r(209,0,13,49,49)
w(779,1,13,50,50)
r(327,0,13,51,51)
r(397,0,13,52,52)
r(813,0,13,53,53)
r(689,0,13,54,54)
r(214,0,13,55,55)
r(476,0,13,56,56)
r(560,0,13,57,57)
r(793,0,13,58,58)
r(355,0,13,59,59)
w(765,1,13,60,60)
r(212,1,13,61,61)
r(90,0,13,62,62)
r(58,0,13,63,63)
r(659,0,13,64,64)
r(507,0,13,65,65)
w(124,1,13,66,66)
r(198,1,13,67,67)
r(821,0,13,68,68)
r(762,0,13,69,69)
r(20,0,13,70,70)
r(804,0,13,71,71)
r(65,0,13,72,72)
r(424,0,13,73,73)
w(837,1,13,74,74)
r(357,0,13,75,75)
r(39,0,13,76,76)
r(149,0,13,77,77)
r(293,0,13,78,78)
r(212,1,13,79,79)
r(143,0,13,80,80)
r(829,0,13,81,81)
r(190,0,13,82,82)
r(116,0,13,83,83)
r(960,0,13,84,84)
r(80,0,13,85,85)
w(483,1,13,86,86)
r(439,0,13,87,87)
r(223,0,13,88,88)
r(106,1,13,89,89)
r(720,0,13,90,90)
r(553,1,13,91,91)
r(416,0,13,92,92)
r(702,0,13,93,93)
r(134,0,13,94,94)
r(52,0,13,95,95)
r(80,0,13,96,96)
r(592,0,13,97,97)
r(725,0,13,98,98)
r(921,0,13,99,99)
r(976,0,14,0,0)
r(136,0,14,1,1)
r(145,0,14,2,2)
r(576,0,14,3,3)
r(475,0,14,4,4)
r(971,1,14,5,5)
r(31,0,14,6,6)
w(774,1,14,7,7)
r(454,0,14,8,8)
r(574,0,14,9,9)
r(231,0,14,10,10)
r(684,0,14,11,11)
r(736,1,14,12,12)
r(763,0,14,13,13)
r(124,1,14,14,14)
r(31,0,14,15,15)
r(47,1,14,16,16)
r(816,0,14,17,17)
r(351,0,14,18,18)
w(537,1,14,19,19)
r(290,0,14,20,20)
w(644,1,14,21,21)
r(452,0,14,22,22)
r(313,1,14,23,23)
r(137,0,14,24,24)
w(790,3,14,25,25)
r(142,1,14,26,26)
w(27,1,14,27,27)
r(347,0,14,28,28)
r(590,0,14,29,29)
r(996,0,14,30,30)
r(879,0,14,31,31)
r(794,0,14,32,32)
r(946,1,14,33,33)
r(449,0,14,34,34)
r(828,0,14,35,35)
r(28,0,14,36,36)
r(291,0,14,37,37)
r(963,0,14,38,38)
r(883,0,14,39,39)
r(619,0,14,40,40)
r(585,1,14,41,41)
r(907,0,14,42,42)
r(410,0,14,43,43)
r(728,0,14,44,44)
w(800,1,14,45,45)
r(453,0,14,46,46)
w(962,1,14,47,47)
w(821,1,14,48,48)
r(413,1,14,49,49)
r(669,0,14,50,50)
r(647,0,14,51,51)
r(708,0,14,52,52)
r(494,0,14,53,53)
r(583,0,14,54,54)
r(560,0,14,55,55)
r(534,0,14,56,56)
r(915,0,14,57,57)
r(725,0,14,58,58)
r(558,1,14,59,59)
r(509,1,14,60,60)
r(821,1,14,61,61)
r(344,1,14,62,62)
w(727,1,14,63,63)
r(554,0,14,64,64)
r(79,0,14,65,65)
r(326,0,14,66,66)
r(121,0,14,67,67)
w(190,1,14,68,68)
r(270,0,14,69,69)
r(289,0,14,70,70)
r(333,1,14,71,71)
r(702,0,14,72,72)
r(744,0,14,73,73)
r(409,0,14,74,74)
r(927,0,14,75,75)
r(956,0,14,76,76)
r(114,0,14,77,77)
r(87,1,14,78,78)
r(878,0,14,79,79)
w(782,1,14,80,80)
r(765,1,14,81,81)
w(243,1,14,82,82)
r(421,0,14,83,83)
r(829,0,14,84,84)
r(896,0,14,85,85)
r(380,0,14,86,86)
r(683,0,14,87,87)
r(336,0,14,88,88)
r(191,1,14,89,89)
r(719,2,14,90,90)
r(403,0,14,91,91)
r(431,0,14,92,92)
r(41,2,14,93,93)
r(422,0,14,94,94)
r(356,0,14,95,95)
r(282,0,14,96,96)
r(304,0,14,97,97)
r(896,0,14,98,98)
r(161,0,14,99,99)
r(735,1,15,0,0)
r(785,0,15,1,1)
r(71,0,15,2,2)
r(811,0,15,3,3)
r(265,0,15,4,4)
r(101,0,15,5,5)
r(148,1,15,6,6)
w(207,1,15,7,7)
r(194,0,15,8,8)
r(444,0,15,9,9)
r(343,1,15,10,10)
r(232,0,15,11,11)
r(788,0,15,12,12)
r(519,0,15,13,13)
r(987,0,15,14,14)
r(766,0,15,15,15)
r(688,1,15,16,16)
r(119,0,15,17,17)
w(880,1,15,18,18)
r(15,0,15,19,19)
r(119,0,15,20,20)
r(421,0,15,21,21)
w(664,1,15,22,22)
r(124,1,15,23,23)
r(311,0,15,24,24)
r(158,0,15,25,25)
r(267,0,15,26,26)
r(341,0,15,27,27)
r(690,0,15,28,28)
r(507,0,15,29,29)
r(848,0,15,30,30)
r(639,0,15,31,31)
r(929,0,15,32,32)
r(279,0,15,33,33)
r(570,0,15,34,34)
r(863,0,15,35,35)
w(832,1,15,36,36)
r(470,0,15,37,37)
r(473,0,15,38,38)
r(462,0,15,39,39)
r(250,1,15,40,40)
r(325,0,15,41,41)
r(308,1,15,42,42)
r(268,0,15,43,43)
r(953,1,15,44,44)
r(760,0,15,45,45)
r(123,0,15,46,46)
w(238,1,15,47,47)
r(728,0,15,48,48)
w(952,1,15,49,49)
r(497,0,15,50,50)
r(883,0,15,51,51)
w(233,1,15,52,52)
w(314,1,15,53,53)
r(560,0,15,54,54)
w(224,1,15,55,55)
r(824,1,15,56,56)
w(444,1,15,57,57)
r(167,0,15,58,58)
r(447,0,15,59,59)
r(983,0,15,60,60)
r(685,0,15,61,61)
r(707,0,15,62,62)
r(501,0,15,63,63)
r(489,0,15,64,64)
r(914,0,15,65,65)
r(362,0,15,66,66)
r(926,1,15,67,67)
r(503,0,15,68,68)
r(941,1,15,69,69)
r(242,0,15,70,70)
r(78,0,15,71,71)
r(572,0,15,72,72)
r(11,0,15,73,73)
r(775,0,15,74,74)
r(606,0,15,75,75)
r(761,0,15,76,76)
r(253,0,15,77,77)
r(352,0,15,78,78)
r(143,0,15,79,79)
r(817,0,15,80,80)
r(113,0,15,81,81)
r(840,0,15,82,82)
r(556,0,15,83,83)
r(612,0,15,84,84)
r(456,0,15,85,85)
r(887,0,15,86,86)
r(613,0,15,87,87)
r(690,0,15,88,88)
r(588,0,15,89,89)
w(692,1,15,90,90)
r(43,0,15,91,91)
w(731,1,15,92,92)
r(808,0,15,93,93)
r(531,0,15,94,94)
r(874,0,15,95,95)
w(792,1,15,96,96)
r(409,0,15,97,97)
r(261,0,15,98,98)
r(142,1,15,99,99)
r(789,0,16,0,0)
w(64,1,16,1,1)
r(129,0,16,2,2)
r(797,0,16,3,3)
r(437,0,16,4,4)
r(711,0,16,5,5)
r(391,0,16,6,6)
r(736,1,16,7,7)
r(124,1,16,8,8)
r(167,0,16,9,9)
r(93,0,16,10,10)
r(263,0,16,11,11)
r(38,0,16,12,12)
r(413,1,16,13,13)
r(86,0,16,14,14)
w(683,1,16,15,15)
r(872,0,16,16,16)
w(272,1,16,17,17)
r(751,0,16,18,18)
r(53,0,16,19,19)
r(981,0,16,20,20)
r(485,0,16,21,21)
r(668,0,16,22,22)
r(43,0,16,23,23)
r(268,0,16,24,24)
r(150,0,16,25,25)
r(142,1,16,26,26)
r(118,0,16,27,27)
r(642,0,16,28,28)
r(815,0,16,29,29)
r(35,0,16,30,30)
w(782,2,16,31,31)
r(834,1,16,32,32)
r(239,1,16,33,33)
r(102,1,16,34,34)
r(175,0,16,35,35)
w(736,2,16,36,36)
r(767,0,16,37,37)
r(537,1,16,38,38)
r(519,0,16,39,39)
r(718,2,16,40,40)
r(44,0,16,41,41)
r(881,0,16,42,42)
r(317,0,16,43,43)
r(353,0,16,44,44)
r(360,0,16,45,45)
r(348,0,16,46,46)
r(582,0,16,47,47)
r(464,0,16,48,48)
r(888,0,16,49,49)
r(958,0,16,50,50)
r(453,0,16,51,51)
r(589,0,16,52,52)
r(566,0,16,53,53)
r(335,0,16,54,54)
r(113,0,16,55,55)
r(682,0,16,56,56)
r(290,0,16,57,57)
r(411,0,16,58,58)
w(709,1,16,59,59)
r(729,0,16,60,60)
r(146,0,16,61,61)
r(705,0,16,62,62)
w(801,1,16,63,63)
r(982,0,16,64,64)
r(928,0,16,65,65)
r(103,0,16,66,66)
r(723,0,16,67,67)
r(887,0,16,68,68)
r(655,0,16,69,69)
r(229,0,16,70,70)
r(29,1,16,71,71)
r(367,0,16,72,72)
r(396,0,16,73,73)
r(687,0,16,74,74)
r(189,0,16,75,75)
r(47,1,16,76,76)
r(331,0,16,77,77)
r(2,0,16,78,78)
r(15,0,16,79,79)
r(432,0,16,80,80)
r(630,0,16,81,81)
w(860,1,16,82,82)
r(445,0,16,83,83)
r(739,1,16,84,84)
r(624,0,16,85,85)
r(839,0,16,86,86)
r(535,0,16,87,87)
r(547,0,16,88,88)
r(950,0,16,89,89)
r(344,1,16,90,90)
r(448,0,16,91,91)
r(134,0,16,92,92)
r(430,1,16,93,93)
r(492,0,16,94,94)
r(898,0,16,95,95)
r(973,0,16,96,96)
r(708,0,16,97,97)
r(841,0,16,98,98)
r(295,0,16,99,99)
r(265,0,17,0,0)
r(827,1,17,1,1)
r(95,0,17,2,2)
r(222,1,17,3,3)
r(421,0,17,4,4)
r(478,0,17,5,5)
r(57,1,17,6,6)
r(62,0,17,7,7)
r(110,0,17,8,8)
r(987,0,17,9,9)
r(772,0,17,10,10)
r(395,0,17,11,11)
r(52,0,17,12,12)
r(654,1,17,13,13)
r(625,0,17,14,14)
r(581,0,17,15,15)
r(373,0,17,16,16)
r(971,1,17,17,17)
r(558,1,17,18,18)
r(368,0,17,19,19)
w(190,2,17,20,20)
r(281,0,17,21,21)
r(678,0,17,22,22)
r(938,1,17,23,23)
r(547,0,17,24,24)
r(769,1,17,25,25)
r(202,1,17,26,26)
r(458,1,17,27,27)
r(840,0,17,28,28)
r(931,1,17,29,29)
r(568,1,17,30,30)
w(733,1,17,31,31)
r(492,0,17,32,32)
r(915,0,17,33,33)
r(531,0,17,34,34)
r(980,0,17,35,35)
r(853,1,17,36,36)
r(307,0,17,37,37)
r(753,0,17,38,38)
r(572,0,17,39,39)
r(37,0,17,40,40)
r(883,0,17,41,41)
r(172,0,17,42,42)
r(49,0,17,43,43)
r(884,1,17,44,44)
r(119,0,17,45,45)
r(468,1,17,46,46)
r(307,0,17,47,47)
w(330,2,17,48,48)
r(124,1,17,49,49)
r(661,0,17,50,50)
r(606,0,17,51,51)
r(787,0,17,52,52)
r(992,0,17,53,53)
r(179,0,17,54,54)
r(954,0,17,55,55)
r(292,0,17,56,56)
r(321,0,17,57,57)
r(790,3,17,58,58)
r(513,0,17,59,59)
r(231,0,17,60,60)
r(704,0,17,61,61)
r(870,0,17,62,62)
r(552,0,17,63,63)
r(972,0,17,64,64)
r(807,0,17,65,65)
r(665,0,17,66,66)
r(89,0,17,67,67)
r(872,0,17,68,68)
w(979,1,17,69,69)
r(476,0,17,70,70)
r(728,0,17,71,71)
r(100,0,17,72,72)
r(870,0,17,73,73)
r(336,0,17,74,74)
r(16,0,17,75,75)
r(837,1,17,76,76)
r(111,0,17,77,77)
r(226,0,17,78,78)
w(674,1,17,79,79)
r(356,0,17,80,80)
r(420,0,17,81,81)
w(184,1,17,82,82)
w(97,1,17,83,83)
r(38,0,17,84,84)
r(575,0,17,85,85)
r(960,0,17,86,86)
r(750,0,17,87,87)
w(23,1,17,88,88)
r(339,0,17,89,89)
r(976,0,17,90,90)
r(926,1,17,91,91)
r(579,0,17,92,92)
r(280,0,17,93,93)
r(972,0,17,94,94)
r(854,1,17,95,95)
r(129,0,17,96,96)
r(89,0,17,97,97)
r(491,0,17,98,98)
r(927,0,17,99,99)
w(648,2,18,0,0)
r(998,0,18,1,1)
r(197,0,18,2,2)
w(689,1,18,3,3)
w(222,2,18,4,4)
r(109,0,18,5,5)
r(186,0,18,6,6)
r(107,0,18,7,7)
r(221,0,18,8,8)
r(997,0,18,9,9)
w(443,1,18,10,10)
r(359,0,18,11,11)
r(149,0,18,12,12)
r(973,0,18,13,13)
r(230,0,18,14,14)
r(764,0,18,15,15)
r(909,0,18,16,16)
r(59,0,18,17,17)
r(953,1,18,18,18)
r(773,1,18,19,19)
r(774,1,18,20,20)
r(175,0,18,21,21)
r(595,0,18,22,22)
r(377,0,18,23,23)
r(855,0,18,24,24)
r(607,0,18,25,25)
r(685,0,18,26,26)
r(866,0,18,27,27)
r(27,1,18,28,28)
r(444,1,18,29,29)
r(603,1,18,30,30)
r(428,0,18,31,31)
r(296,0,18,32,32)
r(293,0,18,33,33)
r(185,0,18,34,34)
r(66,0,18,35,35)
r(902,0,18,36,36)
r(475,0,18,37,37)
r(980,0,18,38,38)
r(958,0,18,39,39)
r(599,0,18,40,40)
r(778,0,18,41,41)
r(392,0,18,42,42)
w(337,1,18,43,43)
r(439,0,18,44,44)
r(511,1,18,45,45)
r(7,0,18,46,46)
w(45,1,18,47,47)
r(907,0,18,48,48)
r(813,0,18,49,49)
r(324,0,18,50,50)
r(95,0,18,51,51)
w(736,3,18,52,52)
r(351,0,18,53,53)
r(86,0,18,54,54)
r(961,0,18,55,55)
r(92,0,18,56,56)
r(701,0,18,57,57)
r(194,0,18,58,58)
r(209,0,18,59,59)
r(771,0,18,60,60)
w(57,2,18,61,61)
r(22,0,18,62,62)
r(700,0,18,63,63)
r(476,0,18,64,64)
r(793,0,18,65,65)
r(536,0,18,66,66)
r(969,0,18,67,67)
r(619,0,18,68,68)
r(566,0,18,69,69)
r(966,0,18,70,70)
r(15,0,18,71,71)
r(716,0,18,72,72)
r(321,0,18,73,73)
r(706,0,18,74,74)
r(190,2,18,75,75)
r(228,0,18,76,76)
r(211,0,18,77,77)
r(104,0,18,78,78)
r(906,0,18,79,79)
w(854,2,18,80,80)
r(133,1,18,81,81)
r(554,0,18,82,82)
r(454,0,18,83,83)
w(366,1,18,84,84)
r(633,0,18,85,85)
r(183,0,18,86,86)
r(760,0,18,87,87)
r(921,0,18,88,88)
r(5,0,18,89,89)
r(787,0,18,90,90)
r(395,0,18,91,91)
r(831,0,18,92,92)
r(257,0,18,93,93)
w(697,1,18,94,94)
w(159,1,18,95,95)
r(196,0,18,96,96)
r(943,0,18,97,97)
r(442,0,18,98,98)
r(896,0,18,99,99)
r(232,0,19,0,0)
r(549,0,19,1,1)
r(903,0,19,2,2)
r(36,0,19,3,3)
w(690,1,19,4,4)
w(958,1,19,5,5)
r(765,1,19,6,6)
r(916,0,19,7,7)
r(395,0,19,8,8)
r(958,1,19,9,9)
r(792,1,19,10,10)
r(538,0,19,11,11)
r(181,0,19,12,12)
w(670,1,19,13,13)
r(216,0,19,14,14)
r(895,0,19,15,15)
r(167,0,19,16,16)
r(913,0,19,17,17)
w(162,1,19,18,18)
r(41,2,19,19,19)
w(798,1,19,20,20)
r(752,1,19,21,21)
r(186,0,19,22,22)
r(12,0,19,23,23)
r(131,0,19,24,24)
r(83,0,19,25,25)
r(455,0,19,26,26)
r(531,0,19,27,27)
r(94,0,19,28,28)
r(562,0,19,29,29)
r(512,1,19,30,30)
r(666,0,19,31,31)
r(695,0,19,32,32)
r(364,0,19,33,33)
r(975,0,19,34,34)
r(9,0,19,35,35)
w(310,1,19,36,36)
r(758,0,19,37,37)
r(446,0,19,38,38)
r(795,0,19,39,39)
r(97,1,19,40,40)
w(909,1,19,41,41)
r(545,0,19,42,42)
r(953,1,19,43,43)
r(820,0,19,44,44)
r(244,0,19,45,45)
r(787,0,19,46,46)
r(929,0,19,47,47)
r(2,0,19,48,48)
r(118,0,19,49,49)
r(811,0,19,50,50)
r(367,0,19,51,51)
r(58,0,19,52,52)
r(978,0,19,53,53)
r(57,2,19,54,54)
r(217,0,19,55,55)
r(162,1,19,56,56)
r(386,0,19,57,57)
r(964,1,19,58,58)
r(854,2,19,59,59)
r(317,0,19,60,60)
r(866,0,19,61,61)
r(206,0,19,62,62)
r(608,0,19,63,63)
r(657,0,19,64,64)
r(6,0,19,65,65)
r(775,0,19,66,66)
r(100,0,19,67,67)
r(642,0,19,68,68)
r(452,0,19,69,69)
r(820,0,19,70,70)
r(732,0,19,71,71)
r(717,0,19,72,72)
r(125,0,19,73,73)
r(581,0,19,74,74)
r(347,0,19,75,75)
r(737,0,19,76,76)
r(435,0,19,77,77)
r(217,0,19,78,78)
r(940,0,19,79,79)
r(398,0,19,80,80)
r(893,0,19,81,81)
r(682,0,19,82,82)
r(918,0,19,83,83)
r(77,0,19,84,84)
r(608,0,19,85,85)
r(484,0,19,86,86)
r(497,0,19,87,87)
r(475,0,19,88,88)
r(37,0,19,89,89)
r(324,0,19,90,90)
r(824,1,19,91,91)
r(743,0,19,92,92)
r(199,0,19,93,93)
r(713,0,19,94,94)
r(934,0,19,95,95)
r(777,0,19,96,96)
r(988,0,19,97,97)
r(484,0,19,98,98)
r(494,0,19,99,99)
