r(0,0,0,0,0)
w(4,1,0,1,1)
r(32,0,0,2,2)
r(24,0,0,3,3)
r(0,0,0,4,4)
w(11,1,0,5,5)
r(11,1,0,6,6)
w(4,2,0,7,7)
w(20,1,0,8,8)
w(3,1,0,9,9)
r(20,1,0,10,10)
w(0,1,0,11,11)
w(0,2,0,12,12)
w(27,1,0,13,13)
w(0,3,0,14,14)
r(29,0,0,15,15)
r(0,3,0,16,16)
r(89,0,0,17,17)
r(0,3,0,18,18)
r(0,3,0,19,19)
r(32,0,0,20,20)
r(3,1,0,21,21)
r(3,1,0,22,22)
w(0,4,0,23,23)
w(1,1,0,24,24)
r(0,4,0,25,25)
r(6,0,0,26,26)
r(0,4,0,27,27)
r(46,0,0,28,28)
w(2,1,0,29,29)
r(9,0,0,30,30)
w(0,5,0,31,31)
w(12,1,0,32,32)
w(5,1,0,33,33)
r(1,1,0,34,34)
r(34,0,0,35,35)
w(24,1,0,36,36)
w(15,1,0,37,37)
r(33,0,0,38,38)
r(94,0,0,39,39)
r(73,0,0,40,40)
w(31,1,0,41,41)
r(97,0,0,42,42)
w(10,1,0,43,43)
w(5,2,0,44,44)
w(5,3,0,45,45)
r(1,1,0,46,46)
w(0,6,0,47,47)
r(6,0,0,48,48)
w(98,1,0,49,49)
r(15,1,0,50,50)
r(57,0,0,51,51)
r(1,1,0,52,52)
r(0,6,0,53,53)
r(1,1,0,54,54)
r(1,1,0,55,55)
w(8,1,0,56,56)
r(0,6,0,57,57)
r(4,2,0,58,58)
w(1,2,0,59,59)
r(7,0,0,60,60)
r(75,0,0,61,61)
w(0,7,0,62,62)
r(65,0,0,63,63)
r(3,1,0,64,64)
r(47,0,0,65,65)
r(39,0,0,66,66)
r(19,0,0,67,67)
w(2,2,0,68,68)
w(1,3,0,69,69)
w(0,8,0,70,70)
r(0,8,0,71,71)
r(4,2,0,72,72)
r(3,1,0,73,73)
w(3,2,0,74,74)
r(0,8,0,75,75)
w(49,1,0,76,76)
r(5,3,0,77,77)
r(20,1,0,78,78)
w(1,4,0,79,79)
w(8,2,0,80,80)
r(3,2,0,81,81)
w(2,3,0,82,82)
r(33,0,0,83,83)
w(53,1,0,84,84)
r(0,8,0,85,85)
w(0,9,0,86,86)
r(21,0,0,87,87)
r(10,1,0,88,88)
r(2,3,0,89,89)
r(1,4,0,90,90)
r(3,2,0,91,91)
r(7,0,0,92,92)
w(8,3,0,93,93)
w(29,1,0,94,94)
w(32,1,0,95,95)
w(13,1,0,96,96)
r(74,0,0,97,97)
r(35,0,0,98,98)
r(13,1,0,99,99)
w(1,5,0,100,100)
w(58,1,0,101,101)
r(2,3,0,102,102)
w(15,2,0,103,103)
w(23,1,0,104,104)
r(22,0,0,105,105)
r(5,3,0,106,106)
r(4,2,0,107,107)
r(74,0,0,108,108)
w(0,10,0,109,109)
r(35,0,0,110,110)
r(2,3,0,111,111)
r(0,10,0,112,112)
w(1,6,0,113,113)
r(6,0,0,114,114)
w(3,3,0,115,115)
w(33,1,0,116,116)
w(1,7,0,117,117)
r(0,10,0,118,118)
r(35,0,0,119,119)
w(2,4,0,120,120)
w(4,3,0,121,121)
r(2,4,0,122,122)
w(15,3,0,123,123)
w(9,1,0,124,124)
r(14,0,0,125,125)
w(0,11,0,126,126)
r(39,0,0,127,127)
r(2,4,0,128,128)
w(6,1,0,129,129)
r(0,11,0,130,130)
w(2,5,0,131,131)
w(2,6,0,132,132)
w(2,7,0,133,133)
r(5,3,0,134,134)
r(87,0,0,135,135)
w(0,12,0,136,136)
r(7,0,0,137,137)
w(0,13,0,138,138)
r(3,3,0,139,139)
r(4,3,0,140,140)
w(78,1,0,141,141)
r(1,7,0,142,142)
w(3,4,0,143,143)
w(7,1,0,144,144)
w(2,8,0,145,145)
w(36,1,0,146,146)
r(35,0,0,147,147)
w(1,8,0,148,148)
r(25,0,0,149,149)
w(1,9,0,150,150)
w(50,1,0,151,151)
r(31,1,0,152,152)
r(0,13,0,153,153)
w(4,4,0,154,154)
r(16,0,0,155,155)
r(10,1,0,156,156)
r(0,13,0,157,157)
w(29,2,0,158,158)
r(5,3,0,159,159)
r(24,1,0,160,160)
w(46,1,0,161,161)
r(59,0,0,162,162)
r(96,0,0,163,163)
r(0,13,0,164,164)
r(3,4,0,165,165)
r(51,0,0,166,166)
w(41,1,0,167,167)
w(10,2,0,168,168)
w(0,14,0,169,169)
w(28,1,0,170,170)
r(1,9,0,171,171)
r(41,1,0,172,172)
w(23,2,0,173,173)
w(2,9,0,174,174)
r(0,14,0,175,175)
r(3,4,0,176,176)
r(39,0,0,177,177)
r(0,14,0,178,178)
r(0,14,0,179,179)
r(0,14,0,180,180)
w(0,15,0,181,181)
r(2,9,0,182,182)
r(5,3,0,183,183)
w(1,10,0,184,184)
r(3,4,0,185,185)
r(0,15,0,186,186)
w(20,2,0,187,187)
r(0,15,0,188,188)
r(0,15,0,189,189)
r(83,0,0,190,190)
w(43,1,0,191,191)
r(0,15,0,192,192)
r(66,0,0,193,193)
w(2,10,0,194,194)
w(1,11,0,195,195)
r(0,15,0,196,196)
w(59,1,0,197,197)
w(0,16,0,198,198)
w(3,5,0,199,199)
r(3,5,1,0,0)
w(2,11,1,1,1)
r(55,0,1,2,2)
w(0,17,1,3,3)
r(4,4,1,4,4)
w(68,1,1,5,5)
w(97,1,1,6,6)
r(0,17,1,7,7)
w(0,18,1,8,8)
r(96,0,1,9,9)
r(12,1,1,10,10)
r(0,18,1,11,11)
w(4,5,1,12,12)
r(33,1,1,13,13)
w(72,1,1,14,14)
w(0,19,1,15,15)
r(0,19,1,16,16)
r(65,0,1,17,17)
w(1,12,1,18,18)
w(3,6,1,19,19)
r(27,1,1,20,20)
w(1,13,1,21,21)
r(0,19,1,22,22)
r(4,5,1,23,23)
r(38,0,1,24,24)
r(38,0,1,25,25)
w(0,20,1,26,26)
w(0,21,1,27,27)
r(2,11,1,28,28)
r(1,13,1,29,29)
r(0,21,1,30,30)
r(53,1,1,31,31)
w(9,2,1,32,32)
r(26,0,1,33,33)
w(0,22,1,34,34)
w(77,1,1,35,35)
w(44,1,1,36,36)
w(55,1,1,37,37)
r(3,6,1,38,38)
r(30,0,1,39,39)
r(62,0,1,40,40)
r(6,1,1,41,41)
w(4,6,1,42,42)
r(13,1,1,43,43)
w(0,23,1,44,44)
w(24,2,1,45,45)
r(0,23,1,46,46)
w(16,1,1,47,47)
r(38,0,1,48,48)
r(48,0,1,49,49)
w(3,7,1,50,50)
w(17,1,1,51,51)
w(2,12,1,52,52)
r(47,0,1,53,53)
w(66,1,1,54,54)
r(2,12,1,55,55)
w(7,2,1,56,56)
w(20,3,1,57,57)
w(0,24,1,58,58)
r(0,24,1,59,59)
w(3,8,1,60,60)
r(0,24,1,61,61)
r(21,0,1,62,62)
r(0,24,1,63,63)
r(5,3,1,64,64)
r(0,24,1,65,65)
r(3,8,1,66,66)
r(37,0,1,67,67)
w(4,7,1,68,68)
r(8,3,1,69,69)
r(7,2,1,70,70)
r(2,12,1,71,71)
w(1,14,1,72,72)
r(15,3,1,73,73)
r(11,1,1,74,74)
r(69,0,1,75,75)
w(1,15,1,76,76)
r(0,24,1,77,77)
w(0,25,1,78,78)
r(0,25,1,79,79)
w(97,2,1,80,80)
r(1,15,1,81,81)
w(65,1,1,82,82)
r(32,1,1,83,83)
r(4,7,1,84,84)
w(10,3,1,85,85)
r(52,0,1,86,86)
r(58,1,1,87,87)
w(1,16,1,88,88)
r(1,16,1,89,89)
r(2,12,1,90,90)
r(0,25,1,91,91)
w(6,2,1,92,92)
r(6,2,1,93,93)
w(0,26,1,94,94)
w(1,17,1,95,95)
r(3,8,1,96,96)
r(2,12,1,97,97)
w(64,1,1,98,98)
r(0,26,1,99,99)
r(6,2,1,100,100)
w(66,2,1,101,101)
w(0,27,1,102,102)
w(5,4,1,103,103)
r(54,0,1,104,104)
r(15,3,1,105,105)
w(19,1,1,106,106)
w(15,4,1,107,107)
r(30,0,1,108,108)
w(68,2,1,109,109)
w(0,28,1,110,110)
r(14,0,1,111,111)
w(0,29,1,112,112)
r(0,29,1,113,113)
w(36,2,1,114,114)
w(5,5,1,115,115)
r(18,0,1,116,116)
w(22,1,1,117,117)
w(2,13,1,118,118)
w(34,1,1,119,119)
r(5,5,1,120,120)
r(1,17,1,121,121)
w(35,1,1,122,122)
w(13,2,1,123,123)
r(82,0,1,124,124)
r(26,0,1,125,125)
r(2,13,1,126,126)
w(6,3,1,127,127)
w(20,4,1,128,128)
r(27,1,1,129,129)
w(1,18,1,130,130)
r(4,7,1,131,131)
r(11,1,1,132,132)
w(23,3,1,133,133)
w(9,3,1,134,134)
w(1,19,1,135,135)
w(9,4,1,136,136)
r(0,29,1,137,137)
w(0,30,1,138,138)
r(1,19,1,139,139)
w(44,2,1,140,140)
w(31,2,1,141,141)
w(18,1,1,142,142)
w(16,2,1,143,143)
r(3,8,1,144,144)
w(47,1,1,145,145)
w(0,31,1,146,146)
w(7,3,1,147,147)
r(26,0,1,148,148)
w(3,9,1,149,149)
w(47,2,1,150,150)
w(16,3,1,151,151)
r(2,13,1,152,152)
w(45,1,1,153,153)
w(0,32,1,154,154)
w(11,2,1,155,155)
r(10,3,1,156,156)
w(3,10,1,157,157)
r(51,0,1,158,158)
r(11,2,1,159,159)
r(2,13,1,160,160)
r(14,0,1,161,161)
w(0,33,1,162,162)
w(57,1,1,163,163)
w(0,34,1,164,164)
r(22,1,1,165,165)
r(3,10,1,166,166)
r(5,5,1,167,167)
r(79,0,1,168,168)
r(66,2,1,169,169)
r(42,0,1,170,170)
w(33,2,1,171,171)
w(50,2,1,172,172)
w(71,1,1,173,173)
w(2,14,1,174,174)
r(16,3,1,175,175)
w(0,35,1,176,176)
w(0,36,1,177,177)
r(7,3,1,178,178)
r(2,14,1,179,179)
r(9,4,1,180,180)
r(17,1,1,181,181)
r(39,0,1,182,182)
w(10,4,1,183,183)
r(0,36,1,184,184)
w(46,2,1,185,185)
w(7,4,1,186,186)
w(0,37,1,187,187)
w(7,5,1,188,188)
r(7,5,1,189,189)
w(3,11,1,190,190)
w(0,38,1,191,191)
w(1,20,1,192,192)
w(21,1,1,193,193)
w(0,39,1,194,194)
w(5,6,1,195,195)
w(19,2,1,196,196)
r(10,4,1,197,197)
w(8,4,1,198,198)
r(34,1,1,199,199)
r(7,5,2,0,0)
w(12,2,2,1,1)
w(3,12,2,2,2)
w(60,1,2,3,3)
r(15,4,2,4,4)
w(0,40,2,5,5)
r(4,7,2,6,6)
r(0,40,2,7,7)
r(0,40,2,8,8)
r(4,7,2,9,9)
r(0,40,2,10,10)
w(0,41,2,11,11)
r(3,12,2,12,12)
r(21,1,2,13,13)
r(6,3,2,14,14)
w(53,2,2,15,15)
w(16,4,2,16,16)
w(1,21,2,17,17)
r(1,21,2,18,18)
r(4,7,2,19,19)
r(2,14,2,20,20)
r(19,2,2,21,21)
w(18,2,2,22,22)
r(1,21,2,23,23)
r(4,7,2,24,24)
w(0,42,2,25,25)
r(1,21,2,26,26)
r(1,21,2,27,27)
r(8,4,2,28,28)
w(57,2,2,29,29)
w(2,15,2,30,30)
r(0,42,2,31,31)
r(0,42,2,32,32)
r(86,0,2,33,33)
w(4,8,2,34,34)
r(0,42,2,35,35)
w(1,22,2,36,36)
w(0,43,2,37,37)
w(0,44,2,38,38)
r(8,4,2,39,39)
r(12,2,2,40,40)
r(0,44,2,41,41)
w(0,45,2,42,42)
w(2,16,2,43,43)
r(32,1,2,44,44)
r(1,22,2,45,45)
r(81,0,2,46,46)
w(13,3,2,47,47)
r(2,16,2,48,48)
r(2,16,2,49,49)
w(0,46,2,50,50)
w(9,5,2,51,51)
w(16,5,2,52,52)
r(3,12,2,53,53)
w(18,3,2,54,54)
r(83,0,2,55,55)
w(37,1,2,56,56)
r(9,5,2,57,57)
r(5,6,2,58,58)
r(1,22,2,59,59)
w(1,23,2,60,60)
w(6,4,2,61,61)
r(8,4,2,62,62)
r(3,12,2,63,63)
r(52,0,2,64,64)
r(0,46,2,65,65)
r(64,1,2,66,66)
w(0,47,2,67,67)
w(64,2,2,68,68)
w(1,24,2,69,69)
r(12,2,2,70,70)
w(5,7,2,71,71)
r(4,8,2,72,72)
w(0,48,2,73,73)
r(0,48,2,74,74)
w(53,3,2,75,75)
r(18,3,2,76,76)
w(7,6,2,77,77)
w(30,1,2,78,78)
r(44,2,2,79,79)
r(1,24,2,80,80)
r(5,7,2,81,81)
w(13,4,2,82,82)
r(4,8,2,83,83)
r(89,0,2,84,84)
r(3,12,2,85,85)
r(19,2,2,86,86)
w(4,9,2,87,87)
w(4,10,2,88,88)
r(79,0,2,89,89)
w(14,1,2,90,90)
w(7,7,2,91,91)
w(5,8,2,92,92)
r(4,10,2,93,93)
r(6,4,2,94,94)
r(47,2,2,95,95)
w(47,3,2,96,96)
r(0,48,2,97,97)
w(25,1,2,98,98)
w(4,11,2,99,99)
w(2,17,2,100,100)
r(0,48,2,101,101)
w(54,1,2,102,102)
r(12,2,2,103,103)
r(25,1,2,104,104)
w(3,13,2,105,105)
w(2,18,2,106,106)
w(72,2,2,107,107)
w(0,49,2,108,108)
r(62,0,2,109,109)
r(52,0,2,110,110)
r(3,13,2,111,111)
w(35,2,2,112,112)
r(87,0,2,113,113)
r(23,3,2,114,114)
w(0,50,2,115,115)
w(25,2,2,116,116)
w(19,3,2,117,117)
r(3,13,2,118,118)
r(37,1,2,119,119)
w(21,2,2,120,120)
r(16,5,2,121,121)
w(69,1,2,122,122)
r(51,0,2,123,123)
r(32,1,2,124,124)
w(0,51,2,125,125)
w(6,5,2,126,126)
w(0,52,2,127,127)
w(2,19,2,128,128)
w(4,12,2,129,129)
w(6,6,2,130,130)
r(2,19,2,131,131)
r(0,52,2,132,132)
w(4,13,2,133,133)
w(7,8,2,134,134)
r(26,0,2,135,135)
r(43,1,2,136,136)
r(1,24,2,137,137)
w(0,53,2,138,138)
w(0,54,2,139,139)
r(1,24,2,140,140)
r(10,4,2,141,141)
w(1,25,2,142,142)
w(52,1,2,143,143)
r(0,54,2,144,144)
w(1,26,2,145,145)
w(8,5,2,146,146)
r(9,5,2,147,147)
w(19,4,2,148,148)
w(85,1,2,149,149)
r(23,3,2,150,150)
r(6,6,2,151,151)
w(14,2,2,152,152)
r(3,13,2,153,153)
r(44,2,2,154,154)
w(13,5,2,155,155)
r(4,13,2,156,156)
r(22,1,2,157,157)
r(90,0,2,158,158)
r(40,0,2,159,159)
r(73,0,2,160,160)
w(13,6,2,161,161)
r(5,8,2,162,162)
r(72,2,2,163,163)
w(10,5,2,164,164)
w(0,55,2,165,165)
w(12,3,2,166,166)
r(45,1,2,167,167)
w(0,56,2,168,168)
w(7,9,2,169,169)
r(7,9,2,170,170)
r(35,2,2,171,171)
r(4,13,2,172,172)
w(4,14,2,173,173)
r(0,56,2,174,174)
w(4,15,2,175,175)
w(17,2,2,176,176)
w(0,57,2,177,177)
w(0,58,2,178,178)
r(67,0,2,179,179)
r(0,58,2,180,180)
r(0,58,2,181,181)
r(0,58,2,182,182)
w(93,1,2,183,183)
w(0,59,2,184,184)
r(2,19,2,185,185)
r(1,26,2,186,186)
r(5,8,2,187,187)
w(6,7,2,188,188)
w(0,60,2,189,189)
w(0,61,2,190,190)
w(10,6,2,191,191)
r(1,26,2,192,192)
w(6,8,2,193,193)
r(41,1,2,194,194)
r(9,5,2,195,195)
r(62,0,2,196,196)
w(1,27,2,197,197)
w(1,28,2,198,198)
w(4,16,2,199,199)
r(10,6,3,0,0)
w(2,20,3,1,1)
r(8,5,3,2,2)
r(3,13,3,3,3)
w(0,62,3,4,4)
w(8,6,3,5,5)
r(81,0,3,6,6)
w(0,63,3,7,7)
w(41,2,3,8,8)
w(1,29,3,9,9)
r(1,29,3,10,10)
r(94,0,3,11,11)
r(16,5,3,12,12)
w(37,2,3,13,13)
r(0,63,3,14,14)
r(2,20,3,15,15)
w(0,64,3,16,16)
r(29,2,3,17,17)
w(44,3,3,18,18)
w(3,14,3,19,19)
w(38,1,3,20,20)
r(63,0,3,21,21)
r(5,8,3,22,22)
r(30,1,3,23,23)
r(6,8,3,24,24)
r(9,5,3,25,25)
r(1,29,3,26,26)
w(2,21,3,27,27)
r(0,64,3,28,28)
r(4,16,3,29,29)
w(4,17,3,30,30)
w(1,30,3,31,31)
w(9,6,3,32,32)
r(60,1,3,33,33)
r(5,8,3,34,34)
r(6,8,3,35,35)
w(0,65,3,36,36)
r(0,65,3,37,37)
w(10,7,3,38,38)
r(12,3,3,39,39)
r(31,2,3,40,40)
r(67,0,3,41,41)
r(1,30,3,42,42)
w(34,2,3,43,43)
r(31,2,3,44,44)
w(11,3,3,45,45)
w(8,7,3,46,46)
r(9,6,3,47,47)
w(0,66,3,48,48)
r(42,0,3,49,49)
w(1,31,3,50,50)
w(1,32,3,51,51)
w(29,3,3,52,52)
w(0,67,3,53,53)
w(4,18,3,54,54)
w(0,68,3,55,55)
w(4,19,3,56,56)
w(0,69,3,57,57)
w(32,2,3,58,58)
w(0,70,3,59,59)
r(6,8,3,60,60)
r(46,2,3,61,61)
w(0,71,3,62,62)
r(87,0,3,63,63)
w(74,1,3,64,64)
w(0,72,3,65,65)
w(80,1,3,66,66)
w(1,33,3,67,67)
r(4,19,3,68,68)
w(20,5,3,69,69)
r(0,72,3,70,70)
r(12,3,3,71,71)
w(1,34,3,72,72)
r(0,72,3,73,73)
w(0,73,3,74,74)
r(22,1,3,75,75)
r(2,21,3,76,76)
w(46,3,3,77,77)
w(15,5,3,78,78)
r(0,73,3,79,79)
r(70,0,3,80,80)
w(1,35,3,81,81)
w(2,22,3,82,82)
w(23,4,3,83,83)
r(0,73,3,84,84)
r(2,22,3,85,85)
r(72,2,3,86,86)
r(1,35,3,87,87)
r(18,3,3,88,88)
w(14,3,3,89,89)
r(24,2,3,90,90)
w(5,9,3,91,91)
r(68,2,3,92,92)
r(23,4,3,93,93)
r(32,2,3,94,94)
w(2,23,3,95,95)
w(18,4,3,96,96)
w(1,36,3,97,97)
r(1,36,3,98,98)
w(1,37,3,99,99)
r(0,73,3,100,100)
w(96,1,3,101,101)
w(5,10,3,102,102)
r(8,7,3,103,103)
r(1,37,3,104,104)
w(1,38,3,105,105)
r(1,38,3,106,106)
w(28,2,3,107,107)
r(93,1,3,108,108)
w(13,7,3,109,109)
r(2,23,3,110,110)
r(2,23,3,111,111)
r(22,1,3,112,112)
r(17,2,3,113,113)
r(7,9,3,114,114)
r(4,19,3,115,115)
w(0,74,3,116,116)
w(50,3,3,117,117)
r(28,2,3,118,118)
r(7,9,3,119,119)
r(49,1,3,120,120)
w(45,2,3,121,121)
r(8,7,3,122,122)
w(1,39,3,123,123)
r(8,7,3,124,124)
r(41,2,3,125,125)
r(71,1,3,126,126)
w(5,11,3,127,127)
w(20,6,3,128,128)
r(97,2,3,129,129)
r(21,2,3,130,130)
w(56,1,3,131,131)
r(99,0,3,132,132)
r(0,74,3,133,133)
r(62,0,3,134,134)
w(13,8,3,135,135)
r(0,74,3,136,136)
w(0,75,3,137,137)
w(3,15,3,138,138)
r(16,5,3,139,139)
r(5,11,3,140,140)
w(10,8,3,141,141)
r(23,4,3,142,142)
w(0,76,3,143,143)
r(9,6,3,144,144)
w(1,40,3,145,145)
r(12,3,3,146,146)
r(89,0,3,147,147)
r(0,76,3,148,148)
r(3,15,3,149,149)
w(79,1,3,150,150)
w(34,3,3,151,151)
r(37,2,3,152,152)
w(19,5,3,153,153)
r(0,76,3,154,154)
r(0,76,3,155,155)
w(16,6,3,156,156)
r(1,40,3,157,157)
w(6,9,3,158,158)
r(10,8,3,159,159)
r(3,15,3,160,160)
w(72,3,3,161,161)
w(0,77,3,162,162)
r(0,77,3,163,163)
w(5,12,3,164,164)
r(8,7,3,165,165)
r(32,2,3,166,166)
w(22,2,3,167,167)
r(3,15,3,168,168)
r(6,9,3,169,169)
r(33,2,3,170,170)
r(31,2,3,171,171)
r(22,2,3,172,172)
r(4,19,3,173,173)
r(4,19,3,174,174)
r(1,40,3,175,175)
w(3,16,3,176,176)
r(11,3,3,177,177)
r(43,1,3,178,178)
w(3,17,3,179,179)
w(3,18,3,180,180)
r(0,77,3,181,181)
r(12,3,3,182,182)
w(2,24,3,183,183)
w(2,25,3,184,184)
w(40,1,3,185,185)
w(0,78,3,186,186)
w(12,4,3,187,187)
r(27,1,3,188,188)
w(20,7,3,189,189)
w(1,41,3,190,190)
w(0,79,3,191,191)
w(30,2,3,192,192)
w(0,80,3,193,193)
w(5,13,3,194,194)
r(1,41,3,195,195)
w(0,81,3,196,196)
w(1,42,3,197,197)
w(30,3,3,198,198)
r(83,0,3,199,199)
r(5,13,4,0,0)
w(14,4,4,1,1)
r(16,6,4,2,2)
r(0,81,4,3,3)
r(0,81,4,4,4)
w(27,2,4,5,5)
r(5,13,4,6,6)
w(0,82,4,7,7)
w(1,43,4,8,8)
r(29,3,4,9,9)
r(0,82,4,10,10)
r(65,1,4,11,11)
w(0,83,4,12,12)
w(59,2,4,13,13)
w(59,3,4,14,14)
w(76,1,4,15,15)
r(0,83,4,16,16)
r(25,2,4,17,17)
r(1,43,4,18,18)
r(34,3,4,19,19)
w(12,5,4,20,20)
w(8,8,4,21,21)
r(13,8,4,22,22)
w(18,5,4,23,23)
r(1,43,4,24,24)
w(12,6,4,25,25)
r(86,0,4,26,26)
r(19,5,4,27,27)
r(65,1,4,28,28)
r(1,43,4,29,29)
r(4,19,4,30,30)
w(1,44,4,31,31)
w(78,2,4,32,32)
w(12,7,4,33,33)
r(28,2,4,34,34)
w(86,1,4,35,35)
w(10,9,4,36,36)
w(31,3,4,37,37)
w(74,2,4,38,38)
w(28,3,4,39,39)
r(65,1,4,40,40)
w(40,2,4,41,41)
w(27,3,4,42,42)
r(0,83,4,43,43)
w(26,1,4,44,44)
w(0,84,4,45,45)
w(2,26,4,46,46)
w(38,2,4,47,47)
r(3,18,4,48,48)
r(13,8,4,49,49)
w(8,9,4,50,50)
w(42,1,4,51,51)
w(8,10,4,52,52)
w(18,6,4,53,53)
w(0,85,4,54,54)
r(8,10,4,55,55)
w(0,86,4,56,56)
w(1,45,4,57,57)
r(3,18,4,58,58)
w(5,14,4,59,59)
w(15,6,4,60,60)
r(30,3,4,61,61)
r(8,10,4,62,62)
r(10,9,4,63,63)
r(13,8,4,64,64)
r(10,9,4,65,65)
r(2,26,4,66,66)
w(13,9,4,67,67)
w(1,46,4,68,68)
r(5,14,4,69,69)
w(5,15,4,70,70)
r(13,9,4,71,71)
r(7,9,4,72,72)
w(43,2,4,73,73)
w(2,27,4,74,74)
w(2,28,4,75,75)
w(95,1,4,76,76)
r(62,0,4,77,77)
w(27,4,4,78,78)
w(57,3,4,79,79)
r(5,15,4,80,80)
r(5,15,4,81,81)
r(41,2,4,82,82)
w(0,87,4,83,83)
w(2,29,4,84,84)
r(23,4,4,85,85)
w(18,7,4,86,86)
r(51,0,4,87,87)
w(23,5,4,88,88)
w(0,88,4,89,89)
r(1,46,4,90,90)
w(23,6,4,91,91)
r(18,7,4,92,92)
w(21,3,4,93,93)
w(20,8,4,94,94)
r(66,2,4,95,95)
r(9,6,4,96,96)
w(31,4,4,97,97)
w(2,30,4,98,98)
r(23,6,4,99,99)
r(71,1,4,100,100)
w(26,2,4,101,101)
w(70,1,4,102,102)
w(6,10,4,103,103)
w(7,10,4,104,104)
w(77,2,4,105,105)
w(0,89,4,106,106)
r(69,1,4,107,107)
r(76,1,4,108,108)
w(2,31,4,109,109)
w(3,19,4,110,110)
r(1,46,4,111,111)
r(40,2,4,112,112)
r(1,46,4,113,113)
r(83,0,4,114,114)
w(4,20,4,115,115)
w(10,10,4,116,116)
w(0,90,4,117,117)
r(0,90,4,118,118)
r(5,15,4,119,119)
w(74,3,4,120,120)
r(42,1,4,121,121)
r(0,90,4,122,122)
r(3,19,4,123,123)
r(15,6,4,124,124)
w(3,20,4,125,125)
w(0,91,4,126,126)
w(22,3,4,127,127)
r(0,91,4,128,128)
r(0,91,4,129,129)
w(19,6,4,130,130)
w(19,7,4,131,131)
r(1,46,4,132,132)
w(2,32,4,133,133)
w(64,3,4,134,134)
w(55,2,4,135,135)
r(0,91,4,136,136)
r(6,10,4,137,137)
w(68,3,4,138,138)
w(10,11,4,139,139)
w(0,92,4,140,140)
r(72,3,4,141,141)
w(38,3,4,142,142)
w(5,16,4,143,143)
r(3,20,4,144,144)
w(94,1,4,145,145)
r(5,16,4,146,146)
r(4,20,4,147,147)
r(1,46,4,148,148)
r(33,2,4,149,149)
w(14,5,4,150,150)
w(13,10,4,151,151)
w(60,2,4,152,152)
w(0,93,4,153,153)
r(10,11,4,154,154)
w(50,4,4,155,155)
w(70,2,4,156,156)
r(0,93,4,157,157)
r(62,0,4,158,158)
w(0,94,4,159,159)
r(62,0,4,160,160)
w(0,95,4,161,161)
w(21,4,4,162,162)
w(0,96,4,163,163)
r(1,46,4,164,164)
w(0,97,4,165,165)
r(36,2,4,166,166)
w(99,1,4,167,167)
w(24,3,4,168,168)
w(0,98,4,169,169)
r(4,20,4,170,170)
w(3,21,4,171,171)
r(0,98,4,172,172)
r(1,46,4,173,173)
w(25,3,4,174,174)
w(1,47,4,175,175)
r(21,4,4,176,176)
r(24,3,4,177,177)
r(76,1,4,178,178)
w(0,99,4,179,179)
w(16,7,4,180,180)
r(13,10,4,181,181)
w(0,100,4,182,182)
r(0,100,4,183,183)
w(2,33,4,184,184)
w(36,3,4,185,185)
w(8,11,4,186,186)
w(0,101,4,187,187)
r(2,33,4,188,188)
w(25,4,4,189,189)
w(0,102,4,190,190)
w(66,3,4,191,191)
r(28,3,4,192,192)
w(1,48,4,193,193)
r(13,10,4,194,194)
w(1,49,4,195,195)
r(1,49,4,196,196)
r(4,20,4,197,197)
r(0,102,4,198,198)
r(20,8,4,199,199)
w(10,12,5,0,0)
r(2,33,5,1,1)
r(1,49,5,2,2)
r(4,20,5,3,3)
r(2,33,5,4,4)
w(27,5,5,5,5)
w(15,7,5,6,6)
r(0,102,5,7,7)
r(11,3,5,8,8)
w(0,103,5,9,9)
r(55,2,5,10,10)
r(1,49,5,11,11)
r(7,10,5,12,12)
w(0,104,5,13,13)
r(42,1,5,14,14)
r(7,10,5,15,15)
w(53,4,5,16,16)
r(42,1,5,17,17)
w(33,3,5,18,18)
w(95,2,5,19,19)
r(0,104,5,20,20)
w(18,8,5,21,21)
r(47,3,5,22,22)
w(25,5,5,23,23)
w(9,7,5,24,24)
r(34,3,5,25,25)
w(11,4,5,26,26)
w(6,11,5,27,27)
r(1,49,5,28,28)
w(14,6,5,29,29)
r(58,1,5,30,30)
r(7,10,5,31,31)
w(74,4,5,32,32)
r(94,1,5,33,33)
w(12,8,5,34,34)
r(2,33,5,35,35)
r(53,4,5,36,36)
w(71,2,5,37,37)
r(24,3,5,38,38)
w(2,34,5,39,39)
r(11,4,5,40,40)
r(18,8,5,41,41)
r(3,21,5,42,42)
w(2,35,5,43,43)
w(1,50,5,44,44)
r(2,35,5,45,45)
r(55,2,5,46,46)
w(2,36,5,47,47)
r(0,104,5,48,48)
w(1,51,5,49,49)
r(0,104,5,50,50)
w(2,37,5,51,51)
r(25,5,5,52,52)
r(68,3,5,53,53)
w(19,8,5,54,54)
r(0,104,5,55,55)
w(4,21,5,56,56)
w(3,22,5,57,57)
r(0,104,5,58,58)
r(3,22,5,59,59)
r(72,3,5,60,60)
w(8,12,5,61,61)
r(7,10,5,62,62)
w(3,23,5,63,63)
r(28,3,5,64,64)
w(35,3,5,65,65)
w(25,6,5,66,66)
w(4,22,5,67,67)
r(8,12,5,68,68)
w(72,4,5,69,69)
w(39,1,5,70,70)
w(1,52,5,71,71)
r(46,3,5,72,72)
r(16,7,5,73,73)
w(81,1,5,74,74)
w(15,8,5,75,75)
w(9,8,5,76,76)
w(4,23,5,77,77)
r(1,52,5,78,78)
w(11,5,5,79,79)
r(0,104,5,80,80)
w(15,9,5,81,81)
r(22,3,5,82,82)
w(10,13,5,83,83)
r(0,104,5,84,84)
w(99,2,5,85,85)
r(2,37,5,86,86)
r(7,10,5,87,87)
w(75,1,5,88,88)
r(0,104,5,89,89)
w(16,8,5,90,90)
r(10,13,5,91,91)
r(56,1,5,92,92)
w(16,9,5,93,93)
w(3,24,5,94,94)
r(3,24,5,95,95)
r(14,6,5,96,96)
r(7,10,5,97,97)
r(41,2,5,98,98)
w(20,9,5,99,99)
r(0,104,5,100,100)
r(8,12,5,101,101)
w(4,24,5,102,102)
w(20,10,5,103,103)
r(6,11,5,104,104)
w(0,105,5,105,105)
w(36,4,5,106,106)
w(0,106,5,107,107)
r(0,106,5,108,108)
w(22,4,5,109,109)
w(26,3,5,110,110)
r(12,8,5,111,111)
r(19,8,5,112,112)
w(32,3,5,113,113)
w(6,12,5,114,114)
r(56,1,5,115,115)
r(2,37,5,116,116)
r(52,1,5,117,117)
w(4,25,5,118,118)
w(22,5,5,119,119)
r(16,9,5,120,120)
w(0,107,5,121,121)
w(2,38,5,122,122)
w(20,11,5,123,123)
w(5,17,5,124,124)
w(21,5,5,125,125)
w(2,39,5,126,126)
w(2,40,5,127,127)
w(5,18,5,128,128)
w(46,4,5,129,129)
w(14,7,5,130,130)
r(0,107,5,131,131)
r(23,6,5,132,132)
r(4,25,5,133,133)
r(20,11,5,134,134)
w(5,19,5,135,135)
r(0,107,5,136,136)
r(0,107,5,137,137)
w(12,9,5,138,138)
r(0,107,5,139,139)
w(5,20,5,140,140)
w(0,108,5,141,141)
r(33,3,5,142,142)
r(0,108,5,143,143)
w(43,3,5,144,144)
w(22,6,5,145,145)
w(3,25,5,146,146)
r(20,11,5,147,147)
w(17,3,5,148,148)
r(4,25,5,149,149)
w(3,26,5,150,150)
r(11,5,5,151,151)
w(4,26,5,152,152)
w(18,9,5,153,153)
w(24,4,5,154,154)
r(7,10,5,155,155)
w(9,9,5,156,156)
w(30,4,5,157,157)
w(0,109,5,158,158)
w(54,2,5,159,159)
w(0,110,5,160,160)
r(0,110,5,161,161)
r(20,11,5,162,162)
w(37,3,5,163,163)
r(0,110,5,164,164)
w(18,10,5,165,165)
r(7,10,5,166,166)
w(5,21,5,167,167)
w(21,6,5,168,168)
r(2,40,5,169,169)
r(17,3,5,170,170)
r(5,21,5,171,171)
w(0,111,5,172,172)
w(63,1,5,173,173)
r(4,26,5,174,174)
w(70,3,5,175,175)
r(39,1,5,176,176)
r(0,111,5,177,177)
w(9,10,5,178,178)
r(0,111,5,179,179)
r(62,0,5,180,180)
w(74,5,5,181,181)
r(0,111,5,182,182)
r(1,52,5,183,183)
r(1,52,5,184,184)
r(7,10,5,185,185)
w(34,4,5,186,186)
r(5,21,5,187,187)
w(17,4,5,188,188)
r(0,111,5,189,189)
r(18,10,5,190,190)
r(5,21,5,191,191)
r(89,0,5,192,192)
r(1,52,5,193,193)
r(51,0,5,194,194)
w(1,53,5,195,195)
r(2,40,5,196,196)
r(33,3,5,197,197)
r(15,9,5,198,198)
w(1,54,5,199,199)
r(53,4,6,0,0)
w(1,55,6,1,1)
w(0,112,6,2,2)
w(22,7,6,3,3)
w(0,113,6,4,4)
w(73,1,6,5,5)
w(0,114,6,6,6)
r(0,114,6,7,7)
w(9,11,6,8,8)
r(9,11,6,9,9)
w(10,14,6,10,10)
w(0,115,6,11,11)
r(57,3,6,12,12)
r(12,9,6,13,13)
r(1,55,6,14,14)
r(39,1,6,15,15)
r(11,5,6,16,16)
w(77,3,6,17,17)
w(10,15,6,18,18)
w(12,10,6,19,19)
r(2,40,6,20,20)
r(4,26,6,21,21)
r(16,9,6,22,22)
r(1,55,6,23,23)
w(6,13,6,24,24)
r(0,115,6,25,25)
r(0,115,6,26,26)
w(7,11,6,27,27)
w(1,56,6,28,28)
w(73,2,6,29,29)
w(0,116,6,30,30)
r(77,3,6,31,31)
w(0,117,6,32,32)
r(43,3,6,33,33)
r(2,40,6,34,34)
r(32,3,6,35,35)
w(29,4,6,36,36)
w(1,57,6,37,37)
w(12,11,6,38,38)
r(25,6,6,39,39)
w(0,118,6,40,40)
w(60,3,6,41,41)
r(1,57,6,42,42)
r(6,13,6,43,43)
r(24,4,6,44,44)
r(2,40,6,45,45)
w(1,58,6,46,46)
r(75,1,6,47,47)
w(71,3,6,48,48)
r(86,1,6,49,49)
r(2,40,6,50,50)
r(5,21,6,51,51)
r(1,58,6,52,52)
r(46,4,6,53,53)
w(52,2,6,54,54)
w(1,59,6,55,55)
w(0,119,6,56,56)
r(22,7,6,57,57)
w(4,27,6,58,58)
w(31,5,6,59,59)
r(70,3,6,60,60)
r(0,119,6,61,61)
w(46,5,6,62,62)
r(70,3,6,63,63)
r(3,26,6,64,64)
w(31,6,6,65,65)
r(3,26,6,66,66)
r(0,119,6,67,67)
r(0,119,6,68,68)
w(14,8,6,69,69)
r(36,4,6,70,70)
r(8,12,6,71,71)
w(0,120,6,72,72)
r(17,4,6,73,73)
w(14,9,6,74,74)
w(8,13,6,75,75)
w(0,121,6,76,76)
w(1,60,6,77,77)
r(40,2,6,78,78)
w(3,27,6,79,79)
w(16,10,6,80,80)
w(3,28,6,81,81)
r(3,28,6,82,82)
w(0,122,6,83,83)
r(42,1,6,84,84)
w(4,28,6,85,85)
r(93,1,6,86,86)
w(29,5,6,87,87)
r(19,8,6,88,88)
w(0,123,6,89,89)
w(1,61,6,90,90)
w(72,5,6,91,91)
r(1,61,6,92,92)
r(4,28,6,93,93)
w(12,12,6,94,94)
w(4,29,6,95,95)
w(73,3,6,96,96)
w(1,62,6,97,97)
r(3,28,6,98,98)
r(59,3,6,99,99)
r(59,3,6,100,100)
w(3,29,6,101,101)
w(25,7,6,102,102)
w(0,124,6,103,103)
r(47,3,6,104,104)
w(55,3,6,105,105)
r(10,15,6,106,106)
r(2,40,6,107,107)
r(0,124,6,108,108)
r(18,10,6,109,109)
r(0,124,6,110,110)
w(0,125,6,111,111)
r(6,13,6,112,112)
w(3,30,6,113,113)
w(30,5,6,114,114)
r(19,8,6,115,115)
r(1,62,6,116,116)
r(0,125,6,117,117)
w(0,126,6,118,118)
w(6,14,6,119,119)
r(0,126,6,120,120)
w(1,63,6,121,121)
r(10,15,6,122,122)
w(13,11,6,123,123)
r(0,126,6,124,124)
r(54,2,6,125,125)
w(0,127,6,126,126)
w(5,22,6,127,127)
w(1,64,6,128,128)
r(39,1,6,129,129)
w(49,2,6,130,130)
r(4,29,6,131,131)
w(25,8,6,132,132)
r(12,12,6,133,133)
w(42,2,6,134,134)
r(1,64,6,135,135)
r(0,127,6,136,136)
w(7,12,6,137,137)
r(3,30,6,138,138)
r(11,5,6,139,139)
w(29,6,6,140,140)
r(37,3,6,141,141)
w(12,13,6,142,142)
r(18,10,6,143,143)
r(12,13,6,144,144)
r(2,40,6,145,145)
r(1,64,6,146,146)
w(2,41,6,147,147)
w(4,30,6,148,148)
r(65,1,6,149,149)
r(85,1,6,150,150)
r(45,2,6,151,151)
w(17,5,6,152,152)
w(4,31,6,153,153)
r(16,10,6,154,154)
w(52,3,6,155,155)
r(98,1,6,156,156)
r(48,0,6,157,157)
r(0,127,6,158,158)
w(54,3,6,159,159)
w(40,3,6,160,160)
w(7,13,6,161,161)
r(2,41,6,162,162)
w(12,14,6,163,163)
r(3,30,6,164,164)
w(15,10,6,165,165)
r(1,64,6,166,166)
r(0,127,6,167,167)
r(2,41,6,168,168)
w(8,14,6,169,169)
r(1,64,6,170,170)
r(0,127,6,171,171)
w(19,9,6,172,172)
w(16,11,6,173,173)
r(33,3,6,174,174)
r(50,4,6,175,175)
w(0,128,6,176,176)
r(1,64,6,177,177)
r(38,3,6,178,178)
r(31,6,6,179,179)
r(0,128,6,180,180)
w(6,15,6,181,181)
r(79,1,6,182,182)
w(7,14,6,183,183)
w(36,5,6,184,184)
w(13,12,6,185,185)
r(85,1,6,186,186)
w(3,31,6,187,187)
w(7,15,6,188,188)
w(17,6,6,189,189)
r(9,11,6,190,190)
r(0,128,6,191,191)
w(5,23,6,192,192)
r(68,3,6,193,193)
r(12,14,6,194,194)
w(1,65,6,195,195)
w(0,129,6,196,196)
r(33,3,6,197,197)
r(6,15,6,198,198)
w(21,7,6,199,199)
w(1,66,7,0,0)
w(13,13,7,1,1)
r(0,129,7,2,2)
w(0,130,7,3,3)
r(13,13,7,4,4)
r(3,31,7,5,5)
w(63,2,7,6,6)
w(17,7,7,7,7)
r(45,2,7,8,8)
w(11,6,7,9,9)
w(12,15,7,10,10)
r(19,9,7,11,11)
r(0,130,7,12,12)
r(1,66,7,13,13)
w(88,1,7,14,14)
r(9,11,7,15,15)
r(25,8,7,16,16)
r(14,9,7,17,17)
w(6,16,7,18,18)
w(16,12,7,19,19)
w(5,24,7,20,20)
w(37,4,7,21,21)
r(8,14,7,22,22)
w(2,42,7,23,23)
r(5,24,7,24,24)
w(13,14,7,25,25)
w(10,16,7,26,26)
w(6,17,7,27,27)
w(0,131,7,28,28)
r(3,31,7,29,29)
r(0,131,7,30,30)
r(0,131,7,31,31)
r(3,31,7,32,32)
w(18,11,7,33,33)
w(4,32,7,34,34)
r(0,131,7,35,35)
r(22,7,7,36,36)
r(21,7,7,37,37)
w(0,132,7,38,38)
r(5,24,7,39,39)
r(10,16,7,40,40)
r(5,24,7,41,41)
w(18,12,7,42,42)
r(55,3,7,43,43)
r(0,132,7,44,44)
r(4,32,7,45,45)
w(0,133,7,46,46)
r(66,3,7,47,47)
w(0,134,7,48,48)
w(2,43,7,49,49)
w(49,3,7,50,50)
r(0,134,7,51,51)
w(4,33,7,52,52)
w(43,4,7,53,53)
r(70,3,7,54,54)
r(13,14,7,55,55)
w(3,32,7,56,56)
r(0,134,7,57,57)
w(3,33,7,58,58)
w(19,10,7,59,59)
r(2,43,7,60,60)
r(0,134,7,61,61)
w(42,3,7,62,62)
w(23,7,7,63,63)
w(11,7,7,64,64)
w(13,15,7,65,65)
w(15,11,7,66,66)
r(2,43,7,67,67)
w(42,4,7,68,68)
w(34,5,7,69,69)
r(2,43,7,70,70)
w(1,67,7,71,71)
w(1,68,7,72,72)
r(0,134,7,73,73)
r(0,134,7,74,74)
w(5,25,7,75,75)
r(19,10,7,76,76)
r(3,33,7,77,77)
r(4,33,7,78,78)
w(14,10,7,79,79)
r(11,7,7,80,80)
r(0,134,7,81,81)
r(47,3,7,82,82)
w(77,4,7,83,83)
w(87,1,7,84,84)
w(81,2,7,85,85)
r(4,33,7,86,86)
w(0,135,7,87,87)
r(83,0,7,88,88)
w(14,11,7,89,89)
w(5,26,7,90,90)
w(0,136,7,91,91)
r(1,68,7,92,92)
w(14,12,7,93,93)
r(0,136,7,94,94)
w(10,17,7,95,95)
w(8,15,7,96,96)
r(0,136,7,97,97)
r(0,136,7,98,98)
w(3,34,7,99,99)
r(84,0,7,100,100)
r(3,34,7,101,101)
r(77,4,7,102,102)
r(33,3,7,103,103)
r(28,3,7,104,104)
w(40,4,7,105,105)
r(3,34,7,106,106)
w(1,69,7,107,107)
w(47,4,7,108,108)
r(31,6,7,109,109)
w(2,44,7,110,110)
r(26,3,7,111,111)
w(0,137,7,112,112)
w(7,16,7,113,113)
r(21,7,7,114,114)
w(3,35,7,115,115)
w(0,138,7,116,116)
w(30,6,7,117,117)
w(40,5,7,118,118)
w(4,34,7,119,119)
r(74,5,7,120,120)
r(1,69,7,121,121)
w(7,17,7,122,122)
r(4,34,7,123,123)
w(70,4,7,124,124)
r(6,17,7,125,125)
r(93,1,7,126,126)
w(3,36,7,127,127)
r(0,138,7,128,128)
w(1,70,7,129,129)
w(89,1,7,130,130)
r(42,4,7,131,131)
w(5,27,7,132,132)
w(0,139,7,133,133)
r(95,2,7,134,134)
w(4,35,7,135,135)
w(16,13,7,136,136)
w(2,45,7,137,137)
w(25,9,7,138,138)
r(16,13,7,139,139)
w(18,13,7,140,140)
w(6,18,7,141,141)
w(55,4,7,142,142)
w(39,2,7,143,143)
r(0,139,7,144,144)
w(21,8,7,145,145)
w(70,5,7,146,146)
r(1,70,7,147,147)
r(59,3,7,148,148)
r(1,70,7,149,149)
w(1,71,7,150,150)
r(71,3,7,151,151)
w(54,4,7,152,152)
r(45,2,7,153,153)
r(10,17,7,154,154)
r(7,17,7,155,155)
r(7,17,7,156,156)
w(54,5,7,157,157)
r(25,9,7,158,158)
w(54,6,7,159,159)
r(0,139,7,160,160)
r(0,139,7,161,161)
r(1,71,7,162,162)
w(0,140,7,163,163)
r(0,140,7,164,164)
w(4,36,7,165,165)
r(7,17,7,166,166)
r(0,140,7,167,167)
r(4,36,7,168,168)
w(4,37,7,169,169)
w(9,12,7,170,170)
r(20,11,7,171,171)
r(0,140,7,172,172)
w(0,141,7,173,173)
w(61,1,7,174,174)
w(39,3,7,175,175)
r(20,11,7,176,176)
w(2,46,7,177,177)
w(30,7,7,178,178)
w(4,38,7,179,179)
r(0,141,7,180,180)
r(85,1,7,181,181)
w(0,142,7,182,182)
w(0,143,7,183,183)
w(0,144,7,184,184)
r(1,71,7,185,185)
r(11,7,7,186,186)
w(25,10,7,187,187)
r(2,46,7,188,188)
r(75,1,7,189,189)
r(1,71,7,190,190)
w(1,72,7,191,191)
w(0,145,7,192,192)
r(12,15,7,193,193)
w(21,9,7,194,194)
r(10,17,7,195,195)
w(13,16,7,196,196)
w(36,6,7,197,197)
r(1,72,7,198,198)
w(2,47,7,199,199)
w(16,14,8,0,0)
r(66,3,8,1,1)
w(0,146,8,2,2)
r(5,27,8,3,3)
w(44,4,8,4,4)
r(1,72,8,5,5)
w(37,5,8,6,6)
w(2,48,8,7,7)
w(88,2,8,8,8)
r(3,36,8,9,9)
r(0,146,8,10,10)
r(8,15,8,11,11)
r(5,27,8,12,12)
w(22,8,8,13,13)
w(8,16,8,14,14)
w(72,6,8,15,15)
w(30,8,8,16,16)
r(1,72,8,17,17)
r(15,11,8,18,18)
w(50,5,8,19,19)
w(24,5,8,20,20)
w(4,39,8,21,21)
w(0,147,8,22,22)
r(11,7,8,23,23)
w(1,73,8,24,24)
w(10,18,8,25,25)
w(12,16,8,26,26)
w(0,148,8,27,27)
w(11,8,8,28,28)
w(7,18,8,29,29)
w(0,149,8,30,30)
w(56,2,8,31,31)
r(30,8,8,32,32)
w(1,74,8,33,33)
r(7,18,8,34,34)
w(18,14,8,35,35)
r(1,74,8,36,36)
r(0,149,8,37,37)
r(9,12,8,38,38)
w(29,7,8,39,39)
r(1,74,8,40,40)
r(0,149,8,41,41)
w(68,4,8,42,42)
w(29,8,8,43,43)
r(3,36,8,44,44)
w(1,75,8,45,45)
r(9,12,8,46,46)
w(1,76,8,47,47)
r(3,36,8,48,48)
r(24,5,8,49,49)
w(47,5,8,50,50)
w(48,1,8,51,51)
w(36,7,8,52,52)
w(0,150,8,53,53)
w(7,19,8,54,54)
r(2,48,8,55,55)
r(17,7,8,56,56)
r(18,14,8,57,57)
r(2,48,8,58,58)
w(56,3,8,59,59)
r(23,7,8,60,60)
r(61,1,8,61,61)
w(52,4,8,62,62)
w(0,151,8,63,63)
w(2,49,8,64,64)
w(42,5,8,65,65)
r(0,151,8,66,66)
w(81,3,8,67,67)
r(1,76,8,68,68)
r(10,18,8,69,69)
w(9,13,8,70,70)
w(6,19,8,71,71)
w(0,152,8,72,72)
w(14,13,8,73,73)
w(0,153,8,74,74)
r(0,153,8,75,75)
r(23,7,8,76,76)
r(61,1,8,77,77)
w(11,9,8,78,78)
r(17,7,8,79,79)
w(11,10,8,80,80)
r(39,3,8,81,81)
r(99,2,8,82,82)
r(25,10,8,83,83)
r(4,39,8,84,84)
w(24,6,8,85,85)
w(43,5,8,86,86)
r(55,4,8,87,87)
r(1,76,8,88,88)
r(24,6,8,89,89)
r(14,13,8,90,90)
w(6,20,8,91,91)
w(0,154,8,92,92)
r(10,18,8,93,93)
r(28,3,8,94,94)
r(54,6,8,95,95)
r(0,154,8,96,96)
w(0,155,8,97,97)
w(3,37,8,98,98)
w(1,77,8,99,99)
r(9,13,8,100,100)
r(4,39,8,101,101)
w(13,17,8,102,102)
w(0,156,8,103,103)
r(1,77,8,104,104)
w(16,15,8,105,105)
r(24,6,8,106,106)
r(0,156,8,107,107)
w(57,4,8,108,108)
r(4,39,8,109,109)
w(0,157,8,110,110)
w(79,2,8,111,111)
r(22,8,8,112,112)
w(1,78,8,113,113)
w(0,158,8,114,114)
w(1,79,8,115,115)
r(18,14,8,116,116)
r(7,19,8,117,117)
w(14,14,8,118,118)
w(1,80,8,119,119)
r(11,10,8,120,120)
w(0,159,8,121,121)
w(25,11,8,122,122)
r(5,27,8,123,123)
w(13,18,8,124,124)
w(7,20,8,125,125)
r(0,159,8,126,126)
r(1,80,8,127,127)
r(22,8,8,128,128)
r(53,4,8,129,129)
w(30,9,8,130,130)
r(4,39,8,131,131)
r(1,80,8,132,132)
w(5,28,8,133,133)
r(46,5,8,134,134)
r(15,11,8,135,135)
r(21,9,8,136,136)
r(78,2,8,137,137)
r(27,5,8,138,138)
w(71,4,8,139,139)
r(32,3,8,140,140)
r(43,5,8,141,141)
r(3,37,8,142,142)
w(1,81,8,143,143)
w(31,7,8,144,144)
w(20,12,8,145,145)
w(0,160,8,146,146)
w(3,38,8,147,147)
w(0,161,8,148,148)
w(0,162,8,149,149)
r(20,12,8,150,150)
w(0,163,8,151,151)
r(72,6,8,152,152)
r(31,7,8,153,153)
r(6,20,8,154,154)
r(95,2,8,155,155)
w(26,4,8,156,156)
w(29,9,8,157,157)
r(24,6,8,158,158)
w(13,19,8,159,159)
w(0,164,8,160,160)
r(66,3,8,161,161)
r(0,164,8,162,162)
r(6,20,8,163,163)
w(10,19,8,164,164)
w(0,165,8,165,165)
w(9,14,8,166,166)
r(0,165,8,167,167)
r(56,3,8,168,168)
w(1,82,8,169,169)
r(3,38,8,170,170)
r(0,165,8,171,171)
r(8,16,8,172,172)
w(2,50,8,173,173)
r(38,3,8,174,174)
r(5,28,8,175,175)
r(77,4,8,176,176)
w(0,166,8,177,177)
w(1,83,8,178,178)
r(25,11,8,179,179)
w(8,17,8,180,180)
w(4,40,8,181,181)
w(0,167,8,182,182)
w(20,13,8,183,183)
r(30,9,8,184,184)
w(0,168,8,185,185)
w(83,1,8,186,186)
r(0,168,8,187,187)
w(0,169,8,188,188)
r(1,83,8,189,189)
r(3,38,8,190,190)
w(62,1,8,191,191)
r(0,169,8,192,192)
r(12,16,8,193,193)
w(2,51,8,194,194)
r(0,169,8,195,195)
r(40,5,8,196,196)
r(6,20,8,197,197)
w(14,15,8,198,198)
r(4,40,8,199,199)
r(2,51,9,0,0)
r(20,13,9,1,1)
r(3,38,9,2,2)
w(77,5,9,3,3)
r(64,3,9,4,4)
r(5,28,9,5,5)
r(83,1,9,6,6)
w(1,84,9,7,7)
w(77,6,9,8,8)
w(5,29,9,9,9)
r(9,14,9,10,10)
w(0,170,9,11,11)
r(3,38,9,12,12)
w(3,39,9,13,13)
r(11,10,9,14,14)
r(1,84,9,15,15)
r(6,20,9,16,16)
w(33,4,9,17,17)
w(1,85,9,18,18)
r(1,85,9,19,19)
r(94,1,9,20,20)
w(0,171,9,21,21)
r(13,19,9,22,22)
r(30,9,9,23,23)
r(1,85,9,24,24)
r(1,85,9,25,25)
r(83,1,9,26,26)
r(33,4,9,27,27)
w(0,172,9,28,28)
w(83,2,9,29,29)
w(15,12,9,30,30)
r(10,19,9,31,31)
r(16,15,9,32,32)
w(89,2,9,33,33)
r(24,6,9,34,34)
w(8,18,9,35,35)
w(17,8,9,36,36)
r(38,3,9,37,37)
w(4,41,9,38,38)
r(84,0,9,39,39)
r(62,1,9,40,40)
w(2,52,9,41,41)
w(3,40,9,42,42)
r(2,52,9,43,43)
r(61,1,9,44,44)
w(1,86,9,45,45)
r(3,40,9,46,46)
w(12,17,9,47,47)
r(3,40,9,48,48)
r(0,172,9,49,49)
r(3,40,9,50,50)
w(0,173,9,51,51)
w(0,174,9,52,52)
w(1,87,9,53,53)
w(53,5,9,54,54)
r(81,3,9,55,55)
r(3,40,9,56,56)
w(68,5,9,57,57)
r(13,19,9,58,58)
r(6,20,9,59,59)
r(5,29,9,60,60)
r(3,40,9,61,61)
r(1,87,9,62,62)
r(85,1,9,63,63)
w(1,88,9,64,64)
r(74,5,9,65,65)
w(63,3,9,66,66)
w(9,15,9,67,67)
r(10,19,9,68,68)
r(4,41,9,69,69)
r(68,5,9,70,70)
w(4,42,9,71,71)
w(23,8,9,72,72)
w(8,19,9,73,73)
w(7,21,9,74,74)
r(7,21,9,75,75)
w(1,89,9,76,76)
r(3,40,9,77,77)
r(2,52,9,78,78)
w(16,16,9,79,79)
r(0,174,9,80,80)
w(4,43,9,81,81)
w(51,1,9,82,82)
r(1,89,9,83,83)
w(18,15,9,84,84)
w(11,11,9,85,85)
r(0,174,9,86,86)
r(77,6,9,87,87)
r(28,3,9,88,88)
r(0,174,9,89,89)
r(0,174,9,90,90)
r(10,19,9,91,91)
w(1,90,9,92,92)
w(93,2,9,93,93)
w(58,2,9,94,94)
w(15,13,9,95,95)
w(2,53,9,96,96)
w(66,4,9,97,97)
w(36,8,9,98,98)
r(6,20,9,99,99)
r(11,11,9,100,100)
w(13,20,9,101,101)
w(36,9,9,102,102)
r(5,29,9,103,103)
r(50,5,9,104,104)
r(98,1,9,105,105)
w(21,10,9,106,106)
w(0,175,9,107,107)
r(35,3,9,108,108)
r(0,175,9,109,109)
w(6,21,9,110,110)
r(34,5,9,111,111)
r(86,1,9,112,112)
w(7,22,9,113,113)
w(17,9,9,114,114)
r(0,175,9,115,115)
r(13,20,9,116,116)
w(2,54,9,117,117)
w(0,176,9,118,118)
r(5,29,9,119,119)
r(0,176,9,120,120)
w(33,5,9,121,121)
w(34,6,9,122,122)
r(8,19,9,123,123)
w(8,20,9,124,124)
w(87,2,9,125,125)
w(3,41,9,126,126)
r(92,0,9,127,127)
r(0,176,9,128,128)
r(26,4,9,129,129)
w(11,12,9,130,130)
w(52,5,9,131,131)
r(84,0,9,132,132)
w(0,177,9,133,133)
r(9,15,9,134,134)
w(2,55,9,135,135)
r(4,43,9,136,136)
r(7,22,9,137,137)
r(1,90,9,138,138)
w(51,2,9,139,139)
w(0,178,9,140,140)
w(47,6,9,141,141)
r(49,3,9,142,142)
w(38,4,9,143,143)
w(18,16,9,144,144)
w(44,5,9,145,145)
r(2,55,9,146,146)
r(1,90,9,147,147)
w(66,5,9,148,148)
r(46,5,9,149,149)
r(85,1,9,150,150)
w(39,4,9,151,151)
w(21,11,9,152,152)
r(3,41,9,153,153)
w(0,179,9,154,154)
r(8,20,9,155,155)
w(20,14,9,156,156)
w(3,42,9,157,157)
r(4,43,9,158,158)
w(11,13,9,159,159)
r(3,42,9,160,160)
r(71,4,9,161,161)
w(1,91,9,162,162)
w(0,180,9,163,163)
w(0,181,9,164,164)
r(80,1,9,165,165)
w(0,182,9,166,166)
r(0,182,9,167,167)
r(24,6,9,168,168)
w(50,6,9,169,169)
r(0,182,9,170,170)
r(29,9,9,171,171)
w(88,3,9,172,172)
w(1,92,9,173,173)
w(0,183,9,174,174)
r(65,1,9,175,175)
w(47,7,9,176,176)
r(33,5,9,177,177)
w(1,93,9,178,178)
r(6,21,9,179,179)
w(0,184,9,180,180)
w(6,22,9,181,181)
w(6,23,9,182,182)
r(1,93,9,183,183)
r(4,43,9,184,184)
r(61,1,9,185,185)
w(1,94,9,186,186)
r(0,184,9,187,187)
w(0,185,9,188,188)
w(10,20,9,189,189)
r(7,22,9,190,190)
r(0,185,9,191,191)
r(4,43,9,192,192)
r(14,15,9,193,193)
r(3,42,9,194,194)
w(22,9,9,195,195)
w(7,23,9,196,196)
r(21,11,9,197,197)
r(17,9,9,198,198)
w(0,186,9,199,199)
