r(431,0,0,0,0)
w(7,1,0,1,1)
w(2,1,0,2,2)
w(17,1,0,3,3)
w(0,1,0,4,4)
w(13,1,0,5,5)
w(23,1,0,6,6)
w(262,1,0,7,7)
w(1,1,0,8,8)
w(262,2,0,9,9)
w(2,2,0,10,10)
w(33,1,0,11,11)
w(2,3,0,12,12)
w(3,1,0,13,13)
w(708,1,0,14,14)
w(258,1,0,15,15)
w(266,1,0,16,16)
w(569,1,0,17,17)
w(203,1,0,18,18)
r(57,0,0,19,19)
w(0,2,0,20,20)
w(0,3,0,21,21)
r(134,0,0,22,22)
w(18,1,0,23,23)
w(0,4,0,24,24)
w(0,5,0,25,25)
w(5,1,0,26,26)
w(425,1,0,27,27)
w(20,1,0,28,28)
w(892,1,0,29,29)
r(0,5,0,30,30)
w(11,1,0,31,31)
w(1,2,0,32,32)
w(5,2,0,33,33)
w(0,6,0,34,34)
w(107,1,0,35,35)
w(359,1,0,36,36)
w(133,1,0,37,37)
w(26,1,0,38,38)
w(82,1,0,39,39)
w(5,3,0,40,40)
w(2,4,0,41,41)
w(15,1,0,42,42)
w(19,1,0,43,43)
w(21,1,0,44,44)
r(31,0,0,45,45)
w(4,1,0,46,46)
w(14,1,0,47,47)
w(466,1,0,48,48)
w(12,1,0,49,49)
w(82,2,0,50,50)
w(6,1,0,51,51)
w(127,1,0,52,52)
w(4,2,0,53,53)
w(48,1,0,54,54)
w(251,1,0,55,55)
w(1,3,0,56,56)
w(6,2,0,57,57)
w(22,1,0,58,58)
w(0,7,0,59,59)
w(1,4,0,60,60)
w(646,1,0,61,61)
w(0,8,0,62,62)
w(1,5,0,63,63)
r(0,8,0,64,64)
w(23,2,0,65,65)
w(21,2,0,66,66)
r(151,0,0,67,67)
w(117,1,0,68,68)
w(42,1,0,69,69)
w(2,5,0,70,70)
w(12,2,0,71,71)
r(2,5,0,72,72)
w(0,9,0,73,73)
w(9,1,0,74,74)
w(9,2,0,75,75)
w(0,10,0,76,76)
w(44,1,0,77,77)
w(37,1,0,78,78)
w(98,1,0,79,79)
w(0,11,0,80,80)
w(864,1,0,81,81)
w(21,3,0,82,82)
w(36,1,0,83,83)
w(0,12,0,84,84)
w(17,2,0,85,85)
w(811,1,0,86,86)
w(15,2,0,87,87)
w(543,1,0,88,88)
w(65,1,0,89,89)
w(6,3,0,90,90)
w(6,4,0,91,91)
w(2,6,0,92,92)
w(7,2,0,93,93)
w(14,2,0,94,94)
w(244,1,0,95,95)
w(0,13,0,96,96)
w(71,1,0,97,97)
w(57,1,0,98,98)
w(19,2,0,99,99)
w(944,1,1,0,0)
w(1,6,1,1,1)
w(772,1,1,2,2)
w(60,1,1,3,3)
w(50,1,1,4,4)
w(44,2,1,5,5)
w(5,4,1,6,6)
w(1,7,1,7,7)
w(242,1,1,8,8)
w(16,1,1,9,9)
w(615,1,1,10,10)
w(93,1,1,11,11)
w(25,1,1,12,12)
w(106,1,1,13,13)
w(15,3,1,14,14)
w(1,8,1,15,15)
w(38,1,1,16,16)
w(4,3,1,17,17)
w(61,1,1,18,18)
w(0,14,1,19,19)
w(51,1,1,20,20)
w(261,1,1,21,21)
w(32,1,1,22,22)
w(27,1,1,23,23)
w(500,1,1,24,24)
r(0,14,1,25,25)
w(560,1,1,26,26)
w(0,15,1,27,27)
w(68,1,1,28,28)
w(330,1,1,29,29)
w(5,5,1,30,30)
w(2,7,1,31,31)
w(5,6,1,32,32)
r(2,7,1,33,33)
w(46,1,1,34,34)
w(42,2,1,35,35)
w(31,1,1,36,36)
w(624,1,1,37,37)
w(0,16,1,38,38)
w(192,1,1,39,39)
w(34,1,1,40,40)
w(15,4,1,41,41)
w(56,1,1,42,42)
r(44,2,1,43,43)
w(74,1,1,44,44)
w(99,1,1,45,45)
w(184,1,1,46,46)
w(707,1,1,47,47)
w(556,1,1,48,48)
w(2,8,1,49,49)
w(43,1,1,50,50)
r(7,2,1,51,51)
w(756,1,1,52,52)
w(15,5,1,53,53)
w(43,2,1,54,54)
r(0,16,1,55,55)
w(35,1,1,56,56)
w(165,1,1,57,57)
w(0,17,1,58,58)
w(224,1,1,59,59)
w(196,1,1,60,60)
w(188,1,1,61,61)
w(0,18,1,62,62)
w(12,3,1,63,63)
w(67,1,1,64,64)
w(66,1,1,65,65)
w(40,1,1,66,66)
w(2,9,1,67,67)
w(0,19,1,68,68)
w(50,2,1,69,69)
w(31,2,1,70,70)
w(2,10,1,71,71)
w(1,9,1,72,72)
w(22,2,1,73,73)
w(57,2,1,74,74)
w(1,10,1,75,75)
w(31,3,1,76,76)
w(113,1,1,77,77)
w(323,1,1,78,78)
w(1,11,1,79,79)
w(4,4,1,80,80)
w(11,2,1,81,81)
w(17,3,1,82,82)
w(2,11,1,83,83)
w(378,1,1,84,84)
w(5,7,1,85,85)
r(81,0,1,86,86)
w(144,1,1,87,87)
w(31,4,1,88,88)
w(325,1,1,89,89)
w(14,3,1,90,90)
w(12,4,1,91,91)
w(1,12,1,92,92)
w(8,1,1,93,93)
w(670,1,1,94,94)
w(72,1,1,95,95)
r(16,1,1,96,96)
r(0,19,1,97,97)
w(1,13,1,98,98)
r(4,4,1,99,99)
w(7,3,2,0,0)
w(14,4,2,1,1)
w(33,2,2,2,2)
w(282,1,2,3,3)
w(6,5,2,4,4)
w(74,2,2,5,5)
w(1,14,2,6,6)
w(820,1,2,7,7)
w(1,15,2,8,8)
w(280,1,2,9,9)
w(389,1,2,10,10)
w(31,5,2,11,11)
w(17,4,2,12,12)
w(70,1,2,13,13)
w(4,5,2,14,14)
w(578,1,2,15,15)
w(3,2,2,16,16)
w(192,2,2,17,17)
w(3,3,2,18,18)
w(312,1,2,19,19)
r(345,0,2,20,20)
r(4,5,2,21,21)
r(51,1,2,22,22)
w(0,20,2,23,23)
w(1,16,2,24,24)
w(59,1,2,25,25)
w(8,2,2,26,26)
w(54,1,2,27,27)
w(3,4,2,28,28)
w(460,1,2,29,29)
w(339,1,2,30,30)
w(1,17,2,31,31)
r(4,5,2,32,32)
w(367,1,2,33,33)
w(320,1,2,34,34)
w(48,2,2,35,35)
w(2,12,2,36,36)
w(369,1,2,37,37)
w(0,21,2,38,38)
w(93,2,2,39,39)
w(28,1,2,40,40)
w(973,1,2,41,41)
w(29,1,2,42,42)
r(12,4,2,43,43)
r(4,5,2,44,44)
w(205,1,2,45,45)
w(18,2,2,46,46)
w(3,5,2,47,47)
w(119,1,2,48,48)
w(50,3,2,49,49)
w(17,5,2,50,50)
w(544,1,2,51,51)
w(203,2,2,52,52)
w(59,2,2,53,53)
w(1,18,2,54,54)
w(5,8,2,55,55)
w(0,22,2,56,56)
w(3,6,2,57,57)
r(447,0,2,58,58)
r(116,0,2,59,59)
w(0,23,2,60,60)
w(12,5,2,61,61)
w(806,1,2,62,62)
w(724,1,2,63,63)
w(0,24,2,64,64)
w(2,13,2,65,65)
w(27,2,2,66,66)
r(2,13,2,67,67)
w(6,6,2,68,68)
w(49,1,2,69,69)
w(115,1,2,70,70)
w(2,14,2,71,71)
w(9,3,2,72,72)
w(5,9,2,73,73)
w(0,25,2,74,74)
w(517,1,2,75,75)
w(181,1,2,76,76)
w(164,1,2,77,77)
w(149,1,2,78,78)
w(6,7,2,79,79)
w(0,26,2,80,80)
w(70,2,2,81,81)
w(6,8,2,82,82)
r(0,26,2,83,83)
w(78,1,2,84,84)
w(32,2,2,85,85)
w(0,27,2,86,86)
w(144,2,2,87,87)
w(5,10,2,88,88)
w(7,4,2,89,89)
r(288,0,2,90,90)
r(9,3,2,91,91)
w(536,1,2,92,92)
w(29,2,2,93,93)
w(48,3,2,94,94)
w(6,9,2,95,95)
w(387,1,2,96,96)
w(3,7,2,97,97)
w(18,3,2,98,98)
w(3,8,2,99,99)
w(38,2,3,0,0)
r(0,27,3,1,1)
w(178,1,3,2,2)
w(164,2,3,3,3)
w(4,6,3,4,4)
w(52,1,3,5,5)
w(23,3,3,6,6)
w(3,9,3,7,7)
w(180,1,3,8,8)
w(124,1,3,9,9)
w(330,2,3,10,10)
w(14,5,3,11,11)
r(281,0,3,12,12)
w(7,5,3,13,13)
w(0,28,3,14,14)
w(2,15,3,15,15)
w(986,1,3,16,16)
w(336,1,3,17,17)
w(206,1,3,18,18)
r(941,0,3,19,19)
w(1,19,3,20,20)
w(45,1,3,21,21)
w(0,29,3,22,22)
w(25,2,3,23,23)
r(500,1,3,24,24)
w(461,1,3,25,25)
w(948,1,3,26,26)
w(31,6,3,27,27)
w(1,20,3,28,28)
w(0,30,3,29,29)
r(259,0,3,30,30)
w(244,2,3,31,31)
w(422,1,3,32,32)
r(40,1,3,33,33)
w(0,31,3,34,34)
w(75,1,3,35,35)
w(66,2,3,36,36)
w(531,1,3,37,37)
w(412,1,3,38,38)
w(456,1,3,39,39)
w(870,1,3,40,40)
r(0,31,3,41,41)
r(76,0,3,42,42)
r(70,2,3,43,43)
w(58,1,3,44,44)
w(6,10,3,45,45)
w(104,1,3,46,46)
w(40,2,3,47,47)
w(0,32,3,48,48)
w(529,1,3,49,49)
w(8,3,3,50,50)
w(2,16,3,51,51)
w(156,1,3,52,52)
w(15,6,3,53,53)
w(28,2,3,54,54)
r(0,32,3,55,55)
w(2,17,3,56,56)
w(63,1,3,57,57)
w(91,1,3,58,58)
w(24,1,3,59,59)
r(3,9,3,60,60)
w(10,1,3,61,61)
w(369,2,3,62,62)
w(0,33,3,63,63)
w(150,1,3,64,64)
w(158,1,3,65,65)
w(5,11,3,66,66)
w(134,1,3,67,67)
w(15,7,3,68,68)
w(108,1,3,69,69)
w(202,1,3,70,70)
w(0,34,3,71,71)
w(30,1,3,72,72)
w(117,2,3,73,73)
w(0,35,3,74,74)
w(39,1,3,75,75)
w(121,1,3,76,76)
w(2,18,3,77,77)
w(33,3,3,78,78)
w(3,10,3,79,79)
w(981,1,3,80,80)
w(9,4,3,81,81)
w(0,36,3,82,82)
w(13,2,3,83,83)
w(54,2,3,84,84)
w(107,2,3,85,85)
w(24,2,3,86,86)
w(0,37,3,87,87)
w(313,1,3,88,88)
w(206,2,3,89,89)
w(7,6,3,90,90)
w(0,38,3,91,91)
w(0,39,3,92,92)
w(79,1,3,93,93)
w(286,1,3,94,94)
w(0,40,3,95,95)
w(2,19,3,96,96)
w(12,6,3,97,97)
w(153,1,3,98,98)
w(460,2,3,99,99)
w(0,41,4,0,0)
w(2,20,4,1,1)
w(10,2,4,2,2)
w(18,4,4,3,3)
w(37,2,4,4,4)
w(51,2,4,5,5)
w(293,1,4,6,6)
w(62,1,4,7,7)
w(78,2,4,8,8)
w(0,42,4,9,9)
w(7,7,4,10,10)
w(120,1,4,11,11)
w(0,43,4,12,12)
w(4,7,4,13,13)
w(431,1,4,14,14)
w(44,3,4,15,15)
w(557,1,4,16,16)
w(101,1,4,17,17)
w(0,44,4,18,18)
w(132,1,4,19,19)
w(35,2,4,20,20)
w(705,1,4,21,21)
w(4,8,4,22,22)
w(0,45,4,23,23)
w(2,21,4,24,24)
r(29,2,4,25,25)
r(259,0,4,26,26)
w(10,3,4,27,27)
r(20,1,4,28,28)
w(34,2,4,29,29)
w(105,1,4,30,30)
w(177,1,4,31,31)
w(262,3,4,32,32)
w(0,46,4,33,33)
w(355,1,4,34,34)
w(1,21,4,35,35)
w(883,1,4,36,36)
w(16,2,4,37,37)
w(2,22,4,38,38)
w(203,3,4,39,39)
w(90,1,4,40,40)
r(1,21,4,41,41)
w(265,1,4,42,42)
w(9,5,4,43,43)
w(0,47,4,44,44)
r(2,22,4,45,45)
w(1,22,4,46,46)
w(532,1,4,47,47)
w(31,7,4,48,48)
w(9,6,4,49,49)
w(1,23,4,50,50)
w(109,1,4,51,51)
w(38,3,4,52,52)
w(37,3,4,53,53)
r(121,1,4,54,54)
w(578,2,4,55,55)
w(9,7,4,56,56)
w(4,9,4,57,57)
w(7,8,4,58,58)
w(39,2,4,59,59)
w(0,48,4,60,60)
w(766,1,4,61,61)
w(100,1,4,62,62)
r(24,2,4,63,63)
w(32,3,4,64,64)
w(32,4,4,65,65)
w(88,1,4,66,66)
r(320,1,4,67,67)
w(2,23,4,68,68)
w(176,1,4,69,69)
w(0,49,4,70,70)
w(0,50,4,71,71)
w(88,2,4,72,72)
w(347,1,4,73,73)
w(0,51,4,74,74)
r(68,1,4,75,75)
w(0,52,4,76,76)
w(14,6,4,77,77)
w(0,53,4,78,78)
w(0,54,4,79,79)
r(0,54,4,80,80)
w(220,1,4,81,81)
r(0,54,4,82,82)
w(0,55,4,83,83)
w(2,24,4,84,84)
w(14,7,4,85,85)
w(9,8,4,86,86)
w(0,56,4,87,87)
w(117,3,4,88,88)
w(2,25,4,89,89)
w(165,2,4,90,90)
w(0,57,4,91,91)
w(7,9,4,92,92)
w(196,2,4,93,93)
w(37,4,4,94,94)
w(4,10,4,95,95)
r(6,10,4,96,96)
w(8,4,4,97,97)
w(0,58,4,98,98)
w(862,1,4,99,99)
w(42,3,5,0,0)
w(39,3,5,1,1)
w(95,1,5,2,2)
w(4,11,5,3,3)
w(420,1,5,4,4)
w(139,1,5,5,5)
w(2,26,5,6,6)
w(0,59,5,7,7)
w(0,60,5,8,8)
w(328,1,5,9,9)
w(45,2,5,10,10)
w(1,24,5,11,11)
w(11,3,5,12,12)
w(337,1,5,13,13)
w(11,4,5,14,14)
w(1,25,5,15,15)
w(255,1,5,16,16)
r(8,4,5,17,17)
w(145,1,5,18,18)
r(2,26,5,19,19)
w(0,61,5,20,20)
r(17,5,5,21,21)
w(328,2,5,22,22)
w(45,3,5,23,23)
w(852,1,5,24,24)
w(78,3,5,25,25)
w(2,27,5,26,26)
w(13,3,5,27,27)
w(457,1,5,28,28)
w(0,62,5,29,29)
w(2,28,5,30,30)
w(227,1,5,31,31)
w(2,29,5,32,32)
w(0,63,5,33,33)
w(242,2,5,34,34)
w(15,8,5,35,35)
w(2,30,5,36,36)
r(5,11,5,37,37)
w(7,10,5,38,38)
w(2,31,5,39,39)
w(714,1,5,40,40)
w(54,3,5,41,41)
w(3,11,5,42,42)
w(23,4,5,43,43)
w(13,4,5,44,44)
w(426,1,5,45,45)
w(580,1,5,46,46)
w(786,1,5,47,47)
w(157,1,5,48,48)
w(2,32,5,49,49)
w(674,1,5,50,50)
w(315,1,5,51,51)
w(376,1,5,52,52)
w(13,5,5,53,53)
w(191,1,5,54,54)
w(10,4,5,55,55)
w(0,64,5,56,56)
w(90,2,5,57,57)
w(679,1,5,58,58)
w(24,3,5,59,59)
w(67,2,5,60,60)
r(25,2,5,61,61)
w(1,26,5,62,62)
w(982,1,5,63,63)
w(0,65,5,64,64)
w(43,3,5,65,65)
w(10,5,5,66,66)
r(5,11,5,67,67)
w(110,1,5,68,68)
w(528,1,5,69,69)
w(0,66,5,70,70)
w(791,1,5,71,71)
w(0,67,5,72,72)
w(20,2,5,73,73)
w(3,12,5,74,74)
w(0,68,5,75,75)
r(86,0,5,76,76)
w(150,2,5,77,77)
w(79,2,5,78,78)
w(71,2,5,79,79)
w(69,1,5,80,80)
w(6,11,5,81,81)
w(726,1,5,82,82)
w(991,1,5,83,83)
w(11,5,5,84,84)
w(19,3,5,85,85)
w(177,2,5,86,86)
w(713,1,5,87,87)
w(0,69,5,88,88)
w(0,70,5,89,89)
w(71,3,5,90,90)
w(0,71,5,91,91)
w(18,5,5,92,92)
w(28,3,5,93,93)
w(0,72,5,94,94)
w(0,73,5,95,95)
r(231,0,5,96,96)
w(475,1,5,97,97)
r(7,10,5,98,98)
r(2,32,5,99,99)
w(233,1,6,0,0)
w(16,3,6,1,1)
w(6,12,6,2,2)
w(7,11,6,3,3)
w(2,33,6,4,4)
r(13,5,6,5,5)
w(30,2,6,6,6)
w(565,1,6,7,7)
r(785,0,6,8,8)
w(0,74,6,9,9)
w(166,1,6,10,10)
w(0,75,6,11,11)
w(5,12,6,12,12)
w(13,6,6,13,13)
w(1,27,6,14,14)
r(0,75,6,15,15)
w(1,28,6,16,16)
w(1,29,6,17,17)
w(2,34,6,18,18)
r(181,1,6,19,19)
w(359,2,6,20,20)
w(0,76,6,21,21)
w(907,1,6,22,22)
w(0,77,6,23,23)
w(6,13,6,24,24)
w(20,3,6,25,25)
w(647,1,6,26,26)
w(122,1,6,27,27)
w(176,2,6,28,28)
w(517,2,6,29,29)
w(0,78,6,30,30)
w(368,1,6,31,31)
w(4,12,6,32,32)
w(483,1,6,33,33)
w(818,1,6,34,34)
w(4,13,6,35,35)
w(208,1,6,36,36)
w(253,1,6,37,37)
w(7,12,6,38,38)
w(114,1,6,39,39)
w(109,2,6,40,40)
w(119,2,6,41,41)
w(2,35,6,42,42)
w(1,30,6,43,43)
w(75,2,6,44,44)
w(476,1,6,45,45)
w(46,2,6,46,46)
w(8,5,6,47,47)
w(26,2,6,48,48)
w(0,79,6,49,49)
w(26,3,6,50,50)
w(5,13,6,51,51)
w(13,7,6,52,52)
w(1,31,6,53,53)
w(6,14,6,54,54)
r(476,1,6,55,55)
w(1,32,6,56,56)
w(130,1,6,57,57)
w(0,80,6,58,58)
r(785,0,6,59,59)
w(65,2,6,60,60)
w(1,33,6,61,61)
w(1,34,6,62,62)
r(61,1,6,63,63)
w(141,1,6,64,64)
w(2,36,6,65,65)
w(1,35,6,66,66)
w(1,36,6,67,67)
r(109,2,6,68,68)
w(310,1,6,69,69)
w(4,14,6,70,70)
w(4,15,6,71,71)
w(20,4,6,72,72)
w(11,6,6,73,73)
w(95,2,6,74,74)
w(3,13,6,75,75)
w(0,81,6,76,76)
w(9,9,6,77,77)
w(0,82,6,78,78)
w(674,2,6,79,79)
w(0,83,6,80,80)
w(0,84,6,81,81)
w(1,37,6,82,82)
w(235,1,6,83,83)
w(24,4,6,84,84)
w(608,1,6,85,85)
r(561,0,6,86,86)
w(550,1,6,87,87)
r(72,1,6,88,88)
w(1,38,6,89,89)
w(8,6,6,90,90)
r(15,8,6,91,91)
w(0,85,6,92,92)
w(14,8,6,93,93)
r(258,1,6,94,94)
w(23,5,6,95,95)
w(3,14,6,96,96)
w(43,4,6,97,97)
w(0,86,6,98,98)
w(7,13,6,99,99)
w(2,37,7,0,0)
w(121,2,7,1,1)
w(0,87,7,2,2)
w(19,4,7,3,3)
r(0,87,7,4,4)
w(0,88,7,5,5)
w(554,1,7,6,6)
w(1,39,7,7,7)
w(605,1,7,8,8)
w(43,5,7,9,9)
w(20,5,7,10,10)
w(150,3,7,11,11)
w(3,15,7,12,12)
r(11,6,7,13,13)
w(45,4,7,14,14)
w(3,16,7,15,15)
w(73,1,7,16,16)
r(141,1,7,17,17)
w(239,1,7,18,18)
w(547,1,7,19,19)
w(7,14,7,20,20)
r(762,0,7,21,21)
w(5,14,7,22,22)
w(1,40,7,23,23)
w(34,3,7,24,24)
w(401,1,7,25,25)
r(1,40,7,26,26)
w(292,1,7,27,27)
w(18,6,7,28,28)
r(22,2,7,29,29)
r(14,8,7,30,30)
w(1,41,7,31,31)
r(162,0,7,32,32)
w(37,5,7,33,33)
w(178,2,7,34,34)
w(734,1,7,35,35)
w(126,1,7,36,36)
w(3,17,7,37,37)
w(9,10,7,38,38)
w(2,38,7,39,39)
w(0,89,7,40,40)
w(0,90,7,41,41)
w(1,42,7,42,42)
w(7,15,7,43,43)
w(306,1,7,44,44)
w(75,3,7,45,45)
w(44,4,7,46,46)
w(638,1,7,47,47)
r(132,1,7,48,48)
w(20,6,7,49,49)
w(568,1,7,50,50)
w(0,91,7,51,51)
w(135,1,7,52,52)
w(53,1,7,53,53)
w(0,92,7,54,54)
w(0,93,7,55,55)
w(19,5,7,56,56)
w(0,94,7,57,57)
w(54,4,7,58,58)
w(874,1,7,59,59)
w(0,95,7,60,60)
w(0,96,7,61,61)
w(417,1,7,62,62)
r(5,14,7,63,63)
r(353,0,7,64,64)
w(9,11,7,65,65)
w(4,16,7,66,66)
w(59,3,7,67,67)
w(3,18,7,68,68)
w(411,1,7,69,69)
w(2,39,7,70,70)
w(0,97,7,71,71)
w(123,1,7,72,72)
w(15,9,7,73,73)
r(106,1,7,74,74)
r(18,6,7,75,75)
w(20,7,7,76,76)
w(462,1,7,77,77)
w(85,1,7,78,78)
w(99,2,7,79,79)
w(34,4,7,80,80)
w(7,16,7,81,81)
w(100,2,7,82,82)
w(0,98,7,83,83)
w(1,43,7,84,84)
w(12,7,7,85,85)
w(5,15,7,86,86)
w(24,5,7,87,87)
r(1,43,7,88,88)
w(24,6,7,89,89)
w(16,4,7,90,90)
w(45,5,7,91,91)
w(152,1,7,92,92)
w(23,6,7,93,93)
r(0,98,7,94,94)
r(11,6,7,95,95)
w(8,7,7,96,96)
w(101,2,7,97,97)
w(15,10,7,98,98)
w(577,1,7,99,99)
w(79,3,8,0,0)
w(196,3,8,1,1)
r(4,16,8,2,2)
w(5,16,8,3,3)
w(41,1,8,4,4)
w(7,17,8,5,5)
w(0,99,8,6,6)
w(265,2,8,7,7)
w(0,100,8,8,8)
w(8,8,8,9,9)
w(0,101,8,10,10)
w(1,44,8,11,11)
w(1,45,8,12,12)
w(150,4,8,13,13)
w(4,17,8,14,14)
w(1,46,8,15,15)
w(116,1,8,16,16)
w(0,102,8,17,17)
w(10,6,8,18,18)
w(0,103,8,19,19)
w(289,1,8,20,20)
r(508,0,8,21,21)
w(379,1,8,22,22)
w(0,104,8,23,23)
w(0,105,8,24,24)
r(285,0,8,25,25)
w(1,47,8,26,26)
w(3,19,8,27,27)
w(50,4,8,28,28)
w(167,1,8,29,29)
w(8,9,8,30,30)
w(70,3,8,31,31)
w(1,48,8,32,32)
r(0,105,8,33,33)
w(257,1,8,34,34)
w(5,17,8,35,35)
w(461,2,8,36,36)
r(0,105,8,37,37)
w(0,106,8,38,38)
w(12,8,8,39,39)
w(26,4,8,40,40)
w(36,2,8,41,41)
w(28,4,8,42,42)
w(21,4,8,43,43)
w(0,107,8,44,44)
w(209,1,8,45,45)
r(0,107,8,46,46)
r(2,39,8,47,47)
w(451,1,8,48,48)
w(12,9,8,49,49)
r(0,107,8,50,50)
w(55,1,8,51,51)
w(32,5,8,52,52)
w(153,2,8,53,53)
w(11,7,8,54,54)
w(334,1,8,55,55)
w(0,108,8,56,56)
w(92,1,8,57,57)
w(499,1,8,58,58)
w(0,109,8,59,59)
w(27,3,8,60,60)
w(36,3,8,61,61)
w(11,8,8,62,62)
r(12,9,8,63,63)
w(1,49,8,64,64)
w(0,110,8,65,65)
w(3,20,8,66,66)
w(511,1,8,67,67)
r(0,110,8,68,68)
w(1,50,8,69,69)
w(1,51,8,70,70)
w(121,3,8,71,71)
r(2,39,8,72,72)
w(5,18,8,73,73)
w(21,5,8,74,74)
r(16,4,8,75,75)
w(1,52,8,76,76)
w(58,2,8,77,77)
w(756,2,8,78,78)
w(57,3,8,79,79)
w(6,15,8,80,80)
w(0,111,8,81,81)
w(89,1,8,82,82)
r(2,39,8,83,83)
w(0,112,8,84,84)
r(0,112,8,85,85)
w(344,1,8,86,86)
w(7,18,8,87,87)
r(16,4,8,88,88)
w(4,18,8,89,89)
w(12,10,8,90,90)
w(33,4,8,91,91)
w(770,1,8,92,92)
w(22,3,8,93,93)
w(254,1,8,94,94)
w(790,1,8,95,95)
w(4,19,8,96,96)
w(807,1,8,97,97)
r(20,7,8,98,98)
w(1,53,8,99,99)
w(0,113,9,0,0)
w(2,40,9,1,1)
w(38,4,9,2,2)
w(720,1,9,3,3)
w(7,19,9,4,4)
w(2,41,9,5,5)
w(356,1,9,6,6)
w(107,3,9,7,7)
w(4,20,9,8,8)
w(6,16,9,9,9)
r(5,18,9,10,10)
w(0,114,9,11,11)
w(293,2,9,12,12)
w(42,4,9,13,13)
w(5,19,9,14,14)
w(2,42,9,15,15)
w(178,3,9,16,16)
w(17,6,9,17,17)
w(18,7,9,18,18)
w(11,9,9,19,19)
w(7,20,9,20,20)
w(0,115,9,21,21)
w(767,1,9,22,22)
w(51,3,9,23,23)
w(6,17,9,24,24)
w(251,2,9,25,25)
r(0,115,9,26,26)
w(8,10,9,27,27)
w(3,21,9,28,28)
w(727,1,9,29,29)
w(460,3,9,30,30)
w(103,1,9,31,31)
w(27,4,9,32,32)
w(0,116,9,33,33)
w(10,7,9,34,34)
w(0,117,9,35,35)
w(0,118,9,36,36)
w(319,1,9,37,37)
w(516,1,9,38,38)
w(819,1,9,39,39)
r(3,21,9,40,40)
w(4,21,9,41,41)
r(18,7,9,42,42)
w(1,54,9,43,43)
w(2,43,9,44,44)
w(327,1,9,45,45)
w(943,1,9,46,46)
w(6,18,9,47,47)
w(0,119,9,48,48)
w(0,120,9,49,49)
w(18,8,9,50,50)
r(53,1,9,51,51)
w(137,1,9,52,52)
w(1,55,9,53,53)
w(52,2,9,54,54)
w(305,1,9,55,55)
w(877,1,9,56,56)
w(7,21,9,57,57)
w(6,19,9,58,58)
r(27,4,9,59,59)
w(177,3,9,60,60)
w(48,4,9,61,61)
r(15,10,9,62,62)
w(55,2,9,63,63)
w(18,9,9,64,64)
r(40,2,9,65,65)
w(289,2,9,66,66)
w(14,9,9,67,67)
w(3,22,9,68,68)
w(12,11,9,69,69)
w(1,56,9,70,70)
w(19,6,9,71,71)
w(241,1,9,72,72)
w(0,121,9,73,73)
w(2,44,9,74,74)
w(293,3,9,75,75)
w(0,122,9,76,76)
w(109,3,9,77,77)
w(48,5,9,78,78)
w(705,2,9,79,79)
w(379,2,9,80,80)
w(61,2,9,81,81)
r(1,56,9,82,82)
r(97,0,9,83,83)
w(0,123,9,84,84)
r(331,0,9,85,85)
w(0,124,9,86,86)
w(13,8,9,87,87)
w(16,5,9,88,88)
w(51,4,9,89,89)
w(394,1,9,90,90)
w(292,2,9,91,91)
w(14,10,9,92,92)
w(1,57,9,93,93)
w(1,58,9,94,94)
w(469,1,9,95,95)
w(12,12,9,96,96)
w(13,9,9,97,97)
w(823,1,9,98,98)
w(21,6,9,99,99)
w(26,5,10,0,0)
w(286,2,10,1,1)
w(47,1,10,2,2)
w(10,8,10,3,3)
w(1,59,10,4,4)
w(974,1,10,5,5)
w(0,125,10,6,6)
w(0,126,10,7,7)
w(2,45,10,8,8)
w(0,127,10,9,9)
w(883,2,10,10,10)
w(504,1,10,11,11)
w(0,128,10,12,12)
w(109,4,10,13,13)
r(24,6,10,14,14)
r(0,128,10,15,15)
w(74,3,10,16,16)
w(65,3,10,17,17)
w(133,2,10,18,18)
w(680,1,10,19,19)
w(2,46,10,20,20)
r(950,0,10,21,21)
w(825,1,10,22,22)
w(158,2,10,23,23)
w(55,3,10,24,24)
w(0,129,10,25,25)
w(19,7,10,26,26)
w(17,7,10,27,27)
r(523,0,10,28,28)
w(371,1,10,29,29)
w(2,47,10,30,30)
w(139,2,10,31,31)
w(142,1,10,32,32)
w(76,1,10,33,33)
w(382,1,10,34,34)
w(832,1,10,35,35)
w(158,3,10,36,36)
w(140,1,10,37,37)
w(394,2,10,38,38)
w(1,60,10,39,39)
r(29,2,10,40,40)
w(27,5,10,41,41)
w(0,130,10,42,42)
w(581,1,10,43,43)
r(123,1,10,44,44)
w(237,1,10,45,45)
w(1,61,10,46,46)
w(3,23,10,47,47)
w(12,13,10,48,48)
w(1,62,10,49,49)
w(1,63,10,50,50)
w(203,4,10,51,51)
w(889,1,10,52,52)
w(55,4,10,53,53)
r(32,5,10,54,54)
w(1,64,10,55,55)
w(11,10,10,56,56)
w(571,1,10,57,57)
w(95,3,10,58,58)
w(160,1,10,59,59)
w(43,6,10,60,60)
w(768,1,10,61,61)
w(155,1,10,62,62)
w(6,20,10,63,63)
w(98,2,10,64,64)
w(35,3,10,65,65)
w(16,6,10,66,66)
w(665,1,10,67,67)
w(34,5,10,68,68)
w(555,1,10,69,69)
w(15,11,10,70,70)
r(728,0,10,71,71)
w(87,1,10,72,72)
w(458,1,10,73,73)
w(192,3,10,74,74)
w(3,24,10,75,75)
w(71,4,10,76,76)
w(41,2,10,77,77)
w(1,65,10,78,78)
w(486,1,10,79,79)
w(709,1,10,80,80)
w(393,1,10,81,81)
w(33,5,10,82,82)
r(310,1,10,83,83)
w(5,20,10,84,84)
w(83,1,10,85,85)
w(240,1,10,86,86)
w(13,10,10,87,87)
w(18,10,10,88,88)
w(24,7,10,89,89)
r(5,20,10,90,90)
w(1,66,10,91,91)
w(1,67,10,92,92)
w(336,2,10,93,93)
w(410,1,10,94,94)
w(3,25,10,95,95)
w(220,2,10,96,96)
w(680,2,10,97,97)
w(0,131,10,98,98)
w(400,1,10,99,99)
w(115,2,11,0,0)
w(152,2,11,1,1)
w(27,6,11,2,2)
w(396,1,11,3,3)
w(0,132,11,4,4)
w(599,1,11,5,5)
w(4,22,11,6,6)
w(353,1,11,7,7)
w(6,21,11,8,8)
w(0,133,11,9,9)
w(145,2,11,10,10)
w(2,48,11,11,11)
w(9,12,11,12,12)
r(122,1,11,13,13)
w(14,11,11,14,14)
w(471,1,11,15,15)
w(848,1,11,16,16)
r(68,1,11,17,17)
w(183,1,11,18,18)
r(0,133,11,19,19)
w(56,2,11,20,20)
w(8,11,11,21,21)
w(4,23,11,22,22)
w(129,1,11,23,23)
w(9,13,11,24,24)
w(0,134,11,25,25)
w(0,135,11,26,26)
w(4,24,11,27,27)
w(44,5,11,28,28)
w(15,12,11,29,29)
w(7,22,11,30,30)
w(34,6,11,31,31)
w(554,2,11,32,32)
w(5,21,11,33,33)
w(4,25,11,34,34)
w(0,136,11,35,35)
w(5,22,11,36,36)
w(0,137,11,37,37)
w(9,14,11,38,38)
w(4,26,11,39,39)
w(192,4,11,40,40)
w(1,68,11,41,41)
w(51,5,11,42,42)
w(12,14,11,43,43)
w(36,4,11,44,44)
w(47,2,11,45,45)
r(41,2,11,46,46)
w(667,1,11,47,47)
w(0,138,11,48,48)
w(0,139,11,49,49)
w(4,27,11,50,50)
w(3,26,11,51,51)
w(8,12,11,52,52)
w(90,3,11,53,53)
w(137,2,11,54,54)
w(45,6,11,55,55)
w(9,15,11,56,56)
w(19,8,11,57,57)
w(180,2,11,58,58)
w(7,23,11,59,59)
w(2,49,11,60,60)
w(4,28,11,61,61)
w(62,2,11,62,62)
w(0,140,11,63,63)
w(446,1,11,64,64)
w(3,27,11,65,65)
r(404,0,11,66,66)
w(39,4,11,67,67)
w(3,28,11,68,68)
w(127,2,11,69,69)
w(18,11,11,70,70)
w(0,141,11,71,71)
w(1,69,11,72,72)
w(44,6,11,73,73)
r(1,69,11,74,74)
w(5,23,11,75,75)
w(703,1,11,76,76)
w(139,3,11,77,77)
w(10,9,11,78,78)
w(612,1,11,79,79)
w(1,70,11,80,80)
w(560,2,11,81,81)
w(740,1,11,82,82)
w(356,2,11,83,83)
w(0,142,11,84,84)
w(155,2,11,85,85)
w(18,12,11,86,86)
w(49,2,11,87,87)
w(124,2,11,88,88)
w(2,50,11,89,89)
w(2,51,11,90,90)
w(714,2,11,91,91)
w(3,29,11,92,92)
w(4,29,11,93,93)
r(1,70,11,94,94)
w(4,30,11,95,95)
w(110,2,11,96,96)
w(780,1,11,97,97)
w(158,4,11,98,98)
w(1,71,11,99,99)
w(279,1,12,0,0)
w(36,5,12,1,1)
w(9,16,12,2,2)
w(29,3,12,3,3)
w(5,24,12,4,4)
w(3,30,12,5,5)
w(155,3,12,6,6)
w(9,17,12,7,7)
w(333,1,12,8,8)
w(26,6,12,9,9)
w(1,72,12,10,10)
w(25,3,12,11,11)
w(619,1,12,12,12)
w(18,13,12,13,13)
w(0,143,12,14,14)
w(0,144,12,15,15)
r(7,23,12,16,16)
w(56,3,12,17,17)
w(5,25,12,18,18)
r(2,51,12,19,19)
r(69,1,12,20,20)
w(748,1,12,21,21)
r(2,51,12,22,22)
w(32,6,12,23,23)
w(0,145,12,24,24)
w(0,146,12,25,25)
w(102,1,12,26,26)
w(298,1,12,27,27)
w(877,2,12,28,28)
w(107,4,12,29,29)
w(3,31,12,30,30)
w(2,52,12,31,31)
w(37,6,12,32,32)
w(1,73,12,33,33)
r(71,4,12,34,34)
w(90,4,12,35,35)
w(0,147,12,36,36)
w(699,1,12,37,37)
r(7,23,12,38,38)
w(17,8,12,39,39)
w(18,14,12,40,40)
w(21,7,12,41,41)
w(120,2,12,42,42)
w(20,8,12,43,43)
w(56,4,12,44,44)
r(3,31,12,45,45)
w(1,74,12,46,46)
w(0,148,12,47,47)
w(31,8,12,48,48)
w(717,1,12,49,49)
w(72,2,12,50,50)
w(119,3,12,51,51)
w(924,1,12,52,52)
r(719,0,12,53,53)
w(18,15,12,54,54)
w(181,2,12,55,55)
w(102,2,12,56,56)
w(41,3,12,57,57)
w(25,4,12,58,58)
w(31,9,12,59,59)
w(0,149,12,60,60)
r(3,31,12,61,61)
r(0,149,12,62,62)
r(248,0,12,63,63)
w(9,18,12,64,64)
w(0,150,12,65,65)
w(0,151,12,66,66)
w(88,3,12,67,67)
r(1,74,12,68,68)
w(106,2,12,69,69)
w(3,32,12,70,70)
w(6,22,12,71,71)
w(0,152,12,72,72)
w(486,2,12,73,73)
w(31,10,12,74,74)
w(2,53,12,75,75)
w(829,1,12,76,76)
w(70,4,12,77,77)
w(4,31,12,78,78)
w(24,8,12,79,79)
w(214,1,12,80,80)
r(195,0,12,81,81)
w(145,3,12,82,82)
w(59,4,12,83,83)
w(53,2,12,84,84)
w(1,75,12,85,85)
w(126,2,12,86,86)
w(0,153,12,87,87)
w(4,32,12,88,88)
r(0,153,12,89,89)
w(76,2,12,90,90)
w(49,3,12,91,91)
w(8,13,12,92,92)
w(158,5,12,93,93)
w(560,3,12,94,94)
w(0,154,12,95,95)
w(291,1,12,96,96)
w(530,1,12,97,97)
w(42,5,12,98,98)
w(2,54,12,99,99)
w(1,76,13,0,0)
w(2,55,13,1,1)
w(4,33,13,2,2)
w(4,34,13,3,3)
w(2,56,13,4,4)
w(17,9,13,5,5)
w(430,1,13,6,6)
w(0,155,13,7,7)
w(90,5,13,8,8)
w(7,24,13,9,9)
w(75,4,13,10,10)
w(74,4,13,11,11)
w(29,4,13,12,12)
w(16,7,13,13,13)
w(1,77,13,14,14)
w(290,1,13,15,15)
w(0,156,13,16,16)
w(79,4,13,17,17)
w(10,10,13,18,18)
w(30,3,13,19,19)
w(395,1,13,20,20)
w(3,33,13,21,21)
w(144,3,13,22,22)
w(458,2,13,23,23)
w(80,1,13,24,24)
w(1,78,13,25,25)
r(28,4,13,26,26)
w(0,157,13,27,27)
w(15,13,13,28,28)
w(167,2,13,29,29)
w(6,23,13,30,30)
w(8,14,13,31,31)
w(222,1,13,32,32)
w(70,5,13,33,33)
w(51,6,13,34,34)
w(908,1,13,35,35)
w(0,158,13,36,36)
w(2,57,13,37,37)
w(223,1,13,38,38)
w(178,4,13,39,39)
w(117,4,13,40,40)
w(88,4,13,41,41)
r(142,1,13,42,42)
w(0,159,13,43,43)
w(38,5,13,44,44)
w(657,1,13,45,45)
w(16,8,13,46,46)
w(655,1,13,47,47)
w(4,35,13,48,48)
w(2,58,13,49,49)
w(0,160,13,50,50)
w(2,59,13,51,51)
w(10,11,13,52,52)
w(237,2,13,53,53)
w(0,161,13,54,54)
w(0,162,13,55,55)
w(8,15,13,56,56)
w(9,19,13,57,57)
w(285,1,13,58,58)
w(0,163,13,59,59)
w(35,4,13,60,60)
w(106,3,13,61,61)
w(70,6,13,62,62)
w(24,9,13,63,63)
w(11,11,13,64,64)
w(402,1,13,65,65)
w(47,3,13,66,66)
w(68,2,13,67,67)
w(159,1,13,68,68)
w(47,4,13,69,69)
w(0,164,13,70,70)
w(15,14,13,71,71)
w(27,7,13,72,72)
w(73,2,13,73,73)
w(0,165,13,74,74)
w(0,166,13,75,75)
w(3,34,13,76,76)
w(80,2,13,77,77)
w(1,79,13,78,78)
w(35,5,13,79,79)
w(2,60,13,80,80)
w(5,26,13,81,81)
w(641,1,13,82,82)
w(375,1,13,83,83)
w(3,35,13,84,84)
w(9,20,13,85,85)
w(93,3,13,86,86)
r(2,60,13,87,87)
w(24,10,13,88,88)
w(68,3,13,89,89)
w(0,167,13,90,90)
w(97,1,13,91,91)
w(1,80,13,92,92)
w(102,3,13,93,93)
w(234,1,13,94,94)
w(40,3,13,95,95)
w(16,9,13,96,96)
w(441,1,13,97,97)
w(24,11,13,98,98)
w(0,168,13,99,99)
w(13,11,14,0,0)
w(47,5,14,1,1)
r(8,15,14,2,2)
w(5,27,14,3,3)
w(30,4,14,4,4)
w(107,5,14,5,5)
w(99,3,14,6,6)
w(296,1,14,7,7)
w(382,2,14,8,8)
r(96,0,14,9,9)
w(0,169,14,10,10)
w(12,15,14,11,11)
w(548,1,14,12,12)
w(3,36,14,13,13)
w(12,16,14,14,14)
w(4,36,14,15,15)
w(198,1,14,16,16)
w(0,170,14,17,17)
w(0,171,14,18,18)
w(28,5,14,19,19)
w(0,172,14,20,20)
w(321,1,14,21,21)
w(289,3,14,22,22)
w(82,3,14,23,23)
w(64,1,14,24,24)
w(1,81,14,25,25)
w(174,1,14,26,26)
w(956,1,14,27,27)
w(18,16,14,28,28)
w(218,1,14,29,29)
r(1,81,14,30,30)
w(147,1,14,31,31)
w(1,82,14,32,32)
w(26,7,14,33,33)
w(6,24,14,34,34)
w(17,10,14,35,35)
r(165,2,14,36,36)
w(118,1,14,37,37)
w(328,3,14,38,38)
w(103,2,14,39,39)
w(1,83,14,40,40)
w(2,61,14,41,41)
w(240,2,14,42,42)
w(696,1,14,43,43)
r(186,0,14,44,44)
w(524,1,14,45,45)
w(11,12,14,46,46)
w(11,13,14,47,47)
w(35,6,14,48,48)
w(11,14,14,49,49)
w(134,2,14,50,50)
w(362,1,14,51,51)
w(4,37,14,52,52)
w(35,7,14,53,53)
w(110,3,14,54,54)
w(428,1,14,55,55)
w(6,25,14,56,56)
r(2,61,14,57,57)
w(38,6,14,58,58)
w(427,1,14,59,59)
w(0,173,14,60,60)
w(10,12,14,61,61)
w(1,84,14,62,62)
r(112,0,14,63,63)
w(20,9,14,64,64)
w(15,15,14,65,65)
r(261,1,14,66,66)
w(208,2,14,67,67)
r(731,0,14,68,68)
w(0,174,14,69,69)
w(0,175,14,70,70)
w(0,176,14,71,71)
w(2,62,14,72,72)
w(242,3,14,73,73)
w(14,12,14,74,74)
w(837,1,14,75,75)
w(76,3,14,76,76)
w(359,3,14,77,77)
w(25,5,14,78,78)
w(338,1,14,79,79)
w(0,177,14,80,80)
w(116,2,14,81,81)
w(0,178,14,82,82)
w(133,3,14,83,83)
w(85,2,14,84,84)
w(187,1,14,85,85)
w(0,179,14,86,86)
w(804,1,14,87,87)
w(641,2,14,88,88)
w(417,2,14,89,89)
w(331,1,14,90,90)
w(1,85,14,91,91)
w(402,2,14,92,92)
w(587,1,14,93,93)
w(284,1,14,94,94)
w(2,63,14,95,95)
w(162,1,14,96,96)
w(19,9,14,97,97)
w(55,5,14,98,98)
w(166,2,14,99,99)
r(127,2,15,0,0)
w(21,8,15,1,1)
w(866,1,15,2,2)
r(0,179,15,3,3)
w(88,5,15,4,4)
w(899,1,15,5,5)
w(3,37,15,6,6)
r(28,5,15,7,7)
w(73,3,15,8,8)
w(518,1,15,9,9)
w(661,1,15,10,10)
w(26,8,15,11,11)
w(0,180,15,12,12)
w(33,6,15,13,13)
w(152,3,15,14,14)
w(44,7,15,15,15)
w(716,1,15,16,16)
w(5,28,15,17,17)
w(10,13,15,18,18)
r(13,11,15,19,19)
w(43,7,15,20,20)
w(3,38,15,21,21)
w(641,3,15,22,22)
w(114,2,15,23,23)
w(490,1,15,24,24)
w(360,1,15,25,25)
w(2,64,15,26,26)
r(516,1,15,27,27)
w(0,181,15,28,28)
w(247,1,15,29,29)
w(7,25,15,30,30)
w(2,65,15,31,31)
w(0,182,15,32,32)
r(65,3,15,33,33)
w(0,183,15,34,34)
w(584,1,15,35,35)
w(579,1,15,36,36)
r(23,6,15,37,37)
w(5,29,15,38,38)
w(18,17,15,39,39)
w(258,2,15,40,40)
w(39,5,15,41,41)
w(380,1,15,42,42)
r(95,3,15,43,43)
r(6,25,15,44,44)
r(13,11,15,45,45)
w(680,3,15,46,46)
w(10,14,15,47,47)
w(0,184,15,48,48)
w(113,2,15,49,49)
w(1,86,15,50,50)
w(243,1,15,51,51)
w(7,26,15,52,52)
w(27,8,15,53,53)
r(0,184,15,54,54)
w(140,2,15,55,55)
w(241,2,15,56,56)
r(53,2,15,57,57)
w(978,1,15,58,58)
r(39,5,15,59,59)
w(329,1,15,60,60)
r(36,5,15,61,61)
w(21,9,15,62,62)
w(2,66,15,63,63)
w(80,3,15,64,64)
w(15,16,15,65,65)
w(119,4,15,66,66)
w(8,16,15,67,67)
w(1,87,15,68,68)
w(129,2,15,69,69)
w(313,2,15,70,70)
w(504,2,15,71,71)
w(28,6,15,72,72)
w(0,185,15,73,73)
w(1,88,15,74,74)
w(3,39,15,75,75)
w(64,2,15,76,76)
r(595,0,15,77,77)
w(804,2,15,78,78)
w(1,89,15,79,79)
w(173,1,15,80,80)
w(16,10,15,81,81)
w(0,186,15,82,82)
w(292,3,15,83,83)
w(78,4,15,84,84)
w(0,187,15,85,85)
r(21,9,15,86,86)
w(53,3,15,87,87)
w(210,1,15,88,88)
w(302,1,15,89,89)
w(466,2,15,90,90)
w(1,90,15,91,91)
w(15,17,15,92,92)
w(115,3,15,93,93)
w(0,188,15,94,94)
w(5,30,15,95,95)
w(0,189,15,96,96)
w(399,1,15,97,97)
r(3,39,15,98,98)
w(525,1,15,99,99)
r(2,66,16,0,0)
w(128,1,16,1,1)
r(0,189,16,2,2)
w(26,9,16,3,3)
w(121,4,16,4,4)
w(386,1,16,5,5)
r(0,189,16,6,6)
w(6,26,16,7,7)
r(195,0,16,8,8)
w(0,190,16,9,9)
r(2,66,16,10,10)
w(223,2,16,11,11)
w(0,191,16,12,12)
w(10,15,16,13,13)
w(1,91,16,14,14)
w(498,1,16,15,15)
w(0,192,16,16,16)
w(78,5,16,17,17)
w(3,40,16,18,18)
w(0,193,16,19,19)
w(4,38,16,20,20)
w(562,1,16,21,21)
w(156,2,16,22,22)
r(109,4,16,23,23)
w(1,92,16,24,24)
w(1,93,16,25,25)
w(188,2,16,26,26)
w(752,1,16,27,27)
w(0,194,16,28,28)
w(0,195,16,29,29)
w(0,196,16,30,30)
w(27,9,16,31,31)
w(572,1,16,32,32)
w(161,1,16,33,33)
r(4,38,16,34,34)
w(56,5,16,35,35)
w(380,2,16,36,36)
w(92,2,16,37,37)
r(1,93,16,38,38)
w(2,67,16,39,39)
w(56,6,16,40,40)
w(11,15,16,41,41)
w(80,4,16,42,42)
w(39,6,16,43,43)
w(25,6,16,44,44)
w(350,1,16,45,45)
w(0,197,16,46,46)
w(2,68,16,47,47)
w(3,41,16,48,48)
w(65,4,16,49,49)
w(257,2,16,50,50)
w(919,1,16,51,51)
w(386,2,16,52,52)
w(68,4,16,53,53)
w(98,3,16,54,54)
w(7,27,16,55,55)
r(65,4,16,56,56)
w(6,27,16,57,57)
w(5,31,16,58,58)
w(309,1,16,59,59)
w(3,42,16,60,60)
w(0,198,16,61,61)
w(403,1,16,62,62)
r(11,15,16,63,63)
w(3,43,16,64,64)
w(18,18,16,65,65)
w(9,21,16,66,66)
w(31,11,16,67,67)
w(656,1,16,68,68)
w(4,39,16,69,69)
w(2,69,16,70,70)
w(45,7,16,71,71)
w(0,199,16,72,72)
w(1,94,16,73,73)
w(304,1,16,74,74)
w(168,1,16,75,75)
w(26,10,16,76,76)
w(2,70,16,77,77)
w(12,17,16,78,78)
w(770,2,16,79,79)
w(4,40,16,80,80)
w(22,4,16,81,81)
w(1,95,16,82,82)
r(173,1,16,83,83)
w(34,7,16,84,84)
w(0,200,16,85,85)
w(1,96,16,86,86)
w(722,1,16,87,87)
w(10,16,16,88,88)
r(885,0,16,89,89)
w(41,4,16,90,90)
w(3,44,16,91,91)
w(3,45,16,92,92)
r(364,0,16,93,93)
r(82,3,16,94,94)
w(129,3,16,95,95)
w(180,3,16,96,96)
w(23,7,16,97,97)
w(65,5,16,98,98)
w(299,1,16,99,99)
w(334,2,17,0,0)
w(22,5,17,1,1)
w(0,201,17,2,2)
w(22,6,17,3,3)
w(30,5,17,4,4)
w(0,202,17,5,5)
w(4,41,17,6,6)
w(7,28,17,7,7)
w(368,2,17,8,8)
w(208,3,17,9,9)
w(167,3,17,10,10)
w(684,1,17,11,11)
w(53,4,17,12,12)
w(3,46,17,13,13)
w(3,47,17,14,14)
w(290,2,17,15,15)
w(5,32,17,16,16)
w(2,71,17,17,17)
w(125,1,17,18,18)
w(685,1,17,19,19)
w(234,2,17,20,20)
w(0,203,17,21,21)
w(1,97,17,22,22)
w(355,2,17,23,23)
w(0,204,17,24,24)
r(233,1,17,25,25)
w(542,1,17,26,26)
w(4,42,17,27,27)
w(54,5,17,28,28)
w(96,1,17,29,29)
w(0,205,17,30,30)
w(105,2,17,31,31)
w(11,16,17,32,32)
w(236,1,17,33,33)
w(11,17,17,34,34)
r(17,10,17,35,35)
w(14,13,17,36,36)
r(7,28,17,37,37)
w(736,1,17,38,38)
w(358,1,17,39,39)
w(0,206,17,40,40)
w(559,1,17,41,41)
w(11,18,17,42,42)
w(220,3,17,43,43)
w(0,207,17,44,44)
w(138,1,17,45,45)
w(15,18,17,46,46)
w(1,98,17,47,47)
w(208,4,17,48,48)
w(21,10,17,49,49)
w(939,1,17,50,50)
w(261,2,17,51,51)
w(14,14,17,52,52)
w(156,3,17,53,53)
w(26,11,17,54,54)
w(4,43,17,55,55)
w(1,99,17,56,56)
r(971,0,17,57,57)
r(1,99,17,58,58)
w(59,5,17,59,59)
w(45,8,17,60,60)
w(16,11,17,61,61)
w(2,72,17,62,62)
w(33,7,17,63,63)
w(234,3,17,64,64)
w(236,2,17,65,65)
w(119,5,17,66,66)
w(9,22,17,67,67)
w(134,3,17,68,68)
w(956,2,17,69,69)
w(2,73,17,70,70)
w(395,2,17,71,71)
w(51,7,17,72,72)
w(170,1,17,73,73)
w(26,12,17,74,74)
w(8,17,17,75,75)
w(20,10,17,76,76)
w(22,7,17,77,77)
w(10,17,17,78,78)
w(3,48,17,79,79)
w(0,208,17,80,80)
w(52,3,17,81,81)
w(449,1,17,82,82)
w(6,28,17,83,83)
w(0,209,17,84,84)
w(41,5,17,85,85)
w(297,1,17,86,86)
w(29,5,17,87,87)
w(0,210,17,88,88)
r(8,17,17,89,89)
w(20,11,17,90,90)
w(302,2,17,91,91)
w(18,19,17,92,92)
w(7,29,17,93,93)
w(63,2,17,94,94)
w(7,30,17,95,95)
w(55,6,17,96,96)
w(375,2,17,97,97)
w(382,3,17,98,98)
w(171,1,17,99,99)
w(260,1,18,0,0)
w(4,44,18,1,1)
w(837,2,18,2,2)
r(26,12,18,3,3)
w(9,23,18,4,4)
w(221,1,18,5,5)
r(8,17,18,6,6)
w(629,1,18,7,7)
w(9,24,18,8,8)
w(5,33,18,9,9)
w(0,211,18,10,10)
w(0,212,18,11,11)
w(71,5,18,12,12)
r(8,17,18,13,13)
w(465,1,18,14,14)
w(0,213,18,15,15)
w(1,100,18,16,16)
w(24,12,18,17,17)
w(2,74,18,18,18)
w(3,49,18,19,19)
w(7,31,18,20,20)
w(4,45,18,21,21)
w(138,2,18,22,22)
w(3,50,18,23,23)
w(57,4,18,24,24)
w(20,12,18,25,25)
w(46,3,18,26,26)
w(3,51,18,27,27)
w(16,12,18,28,28)
w(0,214,18,29,29)
w(33,8,18,30,30)
w(7,32,18,31,31)
w(65,6,18,32,32)
w(7,33,18,33,33)
w(3,52,18,34,34)
w(3,53,18,35,35)
w(1,101,18,36,36)
w(1,102,18,37,37)
w(19,10,18,38,38)
w(0,215,18,39,39)
w(363,1,18,40,40)
w(0,216,18,41,41)
r(51,7,18,42,42)
w(51,8,18,43,43)
w(13,12,18,44,44)
w(4,46,18,45,45)
w(649,1,18,46,46)
w(2,75,18,47,47)
w(292,4,18,48,48)
w(16,13,18,49,49)
w(11,19,18,50,50)
w(4,47,18,51,51)
w(5,34,18,52,52)
r(6,28,18,53,53)
w(88,6,18,54,54)
w(5,35,18,55,55)
w(640,1,18,56,56)
w(41,6,18,57,57)
w(748,2,18,58,58)
w(3,54,18,59,59)
w(103,3,18,60,60)
w(10,18,18,61,61)
w(0,217,18,62,62)
w(0,218,18,63,63)
w(1,103,18,64,64)
w(18,20,18,65,65)
w(18,21,18,66,66)
w(5,36,18,67,67)
r(0,218,18,68,68)
w(35,8,18,69,69)
w(517,3,18,70,70)
r(725,0,18,71,71)
w(45,9,18,72,72)
w(387,2,18,73,73)
w(694,1,18,74,74)
w(29,6,18,75,75)
w(109,5,18,76,76)
w(20,13,18,77,77)
w(51,9,18,78,78)
r(162,1,18,79,79)
w(37,7,18,80,80)
w(17,11,18,81,81)
r(9,24,18,82,82)
w(55,7,18,83,83)
w(0,219,18,84,84)
w(5,37,18,85,85)
w(19,11,18,86,86)
w(17,12,18,87,87)
w(6,29,18,88,88)
w(0,220,18,89,89)
w(45,10,18,90,90)
w(2,76,18,91,91)
r(8,17,18,92,92)
w(0,221,18,93,93)
w(0,222,18,94,94)
w(1,104,18,95,95)
w(0,223,18,96,96)
w(10,19,18,97,97)
w(43,8,18,98,98)
w(207,1,18,99,99)
w(217,1,19,0,0)
w(142,2,19,1,1)
w(5,38,19,2,2)
w(1,105,19,3,3)
w(447,1,19,4,4)
w(877,3,19,5,5)
w(29,7,19,6,6)
w(2,77,19,7,7)
w(59,6,19,8,8)
w(20,14,19,9,9)
w(1,106,19,10,10)
w(32,7,19,11,11)
w(5,39,19,12,12)
w(513,1,19,13,13)
w(48,6,19,14,14)
r(31,11,19,15,15)
r(74,4,19,16,16)
w(15,19,19,17,17)
w(3,55,19,18,18)
w(356,3,19,19,19)
w(30,6,19,20,20)
w(1,107,19,21,21)
w(0,224,19,22,22)
w(2,78,19,23,23)
w(17,13,19,24,24)
w(166,3,19,25,25)
w(70,7,19,26,26)
r(755,0,19,27,27)
w(97,2,19,28,28)
w(53,5,19,29,29)
w(318,1,19,30,30)
w(0,225,19,31,31)
w(796,1,19,32,32)
w(70,8,19,33,33)
r(639,0,19,34,34)
w(7,34,19,35,35)
r(20,14,19,36,36)
w(203,5,19,37,37)
w(46,4,19,38,38)
w(3,56,19,39,39)
w(2,79,19,40,40)
w(1,108,19,41,41)
w(1,109,19,42,42)
w(234,4,19,43,43)
w(32,8,19,44,44)
w(629,2,19,45,45)
w(225,1,19,46,46)
w(9,25,19,47,47)
w(317,1,19,48,48)
w(368,3,19,49,49)
w(560,4,19,50,50)
w(899,2,19,51,51)
w(0,226,19,52,52)
w(16,14,19,53,53)
w(0,227,19,54,54)
r(0,227,19,55,55)
w(177,4,19,56,56)
w(77,1,19,57,57)
w(6,30,19,58,58)
w(64,3,19,59,59)
w(241,3,19,60,60)
w(5,40,19,61,61)
w(3,57,19,62,62)
w(0,228,19,63,63)
w(31,12,19,64,64)
w(430,2,19,65,65)
w(355,3,19,66,66)
w(35,9,19,67,67)
w(725,1,19,68,68)
w(1,110,19,69,69)
w(76,4,19,70,70)
w(1,111,19,71,71)
w(1,112,19,72,72)
w(39,7,19,73,73)
w(0,229,19,74,74)
w(1,113,19,75,75)
w(0,230,19,76,76)
w(0,231,19,77,77)
w(639,1,19,78,78)
w(5,41,19,79,79)
w(18,22,19,80,80)
w(2,80,19,81,81)
w(3,58,19,82,82)
w(25,7,19,83,83)
w(97,3,19,84,84)
w(5,42,19,85,85)
w(0,232,19,86,86)
w(27,10,19,87,87)
w(9,26,19,88,88)
w(12,18,19,89,89)
w(57,5,19,90,90)
w(277,1,19,91,91)
w(42,6,19,92,92)
w(15,20,19,93,93)
w(17,14,19,94,94)
w(150,5,19,95,95)
w(10,20,19,96,96)
r(0,232,19,97,97)
w(10,21,19,98,98)
w(9,27,19,99,99)
w(0,233,20,0,0)
w(47,6,20,1,1)
w(66,3,20,2,2)
w(161,2,20,3,3)
w(7,35,20,4,4)
w(2,81,20,5,5)
w(3,59,20,6,6)
r(214,1,20,7,7)
r(0,233,20,8,8)
w(17,15,20,9,9)
w(197,1,20,10,10)
w(308,1,20,11,11)
w(29,8,20,12,12)
w(531,2,20,13,13)
w(654,1,20,14,14)
r(265,2,20,15,15)
r(17,15,20,16,16)
w(15,21,20,17,17)
r(1,113,20,18,18)
w(157,2,20,19,19)
w(258,3,20,20,20)
w(15,22,20,21,21)
w(421,1,20,22,22)
w(4,48,20,23,23)
w(757,1,20,24,24)
r(80,4,20,25,25)
w(2,82,20,26,26)
w(19,12,20,27,27)
w(3,60,20,28,28)
w(0,234,20,29,29)
w(3,61,20,30,30)
r(0,234,20,31,31)
w(787,1,20,32,32)
w(0,235,20,33,33)
w(658,1,20,34,34)
w(86,1,20,35,35)
r(142,2,20,36,36)
w(501,1,20,37,37)
r(1,113,20,38,38)
w(352,1,20,39,39)
w(16,15,20,40,40)
w(8,18,20,41,41)
w(2,83,20,42,42)
w(3,62,20,43,43)
w(7,36,20,44,44)
w(25,8,20,45,45)
w(7,37,20,46,46)
w(10,22,20,47,47)
w(445,1,20,48,48)
w(19,13,20,49,49)
w(273,1,20,50,50)
w(57,6,20,51,51)
w(10,23,20,52,52)
w(7,38,20,53,53)
w(1,114,20,54,54)
w(0,236,20,55,55)
w(0,237,20,56,56)
w(27,11,20,57,57)
w(34,8,20,58,58)
w(1,115,20,59,59)
w(4,49,20,60,60)
w(95,4,20,61,61)
w(886,1,20,62,62)
w(44,8,20,63,63)
w(27,12,20,64,64)
w(0,238,20,65,65)
w(289,4,20,66,66)
w(0,239,20,67,67)
w(174,2,20,68,68)
w(4,50,20,69,69)
w(24,13,20,70,70)
w(977,1,20,71,71)
w(321,2,20,72,72)
w(15,23,20,73,73)
w(775,1,20,74,74)
w(525,2,20,75,75)
w(153,3,20,76,76)
r(2,83,20,77,77)
w(1,116,20,78,78)
w(12,19,20,79,79)
r(0,239,20,80,80)
w(33,9,20,81,81)
w(38,7,20,82,82)
w(113,3,20,83,83)
w(3,63,20,84,84)
w(10,24,20,85,85)
w(829,2,20,86,86)
w(9,28,20,87,87)
w(1,117,20,88,88)
w(3,64,20,89,89)
w(22,8,20,90,90)
w(29,9,20,91,91)
w(76,5,20,92,92)
w(0,240,20,93,93)
w(2,84,20,94,94)
w(2,85,20,95,95)
w(66,4,20,96,96)
w(0,241,20,97,97)
w(0,242,20,98,98)
r(87,1,20,99,99)
w(9,29,21,0,0)
w(78,6,21,1,1)
w(93,4,21,2,2)
w(185,1,21,3,3)
w(1,118,21,4,4)
w(0,243,21,5,5)
w(3,65,21,6,6)
w(85,3,21,7,7)
w(0,244,21,8,8)
w(0,245,21,9,9)
w(58,3,21,10,10)
w(14,15,21,11,11)
w(568,2,21,12,12)
w(29,10,21,13,13)
w(34,9,21,14,14)
r(5,42,21,15,15)
w(909,1,21,16,16)
w(29,11,21,17,17)
w(148,1,21,18,18)
r(353,1,21,19,19)
w(13,13,21,20,20)
w(979,1,21,21,21)
w(311,1,21,22,22)
w(27,13,21,23,23)
w(21,11,21,24,24)
w(31,13,21,25,25)
r(3,65,21,26,26)
w(2,86,21,27,27)
w(36,6,21,28,28)
w(21,12,21,29,29)
w(8,19,21,30,30)
w(284,2,21,31,31)
w(0,246,21,32,32)
r(256,0,21,33,33)
w(207,2,21,34,34)
w(101,3,21,35,35)
w(6,31,21,36,36)
w(2,87,21,37,37)
w(18,23,21,38,38)
w(85,4,21,39,39)
w(4,51,21,40,40)
w(252,1,21,41,41)
w(288,1,21,42,42)
w(2,88,21,43,43)
w(13,14,21,44,44)
w(3,66,21,45,45)
w(318,2,21,46,46)
w(126,3,21,47,47)
w(774,1,21,48,48)
w(1,119,21,49,49)
w(0,247,21,50,50)
r(281,0,21,51,51)
w(388,1,21,52,52)
r(27,13,21,53,53)
w(516,2,21,54,54)
w(1,120,21,55,55)
w(1,121,21,56,56)
w(163,1,21,57,57)
w(236,3,21,58,58)
r(66,4,21,59,59)
w(87,2,21,60,60)
w(189,1,21,61,61)
w(709,2,21,62,62)
w(9,30,21,63,63)
w(8,20,21,64,64)
w(141,2,21,65,65)
w(93,5,21,66,66)
w(45,11,21,67,67)
w(0,248,21,68,68)
w(0,249,21,69,69)
w(7,39,21,70,70)
w(1,122,21,71,71)
w(66,5,21,72,72)
w(0,250,21,73,73)
w(151,1,21,74,74)
w(2,89,21,75,75)
w(28,7,21,76,76)
r(974,1,21,77,77)
w(1,123,21,78,78)
w(11,20,21,79,79)
w(808,1,21,80,80)
w(71,6,21,81,81)
w(225,2,21,82,82)
r(1,123,21,83,83)
w(1,124,21,84,84)
w(27,14,21,85,85)
w(0,251,21,86,86)
w(230,1,21,87,87)
w(87,3,21,88,88)
w(0,252,21,89,89)
w(1,125,21,90,90)
w(150,6,21,91,91)
w(9,31,21,92,92)
w(169,1,21,93,93)
w(123,2,21,94,94)
w(16,16,21,95,95)
w(2,90,21,96,96)
w(416,1,21,97,97)
w(15,24,21,98,98)
w(0,253,21,99,99)
w(3,67,22,0,0)
w(2,91,22,1,1)
w(14,16,22,2,2)
w(49,4,22,3,3)
w(476,2,22,4,4)
w(43,9,22,5,5)
w(39,8,22,6,6)
w(37,8,22,7,7)
w(390,1,22,8,8)
w(1,126,22,9,9)
w(77,2,22,10,10)
w(10,25,22,11,11)
w(16,17,22,12,12)
w(2,92,22,13,13)
w(797,1,22,14,14)
w(2,93,22,15,15)
r(581,1,22,16,16)
w(555,2,22,17,17)
w(6,32,22,18,18)
w(1,127,22,19,19)
w(7,40,22,20,20)
w(25,9,22,21,21)
w(133,4,22,22,22)
w(5,43,22,23,23)
w(6,33,22,24,24)
r(2,93,22,25,25)
w(4,52,22,26,26)
w(95,5,22,27,27)
r(2,93,22,28,28)
w(581,2,22,29,29)
w(35,10,22,30,30)
w(205,2,22,31,31)
w(197,2,22,32,32)
w(951,1,22,33,33)
w(2,94,22,34,34)
r(2,94,22,35,35)
w(693,1,22,36,36)
r(109,5,22,37,37)
w(0,254,22,38,38)
w(382,4,22,39,39)
w(167,4,22,40,40)
w(2,95,22,41,41)
w(253,2,22,42,42)
r(115,3,22,43,43)
w(1,128,22,44,44)
w(123,3,22,45,45)
w(306,2,22,46,46)
w(27,15,22,47,47)
w(48,7,22,48,48)
w(234,5,22,49,49)
w(2,96,22,50,50)
w(530,2,22,51,51)
w(19,14,22,52,52)
w(0,255,22,53,53)
w(17,16,22,54,54)
w(20,15,22,55,55)
w(33,10,22,56,56)
w(0,256,22,57,57)
w(1,129,22,58,58)
w(25,10,22,59,59)
w(25,11,22,60,60)
w(45,12,22,61,61)
w(2,97,22,62,62)
w(31,14,22,63,63)
w(2,98,22,64,64)
w(3,68,22,65,65)
w(920,1,22,66,66)
w(3,69,22,67,67)
w(6,34,22,68,68)
w(170,2,22,69,69)
w(4,53,22,70,70)
w(21,13,22,71,71)
w(0,257,22,72,72)
w(516,3,22,73,73)
w(512,1,22,74,74)
w(9,32,22,75,75)
w(0,258,22,76,76)
w(0,259,22,77,77)
w(0,260,22,78,78)
w(16,18,22,79,79)
w(923,1,22,80,80)
w(31,15,22,81,81)
r(209,1,22,82,82)
w(761,1,22,83,83)
w(81,1,22,84,84)
r(0,260,22,85,85)
w(48,8,22,86,86)
w(454,1,22,87,87)
w(0,261,22,88,88)
r(0,261,22,89,89)
r(5,43,22,90,90)
w(450,1,22,91,91)
w(4,54,22,92,92)
w(848,2,22,93,93)
r(9,32,22,94,94)
w(149,2,22,95,95)
w(1,130,22,96,96)
w(0,262,22,97,97)
w(0,263,22,98,98)
w(0,264,22,99,99)
w(4,55,23,0,0)
w(162,2,23,1,1)
w(138,3,23,2,2)
w(1,131,23,3,3)
w(57,7,23,4,4)
w(264,1,23,5,5)
w(6,35,23,6,6)
w(366,1,23,7,7)
w(0,265,23,8,8)
w(123,4,23,9,9)
w(865,1,23,10,10)
w(71,7,23,11,11)
w(6,36,23,12,12)
r(13,14,23,13,13)
w(4,56,23,14,14)
w(413,1,23,15,15)
w(26,13,23,16,16)
w(276,1,23,17,17)
w(58,4,23,18,18)
w(465,2,23,19,19)
r(188,2,23,20,20)
w(10,26,23,21,21)
w(0,266,23,22,22)
w(6,37,23,23,23)
w(9,33,23,24,24)
r(658,1,23,25,25)
w(0,267,23,26,26)
w(115,4,23,27,27)
w(392,1,23,28,28)
w(27,16,23,29,29)
w(911,1,23,30,30)
w(7,41,23,31,31)
w(76,6,23,32,32)
w(1,132,23,33,33)
w(186,1,23,34,34)
w(646,2,23,35,35)
w(978,2,23,36,36)
w(233,2,23,37,37)
r(18,23,23,38,38)
w(6,38,23,39,39)
w(4,57,23,40,40)
w(1,133,23,41,41)
w(12,20,23,42,42)
r(8,20,23,43,43)
w(109,6,23,44,44)
w(544,2,23,45,45)
w(21,14,23,46,46)
r(84,0,23,47,47)
w(67,3,23,48,48)
r(0,267,23,49,49)
w(506,1,23,50,50)
w(382,5,23,51,51)
w(35,11,23,52,52)
w(21,15,23,53,53)
w(490,2,23,54,54)
w(3,70,23,55,55)
w(0,268,23,56,56)
w(74,5,23,57,57)
w(642,1,23,58,58)
w(53,6,23,59,59)
w(203,6,23,60,60)
w(390,2,23,61,61)
r(12,20,23,62,62)
w(1,134,23,63,63)
w(0,269,23,64,64)
w(2,99,23,65,65)
w(46,5,23,66,66)
w(0,270,23,67,67)
w(26,14,23,68,68)
w(0,271,23,69,69)
w(703,2,23,70,70)
w(119,6,23,71,71)
r(0,271,23,72,72)
w(0,272,23,73,73)
w(0,273,23,74,74)
w(979,2,23,75,75)
w(0,274,23,76,76)
r(0,274,23,77,77)
w(516,4,23,78,78)
w(25,12,23,79,79)
r(469,1,23,80,80)
w(5,44,23,81,81)
w(0,275,23,82,82)
w(212,1,23,83,83)
w(4,58,23,84,84)
r(0,275,23,85,85)
w(11,21,23,86,86)
w(74,6,23,87,87)
w(174,3,23,88,88)
w(55,8,23,89,89)
w(0,276,23,90,90)
w(263,1,23,91,91)
w(356,4,23,92,92)
w(0,277,23,93,93)
w(897,1,23,94,94)
w(411,2,23,95,95)
w(415,1,23,96,96)
r(85,4,23,97,97)
w(173,2,23,98,98)
w(157,3,23,99,99)
r(483,1,24,0,0)
r(638,1,24,1,1)
r(41,6,24,2,2)
w(5,45,24,3,3)
r(0,277,24,4,4)
w(5,46,24,5,5)
w(3,71,24,6,6)
w(9,34,24,7,7)
w(0,278,24,8,8)
w(5,47,24,9,9)
w(109,7,24,10,10)
w(63,3,24,11,11)
r(0,278,24,12,12)
w(561,1,24,13,13)
w(23,8,24,14,14)
w(1,135,24,15,15)
w(133,5,24,16,16)
w(315,2,24,17,17)
w(30,7,24,18,18)
w(726,2,24,19,19)
w(28,8,24,20,20)
w(10,27,24,21,21)
w(796,2,24,22,22)
w(52,4,24,23,23)
w(1,136,24,24,24)
w(2,100,24,25,25)
w(28,9,24,26,26)
w(585,1,24,27,27)
w(873,1,24,28,28)
r(19,14,24,29,29)
w(925,1,24,30,30)
w(2,101,24,31,31)
w(816,1,24,32,32)
w(48,9,24,33,33)
w(378,2,24,34,34)
w(781,1,24,35,35)
w(0,279,24,36,36)
w(0,280,24,37,37)
w(647,2,24,38,38)
w(3,72,24,39,39)
r(96,1,24,40,40)
w(344,2,24,41,41)
w(0,281,24,42,42)
w(15,25,24,43,43)
w(73,4,24,44,44)
w(0,282,24,45,45)
w(18,24,24,46,46)
w(927,1,24,47,47)
w(0,283,24,48,48)
w(73,5,24,49,49)
w(2,102,24,50,50)
w(6,39,24,51,51)
w(7,42,24,52,52)
w(132,2,24,53,53)
w(72,3,24,54,54)
w(115,5,24,55,55)
w(274,1,24,56,56)
w(70,9,24,57,57)
w(3,73,24,58,58)
w(85,5,24,59,59)
w(865,2,24,60,60)
w(2,103,24,61,61)
w(3,74,24,62,62)
w(68,5,24,63,63)
w(1,137,24,64,64)
w(13,15,24,65,65)
w(31,16,24,66,66)
w(323,2,24,67,67)
w(0,284,24,68,68)
w(28,10,24,69,69)
r(579,1,24,70,70)
w(1,138,24,71,71)
w(601,1,24,72,72)
w(272,1,24,73,73)
w(36,7,24,74,74)
w(3,75,24,75,75)
w(4,59,24,76,76)
w(304,2,24,77,77)
w(2,104,24,78,78)
w(1,139,24,79,79)
w(320,2,24,80,80)
w(93,6,24,81,81)
w(1,140,24,82,82)
w(5,48,24,83,83)
w(570,1,24,84,84)
w(18,25,24,85,85)
w(4,60,24,86,86)
r(44,8,24,87,87)
w(2,105,24,88,88)
w(125,2,24,89,89)
w(123,5,24,90,90)
w(79,5,24,91,91)
w(13,16,24,92,92)
w(26,15,24,93,93)
w(27,17,24,94,94)
w(0,285,24,95,95)
w(16,19,24,96,96)
w(2,106,24,97,97)
w(22,9,24,98,98)
w(480,1,24,99,99)
w(21,16,25,0,0)
w(26,16,25,1,1)
w(0,286,25,2,2)
w(0,287,25,3,3)
r(28,10,25,4,4)
w(0,288,25,5,5)
w(470,1,25,6,6)
w(7,43,25,7,7)
w(335,1,25,8,8)
w(11,22,25,9,9)
r(7,43,25,10,10)
w(26,17,25,11,11)
w(198,2,25,12,12)
w(177,5,25,13,13)
r(75,4,25,14,14)
w(40,4,25,15,15)
w(357,1,25,16,16)
w(12,21,25,17,17)
w(35,12,25,18,18)
w(2,107,25,19,19)
w(485,1,25,20,20)
w(91,2,25,21,21)
w(0,289,25,22,22)
w(78,7,25,23,23)
w(2,108,25,24,24)
w(0,290,25,25,25)
w(433,1,25,26,26)
w(252,2,25,27,27)
w(343,1,25,28,28)
w(15,26,25,29,29)
w(0,291,25,30,30)
r(0,291,25,31,31)
w(592,1,25,32,32)
w(6,40,25,33,33)
w(3,76,25,34,34)
w(54,6,25,35,35)
w(37,9,25,36,36)
w(73,6,25,37,37)
w(387,3,25,38,38)
w(69,2,25,39,39)
w(6,41,25,40,40)
w(915,1,25,41,41)
w(41,7,25,42,42)
w(153,4,25,43,43)
r(8,20,25,44,44)
w(178,5,25,45,45)
r(2,108,25,46,46)
w(269,1,25,47,47)
w(306,3,25,48,48)
w(82,4,25,49,49)
w(1,141,25,50,50)
w(27,18,25,51,51)
w(622,1,25,52,52)
w(288,2,25,53,53)
w(282,2,25,54,54)
w(848,3,25,55,55)
w(468,1,25,56,56)
r(525,2,25,57,57)
w(13,17,25,58,58)
w(8,21,25,59,59)
w(993,1,25,60,60)
w(8,22,25,61,61)
w(59,7,25,62,62)
w(3,77,25,63,63)
w(171,2,25,64,64)
w(7,44,25,65,65)
r(88,6,25,66,66)
w(251,3,25,67,67)
w(40,5,25,68,68)
w(301,1,25,69,69)
r(542,1,25,70,70)
w(10,28,25,71,71)
w(683,1,25,72,72)
w(176,3,25,73,73)
w(10,29,25,74,74)
w(2,109,25,75,75)
w(6,42,25,76,76)
w(9,35,25,77,77)
w(551,1,25,78,78)
r(490,2,25,79,79)
w(114,3,25,80,80)
w(1,142,25,81,81)
w(22,10,25,82,82)
w(4,61,25,83,83)
r(1,142,25,84,84)
r(390,2,25,85,85)
r(234,5,25,86,86)
w(61,3,25,87,87)
w(187,2,25,88,88)
w(73,7,25,89,89)
w(201,1,25,90,90)
r(107,5,25,91,91)
w(15,27,25,92,92)
w(1,143,25,93,93)
w(219,1,25,94,94)
w(2,110,25,95,95)
r(38,7,25,96,96)
w(1,144,25,97,97)
w(11,23,25,98,98)
w(3,78,25,99,99)
r(13,17,26,0,0)
w(54,7,26,1,1)
w(5,49,26,2,2)
w(11,24,26,3,3)
w(10,30,26,4,4)
w(2,111,26,5,5)
w(98,4,26,6,6)
w(4,62,26,7,7)
w(2,112,26,8,8)
w(297,2,26,9,9)
w(4,63,26,10,10)
w(0,292,26,11,11)
w(278,1,26,12,12)
w(300,1,26,13,13)
w(104,2,26,14,14)
w(74,7,26,15,15)
w(3,79,26,16,16)
r(3,79,26,17,17)
r(5,49,26,18,18)
w(546,1,26,19,19)
w(130,2,26,20,20)
w(10,31,26,21,21)
w(4,64,26,22,22)
w(54,8,26,23,23)
r(62,2,26,24,24)
r(0,292,26,25,25)
w(0,293,26,26,26)
w(0,294,26,27,27)
w(2,113,26,28,28)
w(201,2,26,29,29)
w(311,2,26,30,30)
w(267,1,26,31,31)
w(278,2,26,32,32)
w(63,4,26,33,33)
w(8,23,26,34,34)
w(881,1,26,35,35)
w(150,7,26,36,36)
r(1,144,26,37,37)
w(5,50,26,38,38)
w(5,51,26,39,39)
w(49,5,26,40,40)
w(91,3,26,41,41)
w(1,145,26,42,42)
w(460,4,26,43,43)
w(9,36,26,44,44)
w(0,295,26,45,45)
w(6,43,26,46,46)
w(8,24,26,47,47)
w(45,13,26,48,48)
w(306,4,26,49,49)
w(861,1,26,50,50)
w(7,45,26,51,51)
w(0,296,26,52,52)
w(138,4,26,53,53)
w(694,2,26,54,54)
w(0,297,26,55,55)
r(3,79,26,56,56)
r(199,0,26,57,57)
w(58,5,26,58,58)
w(81,2,26,59,59)
w(354,1,26,60,60)
r(312,1,26,61,61)
w(81,3,26,62,62)
w(1,146,26,63,63)
r(215,0,26,64,64)
w(846,1,26,65,65)
w(1,147,26,66,66)
w(986,2,26,67,67)
w(4,65,26,68,68)
w(7,46,26,69,69)
w(19,15,26,70,70)
w(6,44,26,71,71)
w(170,3,26,72,72)
w(8,25,26,73,73)
w(0,298,26,74,74)
r(33,10,26,75,75)
w(45,14,26,76,76)
w(113,4,26,77,77)
w(114,4,26,78,78)
r(109,7,26,79,79)
w(0,299,26,80,80)
w(0,300,26,81,81)
w(307,1,26,82,82)
w(0,301,26,83,83)
w(3,80,26,84,84)
w(408,1,26,85,85)
w(373,1,26,86,86)
r(103,3,26,87,87)
w(3,81,26,88,88)
w(2,114,26,89,89)
w(4,66,26,90,90)
w(146,1,26,91,91)
w(3,82,26,92,92)
w(410,2,26,93,93)
w(252,3,26,94,94)
w(0,302,26,95,95)
w(181,3,26,96,96)
r(4,66,26,97,97)
w(292,5,26,98,98)
w(21,17,26,99,99)
w(1,148,27,0,0)
w(27,19,27,1,1)
w(3,83,27,2,2)
w(63,5,27,3,3)
w(155,4,27,4,4)
w(0,303,27,5,5)
w(528,2,27,6,6)
w(0,304,27,7,7)
w(763,1,27,8,8)
w(6,45,27,9,9)
w(531,3,27,10,10)
w(9,37,27,11,11)
w(0,305,27,12,12)
w(53,7,27,13,13)
w(899,3,27,14,14)
w(528,3,27,15,15)
w(126,4,27,16,16)
w(533,1,27,17,17)
w(392,2,27,18,18)
r(283,0,27,19,19)
w(322,1,27,20,20)
w(96,2,27,21,21)
w(466,3,27,22,22)
w(7,47,27,23,23)
w(4,67,27,24,24)
w(322,2,27,25,25)
w(0,306,27,26,26)
w(7,48,27,27,27)
w(0,307,27,28,28)
w(0,308,27,29,29)
w(24,14,27,30,30)
w(62,3,27,31,31)
w(14,17,27,32,32)
r(0,308,27,33,33)
w(110,4,27,34,34)
w(2,115,27,35,35)
w(1,149,27,36,36)
w(0,309,27,37,37)
w(7,49,27,38,38)
w(214,2,27,39,39)
w(311,3,27,40,40)
w(998,1,27,41,41)
w(7,50,27,42,42)
w(69,3,27,43,43)
w(0,310,27,44,44)
w(542,2,27,45,45)
w(16,20,27,46,46)
w(0,311,27,47,47)
w(0,312,27,48,48)
w(343,2,27,49,49)
w(436,1,27,50,50)
w(1,150,27,51,51)
w(19,16,27,52,52)
w(69,4,27,53,53)
w(84,1,27,54,54)
r(1,150,27,55,55)
w(563,1,27,56,56)
w(59,8,27,57,57)
w(8,26,27,58,58)
r(368,3,27,59,59)
w(20,16,27,60,60)
w(9,38,27,61,61)
w(16,21,27,62,62)
w(20,17,27,63,63)
w(35,13,27,64,64)
w(2,116,27,65,65)
w(0,313,27,66,66)
w(2,117,27,67,67)
w(0,314,27,68,68)
w(73,8,27,69,69)
w(6,46,27,70,70)
r(2,117,27,71,71)
w(221,2,27,72,72)
w(232,1,27,73,73)
r(357,1,27,74,74)
w(6,47,27,75,75)
w(16,22,27,76,76)
w(232,2,27,77,77)
w(7,51,27,78,78)
w(0,315,27,79,79)
w(1,151,27,80,80)
r(35,13,27,81,81)
w(0,316,27,82,82)
r(13,17,27,83,83)
r(6,47,27,84,84)
r(4,67,27,85,85)
w(8,27,27,86,86)
w(397,1,27,87,87)
w(37,10,27,88,88)
w(1,152,27,89,89)
w(2,118,27,90,90)
w(9,39,27,91,91)
w(8,28,27,92,92)
w(3,84,27,93,93)
w(48,10,27,94,94)
w(114,5,27,95,95)
w(69,5,27,96,96)
w(2,119,27,97,97)
w(492,1,27,98,98)
w(0,317,27,99,99)
w(1,153,28,0,0)
w(196,4,28,1,1)
w(0,318,28,2,2)
w(51,10,28,3,3)
w(22,11,28,4,4)
w(102,4,28,5,5)
w(0,319,28,6,6)
w(4,68,28,7,7)
w(73,9,28,8,8)
w(582,1,28,9,9)
w(0,320,28,10,10)
w(15,28,28,11,11)
w(30,8,28,12,12)
r(83,1,28,13,13)
w(2,120,28,14,14)
w(414,1,28,15,15)
w(0,321,28,16,16)
w(7,52,28,17,17)
w(309,2,28,18,18)
w(13,18,28,19,19)
w(678,1,28,20,20)
w(85,6,28,21,21)
w(523,1,28,22,22)
w(82,5,28,23,23)
w(118,2,28,24,24)
w(21,18,28,25,25)
w(5,52,28,26,26)
w(98,5,28,27,27)
w(3,85,28,28,28)
w(0,322,28,29,29)
w(21,19,28,30,30)
w(0,323,28,31,31)
w(13,19,28,32,32)
w(8,29,28,33,33)
w(14,18,28,34,34)
w(615,2,28,35,35)
w(38,8,28,36,36)
w(959,1,28,37,37)
w(1,154,28,38,38)
w(31,17,28,39,39)
w(0,324,28,40,40)
w(4,69,28,41,41)
w(50,5,28,42,42)
r(15,28,28,43,43)
w(1,155,28,44,44)
w(12,22,28,45,45)
w(242,4,28,46,46)
w(0,325,28,47,47)
r(0,325,28,48,48)
w(19,17,28,49,49)
w(136,1,28,50,50)
w(303,1,28,51,51)
w(368,4,28,52,52)
w(4,70,28,53,53)
w(14,19,28,54,54)
w(398,1,28,55,55)
w(23,9,28,56,56)
w(0,326,28,57,57)
w(1,156,28,58,58)
w(70,10,28,59,59)
r(9,39,28,60,60)
w(970,1,28,61,61)
w(6,48,28,62,62)
w(14,20,28,63,63)
w(0,327,28,64,64)
w(2,121,28,65,65)
w(3,86,28,66,66)
w(0,328,28,67,67)
w(537,1,28,68,68)
w(25,13,28,69,69)
w(20,18,28,70,70)
w(22,12,28,71,71)
w(847,1,28,72,72)
w(11,25,28,73,73)
w(32,9,28,74,74)
w(0,329,28,75,75)
w(0,330,28,76,76)
w(39,9,28,77,77)
r(4,70,28,78,78)
w(19,18,28,79,79)
w(271,1,28,80,80)
w(2,122,28,81,81)
w(0,331,28,82,82)
r(12,22,28,83,83)
w(0,332,28,84,84)
w(9,40,28,85,85)
w(897,2,28,86,86)
w(114,6,28,87,87)
w(249,1,28,88,88)
w(0,333,28,89,89)
w(26,18,28,90,90)
w(58,6,28,91,91)
w(6,49,28,92,92)
w(453,1,28,93,93)
w(35,14,28,94,94)
r(101,3,28,95,95)
w(636,1,28,96,96)
w(21,20,28,97,97)
w(8,30,28,98,98)
w(561,2,28,99,99)
w(1,157,29,0,0)
w(40,6,29,1,1)
w(482,1,29,2,2)
w(1,158,29,3,3)
w(91,4,29,4,4)
w(287,1,29,5,5)
r(0,333,29,6,6)
w(5,53,29,7,7)
w(381,1,29,8,8)
r(7,52,29,9,9)
w(529,2,29,10,10)
w(303,2,29,11,11)
w(4,71,29,12,12)
w(0,334,29,13,13)
w(15,29,29,14,14)
w(1,159,29,15,15)
w(6,50,29,16,16)
w(87,4,29,17,17)
w(5,54,29,18,18)
w(4,72,29,19,19)
w(486,3,29,20,20)
w(244,3,29,21,21)
w(821,1,29,22,22)
w(47,7,29,23,23)
w(9,41,29,24,24)
w(66,6,29,25,25)
w(134,4,29,26,26)
w(1,160,29,27,27)
w(730,1,29,28,28)
w(22,13,29,29,29)
w(129,4,29,30,30)
r(46,5,29,31,31)
w(85,7,29,32,32)
w(0,335,29,33,33)
w(0,336,29,34,34)
w(0,337,29,35,35)
r(656,1,29,36,36)
r(38,8,29,37,37)
w(0,338,29,38,38)
r(3,86,29,39,39)
w(35,15,29,40,40)
w(549,1,29,41,41)
w(0,339,29,42,42)
w(24,15,29,43,43)
w(2,123,29,44,44)
w(48,11,29,45,45)
w(0,340,29,46,46)
w(14,21,29,47,47)
w(0,341,29,48,48)
w(59,9,29,49,49)
w(1,161,29,50,50)
w(398,2,29,51,51)
w(23,10,29,52,52)
w(547,2,29,53,53)
w(28,11,29,54,54)
w(93,7,29,55,55)
w(45,15,29,56,56)
w(192,5,29,57,57)
w(138,5,29,58,58)
w(41,8,29,59,59)
w(7,53,29,60,60)
w(29,12,29,61,61)
w(331,2,29,62,62)
w(6,51,29,63,63)
w(6,52,29,64,64)
w(2,124,29,65,65)
w(11,26,29,66,66)
w(0,342,29,67,67)
w(0,343,29,68,68)
r(626,0,29,69,69)
w(1,162,29,70,70)
r(0,343,29,71,71)
w(2,125,29,72,72)
w(22,14,29,73,73)
w(3,87,29,74,74)
r(32,9,29,75,75)
w(181,4,29,76,76)
w(0,344,29,77,77)
r(2,125,29,78,78)
w(642,2,29,79,79)
w(50,6,29,80,80)
w(3,88,29,81,81)
w(3,89,29,82,82)
w(5,55,29,83,83)
w(2,126,29,84,84)
w(27,20,29,85,85)
w(73,10,29,86,86)
w(0,345,29,87,87)
w(102,5,29,88,88)
w(2,127,29,89,89)
w(386,3,29,90,90)
w(1,163,29,91,91)
w(4,73,29,92,92)
r(2,127,29,93,93)
w(839,1,29,94,94)
w(504,3,29,95,95)
w(2,128,29,96,96)
r(64,3,29,97,97)
w(9,42,29,98,98)
w(180,4,29,99,99)
w(39,10,30,0,0)
w(0,346,30,1,1)
w(2,129,30,2,2)
r(1,163,30,3,3)
w(0,347,30,4,4)
w(4,74,30,5,5)
w(27,21,30,6,6)
w(2,130,30,7,7)
w(12,23,30,8,8)
w(0,348,30,9,9)
w(20,19,30,10,10)
w(12,24,30,11,11)
w(2,131,30,12,12)
w(238,1,30,13,13)
w(440,1,30,14,14)
w(0,349,30,15,15)
w(25,14,30,16,16)
w(7,54,30,17,17)
w(4,75,30,18,18)
w(26,19,30,19,19)
r(75,4,30,20,20)
r(0,349,30,21,21)
w(0,350,30,22,22)
w(675,1,30,23,23)
w(11,27,30,24,24)
r(229,0,30,25,25)
w(427,2,30,26,26)
w(167,5,30,27,27)
w(1,164,30,28,28)
w(77,3,30,29,29)
r(62,3,30,30,30)
w(0,351,30,31,31)
w(89,2,30,32,32)
w(68,6,30,33,33)
w(38,9,30,34,34)
r(0,351,30,35,35)
w(5,56,30,36,36)
r(65,6,30,37,37)
w(16,23,30,38,38)
r(0,351,30,39,39)
w(139,4,30,40,40)
w(257,3,30,41,41)
w(60,2,30,42,42)
w(0,352,30,43,43)
w(2,132,30,44,44)
r(408,1,30,45,45)
w(0,353,30,46,46)
w(2,133,30,47,47)
w(3,90,30,48,48)
w(0,354,30,49,49)
w(50,7,30,50,50)
w(12,25,30,51,51)
w(306,5,30,52,52)
w(231,1,30,53,53)
w(0,355,30,54,54)
w(22,15,30,55,55)
w(16,24,30,56,56)
w(288,3,30,57,57)
w(251,4,30,58,58)
w(68,7,30,59,59)
w(0,356,30,60,60)
w(104,3,30,61,61)
w(306,6,30,62,62)
w(277,2,30,63,63)
w(3,91,30,64,64)
w(333,2,30,65,65)
w(0,357,30,66,66)
w(10,32,30,67,67)
w(19,19,30,68,68)
w(0,358,30,69,69)
r(16,24,30,70,70)
w(31,18,30,71,71)
w(233,3,30,72,72)
w(4,76,30,73,73)
w(2,134,30,74,74)
w(53,8,30,75,75)
w(2,135,30,76,76)
w(0,359,30,77,77)
w(525,3,30,78,78)
w(28,12,30,79,79)
w(258,4,30,80,80)
w(0,360,30,81,81)
w(138,6,30,82,82)
w(2,136,30,83,83)
w(191,2,30,84,84)
w(37,11,30,85,85)
r(62,3,30,86,86)
w(306,7,30,87,87)
w(373,2,30,88,88)
w(54,9,30,89,89)
w(592,2,30,90,90)
w(4,77,30,91,91)
w(7,55,30,92,92)
w(1,165,30,93,93)
w(229,1,30,94,94)
w(3,92,30,95,95)
w(112,1,30,96,96)
w(7,56,30,97,97)
w(0,361,30,98,98)
w(21,21,30,99,99)
w(558,1,31,0,0)
r(3,92,31,1,1)
w(66,7,31,2,2)
w(297,3,31,3,3)
w(13,20,31,4,4)
w(7,57,31,5,5)
w(159,2,31,6,6)
w(461,3,31,7,7)
w(124,3,31,8,8)
w(473,1,31,9,9)
w(5,57,31,10,10)
r(30,8,31,11,11)
w(119,7,31,12,12)
w(0,362,31,13,13)
w(308,2,31,14,14)
w(1,166,31,15,15)
w(1,167,31,16,16)
w(24,16,31,17,17)
w(94,1,31,18,18)
w(40,7,31,19,19)
w(17,17,31,20,20)
r(2,136,31,21,21)
w(830,1,31,22,22)
w(6,53,31,23,23)
w(25,15,31,24,24)
w(41,9,31,25,25)
w(16,25,31,26,26)
w(4,78,31,27,27)
w(765,1,31,28,28)
w(10,33,31,29,29)
w(107,6,31,30,30)
w(8,31,31,31,31)
r(0,362,31,32,32)
w(204,1,31,33,33)
w(3,93,31,34,34)
w(58,7,31,35,35)
w(2,137,31,36,36)
r(5,57,31,37,37)
w(190,1,31,38,38)
w(4,79,31,39,39)
w(8,32,31,40,40)
r(5,57,31,41,41)
w(63,6,31,42,42)
w(6,54,31,43,43)
w(259,1,31,44,44)
w(2,138,31,45,45)
w(66,8,31,46,46)
w(286,3,31,47,47)
w(1,168,31,48,48)
w(12,26,31,49,49)
r(0,362,31,50,50)
w(180,5,31,51,51)
w(4,80,31,52,52)
w(332,1,31,53,53)
w(2,139,31,54,54)
r(2,139,31,55,55)
w(1,169,31,56,56)
w(1,170,31,57,57)
w(318,3,31,58,58)
w(0,363,31,59,59)
w(0,364,31,60,60)
w(710,1,31,61,61)
w(0,365,31,62,62)
w(39,11,31,63,63)
w(3,94,31,64,64)
r(14,21,31,65,65)
w(0,366,31,66,66)
w(129,5,31,67,67)
w(8,33,31,68,68)
w(54,10,31,69,69)
w(61,4,31,70,70)
w(129,6,31,71,71)
w(185,2,31,72,72)
w(869,1,31,73,73)
w(636,2,31,74,74)
w(3,95,31,75,75)
r(737,0,31,76,76)
w(1,171,31,77,77)
w(18,26,31,78,78)
w(4,81,31,79,79)
w(269,2,31,80,80)
w(15,30,31,81,81)
w(179,1,31,82,82)
w(1,172,31,83,83)
w(13,21,31,84,84)
w(0,367,31,85,85)
r(37,11,31,86,86)
w(925,2,31,87,87)
w(12,27,31,88,88)
w(9,43,31,89,89)
w(1,173,31,90,90)
w(13,22,31,91,91)
w(15,31,31,92,92)
r(0,367,31,93,93)
w(1,174,31,94,94)
w(316,1,31,95,95)
w(1,175,31,96,96)
w(572,2,31,97,97)
w(525,4,31,98,98)
w(1,176,31,99,99)
w(39,12,32,0,0)
w(222,2,32,1,1)
r(0,367,32,2,2)
w(12,28,32,3,3)
w(0,368,32,4,4)
w(7,58,32,5,5)
w(488,1,32,6,6)
r(15,31,32,7,7)
w(6,55,32,8,8)
w(281,1,32,9,9)
w(0,369,32,10,10)
w(47,8,32,11,11)
w(11,28,32,12,12)
w(7,59,32,13,13)
w(624,2,32,14,14)
w(5,58,32,15,15)
w(0,370,32,16,16)
w(0,371,32,17,17)
r(0,371,32,18,18)
w(838,1,32,19,19)
w(16,26,32,20,20)
w(6,56,32,21,21)
w(23,11,32,22,22)
w(3,96,32,23,23)
w(69,6,32,24,24)
w(0,372,32,25,25)
w(68,8,32,26,26)
w(0,373,32,27,27)
w(20,20,32,28,28)
r(3,96,32,29,29)
w(17,18,32,30,30)
w(0,374,32,31,31)
w(51,11,32,32,32)
w(123,6,32,33,33)
w(558,2,32,34,34)
w(55,9,32,35,35)
w(617,1,32,36,36)
w(127,3,32,37,37)
r(1,176,32,38,38)
w(87,5,32,39,39)
w(27,22,32,40,40)
w(56,7,32,41,41)
w(12,29,32,42,42)
w(6,57,32,43,43)
r(248,0,32,44,44)
w(0,375,32,45,45)
w(3,97,32,46,46)
w(0,376,32,47,47)
w(1,177,32,48,48)
w(90,6,32,49,49)
w(56,8,32,50,50)
w(0,377,32,51,51)
w(160,2,32,52,52)
w(834,1,32,53,53)
w(60,3,32,54,54)
w(425,2,32,55,55)
w(0,378,32,56,56)
w(152,4,32,57,57)
w(0,379,32,58,58)
w(789,1,32,59,59)
w(16,27,32,60,60)
w(17,19,32,61,61)
w(0,380,32,62,62)
w(0,381,32,63,63)
w(7,60,32,64,64)
w(2,140,32,65,65)
w(29,13,32,66,66)
w(152,5,32,67,67)
w(38,10,32,68,68)
w(105,3,32,69,69)
w(681,1,32,70,70)
w(362,2,32,71,71)
w(0,382,32,72,72)
w(6,58,32,73,73)
w(0,383,32,74,74)
w(5,59,32,75,75)
w(2,141,32,76,76)
r(7,60,32,77,77)
r(27,22,32,78,78)
w(365,1,32,79,79)
w(8,34,32,80,80)
w(3,98,32,81,81)
r(1,177,32,82,82)
w(86,2,32,83,83)
w(70,11,32,84,84)
w(1,178,32,85,85)
w(4,82,32,86,86)
w(533,2,32,87,87)
w(0,384,32,88,88)
w(859,1,32,89,89)
w(8,35,32,90,90)
w(0,385,32,91,91)
w(70,12,32,92,92)
w(88,7,32,93,93)
r(363,1,32,94,94)
w(1,179,32,95,95)
w(4,83,32,96,96)
w(699,2,32,97,97)
w(50,8,32,98,98)
r(905,0,32,99,99)
w(9,44,33,0,0)
w(48,12,33,1,1)
w(135,2,33,2,2)
r(4,83,33,3,3)
w(637,1,33,4,4)
w(119,8,33,5,5)
r(104,3,33,6,6)
w(2,142,33,7,7)
w(386,4,33,8,8)
w(55,10,33,9,9)
r(95,5,33,10,10)
w(108,2,33,11,11)
w(25,16,33,12,12)
w(0,386,33,13,13)
w(243,2,33,14,14)
w(0,387,33,15,15)
w(446,2,33,16,16)
w(34,10,33,17,17)
r(100,2,33,18,18)
w(290,3,33,19,19)
w(54,11,33,20,20)
w(5,60,33,21,21)
w(508,1,33,22,22)
w(1,180,33,23,23)
r(96,2,33,24,24)
w(27,23,33,25,25)
r(251,4,33,26,26)
w(0,388,33,27,27)
w(56,9,33,28,28)
w(24,17,33,29,29)
w(4,84,33,30,30)
w(0,389,33,31,31)
w(18,27,33,32,32)
w(746,1,33,33,33)
w(0,390,33,34,34)
w(2,143,33,35,35)
w(888,1,33,36,36)
w(12,30,33,37,37)
w(12,31,33,38,38)
w(435,1,33,39,39)
r(20,20,33,40,40)
w(115,6,33,41,41)
w(174,4,33,42,42)
w(287,2,33,43,43)
r(238,1,33,44,44)
w(98,6,33,45,45)
r(966,0,33,46,46)
w(121,5,33,47,47)
w(18,28,33,48,48)
w(63,7,33,49,49)
w(75,5,33,50,50)
w(28,13,33,51,51)
w(25,17,33,52,52)
w(14,22,33,53,53)
w(2,144,33,54,54)
w(2,145,33,55,55)
w(969,1,33,56,56)
w(11,29,33,57,57)
w(98,7,33,58,58)
w(500,2,33,59,59)
w(142,3,33,60,60)
r(252,3,33,61,61)
w(99,4,33,62,62)
w(0,391,33,63,63)
w(19,20,33,64,64)
w(2,146,33,65,65)
w(1,181,33,66,66)
w(1,182,33,67,67)
w(130,3,33,68,68)
w(1,183,33,69,69)
r(0,391,33,70,70)
w(4,85,33,71,71)
r(1,183,33,72,72)
w(36,8,33,73,73)
w(549,2,33,74,74)
w(2,147,33,75,75)
r(630,0,33,76,76)
w(93,8,33,77,77)
w(28,14,33,78,78)
w(12,32,33,79,79)
r(215,0,33,80,80)
w(6,59,33,81,81)
w(55,11,33,82,82)
w(194,1,33,83,83)
w(27,24,33,84,84)
w(4,86,33,85,85)
r(225,2,33,86,86)
w(892,2,33,87,87)
w(0,392,33,88,88)
w(3,99,33,89,89)
w(575,1,33,90,90)
w(524,2,33,91,91)
r(105,3,33,92,92)
r(884,0,33,93,93)
r(114,6,33,94,94)
w(24,18,33,95,95)
r(332,1,33,96,96)
w(26,20,33,97,97)
w(13,23,33,98,98)
w(289,5,33,99,99)
w(4,87,34,0,0)
w(3,100,34,1,1)
w(231,2,34,2,2)
w(0,393,34,3,3)
w(10,34,34,4,4)
w(2,148,34,5,5)
w(178,6,34,6,6)
r(0,393,34,7,7)
w(0,394,34,8,8)
w(0,395,34,9,9)
w(40,8,34,10,10)
w(0,396,34,11,11)
r(990,0,34,12,12)
w(1,184,34,13,13)
w(114,7,34,14,14)
w(109,8,34,15,15)
w(4,88,34,16,16)
w(154,1,34,17,17)
w(186,2,34,18,18)
w(34,11,34,19,19)
w(140,3,34,20,20)
w(334,3,34,21,21)
w(1,185,34,22,22)
w(360,2,34,23,23)
w(6,60,34,24,24)
w(31,19,34,25,25)
w(906,1,34,26,26)
w(8,36,34,27,27)
w(744,1,34,28,28)
w(42,7,34,29,29)
w(399,2,34,30,30)
w(92,3,34,31,31)
w(697,1,34,32,32)
w(339,2,34,33,33)
w(2,149,34,34,34)
w(0,397,34,35,35)
r(70,12,34,36,36)
w(22,16,34,37,37)
w(0,398,34,38,38)
w(337,2,34,39,39)
w(0,399,34,40,40)
w(73,11,34,41,41)
w(0,400,34,42,42)
r(343,2,34,43,43)
w(8,37,34,44,44)
w(57,8,34,45,45)
w(156,4,34,46,46)
w(478,1,34,47,47)
w(26,21,34,48,48)
w(4,89,34,49,49)
w(38,11,34,50,50)
w(7,61,34,51,51)
w(0,401,34,52,52)
w(8,38,34,53,53)
w(20,21,34,54,54)
w(36,9,34,55,55)
w(4,90,34,56,56)
w(249,2,34,57,57)
w(3,101,34,58,58)
w(562,2,34,59,59)
w(8,39,34,60,60)
w(0,402,34,61,61)
w(331,3,34,62,62)
w(189,2,34,63,63)
w(466,4,34,64,64)
w(6,61,34,65,65)
w(14,23,34,66,66)
w(293,4,34,67,67)
w(0,403,34,68,68)
w(1,186,34,69,69)
w(4,91,34,70,70)
w(79,6,34,71,71)
w(12,33,34,72,72)
w(7,62,34,73,73)
w(5,61,34,74,74)
w(1,187,34,75,75)
w(1,188,34,76,76)
w(898,1,34,77,77)
r(693,1,34,78,78)
w(11,30,34,79,79)
w(678,2,34,80,80)
w(55,12,34,81,81)
w(1,189,34,82,82)
w(395,3,34,83,83)
w(0,404,34,84,84)
w(2,150,34,85,85)
r(1,189,34,86,86)
w(0,405,34,87,87)
w(992,1,34,88,88)
w(0,406,34,89,89)
w(0,407,34,90,90)
w(7,63,34,91,91)
w(534,1,34,92,92)
w(2,151,34,93,93)
w(4,92,34,94,94)
w(24,19,34,95,95)
w(332,2,34,96,96)
w(55,13,34,97,97)
w(130,4,34,98,98)
w(4,93,34,99,99)
w(335,2,35,0,0)
w(7,64,35,1,1)
w(417,3,35,2,2)
w(88,8,35,3,3)
w(94,2,35,4,4)
w(19,21,35,5,5)
w(16,28,35,6,6)
w(0,408,35,7,7)
w(14,24,35,8,8)
w(178,7,35,9,9)
w(654,2,35,10,10)
w(32,10,35,11,11)
w(0,409,35,12,12)
w(0,410,35,13,13)
w(67,4,35,14,14)
w(119,9,35,15,15)
w(0,411,35,16,16)
w(2,152,35,17,17)
w(45,16,35,18,18)
w(39,13,35,19,19)
w(4,94,35,20,20)
w(258,5,35,21,21)
w(0,412,35,22,22)
w(1,190,35,23,23)
w(6,62,35,24,24)
w(1,191,35,25,25)
w(0,413,35,26,26)
w(64,4,35,27,27)
w(0,414,35,28,28)
w(0,415,35,29,29)
w(3,102,35,30,30)
r(13,23,35,31,31)
r(7,64,35,32,32)
w(15,32,35,33,33)
w(50,9,35,34,34)
r(23,11,35,35,35)
w(0,416,35,36,36)
w(609,1,35,37,37)
w(12,34,35,38,38)
w(53,9,35,39,39)
w(15,33,35,40,40)
w(904,1,35,41,41)
w(7,65,35,42,42)
w(8,40,35,43,43)
r(437,0,35,44,44)
w(598,1,35,45,45)
w(138,7,35,46,46)
w(430,3,35,47,47)
w(216,1,35,48,48)
w(12,35,35,49,49)
w(2,153,35,50,50)
w(1,192,35,51,51)
w(1,193,35,52,52)
w(938,1,35,53,53)
w(0,417,35,54,54)
w(128,2,35,55,55)
w(5,62,35,56,56)
w(0,418,35,57,57)
w(57,9,35,58,58)
w(32,11,35,59,59)
w(30,9,35,60,60)
w(13,24,35,61,61)
w(914,1,35,62,62)
w(348,1,35,63,63)
w(157,4,35,64,64)
w(10,35,35,65,65)
w(1,194,35,66,66)
w(71,8,35,67,67)
w(373,3,35,68,68)
w(23,12,35,69,69)
w(672,1,35,70,70)
w(755,1,35,71,71)
w(25,18,35,72,72)
w(18,29,35,73,73)
r(211,0,35,74,74)
w(95,6,35,75,75)
w(13,25,35,76,76)
w(31,20,35,77,77)
w(865,3,35,78,78)
w(14,25,35,79,79)
w(1,195,35,80,80)
w(43,10,35,81,81)
w(2,154,35,82,82)
r(12,35,35,83,83)
w(5,63,35,84,84)
w(53,10,35,85,85)
w(875,1,35,86,86)
w(176,4,35,87,87)
w(35,16,35,88,88)
w(98,8,35,89,89)
w(3,103,35,90,90)
w(180,6,35,91,91)
w(2,155,35,92,92)
w(30,10,35,93,93)
r(105,3,35,94,94)
r(1,195,35,95,95)
r(1,195,35,96,96)
w(0,419,35,97,97)
w(125,3,35,98,98)
w(607,1,35,99,99)
w(395,4,36,0,0)
w(0,420,36,1,1)
w(287,3,36,2,2)
w(11,31,36,3,3)
w(0,421,36,4,4)
w(169,2,36,5,5)
w(115,7,36,6,6)
w(8,41,36,7,7)
w(188,3,36,8,8)
w(71,9,36,9,9)
r(0,421,36,10,10)
w(0,422,36,11,11)
w(6,63,36,12,12)
w(54,12,36,13,13)
w(0,423,36,14,14)
w(11,32,36,15,15)
r(12,35,36,16,16)
r(97,3,36,17,17)
w(6,64,36,18,18)
w(4,95,36,19,19)
w(171,3,36,20,20)
w(1,196,36,21,21)
w(18,30,36,22,22)
w(3,104,36,23,23)
w(3,105,36,24,24)
w(0,424,36,25,25)
w(907,2,36,26,26)
w(356,5,36,27,27)
w(30,11,36,28,28)
r(0,424,36,29,29)
w(6,65,36,30,30)
w(0,425,36,31,31)
r(7,65,36,32,32)
w(492,2,36,33,33)
w(8,42,36,34,34)
w(80,5,36,35,35)
r(0,425,36,36,36)
w(826,1,36,37,37)
w(638,2,36,38,38)
w(56,10,36,39,39)
w(0,426,36,40,40)
w(989,1,36,41,41)
w(973,2,36,42,42)
w(1,197,36,43,43)
r(8,42,36,44,44)
w(3,106,36,45,45)
w(384,1,36,46,46)
r(658,1,36,47,47)
w(3,107,36,48,48)
r(7,65,36,49,49)
w(4,96,36,50,50)
w(1,198,36,51,51)
w(63,8,36,52,52)
w(87,6,36,53,53)
w(85,8,36,54,54)
r(8,42,36,55,55)
w(26,22,36,56,56)
w(1,199,36,57,57)
w(67,5,36,58,58)
w(17,20,36,59,59)
w(0,427,36,60,60)
w(0,428,36,61,61)
w(7,66,36,62,62)
w(145,4,36,63,63)
w(0,429,36,64,64)
w(3,108,36,65,65)
w(734,2,36,66,66)
w(4,97,36,67,67)
w(0,430,36,68,68)
r(2,155,36,69,69)
w(23,13,36,70,70)
w(0,431,36,71,71)
w(600,1,36,72,72)
w(1,200,36,73,73)
w(1,201,36,74,74)
r(5,63,36,75,75)
r(5,63,36,76,76)
w(2,156,36,77,77)
w(109,9,36,78,78)
w(259,2,36,79,79)
w(41,10,36,80,80)
w(1,202,36,81,81)
w(130,5,36,82,82)
w(3,109,36,83,83)
w(3,110,36,84,84)
w(0,432,36,85,85)
w(1,203,36,86,86)
w(4,98,36,87,87)
w(161,3,36,88,88)
w(0,433,36,89,89)
w(0,434,36,90,90)
w(30,12,36,91,91)
w(5,64,36,92,92)
w(39,14,36,93,93)
w(5,65,36,94,94)
w(22,17,36,95,95)
w(12,36,36,96,96)
w(0,435,36,97,97)
w(307,2,36,98,98)
w(35,17,36,99,99)
w(2,157,37,0,0)
w(0,436,37,1,1)
w(829,3,37,2,2)
w(530,3,37,3,3)
w(22,18,37,4,4)
w(0,437,37,5,5)
w(356,6,37,6,6)
w(1,204,37,7,7)
w(870,2,37,8,8)
w(63,9,37,9,9)
w(0,438,37,10,10)
r(1,204,37,11,11)
w(109,10,37,12,12)
w(29,14,37,13,13)
w(5,66,37,14,14)
w(0,439,37,15,15)
w(3,111,37,16,16)
w(23,14,37,17,17)
w(498,2,37,18,18)
w(9,45,37,19,19)
w(0,440,37,20,20)
w(14,26,37,21,21)
w(50,10,37,22,22)
w(23,15,37,23,23)
w(29,15,37,24,24)
w(0,441,37,25,25)
r(22,18,37,26,26)
w(403,2,37,27,27)
w(72,4,37,28,28)
w(84,2,37,29,29)
w(0,442,37,30,30)
r(6,65,37,31,31)
w(12,37,37,32,32)
w(141,3,37,33,33)
w(0,443,37,34,34)
w(0,444,37,35,35)
w(150,8,37,36,36)
w(29,16,37,37,37)
r(854,0,37,38,38)
r(356,6,37,39,39)
w(49,6,37,40,40)
w(379,3,37,41,41)
w(4,99,37,42,42)
w(37,12,37,43,43)
w(0,445,37,44,44)
w(2,158,37,45,45)
w(65,7,37,46,46)
w(0,446,37,47,47)
w(49,7,37,48,48)
w(4,100,37,49,49)
w(76,7,37,50,50)
w(2,159,37,51,51)
w(34,12,37,52,52)
r(2,159,37,53,53)
w(5,67,37,54,54)
r(1,204,37,55,55)
w(42,8,37,56,56)
w(10,36,37,57,57)
w(68,9,37,58,58)
w(144,4,37,59,59)
w(135,3,37,60,60)
r(0,446,37,61,61)
w(8,43,37,62,62)
w(8,44,37,63,63)
w(17,21,37,64,64)
w(2,160,37,65,65)
w(0,447,37,66,66)
w(49,8,37,67,67)
w(1,205,37,68,68)
w(4,101,37,69,69)
w(8,45,37,70,70)
w(10,37,37,71,71)
w(20,22,37,72,72)
w(0,448,37,73,73)
w(18,31,37,74,74)
w(47,9,37,75,75)
r(7,66,37,76,76)
w(1,206,37,77,77)
w(7,67,37,78,78)
w(43,11,37,79,79)
w(215,1,37,80,80)
w(14,27,37,81,81)
w(927,2,37,82,82)
w(48,13,37,83,83)
w(86,3,37,84,84)
w(116,3,37,85,85)
r(131,0,37,86,86)
w(14,28,37,87,87)
w(215,2,37,88,88)
w(963,1,37,89,89)
w(864,2,37,90,90)
w(26,23,37,91,91)
w(91,5,37,92,92)
w(9,46,37,93,93)
w(8,46,37,94,94)
w(609,2,37,95,95)
w(23,16,37,96,96)
w(151,2,37,97,97)
w(7,68,37,98,98)
w(99,5,37,99,99)
w(0,449,38,0,0)
w(295,1,38,1,1)
w(12,38,38,2,2)
w(0,450,38,3,3)
w(7,69,38,4,4)
w(637,2,38,5,5)
w(30,13,38,6,6)
w(17,22,38,7,7)
w(0,451,38,8,8)
w(1,207,38,9,9)
w(62,4,38,10,10)
w(4,102,38,11,11)
r(38,11,38,12,12)
w(8,47,38,13,13)
r(11,32,38,14,14)
w(2,161,38,15,15)
w(213,1,38,16,16)
w(26,24,38,17,17)
w(152,6,38,18,18)
w(109,11,38,19,19)
w(4,103,38,20,20)
w(3,112,38,21,21)
w(552,1,38,22,22)
w(349,1,38,23,23)
w(135,4,38,24,24)
w(0,452,38,25,25)
w(30,14,38,26,26)
w(837,3,38,27,27)
w(0,453,38,28,28)
w(388,2,38,29,29)
w(45,17,38,30,30)
w(14,29,38,31,31)
w(7,70,38,32,32)
w(0,454,38,33,33)
w(776,1,38,34,34)
w(0,455,38,35,35)
w(0,456,38,36,36)
w(995,1,38,37,37)
w(105,4,38,38,38)
w(13,26,38,39,39)
w(836,1,38,40,40)
w(0,457,38,41,41)
w(719,1,38,42,42)
r(169,2,38,43,43)
w(10,38,38,44,44)
w(2,162,38,45,45)
w(1,208,38,46,46)
w(0,458,38,47,47)
w(1,209,38,48,48)
w(2,163,38,49,49)
w(0,459,38,50,50)
w(641,4,38,51,51)
w(44,9,38,52,52)
w(603,1,38,53,53)
w(16,29,38,54,54)
w(102,6,38,55,55)
w(11,33,38,56,56)
w(136,2,38,57,57)
w(0,460,38,58,58)
w(26,25,38,59,59)
w(817,1,38,60,60)
r(844,0,38,61,61)
r(37,12,38,62,62)
w(199,1,38,63,63)
w(270,1,38,64,64)
w(166,4,38,65,65)
w(22,19,38,66,66)
w(8,48,38,67,67)
w(886,2,38,68,68)
w(652,1,38,69,69)
r(468,1,38,70,70)
w(11,34,38,71,71)
w(0,461,38,72,72)
w(25,19,38,73,73)
w(390,3,38,74,74)
w(7,71,38,75,75)
w(0,462,38,76,76)
w(2,164,38,77,77)
r(181,4,38,78,78)
w(21,22,38,79,79)
w(3,113,38,80,80)
w(21,23,38,81,81)
w(26,26,38,82,82)
r(0,462,38,83,83)
w(90,7,38,84,84)
w(185,3,38,85,85)
w(15,34,38,86,86)
w(290,4,38,87,87)
w(1,210,38,88,88)
r(534,1,38,89,89)
w(89,3,38,90,90)
w(103,4,38,91,91)
w(255,2,38,92,92)
w(134,5,38,93,93)
w(3,114,38,94,94)
w(54,13,38,95,95)
w(8,49,38,96,96)
w(1,211,38,97,97)
w(234,6,38,98,98)
w(441,2,38,99,99)
w(456,2,39,0,0)
w(85,9,39,1,1)
w(5,68,39,2,2)
w(33,11,39,3,3)
w(264,2,39,4,4)
r(52,4,39,5,5)
w(6,66,39,6,6)
w(324,1,39,7,7)
r(6,66,39,8,8)
w(402,3,39,9,9)
w(63,10,39,10,10)
w(1,212,39,11,11)
w(0,463,39,12,12)
w(24,20,39,13,13)
w(0,464,39,14,14)
w(40,9,39,15,15)
w(87,7,39,16,16)
w(1,213,39,17,17)
r(129,6,39,18,18)
w(29,17,39,19,19)
w(23,17,39,20,20)
w(1,214,39,21,21)
w(3,115,39,22,22)
w(3,116,39,23,23)
w(811,2,39,24,24)
w(113,5,39,25,25)
w(1,215,39,26,26)
r(410,2,39,27,27)
w(1,216,39,28,28)
w(8,50,39,29,29)
w(21,24,39,30,30)
w(78,8,39,31,31)
w(1,217,39,32,32)
w(3,117,39,33,33)
w(0,465,39,34,34)
w(172,1,39,35,35)
w(0,466,39,36,36)
w(7,72,39,37,37)
r(332,2,39,38,38)
w(17,23,39,39,39)
w(53,11,39,40,40)
w(2,165,39,41,41)
r(19,21,39,42,42)
r(15,34,39,43,43)
w(101,4,39,44,44)
w(2,166,39,45,45)
r(4,103,39,46,46)
w(878,1,39,47,47)
w(5,69,39,48,48)
w(44,10,39,49,49)
w(5,70,39,50,50)
w(19,22,39,51,51)
w(0,467,39,52,52)
w(0,468,39,53,53)
w(6,67,39,54,54)
w(37,13,39,55,55)
w(68,10,39,56,56)
w(118,3,39,57,57)
w(0,469,39,58,58)
w(13,27,39,59,59)
w(6,68,39,60,60)
w(2,167,39,61,61)
w(668,1,39,62,62)
w(715,1,39,63,63)
w(2,168,39,64,64)
r(85,9,39,65,65)
w(4,104,39,66,66)
w(716,2,39,67,67)
w(1,218,39,68,68)
w(2,169,39,69,69)
w(797,2,39,70,70)
w(42,9,39,71,71)
w(128,3,39,72,72)
r(97,3,39,73,73)
w(199,2,39,74,74)
w(0,470,39,75,75)
w(1,219,39,76,76)
w(150,9,39,77,77)
w(953,1,39,78,78)
r(1,219,39,79,79)
w(17,24,39,80,80)
w(609,3,39,81,81)
w(0,471,39,82,82)
w(631,1,39,83,83)
r(1,219,39,84,84)
w(155,5,39,85,85)
w(0,472,39,86,86)
w(0,473,39,87,87)
w(1,220,39,88,88)
w(12,39,39,89,89)
w(2,170,39,90,90)
w(362,3,39,91,91)
w(1,221,39,92,92)
w(0,474,39,93,93)
w(52,5,39,94,94)
w(8,51,39,95,95)
r(863,0,39,96,96)
w(59,10,39,97,97)
r(86,3,39,98,98)
w(14,30,39,99,99)
w(252,4,40,0,0)
w(0,475,40,1,1)
w(41,11,40,2,2)
w(0,476,40,3,3)
w(20,23,40,4,4)
w(0,477,40,5,5)
w(1,222,40,6,6)
w(3,118,40,7,7)
r(55,13,40,8,8)
w(718,1,40,9,9)
r(0,477,40,10,10)
w(165,3,40,11,11)
w(23,18,40,12,12)
w(73,12,40,13,13)
w(90,8,40,14,14)
w(0,478,40,15,15)
w(53,12,40,16,16)
w(57,10,40,17,17)
w(2,171,40,18,18)
w(1,223,40,19,19)
w(108,3,40,20,20)
w(241,4,40,21,21)
w(1,224,40,22,22)
w(187,3,40,23,23)
w(0,479,40,24,24)
w(144,5,40,25,25)
w(464,1,40,26,26)
w(0,480,40,27,27)
w(5,71,40,28,28)
w(16,30,40,29,29)
w(186,3,40,30,30)
r(13,27,40,31,31)
w(782,1,40,32,32)
w(16,31,40,33,33)
w(602,1,40,34,34)
w(12,40,40,35,35)
w(2,172,40,36,36)
r(31,20,40,37,37)
w(2,173,40,38,38)
r(64,4,40,39,39)
w(73,13,40,40,40)
w(34,13,40,41,41)
w(163,2,40,42,42)
w(239,2,40,43,43)
w(0,481,40,44,44)
w(528,4,40,45,45)
w(2,174,40,46,46)
r(2,174,40,47,47)
w(8,52,40,48,48)
w(12,41,40,49,49)
r(0,481,40,50,50)
w(8,53,40,51,51)
w(400,2,40,52,52)
r(788,0,40,53,53)
w(0,482,40,54,54)
w(20,24,40,55,55)
w(11,35,40,56,56)
w(10,39,40,57,57)
w(0,483,40,58,58)
w(30,15,40,59,59)
w(2,175,40,60,60)
w(445,2,40,61,61)
w(203,7,40,62,62)
w(178,8,40,63,63)
w(1,225,40,64,64)
w(34,14,40,65,65)
r(4,104,40,66,66)
w(2,176,40,67,67)
w(1,226,40,68,68)
w(139,5,40,69,69)
w(8,54,40,70,70)
r(0,483,40,71,71)
w(435,2,40,72,72)
w(208,5,40,73,73)
w(75,6,40,74,74)
w(1,227,40,75,75)
w(2,177,40,76,76)
w(0,484,40,77,77)
w(18,32,40,78,78)
w(1,228,40,79,79)
w(578,3,40,80,80)
w(30,16,40,81,81)
w(343,3,40,82,82)
r(347,1,40,83,83)
w(2,178,40,84,84)
w(72,5,40,85,85)
w(310,2,40,86,86)
w(2,179,40,87,87)
w(194,2,40,88,88)
w(316,2,40,89,89)
w(0,485,40,90,90)
w(11,36,40,91,91)
w(6,69,40,92,92)
w(0,486,40,93,93)
w(0,487,40,94,94)
w(204,2,40,95,95)
r(343,3,40,96,96)
w(4,105,40,97,97)
w(34,15,40,98,98)
r(111,0,40,99,99)
w(798,1,41,0,0)
r(24,20,41,1,1)
w(4,106,41,2,2)
w(0,488,41,3,3)
w(15,35,41,4,4)
r(778,0,41,5,5)
w(63,11,41,6,6)
w(1,229,41,7,7)
w(38,12,41,8,8)
w(4,107,41,9,9)
w(0,489,41,10,10)
w(15,36,41,11,11)
w(2,180,41,12,12)
w(6,70,41,13,13)
w(728,1,41,14,14)
w(24,21,41,15,15)
w(31,21,41,16,16)
w(261,3,41,17,17)
w(302,3,41,18,18)
w(248,1,41,19,19)
w(48,14,41,20,20)
w(30,17,41,21,21)
w(0,490,41,22,22)
w(8,55,41,23,23)
w(346,1,41,24,24)
w(11,37,41,25,25)
w(9,47,41,26,26)
w(1,230,41,27,27)
w(0,491,41,28,28)
w(7,73,41,29,29)
r(13,27,41,30,30)
w(119,10,41,31,31)
w(24,22,41,32,32)
w(5,72,41,33,33)
w(75,7,41,34,34)
w(25,20,41,35,35)
w(1,231,41,36,36)
w(479,1,41,37,37)
w(38,13,41,38,38)
w(5,73,41,39,39)
r(5,73,41,40,40)
w(174,5,41,41,41)
w(0,492,41,42,42)
r(66,8,41,43,43)
w(66,9,41,44,44)
w(17,25,41,45,45)
w(10,40,41,46,46)
w(3,119,41,47,47)
w(205,3,41,48,48)
w(1,232,41,49,49)
w(250,1,41,50,50)
w(9,48,41,51,51)
w(13,28,41,52,52)
w(84,3,41,53,53)
w(0,493,41,54,54)
w(35,18,41,55,55)
w(1,233,41,56,56)
w(4,108,41,57,57)
w(11,38,41,58,58)
w(429,1,41,59,59)
r(798,1,41,60,60)
r(36,9,41,61,61)
w(1,234,41,62,62)
w(27,25,41,63,63)
w(9,49,41,64,64)
w(0,494,41,65,65)
w(92,4,41,66,66)
r(19,22,41,67,67)
w(8,56,41,68,68)
r(972,0,41,69,69)
w(245,1,41,70,70)
w(1,235,41,71,71)
w(333,3,41,72,72)
w(52,6,41,73,73)
w(169,3,41,74,74)
w(32,12,41,75,75)
w(8,57,41,76,76)
w(209,2,41,77,77)
w(867,1,41,78,78)
w(7,74,41,79,79)
w(0,495,41,80,80)
w(1,236,41,81,81)
w(628,1,41,82,82)
w(19,23,41,83,83)
w(12,42,41,84,84)
w(414,2,41,85,85)
w(994,1,41,86,86)
w(92,5,41,87,87)
w(1,237,41,88,88)
w(10,41,41,89,89)
r(8,57,41,90,90)
w(11,39,41,91,91)
w(9,50,41,92,92)
w(243,3,41,93,93)
w(226,1,41,94,94)
w(132,3,41,95,95)
r(716,2,41,96,96)
w(316,3,41,97,97)
w(30,18,41,98,98)
w(1,238,41,99,99)
w(92,6,42,0,0)
w(631,2,42,1,1)
w(911,2,42,2,2)
w(3,120,42,3,3)
w(146,2,42,4,4)
w(5,74,42,5,5)
w(506,2,42,6,6)
w(18,33,42,7,7)
w(120,3,42,8,8)
w(1,239,42,9,9)
w(2,181,42,10,10)
w(6,71,42,11,11)
w(0,496,42,12,12)
w(203,8,42,13,13)
w(0,497,42,14,14)
w(15,37,42,15,15)
r(12,42,42,16,16)
w(11,40,42,17,17)
w(10,42,42,18,18)
w(41,12,42,19,19)
w(17,26,42,20,20)
w(0,498,42,21,21)
w(180,7,42,22,22)
w(77,4,42,23,23)
w(60,4,42,24,24)
w(0,499,42,25,25)
w(1,240,42,26,26)
w(527,1,42,27,27)
w(15,38,42,28,28)
w(19,24,42,29,29)
w(271,2,42,30,30)
w(39,15,42,31,31)
w(636,3,42,32,32)
w(247,2,42,33,33)
w(570,2,42,34,34)
r(372,0,42,35,35)
r(541,0,42,36,36)
w(5,75,42,37,37)
w(574,1,42,38,38)
w(3,121,42,39,39)
w(0,500,42,40,40)
w(0,501,42,41,41)
w(402,4,42,42,42)
w(109,12,42,43,43)
w(184,2,42,44,44)
w(4,109,42,45,45)
w(60,5,42,46,46)
w(88,9,42,47,47)
w(137,3,42,48,48)
w(31,22,42,49,49)
w(0,502,42,50,50)
w(1,241,42,51,51)
w(1,242,42,52,52)
w(523,2,42,53,53)
w(801,1,42,54,54)
r(6,71,42,55,55)
w(794,1,42,56,56)
r(0,502,42,57,57)
w(873,2,42,58,58)
w(593,1,42,59,59)
w(2,182,42,60,60)
w(790,2,42,61,61)
w(0,503,42,62,62)
w(0,504,42,63,63)
r(394,2,42,64,64)
w(1,243,42,65,65)
w(14,31,42,66,66)
w(0,505,42,67,67)
w(6,72,42,68,68)
w(90,9,42,69,69)
w(16,32,42,70,70)
w(579,2,42,71,71)
w(199,3,42,72,72)
w(775,2,42,73,73)
w(268,1,42,74,74)
w(1,244,42,75,75)
r(0,505,42,76,76)
w(17,27,42,77,77)
r(0,505,42,78,78)
w(0,506,42,79,79)
w(95,7,42,80,80)
w(6,73,42,81,81)
w(32,13,42,82,82)
w(285,2,42,83,83)
w(0,507,42,84,84)
w(418,1,42,85,85)
w(0,508,42,86,86)
w(54,14,42,87,87)
r(7,74,42,88,88)
w(0,509,42,89,89)
r(8,57,42,90,90)
w(17,28,42,91,91)
r(2,182,42,92,92)
w(25,21,42,93,93)
w(17,29,42,94,94)
w(348,2,42,95,95)
w(14,32,42,96,96)
w(18,34,42,97,97)
w(0,510,42,98,98)
w(646,3,42,99,99)
w(1,245,43,0,0)
w(320,3,43,1,1)
w(213,2,43,2,2)
w(148,2,43,3,3)
w(0,511,43,4,4)
w(14,33,43,5,5)
w(0,512,43,6,6)
r(508,1,43,7,7)
w(793,1,43,8,8)
w(1,246,43,9,9)
w(87,8,43,10,10)
w(30,19,43,11,11)
w(3,122,43,12,12)
r(4,109,43,13,13)
w(0,513,43,14,14)
w(30,20,43,15,15)
w(10,43,43,16,16)
w(2,183,43,17,17)
w(2,184,43,18,18)
w(10,44,43,19,19)
w(297,4,43,20,20)
w(629,3,43,21,21)
w(3,123,43,22,22)
w(61,5,43,23,23)
r(4,109,43,24,24)
w(35,19,43,25,25)
w(3,124,43,26,26)
w(165,4,43,27,27)
w(348,3,43,28,28)
r(71,9,43,29,29)
w(13,29,43,30,30)
w(9,51,43,31,31)
w(2,185,43,32,32)
w(87,9,43,33,33)
w(357,2,43,34,34)
w(6,74,43,35,35)
w(96,3,43,36,36)
w(0,514,43,37,37)
w(16,33,43,38,38)
w(8,58,43,39,39)
w(16,34,43,40,40)
w(617,2,43,41,41)
r(92,6,43,42,42)
w(2,186,43,43,43)
w(76,8,43,44,44)
w(55,14,43,45,45)
w(7,75,43,46,46)
w(41,13,43,47,47)
w(11,41,43,48,48)
w(17,30,43,49,49)
w(0,515,43,50,50)
w(2,187,43,51,51)
w(36,10,43,52,52)
w(20,25,43,53,53)
w(11,42,43,54,54)
w(114,8,43,55,55)
r(251,4,43,56,56)
w(233,4,43,57,57)
w(85,10,43,58,58)
w(0,516,43,59,59)
r(15,38,43,60,60)
w(758,1,43,61,61)
w(0,517,43,62,62)
w(0,518,43,63,63)
w(173,3,43,64,64)
w(141,4,43,65,65)
w(41,14,43,66,66)
w(944,2,43,67,67)
w(4,110,43,68,68)
w(37,14,43,69,69)
w(1,247,43,70,70)
w(13,30,43,71,71)
w(0,519,43,72,72)
w(93,9,43,73,73)
w(13,31,43,74,74)
w(47,10,43,75,75)
w(101,5,43,76,76)
w(0,520,43,77,77)
w(15,39,43,78,78)
w(77,5,43,79,79)
w(0,521,43,80,80)
w(78,9,43,81,81)
w(2,188,43,82,82)
w(5,76,43,83,83)
w(3,125,43,84,84)
w(318,4,43,85,85)
w(317,2,43,86,86)
w(13,32,43,87,87)
w(12,43,43,88,88)
r(0,521,43,89,89)
w(0,522,43,90,90)
w(4,111,43,91,91)
w(3,126,43,92,92)
w(2,189,43,93,93)
w(0,523,43,94,94)
w(0,524,43,95,95)
w(37,15,43,96,96)
w(11,43,43,97,97)
r(307,2,43,98,98)
w(102,7,43,99,99)
w(6,75,44,0,0)
w(19,25,44,1,1)
w(48,15,44,2,2)
w(4,112,44,3,3)
r(124,3,44,4,4)
r(1,247,44,5,5)
w(65,8,44,6,6)
w(5,77,44,7,7)
w(159,3,44,8,8)
w(4,113,44,9,9)
w(1,248,44,10,10)
w(7,76,44,11,11)
w(15,40,44,12,12)
w(60,6,44,13,13)
w(2,190,44,14,14)
w(9,52,44,15,15)
w(642,3,44,16,16)
w(23,19,44,17,17)
w(316,4,44,18,18)
w(13,33,44,19,19)
w(0,525,44,20,20)
w(1,249,44,21,21)
w(5,78,44,22,22)
w(39,16,44,23,23)
w(1,250,44,24,24)
w(10,45,44,25,25)
w(11,44,44,26,26)
w(2,191,44,27,27)
w(398,3,44,28,28)
w(985,1,44,29,29)
r(216,1,44,30,30)
w(295,2,44,31,31)
w(0,526,44,32,32)
w(50,11,44,33,33)
w(38,14,44,34,34)
w(188,4,44,35,35)
w(0,527,44,36,36)
w(30,21,44,37,37)
r(21,24,44,38,38)
w(484,1,44,39,39)
w(172,2,44,40,40)
w(12,44,44,41,41)
w(496,1,44,42,42)
w(10,46,44,43,43)
w(970,2,44,44,44)
w(3,127,44,45,45)
w(30,22,44,46,46)
w(26,27,44,47,47)
r(13,33,44,48,48)
w(0,528,44,49,49)
r(2,191,44,50,50)
r(0,528,44,51,51)
r(36,10,44,52,52)
w(24,23,44,53,53)
w(2,192,44,54,54)
w(0,529,44,55,55)
w(36,11,44,56,56)
w(1,251,44,57,57)
w(0,530,44,58,58)
w(13,34,44,59,59)
w(0,531,44,60,60)
w(12,45,44,61,61)
w(115,8,44,62,62)
w(631,3,44,63,63)
w(105,5,44,64,64)
w(7,77,44,65,65)
w(10,47,44,66,66)
w(35,20,44,67,67)
w(111,1,44,68,68)
w(3,128,44,69,69)
w(0,532,44,70,70)
w(3,129,44,71,71)
w(15,41,44,72,72)
w(0,533,44,73,73)
w(218,2,44,74,74)
w(364,1,44,75,75)
w(4,114,44,76,76)
w(100,3,44,77,77)
w(767,2,44,78,78)
w(6,76,44,79,79)
w(5,79,44,80,80)
w(0,534,44,81,81)
w(1,252,44,82,82)
w(5,80,44,83,83)
w(4,115,44,84,84)
w(2,193,44,85,85)
w(1,253,44,86,86)
w(0,535,44,87,87)
w(388,3,44,88,88)
w(13,35,44,89,89)
w(524,3,44,90,90)
w(1,254,44,91,91)
w(0,536,44,92,92)
w(271,3,44,93,93)
w(0,537,44,94,94)
w(312,2,44,95,95)
w(213,3,44,96,96)
w(0,538,44,97,97)
w(0,539,44,98,98)
w(621,1,44,99,99)
w(0,540,45,0,0)
r(0,540,45,1,1)
w(129,7,45,2,2)
w(5,81,45,3,3)
w(247,3,45,4,4)
w(56,11,45,5,5)
w(1,255,45,6,6)
w(183,2,45,7,7)
w(15,42,45,8,8)
w(5,82,45,9,9)
w(1,256,45,10,10)
w(1,257,45,11,11)
w(0,541,45,12,12)
w(825,2,45,13,13)
w(2,194,45,14,14)
w(510,1,45,15,15)
w(152,7,45,16,16)
r(2,194,45,17,17)
w(180,8,45,18,18)
w(281,2,45,19,19)
w(11,45,45,20,20)
w(1,258,45,21,21)
w(0,542,45,22,22)
w(150,10,45,23,23)
w(2,195,45,24,24)
w(183,3,45,25,25)
w(19,26,45,26,26)
w(203,9,45,27,27)
w(29,18,45,28,28)
w(205,4,45,29,29)
w(597,1,45,30,30)
w(5,83,45,31,31)
r(0,542,45,32,32)
w(85,11,45,33,33)
w(2,196,45,34,34)
w(139,6,45,35,35)
w(1,259,45,36,36)
w(0,543,45,37,37)
w(13,36,45,38,38)
r(224,1,45,39,39)
w(2,197,45,40,40)
w(9,53,45,41,41)
w(7,78,45,42,42)
w(1,260,45,43,43)
w(0,544,45,44,44)
w(4,116,45,45,45)
r(49,8,45,46,46)
w(0,545,45,47,47)
w(851,1,45,48,48)
w(11,46,45,49,49)
w(12,46,45,50,50)
r(50,11,45,51,51)
w(43,12,45,52,52)
w(0,546,45,53,53)
w(253,3,45,54,54)
w(1,261,45,55,55)
w(22,20,45,56,56)
w(33,12,45,57,57)
w(137,4,45,58,58)
w(422,2,45,59,59)
w(1,262,45,60,60)
w(100,4,45,61,61)
w(963,2,45,62,62)
w(512,2,45,63,63)
w(4,117,45,64,64)
w(30,23,45,65,65)
w(948,2,45,66,66)
w(53,13,45,67,67)
w(752,2,45,68,68)
w(1,263,45,69,69)
w(79,7,45,70,70)
w(5,84,45,71,71)
w(9,54,45,72,72)
w(4,118,45,73,73)
w(273,2,45,74,74)
w(1,264,45,75,75)
w(0,547,45,76,76)
w(19,27,45,77,77)
w(18,35,45,78,78)
w(113,6,45,79,79)
r(47,10,45,80,80)
r(30,23,45,81,81)
w(483,2,45,82,82)
w(122,2,45,83,83)
w(51,12,45,84,84)
r(81,3,45,85,85)
w(122,3,45,86,86)
w(117,5,45,87,87)
r(1,264,45,88,88)
w(42,10,45,89,89)
w(0,548,45,90,90)
w(125,4,45,91,91)
w(22,21,45,92,92)
w(1,265,45,93,93)
w(271,4,45,94,94)
w(2,198,45,95,95)
w(10,48,45,96,96)
w(439,1,45,97,97)
w(154,2,45,98,98)
r(599,1,45,99,99)
w(15,43,46,0,0)
w(18,36,46,1,1)
w(1,266,46,2,2)
w(6,77,46,3,3)
w(0,549,46,4,4)
r(468,1,46,5,5)
w(824,1,46,6,6)
w(28,15,46,7,7)
w(7,79,46,8,8)
w(5,85,46,9,9)
w(1,267,46,10,10)
w(974,2,46,11,11)
w(34,16,46,12,12)
w(0,550,46,13,13)
w(2,199,46,14,14)
w(70,13,46,15,15)
w(1,268,46,16,16)
w(47,11,46,17,17)
w(7,80,46,18,18)
w(160,3,46,19,19)
r(640,1,46,20,20)
w(40,10,46,21,21)
r(9,54,46,22,22)
r(2,199,46,23,23)
r(10,48,46,24,24)
w(518,2,46,25,25)
w(10,49,46,26,26)
w(1,269,46,27,27)
w(109,13,46,28,28)
w(208,6,46,29,29)
r(31,22,46,30,30)
w(7,81,46,31,31)
w(692,1,46,32,32)
r(205,4,46,33,33)
w(0,551,46,34,34)
w(85,12,46,35,35)
w(873,3,46,36,36)
w(118,4,46,37,37)
w(0,552,46,38,38)
r(2,199,46,39,39)
w(133,6,46,40,40)
w(742,1,46,41,41)
r(4,118,46,42,42)
w(38,15,46,43,43)
w(171,4,46,44,44)
w(27,26,46,45,45)
w(12,47,46,46,46)
w(538,1,46,47,47)
w(14,34,46,48,48)
w(34,17,46,49,49)
w(2,200,46,50,50)
w(143,1,46,51,51)
w(996,1,46,52,52)
w(17,31,46,53,53)
w(11,47,46,54,54)
w(4,119,46,55,55)
w(0,553,46,56,56)
w(8,59,46,57,57)
r(5,85,46,58,58)
w(0,554,46,59,59)
w(1,270,46,60,60)
w(133,7,46,61,61)
w(1,271,46,62,62)
w(62,5,46,63,63)
w(2,201,46,64,64)
r(1,271,46,65,65)
w(1,272,46,66,66)
w(268,2,46,67,67)
w(1,273,46,68,68)
w(2,202,46,69,69)
r(88,9,46,70,70)
w(419,1,46,71,71)
w(845,1,46,72,72)
w(270,2,46,73,73)
w(80,6,46,74,74)
w(0,555,46,75,75)
w(260,2,46,76,76)
w(0,556,46,77,77)
w(2,203,46,78,78)
w(2,204,46,79,79)
w(0,557,46,80,80)
w(16,35,46,81,81)
w(8,60,46,82,82)
w(36,12,46,83,83)
w(135,5,46,84,84)
w(0,558,46,85,85)
w(815,1,46,86,86)
w(4,120,46,87,87)
w(1,274,46,88,88)
r(15,43,46,89,89)
w(4,121,46,90,90)
w(17,32,46,91,91)
w(45,18,46,92,92)
w(0,559,46,93,93)
w(23,20,46,94,94)
w(62,6,46,95,95)
w(6,78,46,96,96)
w(70,14,46,97,97)
w(450,2,46,98,98)
w(0,560,46,99,99)
w(4,122,47,0,0)
r(10,49,47,1,1)
w(55,15,47,2,2)
w(124,4,47,3,3)
w(14,35,47,4,4)
w(379,4,47,5,5)
w(4,123,47,6,6)
w(316,5,47,7,7)
w(912,1,47,8,8)
w(406,1,47,9,9)
w(42,11,47,10,10)
w(4,124,47,11,11)
w(31,23,47,12,12)
w(120,4,47,13,13)
w(126,5,47,14,14)
w(63,12,47,15,15)
w(42,12,47,16,16)
w(8,61,47,17,17)
w(18,37,47,18,18)
w(7,82,47,19,19)
w(418,2,47,20,20)
r(21,24,47,21,21)
w(31,24,47,22,22)
w(0,561,47,23,23)
w(0,562,47,24,24)
w(22,22,47,25,25)
w(186,4,47,26,26)
w(73,14,47,27,27)
w(436,2,47,28,28)
w(28,16,47,29,29)
w(70,15,47,30,30)
w(15,44,47,31,31)
w(572,3,47,32,32)
w(14,36,47,33,33)
w(88,10,47,34,34)
w(501,2,47,35,35)
w(119,11,47,36,36)
w(33,13,47,37,37)
w(0,563,47,38,38)
w(945,1,47,39,39)
w(7,83,47,40,40)
w(91,6,47,41,41)
w(82,6,47,42,42)
w(238,2,47,43,43)
w(25,22,47,44,44)
w(30,24,47,45,45)
w(0,564,47,46,46)
w(903,1,47,47,47)
w(13,37,47,48,48)
w(237,3,47,49,49)
w(35,21,47,50,50)
w(63,13,47,51,51)
w(109,14,47,52,52)
w(103,5,47,53,53)
w(3,130,47,54,54)
w(348,4,47,55,55)
r(279,1,47,56,56)
w(1,275,47,57,57)
w(727,2,47,58,58)
w(86,4,47,59,59)
w(0,565,47,60,60)
w(21,25,47,61,61)
w(83,2,47,62,62)
w(903,2,47,63,63)
w(0,566,47,64,64)
w(4,125,47,65,65)
w(424,1,47,66,66)
w(0,567,47,67,67)
w(46,6,47,68,68)
w(200,1,47,69,69)
w(283,1,47,70,70)
w(77,6,47,71,71)
w(461,4,47,72,72)
w(4,126,47,73,73)
w(3,131,47,74,74)
w(132,4,47,75,75)
w(831,1,47,76,76)
w(1,276,47,77,77)
w(12,48,47,78,78)
w(2,205,47,79,79)
w(0,568,47,80,80)
w(261,4,47,81,81)
w(4,127,47,82,82)
w(117,6,47,83,83)
w(3,132,47,84,84)
w(40,11,47,85,85)
w(22,23,47,86,86)
w(934,1,47,87,87)
w(0,569,47,88,88)
w(893,1,47,89,89)
w(18,38,47,90,90)
w(2,206,47,91,91)
w(16,36,47,92,92)
w(45,19,47,93,93)
w(919,2,47,94,94)
w(746,2,47,95,95)
w(0,570,47,96,96)
w(2,207,47,97,97)
w(4,128,47,98,98)
r(0,570,47,99,99)
r(34,17,48,0,0)
w(664,1,48,1,1)
w(4,129,48,2,2)
w(4,130,48,3,3)
w(1,277,48,4,4)
w(4,131,48,5,5)
w(80,7,48,6,6)
r(323,2,48,7,7)
w(506,3,48,8,8)
w(0,571,48,9,9)
w(32,14,48,10,10)
w(8,62,48,11,11)
r(0,571,48,12,12)
r(27,26,48,13,13)
w(8,63,48,14,14)
w(111,2,48,15,15)
w(53,14,48,16,16)
w(0,572,48,17,17)
w(4,132,48,18,18)
w(3,133,48,19,19)
w(575,2,48,20,20)
w(0,573,48,21,21)
w(39,17,48,22,22)
w(122,4,48,23,23)
w(8,64,48,24,24)
w(63,14,48,25,25)
w(10,50,48,26,26)
w(5,86,48,27,27)
w(0,574,48,28,28)
w(17,33,48,29,29)
w(2,208,48,30,30)
r(875,1,48,31,31)
r(23,20,48,32,32)
w(31,25,48,33,33)
w(0,575,48,34,34)
r(1,277,48,35,35)
w(139,7,48,36,36)
w(692,2,48,37,37)
w(27,27,48,38,38)
w(2,209,48,39,39)
w(3,134,48,40,40)
w(7,84,48,41,41)
w(46,7,48,42,42)
w(3,135,48,43,43)
w(0,576,48,44,44)
w(3,136,48,45,45)
w(156,5,48,46,46)
w(21,26,48,47,47)
w(743,1,48,48,48)
w(967,1,48,49,49)
w(1,278,48,50,50)
w(2,210,48,51,51)
w(19,28,48,52,52)
w(3,137,48,53,53)
w(5,87,48,54,54)
w(59,11,48,55,55)
w(616,1,48,56,56)
w(23,21,48,57,57)
w(15,45,48,58,58)
w(0,577,48,59,59)
r(7,84,48,60,60)
w(382,6,48,61,61)
w(62,7,48,62,62)
w(990,1,48,63,63)
w(1,279,48,64,64)
w(2,211,48,65,65)
w(61,6,48,66,66)
w(11,48,48,67,67)
w(1,280,48,68,68)
w(2,212,48,69,69)
w(946,1,48,70,70)
w(10,51,48,71,71)
w(8,65,48,72,72)
r(6,78,48,73,73)
w(16,37,48,74,74)
w(8,66,48,75,75)
w(0,578,48,76,76)
w(89,4,48,77,77)
w(2,213,48,78,78)
w(247,4,48,79,79)
w(498,3,48,80,80)
w(4,133,48,81,81)
w(323,3,48,82,82)
w(1,281,48,83,83)
w(398,4,48,84,84)
w(28,17,48,85,85)
w(57,11,48,86,86)
w(0,579,48,87,87)
w(112,2,48,88,88)
w(6,79,48,89,89)
w(5,88,48,90,90)
r(0,579,48,91,91)
w(3,138,48,92,92)
w(10,52,48,93,93)
w(1,282,48,94,94)
w(0,580,48,95,95)
w(27,28,48,96,96)
w(553,1,48,97,97)
w(121,6,48,98,98)
w(102,8,48,99,99)
w(952,1,49,0,0)
w(416,2,49,1,1)
w(8,67,49,2,2)
w(71,10,49,3,3)
w(150,11,49,4,4)
w(5,89,49,5,5)
w(0,581,49,6,6)
w(199,4,49,7,7)
w(120,5,49,8,8)
r(451,1,49,9,9)
w(1,283,49,10,10)
w(0,582,49,11,11)
w(48,16,49,12,12)
w(2,214,49,13,13)
w(55,16,49,14,14)
w(761,2,49,15,15)
w(3,139,49,16,16)
w(66,10,49,17,17)
w(155,6,49,18,18)
w(1,284,49,19,19)
w(5,90,49,20,20)
w(300,2,49,21,21)
w(4,134,49,22,22)
w(42,13,49,23,23)
w(7,85,49,24,24)
w(51,13,49,25,25)
r(441,2,49,26,26)
w(2,215,49,27,27)
w(683,2,49,28,28)
w(201,3,49,29,29)
w(133,8,49,30,30)
w(0,583,49,31,31)
w(28,18,49,32,32)
r(10,52,49,33,33)
w(1,285,49,34,34)
w(168,2,49,35,35)
w(41,15,49,36,36)
w(16,38,49,37,37)
w(10,53,49,38,38)
w(356,7,49,39,39)
w(12,49,49,40,40)
w(24,24,49,41,41)
w(53,15,49,42,42)
w(9,55,49,43,43)
w(683,3,49,44,44)
w(396,2,49,45,45)
w(0,584,49,46,46)
w(96,4,49,47,47)
w(263,2,49,48,48)
w(40,12,49,49,49)
w(807,2,49,50,50)
w(84,4,49,51,51)
w(7,86,49,52,52)
w(38,16,49,53,53)
w(553,2,49,54,54)
w(422,3,49,55,55)
w(30,25,49,56,56)
w(255,3,49,57,57)
w(136,3,49,58,58)
w(362,4,49,59,59)
w(165,5,49,60,60)
w(11,49,49,61,61)
w(41,16,49,62,62)
w(7,87,49,63,63)
w(2,216,49,64,64)
w(25,23,49,65,65)
w(33,14,49,66,66)
w(3,140,49,67,67)
w(20,26,49,68,68)
w(15,46,49,69,69)
w(33,15,49,70,70)
w(2,217,49,71,71)
w(1,286,49,72,72)
w(0,585,49,73,73)
w(0,586,49,74,74)
w(5,91,49,75,75)
w(1,287,49,76,76)
w(2,218,49,77,77)
w(18,39,49,78,78)
w(8,68,49,79,79)
r(0,586,49,80,80)
w(92,7,49,81,81)
w(2,219,49,82,82)
w(477,1,49,83,83)
w(42,14,49,84,84)
w(88,11,49,85,85)
w(328,4,49,86,86)
w(11,50,49,87,87)
w(3,141,49,88,88)
w(14,37,49,89,89)
w(1,288,49,90,90)
w(22,24,49,91,91)
w(4,135,49,92,92)
w(0,587,49,93,93)
w(3,142,49,94,94)
r(3,142,49,95,95)
w(4,136,49,96,96)
r(75,7,49,97,97)
w(23,22,49,98,98)
w(11,51,49,99,99)
