w(7754,1,0,0,0)
r(387,0,0,1,1)
r(4482,0,0,2,2)
r(8498,0,0,3,3)
r(9139,0,0,4,4)
w(1469,1,0,5,5)
w(9515,1,0,6,6)
r(8877,0,0,7,7)
r(5059,0,0,8,8)
w(7612,1,0,9,9)
r(9099,0,0,10,10)
r(9937,0,0,11,11)
w(5033,1,0,12,12)
w(5074,1,0,13,13)
w(3864,1,0,14,14)
r(3534,0,0,15,15)
r(9934,0,0,16,16)
w(8407,1,0,17,17)
r(4074,0,0,18,18)
r(9498,0,0,19,19)
w(739,1,0,20,20)
r(9942,0,0,21,21)
r(849,0,0,22,22)
r(5389,0,0,23,23)
w(8353,1,0,24,24)
w(3392,1,0,25,25)
w(7455,1,0,26,26)
r(4484,0,0,27,27)
r(835,0,0,28,28)
r(3265,0,0,29,29)
w(5263,1,0,30,30)
w(1461,1,0,31,31)
w(2346,1,0,32,32)
r(3454,0,0,33,33)
r(6027,0,0,34,34)
r(1679,0,0,35,35)
w(1549,1,0,36,36)
r(4177,0,0,37,37)
r(4868,0,0,38,38)
r(7042,0,0,39,39)
w(4817,1,0,40,40)
w(8247,1,0,41,41)
w(6701,1,0,42,42)
w(9376,1,0,43,43)
r(4161,0,0,44,44)
r(5186,0,0,45,45)
w(3976,1,0,46,46)
w(46,1,0,47,47)
r(4373,0,0,48,48)
r(1523,0,0,49,49)
w(9541,1,0,50,50)
w(3167,1,0,51,51)
w(3570,1,0,52,52)
w(8512,1,0,53,53)
r(8212,0,0,54,54)
w(7187,1,0,55,55)
w(5760,1,0,56,56)
w(8342,1,0,57,57)
w(6198,1,0,58,58)
r(8841,0,0,59,59)
w(9888,1,0,60,60)
r(7262,0,0,61,61)
r(8732,0,0,62,62)
r(7486,0,0,63,63)
r(8533,0,0,64,64)
w(3836,1,0,65,65)
r(1245,0,0,66,66)
r(7017,0,0,67,67)
w(3090,1,0,68,68)
w(239,1,0,69,69)
r(2824,0,0,70,70)
w(3731,1,0,71,71)
r(4967,0,0,72,72)
r(8131,0,0,73,73)
w(767,1,0,74,74)
r(2979,0,0,75,75)
r(9520,0,0,76,76)
w(856,1,0,77,77)
r(5461,0,0,78,78)
r(1627,0,0,79,79)
r(8175,0,0,80,80)
r(7501,0,0,81,81)
w(5082,1,0,82,82)
w(45,1,0,83,83)
r(1763,0,0,84,84)
w(444,1,0,85,85)
w(2636,1,0,86,86)
r(3503,0,0,87,87)
r(2401,0,0,88,88)
w(3995,1,0,89,89)
r(8862,0,0,90,90)
w(8368,1,0,91,91)
w(5580,1,0,92,92)
w(749,1,0,93,93)
r(9776,0,0,94,94)
w(6604,1,0,95,95)
w(9490,1,0,96,96)
r(9602,0,0,97,97)
r(4072,0,0,98,98)
r(5328,0,0,99,99)
w(2370,1,1,0,0)
w(8577,1,1,1,1)
r(2505,0,1,2,2)
r(6228,0,1,3,3)
w(2124,1,1,4,4)
w(2827,1,1,5,5)
w(6278,1,1,6,6)
r(4780,0,1,7,7)
r(9118,0,1,8,8)
r(5412,0,1,9,9)
r(1948,0,1,10,10)
w(5851,1,1,11,11)
w(5407,1,1,12,12)
r(1329,0,1,13,13)
r(1279,0,1,14,14)
r(9951,0,1,15,15)
w(5252,1,1,16,16)
w(4882,1,1,17,17)
w(6333,1,1,18,18)
w(5803,1,1,19,19)
r(6980,0,1,20,20)
r(8785,0,1,21,21)
r(6061,0,1,22,22)
w(8509,1,1,23,23)
w(4331,1,1,24,24)
w(1319,1,1,25,25)
r(9171,0,1,26,26)
w(3996,1,1,27,27)
w(571,1,1,28,28)
w(987,1,1,29,29)
r(8884,0,1,30,30)
r(273,0,1,31,31)
w(2400,1,1,32,32)
r(6438,0,1,33,33)
w(7395,1,1,34,34)
w(1342,1,1,35,35)
w(8907,1,1,36,36)
r(1249,0,1,37,37)
w(9620,1,1,38,38)
w(3585,1,1,39,39)
w(7308,1,1,40,40)
w(9246,1,1,41,41)
r(9359,0,1,42,42)
w(5441,1,1,43,43)
r(8744,0,1,44,44)
w(1671,1,1,45,45)
r(8604,0,1,46,46)
r(9352,0,1,47,47)
r(9004,0,1,48,48)
r(4676,0,1,49,49)
r(5517,0,1,50,50)
w(2346,2,1,51,51)
w(9794,1,1,52,52)
w(2949,1,1,53,53)
w(6060,1,1,54,54)
w(6466,1,1,55,55)
r(5150,0,1,56,56)
w(7536,1,1,57,57)
r(3086,0,1,58,58)
r(2108,0,1,59,59)
r(5298,0,1,60,60)
r(2399,0,1,61,61)
w(39,1,1,62,62)
w(2621,1,1,63,63)
w(5244,1,1,64,64)
w(2000,1,1,65,65)
r(4154,0,1,66,66)
r(7117,0,1,67,67)
w(2857,1,1,68,68)
w(4677,1,1,69,69)
w(8817,1,1,70,70)
w(2809,1,1,71,71)
r(4329,0,1,72,72)
r(5223,0,1,73,73)
w(6000,1,1,74,74)
r(226,0,1,75,75)
r(2368,0,1,76,76)
w(3706,1,1,77,77)
w(3062,1,1,78,78)
r(4026,0,1,79,79)
w(9956,1,1,80,80)
r(3899,0,1,81,81)
w(7138,1,1,82,82)
r(2935,0,1,83,83)
w(8062,1,1,84,84)
r(4804,0,1,85,85)
w(1635,1,1,86,86)
w(9462,1,1,87,87)
w(6945,1,1,88,88)
r(12,0,1,89,89)
r(973,0,1,90,90)
w(5049,1,1,91,91)
r(7774,0,1,92,92)
r(5073,0,1,93,93)
w(6035,1,1,94,94)
w(393,1,1,95,95)
r(6514,0,1,96,96)
r(9526,0,1,97,97)
w(2391,1,1,98,98)
r(4731,0,1,99,99)
r(1133,0,2,0,0)
r(4763,0,2,1,1)
w(7553,1,2,2,2)
w(8268,1,2,3,3)
w(5404,1,2,4,4)
r(3356,0,2,5,5)
w(658,1,2,6,6)
r(7337,0,2,7,7)
w(8514,1,2,8,8)
r(6227,0,2,9,9)
r(9338,0,2,10,10)
w(2799,1,2,11,11)
r(6913,0,2,12,12)
w(153,1,2,13,13)
w(7470,1,2,14,14)
r(8968,0,2,15,15)
r(7513,0,2,16,16)
r(9618,0,2,17,17)
w(6266,1,2,18,18)
r(7965,0,2,19,19)
w(1640,1,2,20,20)
r(3219,0,2,21,21)
w(4852,1,2,22,22)
w(5636,1,2,23,23)
w(3899,1,2,24,24)
w(6632,1,2,25,25)
r(7657,0,2,26,26)
w(597,1,2,27,27)
r(5303,0,2,28,28)
w(3272,1,2,29,29)
w(3685,1,2,30,30)
r(5931,0,2,31,31)
w(8452,1,2,32,32)
w(8775,1,2,33,33)
w(3238,1,2,34,34)
w(6467,1,2,35,35)
w(8920,1,2,36,36)
r(6077,0,2,37,37)
r(8001,0,2,38,38)
r(9959,0,2,39,39)
w(7770,1,2,40,40)
w(8408,1,2,41,41)
w(4917,1,2,42,42)
r(4401,0,2,43,43)
w(3232,1,2,44,44)
w(3286,1,2,45,45)
r(2834,0,2,46,46)
w(2894,1,2,47,47)
r(7582,0,2,48,48)
w(4928,1,2,49,49)
r(773,0,2,50,50)
r(9942,0,2,51,51)
r(6434,0,2,52,52)
r(902,0,2,53,53)
w(8708,1,2,54,54)
r(2818,0,2,55,55)
r(8149,0,2,56,56)
w(2005,1,2,57,57)
r(1927,0,2,58,58)
w(1225,1,2,59,59)
r(1047,0,2,60,60)
r(9857,0,2,61,61)
w(3558,1,2,62,62)
r(8,0,2,63,63)
w(5584,1,2,64,64)
w(6018,1,2,65,65)
w(6581,1,2,66,66)
w(1375,1,2,67,67)
w(253,1,2,68,68)
w(6705,1,2,69,69)
r(7623,0,2,70,70)
r(3043,0,2,71,71)
r(2789,0,2,72,72)
r(302,0,2,73,73)
w(1617,1,2,74,74)
r(9727,0,2,75,75)
w(8226,1,2,76,76)
w(6659,1,2,77,77)
r(6867,0,2,78,78)
r(3554,0,2,79,79)
w(6363,1,2,80,80)
w(6088,1,2,81,81)
r(5845,0,2,82,82)
r(3212,0,2,83,83)
w(4701,1,2,84,84)
w(3116,1,2,85,85)
r(314,0,2,86,86)
w(5304,1,2,87,87)
w(7757,1,2,88,88)
w(5123,1,2,89,89)
r(313,0,2,90,90)
w(9613,1,2,91,91)
w(2194,1,2,92,92)
r(7060,0,2,93,93)
w(2415,1,2,94,94)
w(2116,1,2,95,95)
r(5718,0,2,96,96)
r(6550,0,2,97,97)
w(1899,1,2,98,98)
r(4850,0,2,99,99)
r(4305,0,3,0,0)
r(7076,0,3,1,1)
r(4707,0,3,2,2)
w(910,1,3,3,3)
r(8907,1,3,4,4)
w(6281,1,3,5,5)
w(2626,1,3,6,6)
r(6199,0,3,7,7)
w(2482,1,3,8,8)
w(1136,1,3,9,9)
r(782,0,3,10,10)
r(6402,0,3,11,11)
r(5120,0,3,12,12)
w(6765,1,3,13,13)
w(7836,1,3,14,14)
w(4771,1,3,15,15)
w(7525,1,3,16,16)
r(5324,0,3,17,17)
w(2320,1,3,18,18)
r(8952,0,3,19,19)
r(8158,0,3,20,20)
r(1067,0,3,21,21)
r(3351,0,3,22,22)
r(1913,0,3,23,23)
r(808,0,3,24,24)
w(6126,1,3,25,25)
w(9418,1,3,26,26)
r(8124,0,3,27,27)
w(6870,1,3,28,28)
w(2094,1,3,29,29)
r(9445,0,3,30,30)
w(2745,1,3,31,31)
w(7164,1,3,32,32)
r(869,0,3,33,33)
w(7141,1,3,34,34)
w(8966,1,3,35,35)
w(3880,1,3,36,36)
r(5952,0,3,37,37)
w(3998,1,3,38,38)
r(2422,0,3,39,39)
w(6074,1,3,40,40)
r(693,0,3,41,41)
r(4736,0,3,42,42)
w(1755,1,3,43,43)
r(2621,1,3,44,44)
w(5860,1,3,45,45)
w(5115,1,3,46,46)
w(8772,1,3,47,47)
r(5117,0,3,48,48)
w(2179,1,3,49,49)
r(3041,0,3,50,50)
r(5510,0,3,51,51)
r(2966,0,3,52,52)
r(7803,0,3,53,53)
w(8437,1,3,54,54)
w(281,1,3,55,55)
w(2054,1,3,56,56)
r(9546,0,3,57,57)
r(3311,0,3,58,58)
r(1447,0,3,59,59)
w(317,1,3,60,60)
r(9140,0,3,61,61)
r(8718,0,3,62,62)
r(4583,0,3,63,63)
r(9399,0,3,64,64)
w(2072,1,3,65,65)
w(650,1,3,66,66)
w(277,1,3,67,67)
w(371,1,3,68,68)
w(3127,1,3,69,69)
r(4905,0,3,70,70)
w(5035,1,3,71,71)
r(8498,0,3,72,72)
w(3710,1,3,73,73)
r(3073,0,3,74,74)
w(6409,1,3,75,75)
r(1210,0,3,76,76)
w(7505,1,3,77,77)
w(1125,1,3,78,78)
r(263,0,3,79,79)
r(8231,0,3,80,80)
w(3991,1,3,81,81)
r(4881,0,3,82,82)
w(6233,1,3,83,83)
w(4379,1,3,84,84)
w(8692,1,3,85,85)
w(6198,2,3,86,86)
r(4961,0,3,87,87)
r(8690,0,3,88,88)
r(1244,0,3,89,89)
w(6065,1,3,90,90)
r(3925,0,3,91,91)
w(3575,1,3,92,92)
w(8864,1,3,93,93)
r(3612,0,3,94,94)
w(9457,1,3,95,95)
w(766,1,3,96,96)
w(5426,1,3,97,97)
r(5867,0,3,98,98)
r(1414,0,3,99,99)
w(2865,1,4,0,0)
w(9491,1,4,1,1)
w(474,1,4,2,2)
r(3535,0,4,3,3)
w(6444,1,4,4,4)
w(1163,1,4,5,5)
w(8798,1,4,6,6)
r(9012,0,4,7,7)
w(2982,1,4,8,8)
w(2836,1,4,9,9)
w(2258,1,4,10,10)
w(991,1,4,11,11)
r(1257,0,4,12,12)
w(8655,1,4,13,13)
w(5075,1,4,14,14)
w(2541,1,4,15,15)
w(4486,1,4,16,16)
r(7154,0,4,17,17)
w(9695,1,4,18,18)
r(8558,0,4,19,19)
r(5442,0,4,20,20)
w(5931,1,4,21,21)
w(3445,1,4,22,22)
r(6204,0,4,23,23)
r(5487,0,4,24,24)
r(3644,0,4,25,25)
w(2520,1,4,26,26)
r(993,0,4,27,27)
w(5744,1,4,28,28)
w(1303,1,4,29,29)
w(8092,1,4,30,30)
r(6633,0,4,31,31)
w(1842,1,4,32,32)
w(5234,1,4,33,33)
r(6146,0,4,34,34)
r(1498,0,4,35,35)
w(6565,1,4,36,36)
r(5578,0,4,37,37)
r(6434,0,4,38,38)
w(9262,1,4,39,39)
r(7533,0,4,40,40)
w(267,1,4,41,41)
r(9510,0,4,42,42)
r(2905,0,4,43,43)
w(8602,1,4,44,44)
r(1829,0,4,45,45)
r(2448,0,4,46,46)
w(9999,1,4,47,47)
r(9193,0,4,48,48)
w(2041,1,4,49,49)
w(3450,1,4,50,50)
w(7084,1,4,51,51)
r(5424,0,4,52,52)
r(6538,0,4,53,53)
r(6892,0,4,54,54)
w(391,1,4,55,55)
r(3800,0,4,56,56)
r(8034,0,4,57,57)
w(2099,1,4,58,58)
w(1855,1,4,59,59)
w(6564,1,4,60,60)
r(6222,0,4,61,61)
w(267,2,4,62,62)
r(1872,0,4,63,63)
w(6,1,4,64,64)
w(1257,1,4,65,65)
w(7670,1,4,66,66)
w(3756,1,4,67,67)
r(6429,0,4,68,68)
r(3758,0,4,69,69)
w(4470,1,4,70,70)
w(1251,1,4,71,71)
w(4142,1,4,72,72)
w(5957,1,4,73,73)
r(8502,0,4,74,74)
w(3843,1,4,75,75)
r(6562,0,4,76,76)
w(9070,1,4,77,77)
w(4176,1,4,78,78)
r(6688,0,4,79,79)
r(4701,1,4,80,80)
r(7977,0,4,81,81)
w(1888,1,4,82,82)
r(5945,0,4,83,83)
r(7800,0,4,84,84)
r(990,0,4,85,85)
w(1069,1,4,86,86)
r(3036,0,4,87,87)
w(1017,1,4,88,88)
r(2150,0,4,89,89)
w(1905,1,4,90,90)
w(5058,1,4,91,91)
r(6744,0,4,92,92)
r(3888,0,4,93,93)
r(5225,0,4,94,94)
w(676,1,4,95,95)
r(5632,0,4,96,96)
r(4390,0,4,97,97)
r(4672,0,4,98,98)
r(9059,0,4,99,99)
r(4999,0,5,0,0)
w(9885,1,5,1,1)
r(9281,0,5,2,2)
r(9815,0,5,3,3)
w(5970,1,5,4,4)
w(9243,1,5,5,5)
r(8705,0,5,6,6)
w(5775,1,5,7,7)
w(4764,1,5,8,8)
w(3827,1,5,9,9)
r(1746,0,5,10,10)
w(6657,1,5,11,11)
w(5167,1,5,12,12)
r(7930,0,5,13,13)
w(8229,1,5,14,14)
r(4529,0,5,15,15)
r(9307,0,5,16,16)
r(8690,0,5,17,17)
r(8931,0,5,18,18)
w(1886,1,5,19,19)
w(5324,1,5,20,20)
r(1880,0,5,21,21)
r(4465,0,5,22,22)
w(5514,1,5,23,23)
w(9685,1,5,24,24)
w(5833,1,5,25,25)
w(6362,1,5,26,26)
r(3108,0,5,27,27)
w(2735,1,5,28,28)
w(1116,1,5,29,29)
r(9046,0,5,30,30)
w(9475,1,5,31,31)
w(9052,1,5,32,32)
w(2953,1,5,33,33)
w(5872,1,5,34,34)
r(4712,0,5,35,35)
w(5600,1,5,36,36)
w(2275,1,5,37,37)
w(2554,1,5,38,38)
w(9549,1,5,39,39)
w(4163,1,5,40,40)
r(5615,0,5,41,41)
r(544,0,5,42,42)
w(7201,1,5,43,43)
w(5619,1,5,44,44)
w(109,1,5,45,45)
r(2620,0,5,46,46)
r(1422,0,5,47,47)
w(5253,1,5,48,48)
w(6063,1,5,49,49)
w(2684,1,5,50,50)
r(9583,0,5,51,51)
r(6108,0,5,52,52)
r(6885,0,5,53,53)
r(7172,0,5,54,54)
w(3271,1,5,55,55)
w(3744,1,5,56,56)
r(4444,0,5,57,57)
w(6397,1,5,58,58)
w(2557,1,5,59,59)
w(3582,1,5,60,60)
w(5905,1,5,61,61)
r(6772,0,5,62,62)
r(8567,0,5,63,63)
r(1362,0,5,64,64)
r(5272,0,5,65,65)
w(1502,1,5,66,66)
w(5847,1,5,67,67)
w(6406,1,5,68,68)
r(8832,0,5,69,69)
w(981,1,5,70,70)
r(8639,0,5,71,71)
w(6763,1,5,72,72)
w(3206,1,5,73,73)
w(5499,1,5,74,74)
r(5607,0,5,75,75)
w(4045,1,5,76,76)
r(5431,0,5,77,77)
w(2092,1,5,78,78)
w(5004,1,5,79,79)
w(1503,1,5,80,80)
r(701,0,5,81,81)
w(8861,1,5,82,82)
r(9317,0,5,83,83)
r(1174,0,5,84,84)
r(2511,0,5,85,85)
r(5035,1,5,86,86)
r(8110,0,5,87,87)
r(9970,0,5,88,88)
w(4272,1,5,89,89)
w(6862,1,5,90,90)
r(7285,0,5,91,91)
r(2528,0,5,92,92)
w(7438,1,5,93,93)
w(3049,1,5,94,94)
r(3235,0,5,95,95)
r(9892,0,5,96,96)
r(2317,0,5,97,97)
r(8746,0,5,98,98)
w(6624,1,5,99,99)
w(2111,1,6,0,0)
r(5042,0,6,1,1)
r(7691,0,6,2,2)
r(4615,0,6,3,3)
w(4017,1,6,4,4)
r(9512,0,6,5,5)
w(6908,1,6,6,6)
r(7907,0,6,7,7)
r(4930,0,6,8,8)
w(3881,1,6,9,9)
r(3060,0,6,10,10)
r(6021,0,6,11,11)
r(7853,0,6,12,12)
r(5956,0,6,13,13)
r(2185,0,6,14,14)
w(1706,1,6,15,15)
r(4604,0,6,16,16)
r(5871,0,6,17,17)
w(9438,1,6,18,18)
w(9915,1,6,19,19)
w(8748,1,6,20,20)
w(7617,1,6,21,21)
w(4934,1,6,22,22)
w(7904,1,6,23,23)
w(482,1,6,24,24)
w(9824,1,6,25,25)
r(4941,0,6,26,26)
r(2607,0,6,27,27)
r(8532,0,6,28,28)
w(9638,1,6,29,29)
r(3678,0,6,30,30)
r(4304,0,6,31,31)
w(1323,1,6,32,32)
r(978,0,6,33,33)
r(4656,0,6,34,34)
w(1579,1,6,35,35)
w(1057,1,6,36,36)
w(1411,1,6,37,37)
w(4587,1,6,38,38)
r(7627,0,6,39,39)
w(7944,1,6,40,40)
r(1468,0,6,41,41)
w(1992,1,6,42,42)
r(6630,0,6,43,43)
w(6134,1,6,44,44)
w(4898,1,6,45,45)
r(1972,0,6,46,46)
r(1578,0,6,47,47)
w(4729,1,6,48,48)
w(9642,1,6,49,49)
r(5037,0,6,50,50)
w(7750,1,6,51,51)
r(2098,0,6,52,52)
r(4798,0,6,53,53)
r(1469,1,6,54,54)
r(9082,0,6,55,55)
w(5172,1,6,56,56)
r(437,0,6,57,57)
r(5421,0,6,58,58)
r(6783,0,6,59,59)
r(8000,0,6,60,60)
w(9046,1,6,61,61)
w(5405,1,6,62,62)
r(6135,0,6,63,63)
w(8548,1,6,64,64)
w(401,1,6,65,65)
r(3072,0,6,66,66)
w(1439,1,6,67,67)
r(2069,0,6,68,68)
w(5022,1,6,69,69)
r(1393,0,6,70,70)
r(3120,0,6,71,71)
w(1308,1,6,72,72)
w(9315,1,6,73,73)
w(7100,1,6,74,74)
r(8059,0,6,75,75)
w(8134,1,6,76,76)
w(8352,1,6,77,77)
w(1631,1,6,78,78)
r(8751,0,6,79,79)
r(1142,0,6,80,80)
r(4777,0,6,81,81)
r(2702,0,6,82,82)
w(2661,1,6,83,83)
w(1846,1,6,84,84)
w(4837,1,6,85,85)
w(9248,1,6,86,86)
w(3697,1,6,87,87)
r(2042,0,6,88,88)
r(6605,0,6,89,89)
r(4119,0,6,90,90)
r(5593,0,6,91,91)
r(4523,0,6,92,92)
r(3335,0,6,93,93)
r(9530,0,6,94,94)
r(1336,0,6,95,95)
w(5621,1,6,96,96)
w(948,1,6,97,97)
r(3767,0,6,98,98)
r(1602,0,6,99,99)
w(8335,1,7,0,0)
r(6241,0,7,1,1)
r(7065,0,7,2,2)
r(9181,0,7,3,3)
r(1310,0,7,4,4)
r(5879,0,7,5,5)
r(3182,0,7,6,6)
r(7749,0,7,7,7)
r(4830,0,7,8,8)
w(3494,1,7,9,9)
w(7688,1,7,10,10)
w(9191,1,7,11,11)
r(9424,0,7,12,12)
w(414,1,7,13,13)
r(1281,0,7,14,14)
r(4566,0,7,15,15)
r(3742,0,7,16,16)
r(7536,1,7,17,17)
r(5422,0,7,18,18)
w(4518,1,7,19,19)
w(3365,1,7,20,20)
w(6276,1,7,21,21)
w(5736,1,7,22,22)
r(6936,0,7,23,23)
w(2590,1,7,24,24)
w(5210,1,7,25,25)
r(5996,0,7,26,26)
r(8043,0,7,27,27)
w(4851,1,7,28,28)
w(3022,1,7,29,29)
w(7406,1,7,30,30)
r(5734,0,7,31,31)
r(1048,0,7,32,32)
w(2638,1,7,33,33)
r(8776,0,7,34,34)
r(3147,0,7,35,35)
w(7195,1,7,36,36)
w(3698,1,7,37,37)
r(1109,0,7,38,38)
r(2456,0,7,39,39)
r(1686,0,7,40,40)
w(2789,1,7,41,41)
w(6081,1,7,42,42)
w(619,1,7,43,43)
r(3730,0,7,44,44)
r(3520,0,7,45,45)
w(2091,1,7,46,46)
w(6799,1,7,47,47)
r(6995,0,7,48,48)
w(9237,1,7,49,49)
w(7650,1,7,50,50)
r(4783,0,7,51,51)
w(2525,1,7,52,52)
r(534,0,7,53,53)
w(3225,1,7,54,54)
r(7594,0,7,55,55)
r(6792,0,7,56,56)
w(8325,1,7,57,57)
w(2016,1,7,58,58)
r(4295,0,7,59,59)
r(6099,0,7,60,60)
w(8227,1,7,61,61)
w(1509,1,7,62,62)
w(6279,1,7,63,63)
r(5090,0,7,64,64)
w(5230,1,7,65,65)
r(7864,0,7,66,66)
w(6257,1,7,67,67)
r(9638,1,7,68,68)
w(6609,1,7,69,69)
w(538,1,7,70,70)
w(9985,1,7,71,71)
w(7545,1,7,72,72)
w(2757,1,7,73,73)
w(9203,1,7,74,74)
w(7849,1,7,75,75)
r(9526,0,7,76,76)
w(1936,1,7,77,77)
w(3822,1,7,78,78)
w(5029,1,7,79,79)
w(3271,2,7,80,80)
r(2521,0,7,81,81)
w(9360,1,7,82,82)
r(5574,0,7,83,83)
w(5088,1,7,84,84)
r(8539,0,7,85,85)
r(5969,0,7,86,86)
r(4415,0,7,87,87)
r(1890,0,7,88,88)
w(9549,2,7,89,89)
w(7665,1,7,90,90)
w(6856,1,7,91,91)
w(6732,1,7,92,92)
w(6823,1,7,93,93)
r(8184,0,7,94,94)
r(7371,0,7,95,95)
r(4702,0,7,96,96)
r(3931,0,7,97,97)
r(6407,0,7,98,98)
r(2713,0,7,99,99)
w(4634,1,8,0,0)
r(9508,0,8,1,1)
r(1570,0,8,2,2)
w(2333,1,8,3,3)
r(8452,1,8,4,4)
r(299,0,8,5,5)
r(7559,0,8,6,6)
r(4960,0,8,7,7)
r(1526,0,8,8,8)
r(4976,0,8,9,9)
r(7939,0,8,10,10)
w(3356,1,8,11,11)
w(7648,1,8,12,12)
r(5875,0,8,13,13)
w(3120,1,8,14,14)
w(5823,1,8,15,15)
r(9908,0,8,16,16)
r(6780,0,8,17,17)
w(1811,1,8,18,18)
r(5567,0,8,19,19)
r(3384,0,8,20,20)
w(4745,1,8,21,21)
w(8001,1,8,22,22)
r(4674,0,8,23,23)
r(7021,0,8,24,24)
w(9764,1,8,25,25)
w(6035,2,8,26,26)
w(364,1,8,27,27)
r(9395,0,8,28,28)
r(4176,1,8,29,29)
r(4352,0,8,30,30)
w(149,1,8,31,31)
r(2927,0,8,32,32)
r(9160,0,8,33,33)
r(1351,0,8,34,34)
r(1156,0,8,35,35)
r(3091,0,8,36,36)
w(1736,1,8,37,37)
w(5695,1,8,38,38)
w(2658,1,8,39,39)
r(4047,0,8,40,40)
r(496,0,8,41,41)
r(8964,0,8,42,42)
r(6785,0,8,43,43)
r(8736,0,8,44,44)
w(4947,1,8,45,45)
r(2521,0,8,46,46)
w(9410,1,8,47,47)
w(9629,1,8,48,48)
r(5164,0,8,49,49)
w(2586,1,8,50,50)
w(8883,1,8,51,51)
r(3405,0,8,52,52)
w(8528,1,8,53,53)
r(1591,0,8,54,54)
w(7381,1,8,55,55)
w(7424,1,8,56,56)
w(6857,1,8,57,57)
w(4555,1,8,58,58)
w(1620,1,8,59,59)
w(2887,1,8,60,60)
r(7180,0,8,61,61)
w(1381,1,8,62,62)
w(8177,1,8,63,63)
w(4031,1,8,64,64)
w(5306,1,8,65,65)
w(4170,1,8,66,66)
w(1291,1,8,67,67)
w(3248,1,8,68,68)
w(9347,1,8,69,69)
w(2010,1,8,70,70)
w(7349,1,8,71,71)
r(8144,0,8,72,72)
w(5473,1,8,73,73)
w(4321,1,8,74,74)
r(9368,0,8,75,75)
r(2173,0,8,76,76)
r(5527,0,8,77,77)
r(4220,0,8,78,78)
w(9419,1,8,79,79)
w(2692,1,8,80,80)
r(8987,0,8,81,81)
r(680,0,8,82,82)
w(5845,1,8,83,83)
w(5786,1,8,84,84)
r(1801,0,8,85,85)
w(1655,1,8,86,86)
r(3611,0,8,87,87)
w(4554,1,8,88,88)
w(9310,1,8,89,89)
r(6588,0,8,90,90)
r(5279,0,8,91,91)
w(2903,1,8,92,92)
r(5952,0,8,93,93)
w(3236,1,8,94,94)
r(4293,0,8,95,95)
w(9855,1,8,96,96)
r(4631,0,8,97,97)
r(6631,0,8,98,98)
w(8636,1,8,99,99)
w(3937,1,9,0,0)
r(2508,0,9,1,1)
r(1862,0,9,2,2)
w(4245,1,9,3,3)
w(9612,1,9,4,4)
w(4579,1,9,5,5)
w(863,1,9,6,6)
r(7753,0,9,7,7)
r(8346,0,9,8,8)
r(8475,0,9,9,9)
r(55,0,9,10,10)
r(3042,0,9,11,11)
r(1430,0,9,12,12)
w(3972,1,9,13,13)
r(8818,0,9,14,14)
w(9756,1,9,15,15)
r(2027,0,9,16,16)
w(2042,1,9,17,17)
w(9542,1,9,18,18)
r(4908,0,9,19,19)
r(2184,0,9,20,20)
w(8823,1,9,21,21)
r(5320,0,9,22,22)
r(2037,0,9,23,23)
r(1733,0,9,24,24)
w(8570,1,9,25,25)
w(7943,1,9,26,26)
r(6436,0,9,27,27)
r(3535,0,9,28,28)
r(7292,0,9,29,29)
w(586,1,9,30,30)
r(7993,0,9,31,31)
r(8362,0,9,32,32)
w(7545,2,9,33,33)
r(6189,0,9,34,34)
r(854,0,9,35,35)
r(6723,0,9,36,36)
w(3169,1,9,37,37)
w(5733,1,9,38,38)
r(3081,0,9,39,39)
r(5730,0,9,40,40)
w(9103,1,9,41,41)
r(8442,0,9,42,42)
w(2458,1,9,43,43)
w(4610,1,9,44,44)
w(2861,1,9,45,45)
r(6497,0,9,46,46)
w(1309,1,9,47,47)
r(2970,0,9,48,48)
r(6498,0,9,49,49)
w(7465,1,9,50,50)
w(7507,1,9,51,51)
r(9337,0,9,52,52)
w(4840,1,9,53,53)
w(2686,1,9,54,54)
w(5179,1,9,55,55)
w(1944,1,9,56,56)
r(3274,0,9,57,57)
w(988,1,9,58,58)
r(4034,0,9,59,59)
r(1009,0,9,60,60)
w(6960,1,9,61,61)
r(8883,1,9,62,62)
w(6014,1,9,63,63)
r(3563,0,9,64,64)
r(8335,1,9,65,65)
r(8613,0,9,66,66)
r(8447,0,9,67,67)
r(2738,0,9,68,68)
w(6220,1,9,69,69)
w(2990,1,9,70,70)
r(1494,0,9,71,71)
r(9854,0,9,72,72)
w(4429,1,9,73,73)
w(6752,1,9,74,74)
r(732,0,9,75,75)
r(7816,0,9,76,76)
w(7733,1,9,77,77)
r(7760,0,9,78,78)
r(5177,0,9,79,79)
r(8916,0,9,80,80)
w(2351,1,9,81,81)
w(257,1,9,82,82)
r(6362,1,9,83,83)
r(1584,0,9,84,84)
w(2947,1,9,85,85)
r(3261,0,9,86,86)
w(4355,1,9,87,87)
r(8226,1,9,88,88)
w(1596,1,9,89,89)
r(9120,0,9,90,90)
r(8748,1,9,91,91)
r(8969,0,9,92,92)
w(6947,1,9,93,93)
w(4703,1,9,94,94)
r(865,0,9,95,95)
w(682,1,9,96,96)
r(8058,0,9,97,97)
w(918,1,9,98,98)
r(5049,1,9,99,99)
r(8359,0,10,0,0)
w(133,1,10,1,1)
w(5130,1,10,2,2)
w(4417,1,10,3,3)
r(576,0,10,4,4)
r(9389,0,10,5,5)
w(3809,1,10,6,6)
w(3020,1,10,7,7)
r(510,0,10,8,8)
r(8965,0,10,9,9)
r(5098,0,10,10,10)
r(6565,1,10,11,11)
r(3308,0,10,12,12)
r(3143,0,10,13,13)
w(5945,1,10,14,14)
r(7203,0,10,15,15)
r(9602,0,10,16,16)
w(5110,1,10,17,17)
r(860,0,10,18,18)
w(5889,1,10,19,19)
w(1494,1,10,20,20)
w(3906,1,10,21,21)
w(4039,1,10,22,22)
r(3960,0,10,23,23)
r(7647,0,10,24,24)
w(8111,1,10,25,25)
w(4935,1,10,26,26)
w(3785,1,10,27,27)
r(3820,0,10,28,28)
w(7422,1,10,29,29)
r(5287,0,10,30,30)
r(9298,0,10,31,31)
w(9398,1,10,32,32)
w(9428,1,10,33,33)
w(573,1,10,34,34)
w(1982,1,10,35,35)
r(5997,0,10,36,36)
r(9755,0,10,37,37)
w(8499,1,10,38,38)
w(9214,1,10,39,39)
r(7286,0,10,40,40)
w(9480,1,10,41,41)
r(8045,0,10,42,42)
r(5404,1,10,43,43)
r(7848,0,10,44,44)
r(9199,0,10,45,45)
w(4228,1,10,46,46)
r(4940,0,10,47,47)
w(415,1,10,48,48)
r(1511,0,10,49,49)
r(4293,0,10,50,50)
w(789,1,10,51,51)
r(7273,0,10,52,52)
w(7374,1,10,53,53)
w(9105,1,10,54,54)
r(9091,0,10,55,55)
r(2371,0,10,56,56)
r(7488,0,10,57,57)
w(6992,1,10,58,58)
w(1081,1,10,59,59)
r(7081,0,10,60,60)
r(2416,0,10,61,61)
w(5411,1,10,62,62)
w(1538,1,10,63,63)
r(2744,0,10,64,64)
r(511,0,10,65,65)
w(5530,1,10,66,66)
r(4768,0,10,67,67)
r(1810,0,10,68,68)
w(8793,1,10,69,69)
w(8155,1,10,70,70)
w(5450,1,10,71,71)
w(7461,1,10,72,72)
w(6531,1,10,73,73)
w(3399,1,10,74,74)
w(1752,1,10,75,75)
r(264,0,10,76,76)
w(409,1,10,77,77)
w(3105,1,10,78,78)
w(749,2,10,79,79)
w(7322,1,10,80,80)
w(1730,1,10,81,81)
w(1036,1,10,82,82)
r(6483,0,10,83,83)
w(632,1,10,84,84)
r(1820,0,10,85,85)
w(4841,1,10,86,86)
w(517,1,10,87,87)
r(5308,0,10,88,88)
r(5157,0,10,89,89)
w(2769,1,10,90,90)
w(6087,1,10,91,91)
r(5544,0,10,92,92)
w(8644,1,10,93,93)
w(9735,1,10,94,94)
w(8270,1,10,95,95)
w(2000,2,10,96,96)
w(3441,1,10,97,97)
w(8293,1,10,98,98)
r(9409,0,10,99,99)
w(378,1,11,0,0)
r(8315,0,11,1,1)
r(2889,0,11,2,2)
w(7199,1,11,3,3)
w(4205,1,11,4,4)
r(2613,0,11,5,5)
r(5410,0,11,6,6)
w(1929,1,11,7,7)
r(8300,0,11,8,8)
r(4403,0,11,9,9)
w(7357,1,11,10,10)
w(1139,1,11,11,11)
w(6465,1,11,12,12)
r(9862,0,11,13,13)
r(610,0,11,14,14)
w(4240,1,11,15,15)
w(3175,1,11,16,16)
w(1449,1,11,17,17)
w(1047,1,11,18,18)
w(3620,1,11,19,19)
w(9786,1,11,20,20)
w(7233,1,11,21,21)
w(7592,1,11,22,22)
w(9570,1,11,23,23)
r(634,0,11,24,24)
r(5683,0,11,25,25)
w(5377,1,11,26,26)
w(603,1,11,27,27)
r(255,0,11,28,28)
r(5002,0,11,29,29)
w(2020,1,11,30,30)
r(1133,0,11,31,31)
r(4249,0,11,32,32)
w(8823,2,11,33,33)
r(4257,0,11,34,34)
r(2546,0,11,35,35)
r(6085,0,11,36,36)
w(6153,1,11,37,37)
w(1417,1,11,38,38)
w(8755,1,11,39,39)
r(6615,0,11,40,40)
r(5923,0,11,41,41)
r(7557,0,11,42,42)
w(967,1,11,43,43)
r(9760,0,11,44,44)
r(1383,0,11,45,45)
r(4246,0,11,46,46)
r(9780,0,11,47,47)
w(3635,1,11,48,48)
w(2630,1,11,49,49)
w(8551,1,11,50,50)
w(2165,1,11,51,51)
r(4673,0,11,52,52)
r(9682,0,11,53,53)
r(4219,0,11,54,54)
w(3183,1,11,55,55)
r(4683,0,11,56,56)
w(4045,2,11,57,57)
w(4285,1,11,58,58)
r(4027,0,11,59,59)
r(8297,0,11,60,60)
r(4927,0,11,61,61)
w(5271,1,11,62,62)
r(1627,0,11,63,63)
w(8806,1,11,64,64)
w(5463,1,11,65,65)
r(8818,0,11,66,66)
w(6144,1,11,67,67)
r(6677,0,11,68,68)
r(6312,0,11,69,69)
w(365,1,11,70,70)
w(8123,1,11,71,71)
r(5618,0,11,72,72)
r(8962,0,11,73,73)
w(4424,1,11,74,74)
r(9535,0,11,75,75)
r(3536,0,11,76,76)
w(9606,1,11,77,77)
r(8575,0,11,78,78)
w(6180,1,11,79,79)
w(6730,1,11,80,80)
r(4397,0,11,81,81)
w(6458,1,11,82,82)
w(4435,1,11,83,83)
w(4619,1,11,84,84)
w(2815,1,11,85,85)
w(5308,1,11,86,86)
w(3417,1,11,87,87)
r(4357,0,11,88,88)
w(2831,1,11,89,89)
r(4331,1,11,90,90)
w(5801,1,11,91,91)
r(2344,0,11,92,92)
w(3458,1,11,93,93)
w(5222,1,11,94,94)
w(9121,1,11,95,95)
w(4440,1,11,96,96)
w(7997,1,11,97,97)
r(2591,0,11,98,98)
w(4436,1,11,99,99)
r(121,0,12,0,0)
w(1210,1,12,1,1)
w(3294,1,12,2,2)
r(5970,1,12,3,3)
r(4971,0,12,4,4)
w(2394,1,12,5,5)
r(2925,0,12,6,6)
w(9202,1,12,7,7)
r(9889,0,12,8,8)
w(6942,1,12,9,9)
r(6995,0,12,10,10)
r(3801,0,12,11,11)
w(6302,1,12,12,12)
w(3816,1,12,13,13)
r(7554,0,12,14,14)
r(1228,0,12,15,15)
r(4222,0,12,16,16)
r(9651,0,12,17,17)
r(7647,0,12,18,18)
w(1757,1,12,19,19)
w(1348,1,12,20,20)
w(1285,1,12,21,21)
w(9035,1,12,22,22)
w(4709,1,12,23,23)
r(4819,0,12,24,24)
w(3922,1,12,25,25)
w(7851,1,12,26,26)
w(9409,1,12,27,27)
w(4292,1,12,28,28)
w(1113,1,12,29,29)
w(9299,1,12,30,30)
w(6699,1,12,31,31)
r(6104,0,12,32,32)
w(3837,1,12,33,33)
w(7455,2,12,34,34)
r(5669,0,12,35,35)
r(2006,0,12,36,36)
r(9068,0,12,37,37)
w(2189,1,12,38,38)
r(2821,0,12,39,39)
r(48,0,12,40,40)
w(9741,1,12,41,41)
w(947,1,12,42,42)
r(4730,0,12,43,43)
r(115,0,12,44,44)
r(1659,0,12,45,45)
w(3844,1,12,46,46)
r(2717,0,12,47,47)
r(2232,0,12,48,48)
w(7452,1,12,49,49)
r(8476,0,12,50,50)
r(9657,0,12,51,51)
w(2694,1,12,52,52)
w(4777,1,12,53,53)
w(7351,1,12,54,54)
w(9240,1,12,55,55)
w(547,1,12,56,56)
w(6379,1,12,57,57)
w(8575,1,12,58,58)
r(2387,0,12,59,59)
r(7060,0,12,60,60)
w(79,1,12,61,61)
r(8309,0,12,62,62)
r(6547,0,12,63,63)
r(6448,0,12,64,64)
w(8141,1,12,65,65)
w(4256,1,12,66,66)
r(1894,0,12,67,67)
w(545,1,12,68,68)
w(9783,1,12,69,69)
r(9220,0,12,70,70)
r(7604,0,12,71,71)
w(58,1,12,72,72)
w(4918,1,12,73,73)
w(7964,1,12,74,74)
w(8913,1,12,75,75)
r(7136,0,12,76,76)
w(4217,1,12,77,77)
w(5241,1,12,78,78)
w(4798,1,12,79,79)
w(9163,1,12,80,80)
w(3145,1,12,81,81)
w(7917,1,12,82,82)
r(7155,0,12,83,83)
w(3798,1,12,84,84)
w(2396,1,12,85,85)
w(653,1,12,86,86)
r(7760,0,12,87,87)
r(2998,0,12,88,88)
r(261,0,12,89,89)
w(6096,1,12,90,90)
w(873,1,12,91,91)
w(7946,1,12,92,92)
w(8038,1,12,93,93)
w(1393,1,12,94,94)
r(7869,0,12,95,95)
w(2495,1,12,96,96)
w(7227,1,12,97,97)
r(8697,0,12,98,98)
r(1007,0,12,99,99)
w(2596,1,13,0,0)
w(2254,1,13,1,1)
w(4857,1,13,2,2)
r(4102,0,13,3,3)
r(7766,0,13,4,4)
r(3217,0,13,5,5)
w(9386,1,13,6,6)
w(8965,1,13,7,7)
w(4858,1,13,8,8)
w(5016,1,13,9,9)
r(95,0,13,10,10)
r(6514,0,13,11,11)
w(5046,1,13,12,12)
r(8998,0,13,13,13)
w(5596,1,13,14,14)
w(1724,1,13,15,15)
w(138,1,13,16,16)
r(5848,0,13,17,17)
r(5030,0,13,18,18)
r(1821,0,13,19,19)
r(3214,0,13,20,20)
r(6860,0,13,21,21)
r(7924,0,13,22,22)
w(3228,1,13,23,23)
w(2404,1,13,24,24)
r(6723,0,13,25,25)
w(1555,1,13,26,26)
r(6781,0,13,27,27)
r(4917,1,13,28,28)
r(4061,0,13,29,29)
w(6932,1,13,30,30)
r(8762,0,13,31,31)
w(8517,1,13,32,32)
w(8913,2,13,33,33)
r(1580,0,13,34,34)
r(8808,0,13,35,35)
w(8996,1,13,36,36)
w(1014,1,13,37,37)
w(1724,2,13,38,38)
r(9275,0,13,39,39)
r(4298,0,13,40,40)
w(1947,1,13,41,41)
w(2317,1,13,42,42)
r(1368,0,13,43,43)
r(7953,0,13,44,44)
r(755,0,13,45,45)
w(4099,1,13,46,46)
r(917,0,13,47,47)
w(2830,1,13,48,48)
r(545,1,13,49,49)
w(844,1,13,50,50)
r(6688,0,13,51,51)
r(6721,0,13,52,52)
r(2804,0,13,53,53)
w(3285,1,13,54,54)
r(3749,0,13,55,55)
r(9778,0,13,56,56)
r(3533,0,13,57,57)
w(8598,1,13,58,58)
r(7179,0,13,59,59)
w(5395,1,13,60,60)
r(7513,0,13,61,61)
r(2991,0,13,62,62)
w(3348,1,13,63,63)
w(3787,1,13,64,64)
r(492,0,13,65,65)
r(9691,0,13,66,66)
w(210,1,13,67,67)
w(3741,1,13,68,68)
r(5295,0,13,69,69)
r(1692,0,13,70,70)
r(9146,0,13,71,71)
r(4702,0,13,72,72)
r(6186,0,13,73,73)
w(1455,1,13,74,74)
r(315,0,13,75,75)
w(4731,1,13,76,76)
w(751,1,13,77,77)
w(5994,1,13,78,78)
w(2189,2,13,79,79)
r(5788,0,13,80,80)
w(5607,1,13,81,81)
w(4795,1,13,82,82)
r(644,0,13,83,83)
w(2433,1,13,84,84)
w(3669,1,13,85,85)
w(3264,1,13,86,86)
w(765,1,13,87,87)
w(5439,1,13,88,88)
w(7723,1,13,89,89)
w(5515,1,13,90,90)
r(5131,0,13,91,91)
w(8021,1,13,92,92)
r(383,0,13,93,93)
w(4705,1,13,94,94)
w(2116,2,13,95,95)
w(2212,1,13,96,96)
r(2055,0,13,97,97)
r(2040,0,13,98,98)
w(1745,1,13,99,99)
r(6351,0,14,0,0)
r(7544,0,14,1,1)
w(9730,1,14,2,2)
r(2775,0,14,3,3)
r(7229,0,14,4,4)
r(9060,0,14,5,5)
r(31,0,14,6,6)
w(1107,1,14,7,7)
r(7351,1,14,8,8)
w(761,1,14,9,9)
r(3432,0,14,10,10)
w(60,1,14,11,11)
w(1006,1,14,12,12)
r(8615,0,14,13,13)
w(9807,1,14,14,14)
w(4709,2,14,15,15)
w(5266,1,14,16,16)
w(4431,1,14,17,17)
w(4945,1,14,18,18)
r(7941,0,14,19,19)
r(409,1,14,20,20)
r(7868,0,14,21,21)
r(912,0,14,22,22)
r(3131,0,14,23,23)
w(9051,1,14,24,24)
w(6985,1,14,25,25)
w(4757,1,14,26,26)
w(2985,1,14,27,27)
w(2954,1,14,28,28)
r(3220,0,14,29,29)
r(2223,0,14,30,30)
w(1779,1,14,31,31)
r(6511,0,14,32,32)
r(4931,0,14,33,33)
w(9969,1,14,34,34)
r(4156,0,14,35,35)
r(1895,0,14,36,36)
r(1163,1,14,37,37)
r(7141,1,14,38,38)
w(9440,1,14,39,39)
w(4595,1,14,40,40)
w(2892,1,14,41,41)
r(8303,0,14,42,42)
w(9286,1,14,43,43)
r(9573,0,14,44,44)
w(5251,1,14,45,45)
r(6647,0,14,46,46)
w(1117,1,14,47,47)
w(768,1,14,48,48)
r(36,0,14,49,49)
w(4875,1,14,50,50)
w(1469,2,14,51,51)
r(989,0,14,52,52)
w(9977,1,14,53,53)
r(7317,0,14,54,54)
r(1526,0,14,55,55)
w(3689,1,14,56,56)
r(6417,0,14,57,57)
r(7352,0,14,58,58)
w(2161,1,14,59,59)
r(9646,0,14,60,60)
r(5171,0,14,61,61)
r(2789,1,14,62,62)
r(2535,0,14,63,63)
w(6354,1,14,64,64)
r(2881,0,14,65,65)
w(7306,1,14,66,66)
w(4941,1,14,67,67)
w(454,1,14,68,68)
r(6677,0,14,69,69)
r(8634,0,14,70,70)
w(6846,1,14,71,71)
w(9515,2,14,72,72)
w(5655,1,14,73,73)
w(5078,1,14,74,74)
w(7670,2,14,75,75)
w(6877,1,14,76,76)
w(9079,1,14,77,77)
w(490,1,14,78,78)
w(3279,1,14,79,79)
r(3228,1,14,80,80)
w(4636,1,14,81,81)
r(7535,0,14,82,82)
r(5462,0,14,83,83)
w(2496,1,14,84,84)
r(3340,0,14,85,85)
w(3428,1,14,86,86)
r(6212,0,14,87,87)
r(6012,0,14,88,88)
w(1331,1,14,89,89)
r(9022,0,14,90,90)
r(1356,0,14,91,91)
w(3067,1,14,92,92)
r(5039,0,14,93,93)
r(113,0,14,94,94)
w(312,1,14,95,95)
r(8697,0,14,96,96)
r(9167,0,14,97,97)
w(1144,1,14,98,98)
r(3337,0,14,99,99)
w(1080,1,15,0,0)
r(7336,0,15,1,1)
r(2826,0,15,2,2)
r(1240,0,15,3,3)
r(2045,0,15,4,4)
w(4862,1,15,5,5)
w(3689,2,15,6,6)
r(4653,0,15,7,7)
r(2048,0,15,8,8)
w(958,1,15,9,9)
w(1120,1,15,10,10)
w(4769,1,15,11,11)
r(593,0,15,12,12)
w(3740,1,15,13,13)
r(3518,0,15,14,14)
w(729,1,15,15,15)
r(603,1,15,16,16)
w(7594,1,15,17,17)
w(9999,2,15,18,18)
r(1229,0,15,19,19)
w(4766,1,15,20,20)
w(6131,1,15,21,21)
r(2917,0,15,22,22)
w(7001,1,15,23,23)
w(1384,1,15,24,24)
r(3760,0,15,25,25)
w(7009,1,15,26,26)
r(2258,1,15,27,27)
r(1393,1,15,28,28)
r(9819,0,15,29,29)
w(6187,1,15,30,30)
r(8921,0,15,31,31)
w(1452,1,15,32,32)
w(7038,1,15,33,33)
r(566,0,15,34,34)
r(4356,0,15,35,35)
r(4480,0,15,36,36)
w(4511,1,15,37,37)
r(5582,0,15,38,38)
w(4012,1,15,39,39)
r(8396,0,15,40,40)
w(8896,1,15,41,41)
r(241,0,15,42,42)
r(7388,0,15,43,43)
r(7112,0,15,44,44)
w(9576,1,15,45,45)
r(6839,0,15,46,46)
w(4567,1,15,47,47)
w(1589,1,15,48,48)
r(2946,0,15,49,49)
r(4926,0,15,50,50)
r(9251,0,15,51,51)
r(6270,0,15,52,52)
w(2020,2,15,53,53)
w(8180,1,15,54,54)
w(7711,1,15,55,55)
w(4330,1,15,56,56)
w(2243,1,15,57,57)
r(4888,0,15,58,58)
r(6111,0,15,59,59)
w(1319,2,15,60,60)
r(4131,0,15,61,61)
r(179,0,15,62,62)
w(9284,1,15,63,63)
w(3884,1,15,64,64)
r(1149,0,15,65,65)
r(3822,1,15,66,66)
r(5045,0,15,67,67)
w(9067,1,15,68,68)
w(9766,1,15,69,69)
r(4102,0,15,70,70)
w(2787,1,15,71,71)
w(7077,1,15,72,72)
r(9056,0,15,73,73)
r(111,0,15,74,74)
r(9419,1,15,75,75)
w(3246,1,15,76,76)
r(1708,0,15,77,77)
r(8344,0,15,78,78)
r(1849,0,15,79,79)
w(3980,1,15,80,80)
w(3899,2,15,81,81)
w(1510,1,15,82,82)
r(4912,0,15,83,83)
r(6090,0,15,84,84)
r(8365,0,15,85,85)
r(5566,0,15,86,86)
r(9892,0,15,87,87)
w(5278,1,15,88,88)
w(5434,1,15,89,89)
w(683,1,15,90,90)
w(7272,1,15,91,91)
r(9333,0,15,92,92)
r(7861,0,15,93,93)
r(7420,0,15,94,94)
r(903,0,15,95,95)
w(8074,1,15,96,96)
w(5751,1,15,97,97)
w(9903,1,15,98,98)
r(2018,0,15,99,99)
r(3775,0,16,0,0)
r(2837,0,16,1,1)
w(3328,1,16,2,2)
r(990,0,16,3,3)
w(1216,1,16,4,4)
r(5756,0,16,5,5)
w(5423,1,16,6,6)
r(6122,0,16,7,7)
r(8308,0,16,8,8)
r(6916,0,16,9,9)
w(8800,1,16,10,10)
r(3719,0,16,11,11)
w(7585,1,16,12,12)
r(2410,0,16,13,13)
r(9623,0,16,14,14)
r(9923,0,16,15,15)
r(7967,0,16,16,16)
r(8971,0,16,17,17)
w(2132,1,16,18,18)
r(9713,0,16,19,19)
w(5635,1,16,20,20)
w(749,3,16,21,21)
w(5181,1,16,22,22)
w(5837,1,16,23,23)
w(4925,1,16,24,24)
w(1997,1,16,25,25)
r(3451,0,16,26,26)
w(3006,1,16,27,27)
w(3255,1,16,28,28)
r(1736,1,16,29,29)
r(4168,0,16,30,30)
w(2886,1,16,31,31)
r(613,0,16,32,32)
w(7140,1,16,33,33)
w(9190,1,16,34,34)
r(9140,0,16,35,35)
r(1335,0,16,36,36)
w(2036,1,16,37,37)
w(1445,1,16,38,38)
w(9673,1,16,39,39)
w(7378,1,16,40,40)
w(7377,1,16,41,41)
r(7733,1,16,42,42)
w(9870,1,16,43,43)
w(3470,1,16,44,44)
r(280,0,16,45,45)
w(4978,1,16,46,46)
w(9771,1,16,47,47)
r(591,0,16,48,48)
r(2798,0,16,49,49)
w(756,1,16,50,50)
w(9459,1,16,51,51)
r(3726,0,16,52,52)
w(428,1,16,53,53)
w(3629,1,16,54,54)
w(1596,2,16,55,55)
w(3423,1,16,56,56)
r(2912,0,16,57,57)
r(6318,0,16,58,58)
r(3630,0,16,59,59)
w(8051,1,16,60,60)
r(4826,0,16,61,61)
r(7912,0,16,62,62)
w(2247,1,16,63,63)
r(7332,0,16,64,64)
w(1305,1,16,65,65)
r(7779,0,16,66,66)
r(3221,0,16,67,67)
r(948,1,16,68,68)
w(1656,1,16,69,69)
r(4519,0,16,70,70)
r(6465,1,16,71,71)
w(3129,1,16,72,72)
r(5157,0,16,73,73)
r(7865,0,16,74,74)
w(9790,1,16,75,75)
w(9773,1,16,76,76)
r(5921,0,16,77,77)
w(2938,1,16,78,78)
r(2199,0,16,79,79)
w(1684,1,16,80,80)
r(7955,0,16,81,81)
w(1723,1,16,82,82)
r(7770,1,16,83,83)
r(7754,1,16,84,84)
w(6433,1,16,85,85)
r(6896,0,16,86,86)
w(8898,1,16,87,87)
r(2211,0,16,88,88)
w(8966,2,16,89,89)
r(3843,1,16,90,90)
w(9132,1,16,91,91)
r(9250,0,16,92,92)
r(4858,1,16,93,93)
r(5149,0,16,94,94)
r(8775,1,16,95,95)
w(2003,1,16,96,96)
w(3308,1,16,97,97)
w(417,1,16,98,98)
r(7775,0,16,99,99)
w(8336,1,17,0,0)
w(248,1,17,1,1)
w(7840,1,17,2,2)
r(33,0,17,3,3)
w(6424,1,17,4,4)
r(1434,0,17,5,5)
r(1672,0,17,6,6)
r(4595,1,17,7,7)
w(5790,1,17,8,8)
w(7678,1,17,9,9)
w(2915,1,17,10,10)
w(8307,1,17,11,11)
r(4337,0,17,12,12)
r(2937,0,17,13,13)
w(6626,1,17,14,14)
r(4990,0,17,15,15)
r(4855,0,17,16,16)
w(1940,1,17,17,17)
w(3058,1,17,18,18)
w(3819,1,17,19,19)
r(28,0,17,20,20)
r(7482,0,17,21,21)
r(4575,0,17,22,22)
r(9345,0,17,23,23)
r(6399,0,17,24,24)
w(2067,1,17,25,25)
w(3931,1,17,26,26)
r(7301,0,17,27,27)
w(7787,1,17,28,28)
w(5531,1,17,29,29)
w(3234,1,17,30,30)
w(6787,1,17,31,31)
w(8050,1,17,32,32)
r(1895,0,17,33,33)
r(1407,0,17,34,34)
r(7816,0,17,35,35)
r(3958,0,17,36,36)
w(9577,1,17,37,37)
r(2160,0,17,38,38)
r(6626,1,17,39,39)
w(4104,1,17,40,40)
r(2673,0,17,41,41)
r(4972,0,17,42,42)
w(2432,1,17,43,43)
w(3307,1,17,44,44)
w(9674,1,17,45,45)
r(7885,0,17,46,46)
w(8722,1,17,47,47)
w(5466,1,17,48,48)
w(1011,1,17,49,49)
r(5081,0,17,50,50)
w(1795,1,17,51,51)
r(2349,0,17,52,52)
w(7886,1,17,53,53)
w(1614,1,17,54,54)
r(5859,0,17,55,55)
r(8707,0,17,56,56)
w(171,1,17,57,57)
r(746,0,17,58,58)
r(5506,0,17,59,59)
r(3496,0,17,60,60)
r(3238,1,17,61,61)
w(1943,1,17,62,62)
r(2300,0,17,63,63)
w(1628,1,17,64,64)
r(1890,0,17,65,65)
w(8929,1,17,66,66)
r(3645,0,17,67,67)
r(5084,0,17,68,68)
w(1941,1,17,69,69)
r(7510,0,17,70,70)
w(5789,1,17,71,71)
r(1519,0,17,72,72)
r(2272,0,17,73,73)
r(4320,0,17,74,74)
r(9008,0,17,75,75)
w(4889,1,17,76,76)
w(5971,1,17,77,77)
r(5033,1,17,78,78)
r(8849,0,17,79,79)
w(5878,1,17,80,80)
r(1053,0,17,81,81)
w(1467,1,17,82,82)
w(6112,1,17,83,83)
w(8978,1,17,84,84)
w(4603,1,17,85,85)
r(7397,0,17,86,86)
r(4840,1,17,87,87)
r(2636,1,17,88,88)
r(6659,1,17,89,89)
r(5667,0,17,90,90)
r(8747,0,17,91,91)
r(2840,0,17,92,92)
w(2557,2,17,93,93)
r(5485,0,17,94,94)
w(8476,1,17,95,95)
r(9850,0,17,96,96)
r(4144,0,17,97,97)
w(9397,1,17,98,98)
r(8554,0,17,99,99)
w(931,1,18,0,0)
w(2181,1,18,1,1)
w(3272,2,18,2,2)
w(9211,1,18,3,3)
w(6719,1,18,4,4)
r(1871,0,18,5,5)
w(6857,2,18,6,6)
r(7692,0,18,7,7)
w(9795,1,18,8,8)
w(3280,1,18,9,9)
r(263,0,18,10,10)
r(866,0,18,11,11)
r(335,0,18,12,12)
w(4161,1,18,13,13)
w(5378,1,18,14,14)
w(9808,1,18,15,15)
r(9320,0,18,16,16)
r(3583,0,18,17,17)
w(2155,1,18,18,18)
w(1292,1,18,19,19)
w(7413,1,18,20,20)
r(1614,1,18,21,21)
r(7845,0,18,22,22)
w(120,1,18,23,23)
r(420,0,18,24,24)
w(7585,2,18,25,25)
r(3619,0,18,26,26)
r(8559,0,18,27,27)
r(5833,1,18,28,28)
r(7848,0,18,29,29)
w(6857,3,18,30,30)
w(838,1,18,31,31)
r(8711,0,18,32,32)
r(3360,0,18,33,33)
r(5160,0,18,34,34)
w(1002,1,18,35,35)
r(3321,0,18,36,36)
w(2577,1,18,37,37)
w(4710,1,18,38,38)
w(3860,1,18,39,39)
w(6711,1,18,40,40)
r(3271,2,18,41,41)
w(2167,1,18,42,42)
w(3868,1,18,43,43)
r(8132,0,18,44,44)
w(8990,1,18,45,45)
w(3891,1,18,46,46)
w(6569,1,18,47,47)
w(7085,1,18,48,48)
r(965,0,18,49,49)
r(7757,1,18,50,50)
r(4684,0,18,51,51)
w(9994,1,18,52,52)
w(8995,1,18,53,53)
w(9810,1,18,54,54)
w(7941,1,18,55,55)
w(7939,1,18,56,56)
w(3580,1,18,57,57)
w(5247,1,18,58,58)
w(5503,1,18,59,59)
r(8331,0,18,60,60)
w(9285,1,18,61,61)
r(5391,0,18,62,62)
w(6881,1,18,63,63)
w(8661,1,18,64,64)
r(3847,0,18,65,65)
w(2572,1,18,66,66)
r(1239,0,18,67,67)
r(7128,0,18,68,68)
w(9167,1,18,69,69)
w(8501,1,18,70,70)
r(7145,0,18,71,71)
w(897,1,18,72,72)
r(2992,0,18,73,73)
r(2705,0,18,74,74)
r(2922,0,18,75,75)
w(989,1,18,76,76)
w(561,1,18,77,77)
w(4315,1,18,78,78)
w(2214,1,18,79,79)
w(2328,1,18,80,80)
r(9451,0,18,81,81)
w(4334,1,18,82,82)
w(410,1,18,83,83)
w(3075,1,18,84,84)
r(8959,0,18,85,85)
w(5823,2,18,86,86)
w(7013,1,18,87,87)
w(6757,1,18,88,88)
w(7963,1,18,89,89)
w(3117,1,18,90,90)
w(4137,1,18,91,91)
r(2477,0,18,92,92)
w(1147,1,18,93,93)
r(4698,0,18,94,94)
w(2244,1,18,95,95)
w(8018,1,18,96,96)
r(4569,0,18,97,97)
r(8522,0,18,98,98)
r(7015,0,18,99,99)
w(2072,2,19,0,0)
w(9748,1,19,1,1)
r(8159,0,19,2,2)
w(8984,1,19,3,3)
r(6356,0,19,4,4)
w(5296,1,19,5,5)
r(922,0,19,6,6)
w(3119,1,19,7,7)
w(4032,1,19,8,8)
w(247,1,19,9,9)
r(3412,0,19,10,10)
w(9466,1,19,11,11)
r(7246,0,19,12,12)
w(6429,1,19,13,13)
r(1379,0,19,14,14)
w(906,1,19,15,15)
r(454,1,19,16,16)
w(6574,1,19,17,17)
w(5748,1,19,18,18)
r(6516,0,19,19,19)
r(2170,0,19,20,20)
r(5784,0,19,21,21)
r(2580,0,19,22,22)
r(4862,1,19,23,23)
r(4692,0,19,24,24)
r(5624,0,19,25,25)
w(8919,1,19,26,26)
r(211,0,19,27,27)
r(6513,0,19,28,28)
w(8327,1,19,29,29)
r(493,0,19,30,30)
r(9343,0,19,31,31)
r(1224,0,19,32,32)
w(8723,1,19,33,33)
r(2137,0,19,34,34)
w(9914,1,19,35,35)
w(8377,1,19,36,36)
r(7342,0,19,37,37)
w(4516,1,19,38,38)
w(2629,1,19,39,39)
r(9448,0,19,40,40)
w(9614,1,19,41,41)
w(1201,1,19,42,42)
w(3709,1,19,43,43)
r(8476,1,19,44,44)
r(2077,0,19,45,45)
w(8924,1,19,46,46)
w(8775,2,19,47,47)
w(9559,1,19,48,48)
r(7425,0,19,49,49)
w(4363,1,19,50,50)
w(2520,2,19,51,51)
w(4178,1,19,52,52)
r(3700,0,19,53,53)
w(1231,1,19,54,54)
w(5740,1,19,55,55)
w(4947,2,19,56,56)
r(6350,0,19,57,57)
w(2449,1,19,58,58)
w(3181,1,19,59,59)
w(2212,2,19,60,60)
r(1512,0,19,61,61)
w(2483,1,19,62,62)
r(6103,0,19,63,63)
r(4465,0,19,64,64)
w(6578,1,19,65,65)
w(6239,1,19,66,66)
r(7372,0,19,67,67)
r(2384,0,19,68,68)
w(2007,1,19,69,69)
r(4347,0,19,70,70)
r(4018,0,19,71,71)
w(2161,2,19,72,72)
r(454,1,19,73,73)
w(5761,1,19,74,74)
r(6963,0,19,75,75)
w(3176,1,19,76,76)
w(8578,1,19,77,77)
w(2313,1,19,78,78)
w(4818,1,19,79,79)
r(9630,0,19,80,80)
w(8220,1,19,81,81)
r(4476,0,19,82,82)
w(9159,1,19,83,83)
r(4665,0,19,84,84)
w(6070,1,19,85,85)
w(277,2,19,86,86)
r(7070,0,19,87,87)
r(335,0,19,88,88)
r(6953,0,19,89,89)
r(2330,0,19,90,90)
r(4009,0,19,91,91)
w(24,1,19,92,92)
r(5323,0,19,93,93)
r(8471,0,19,94,94)
w(5029,2,19,95,95)
w(2242,1,19,96,96)
w(5537,1,19,97,97)
w(7093,1,19,98,98)
r(9869,0,19,99,99)
