r(1,0,0,0,0)
r(27,0,0,1,1)
r(47,0,0,2,2)
r(13,0,0,3,3)
r(61,0,0,4,4)
r(25,0,0,5,5)
r(90,0,0,6,6)
r(11,0,0,7,7)
r(14,0,0,8,8)
r(9,0,0,9,9)
r(3,0,0,10,10)
r(4,0,0,11,11)
r(17,0,0,12,12)
r(29,0,0,13,13)
r(4,0,0,14,14)
r(57,0,0,15,15)
r(73,0,0,16,16)
r(6,0,0,17,17)
r(96,0,0,18,18)
r(8,0,0,19,19)
r(38,0,0,20,20)
r(8,0,0,21,21)
r(0,0,0,22,22)
r(0,0,0,23,23)
r(14,0,0,24,24)
r(8,0,0,25,25)
r(2,0,0,26,26)
r(43,0,0,27,27)
r(17,0,0,28,28)
r(2,0,0,29,29)
r(15,0,0,30,30)
r(31,0,0,31,31)
r(0,0,0,32,32)
w(0,1,0,33,33)
r(5,0,0,34,34)
r(3,0,0,35,35)
r(1,0,0,36,36)
r(0,1,0,37,37)
r(34,0,0,38,38)
r(8,0,0,39,39)
r(12,0,0,40,40)
r(2,0,0,41,41)
r(32,0,0,42,42)
r(28,0,0,43,43)
r(3,0,0,44,44)
r(0,1,0,45,45)
r(3,0,0,46,46)
r(56,0,0,47,47)
r(1,0,0,48,48)
r(24,0,0,49,49)
r(5,0,0,50,50)
r(1,0,0,51,51)
r(3,0,0,52,52)
r(29,0,0,53,53)
r(2,0,0,54,54)
w(85,1,0,55,55)
r(0,1,0,56,56)
r(30,0,0,57,57)
r(20,0,0,58,58)
r(4,0,0,59,59)
r(2,0,0,60,60)
r(0,1,0,61,61)
r(54,0,0,62,62)
r(26,0,0,63,63)
r(0,1,0,64,64)
r(0,1,0,65,65)
r(14,0,0,66,66)
r(0,1,0,67,67)
r(1,0,0,68,68)
r(24,0,0,69,69)
r(1,0,0,70,70)
r(1,0,0,71,71)
r(34,0,0,72,72)
r(89,0,0,73,73)
r(11,0,0,74,74)
r(9,0,0,75,75)
r(0,1,0,76,76)
r(59,0,0,77,77)
w(13,1,0,78,78)
r(0,1,0,79,79)
r(58,0,0,80,80)
r(3,0,0,81,81)
r(20,0,0,82,82)
r(46,0,0,83,83)
r(34,0,0,84,84)
r(25,0,0,85,85)
r(33,0,0,86,86)
r(89,0,0,87,87)
r(0,1,0,88,88)
r(2,0,0,89,89)
r(3,0,0,90,90)
r(0,1,0,91,91)
r(67,0,0,92,92)
r(16,0,0,93,93)
r(68,0,0,94,94)
w(16,1,0,95,95)
r(21,0,0,96,96)
r(56,0,0,97,97)
r(51,0,0,98,98)
r(85,1,0,99,99)
w(0,2,1,0,0)
r(3,0,1,1,1)
r(25,0,1,2,2)
r(1,0,1,3,3)
r(0,2,1,4,4)
w(5,1,1,5,5)
r(0,2,1,6,6)
r(2,0,1,7,7)
r(10,0,1,8,8)
r(0,2,1,9,9)
r(0,2,1,10,10)
r(18,0,1,11,11)
r(15,0,1,12,12)
r(10,0,1,13,13)
w(13,2,1,14,14)
r(6,0,1,15,15)
r(6,0,1,16,16)
w(48,1,1,17,17)
r(0,2,1,18,18)
r(15,0,1,19,19)
r(64,0,1,20,20)
r(0,2,1,21,21)
r(0,2,1,22,22)
w(26,1,1,23,23)
r(59,0,1,24,24)
r(0,2,1,25,25)
w(47,1,1,26,26)
r(5,1,1,27,27)
r(4,0,1,28,28)
r(17,0,1,29,29)
r(13,2,1,30,30)
r(1,0,1,31,31)
r(2,0,1,32,32)
r(1,0,1,33,33)
r(43,0,1,34,34)
r(76,0,1,35,35)
r(33,0,1,36,36)
w(0,3,1,37,37)
r(81,0,1,38,38)
r(2,0,1,39,39)
r(0,3,1,40,40)
r(1,0,1,41,41)
r(2,0,1,42,42)
r(66,0,1,43,43)
r(50,0,1,44,44)
r(0,3,1,45,45)
w(75,1,1,46,46)
r(0,3,1,47,47)
w(1,1,1,48,48)
r(5,1,1,49,49)
r(5,1,1,50,50)
r(55,0,1,51,51)
r(8,0,1,52,52)
w(0,4,1,53,53)
r(2,0,1,54,54)
r(0,4,1,55,55)
r(0,4,1,56,56)
r(76,0,1,57,57)
r(11,0,1,58,58)
r(4,0,1,59,59)
r(3,0,1,60,60)
r(34,0,1,61,61)
r(0,4,1,62,62)
r(40,0,1,63,63)
r(0,4,1,64,64)
r(80,0,1,65,65)
r(3,0,1,66,66)
w(33,1,1,67,67)
r(0,4,1,68,68)
r(2,0,1,69,69)
w(10,1,1,70,70)
r(0,4,1,71,71)
r(24,0,1,72,72)
r(0,4,1,73,73)
r(86,0,1,74,74)
r(0,4,1,75,75)
r(49,0,1,76,76)
r(30,0,1,77,77)
r(1,1,1,78,78)
r(3,0,1,79,79)
r(0,4,1,80,80)
w(0,5,1,81,81)
r(0,5,1,82,82)
r(2,0,1,83,83)
r(1,1,1,84,84)
r(3,0,1,85,85)
r(0,5,1,86,86)
r(50,0,1,87,87)
r(11,0,1,88,88)
r(0,5,1,89,89)
r(3,0,1,90,90)
w(3,1,1,91,91)
r(30,0,1,92,92)
w(14,1,1,93,93)
r(11,0,1,94,94)
r(74,0,1,95,95)
r(0,5,1,96,96)
r(0,5,1,97,97)
r(8,0,1,98,98)
r(13,2,1,99,99)
r(1,1,2,0,0)
r(0,5,2,1,1)
r(0,5,2,2,2)
r(12,0,2,3,3)
r(0,5,2,4,4)
r(76,0,2,5,5)
r(42,0,2,6,6)
r(0,5,2,7,7)
r(3,1,2,8,8)
r(1,1,2,9,9)
r(69,0,2,10,10)
r(1,1,2,11,11)
r(15,0,2,12,12)
r(3,1,2,13,13)
r(6,0,2,14,14)
r(0,5,2,15,15)
r(73,0,2,16,16)
r(0,5,2,17,17)
r(0,5,2,18,18)
r(0,5,2,19,19)
r(9,0,2,20,20)
r(2,0,2,21,21)
r(2,0,2,22,22)
r(41,0,2,23,23)
r(16,1,2,24,24)
r(9,0,2,25,25)
r(73,0,2,26,26)
w(17,1,2,27,27)
w(0,6,2,28,28)
r(1,1,2,29,29)
r(2,0,2,30,30)
r(61,0,2,31,31)
r(30,0,2,32,32)
r(19,0,2,33,33)
r(6,0,2,34,34)
r(0,6,2,35,35)
r(35,0,2,36,36)
r(0,6,2,37,37)
r(3,1,2,38,38)
r(11,0,2,39,39)
r(0,6,2,40,40)
r(35,0,2,41,41)
r(33,1,2,42,42)
r(48,1,2,43,43)
r(87,0,2,44,44)
r(6,0,2,45,45)
r(52,0,2,46,46)
r(14,1,2,47,47)
r(0,6,2,48,48)
w(0,7,2,49,49)
r(47,1,2,50,50)
r(5,1,2,51,51)
r(8,0,2,52,52)
w(1,2,2,53,53)
r(1,2,2,54,54)
r(13,2,2,55,55)
w(5,2,2,56,56)
r(41,0,2,57,57)
r(13,2,2,58,58)
r(12,0,2,59,59)
r(62,0,2,60,60)
r(1,2,2,61,61)
r(0,7,2,62,62)
r(0,7,2,63,63)
r(0,7,2,64,64)
r(5,2,2,65,65)
w(25,1,2,66,66)
r(4,0,2,67,67)
r(19,0,2,68,68)
r(8,0,2,69,69)
r(0,7,2,70,70)
r(42,0,2,71,71)
r(8,0,2,72,72)
r(3,1,2,73,73)
r(29,0,2,74,74)
r(2,0,2,75,75)
r(16,1,2,76,76)
r(2,0,2,77,77)
r(0,7,2,78,78)
r(12,0,2,79,79)
r(3,1,2,80,80)
r(14,1,2,81,81)
r(2,0,2,82,82)
r(39,0,2,83,83)
r(0,7,2,84,84)
r(0,7,2,85,85)
w(1,3,2,86,86)
r(33,1,2,87,87)
r(35,0,2,88,88)
w(35,1,2,89,89)
r(0,7,2,90,90)
r(18,0,2,91,91)
w(30,1,2,92,92)
r(8,0,2,93,93)
w(0,8,2,94,94)
r(20,0,2,95,95)
r(2,0,2,96,96)
r(5,2,2,97,97)
r(0,8,2,98,98)
r(3,1,2,99,99)
r(18,0,3,0,0)
r(0,8,3,1,1)
r(44,0,3,2,2)
r(4,0,3,3,3)
r(0,8,3,4,4)
r(1,3,3,5,5)
r(30,1,3,6,6)
w(8,1,3,7,7)
r(0,8,3,8,8)
r(0,8,3,9,9)
r(0,8,3,10,10)
r(16,1,3,11,11)
r(5,2,3,12,12)
r(3,1,3,13,13)
r(1,3,3,14,14)
r(23,0,3,15,15)
r(17,1,3,16,16)
r(0,8,3,17,17)
r(39,0,3,18,18)
r(87,0,3,19,19)
r(3,1,3,20,20)
r(12,0,3,21,21)
r(0,8,3,22,22)
r(84,0,3,23,23)
r(6,0,3,24,24)
r(0,8,3,25,25)
r(50,0,3,26,26)
r(12,0,3,27,27)
r(23,0,3,28,28)
r(3,1,3,29,29)
r(1,3,3,30,30)
r(56,0,3,31,31)
r(0,8,3,32,32)
r(46,0,3,33,33)
r(0,8,3,34,34)
r(2,0,3,35,35)
r(3,1,3,36,36)
r(0,8,3,37,37)
r(0,8,3,38,38)
r(1,3,3,39,39)
r(1,3,3,40,40)
r(3,1,3,41,41)
w(12,1,3,42,42)
r(42,0,3,43,43)
r(20,0,3,44,44)
r(32,0,3,45,45)
r(15,0,3,46,46)
r(29,0,3,47,47)
r(1,3,3,48,48)
r(13,2,3,49,49)
r(49,0,3,50,50)
r(1,3,3,51,51)
r(5,2,3,52,52)
r(4,0,3,53,53)
r(67,0,3,54,54)
r(27,0,3,55,55)
w(73,1,3,56,56)
r(7,0,3,57,57)
w(1,4,3,58,58)
r(0,8,3,59,59)
r(0,8,3,60,60)
r(96,0,3,61,61)
r(0,8,3,62,62)
r(0,8,3,63,63)
r(56,0,3,64,64)
r(2,0,3,65,65)
r(4,0,3,66,66)
r(7,0,3,67,67)
r(5,2,3,68,68)
r(0,8,3,69,69)
r(7,0,3,70,70)
r(0,8,3,71,71)
w(0,9,3,72,72)
r(58,0,3,73,73)
r(0,9,3,74,74)
r(8,1,3,75,75)
r(2,0,3,76,76)
r(11,0,3,77,77)
r(12,1,3,78,78)
r(1,4,3,79,79)
r(10,1,3,80,80)
r(7,0,3,81,81)
r(4,0,3,82,82)
r(42,0,3,83,83)
r(1,4,3,84,84)
w(0,10,3,85,85)
r(1,4,3,86,86)
r(62,0,3,87,87)
r(0,10,3,88,88)
r(13,2,3,89,89)
r(7,0,3,90,90)
r(31,0,3,91,91)
w(51,1,3,92,92)
r(9,0,3,93,93)
r(4,0,3,94,94)
r(1,4,3,95,95)
r(16,1,3,96,96)
r(56,0,3,97,97)
r(3,1,3,98,98)
r(22,0,3,99,99)
r(1,4,4,0,0)
r(15,0,4,1,1)
r(0,10,4,2,2)
r(34,0,4,3,3)
w(10,2,4,4,4)
r(2,0,4,5,5)
r(0,10,4,6,6)
r(4,0,4,7,7)
r(0,10,4,8,8)
r(4,0,4,9,9)
r(14,1,4,10,10)
r(44,0,4,11,11)
r(1,4,4,12,12)
r(4,0,4,13,13)
r(8,1,4,14,14)
r(3,1,4,15,15)
r(93,0,4,16,16)
r(68,0,4,17,17)
r(51,1,4,18,18)
w(24,1,4,19,19)
r(61,0,4,20,20)
r(47,1,4,21,21)
r(13,2,4,22,22)
r(64,0,4,23,23)
r(3,1,4,24,24)
r(0,10,4,25,25)
r(9,0,4,26,26)
r(0,10,4,27,27)
w(0,11,4,28,28)
w(3,2,4,29,29)
r(1,4,4,30,30)
r(24,1,4,31,31)
r(0,11,4,32,32)
r(0,11,4,33,33)
r(1,4,4,34,34)
r(0,11,4,35,35)
r(15,0,4,36,36)
r(2,0,4,37,37)
r(12,1,4,38,38)
r(10,2,4,39,39)
r(50,0,4,40,40)
r(1,4,4,41,41)
r(65,0,4,42,42)
r(3,2,4,43,43)
r(2,0,4,44,44)
r(2,0,4,45,45)
r(1,4,4,46,46)
r(0,11,4,47,47)
w(67,1,4,48,48)
r(29,0,4,49,49)
r(3,2,4,50,50)
r(13,2,4,51,51)
r(12,1,4,52,52)
r(0,11,4,53,53)
w(78,1,4,54,54)
w(86,1,4,55,55)
r(13,2,4,56,56)
r(28,0,4,57,57)
r(4,0,4,58,58)
r(0,11,4,59,59)
w(69,1,4,60,60)
r(5,2,4,61,61)
r(0,11,4,62,62)
r(2,0,4,63,63)
r(13,2,4,64,64)
r(4,0,4,65,65)
r(15,0,4,66,66)
w(4,1,4,67,67)
r(0,11,4,68,68)
r(39,0,4,69,69)
w(64,1,4,70,70)
r(2,0,4,71,71)
r(0,11,4,72,72)
r(94,0,4,73,73)
r(41,0,4,74,74)
w(5,3,4,75,75)
w(6,1,4,76,76)
r(0,11,4,77,77)
r(9,0,4,78,78)
r(33,1,4,79,79)
r(0,11,4,80,80)
w(91,1,4,81,81)
r(0,11,4,82,82)
r(0,11,4,83,83)
r(4,1,4,84,84)
r(0,11,4,85,85)
r(2,0,4,86,86)
r(17,1,4,87,87)
r(0,11,4,88,88)
r(27,0,4,89,89)
r(24,1,4,90,90)
r(24,1,4,91,91)
r(4,1,4,92,92)
r(1,4,4,93,93)
r(19,0,4,94,94)
r(12,1,4,95,95)
w(9,1,4,96,96)
r(1,4,4,97,97)
r(1,4,4,98,98)
r(6,1,4,99,99)
r(10,2,5,0,0)
r(6,1,5,1,1)
r(0,11,5,2,2)
r(6,1,5,3,3)
r(2,0,5,4,4)
r(0,11,5,5,5)
r(21,0,5,6,6)
w(3,3,5,7,7)
r(40,0,5,8,8)
r(1,4,5,9,9)
r(55,0,5,10,10)
w(3,4,5,11,11)
r(1,4,5,12,12)
r(13,2,5,13,13)
r(71,0,5,14,14)
r(1,4,5,15,15)
r(0,11,5,16,16)
r(90,0,5,17,17)
r(30,1,5,18,18)
r(2,0,5,19,19)
r(33,1,5,20,20)
w(7,1,5,21,21)
r(59,0,5,22,22)
r(2,0,5,23,23)
r(1,4,5,24,24)
r(5,3,5,25,25)
r(0,11,5,26,26)
r(1,4,5,27,27)
r(22,0,5,28,28)
r(36,0,5,29,29)
w(4,2,5,30,30)
r(0,11,5,31,31)
r(69,1,5,32,32)
r(35,1,5,33,33)
r(0,11,5,34,34)
r(68,0,5,35,35)
r(22,0,5,36,36)
w(5,4,5,37,37)
r(8,1,5,38,38)
r(8,1,5,39,39)
r(86,1,5,40,40)
w(19,1,5,41,41)
r(1,4,5,42,42)
r(41,0,5,43,43)
r(1,4,5,44,44)
r(0,11,5,45,45)
r(1,4,5,46,46)
r(90,0,5,47,47)
r(1,4,5,48,48)
r(3,4,5,49,49)
w(0,12,5,50,50)
r(9,1,5,51,51)
r(11,0,5,52,52)
r(37,0,5,53,53)
r(0,12,5,54,54)
r(0,12,5,55,55)
r(16,1,5,56,56)
r(50,0,5,57,57)
r(1,4,5,58,58)
r(0,12,5,59,59)
r(1,4,5,60,60)
r(9,1,5,61,61)
r(65,0,5,62,62)
r(53,0,5,63,63)
r(2,0,5,64,64)
r(81,0,5,65,65)
r(34,0,5,66,66)
r(2,0,5,67,67)
r(5,4,5,68,68)
w(73,2,5,69,69)
r(93,0,5,70,70)
r(0,12,5,71,71)
r(0,12,5,72,72)
r(0,12,5,73,73)
r(6,1,5,74,74)
w(54,1,5,75,75)
r(44,0,5,76,76)
r(1,4,5,77,77)
w(1,5,5,78,78)
r(0,12,5,79,79)
w(1,6,5,80,80)
r(70,0,5,81,81)
r(5,4,5,82,82)
r(5,4,5,83,83)
r(57,0,5,84,84)
r(0,12,5,85,85)
r(1,6,5,86,86)
r(3,4,5,87,87)
r(25,1,5,88,88)
r(7,1,5,89,89)
r(2,0,5,90,90)
r(23,0,5,91,91)
r(20,0,5,92,92)
r(7,1,5,93,93)
r(46,0,5,94,94)
r(25,1,5,95,95)
r(0,12,5,96,96)
r(81,0,5,97,97)
r(9,1,5,98,98)
r(0,12,5,99,99)
r(0,12,6,0,0)
r(13,2,6,1,1)
r(2,0,6,2,2)
r(2,0,6,3,3)
r(0,12,6,4,4)
r(38,0,6,5,5)
w(36,1,6,6,6)
r(8,1,6,7,7)
r(48,1,6,8,8)
r(26,1,6,9,9)
r(36,1,6,10,10)
r(14,1,6,11,11)
r(55,0,6,12,12)
r(0,12,6,13,13)
r(11,0,6,14,14)
r(26,1,6,15,15)
r(3,4,6,16,16)
r(0,12,6,17,17)
r(14,1,6,18,18)
w(0,13,6,19,19)
r(13,2,6,20,20)
r(7,1,6,21,21)
r(3,4,6,22,22)
r(0,13,6,23,23)
r(0,13,6,24,24)
r(26,1,6,25,25)
r(2,0,6,26,26)
r(0,13,6,27,27)
r(1,6,6,28,28)
r(3,4,6,29,29)
r(0,13,6,30,30)
r(8,1,6,31,31)
r(9,1,6,32,32)
r(1,6,6,33,33)
w(89,1,6,34,34)
r(5,4,6,35,35)
r(0,13,6,36,36)
r(40,0,6,37,37)
r(0,13,6,38,38)
r(3,4,6,39,39)
r(8,1,6,40,40)
r(1,6,6,41,41)
r(6,1,6,42,42)
r(22,0,6,43,43)
r(15,0,6,44,44)
r(89,1,6,45,45)
w(6,2,6,46,46)
r(1,6,6,47,47)
w(0,14,6,48,48)
r(0,14,6,49,49)
w(91,2,6,50,50)
r(11,0,6,51,51)
r(26,1,6,52,52)
r(0,14,6,53,53)
w(53,1,6,54,54)
r(12,1,6,55,55)
r(21,0,6,56,56)
r(3,4,6,57,57)
w(0,15,6,58,58)
r(6,2,6,59,59)
r(0,15,6,60,60)
r(10,2,6,61,61)
r(0,15,6,62,62)
r(9,1,6,63,63)
r(0,15,6,64,64)
r(13,2,6,65,65)
r(0,15,6,66,66)
r(0,15,6,67,67)
r(0,15,6,68,68)
r(66,0,6,69,69)
r(40,0,6,70,70)
r(5,4,6,71,71)
w(7,2,6,72,72)
r(14,1,6,73,73)
r(0,15,6,74,74)
r(8,1,6,75,75)
r(19,1,6,76,76)
r(53,1,6,77,77)
r(88,0,6,78,78)
r(34,0,6,79,79)
r(11,0,6,80,80)
r(52,0,6,81,81)
w(0,16,6,82,82)
r(2,0,6,83,83)
r(48,1,6,84,84)
r(3,4,6,85,85)
r(26,1,6,86,86)
r(44,0,6,87,87)
r(2,0,6,88,88)
r(0,16,6,89,89)
r(0,16,6,90,90)
r(3,4,6,91,91)
w(45,1,6,92,92)
r(31,0,6,93,93)
r(0,16,6,94,94)
r(26,1,6,95,95)
r(2,0,6,96,96)
r(95,0,6,97,97)
r(5,4,6,98,98)
r(20,0,6,99,99)
r(12,1,7,0,0)
r(39,0,7,1,1)
r(4,2,7,2,2)
r(8,1,7,3,3)
r(12,1,7,4,4)
r(31,0,7,5,5)
r(11,0,7,6,6)
r(9,1,7,7,7)
r(0,16,7,8,8)
r(1,6,7,9,9)
r(17,1,7,10,10)
r(2,0,7,11,11)
r(72,0,7,12,12)
r(4,2,7,13,13)
r(2,0,7,14,14)
r(5,4,7,15,15)
r(2,0,7,16,16)
r(1,6,7,17,17)
r(9,1,7,18,18)
r(1,6,7,19,19)
r(4,2,7,20,20)
r(25,1,7,21,21)
r(0,16,7,22,22)
w(86,2,7,23,23)
r(5,4,7,24,24)
r(13,2,7,25,25)
w(2,1,7,26,26)
w(2,2,7,27,27)
r(2,2,7,28,28)
r(1,6,7,29,29)
r(2,2,7,30,30)
r(0,16,7,31,31)
r(16,1,7,32,32)
r(54,1,7,33,33)
r(0,16,7,34,34)
r(65,0,7,35,35)
r(0,16,7,36,36)
r(1,6,7,37,37)
r(50,0,7,38,38)
r(2,2,7,39,39)
r(7,2,7,40,40)
r(13,2,7,41,41)
w(79,1,7,42,42)
r(53,1,7,43,43)
r(1,6,7,44,44)
w(0,17,7,45,45)
r(3,4,7,46,46)
r(0,17,7,47,47)
r(13,2,7,48,48)
r(21,0,7,49,49)
r(1,6,7,50,50)
r(4,2,7,51,51)
r(23,0,7,52,52)
r(1,6,7,53,53)
w(0,18,7,54,54)
r(1,6,7,55,55)
r(33,1,7,56,56)
r(31,0,7,57,57)
r(0,18,7,58,58)
r(41,0,7,59,59)
w(44,1,7,60,60)
r(0,18,7,61,61)
r(8,1,7,62,62)
r(3,4,7,63,63)
r(2,2,7,64,64)
r(96,0,7,65,65)
r(50,0,7,66,66)
r(7,2,7,67,67)
r(17,1,7,68,68)
r(1,6,7,69,69)
r(8,1,7,70,70)
r(55,0,7,71,71)
r(0,18,7,72,72)
w(7,3,7,73,73)
r(1,6,7,74,74)
r(6,2,7,75,75)
w(0,19,7,76,76)
r(0,19,7,77,77)
r(19,1,7,78,78)
r(6,2,7,79,79)
r(99,0,7,80,80)
r(0,19,7,81,81)
r(6,2,7,82,82)
r(0,19,7,83,83)
r(10,2,7,84,84)
r(62,0,7,85,85)
r(6,2,7,86,86)
r(33,1,7,87,87)
r(3,4,7,88,88)
w(6,3,7,89,89)
r(71,0,7,90,90)
w(1,7,7,91,91)
r(10,2,7,92,92)
r(13,2,7,93,93)
r(0,19,7,94,94)
r(0,19,7,95,95)
r(0,19,7,96,96)
r(26,1,7,97,97)
r(3,4,7,98,98)
r(57,0,7,99,99)
r(14,1,8,0,0)
r(60,0,8,1,1)
r(7,3,8,2,2)
r(31,0,8,3,3)
r(73,2,8,4,4)
r(0,19,8,5,5)
r(28,0,8,6,6)
r(60,0,8,7,7)
r(0,19,8,8,8)
r(11,0,8,9,9)
r(2,2,8,10,10)
r(0,19,8,11,11)
r(0,19,8,12,12)
r(13,2,8,13,13)
w(12,2,8,14,14)
r(2,2,8,15,15)
r(41,0,8,16,16)
r(6,3,8,17,17)
r(19,1,8,18,18)
r(49,0,8,19,19)
r(4,2,8,20,20)
r(4,2,8,21,21)
r(1,7,8,22,22)
r(49,0,8,23,23)
w(68,1,8,24,24)
r(42,0,8,25,25)
w(25,2,8,26,26)
r(0,19,8,27,27)
r(37,0,8,28,28)
r(0,19,8,29,29)
r(37,0,8,30,30)
w(7,4,8,31,31)
r(10,2,8,32,32)
r(28,0,8,33,33)
r(14,1,8,34,34)
r(1,7,8,35,35)
r(33,1,8,36,36)
r(61,0,8,37,37)
r(4,2,8,38,38)
r(1,7,8,39,39)
r(35,1,8,40,40)
r(0,19,8,41,41)
r(7,4,8,42,42)
r(81,0,8,43,43)
r(2,2,8,44,44)
r(2,2,8,45,45)
r(0,19,8,46,46)
r(38,0,8,47,47)
r(0,19,8,48,48)
r(13,2,8,49,49)
w(0,20,8,50,50)
r(65,0,8,51,51)
r(0,20,8,52,52)
r(84,0,8,53,53)
r(53,1,8,54,54)
r(9,1,8,55,55)
r(66,0,8,56,56)
r(15,0,8,57,57)
r(31,0,8,58,58)
r(66,0,8,59,59)
r(0,20,8,60,60)
r(19,1,8,61,61)
r(11,0,8,62,62)
r(0,20,8,63,63)
r(2,2,8,64,64)
r(54,1,8,65,65)
r(9,1,8,66,66)
w(0,21,8,67,67)
r(0,21,8,68,68)
r(2,2,8,69,69)
r(32,0,8,70,70)
w(0,22,8,71,71)
r(0,22,8,72,72)
r(1,7,8,73,73)
r(0,22,8,74,74)
r(0,22,8,75,75)
r(7,4,8,76,76)
w(50,1,8,77,77)
r(95,0,8,78,78)
r(2,2,8,79,79)
r(69,1,8,80,80)
r(0,22,8,81,81)
r(0,22,8,82,82)
r(36,1,8,83,83)
w(40,1,8,84,84)
r(19,1,8,85,85)
r(53,1,8,86,86)
r(0,22,8,87,87)
r(1,7,8,88,88)
r(0,22,8,89,89)
r(13,2,8,90,90)
r(8,1,8,91,91)
r(61,0,8,92,92)
r(83,0,8,93,93)
r(37,0,8,94,94)
r(26,1,8,95,95)
r(39,0,8,96,96)
r(9,1,8,97,97)
r(3,4,8,98,98)
w(22,1,8,99,99)
r(36,1,9,0,0)
w(1,8,9,1,1)
w(6,4,9,2,2)
r(0,22,9,3,3)
r(4,2,9,4,4)
r(7,4,9,5,5)
r(0,22,9,6,6)
r(54,1,9,7,7)
r(0,22,9,8,8)
r(39,0,9,9,9)
r(0,22,9,10,10)
r(4,2,9,11,11)
r(7,4,9,12,12)
r(95,0,9,13,13)
r(9,1,9,14,14)
r(1,8,9,15,15)
r(12,2,9,16,16)
r(66,0,9,17,17)
r(74,0,9,18,18)
w(0,23,9,19,19)
r(2,2,9,20,20)
r(30,1,9,21,21)
r(1,8,9,22,22)
r(15,0,9,23,23)
w(29,1,9,24,24)
r(57,0,9,25,25)
r(2,2,9,26,26)
r(0,23,9,27,27)
r(2,2,9,28,28)
r(2,2,9,29,29)
r(2,2,9,30,30)
r(0,23,9,31,31)
w(5,5,9,32,32)
r(5,5,9,33,33)
r(7,4,9,34,34)
r(5,5,9,35,35)
r(1,8,9,36,36)
r(16,1,9,37,37)
w(45,2,9,38,38)
r(48,1,9,39,39)
r(46,0,9,40,40)
r(90,0,9,41,41)
r(1,8,9,42,42)
r(33,1,9,43,43)
r(4,2,9,44,44)
r(0,23,9,45,45)
r(5,5,9,46,46)
r(9,1,9,47,47)
r(1,8,9,48,48)
r(8,1,9,49,49)
r(75,1,9,50,50)
r(0,23,9,51,51)
r(6,4,9,52,52)
r(13,2,9,53,53)
r(62,0,9,54,54)
r(26,1,9,55,55)
r(5,5,9,56,56)
r(8,1,9,57,57)
r(17,1,9,58,58)
r(47,1,9,59,59)
r(63,0,9,60,60)
r(0,23,9,61,61)
r(1,8,9,62,62)
r(13,2,9,63,63)
r(67,1,9,64,64)
r(0,23,9,65,65)
r(2,2,9,66,66)
r(6,4,9,67,67)
w(13,3,9,68,68)
r(4,2,9,69,69)
r(5,5,9,70,70)
r(0,23,9,71,71)
r(48,1,9,72,72)
r(0,23,9,73,73)
r(90,0,9,74,74)
r(6,4,9,75,75)
r(0,23,9,76,76)
r(3,4,9,77,77)
r(75,1,9,78,78)
r(5,5,9,79,79)
r(9,1,9,80,80)
r(2,2,9,81,81)
r(0,23,9,82,82)
r(13,3,9,83,83)
r(38,0,9,84,84)
r(2,2,9,85,85)
w(47,2,9,86,86)
r(0,23,9,87,87)
w(13,4,9,88,88)
r(84,0,9,89,89)
r(20,0,9,90,90)
r(11,0,9,91,91)
r(0,23,9,92,92)
w(8,2,9,93,93)
r(0,23,9,94,94)
r(1,8,9,95,95)
r(0,23,9,96,96)
w(6,5,9,97,97)
r(3,4,9,98,98)
r(0,23,9,99,99)
r(8,2,10,0,0)
r(22,1,10,1,1)
r(14,1,10,2,2)
r(4,2,10,3,3)
r(1,8,10,4,4)
r(4,2,10,5,5)
r(60,0,10,6,6)
r(23,0,10,7,7)
r(10,2,10,8,8)
r(0,23,10,9,9)
r(6,5,10,10,10)
r(0,23,10,11,11)
r(26,1,10,12,12)
r(34,0,10,13,13)
r(1,8,10,14,14)
w(2,3,10,15,15)
r(14,1,10,16,16)
r(4,2,10,17,17)
r(12,2,10,18,18)
r(30,1,10,19,19)
r(0,23,10,20,20)
w(39,1,10,21,21)
r(6,5,10,22,22)
r(4,2,10,23,23)
r(2,3,10,24,24)
w(87,1,10,25,25)
r(20,0,10,26,26)
r(12,2,10,27,27)
r(6,5,10,28,28)
r(0,23,10,29,29)
r(0,23,10,30,30)
r(6,5,10,31,31)
r(9,1,10,32,32)
r(1,8,10,33,33)
w(56,1,10,34,34)
r(1,8,10,35,35)
r(71,0,10,36,36)
r(3,4,10,37,37)
r(0,23,10,38,38)
r(13,4,10,39,39)
r(6,5,10,40,40)
r(2,3,10,41,41)
r(21,0,10,42,42)
r(4,2,10,43,43)
r(7,4,10,44,44)
r(21,0,10,45,45)
r(2,3,10,46,46)
r(5,5,10,47,47)
r(2,3,10,48,48)
r(2,3,10,49,49)
r(3,4,10,50,50)
r(2,3,10,51,51)
r(0,23,10,52,52)
r(0,23,10,53,53)
r(2,3,10,54,54)
r(2,3,10,55,55)
w(4,3,10,56,56)
r(0,23,10,57,57)
r(0,23,10,58,58)
r(0,23,10,59,59)
r(3,4,10,60,60)
r(54,1,10,61,61)
r(2,3,10,62,62)
r(10,2,10,63,63)
r(10,2,10,64,64)
w(4,4,10,65,65)
r(9,1,10,66,66)
r(2,3,10,67,67)
r(68,1,10,68,68)
r(17,1,10,69,69)
r(0,23,10,70,70)
w(17,2,10,71,71)
r(0,23,10,72,72)
r(4,4,10,73,73)
r(7,4,10,74,74)
r(10,2,10,75,75)
r(45,2,10,76,76)
r(7,4,10,77,77)
r(2,3,10,78,78)
r(0,23,10,79,79)
r(21,0,10,80,80)
w(1,9,10,81,81)
r(2,3,10,82,82)
r(53,1,10,83,83)
w(1,10,10,84,84)
r(13,4,10,85,85)
r(7,4,10,86,86)
r(14,1,10,87,87)
r(0,23,10,88,88)
w(5,6,10,89,89)
w(57,1,10,90,90)
r(0,23,10,91,91)
w(5,7,10,92,92)
r(26,1,10,93,93)
r(2,3,10,94,94)
r(0,23,10,95,95)
r(3,4,10,96,96)
r(1,10,10,97,97)
w(10,3,10,98,98)
r(15,0,10,99,99)
r(92,0,11,0,0)
w(35,2,11,1,1)
r(17,2,11,2,2)
r(26,1,11,3,3)
r(67,1,11,4,4)
r(1,10,11,5,5)
r(33,1,11,6,6)
w(2,4,11,7,7)
r(89,1,11,8,8)
w(2,5,11,9,9)
r(9,1,11,10,10)
r(0,23,11,11,11)
r(52,0,11,12,12)
r(99,0,11,13,13)
r(4,4,11,14,14)
r(4,4,11,15,15)
r(7,4,11,16,16)
r(2,5,11,17,17)
r(34,0,11,18,18)
r(53,1,11,19,19)
r(0,23,11,20,20)
r(51,1,11,21,21)
r(67,1,11,22,22)
r(8,2,11,23,23)
r(39,1,11,24,24)
r(7,4,11,25,25)
r(0,23,11,26,26)
r(8,2,11,27,27)
r(1,10,11,28,28)
r(41,0,11,29,29)
r(1,10,11,30,30)
r(77,0,11,31,31)
r(69,1,11,32,32)
r(1,10,11,33,33)
r(1,10,11,34,34)
w(1,11,11,35,35)
r(0,23,11,36,36)
w(8,3,11,37,37)
r(0,23,11,38,38)
r(77,0,11,39,39)
r(15,0,11,40,40)
r(0,23,11,41,41)
r(0,23,11,42,42)
r(2,5,11,43,43)
r(0,23,11,44,44)
w(50,2,11,45,45)
r(7,4,11,46,46)
r(10,3,11,47,47)
r(54,1,11,48,48)
r(20,0,11,49,49)
r(30,1,11,50,50)
r(4,4,11,51,51)
r(14,1,11,52,52)
r(7,4,11,53,53)
r(55,0,11,54,54)
r(22,1,11,55,55)
r(0,23,11,56,56)
r(20,0,11,57,57)
w(18,1,11,58,58)
r(22,1,11,59,59)
r(0,23,11,60,60)
r(1,11,11,61,61)
r(0,23,11,62,62)
r(73,2,11,63,63)
r(14,1,11,64,64)
r(2,5,11,65,65)
r(41,0,11,66,66)
r(3,4,11,67,67)
r(99,0,11,68,68)
r(17,2,11,69,69)
r(2,5,11,70,70)
r(7,4,11,71,71)
r(8,3,11,72,72)
r(7,4,11,73,73)
r(19,1,11,74,74)
r(31,0,11,75,75)
r(9,1,11,76,76)
r(0,23,11,77,77)
w(0,24,11,78,78)
r(0,24,11,79,79)
w(22,2,11,80,80)
r(0,24,11,81,81)
r(56,1,11,82,82)
r(26,1,11,83,83)
w(28,1,11,84,84)
r(23,0,11,85,85)
w(12,3,11,86,86)
r(74,0,11,87,87)
w(2,6,11,88,88)
r(15,0,11,89,89)
r(3,4,11,90,90)
r(75,1,11,91,91)
r(1,11,11,92,92)
r(0,24,11,93,93)
r(0,24,11,94,94)
r(19,1,11,95,95)
w(3,5,11,96,96)
r(5,7,11,97,97)
r(15,0,11,98,98)
r(18,1,11,99,99)
r(6,5,12,0,0)
r(3,5,12,1,1)
r(0,24,12,2,2)
r(48,1,12,3,3)
r(1,11,12,4,4)
r(7,4,12,5,5)
r(2,6,12,6,6)
r(1,11,12,7,7)
r(3,5,12,8,8)
r(1,11,12,9,9)
r(53,1,12,10,10)
w(11,1,12,11,11)
r(5,7,12,12,12)
r(15,0,12,13,13)
r(0,24,12,14,14)
r(33,1,12,15,15)
r(11,1,12,16,16)
w(9,2,12,17,17)
r(11,1,12,18,18)
r(79,1,12,19,19)
r(46,0,12,20,20)
w(0,25,12,21,21)
r(4,4,12,22,22)
r(18,1,12,23,23)
r(1,11,12,24,24)
w(79,2,12,25,25)
r(2,6,12,26,26)
w(11,2,12,27,27)
r(0,25,12,28,28)
w(0,26,12,29,29)
r(47,2,12,30,30)
w(37,1,12,31,31)
r(23,0,12,32,32)
r(33,1,12,33,33)
r(0,26,12,34,34)
r(2,6,12,35,35)
w(50,3,12,36,36)
r(42,0,12,37,37)
r(0,26,12,38,38)
r(0,26,12,39,39)
r(0,26,12,40,40)
r(0,26,12,41,41)
r(0,26,12,42,42)
r(21,0,12,43,43)
r(15,0,12,44,44)
r(49,0,12,45,45)
r(7,4,12,46,46)
r(61,0,12,47,47)
r(8,3,12,48,48)
r(72,0,12,49,49)
r(93,0,12,50,50)
r(41,0,12,51,51)
r(26,1,12,52,52)
r(76,0,12,53,53)
w(10,4,12,54,54)
r(29,1,12,55,55)
r(36,1,12,56,56)
r(10,4,12,57,57)
w(4,5,12,58,58)
w(1,12,12,59,59)
r(76,0,12,60,60)
r(0,26,12,61,61)
w(75,2,12,62,62)
r(36,1,12,63,63)
r(0,26,12,64,64)
r(1,12,12,65,65)
r(1,12,12,66,66)
r(23,0,12,67,67)
r(17,2,12,68,68)
r(2,6,12,69,69)
r(80,0,12,70,70)
r(87,1,12,71,71)
r(17,2,12,72,72)
r(5,7,12,73,73)
w(2,7,12,74,74)
r(72,0,12,75,75)
r(56,1,12,76,76)
r(23,0,12,77,77)
r(28,1,12,78,78)
r(6,5,12,79,79)
r(0,26,12,80,80)
r(4,5,12,81,81)
r(14,1,12,82,82)
r(18,1,12,83,83)
r(76,0,12,84,84)
r(85,1,12,85,85)
r(9,2,12,86,86)
r(12,3,12,87,87)
r(16,1,12,88,88)
r(16,1,12,89,89)
r(7,4,12,90,90)
r(10,4,12,91,91)
r(6,5,12,92,92)
r(0,26,12,93,93)
r(0,26,12,94,94)
w(47,3,12,95,95)
r(23,0,12,96,96)
r(0,26,12,97,97)
r(3,5,12,98,98)
r(29,1,12,99,99)
r(58,0,13,0,0)
r(53,1,13,1,1)
w(0,27,13,2,2)
r(24,1,13,3,3)
r(7,4,13,4,4)
r(1,12,13,5,5)
r(5,7,13,6,6)
r(42,0,13,7,7)
w(22,3,13,8,8)
r(65,0,13,9,9)
r(23,0,13,10,10)
r(0,27,13,11,11)
r(57,1,13,12,12)
r(1,12,13,13,13)
r(4,5,13,14,14)
r(46,0,13,15,15)
r(3,5,13,16,16)
w(5,8,13,17,17)
r(1,12,13,18,18)
r(0,27,13,19,19)
r(6,5,13,20,20)
r(8,3,13,21,21)
r(60,0,13,22,22)
r(40,1,13,23,23)
r(1,12,13,24,24)
r(16,1,13,25,25)
r(12,3,13,26,26)
r(65,0,13,27,27)
r(3,5,13,28,28)
r(3,5,13,29,29)
r(1,12,13,30,30)
r(82,0,13,31,31)
r(17,2,13,32,32)
r(10,4,13,33,33)
r(0,27,13,34,34)
r(3,5,13,35,35)
r(10,4,13,36,36)
r(9,2,13,37,37)
r(1,12,13,38,38)
r(28,1,13,39,39)
w(11,3,13,40,40)
r(1,12,13,41,41)
r(3,5,13,42,42)
r(0,27,13,43,43)
r(9,2,13,44,44)
r(94,0,13,45,45)
r(0,27,13,46,46)
r(6,5,13,47,47)
r(5,8,13,48,48)
w(7,5,13,49,49)
r(74,0,13,50,50)
r(38,0,13,51,51)
r(5,8,13,52,52)
r(5,8,13,53,53)
r(10,4,13,54,54)
r(2,7,13,55,55)
r(58,0,13,56,56)
r(1,12,13,57,57)
r(36,1,13,58,58)
r(12,3,13,59,59)
r(0,27,13,60,60)
r(70,0,13,61,61)
r(25,2,13,62,62)
w(61,1,13,63,63)
r(1,12,13,64,64)
r(4,5,13,65,65)
r(0,27,13,66,66)
r(89,1,13,67,67)
r(2,7,13,68,68)
r(0,27,13,69,69)
r(5,8,13,70,70)
r(92,0,13,71,71)
r(13,4,13,72,72)
r(61,1,13,73,73)
r(0,27,13,74,74)
r(10,4,13,75,75)
r(23,0,13,76,76)
r(6,5,13,77,77)
r(4,5,13,78,78)
r(63,0,13,79,79)
r(6,5,13,80,80)
w(52,1,13,81,81)
r(0,27,13,82,82)
r(2,7,13,83,83)
r(61,1,13,84,84)
r(12,3,13,85,85)
r(40,1,13,86,86)
r(4,5,13,87,87)
w(9,3,13,88,88)
r(0,27,13,89,89)
r(94,0,13,90,90)
r(4,5,13,91,91)
r(22,3,13,92,92)
r(22,3,13,93,93)
r(1,12,13,94,94)
r(86,2,13,95,95)
r(97,0,13,96,96)
r(27,0,13,97,97)
r(2,7,13,98,98)
r(18,1,13,99,99)
r(40,1,14,0,0)
r(0,27,14,1,1)
r(53,1,14,2,2)
r(5,8,14,3,3)
r(5,8,14,4,4)
r(1,12,14,5,5)
r(2,7,14,6,6)
r(42,0,14,7,7)
r(63,0,14,8,8)
r(0,27,14,9,9)
r(52,1,14,10,10)
r(15,0,14,11,11)
w(2,8,14,12,12)
w(17,3,14,13,13)
r(0,27,14,14,14)
r(19,1,14,15,15)
r(0,27,14,16,16)
r(54,1,14,17,17)
r(13,4,14,18,18)
r(0,27,14,19,19)
r(59,0,14,20,20)
r(5,8,14,21,21)
r(0,27,14,22,22)
r(10,4,14,23,23)
r(50,3,14,24,24)
r(3,5,14,25,25)
r(0,27,14,26,26)
r(86,2,14,27,27)
r(2,8,14,28,28)
r(7,5,14,29,29)
r(1,12,14,30,30)
r(0,27,14,31,31)
r(94,0,14,32,32)
r(14,1,14,33,33)
r(21,0,14,34,34)
r(18,1,14,35,35)
r(0,27,14,36,36)
r(72,0,14,37,37)
r(3,5,14,38,38)
r(11,3,14,39,39)
r(5,8,14,40,40)
r(3,5,14,41,41)
r(39,1,14,42,42)
r(6,5,14,43,43)
r(24,1,14,44,44)
r(9,3,14,45,45)
r(1,12,14,46,46)
r(31,0,14,47,47)
r(0,27,14,48,48)
r(4,5,14,49,49)
r(28,1,14,50,50)
r(5,8,14,51,51)
r(0,27,14,52,52)
r(0,27,14,53,53)
r(3,5,14,54,54)
r(37,1,14,55,55)
r(43,0,14,56,56)
w(78,2,14,57,57)
r(0,27,14,58,58)
r(77,0,14,59,59)
r(20,0,14,60,60)
r(12,3,14,61,61)
r(0,27,14,62,62)
r(0,27,14,63,63)
r(6,5,14,64,64)
r(3,5,14,65,65)
r(7,5,14,66,66)
r(0,27,14,67,67)
r(84,0,14,68,68)
w(17,4,14,69,69)
r(8,3,14,70,70)
r(1,12,14,71,71)
r(45,2,14,72,72)
r(64,1,14,73,73)
r(65,0,14,74,74)
r(10,4,14,75,75)
r(78,2,14,76,76)
r(1,12,14,77,77)
r(5,8,14,78,78)
r(7,5,14,79,79)
r(1,12,14,80,80)
r(1,12,14,81,81)
r(5,8,14,82,82)
r(8,3,14,83,83)
r(60,0,14,84,84)
r(2,8,14,85,85)
r(1,12,14,86,86)
r(5,8,14,87,87)
w(1,13,14,88,88)
r(53,1,14,89,89)
r(5,8,14,90,90)
r(20,0,14,91,91)
r(1,13,14,92,92)
r(5,8,14,93,93)
r(1,13,14,94,94)
r(2,8,14,95,95)
r(1,13,14,96,96)
r(61,1,14,97,97)
r(10,4,14,98,98)
r(25,2,14,99,99)
r(16,1,15,0,0)
r(60,0,15,1,1)
r(2,8,15,2,2)
r(0,27,15,3,3)
r(7,5,15,4,4)
r(16,1,15,5,5)
r(2,8,15,6,6)
r(0,27,15,7,7)
r(23,0,15,8,8)
r(67,1,15,9,9)
r(0,27,15,10,10)
r(0,27,15,11,11)
r(13,4,15,12,12)
r(5,8,15,13,13)
w(0,28,15,14,14)
w(0,29,15,15,15)
r(0,29,15,16,16)
r(72,0,15,17,17)
r(1,13,15,18,18)
r(55,0,15,19,19)
r(0,29,15,20,20)
w(0,30,15,21,21)
r(3,5,15,22,22)
r(36,1,15,23,23)
w(6,6,15,24,24)
w(8,4,15,25,25)
r(16,1,15,26,26)
w(3,6,15,27,27)
r(0,30,15,28,28)
r(5,8,15,29,29)
w(90,1,15,30,30)
r(20,0,15,31,31)
r(14,1,15,32,32)
r(1,13,15,33,33)
r(85,1,15,34,34)
r(1,13,15,35,35)
r(6,6,15,36,36)
r(0,30,15,37,37)
r(15,0,15,38,38)
r(2,8,15,39,39)
r(0,30,15,40,40)
r(30,1,15,41,41)
r(0,30,15,42,42)
r(1,13,15,43,43)
r(1,13,15,44,44)
r(25,2,15,45,45)
r(0,30,15,46,46)
r(52,1,15,47,47)
r(86,2,15,48,48)
r(3,6,15,49,49)
r(25,2,15,50,50)
r(7,5,15,51,51)
r(0,30,15,52,52)
r(0,30,15,53,53)
r(15,0,15,54,54)
r(60,0,15,55,55)
w(30,2,15,56,56)
r(2,8,15,57,57)
w(16,2,15,58,58)
r(62,0,15,59,59)
r(29,1,15,60,60)
r(32,0,15,61,61)
r(6,6,15,62,62)
w(6,7,15,63,63)
r(2,8,15,64,64)
r(35,2,15,65,65)
r(1,13,15,66,66)
r(99,0,15,67,67)
r(0,30,15,68,68)
r(4,5,15,69,69)
r(21,0,15,70,70)
r(83,0,15,71,71)
r(20,0,15,72,72)
r(5,8,15,73,73)
r(0,30,15,74,74)
r(34,0,15,75,75)
r(83,0,15,76,76)
r(0,30,15,77,77)
r(40,1,15,78,78)
r(53,1,15,79,79)
r(0,30,15,80,80)
r(0,30,15,81,81)
r(22,3,15,82,82)
r(0,30,15,83,83)
r(48,1,15,84,84)
r(4,5,15,85,85)
r(0,30,15,86,86)
r(10,4,15,87,87)
r(2,8,15,88,88)
r(0,30,15,89,89)
r(0,30,15,90,90)
r(8,4,15,91,91)
r(75,2,15,92,92)
r(1,13,15,93,93)
r(39,1,15,94,94)
r(3,6,15,95,95)
r(16,2,15,96,96)
r(7,5,15,97,97)
r(0,30,15,98,98)
r(0,30,15,99,99)
r(1,13,16,0,0)
r(4,5,16,1,1)
w(0,31,16,2,2)
r(81,0,16,3,3)
r(2,8,16,4,4)
r(39,1,16,5,5)
r(20,0,16,6,6)
r(0,31,16,7,7)
r(41,0,16,8,8)
r(52,1,16,9,9)
r(0,31,16,10,10)
r(2,8,16,11,11)
r(0,31,16,12,12)
r(5,8,16,13,13)
r(18,1,16,14,14)
r(0,31,16,15,15)
r(3,6,16,16,16)
r(1,13,16,17,17)
w(4,6,16,18,18)
w(14,2,16,19,19)
r(19,1,16,20,20)
r(1,13,16,21,21)
r(51,1,16,22,22)
r(1,13,16,23,23)
r(39,1,16,24,24)
r(16,2,16,25,25)
r(0,31,16,26,26)
r(0,31,16,27,27)
r(11,3,16,28,28)
r(50,3,16,29,29)
r(2,8,16,30,30)
w(26,2,16,31,31)
r(9,3,16,32,32)
r(2,8,16,33,33)
r(6,7,16,34,34)
r(98,0,16,35,35)
r(13,4,16,36,36)
r(8,4,16,37,37)
r(75,2,16,38,38)
r(18,1,16,39,39)
r(1,13,16,40,40)
r(0,31,16,41,41)
r(6,7,16,42,42)
r(5,8,16,43,43)
r(16,2,16,44,44)
r(82,0,16,45,45)
r(1,13,16,46,46)
r(42,0,16,47,47)
r(1,13,16,48,48)
r(0,31,16,49,49)
r(1,13,16,50,50)
r(22,3,16,51,51)
r(1,13,16,52,52)
r(0,31,16,53,53)
r(6,7,16,54,54)
w(87,2,16,55,55)
r(8,4,16,56,56)
w(6,8,16,57,57)
r(15,0,16,58,58)
r(7,5,16,59,59)
r(1,13,16,60,60)
w(2,9,16,61,61)
r(4,6,16,62,62)
r(34,0,16,63,63)
r(1,13,16,64,64)
r(0,31,16,65,65)
r(1,13,16,66,66)
r(2,9,16,67,67)
r(2,9,16,68,68)
r(2,9,16,69,69)
r(19,1,16,70,70)
r(42,0,16,71,71)
r(0,31,16,72,72)
r(6,8,16,73,73)
r(5,8,16,74,74)
w(8,5,16,75,75)
r(1,13,16,76,76)
w(1,14,16,77,77)
r(0,31,16,78,78)
r(6,8,16,79,79)
r(2,9,16,80,80)
w(16,3,16,81,81)
w(1,15,16,82,82)
r(0,31,16,83,83)
w(3,7,16,84,84)
r(29,1,16,85,85)
r(1,15,16,86,86)
r(84,0,16,87,87)
r(28,1,16,88,88)
r(70,0,16,89,89)
r(52,1,16,90,90)
r(4,6,16,91,91)
r(14,2,16,92,92)
w(0,32,16,93,93)
r(14,2,16,94,94)
r(1,15,16,95,95)
r(20,0,16,96,96)
r(83,0,16,97,97)
w(3,8,16,98,98)
r(0,32,16,99,99)
r(0,32,17,0,0)
r(11,3,17,1,1)
w(25,3,17,2,2)
r(5,8,17,3,3)
r(10,4,17,4,4)
r(3,8,17,5,5)
r(0,32,17,6,6)
r(6,8,17,7,7)
r(0,32,17,8,8)
r(0,32,17,9,9)
r(11,3,17,10,10)
r(10,4,17,11,11)
r(76,0,17,12,12)
r(76,0,17,13,13)
r(1,15,17,14,14)
r(0,32,17,15,15)
r(41,0,17,16,16)
r(57,1,17,17,17)
r(2,9,17,18,18)
w(30,3,17,19,19)
r(28,1,17,20,20)
r(19,1,17,21,21)
r(77,0,17,22,22)
r(6,8,17,23,23)
r(6,8,17,24,24)
r(0,32,17,25,25)
r(1,15,17,26,26)
r(0,32,17,27,27)
r(6,8,17,28,28)
r(5,8,17,29,29)
r(33,1,17,30,30)
r(13,4,17,31,31)
r(13,4,17,32,32)
r(1,15,17,33,33)
w(16,4,17,34,34)
r(1,15,17,35,35)
r(4,6,17,36,36)
r(14,2,17,37,37)
r(1,15,17,38,38)
r(35,2,17,39,39)
r(13,4,17,40,40)
r(5,8,17,41,41)
w(5,9,17,42,42)
r(1,15,17,43,43)
r(5,9,17,44,44)
r(0,32,17,45,45)
r(43,0,17,46,46)
r(19,1,17,47,47)
r(62,0,17,48,48)
r(0,32,17,49,49)
r(7,5,17,50,50)
r(65,0,17,51,51)
r(29,1,17,52,52)
r(4,6,17,53,53)
r(73,2,17,54,54)
w(40,2,17,55,55)
r(0,32,17,56,56)
r(6,8,17,57,57)
r(0,32,17,58,58)
r(14,2,17,59,59)
w(9,4,17,60,60)
r(4,6,17,61,61)
r(0,32,17,62,62)
r(4,6,17,63,63)
r(51,1,17,64,64)
r(2,9,17,65,65)
r(47,3,17,66,66)
r(0,32,17,67,67)
r(83,0,17,68,68)
r(9,4,17,69,69)
r(1,15,17,70,70)
r(7,5,17,71,71)
r(2,9,17,72,72)
r(10,4,17,73,73)
r(43,0,17,74,74)
r(4,6,17,75,75)
r(27,0,17,76,76)
r(4,6,17,77,77)
r(0,32,17,78,78)
r(7,5,17,79,79)
w(60,1,17,80,80)
r(0,32,17,81,81)
r(8,5,17,82,82)
w(46,1,17,83,83)
r(1,15,17,84,84)
r(0,32,17,85,85)
r(21,0,17,86,86)
r(0,32,17,87,87)
r(2,9,17,88,88)
r(49,0,17,89,89)
w(49,1,17,90,90)
r(4,6,17,91,91)
r(12,3,17,92,92)
r(1,15,17,93,93)
r(6,8,17,94,94)
r(0,32,17,95,95)
w(0,33,17,96,96)
r(0,33,17,97,97)
w(5,10,17,98,98)
r(21,0,17,99,99)
w(1,16,18,0,0)
r(0,33,18,1,1)
r(57,1,18,2,2)
r(4,6,18,3,3)
r(13,4,18,4,4)
r(0,33,18,5,5)
r(24,1,18,6,6)
r(4,6,18,7,7)
r(47,3,18,8,8)
r(0,33,18,9,9)
r(7,5,18,10,10)
w(31,1,18,11,11)
r(0,33,18,12,12)
r(35,2,18,13,13)
r(1,16,18,14,14)
r(9,4,18,15,15)
r(41,0,18,16,16)
r(4,6,18,17,17)
r(30,3,18,18,18)
r(0,33,18,19,19)
r(7,5,18,20,20)
r(0,33,18,21,21)
r(1,16,18,22,22)
r(0,33,18,23,23)
r(31,1,18,24,24)
r(1,16,18,25,25)
r(32,0,18,26,26)
r(45,2,18,27,27)
r(5,10,18,28,28)
r(3,8,18,29,29)
r(26,2,18,30,30)
w(2,10,18,31,31)
r(40,2,18,32,32)
r(2,10,18,33,33)
r(0,33,18,34,34)
r(0,33,18,35,35)
r(6,8,18,36,36)
r(23,0,18,37,37)
r(65,0,18,38,38)
r(17,4,18,39,39)
r(9,4,18,40,40)
r(5,10,18,41,41)
r(82,0,18,42,42)
r(2,10,18,43,43)
r(8,5,18,44,44)
r(50,3,18,45,45)
r(0,33,18,46,46)
r(3,8,18,47,47)
r(92,0,18,48,48)
r(2,10,18,49,49)
r(5,10,18,50,50)
r(25,3,18,51,51)
r(14,2,18,52,52)
r(0,33,18,53,53)
r(2,10,18,54,54)
r(1,16,18,55,55)
r(17,4,18,56,56)
r(0,33,18,57,57)
r(44,1,18,58,58)
w(0,34,18,59,59)
r(25,3,18,60,60)
r(3,8,18,61,61)
r(15,0,18,62,62)
r(2,10,18,63,63)
r(2,10,18,64,64)
r(16,4,18,65,65)
r(83,0,18,66,66)
r(1,16,18,67,67)
r(1,16,18,68,68)
r(0,34,18,69,69)
r(2,10,18,70,70)
r(4,6,18,71,71)
r(67,1,18,72,72)
r(0,34,18,73,73)
r(1,16,18,74,74)
r(20,0,18,75,75)
r(6,8,18,76,76)
r(12,3,18,77,77)
r(11,3,18,78,78)
r(86,2,18,79,79)
r(1,16,18,80,80)
r(69,1,18,81,81)
w(96,1,18,82,82)
r(7,5,18,83,83)
r(0,34,18,84,84)
r(0,34,18,85,85)
r(3,8,18,86,86)
w(3,9,18,87,87)
w(33,2,18,88,88)
r(1,16,18,89,89)
r(0,34,18,90,90)
r(3,9,18,91,91)
r(0,34,18,92,92)
r(0,34,18,93,93)
r(16,4,18,94,94)
r(2,10,18,95,95)
r(15,0,18,96,96)
r(23,0,18,97,97)
r(42,0,18,98,98)
r(5,10,18,99,99)
r(0,34,19,0,0)
r(2,10,19,1,1)
r(5,10,19,2,2)
w(12,4,19,3,3)
w(21,1,19,4,4)
r(62,0,19,5,5)
w(29,2,19,6,6)
r(7,5,19,7,7)
r(6,8,19,8,8)
r(1,16,19,9,9)
r(4,6,19,10,10)
r(35,2,19,11,11)
r(33,2,19,12,12)
w(60,2,19,13,13)
r(39,1,19,14,14)
r(3,9,19,15,15)
r(14,2,19,16,16)
r(24,1,19,17,17)
r(85,1,19,18,18)
r(3,9,19,19,19)
r(4,6,19,20,20)
r(7,5,19,21,21)
r(10,4,19,22,22)
r(10,4,19,23,23)
w(7,6,19,24,24)
r(28,1,19,25,25)
r(33,2,19,26,26)
r(0,34,19,27,27)
r(1,16,19,28,28)
r(91,2,19,29,29)
r(26,2,19,30,30)
r(0,34,19,31,31)
r(21,1,19,32,32)
r(3,9,19,33,33)
r(3,9,19,34,34)
w(78,3,19,35,35)
w(0,35,19,36,36)
r(0,35,19,37,37)
r(0,35,19,38,38)
r(34,0,19,39,39)
r(48,1,19,40,40)
r(6,8,19,41,41)
w(2,11,19,42,42)
r(6,8,19,43,43)
r(15,0,19,44,44)
r(0,35,19,45,45)
r(0,35,19,46,46)
w(2,12,19,47,47)
r(33,2,19,48,48)
r(0,35,19,49,49)
r(0,35,19,50,50)
r(2,12,19,51,51)
r(10,4,19,52,52)
r(5,10,19,53,53)
r(0,35,19,54,54)
r(3,9,19,55,55)
r(2,12,19,56,56)
r(6,8,19,57,57)
r(9,4,19,58,58)
r(18,1,19,59,59)
r(5,10,19,60,60)
r(2,12,19,61,61)
r(2,12,19,62,62)
r(2,12,19,63,63)
r(0,35,19,64,64)
r(2,12,19,65,65)
r(5,10,19,66,66)
r(0,35,19,67,67)
r(0,35,19,68,68)
r(18,1,19,69,69)
r(14,2,19,70,70)
r(4,6,19,71,71)
r(50,3,19,72,72)
r(55,0,19,73,73)
r(2,12,19,74,74)
r(20,0,19,75,75)
r(13,4,19,76,76)
r(3,9,19,77,77)
r(0,35,19,78,78)
r(86,2,19,79,79)
r(4,6,19,80,80)
r(0,35,19,81,81)
r(70,0,19,82,82)
r(1,16,19,83,83)
r(0,35,19,84,84)
r(8,5,19,85,85)
r(17,4,19,86,86)
r(1,16,19,87,87)
r(0,35,19,88,88)
r(1,16,19,89,89)
r(19,1,19,90,90)
r(22,3,19,91,91)
r(0,35,19,92,92)
r(0,35,19,93,93)
r(10,4,19,94,94)
r(82,0,19,95,95)
r(56,1,19,96,96)
r(14,2,19,97,97)
r(11,3,19,98,98)
r(5,10,19,99,99)
r(0,35,20,0,0)
r(0,35,20,1,1)
r(12,4,20,2,2)
r(71,0,20,3,3)
r(16,4,20,4,4)
w(57,2,20,5,5)
r(49,1,20,6,6)
r(22,3,20,7,7)
r(2,12,20,8,8)
r(61,1,20,9,9)
r(3,9,20,10,10)
r(20,0,20,11,11)
w(24,2,20,12,12)
r(1,16,20,13,13)
r(1,16,20,14,14)
r(62,0,20,15,15)
r(29,2,20,16,16)
r(29,2,20,17,17)
r(0,35,20,18,18)
r(1,16,20,19,19)
r(2,12,20,20,20)
r(12,4,20,21,21)
r(77,0,20,22,22)
r(27,0,20,23,23)
r(1,16,20,24,24)
r(1,16,20,25,25)
r(22,3,20,26,26)
r(55,0,20,27,27)
r(32,0,20,28,28)
r(1,16,20,29,29)
r(2,12,20,30,30)
r(5,10,20,31,31)
r(6,8,20,32,32)
w(2,13,20,33,33)
r(67,1,20,34,34)
w(1,17,20,35,35)
r(34,0,20,36,36)
r(12,4,20,37,37)
r(5,10,20,38,38)
r(3,9,20,39,39)
r(89,1,20,40,40)
r(6,8,20,41,41)
r(0,35,20,42,42)
w(0,36,20,43,43)
r(2,13,20,44,44)
w(18,2,20,45,45)
w(0,37,20,46,46)
r(0,37,20,47,47)
r(0,37,20,48,48)
r(9,4,20,49,49)
r(1,17,20,50,50)
r(75,2,20,51,51)
r(16,4,20,52,52)
r(2,13,20,53,53)
r(44,1,20,54,54)
r(71,0,20,55,55)
r(3,9,20,56,56)
r(1,17,20,57,57)
r(0,37,20,58,58)
r(1,17,20,59,59)
r(4,6,20,60,60)
r(60,2,20,61,61)
r(11,3,20,62,62)
w(11,4,20,63,63)
r(30,3,20,64,64)
r(0,37,20,65,65)
r(1,17,20,66,66)
r(0,37,20,67,67)
r(17,4,20,68,68)
r(41,0,20,69,69)
r(4,6,20,70,70)
r(0,37,20,71,71)
r(27,0,20,72,72)
r(3,9,20,73,73)
r(3,9,20,74,74)
r(2,13,20,75,75)
r(0,37,20,76,76)
r(1,17,20,77,77)
r(79,2,20,78,78)
r(0,37,20,79,79)
r(36,1,20,80,80)
r(9,4,20,81,81)
r(7,6,20,82,82)
r(65,0,20,83,83)
r(4,6,20,84,84)
r(7,6,20,85,85)
r(3,9,20,86,86)
w(5,11,20,87,87)
r(43,0,20,88,88)
r(70,0,20,89,89)
r(48,1,20,90,90)
r(7,6,20,91,91)
r(1,17,20,92,92)
r(2,13,20,93,93)
r(1,17,20,94,94)
w(9,5,20,95,95)
w(1,18,20,96,96)
r(1,18,20,97,97)
r(10,4,20,98,98)
r(1,18,20,99,99)
r(0,37,21,0,0)
r(23,0,21,1,1)
r(0,37,21,2,2)
r(4,6,21,3,3)
w(11,5,21,4,4)
r(15,0,21,5,5)
r(16,4,21,6,6)
r(17,4,21,7,7)
r(18,2,21,8,8)
w(0,38,21,9,9)
r(90,1,21,10,10)
r(10,4,21,11,11)
r(9,5,21,12,12)
r(14,2,21,13,13)
r(2,13,21,14,14)
r(0,38,21,15,15)
r(9,5,21,16,16)
r(20,0,21,17,17)
w(3,10,21,18,18)
w(86,3,21,19,19)
w(2,14,21,20,20)
r(33,2,21,21,21)
r(75,2,21,22,22)
r(6,8,21,23,23)
r(11,5,21,24,24)
w(2,15,21,25,25)
r(78,3,21,26,26)
r(3,10,21,27,27)
r(2,15,21,28,28)
r(2,15,21,29,29)
w(60,3,21,30,30)
r(33,2,21,31,31)
r(0,38,21,32,32)
r(32,0,21,33,33)
w(3,11,21,34,34)
r(83,0,21,35,35)
r(0,38,21,36,36)
r(37,1,21,37,37)
r(0,38,21,38,38)
r(98,0,21,39,39)
r(0,38,21,40,40)
r(2,15,21,41,41)
r(2,15,21,42,42)
r(37,1,21,43,43)
r(45,2,21,44,44)
r(7,6,21,45,45)
r(0,38,21,46,46)
r(0,38,21,47,47)
r(24,2,21,48,48)
r(2,15,21,49,49)
r(21,1,21,50,50)
r(30,3,21,51,51)
r(4,6,21,52,52)
r(2,15,21,53,53)
r(14,2,21,54,54)
r(26,2,21,55,55)
r(12,4,21,56,56)
r(0,38,21,57,57)
r(4,6,21,58,58)
r(3,11,21,59,59)
r(0,38,21,60,60)
w(77,1,21,61,61)
r(47,3,21,62,62)
r(2,15,21,63,63)
r(3,11,21,64,64)
r(71,0,21,65,65)
r(0,38,21,66,66)
r(7,6,21,67,67)
r(12,4,21,68,68)
w(8,6,21,69,69)
r(0,38,21,70,70)
r(3,11,21,71,71)
r(0,38,21,72,72)
r(9,5,21,73,73)
w(84,1,21,74,74)
r(0,38,21,75,75)
r(21,1,21,76,76)
r(0,38,21,77,77)
r(0,38,21,78,78)
r(27,0,21,79,79)
w(6,9,21,80,80)
r(4,6,21,81,81)
r(6,9,21,82,82)
r(12,4,21,83,83)
r(0,38,21,84,84)
r(1,18,21,85,85)
r(3,11,21,86,86)
r(11,5,21,87,87)
r(1,18,21,88,88)
r(23,0,21,89,89)
r(0,38,21,90,90)
r(7,6,21,91,91)
r(24,2,21,92,92)
w(16,5,21,93,93)
r(3,11,21,94,94)
r(0,38,21,95,95)
r(0,38,21,96,96)
r(1,18,21,97,97)
r(2,15,21,98,98)
r(9,5,21,99,99)
r(7,6,22,0,0)
w(77,2,22,1,1)
r(39,1,22,2,2)
r(51,1,22,3,3)
r(5,11,22,4,4)
w(1,19,22,5,5)
r(56,1,22,6,6)
r(0,38,22,7,7)
r(36,1,22,8,8)
r(0,38,22,9,9)
r(20,0,22,10,10)
r(11,5,22,11,11)
r(3,11,22,12,12)
r(8,6,22,13,13)
r(0,38,22,14,14)
r(4,6,22,15,15)
r(6,9,22,16,16)
r(1,19,22,17,17)
r(0,38,22,18,18)
r(18,2,22,19,19)
r(3,11,22,20,20)
r(28,1,22,21,21)
r(25,3,22,22,22)
r(17,4,22,23,23)
r(33,2,22,24,24)
r(0,38,22,25,25)
r(13,4,22,26,26)
r(3,11,22,27,27)
r(33,2,22,28,28)
r(16,5,22,29,29)
r(19,1,22,30,30)
r(0,38,22,31,31)
r(17,4,22,32,32)
r(7,6,22,33,33)
r(17,4,22,34,34)
r(23,0,22,35,35)
w(30,4,22,36,36)
r(1,19,22,37,37)
r(10,4,22,38,38)
w(26,3,22,39,39)
r(21,1,22,40,40)
r(38,0,22,41,41)
r(1,19,22,42,42)
r(6,9,22,43,43)
r(59,0,22,44,44)
r(2,15,22,45,45)
r(6,9,22,46,46)
r(1,19,22,47,47)
w(45,3,22,48,48)
r(9,5,22,49,49)
w(5,12,22,50,50)
r(2,15,22,51,51)
r(74,0,22,52,52)
r(6,9,22,53,53)
r(41,0,22,54,54)
r(2,15,22,55,55)
r(0,38,22,56,56)
r(0,38,22,57,57)
r(16,5,22,58,58)
r(45,3,22,59,59)
r(26,3,22,60,60)
r(3,11,22,61,61)
r(2,15,22,62,62)
r(9,5,22,63,63)
r(2,15,22,64,64)
r(44,1,22,65,65)
r(3,11,22,66,66)
r(0,38,22,67,67)
r(47,3,22,68,68)
r(8,6,22,69,69)
r(13,4,22,70,70)
r(38,0,22,71,71)
r(15,0,22,72,72)
r(81,0,22,73,73)
r(71,0,22,74,74)
r(21,1,22,75,75)
r(12,4,22,76,76)
r(3,11,22,77,77)
r(2,15,22,78,78)
r(6,9,22,79,79)
r(0,38,22,80,80)
r(10,4,22,81,81)
r(85,1,22,82,82)
r(2,15,22,83,83)
r(2,15,22,84,84)
r(16,5,22,85,85)
r(0,38,22,86,86)
r(2,15,22,87,87)
r(46,1,22,88,88)
r(34,0,22,89,89)
r(8,6,22,90,90)
r(90,1,22,91,91)
r(18,2,22,92,92)
r(27,0,22,93,93)
w(0,39,22,94,94)
r(25,3,22,95,95)
r(95,0,22,96,96)
w(59,1,22,97,97)
r(7,6,22,98,98)
r(0,39,22,99,99)
w(54,2,23,0,0)
r(99,0,23,1,1)
r(40,2,23,2,2)
r(2,15,23,3,3)
r(1,19,23,4,4)
r(43,0,23,5,5)
r(35,2,23,6,6)
r(42,0,23,7,7)
r(0,39,23,8,8)
r(33,2,23,9,9)
r(4,6,23,10,10)
r(5,12,23,11,11)
r(75,2,23,12,12)
w(0,40,23,13,13)
r(58,0,23,14,14)
w(65,1,23,15,15)
r(12,4,23,16,16)
r(0,40,23,17,17)
r(0,40,23,18,18)
r(79,2,23,19,19)
r(89,1,23,20,20)
r(32,0,23,21,21)
r(1,19,23,22,22)
r(4,6,23,23,23)
r(0,40,23,24,24)
r(63,0,23,25,25)
r(7,6,23,26,26)
r(22,3,23,27,27)
r(0,40,23,28,28)
r(7,6,23,29,29)
r(12,4,23,30,30)
r(50,3,23,31,31)
r(6,9,23,32,32)
r(0,40,23,33,33)
r(0,40,23,34,34)
r(0,40,23,35,35)
r(47,3,23,36,36)
r(7,6,23,37,37)
r(4,6,23,38,38)
r(0,40,23,39,39)
r(9,5,23,40,40)
r(61,1,23,41,41)
r(71,0,23,42,42)
r(76,0,23,43,43)
r(22,3,23,44,44)
w(2,16,23,45,45)
r(12,4,23,46,46)
r(0,40,23,47,47)
w(1,20,23,48,48)
r(3,11,23,49,49)
r(2,16,23,50,50)
r(9,5,23,51,51)
r(17,4,23,52,52)
r(0,40,23,53,53)
r(0,40,23,54,54)
w(1,21,23,55,55)
r(11,5,23,56,56)
r(10,4,23,57,57)
r(4,6,23,58,58)
r(28,1,23,59,59)
r(0,40,23,60,60)
r(57,2,23,61,61)
r(42,0,23,62,62)
r(14,2,23,63,63)
r(37,1,23,64,64)
r(3,11,23,65,65)
w(65,2,23,66,66)
r(4,6,23,67,67)
r(0,40,23,68,68)
r(6,9,23,69,69)
r(10,4,23,70,70)
r(0,40,23,71,71)
r(23,0,23,72,72)
r(16,5,23,73,73)
r(0,40,23,74,74)
w(37,2,23,75,75)
r(9,5,23,76,76)
r(61,1,23,77,77)
r(1,21,23,78,78)
r(3,11,23,79,79)
r(91,2,23,80,80)
r(14,2,23,81,81)
r(16,5,23,82,82)
r(0,40,23,83,83)
r(66,0,23,84,84)
r(1,21,23,85,85)
r(4,6,23,86,86)
r(1,21,23,87,87)
r(5,12,23,88,88)
r(26,3,23,89,89)
r(14,2,23,90,90)
r(31,1,23,91,91)
r(0,40,23,92,92)
r(20,0,23,93,93)
w(28,2,23,94,94)
r(39,1,23,95,95)
r(17,4,23,96,96)
r(8,6,23,97,97)
r(0,40,23,98,98)
r(1,21,23,99,99)
r(1,21,24,0,0)
r(0,40,24,1,1)
r(31,1,24,2,2)
w(17,5,24,3,3)
r(14,2,24,4,4)
r(3,11,24,5,5)
r(13,4,24,6,6)
r(6,9,24,7,7)
r(27,0,24,8,8)
r(1,21,24,9,9)
r(5,12,24,10,10)
r(1,21,24,11,11)
r(1,21,24,12,12)
r(25,3,24,13,13)
r(6,9,24,14,14)
r(5,12,24,15,15)
r(30,4,24,16,16)
r(74,0,24,17,17)
r(99,0,24,18,18)
r(0,40,24,19,19)
r(54,2,24,20,20)
w(31,2,24,21,21)
r(0,40,24,22,22)
r(6,9,24,23,23)
r(88,0,24,24,24)
r(0,40,24,25,25)
r(55,0,24,26,26)
r(6,9,24,27,27)
r(16,5,24,28,28)
r(23,0,24,29,29)
r(0,40,24,30,30)
r(0,40,24,31,31)
r(0,40,24,32,32)
r(0,40,24,33,33)
r(57,2,24,34,34)
r(4,6,24,35,35)
r(13,4,24,36,36)
r(54,2,24,37,37)
r(75,2,24,38,38)
r(53,1,24,39,39)
r(87,2,24,40,40)
w(0,41,24,41,41)
r(62,0,24,42,42)
w(10,5,24,43,43)
r(41,0,24,44,44)
r(0,41,24,45,45)
w(1,22,24,46,46)
r(20,0,24,47,47)
r(76,0,24,48,48)
r(4,6,24,49,49)
r(67,1,24,50,50)
r(23,0,24,51,51)
r(42,0,24,52,52)
r(21,1,24,53,53)
w(20,1,24,54,54)
r(5,12,24,55,55)
r(68,1,24,56,56)
r(3,11,24,57,57)
r(1,22,24,58,58)
w(34,1,24,59,59)
r(33,2,24,60,60)
w(14,3,24,61,61)
r(5,12,24,62,62)
r(23,0,24,63,63)
r(41,0,24,64,64)
r(2,16,24,65,65)
r(0,41,24,66,66)
r(0,41,24,67,67)
r(3,11,24,68,68)
r(17,5,24,69,69)
r(0,41,24,70,70)
r(28,2,24,71,71)
r(1,22,24,72,72)
r(2,16,24,73,73)
r(2,16,24,74,74)
r(11,5,24,75,75)
r(4,6,24,76,76)
r(1,22,24,77,77)
r(36,1,24,78,78)
r(1,22,24,79,79)
r(0,41,24,80,80)
r(1,22,24,81,81)
r(2,16,24,82,82)
r(9,5,24,83,83)
r(6,9,24,84,84)
r(7,6,24,85,85)
r(38,0,24,86,86)
r(4,6,24,87,87)
r(20,1,24,88,88)
r(13,4,24,89,89)
r(97,0,24,90,90)
r(72,0,24,91,91)
r(19,1,24,92,92)
w(36,2,24,93,93)
r(29,2,24,94,94)
r(95,0,24,95,95)
r(0,41,24,96,96)
r(1,22,24,97,97)
w(10,6,24,98,98)
r(0,41,24,99,99)
w(2,17,25,0,0)
r(15,0,25,1,1)
r(94,0,25,2,2)
r(18,2,25,3,3)
r(80,0,25,4,4)
w(43,1,25,5,5)
w(37,3,25,6,6)
r(34,1,25,7,7)
r(0,41,25,8,8)
r(32,0,25,9,9)
w(41,1,25,10,10)
r(49,1,25,11,11)
r(4,6,25,12,12)
r(19,1,25,13,13)
r(0,41,25,14,14)
r(47,3,25,15,15)
r(4,6,25,16,16)
r(12,4,25,17,17)
r(12,4,25,18,18)
r(47,3,25,19,19)
r(6,9,25,20,20)
r(35,2,25,21,21)
r(0,41,25,22,22)
r(5,12,25,23,23)
r(11,5,25,24,24)
r(39,1,25,25,25)
r(48,1,25,26,26)
r(0,41,25,27,27)
r(70,0,25,28,28)
r(99,0,25,29,29)
r(3,11,25,30,30)
r(51,1,25,31,31)
r(16,5,25,32,32)
r(2,17,25,33,33)
r(83,0,25,34,34)
r(4,6,25,35,35)
r(0,41,25,36,36)
r(58,0,25,37,37)
r(1,22,25,38,38)
r(17,5,25,39,39)
r(2,17,25,40,40)
r(30,4,25,41,41)
r(8,6,25,42,42)
r(12,4,25,43,43)
r(39,1,25,44,44)
r(84,1,25,45,45)
r(20,1,25,46,46)
r(7,6,25,47,47)
r(96,1,25,48,48)
w(26,4,25,49,49)
r(90,1,25,50,50)
r(79,2,25,51,51)
r(5,12,25,52,52)
r(2,17,25,53,53)
r(9,5,25,54,54)
r(85,1,25,55,55)
r(2,17,25,56,56)
r(5,12,25,57,57)
r(0,41,25,58,58)
r(69,1,25,59,59)
w(9,6,25,60,60)
r(1,22,25,61,61)
r(60,3,25,62,62)
r(16,5,25,63,63)
r(50,3,25,64,64)
r(3,11,25,65,65)
r(1,22,25,66,66)
r(29,2,25,67,67)
r(3,11,25,68,68)
r(6,9,25,69,69)
r(9,6,25,70,70)
r(78,3,25,71,71)
r(10,6,25,72,72)
r(1,22,25,73,73)
r(0,41,25,74,74)
r(0,41,25,75,75)
r(2,17,25,76,76)
r(1,22,25,77,77)
r(0,41,25,78,78)
r(25,3,25,79,79)
r(30,4,25,80,80)
r(61,1,25,81,81)
r(0,41,25,82,82)
r(19,1,25,83,83)
r(0,41,25,84,84)
r(12,4,25,85,85)
w(2,18,25,86,86)
r(25,3,25,87,87)
r(1,22,25,88,88)
r(10,6,25,89,89)
r(3,11,25,90,90)
r(1,22,25,91,91)
r(0,41,25,92,92)
r(0,41,25,93,93)
w(56,2,25,94,94)
r(39,1,25,95,95)
r(0,41,25,96,96)
r(4,6,25,97,97)
r(1,22,25,98,98)
r(9,6,25,99,99)
w(28,3,26,0,0)
r(4,6,26,1,1)
r(32,0,26,2,2)
r(23,0,26,3,3)
r(4,6,26,4,4)
r(27,0,26,5,5)
r(4,6,26,6,6)
r(5,12,26,7,7)
r(62,0,26,8,8)
r(0,41,26,9,9)
r(0,41,26,10,10)
r(94,0,26,11,11)
r(2,18,26,12,12)
r(9,6,26,13,13)
r(8,6,26,14,14)
r(1,22,26,15,15)
r(0,41,26,16,16)
r(75,2,26,17,17)
w(0,42,26,18,18)
r(47,3,26,19,19)
r(0,42,26,20,20)
r(6,9,26,21,21)
r(1,22,26,22,22)
r(20,1,26,23,23)
r(14,3,26,24,24)
r(30,4,26,25,25)
r(4,6,26,26,26)
r(3,11,26,27,27)
r(0,42,26,28,28)
r(38,0,26,29,29)
r(0,42,26,30,30)
r(4,6,26,31,31)
r(1,22,26,32,32)
r(84,1,26,33,33)
r(36,2,26,34,34)
r(0,42,26,35,35)
r(8,6,26,36,36)
r(4,6,26,37,37)
r(14,3,26,38,38)
r(1,22,26,39,39)
r(9,6,26,40,40)
r(6,9,26,41,41)
w(51,2,26,42,42)
r(0,42,26,43,43)
r(0,42,26,44,44)
r(0,42,26,45,45)
r(0,42,26,46,46)
r(42,0,26,47,47)
r(17,5,26,48,48)
r(0,42,26,49,49)
r(0,42,26,50,50)
r(0,42,26,51,51)
r(0,42,26,52,52)
r(41,1,26,53,53)
r(17,5,26,54,54)
r(0,42,26,55,55)
r(86,3,26,56,56)
r(2,18,26,57,57)
r(56,2,26,58,58)
r(13,4,26,59,59)
r(2,18,26,60,60)
r(77,2,26,61,61)
r(4,6,26,62,62)
r(17,5,26,63,63)
r(1,22,26,64,64)
r(2,18,26,65,65)
r(74,0,26,66,66)
r(24,2,26,67,67)
r(0,42,26,68,68)
r(7,6,26,69,69)
r(40,2,26,70,70)
r(5,12,26,71,71)
r(21,1,26,72,72)
r(0,42,26,73,73)
r(6,9,26,74,74)
r(0,42,26,75,75)
r(26,4,26,76,76)
r(11,5,26,77,77)
r(72,0,26,78,78)
r(0,42,26,79,79)
r(14,3,26,80,80)
r(11,5,26,81,81)
r(41,1,26,82,82)
r(0,42,26,83,83)
r(18,2,26,84,84)
r(1,22,26,85,85)
r(37,3,26,86,86)
r(18,2,26,87,87)
r(0,42,26,88,88)
r(49,1,26,89,89)
r(0,42,26,90,90)
r(0,42,26,91,91)
r(16,5,26,92,92)
r(2,18,26,93,93)
r(20,1,26,94,94)
r(19,1,26,95,95)
r(81,0,26,96,96)
r(29,2,26,97,97)
w(15,1,26,98,98)
r(11,5,26,99,99)
r(5,12,27,0,0)
r(0,42,27,1,1)
r(0,42,27,2,2)
w(73,3,27,3,3)
r(0,42,27,4,4)
r(37,3,27,5,5)
r(21,1,27,6,6)
r(1,22,27,7,7)
r(11,5,27,8,8)
r(18,2,27,9,9)
r(0,42,27,10,10)
r(4,6,27,11,11)
r(32,0,27,12,12)
r(11,5,27,13,13)
w(45,4,27,14,14)
r(12,4,27,15,15)
r(3,11,27,16,16)
r(2,18,27,17,17)
r(49,1,27,18,18)
r(44,1,27,19,19)
w(8,7,27,20,20)
r(21,1,27,21,21)
r(9,6,27,22,22)
r(1,22,27,23,23)
r(30,4,27,24,24)
r(23,0,27,25,25)
r(4,6,27,26,26)
r(94,0,27,27,27)
r(49,1,27,28,28)
w(7,7,27,29,29)
r(4,6,27,30,30)
r(4,6,27,31,31)
r(0,42,27,32,32)
r(1,22,27,33,33)
r(1,22,27,34,34)
r(62,0,27,35,35)
r(84,1,27,36,36)
r(47,3,27,37,37)
r(17,5,27,38,38)
r(1,22,27,39,39)
r(37,3,27,40,40)
r(6,9,27,41,41)
r(1,22,27,42,42)
r(7,7,27,43,43)
r(24,2,27,44,44)
r(6,9,27,45,45)
r(61,1,27,46,46)
w(93,1,27,47,47)
w(83,1,27,48,48)
r(4,6,27,49,49)
r(3,11,27,50,50)
r(24,2,27,51,51)
r(6,9,27,52,52)
r(8,7,27,53,53)
r(3,11,27,54,54)
r(6,9,27,55,55)
w(3,12,27,56,56)
r(16,5,27,57,57)
r(2,18,27,58,58)
r(4,6,27,59,59)
r(26,4,27,60,60)
r(55,0,27,61,61)
r(28,3,27,62,62)
r(24,2,27,63,63)
r(0,42,27,64,64)
r(5,12,27,65,65)
r(4,6,27,66,66)
r(7,7,27,67,67)
r(1,22,27,68,68)
r(7,7,27,69,69)
r(59,1,27,70,70)
w(71,1,27,71,71)
r(10,6,27,72,72)
r(11,5,27,73,73)
r(11,5,27,74,74)
r(0,42,27,75,75)
r(0,42,27,76,76)
r(1,22,27,77,77)
r(46,1,27,78,78)
r(10,6,27,79,79)
r(2,18,27,80,80)
r(24,2,27,81,81)
r(19,1,27,82,82)
r(16,5,27,83,83)
r(0,42,27,84,84)
r(1,22,27,85,85)
r(0,42,27,86,86)
w(28,4,27,87,87)
r(0,42,27,88,88)
r(3,12,27,89,89)
r(6,9,27,90,90)
r(30,4,27,91,91)
r(93,1,27,92,92)
r(4,6,27,93,93)
r(1,22,27,94,94)
r(5,12,27,95,95)
r(0,42,27,96,96)
r(5,12,27,97,97)
r(1,22,27,98,98)
r(1,22,27,99,99)
r(0,42,28,0,0)
r(54,2,28,1,1)
r(63,0,28,2,2)
r(12,4,28,3,3)
r(3,12,28,4,4)
r(3,12,28,5,5)
r(0,42,28,6,6)
w(7,8,28,7,7)
r(83,1,28,8,8)
r(14,3,28,9,9)
r(30,4,28,10,10)
r(3,12,28,11,11)
w(7,9,28,12,12)
r(9,6,28,13,13)
r(5,12,28,14,14)
r(15,1,28,15,15)
r(62,0,28,16,16)
r(23,0,28,17,17)
r(7,9,28,18,18)
r(95,0,28,19,19)
r(1,22,28,20,20)
r(2,18,28,21,21)
r(10,6,28,22,22)
r(5,12,28,23,23)
w(0,43,28,24,24)
r(0,43,28,25,25)
r(4,6,28,26,26)
w(10,7,28,27,27)
r(12,4,28,28,28)
r(82,0,28,29,29)
r(0,43,28,30,30)
r(43,1,28,31,31)
r(2,18,28,32,32)
w(0,44,28,33,33)
r(0,44,28,34,34)
r(0,44,28,35,35)
r(79,2,28,36,36)
r(0,44,28,37,37)
r(2,18,28,38,38)
r(0,44,28,39,39)
w(48,2,28,40,40)
r(8,7,28,41,41)
r(4,6,28,42,42)
r(6,9,28,43,43)
r(0,44,28,44,44)
r(6,9,28,45,45)
r(1,22,28,46,46)
r(62,0,28,47,47)
r(0,44,28,48,48)
r(5,12,28,49,49)
r(86,3,28,50,50)
w(1,23,28,51,51)
r(7,9,28,52,52)
r(29,2,28,53,53)
r(4,6,28,54,54)
w(0,45,28,55,55)
w(5,13,28,56,56)
r(86,3,28,57,57)
r(0,45,28,58,58)
r(4,6,28,59,59)
r(2,18,28,60,60)
r(69,1,28,61,61)
r(4,6,28,62,62)
r(68,1,28,63,63)
r(0,45,28,64,64)
r(0,45,28,65,65)
r(13,4,28,66,66)
r(3,12,28,67,67)
r(1,23,28,68,68)
r(4,6,28,69,69)
r(0,45,28,70,70)
r(0,45,28,71,71)
r(36,2,28,72,72)
w(8,8,28,73,73)
r(62,0,28,74,74)
r(19,1,28,75,75)
r(0,45,28,76,76)
w(0,46,28,77,77)
r(2,18,28,78,78)
r(1,23,28,79,79)
r(2,18,28,80,80)
w(1,24,28,81,81)
r(31,2,28,82,82)
r(32,0,28,83,83)
w(74,1,28,84,84)
r(4,6,28,85,85)
r(24,2,28,86,86)
r(99,0,28,87,87)
r(0,46,28,88,88)
r(3,12,28,89,89)
r(2,18,28,90,90)
r(26,4,28,91,91)
r(36,2,28,92,92)
r(0,46,28,93,93)
r(15,1,28,94,94)
r(14,3,28,95,95)
r(0,46,28,96,96)
r(0,46,28,97,97)
r(0,46,28,98,98)
r(11,5,28,99,99)
r(76,0,29,0,0)
w(0,47,29,1,1)
r(31,2,29,2,2)
r(26,4,29,3,3)
w(11,6,29,4,4)
r(2,18,29,5,5)
r(2,18,29,6,6)
r(51,2,29,7,7)
r(0,47,29,8,8)
r(3,12,29,9,9)
w(14,4,29,10,10)
r(1,24,29,11,11)
r(6,9,29,12,12)
w(1,25,29,13,13)
r(33,2,29,14,14)
r(0,47,29,15,15)
r(0,47,29,16,16)
r(1,25,29,17,17)
r(0,47,29,18,18)
r(2,18,29,19,19)
r(3,12,29,20,20)
r(50,3,29,21,21)
r(2,18,29,22,22)
r(0,47,29,23,23)
w(7,10,29,24,24)
r(2,18,29,25,25)
r(5,13,29,26,26)
r(24,2,29,27,27)
r(30,4,29,28,28)
r(4,6,29,29,29)
w(3,13,29,30,30)
r(0,47,29,31,31)
r(30,4,29,32,32)
r(0,47,29,33,33)
r(0,47,29,34,34)
r(11,6,29,35,35)
r(1,25,29,36,36)
r(23,0,29,37,37)
r(36,2,29,38,38)
w(6,10,29,39,39)
r(12,4,29,40,40)
r(40,2,29,41,41)
r(4,6,29,42,42)
r(10,7,29,43,43)
r(7,10,29,44,44)
r(25,3,29,45,45)
r(0,47,29,46,46)
w(1,26,29,47,47)
r(15,1,29,48,48)
r(3,13,29,49,49)
r(0,47,29,50,50)
r(1,26,29,51,51)
r(33,2,29,52,52)
r(6,10,29,53,53)
r(3,13,29,54,54)
r(0,47,29,55,55)
r(2,18,29,56,56)
r(23,0,29,57,57)
r(0,47,29,58,58)
r(1,26,29,59,59)
r(58,0,29,60,60)
r(73,3,29,61,61)
r(4,6,29,62,62)
r(30,4,29,63,63)
w(0,48,29,64,64)
r(60,3,29,65,65)
r(4,6,29,66,66)
r(0,48,29,67,67)
r(41,1,29,68,68)
r(17,5,29,69,69)
r(15,1,29,70,70)
r(32,0,29,71,71)
r(1,26,29,72,72)
w(64,2,29,73,73)
r(8,8,29,74,74)
r(7,10,29,75,75)
r(3,13,29,76,76)
r(39,1,29,77,77)
r(3,13,29,78,78)
w(2,19,29,79,79)
r(73,3,29,80,80)
r(0,48,29,81,81)
w(2,20,29,82,82)
r(22,3,29,83,83)
r(19,1,29,84,84)
r(0,48,29,85,85)
w(0,49,29,86,86)
r(59,1,29,87,87)
r(17,5,29,88,88)
r(3,13,29,89,89)
r(0,49,29,90,90)
r(1,26,29,91,91)
r(0,49,29,92,92)
r(8,8,29,93,93)
r(0,49,29,94,94)
r(73,3,29,95,95)
r(1,26,29,96,96)
r(0,49,29,97,97)
w(2,21,29,98,98)
r(2,21,29,99,99)
r(2,21,30,0,0)
r(14,4,30,1,1)
r(70,0,30,2,2)
r(0,49,30,3,3)
r(77,2,30,4,4)
r(0,49,30,5,5)
r(0,49,30,6,6)
r(3,13,30,7,7)
r(3,13,30,8,8)
r(3,13,30,9,9)
r(29,2,30,10,10)
r(1,26,30,11,11)
r(5,13,30,12,12)
r(17,5,30,13,13)
w(0,50,30,14,14)
r(0,50,30,15,15)
r(19,1,30,16,16)
r(9,6,30,17,17)
w(4,7,30,18,18)
r(0,50,30,19,19)
r(95,0,30,20,20)
r(0,50,30,21,21)
r(33,2,30,22,22)
r(16,5,30,23,23)
r(97,0,30,24,24)
r(1,26,30,25,25)
r(73,3,30,26,26)
w(46,2,30,27,27)
r(39,1,30,28,28)
r(87,2,30,29,29)
r(29,2,30,30,30)
r(3,13,30,31,31)
r(12,4,30,32,32)
r(0,50,30,33,33)
r(8,8,30,34,34)
r(5,13,30,35,35)
r(30,4,30,36,36)
r(14,4,30,37,37)
r(53,1,30,38,38)
r(2,21,30,39,39)
r(9,6,30,40,40)
r(24,2,30,41,41)
w(9,7,30,42,42)
r(29,2,30,43,43)
w(17,6,30,44,44)
r(10,7,30,45,45)
r(2,21,30,46,46)
r(1,26,30,47,47)
r(0,50,30,48,48)
r(0,50,30,49,49)
r(1,26,30,50,50)
w(5,14,30,51,51)
r(6,10,30,52,52)
r(9,7,30,53,53)
r(0,50,30,54,54)
r(24,2,30,55,55)
r(6,10,30,56,56)
w(6,11,30,57,57)
r(15,1,30,58,58)
r(0,50,30,59,59)
r(3,13,30,60,60)
r(53,1,30,61,61)
r(79,2,30,62,62)
r(3,13,30,63,63)
r(2,21,30,64,64)
r(14,4,30,65,65)
w(43,2,30,66,66)
r(12,4,30,67,67)
w(10,8,30,68,68)
r(0,50,30,69,69)
r(31,2,30,70,70)
r(9,7,30,71,71)
r(4,7,30,72,72)
r(6,11,30,73,73)
w(1,27,30,74,74)
r(65,2,30,75,75)
r(1,27,30,76,76)
r(0,50,30,77,77)
r(13,4,30,78,78)
r(14,4,30,79,79)
r(0,50,30,80,80)
r(0,50,30,81,81)
r(0,50,30,82,82)
r(7,10,30,83,83)
r(18,2,30,84,84)
r(4,7,30,85,85)
r(0,50,30,86,86)
r(6,11,30,87,87)
r(10,8,30,88,88)
r(51,2,30,89,89)
w(2,22,30,90,90)
r(4,7,30,91,91)
r(93,1,30,92,92)
r(3,13,30,93,93)
r(32,0,30,94,94)
r(14,4,30,95,95)
r(11,6,30,96,96)
r(46,2,30,97,97)
r(50,3,30,98,98)
r(7,10,30,99,99)
r(1,27,31,0,0)
r(0,50,31,1,1)
r(60,3,31,2,2)
w(0,51,31,3,3)
r(2,22,31,4,4)
r(0,51,31,5,5)
r(94,0,31,6,6)
r(2,22,31,7,7)
r(1,27,31,8,8)
r(2,22,31,9,9)
r(21,1,31,10,10)
r(10,8,31,11,11)
r(0,51,31,12,12)
r(1,27,31,13,13)
r(73,3,31,14,14)
r(91,2,31,15,15)
r(2,22,31,16,16)
r(1,27,31,17,17)
w(0,52,31,18,18)
r(8,8,31,19,19)
w(73,4,31,20,20)
r(98,0,31,21,21)
r(0,52,31,22,22)
r(13,4,31,23,23)
r(29,2,31,24,24)
r(5,14,31,25,25)
w(91,3,31,26,26)
r(11,6,31,27,27)
r(21,1,31,28,28)
r(4,7,31,29,29)
r(2,22,31,30,30)
w(2,23,31,31,31)
r(38,0,31,32,32)
w(0,53,31,33,33)
r(0,53,31,34,34)
r(2,23,31,35,35)
r(1,27,31,36,36)
r(6,11,31,37,37)
r(23,0,31,38,38)
r(0,53,31,39,39)
r(2,23,31,40,40)
r(16,5,31,41,41)
r(39,1,31,42,42)
w(19,2,31,43,43)
r(2,23,31,44,44)
r(0,53,31,45,45)
w(52,2,31,46,46)
r(3,13,31,47,47)
r(44,1,31,48,48)
r(77,2,31,49,49)
r(0,53,31,50,50)
r(8,8,31,51,51)
r(3,13,31,52,52)
r(1,27,31,53,53)
r(0,53,31,54,54)
r(89,1,31,55,55)
r(0,53,31,56,56)
r(3,13,31,57,57)
r(2,23,31,58,58)
r(9,7,31,59,59)
r(0,53,31,60,60)
r(11,6,31,61,61)
w(0,54,31,62,62)
r(0,54,31,63,63)
r(48,2,31,64,64)
r(2,23,31,65,65)
r(0,54,31,66,66)
r(2,23,31,67,67)
r(0,54,31,68,68)
r(15,1,31,69,69)
r(7,10,31,70,70)
r(2,23,31,71,71)
w(0,55,31,72,72)
r(19,2,31,73,73)
r(16,5,31,74,74)
r(14,4,31,75,75)
r(10,8,31,76,76)
r(0,55,31,77,77)
r(83,1,31,78,78)
r(9,7,31,79,79)
r(48,2,31,80,80)
r(30,4,31,81,81)
r(0,55,31,82,82)
r(0,55,31,83,83)
r(41,1,31,84,84)
r(11,6,31,85,85)
r(0,55,31,86,86)
r(2,23,31,87,87)
r(0,55,31,88,88)
r(0,55,31,89,89)
r(0,55,31,90,90)
r(13,4,31,91,91)
r(87,2,31,92,92)
r(20,1,31,93,93)
r(3,13,31,94,94)
r(0,55,31,95,95)
r(24,2,31,96,96)
r(88,0,31,97,97)
r(2,23,31,98,98)
r(37,3,31,99,99)
r(16,5,32,0,0)
r(9,7,32,1,1)
r(25,3,32,2,2)
r(0,55,32,3,3)
r(0,55,32,4,4)
r(1,27,32,5,5)
r(3,13,32,6,6)
r(14,4,32,7,7)
r(59,1,32,8,8)
r(18,2,32,9,9)
r(1,27,32,10,10)
r(53,1,32,11,11)
r(2,23,32,12,12)
r(5,14,32,13,13)
r(0,55,32,14,14)
r(0,55,32,15,15)
r(50,3,32,16,16)
r(15,1,32,17,17)
r(3,13,32,18,18)
r(0,55,32,19,19)
r(1,27,32,20,20)
r(0,55,32,21,21)
r(59,1,32,22,22)
r(54,2,32,23,23)
r(3,13,32,24,24)
r(18,2,32,25,25)
r(3,13,32,26,26)
r(0,55,32,27,27)
r(5,14,32,28,28)
r(15,1,32,29,29)
w(0,56,32,30,30)
w(6,12,32,31,31)
w(4,8,32,32,32)
r(0,56,32,33,33)
r(0,56,32,34,34)
w(1,28,32,35,35)
r(30,4,32,36,36)
r(61,1,32,37,37)
w(3,14,32,38,38)
r(1,28,32,39,39)
r(78,3,32,40,40)
r(12,4,32,41,41)
r(73,4,32,42,42)
r(17,6,32,43,43)
r(62,0,32,44,44)
r(67,1,32,45,45)
r(0,56,32,46,46)
r(5,14,32,47,47)
r(0,56,32,48,48)
r(0,56,32,49,49)
r(0,56,32,50,50)
r(1,28,32,51,51)
r(0,56,32,52,52)
r(3,14,32,53,53)
r(0,56,32,54,54)
r(1,28,32,55,55)
w(6,13,32,56,56)
w(4,9,32,57,57)
r(2,23,32,58,58)
r(88,0,32,59,59)
w(0,57,32,60,60)
r(9,7,32,61,61)
r(58,0,32,62,62)
r(24,2,32,63,63)
r(1,28,32,64,64)
r(10,8,32,65,65)
r(22,3,32,66,66)
r(12,4,32,67,67)
r(93,1,32,68,68)
r(0,57,32,69,69)
r(35,2,32,70,70)
r(0,57,32,71,71)
r(90,1,32,72,72)
r(89,1,32,73,73)
w(22,4,32,74,74)
r(64,2,32,75,75)
r(1,28,32,76,76)
r(3,14,32,77,77)
r(59,1,32,78,78)
r(3,14,32,79,79)
r(5,14,32,80,80)
r(11,6,32,81,81)
r(13,4,32,82,82)
r(1,28,32,83,83)
w(35,3,32,84,84)
r(0,57,32,85,85)
r(56,2,32,86,86)
r(86,3,32,87,87)
r(97,0,32,88,88)
r(2,23,32,89,89)
r(32,0,32,90,90)
r(69,1,32,91,91)
r(0,57,32,92,92)
r(18,2,32,93,93)
w(1,29,32,94,94)
r(32,0,32,95,95)
r(63,0,32,96,96)
r(0,57,32,97,97)
w(59,2,32,98,98)
r(39,1,32,99,99)
w(0,58,33,0,0)
r(6,13,33,1,1)
w(20,2,33,2,2)
r(0,58,33,3,3)
r(1,29,33,4,4)
r(21,1,33,5,5)
r(20,2,33,6,6)
w(14,5,33,7,7)
r(22,4,33,8,8)
r(35,3,33,9,9)
r(18,2,33,10,10)
r(8,8,33,11,11)
r(2,23,33,12,12)
r(1,29,33,13,13)
r(4,9,33,14,14)
r(74,1,33,15,15)
r(15,1,33,16,16)
r(42,0,33,17,17)
r(3,14,33,18,18)
r(3,14,33,19,19)
r(58,0,33,20,20)
r(15,1,33,21,21)
r(40,2,33,22,22)
r(0,58,33,23,23)
r(12,4,33,24,24)
r(92,0,33,25,25)
r(20,2,33,26,26)
r(3,14,33,27,27)
r(3,14,33,28,28)
r(0,58,33,29,29)
r(21,1,33,30,30)
r(6,13,33,31,31)
r(3,14,33,32,32)
r(71,1,33,33,33)
r(51,2,33,34,34)
r(51,2,33,35,35)
r(1,29,33,36,36)
r(24,2,33,37,37)
r(44,1,33,38,38)
r(2,23,33,39,39)
r(9,7,33,40,40)
r(66,0,33,41,41)
r(93,1,33,42,42)
r(0,58,33,43,43)
r(10,8,33,44,44)
r(37,3,33,45,45)
r(4,9,33,46,46)
r(4,9,33,47,47)
r(13,4,33,48,48)
r(0,58,33,49,49)
r(1,29,33,50,50)
r(0,58,33,51,51)
r(19,2,33,52,52)
r(5,14,33,53,53)
r(1,29,33,54,54)
r(47,3,33,55,55)
r(14,5,33,56,56)
r(8,8,33,57,57)
r(0,58,33,58,58)
r(3,14,33,59,59)
w(23,1,33,60,60)
r(0,58,33,61,61)
r(4,9,33,62,62)
w(77,3,33,63,63)
r(2,23,33,64,64)
r(26,4,33,65,65)
r(18,2,33,66,66)
r(37,3,33,67,67)
r(11,6,33,68,68)
r(30,4,33,69,69)
r(14,5,33,70,70)
r(5,14,33,71,71)
w(12,5,33,72,72)
r(6,13,33,73,73)
r(23,1,33,74,74)
r(5,14,33,75,75)
r(0,58,33,76,76)
r(10,8,33,77,77)
r(0,58,33,78,78)
r(3,14,33,79,79)
r(5,14,33,80,80)
r(76,0,33,81,81)
r(60,3,33,82,82)
w(0,59,33,83,83)
r(44,1,33,84,84)
r(1,29,33,85,85)
r(50,3,33,86,86)
r(0,59,33,87,87)
r(94,0,33,88,88)
r(8,8,33,89,89)
r(1,29,33,90,90)
r(11,6,33,91,91)
r(46,2,33,92,92)
r(0,59,33,93,93)
r(0,59,33,94,94)
r(6,13,33,95,95)
r(2,23,33,96,96)
r(22,4,33,97,97)
r(83,1,33,98,98)
r(79,2,33,99,99)
w(50,4,34,0,0)
r(97,0,34,1,1)
r(1,29,34,2,2)
r(68,1,34,3,3)
r(29,2,34,4,4)
r(5,14,34,5,5)
r(1,29,34,6,6)
r(0,59,34,7,7)
r(7,10,34,8,8)
r(12,5,34,9,9)
r(1,29,34,10,10)
r(1,29,34,11,11)
r(83,1,34,12,12)
r(0,59,34,13,13)
r(2,23,34,14,14)
r(21,1,34,15,15)
r(0,59,34,16,16)
r(9,7,34,17,17)
r(0,59,34,18,18)
r(0,59,34,19,19)
r(14,5,34,20,20)
r(16,5,34,21,21)
r(0,59,34,22,22)
r(14,5,34,23,23)
r(2,23,34,24,24)
r(9,7,34,25,25)
r(24,2,34,26,26)
r(19,2,34,27,27)
r(0,59,34,28,28)
r(2,23,34,29,29)
r(1,29,34,30,30)
r(0,59,34,31,31)
r(27,0,34,32,32)
r(21,1,34,33,33)
w(63,1,34,34,34)
r(13,4,34,35,35)
r(45,4,34,36,36)
r(0,59,34,37,37)
w(90,2,34,38,38)
w(66,1,34,39,39)
r(6,13,34,40,40)
r(0,59,34,41,41)
r(11,6,34,42,42)
r(0,59,34,43,43)
r(51,2,34,44,44)
r(11,6,34,45,45)
r(3,14,34,46,46)
w(54,3,34,47,47)
r(0,59,34,48,48)
r(94,0,34,49,49)
r(4,9,34,50,50)
r(7,10,34,51,51)
r(20,2,34,52,52)
r(63,1,34,53,53)
w(6,14,34,54,54)
r(95,0,34,55,55)
r(2,23,34,56,56)
r(16,5,34,57,57)
r(23,1,34,58,58)
r(43,2,34,59,59)
w(0,60,34,60,60)
r(3,14,34,61,61)
r(1,29,34,62,62)
r(5,14,34,63,63)
r(13,4,34,64,64)
r(0,60,34,65,65)
r(2,23,34,66,66)
r(0,60,34,67,67)
r(1,29,34,68,68)
r(0,60,34,69,69)
r(1,29,34,70,70)
r(70,0,34,71,71)
r(1,29,34,72,72)
r(30,4,34,73,73)
r(0,60,34,74,74)
r(1,29,34,75,75)
r(5,14,34,76,76)
r(0,60,34,77,77)
r(1,29,34,78,78)
r(1,29,34,79,79)
r(3,14,34,80,80)
r(25,3,34,81,81)
r(7,10,34,82,82)
r(16,5,34,83,83)
r(6,14,34,84,84)
r(1,29,34,85,85)
r(0,60,34,86,86)
w(91,4,34,87,87)
r(4,9,34,88,88)
r(33,2,34,89,89)
r(3,14,34,90,90)
r(16,5,34,91,91)
r(0,60,34,92,92)
w(2,24,34,93,93)
r(0,60,34,94,94)
r(0,60,34,95,95)
r(29,2,34,96,96)
r(7,10,34,97,97)
r(4,9,34,98,98)
w(13,5,34,99,99)
r(0,60,35,0,0)
r(28,4,35,1,1)
r(50,4,35,2,2)
r(29,2,35,3,3)
r(5,14,35,4,4)
r(13,5,35,5,5)
r(50,4,35,6,6)
r(7,10,35,7,7)
w(7,11,35,8,8)
r(84,1,35,9,9)
r(34,1,35,10,10)
r(0,60,35,11,11)
r(16,5,35,12,12)
r(45,4,35,13,13)
r(15,1,35,14,14)
r(33,2,35,15,15)
r(14,5,35,16,16)
r(23,1,35,17,17)
r(0,60,35,18,18)
r(1,29,35,19,19)
r(2,24,35,20,20)
r(1,29,35,21,21)
r(72,0,35,22,22)
w(25,4,35,23,23)
r(73,4,35,24,24)
r(1,29,35,25,25)
r(80,0,35,26,26)
r(98,0,35,27,27)
r(0,60,35,28,28)
r(0,60,35,29,29)
r(5,14,35,30,30)
r(18,2,35,31,31)
r(3,14,35,32,32)
r(12,5,35,33,33)
r(3,14,35,34,34)
r(3,14,35,35,35)
r(31,2,35,36,36)
r(0,60,35,37,37)
r(23,1,35,38,38)
r(7,11,35,39,39)
r(0,60,35,40,40)
r(4,9,35,41,41)
r(1,29,35,42,42)
w(23,2,35,43,43)
r(7,11,35,44,44)
r(0,60,35,45,45)
r(44,1,35,46,46)
r(55,0,35,47,47)
r(12,5,35,48,48)
w(15,2,35,49,49)
r(30,4,35,50,50)
r(4,9,35,51,51)
r(0,60,35,52,52)
r(0,60,35,53,53)
r(5,14,35,54,54)
r(0,60,35,55,55)
r(1,29,35,56,56)
r(10,8,35,57,57)
r(69,1,35,58,58)
r(47,3,35,59,59)
r(3,14,35,60,60)
r(18,2,35,61,61)
w(27,1,35,62,62)
r(18,2,35,63,63)
r(47,3,35,64,64)
r(7,11,35,65,65)
r(1,29,35,66,66)
w(3,15,35,67,67)
r(53,1,35,68,68)
r(1,29,35,69,69)
r(8,8,35,70,70)
r(37,3,35,71,71)
r(82,0,35,72,72)
r(0,60,35,73,73)
r(0,60,35,74,74)
r(19,2,35,75,75)
w(32,1,35,76,76)
r(78,3,35,77,77)
r(29,2,35,78,78)
r(16,5,35,79,79)
r(23,2,35,80,80)
r(1,29,35,81,81)
r(4,9,35,82,82)
r(25,4,35,83,83)
r(49,1,35,84,84)
r(1,29,35,85,85)
r(9,7,35,86,86)
r(2,24,35,87,87)
r(48,2,35,88,88)
r(17,6,35,89,89)
r(46,2,35,90,90)
r(1,29,35,91,91)
r(8,8,35,92,92)
r(15,2,35,93,93)
r(93,1,35,94,94)
r(0,60,35,95,95)
r(1,29,35,96,96)
r(20,2,35,97,97)
r(37,3,35,98,98)
r(0,60,35,99,99)
r(8,8,36,0,0)
r(0,60,36,1,1)
r(26,4,36,2,2)
r(74,1,36,3,3)
r(14,5,36,4,4)
r(5,14,36,5,5)
r(35,3,36,6,6)
r(6,14,36,7,7)
r(0,60,36,8,8)
r(40,2,36,9,9)
r(10,8,36,10,10)
w(0,61,36,11,11)
r(57,2,36,12,12)
r(1,29,36,13,13)
r(13,5,36,14,14)
r(6,14,36,15,15)
r(0,61,36,16,16)
r(0,61,36,17,17)
w(6,15,36,18,18)
r(52,2,36,19,19)
r(1,29,36,20,20)
r(14,5,36,21,21)
r(35,3,36,22,22)
r(1,29,36,23,23)
r(1,29,36,24,24)
r(96,1,36,25,25)
r(15,2,36,26,26)
r(2,24,36,27,27)
r(11,6,36,28,28)
r(0,61,36,29,29)
r(52,2,36,30,30)
r(1,29,36,31,31)
r(61,1,36,32,32)
r(7,11,36,33,33)
r(4,9,36,34,34)
r(1,29,36,35,35)
r(10,8,36,36,36)
r(44,1,36,37,37)
r(0,61,36,38,38)
r(0,61,36,39,39)
r(74,1,36,40,40)
r(1,29,36,41,41)
r(42,0,36,42,42)
r(1,29,36,43,43)
r(1,29,36,44,44)
r(4,9,36,45,45)
r(84,1,36,46,46)
r(42,0,36,47,47)
r(0,61,36,48,48)
r(6,15,36,49,49)
r(34,1,36,50,50)
r(2,24,36,51,51)
r(37,3,36,52,52)
r(2,24,36,53,53)
r(9,7,36,54,54)
w(84,2,36,55,55)
w(0,62,36,56,56)
r(0,62,36,57,57)
r(3,15,36,58,58)
r(16,5,36,59,59)
r(0,62,36,60,60)
r(9,7,36,61,61)
w(0,63,36,62,62)
r(13,5,36,63,63)
r(19,2,36,64,64)
w(0,64,36,65,65)
r(0,64,36,66,66)
r(34,1,36,67,67)
r(64,2,36,68,68)
r(1,29,36,69,69)
r(0,64,36,70,70)
r(3,15,36,71,71)
w(17,7,36,72,72)
r(4,9,36,73,73)
r(0,64,36,74,74)
r(81,0,36,75,75)
r(0,64,36,76,76)
r(8,8,36,77,77)
r(83,1,36,78,78)
r(0,64,36,79,79)
r(6,15,36,80,80)
r(33,2,36,81,81)
r(23,2,36,82,82)
r(94,0,36,83,83)
r(29,2,36,84,84)
r(29,2,36,85,85)
r(1,29,36,86,86)
r(3,15,36,87,87)
r(0,64,36,88,88)
r(4,9,36,89,89)
r(1,29,36,90,90)
r(0,64,36,91,91)
r(15,2,36,92,92)
r(0,64,36,93,93)
w(11,7,36,94,94)
w(4,10,36,95,95)
r(4,10,36,96,96)
r(7,11,36,97,97)
w(60,4,36,98,98)
r(0,64,36,99,99)
r(4,10,37,0,0)
r(3,15,37,1,1)
r(43,2,37,2,2)
r(0,64,37,3,3)
r(2,24,37,4,4)
w(26,5,37,5,5)
r(31,2,37,6,6)
w(8,9,37,7,7)
r(16,5,37,8,8)
r(0,64,37,9,9)
w(1,30,37,10,10)
r(29,2,37,11,11)
r(48,2,37,12,12)
r(4,10,37,13,13)
r(23,2,37,14,14)
r(0,64,37,15,15)
r(1,30,37,16,16)
r(69,1,37,17,17)
r(93,1,37,18,18)
r(57,2,37,19,19)
r(22,4,37,20,20)
r(76,0,37,21,21)
r(10,8,37,22,22)
r(29,2,37,23,23)
r(9,7,37,24,24)
r(50,4,37,25,25)
r(0,64,37,26,26)
r(1,30,37,27,27)
r(4,10,37,28,28)
r(23,2,37,29,29)
r(0,64,37,30,30)
w(11,8,37,31,31)
r(28,4,37,32,32)
w(29,3,37,33,33)
r(5,14,37,34,34)
r(0,64,37,35,35)
r(3,15,37,36,36)
r(9,7,37,37,37)
r(0,64,37,38,38)
r(5,14,37,39,39)
r(0,64,37,40,40)
r(55,0,37,41,41)
r(0,64,37,42,42)
w(31,3,37,43,43)
r(0,64,37,44,44)
w(0,65,37,45,45)
r(71,1,37,46,46)
r(5,14,37,47,47)
r(43,2,37,48,48)
w(2,25,37,49,49)
r(5,14,37,50,50)
r(17,7,37,51,51)
r(6,15,37,52,52)
r(11,8,37,53,53)
r(1,30,37,54,54)
r(4,10,37,55,55)
r(17,7,37,56,56)
r(28,4,37,57,57)
w(0,66,37,58,58)
r(12,5,37,59,59)
w(0,67,37,60,60)
r(16,5,37,61,61)
r(67,1,37,62,62)
r(0,67,37,63,63)
r(3,15,37,64,64)
w(25,5,37,65,65)
w(0,68,37,66,66)
r(2,25,37,67,67)
r(10,8,37,68,68)
w(28,5,37,69,69)
r(7,11,37,70,70)
w(0,69,37,71,71)
r(0,69,37,72,72)
r(1,30,37,73,73)
r(0,69,37,74,74)
r(43,2,37,75,75)
r(7,11,37,76,76)
w(0,70,37,77,77)
w(4,11,37,78,78)
r(1,30,37,79,79)
r(80,0,37,80,80)
r(2,25,37,81,81)
w(6,16,37,82,82)
r(0,70,37,83,83)
r(36,2,37,84,84)
w(0,71,37,85,85)
r(0,71,37,86,86)
r(4,11,37,87,87)
r(10,8,37,88,88)
r(4,11,37,89,89)
r(38,0,37,90,90)
r(78,3,37,91,91)
r(17,7,37,92,92)
r(2,25,37,93,93)
r(73,4,37,94,94)
r(4,11,37,95,95)
r(0,71,37,96,96)
r(33,2,37,97,97)
r(39,1,37,98,98)
r(0,71,37,99,99)
w(42,1,38,0,0)
r(2,25,38,1,1)
r(1,30,38,2,2)
r(2,25,38,3,3)
r(50,4,38,4,4)
r(1,30,38,5,5)
r(8,9,38,6,6)
w(15,3,38,7,7)
r(71,1,38,8,8)
r(46,2,38,9,9)
w(4,12,38,10,10)
r(4,12,38,11,11)
r(1,30,38,12,12)
w(25,6,38,13,13)
r(24,2,38,14,14)
r(28,5,38,15,15)
r(4,12,38,16,16)
r(2,25,38,17,17)
r(0,71,38,18,18)
r(2,25,38,19,19)
r(0,71,38,20,20)
r(6,16,38,21,21)
r(69,1,38,22,22)
r(27,1,38,23,23)
r(19,2,38,24,24)
r(8,9,38,25,25)
r(2,25,38,26,26)
w(45,5,38,27,27)
r(5,14,38,28,28)
r(28,5,38,29,29)
w(0,72,38,30,30)
w(0,73,38,31,31)
r(0,73,38,32,32)
w(2,26,38,33,33)
r(0,73,38,34,34)
r(2,26,38,35,35)
r(0,73,38,36,36)
r(2,26,38,37,37)
r(0,73,38,38,38)
r(9,7,38,39,39)
r(1,30,38,40,40)
r(33,2,38,41,41)
w(3,16,38,42,42)
r(4,12,38,43,43)
r(0,73,38,44,44)
r(0,73,38,45,45)
r(34,1,38,46,46)
r(10,8,38,47,47)
r(2,26,38,48,48)
r(13,5,38,49,49)
r(32,1,38,50,50)
r(2,26,38,51,51)
r(0,73,38,52,52)
r(12,5,38,53,53)
r(6,16,38,54,54)
r(1,30,38,55,55)
r(1,30,38,56,56)
w(6,17,38,57,57)
r(8,9,38,58,58)
r(0,73,38,59,59)
r(3,16,38,60,60)
r(0,73,38,61,61)
r(2,26,38,62,62)
r(2,26,38,63,63)
r(23,2,38,64,64)
r(11,8,38,65,65)
r(2,26,38,66,66)
r(75,2,38,67,67)
w(1,31,38,68,68)
r(19,2,38,69,69)
r(11,8,38,70,70)
r(18,2,38,71,71)
w(0,74,38,72,72)
r(3,16,38,73,73)
r(0,74,38,74,74)
r(36,2,38,75,75)
r(2,26,38,76,76)
r(9,7,38,77,77)
r(40,2,38,78,78)
r(6,17,38,79,79)
r(0,74,38,80,80)
r(80,0,38,81,81)
r(0,74,38,82,82)
w(1,32,38,83,83)
r(0,74,38,84,84)
r(10,8,38,85,85)
r(95,0,38,86,86)
r(3,16,38,87,87)
r(5,14,38,88,88)
r(1,32,38,89,89)
r(47,3,38,90,90)
r(64,2,38,91,91)
w(27,2,38,92,92)
r(14,5,38,93,93)
r(1,32,38,94,94)
r(12,5,38,95,95)
r(4,12,38,96,96)
r(10,8,38,97,97)
r(5,14,38,98,98)
r(34,1,38,99,99)
r(3,16,39,0,0)
r(1,32,39,1,1)
r(61,1,39,2,2)
r(18,2,39,3,3)
r(40,2,39,4,4)
r(3,16,39,5,5)
r(3,16,39,6,6)
r(3,16,39,7,7)
r(4,12,39,8,8)
r(12,5,39,9,9)
r(4,12,39,10,10)
r(53,1,39,11,11)
r(0,74,39,12,12)
r(9,7,39,13,13)
r(46,2,39,14,14)
r(3,16,39,15,15)
r(44,1,39,16,16)
r(23,2,39,17,17)
r(55,0,39,18,18)
r(5,14,39,19,19)
r(58,0,39,20,20)
r(57,2,39,21,21)
r(21,1,39,22,22)
r(0,74,39,23,23)
r(25,6,39,24,24)
r(21,1,39,25,25)
r(72,0,39,26,26)
w(0,75,39,27,27)
r(5,14,39,28,28)
r(0,75,39,29,29)
r(0,75,39,30,30)
r(3,16,39,31,31)
r(4,12,39,32,32)
r(84,2,39,33,33)
r(1,32,39,34,34)
r(1,32,39,35,35)
r(4,12,39,36,36)
w(1,33,39,37,37)
r(60,4,39,38,38)
r(23,2,39,39,39)
r(70,0,39,40,40)
r(0,75,39,41,41)
r(0,75,39,42,42)
r(10,8,39,43,43)
r(1,33,39,44,44)
r(0,75,39,45,45)
w(8,10,39,46,46)
r(0,75,39,47,47)
r(45,5,39,48,48)
r(43,2,39,49,49)
r(21,1,39,50,50)
r(0,75,39,51,51)
r(96,1,39,52,52)
w(5,15,39,53,53)
r(21,1,39,54,54)
r(11,8,39,55,55)
r(4,12,39,56,56)
r(6,17,39,57,57)
r(16,5,39,58,58)
r(0,75,39,59,59)
r(18,2,39,60,60)
r(15,3,39,61,61)
r(8,10,39,62,62)
r(28,5,39,63,63)
r(92,0,39,64,64)
r(0,75,39,65,65)
r(0,75,39,66,66)
r(2,26,39,67,67)
r(5,15,39,68,68)
r(7,11,39,69,69)
w(0,76,39,70,70)
r(12,5,39,71,71)
r(0,76,39,72,72)
r(17,7,39,73,73)
r(2,26,39,74,74)
r(17,7,39,75,75)
r(1,33,39,76,76)
r(26,5,39,77,77)
r(1,33,39,78,78)
w(0,77,39,79,79)
w(8,11,39,80,80)
w(5,16,39,81,81)
r(76,0,39,82,82)
w(2,27,39,83,83)
w(3,17,39,84,84)
r(45,5,39,85,85)
r(9,7,39,86,86)
r(7,11,39,87,87)
r(10,8,39,88,88)
r(1,33,39,89,89)
r(5,16,39,90,90)
r(4,12,39,91,91)
r(52,2,39,92,92)
r(12,5,39,93,93)
r(0,77,39,94,94)
r(3,17,39,95,95)
r(0,77,39,96,96)
r(0,77,39,97,97)
r(3,17,39,98,98)
r(62,0,39,99,99)
r(11,8,40,0,0)
r(3,17,40,1,1)
r(1,33,40,2,2)
r(1,33,40,3,3)
r(8,11,40,4,4)
w(0,78,40,5,5)
r(59,2,40,6,6)
r(1,33,40,7,7)
r(0,78,40,8,8)
r(89,1,40,9,9)
r(0,78,40,10,10)
r(2,27,40,11,11)
r(95,0,40,12,12)
w(21,2,40,13,13)
r(0,78,40,14,14)
r(0,78,40,15,15)
r(78,3,40,16,16)
r(24,2,40,17,17)
w(12,6,40,18,18)
r(12,6,40,19,19)
r(0,78,40,20,20)
r(0,78,40,21,21)
r(2,27,40,22,22)
r(4,12,40,23,23)
r(45,5,40,24,24)
r(3,17,40,25,25)
r(1,33,40,26,26)
r(3,17,40,27,27)
r(1,33,40,28,28)
w(6,18,40,29,29)
r(2,27,40,30,30)
r(38,0,40,31,31)
r(0,78,40,32,32)
r(0,78,40,33,33)
r(0,78,40,34,34)
r(28,5,40,35,35)
r(2,27,40,36,36)
r(13,5,40,37,37)
r(4,12,40,38,38)
r(2,27,40,39,39)
r(11,8,40,40,40)
r(24,2,40,41,41)
r(36,2,40,42,42)
w(8,12,40,43,43)
r(2,27,40,44,44)
r(0,78,40,45,45)
r(1,33,40,46,46)
r(24,2,40,47,47)
r(21,2,40,48,48)
r(79,2,40,49,49)
r(67,1,40,50,50)
w(8,13,40,51,51)
r(3,17,40,52,52)
r(3,17,40,53,53)
r(23,2,40,54,54)
r(0,78,40,55,55)
r(99,0,40,56,56)
r(39,1,40,57,57)
r(2,27,40,58,58)
r(3,17,40,59,59)
r(16,5,40,60,60)
r(2,27,40,61,61)
r(2,27,40,62,62)
r(0,78,40,63,63)
r(1,33,40,64,64)
r(16,5,40,65,65)
r(54,3,40,66,66)
r(51,2,40,67,67)
w(7,12,40,68,68)
w(12,7,40,69,69)
r(0,78,40,70,70)
r(2,27,40,71,71)
r(1,33,40,72,72)
r(2,27,40,73,73)
r(1,33,40,74,74)
r(95,0,40,75,75)
r(89,1,40,76,76)
r(0,78,40,77,77)
r(65,2,40,78,78)
r(11,8,40,79,79)
r(3,17,40,80,80)
r(0,78,40,81,81)
w(21,3,40,82,82)
r(16,5,40,83,83)
r(4,12,40,84,84)
r(84,2,40,85,85)
r(84,2,40,86,86)
r(9,7,40,87,87)
r(17,7,40,88,88)
r(3,17,40,89,89)
r(3,17,40,90,90)
r(64,2,40,91,91)
r(5,16,40,92,92)
r(1,33,40,93,93)
r(75,2,40,94,94)
r(0,78,40,95,95)
w(0,79,40,96,96)
r(0,79,40,97,97)
r(0,79,40,98,98)
r(0,79,40,99,99)
r(2,27,41,0,0)
r(2,27,41,1,1)
r(0,79,41,2,2)
r(0,79,41,3,3)
r(0,79,41,4,4)
r(27,2,41,5,5)
r(25,6,41,6,6)
r(2,27,41,7,7)
r(2,27,41,8,8)
r(32,1,41,9,9)
r(0,79,41,10,10)
r(0,79,41,11,11)
r(61,1,41,12,12)
r(7,12,41,13,13)
r(0,79,41,14,14)
r(0,79,41,15,15)
r(23,2,41,16,16)
r(1,33,41,17,17)
r(1,33,41,18,18)
r(18,2,41,19,19)
r(28,5,41,20,20)
r(0,79,41,21,21)
r(35,3,41,22,22)
r(1,33,41,23,23)
r(0,79,41,24,24)
w(57,3,41,25,25)
w(4,13,41,26,26)
r(64,2,41,27,27)
r(34,1,41,28,28)
r(0,79,41,29,29)
r(93,1,41,30,30)
r(0,79,41,31,31)
w(0,80,41,32,32)
r(6,18,41,33,33)
r(36,2,41,34,34)
w(0,81,41,35,35)
r(5,16,41,36,36)
r(1,33,41,37,37)
r(0,81,41,38,38)
r(8,13,41,39,39)
r(8,13,41,40,40)
r(12,7,41,41,41)
r(6,18,41,42,42)
r(60,4,41,43,43)
w(0,82,41,44,44)
w(1,34,41,45,45)
w(29,4,41,46,46)
r(0,82,41,47,47)
r(22,4,41,48,48)
r(2,27,41,49,49)
r(0,82,41,50,50)
r(69,1,41,51,51)
r(20,2,41,52,52)
r(0,82,41,53,53)
r(1,34,41,54,54)
r(0,82,41,55,55)
w(24,3,41,56,56)
r(9,7,41,57,57)
r(4,13,41,58,58)
r(95,0,41,59,59)
r(19,2,41,60,60)
r(2,27,41,61,61)
r(0,82,41,62,62)
r(1,34,41,63,63)
r(28,5,41,64,64)
r(71,1,41,65,65)
r(34,1,41,66,66)
r(0,82,41,67,67)
r(1,34,41,68,68)
r(11,8,41,69,69)
r(0,82,41,70,70)
r(14,5,41,71,71)
r(17,7,41,72,72)
r(0,82,41,73,73)
r(18,2,41,74,74)
r(6,18,41,75,75)
r(5,16,41,76,76)
r(1,34,41,77,77)
w(64,3,41,78,78)
r(1,34,41,79,79)
r(8,13,41,80,80)
w(0,83,41,81,81)
r(1,34,41,82,82)
r(10,8,41,83,83)
r(11,8,41,84,84)
r(33,2,41,85,85)
r(29,4,41,86,86)
r(1,34,41,87,87)
r(77,3,41,88,88)
r(16,5,41,89,89)
r(1,34,41,90,90)
r(0,83,41,91,91)
r(56,2,41,92,92)
r(0,83,41,93,93)
r(14,5,41,94,94)
r(86,3,41,95,95)
r(0,83,41,96,96)
r(17,7,41,97,97)
r(24,3,41,98,98)
w(0,84,41,99,99)
r(2,27,42,0,0)
r(1,34,42,1,1)
w(4,14,42,2,2)
r(45,5,42,3,3)
r(2,27,42,4,4)
r(11,8,42,5,5)
w(4,15,42,6,6)
w(2,28,42,7,7)
w(84,3,42,8,8)
r(1,34,42,9,9)
r(28,5,42,10,10)
r(6,18,42,11,11)
r(17,7,42,12,12)
r(4,15,42,13,13)
w(3,18,42,14,14)
r(8,13,42,15,15)
r(7,12,42,16,16)
r(1,34,42,17,17)
r(6,18,42,18,18)
r(26,5,42,19,19)
r(5,16,42,20,20)
r(0,84,42,21,21)
r(9,7,42,22,22)
r(5,16,42,23,23)
r(0,84,42,24,24)
r(9,7,42,25,25)
r(7,12,42,26,26)
r(22,4,42,27,27)
r(35,3,42,28,28)
r(90,2,42,29,29)
r(0,84,42,30,30)
w(92,1,42,31,31)
w(13,6,42,32,32)
r(0,84,42,33,33)
w(17,8,42,34,34)
r(0,84,42,35,35)
w(0,85,42,36,36)
r(0,85,42,37,37)
r(82,0,42,38,38)
r(0,85,42,39,39)
r(0,85,42,40,40)
w(10,9,42,41,41)
w(45,6,42,42,42)
r(1,34,42,43,43)
r(1,34,42,44,44)
r(2,28,42,45,45)
r(5,16,42,46,46)
r(4,15,42,47,47)
r(6,18,42,48,48)
r(21,3,42,49,49)
r(0,85,42,50,50)
r(3,18,42,51,51)
r(2,28,42,52,52)
r(28,5,42,53,53)
r(0,85,42,54,54)
r(7,12,42,55,55)
r(0,85,42,56,56)
r(0,85,42,57,57)
r(1,34,42,58,58)
w(0,86,42,59,59)
r(5,16,42,60,60)
r(47,3,42,61,61)
r(46,2,42,62,62)
r(90,2,42,63,63)
r(15,3,42,64,64)
r(24,3,42,65,65)
r(6,18,42,66,66)
r(58,0,42,67,67)
r(1,34,42,68,68)
r(28,5,42,69,69)
r(3,18,42,70,70)
r(28,5,42,71,71)
w(2,29,42,72,72)
r(0,86,42,73,73)
r(0,86,42,74,74)
r(1,34,42,75,75)
r(0,86,42,76,76)
r(0,86,42,77,77)
r(10,9,42,78,78)
r(13,6,42,79,79)
r(0,86,42,80,80)
r(45,6,42,81,81)
r(94,0,42,82,82)
r(47,3,42,83,83)
w(2,30,42,84,84)
r(13,6,42,85,85)
r(6,18,42,86,86)
r(10,9,42,87,87)
r(2,30,42,88,88)
r(0,86,42,89,89)
r(1,34,42,90,90)
r(0,86,42,91,91)
r(9,7,42,92,92)
r(0,86,42,93,93)
r(25,6,42,94,94)
r(0,86,42,95,95)
w(13,7,42,96,96)
r(0,86,42,97,97)
r(29,4,42,98,98)
r(20,2,42,99,99)
r(0,86,43,0,0)
r(2,30,43,1,1)
r(32,1,43,2,2)
r(10,9,43,3,3)
r(0,86,43,4,4)
r(9,7,43,5,5)
r(1,34,43,6,6)
r(3,18,43,7,7)
r(1,34,43,8,8)
r(40,2,43,9,9)
r(48,2,43,10,10)
r(10,9,43,11,11)
r(49,1,43,12,12)
w(4,16,43,13,13)
r(1,34,43,14,14)
r(51,2,43,15,15)
r(0,86,43,16,16)
r(4,16,43,17,17)
r(0,86,43,18,18)
r(23,2,43,19,19)
r(1,34,43,20,20)
r(3,18,43,21,21)
r(0,86,43,22,22)
w(8,14,43,23,23)
r(22,4,43,24,24)
r(1,34,43,25,25)
r(20,2,43,26,26)
r(0,86,43,27,27)
r(4,16,43,28,28)
r(18,2,43,29,29)
w(9,8,43,30,30)
r(32,1,43,31,31)
r(31,3,43,32,32)
r(18,2,43,33,33)
r(0,86,43,34,34)
w(0,87,43,35,35)
r(73,4,43,36,36)
w(41,2,43,37,37)
r(0,87,43,38,38)
r(51,2,43,39,39)
r(34,1,43,40,40)
r(13,7,43,41,41)
r(0,87,43,42,42)
r(4,16,43,43,43)
r(1,34,43,44,44)
r(0,87,43,45,45)
r(2,30,43,46,46)
r(92,1,43,47,47)
r(0,87,43,48,48)
r(0,87,43,49,49)
r(76,0,43,50,50)
r(3,18,43,51,51)
r(36,2,43,52,52)
r(20,2,43,53,53)
r(4,16,43,54,54)
r(0,87,43,55,55)
r(1,34,43,56,56)
r(0,87,43,57,57)
r(77,3,43,58,58)
r(3,18,43,59,59)
w(1,35,43,60,60)
r(3,18,43,61,61)
r(3,18,43,62,62)
r(0,87,43,63,63)
r(61,1,43,64,64)
r(40,2,43,65,65)
r(16,5,43,66,66)
r(5,16,43,67,67)
r(1,35,43,68,68)
r(90,2,43,69,69)
r(0,87,43,70,70)
r(8,14,43,71,71)
r(15,3,43,72,72)
r(1,35,43,73,73)
r(0,87,43,74,74)
r(95,0,43,75,75)
r(14,5,43,76,76)
r(0,87,43,77,77)
r(8,14,43,78,78)
r(27,2,43,79,79)
r(53,1,43,80,80)
r(74,1,43,81,81)
r(38,0,43,82,82)
r(0,87,43,83,83)
r(17,8,43,84,84)
w(13,8,43,85,85)
r(12,7,43,86,86)
r(89,1,43,87,87)
w(56,3,43,88,88)
r(0,87,43,89,89)
r(6,18,43,90,90)
r(18,2,43,91,91)
r(0,87,43,92,92)
r(25,6,43,93,93)
w(39,2,43,94,94)
r(14,5,43,95,95)
r(4,16,43,96,96)
r(33,2,43,97,97)
r(1,35,43,98,98)
r(30,4,43,99,99)
r(63,1,44,0,0)
w(2,31,44,1,1)
w(2,32,44,2,2)
r(11,8,44,3,3)
w(2,33,44,4,4)
r(12,7,44,5,5)
r(20,2,44,6,6)
r(49,1,44,7,7)
r(16,5,44,8,8)
r(9,8,44,9,9)
r(1,35,44,10,10)
r(2,33,44,11,11)
r(3,18,44,12,12)
r(4,16,44,13,13)
r(26,5,44,14,14)
r(11,8,44,15,15)
r(3,18,44,16,16)
r(31,3,44,17,17)
r(0,87,44,18,18)
r(14,5,44,19,19)
r(0,87,44,20,20)
r(1,35,44,21,21)
r(0,87,44,22,22)
r(7,12,44,23,23)
r(38,0,44,24,24)
r(6,18,44,25,25)
r(1,35,44,26,26)
r(75,2,44,27,27)
r(28,5,44,28,28)
r(29,4,44,29,29)
r(0,87,44,30,30)
r(1,35,44,31,31)
r(4,16,44,32,32)
r(92,1,44,33,33)
w(0,88,44,34,34)
r(59,2,44,35,35)
r(1,35,44,36,36)
r(84,3,44,37,37)
r(0,88,44,38,38)
w(0,89,44,39,39)
r(0,89,44,40,40)
r(8,14,44,41,41)
r(1,35,44,42,42)
r(0,89,44,43,43)
r(23,2,44,44,44)
r(0,89,44,45,45)
r(0,89,44,46,46)
r(0,89,44,47,47)
w(1,36,44,48,48)
r(2,33,44,49,49)
r(93,1,44,50,50)
r(52,2,44,51,51)
r(4,16,44,52,52)
r(0,89,44,53,53)
r(6,18,44,54,54)
r(98,0,44,55,55)
r(5,16,44,56,56)
r(68,1,44,57,57)
r(1,36,44,58,58)
r(34,1,44,59,59)
r(20,2,44,60,60)
r(98,0,44,61,61)
r(24,3,44,62,62)
r(0,89,44,63,63)
r(15,3,44,64,64)
r(57,3,44,65,65)
r(2,33,44,66,66)
r(8,14,44,67,67)
r(0,89,44,68,68)
r(14,5,44,69,69)
r(50,4,44,70,70)
r(56,3,44,71,71)
r(96,1,44,72,72)
w(11,9,44,73,73)
r(17,8,44,74,74)
r(27,2,44,75,75)
r(0,89,44,76,76)
r(22,4,44,77,77)
r(11,9,44,78,78)
r(4,16,44,79,79)
r(48,2,44,80,80)
r(4,16,44,81,81)
r(10,9,44,82,82)
r(39,2,44,83,83)
r(2,33,44,84,84)
r(0,89,44,85,85)
r(58,0,44,86,86)
w(3,19,44,87,87)
r(5,16,44,88,88)
r(0,89,44,89,89)
r(2,33,44,90,90)
r(0,89,44,91,91)
r(55,0,44,92,92)
r(98,0,44,93,93)
r(2,33,44,94,94)
r(10,9,44,95,95)
w(19,3,44,96,96)
r(3,19,44,97,97)
r(5,16,44,98,98)
r(0,89,44,99,99)
r(0,89,45,0,0)
r(0,89,45,1,1)
r(2,33,45,2,2)
w(3,20,45,3,3)
r(29,4,45,4,4)
w(58,1,45,5,5)
r(1,36,45,6,6)
r(56,3,45,7,7)
r(5,16,45,8,8)
r(71,1,45,9,9)
r(3,20,45,10,10)
w(5,17,45,11,11)
r(17,8,45,12,12)
r(6,18,45,13,13)
r(20,2,45,14,14)
r(5,17,45,15,15)
r(22,4,45,16,16)
r(3,20,45,17,17)
r(62,0,45,18,18)
r(31,3,45,19,19)
r(22,4,45,20,20)
r(2,33,45,21,21)
r(6,18,45,22,22)
r(1,36,45,23,23)
r(12,7,45,24,24)
r(2,33,45,25,25)
r(2,33,45,26,26)
r(42,1,45,27,27)
r(59,2,45,28,28)
r(6,18,45,29,29)
r(38,0,45,30,30)
w(5,18,45,31,31)
r(29,4,45,32,32)
r(3,20,45,33,33)
r(3,20,45,34,34)
r(0,89,45,35,35)
r(2,33,45,36,36)
r(10,9,45,37,37)
r(1,36,45,38,38)
r(12,7,45,39,39)
r(12,7,45,40,40)
r(39,2,45,41,41)
r(60,4,45,42,42)
r(4,16,45,43,43)
r(0,89,45,44,44)
w(50,5,45,45,45)
r(0,89,45,46,46)
r(12,7,45,47,47)
r(5,18,45,48,48)
r(25,6,45,49,49)
r(2,33,45,50,50)
r(0,89,45,51,51)
r(0,89,45,52,52)
r(26,5,45,53,53)
r(1,36,45,54,54)
r(25,6,45,55,55)
r(83,1,45,56,56)
r(21,3,45,57,57)
r(1,36,45,58,58)
r(17,8,45,59,59)
r(25,6,45,60,60)
r(0,89,45,61,61)
w(23,3,45,62,62)
r(4,16,45,63,63)
r(0,89,45,64,64)
r(16,5,45,65,65)
r(2,33,45,66,66)
r(0,89,45,67,67)
r(49,1,45,68,68)
r(3,20,45,69,69)
r(1,36,45,70,70)
r(49,1,45,71,71)
r(63,1,45,72,72)
r(16,5,45,73,73)
r(9,8,45,74,74)
r(8,14,45,75,75)
r(50,5,45,76,76)
r(52,2,45,77,77)
r(2,33,45,78,78)
r(4,16,45,79,79)
r(0,89,45,80,80)
r(26,5,45,81,81)
r(11,9,45,82,82)
w(1,37,45,83,83)
r(28,5,45,84,84)
r(7,12,45,85,85)
r(7,12,45,86,86)
w(12,8,45,87,87)
r(0,89,45,88,88)
r(1,37,45,89,89)
r(39,2,45,90,90)
r(23,3,45,91,91)
r(8,14,45,92,92)
r(19,3,45,93,93)
r(5,18,45,94,94)
r(0,89,45,95,95)
r(0,89,45,96,96)
r(27,2,45,97,97)
r(14,5,45,98,98)
w(0,90,45,99,99)
r(0,90,46,0,0)
r(14,5,46,1,1)
r(0,90,46,2,2)
r(15,3,46,3,3)
r(25,6,46,4,4)
r(78,3,46,5,5)
w(2,34,46,6,6)
r(3,20,46,7,7)
r(0,90,46,8,8)
r(35,3,46,9,9)
r(28,5,46,10,10)
r(4,16,46,11,11)
r(89,1,46,12,12)
r(1,37,46,13,13)
w(19,4,46,14,14)
r(0,90,46,15,15)
r(13,8,46,16,16)
r(0,90,46,17,17)
r(1,37,46,18,18)
r(23,3,46,19,19)
w(7,13,46,20,20)
r(7,13,46,21,21)
w(67,2,46,22,22)
r(9,8,46,23,23)
r(0,90,46,24,24)
r(41,2,46,25,25)
w(10,10,46,26,26)
r(0,90,46,27,27)
r(30,4,46,28,28)
r(6,18,46,29,29)
r(0,90,46,30,30)
r(91,4,46,31,31)
r(1,37,46,32,32)
r(8,14,46,33,33)
r(1,37,46,34,34)
r(20,2,46,35,35)
r(0,90,46,36,36)
w(33,3,46,37,37)
r(24,3,46,38,38)
r(33,3,46,39,39)
r(0,90,46,40,40)
r(5,18,46,41,41)
r(55,0,46,42,42)
r(20,2,46,43,43)
r(9,8,46,44,44)
r(33,3,46,45,45)
r(70,0,46,46,46)
w(2,35,46,47,47)
w(4,17,46,48,48)
r(61,1,46,49,49)
r(53,1,46,50,50)
r(2,35,46,51,51)
r(18,2,46,52,52)
r(93,1,46,53,53)
r(1,37,46,54,54)
r(12,8,46,55,55)
r(51,2,46,56,56)
r(38,0,46,57,57)
r(6,18,46,58,58)
r(57,3,46,59,59)
r(1,37,46,60,60)
r(1,37,46,61,61)
r(1,37,46,62,62)
r(30,4,46,63,63)
r(1,37,46,64,64)
r(56,3,46,65,65)
r(24,3,46,66,66)
r(54,3,46,67,67)
r(6,18,46,68,68)
r(13,8,46,69,69)
w(33,4,46,70,70)
r(4,17,46,71,71)
r(10,10,46,72,72)
r(1,37,46,73,73)
r(43,2,46,74,74)
w(25,7,46,75,75)
r(8,14,46,76,76)
r(44,1,46,77,77)
r(63,1,46,78,78)
r(53,1,46,79,79)
r(2,35,46,80,80)
r(6,18,46,81,81)
r(6,18,46,82,82)
r(7,13,46,83,83)
r(19,4,46,84,84)
r(0,90,46,85,85)
r(44,1,46,86,86)
r(87,2,46,87,87)
w(12,9,46,88,88)
r(4,17,46,89,89)
r(73,4,46,90,90)
w(0,91,46,91,91)
r(1,37,46,92,92)
w(0,92,46,93,93)
r(99,0,46,94,94)
r(0,92,46,95,95)
r(28,5,46,96,96)
r(0,92,46,97,97)
r(1,37,46,98,98)
r(42,1,46,99,99)
r(0,92,47,0,0)
r(38,0,47,1,1)
r(0,92,47,2,2)
r(32,1,47,3,3)
r(49,1,47,4,4)
r(3,20,47,5,5)
r(14,5,47,6,6)
r(4,17,47,7,7)
r(0,92,47,8,8)
r(2,35,47,9,9)
r(14,5,47,10,10)
r(1,37,47,11,11)
r(63,1,47,12,12)
r(88,0,47,13,13)
w(4,18,47,14,14)
w(0,93,47,15,15)
r(69,1,47,16,16)
r(12,9,47,17,17)
r(1,37,47,18,18)
r(1,37,47,19,19)
r(81,0,47,20,20)
r(1,37,47,21,21)
r(1,37,47,22,22)
r(0,93,47,23,23)
r(0,93,47,24,24)
r(11,9,47,25,25)
r(5,18,47,26,26)
w(69,2,47,27,27)
r(71,1,47,28,28)
r(1,37,47,29,29)
r(3,20,47,30,30)
w(12,10,47,31,31)
r(0,93,47,32,32)
r(38,0,47,33,33)
r(7,13,47,34,34)
r(1,37,47,35,35)
r(0,93,47,36,36)
r(93,1,47,37,37)
w(9,9,47,38,38)
r(5,18,47,39,39)
r(0,93,47,40,40)
r(5,18,47,41,41)
r(49,1,47,42,42)
r(9,9,47,43,43)
r(44,1,47,44,44)
w(3,21,47,45,45)
r(14,5,47,46,46)
w(26,6,47,47,47)
w(22,5,47,48,48)
r(63,1,47,49,49)
r(0,93,47,50,50)
r(2,35,47,51,51)
r(0,93,47,52,52)
r(39,2,47,53,53)
r(39,2,47,54,54)
r(10,10,47,55,55)
r(1,37,47,56,56)
r(2,35,47,57,57)
r(56,3,47,58,58)
r(1,37,47,59,59)
r(17,8,47,60,60)
w(74,2,47,61,61)
r(2,35,47,62,62)
r(98,0,47,63,63)
r(82,0,47,64,64)
w(20,3,47,65,65)
r(32,1,47,66,66)
r(0,93,47,67,67)
r(3,21,47,68,68)
r(6,18,47,69,69)
r(0,93,47,70,70)
r(0,93,47,71,71)
r(0,93,47,72,72)
r(3,21,47,73,73)
r(10,10,47,74,74)
r(1,37,47,75,75)
r(40,2,47,76,76)
w(5,19,47,77,77)
r(1,37,47,78,78)
r(0,93,47,79,79)
r(1,37,47,80,80)
r(0,93,47,81,81)
r(11,9,47,82,82)
w(1,38,47,83,83)
w(3,22,47,84,84)
r(13,8,47,85,85)
r(8,14,47,86,86)
r(13,8,47,87,87)
r(1,38,47,88,88)
r(0,93,47,89,89)
r(0,93,47,90,90)
r(12,10,47,91,91)
r(6,18,47,92,92)
r(0,93,47,93,93)
r(4,18,47,94,94)
r(14,5,47,95,95)
r(12,10,47,96,96)
r(29,4,47,97,97)
r(33,4,47,98,98)
r(0,93,47,99,99)
r(29,4,48,0,0)
r(21,3,48,1,1)
r(6,18,48,2,2)
r(0,93,48,3,3)
r(3,22,48,4,4)
r(0,93,48,5,5)
r(0,93,48,6,6)
r(13,8,48,7,7)
r(9,9,48,8,8)
r(1,38,48,9,9)
r(21,3,48,10,10)
r(39,2,48,11,11)
r(0,93,48,12,12)
r(39,2,48,13,13)
r(1,38,48,14,14)
w(0,94,48,15,15)
r(6,18,48,16,16)
r(42,1,48,17,17)
r(43,2,48,18,18)
r(0,94,48,19,19)
r(48,2,48,20,20)
r(1,38,48,21,21)
r(34,1,48,22,22)
r(5,19,48,23,23)
r(20,3,48,24,24)
r(13,8,48,25,25)
r(0,94,48,26,26)
r(2,35,48,27,27)
r(6,18,48,28,28)
w(5,20,48,29,29)
r(3,22,48,30,30)
r(0,94,48,31,31)
r(81,0,48,32,32)
r(0,94,48,33,33)
r(4,18,48,34,34)
r(0,94,48,35,35)
r(23,3,48,36,36)
w(14,6,48,37,37)
r(35,3,48,38,38)
r(1,38,48,39,39)
r(29,4,48,40,40)
r(1,38,48,41,41)
r(1,38,48,42,42)
r(2,35,48,43,43)
r(56,3,48,44,44)
r(1,38,48,45,45)
r(4,18,48,46,46)
r(0,94,48,47,47)
r(0,94,48,48,48)
r(0,94,48,49,49)
r(2,35,48,50,50)
r(2,35,48,51,51)
r(93,1,48,52,52)
r(0,94,48,53,53)
r(24,3,48,54,54)
r(0,94,48,55,55)
r(4,18,48,56,56)
r(1,38,48,57,57)
r(55,0,48,58,58)
r(6,18,48,59,59)
r(0,94,48,60,60)
r(0,94,48,61,61)
r(33,4,48,62,62)
w(4,19,48,63,63)
r(27,2,48,64,64)
r(18,2,48,65,65)
r(71,1,48,66,66)
r(0,94,48,67,67)
r(33,4,48,68,68)
r(12,10,48,69,69)
r(94,0,48,70,70)
w(2,36,48,71,71)
r(7,13,48,72,72)
r(4,19,48,73,73)
r(1,38,48,74,74)
r(5,20,48,75,75)
r(4,19,48,76,76)
r(83,1,48,77,77)
r(28,5,48,78,78)
r(7,13,48,79,79)
r(11,9,48,80,80)
r(0,94,48,81,81)
w(0,95,48,82,82)
r(2,36,48,83,83)
r(2,36,48,84,84)
r(49,1,48,85,85)
r(18,2,48,86,86)
r(0,95,48,87,87)
w(0,96,48,88,88)
r(15,3,48,89,89)
r(55,0,48,90,90)
r(16,5,48,91,91)
r(35,3,48,92,92)
r(1,38,48,93,93)
r(21,3,48,94,94)
r(0,96,48,95,95)
w(6,19,48,96,96)
r(42,1,48,97,97)
r(58,1,48,98,98)
r(2,36,48,99,99)
r(0,96,49,0,0)
r(97,0,49,1,1)
r(50,5,49,2,2)
r(18,2,49,3,3)
r(0,96,49,4,4)
r(3,22,49,5,5)
r(7,13,49,6,6)
r(92,1,49,7,7)
r(57,3,49,8,8)
r(55,0,49,9,9)
r(0,96,49,10,10)
r(0,96,49,11,11)
r(0,96,49,12,12)
w(3,23,49,13,13)
r(6,19,49,14,14)
r(32,1,49,15,15)
w(14,7,49,16,16)
r(0,96,49,17,17)
r(16,5,49,18,18)
r(5,20,49,19,19)
r(61,1,49,20,20)
r(1,38,49,21,21)
r(1,38,49,22,22)
r(6,19,49,23,23)
r(0,96,49,24,24)
w(0,97,49,25,25)
r(12,10,49,26,26)
r(13,8,49,27,27)
r(28,5,49,28,28)
r(16,5,49,29,29)
r(41,2,49,30,30)
r(37,3,49,31,31)
r(20,3,49,32,32)
r(1,38,49,33,33)
r(17,8,49,34,34)
r(62,0,49,35,35)
r(17,8,49,36,36)
r(81,0,49,37,37)
r(14,7,49,38,38)
r(0,97,49,39,39)
r(14,7,49,40,40)
w(2,37,49,41,41)
r(46,2,49,42,42)
r(10,10,49,43,43)
r(4,19,49,44,44)
r(74,2,49,45,45)
r(0,97,49,46,46)
r(21,3,49,47,47)
r(51,2,49,48,48)
r(5,20,49,49,49)
r(3,23,49,50,50)
r(0,97,49,51,51)
r(14,7,49,52,52)
r(4,19,49,53,53)
r(65,2,49,54,54)
r(0,97,49,55,55)
r(2,37,49,56,56)
r(12,10,49,57,57)
r(1,38,49,58,58)
r(21,3,49,59,59)
r(0,97,49,60,60)
r(57,3,49,61,61)
r(9,9,49,62,62)
r(40,2,49,63,63)
r(12,10,49,64,64)
r(81,0,49,65,65)
r(65,2,49,66,66)
r(12,10,49,67,67)
r(4,19,49,68,68)
r(3,23,49,69,69)
r(51,2,49,70,70)
r(29,4,49,71,71)
r(0,97,49,72,72)
w(4,20,49,73,73)
r(18,2,49,74,74)
r(16,5,49,75,75)
r(0,97,49,76,76)
w(83,2,49,77,77)
r(3,23,49,78,78)
w(0,98,49,79,79)
r(21,3,49,80,80)
r(6,19,49,81,81)
r(16,5,49,82,82)
r(6,19,49,83,83)
r(0,98,49,84,84)
r(2,37,49,85,85)
r(0,98,49,86,86)
r(0,98,49,87,87)
r(49,1,49,88,88)
r(1,38,49,89,89)
r(6,19,49,90,90)
r(73,4,49,91,91)
r(3,23,49,92,92)
r(34,1,49,93,93)
r(4,20,49,94,94)
r(0,98,49,95,95)
r(2,37,49,96,96)
r(9,9,49,97,97)
r(0,98,49,98,98)
r(0,98,49,99,99)
