r(97,0,0,0,0)
r(83,0,0,1,1)
r(97,0,0,2,2)
r(68,0,0,3,3)
r(12,0,0,4,4)
r(38,0,0,5,5)
r(68,0,0,6,6)
r(50,0,0,7,7)
r(91,0,0,8,8)
r(66,0,0,9,9)
r(75,0,0,10,10)
r(60,0,0,11,11)
r(75,0,0,12,12)
r(18,0,0,13,13)
r(74,0,0,14,14)
w(36,1,0,15,15)
r(43,0,0,16,16)
r(28,0,0,17,17)
w(36,2,0,18,18)
w(22,1,0,19,19)
r(15,0,0,20,20)
r(16,0,0,21,21)
r(51,0,0,22,22)
r(3,0,0,23,23)
r(55,0,0,24,24)
r(77,0,0,25,25)
r(67,0,0,26,26)
r(84,0,0,27,27)
r(99,0,0,28,28)
r(41,0,0,29,29)
r(43,0,0,30,30)
w(93,1,0,31,31)
r(59,0,0,32,32)
r(32,0,0,33,33)
r(59,0,0,34,34)
r(11,0,0,35,35)
r(7,0,0,36,36)
r(19,0,0,37,37)
r(31,0,0,38,38)
r(90,0,0,39,39)
r(7,0,0,40,40)
r(87,0,0,41,41)
r(90,0,0,42,42)
r(32,0,0,43,43)
r(63,0,0,44,44)
r(34,0,0,45,45)
r(25,0,0,46,46)
r(69,0,0,47,47)
r(61,0,0,48,48)
r(76,0,0,49,49)
r(10,0,0,50,50)
r(9,0,0,51,51)
r(6,0,0,52,52)
r(79,0,0,53,53)
r(11,0,0,54,54)
r(22,1,0,55,55)
r(29,0,0,56,56)
r(62,0,0,57,57)
r(95,0,0,58,58)
r(97,0,0,59,59)
r(59,0,0,60,60)
r(12,0,0,61,61)
r(5,0,0,62,62)
r(86,0,0,63,63)
r(77,0,0,64,64)
r(6,0,0,65,65)
r(12,0,0,66,66)
r(44,0,0,67,67)
r(0,0,0,68,68)
r(55,0,0,69,69)
r(75,0,0,70,70)
r(55,0,0,71,71)
r(26,0,0,72,72)
r(31,0,0,73,73)
r(38,0,0,74,74)
r(9,0,0,75,75)
r(89,0,0,76,76)
r(83,0,0,77,77)
r(31,0,0,78,78)
r(97,0,0,79,79)
r(58,0,0,80,80)
w(43,1,0,81,81)
w(89,1,0,82,82)
r(18,0,0,83,83)
r(46,0,0,84,84)
r(31,0,0,85,85)
r(29,0,0,86,86)
r(72,0,0,87,87)
r(93,1,0,88,88)
r(4,0,0,89,89)
r(61,0,0,90,90)
w(19,1,0,91,91)
r(99,0,0,92,92)
r(9,0,0,93,93)
r(49,0,0,94,94)
r(10,0,0,95,95)
r(65,0,0,96,96)
r(73,0,0,97,97)
r(8,0,0,98,98)
r(35,0,0,99,99)
r(40,0,1,0,0)
r(89,1,1,1,1)
r(82,0,1,2,2)
r(67,0,1,3,3)
r(16,0,1,4,4)
r(15,0,1,5,5)
r(98,0,1,6,6)
r(32,0,1,7,7)
w(13,1,1,8,8)
r(90,0,1,9,9)
r(5,0,1,10,10)
r(46,0,1,11,11)
w(48,1,1,12,12)
r(92,0,1,13,13)
r(52,0,1,14,14)
r(62,0,1,15,15)
w(81,1,1,16,16)
r(79,0,1,17,17)
r(45,0,1,18,18)
r(97,0,1,19,19)
r(13,1,1,20,20)
r(68,0,1,21,21)
r(15,0,1,22,22)
r(94,0,1,23,23)
r(40,0,1,24,24)
r(69,0,1,25,25)
r(82,0,1,26,26)
r(82,0,1,27,27)
r(33,0,1,28,28)
r(35,0,1,29,29)
r(87,0,1,30,30)
r(0,0,1,31,31)
r(78,0,1,32,32)
r(41,0,1,33,33)
r(10,0,1,34,34)
r(78,0,1,35,35)
r(60,0,1,36,36)
w(74,1,1,37,37)
r(89,1,1,38,38)
r(63,0,1,39,39)
r(5,0,1,40,40)
r(2,0,1,41,41)
r(69,0,1,42,42)
r(46,0,1,43,43)
r(22,1,1,44,44)
r(9,0,1,45,45)
r(14,0,1,46,46)
r(44,0,1,47,47)
r(6,0,1,48,48)
r(66,0,1,49,49)
r(97,0,1,50,50)
r(87,0,1,51,51)
r(39,0,1,52,52)
r(41,0,1,53,53)
r(89,1,1,54,54)
w(27,1,1,55,55)
r(64,0,1,56,56)
r(35,0,1,57,57)
r(3,0,1,58,58)
r(93,1,1,59,59)
r(2,0,1,60,60)
w(29,1,1,61,61)
r(99,0,1,62,62)
r(31,0,1,63,63)
r(7,0,1,64,64)
r(66,0,1,65,65)
r(6,0,1,66,66)
r(87,0,1,67,67)
r(7,0,1,68,68)
r(46,0,1,69,69)
r(56,0,1,70,70)
r(32,0,1,71,71)
r(99,0,1,72,72)
r(95,0,1,73,73)
r(17,0,1,74,74)
r(88,0,1,75,75)
r(63,0,1,76,76)
r(39,0,1,77,77)
r(60,0,1,78,78)
r(85,0,1,79,79)
r(36,2,1,80,80)
r(10,0,1,81,81)
r(41,0,1,82,82)
r(93,1,1,83,83)
r(68,0,1,84,84)
r(46,0,1,85,85)
r(11,0,1,86,86)
r(94,0,1,87,87)
r(32,0,1,88,88)
r(77,0,1,89,89)
r(24,0,1,90,90)
r(41,0,1,91,91)
r(36,2,1,92,92)
r(62,0,1,93,93)
w(84,1,1,94,94)
r(59,0,1,95,95)
r(64,0,1,96,96)
r(37,0,1,97,97)
w(72,1,1,98,98)
w(27,2,1,99,99)
r(81,1,2,0,0)
w(86,1,2,1,1)
r(92,0,2,2,2)
r(99,0,2,3,3)
r(27,2,2,4,4)
r(60,0,2,5,5)
r(10,0,2,6,6)
r(86,1,2,7,7)
r(75,0,2,8,8)
r(72,1,2,9,9)
r(83,0,2,10,10)
r(46,0,2,11,11)
r(27,2,2,12,12)
r(62,0,2,13,13)
r(74,1,2,14,14)
r(63,0,2,15,15)
r(15,0,2,16,16)
r(79,0,2,17,17)
w(49,1,2,18,18)
r(85,0,2,19,19)
r(29,1,2,20,20)
r(66,0,2,21,21)
r(87,0,2,22,22)
r(17,0,2,23,23)
w(91,1,2,24,24)
r(62,0,2,25,25)
r(96,0,2,26,26)
r(44,0,2,27,27)
r(78,0,2,28,28)
r(25,0,2,29,29)
w(60,1,2,30,30)
r(9,0,2,31,31)
r(71,0,2,32,32)
r(93,1,2,33,33)
r(9,0,2,34,34)
r(20,0,2,35,35)
r(3,0,2,36,36)
r(55,0,2,37,37)
r(49,1,2,38,38)
w(95,1,2,39,39)
r(74,1,2,40,40)
r(62,0,2,41,41)
r(13,1,2,42,42)
r(31,0,2,43,43)
r(5,0,2,44,44)
r(98,0,2,45,45)
r(14,0,2,46,46)
r(13,1,2,47,47)
r(9,0,2,48,48)
r(99,0,2,49,49)
r(87,0,2,50,50)
w(11,1,2,51,51)
r(71,0,2,52,52)
r(44,0,2,53,53)
w(65,1,2,54,54)
w(80,1,2,55,55)
r(67,0,2,56,56)
r(17,0,2,57,57)
r(50,0,2,58,58)
w(7,1,2,59,59)
r(40,0,2,60,60)
r(84,1,2,61,61)
r(55,0,2,62,62)
w(54,1,2,63,63)
r(2,0,2,64,64)
r(64,0,2,65,65)
r(74,1,2,66,66)
r(34,0,2,67,67)
r(22,1,2,68,68)
r(57,0,2,69,69)
r(83,0,2,70,70)
r(19,1,2,71,71)
w(4,1,2,72,72)
w(66,1,2,73,73)
r(18,0,2,74,74)
r(65,1,2,75,75)
r(11,1,2,76,76)
r(56,0,2,77,77)
w(89,2,2,78,78)
r(90,0,2,79,79)
r(83,0,2,80,80)
r(38,0,2,81,81)
r(75,0,2,82,82)
r(71,0,2,83,83)
r(58,0,2,84,84)
r(0,0,2,85,85)
r(40,0,2,86,86)
r(3,0,2,87,87)
r(92,0,2,88,88)
r(31,0,2,89,89)
r(57,0,2,90,90)
w(44,1,2,91,91)
r(10,0,2,92,92)
r(11,1,2,93,93)
w(62,1,2,94,94)
r(29,1,2,95,95)
w(9,1,2,96,96)
r(93,1,2,97,97)
r(68,0,2,98,98)
r(56,0,2,99,99)
r(8,0,3,0,0)
r(74,1,3,1,1)
r(93,1,3,2,2)
w(59,1,3,3,3)
r(21,0,3,4,4)
r(90,0,3,5,5)
r(3,0,3,6,6)
r(60,1,3,7,7)
r(63,0,3,8,8)
r(96,0,3,9,9)
r(87,0,3,10,10)
r(11,1,3,11,11)
r(12,0,3,12,12)
r(99,0,3,13,13)
r(97,0,3,14,14)
r(0,0,3,15,15)
r(48,1,3,16,16)
r(69,0,3,17,17)
r(57,0,3,18,18)
r(29,1,3,19,19)
r(81,1,3,20,20)
w(19,2,3,21,21)
w(67,1,3,22,22)
r(95,1,3,23,23)
r(56,0,3,24,24)
r(51,0,3,25,25)
r(25,0,3,26,26)
r(52,0,3,27,27)
r(65,1,3,28,28)
r(43,1,3,29,29)
r(25,0,3,30,30)
r(12,0,3,31,31)
r(43,1,3,32,32)
r(52,0,3,33,33)
r(53,0,3,34,34)
r(83,0,3,35,35)
r(87,0,3,36,36)
r(58,0,3,37,37)
r(83,0,3,38,38)
w(1,1,3,39,39)
r(40,0,3,40,40)
r(58,0,3,41,41)
r(51,0,3,42,42)
r(42,0,3,43,43)
r(72,1,3,44,44)
r(39,0,3,45,45)
r(35,0,3,46,46)
r(59,1,3,47,47)
r(51,0,3,48,48)
r(89,2,3,49,49)
r(97,0,3,50,50)
r(5,0,3,51,51)
r(26,0,3,52,52)
r(6,0,3,53,53)
r(13,1,3,54,54)
r(9,1,3,55,55)
r(36,2,3,56,56)
r(44,1,3,57,57)
r(14,0,3,58,58)
r(19,2,3,59,59)
r(70,0,3,60,60)
r(51,0,3,61,61)
r(69,0,3,62,62)
r(22,1,3,63,63)
r(83,0,3,64,64)
r(29,1,3,65,65)
r(93,1,3,66,66)
r(17,0,3,67,67)
r(74,1,3,68,68)
r(37,0,3,69,69)
r(17,0,3,70,70)
r(12,0,3,71,71)
r(82,0,3,72,72)
r(60,1,3,73,73)
r(70,0,3,74,74)
r(42,0,3,75,75)
r(55,0,3,76,76)
r(0,0,3,77,77)
r(13,1,3,78,78)
r(40,0,3,79,79)
r(18,0,3,80,80)
w(7,2,3,81,81)
r(59,1,3,82,82)
r(59,1,3,83,83)
r(85,0,3,84,84)
r(65,1,3,85,85)
r(54,1,3,86,86)
w(71,1,3,87,87)
r(65,1,3,88,88)
r(75,0,3,89,89)
r(62,1,3,90,90)
r(52,0,3,91,91)
r(24,0,3,92,92)
r(72,1,3,93,93)
w(76,1,3,94,94)
r(57,0,3,95,95)
r(71,1,3,96,96)
r(29,1,3,97,97)
w(88,1,3,98,98)
r(66,1,3,99,99)
r(48,1,4,0,0)
r(43,1,4,1,1)
r(13,1,4,2,2)
r(79,0,4,3,3)
r(40,0,4,4,4)
r(97,0,4,5,5)
r(4,1,4,6,6)
r(1,1,4,7,7)
r(51,0,4,8,8)
r(67,1,4,9,9)
r(28,0,4,10,10)
r(71,1,4,11,11)
r(82,0,4,12,12)
r(60,1,4,13,13)
r(15,0,4,14,14)
r(42,0,4,15,15)
r(55,0,4,16,16)
r(65,1,4,17,17)
w(77,1,4,18,18)
r(58,0,4,19,19)
r(62,1,4,20,20)
w(45,1,4,21,21)
r(72,1,4,22,22)
r(21,0,4,23,23)
r(33,0,4,24,24)
r(32,0,4,25,25)
r(99,0,4,26,26)
r(75,0,4,27,27)
r(21,0,4,28,28)
r(50,0,4,29,29)
r(84,1,4,30,30)
w(6,1,4,31,31)
r(72,1,4,32,32)
r(60,1,4,33,33)
r(78,0,4,34,34)
r(14,0,4,35,35)
r(97,0,4,36,36)
r(99,0,4,37,37)
r(73,0,4,38,38)
r(9,1,4,39,39)
r(68,0,4,40,40)
r(59,1,4,41,41)
r(72,1,4,42,42)
r(73,0,4,43,43)
r(56,0,4,44,44)
r(94,0,4,45,45)
w(48,2,4,46,46)
r(79,0,4,47,47)
r(24,0,4,48,48)
r(68,0,4,49,49)
r(68,0,4,50,50)
r(44,1,4,51,51)
r(33,0,4,52,52)
r(11,1,4,53,53)
r(96,0,4,54,54)
r(80,1,4,55,55)
r(63,0,4,56,56)
r(38,0,4,57,57)
r(85,0,4,58,58)
r(68,0,4,59,59)
r(45,1,4,60,60)
r(41,0,4,61,61)
r(17,0,4,62,62)
r(10,0,4,63,63)
r(77,1,4,64,64)
r(50,0,4,65,65)
r(7,2,4,66,66)
r(60,1,4,67,67)
r(68,0,4,68,68)
r(56,0,4,69,69)
r(40,0,4,70,70)
r(8,0,4,71,71)
w(72,2,4,72,72)
w(50,1,4,73,73)
r(57,0,4,74,74)
r(54,1,4,75,75)
r(94,0,4,76,76)
r(75,0,4,77,77)
r(42,0,4,78,78)
r(45,1,4,79,79)
r(43,1,4,80,80)
w(83,1,4,81,81)
r(54,1,4,82,82)
r(59,1,4,83,83)
r(10,0,4,84,84)
r(57,0,4,85,85)
r(56,0,4,86,86)
r(34,0,4,87,87)
r(3,0,4,88,88)
w(15,1,4,89,89)
r(22,1,4,90,90)
w(90,1,4,91,91)
r(99,0,4,92,92)
r(8,0,4,93,93)
r(51,0,4,94,94)
r(35,0,4,95,95)
w(89,3,4,96,96)
w(44,2,4,97,97)
r(54,1,4,98,98)
r(27,2,4,99,99)
r(43,1,5,0,0)
r(76,1,5,1,1)
r(93,1,5,2,2)
r(89,3,5,3,3)
r(66,1,5,4,4)
w(17,1,5,5,5)
r(97,0,5,6,6)
r(96,0,5,7,7)
r(96,0,5,8,8)
r(26,0,5,9,9)
r(35,0,5,10,10)
r(21,0,5,11,11)
r(52,0,5,12,12)
r(37,0,5,13,13)
r(65,1,5,14,14)
w(52,1,5,15,15)
r(18,0,5,16,16)
r(27,2,5,17,17)
r(13,1,5,18,18)
w(13,2,5,19,19)
r(89,3,5,20,20)
r(44,2,5,21,21)
w(49,2,5,22,22)
r(98,0,5,23,23)
r(25,0,5,24,24)
r(31,0,5,25,25)
r(89,3,5,26,26)
r(75,0,5,27,27)
w(88,2,5,28,28)
r(6,1,5,29,29)
r(7,2,5,30,30)
r(94,0,5,31,31)
w(23,1,5,32,32)
r(43,1,5,33,33)
r(18,0,5,34,34)
r(68,0,5,35,35)
r(26,0,5,36,36)
r(3,0,5,37,37)
r(87,0,5,38,38)
r(73,0,5,39,39)
r(94,0,5,40,40)
r(22,1,5,41,41)
r(10,0,5,42,42)
r(82,0,5,43,43)
r(2,0,5,44,44)
w(48,3,5,45,45)
r(94,0,5,46,46)
r(46,0,5,47,47)
r(57,0,5,48,48)
w(13,3,5,49,49)
r(69,0,5,50,50)
r(40,0,5,51,51)
r(76,1,5,52,52)
r(92,0,5,53,53)
r(23,1,5,54,54)
w(27,3,5,55,55)
r(40,0,5,56,56)
w(25,1,5,57,57)
w(49,3,5,58,58)
r(18,0,5,59,59)
r(42,0,5,60,60)
r(53,0,5,61,61)
r(38,0,5,62,62)
r(4,1,5,63,63)
r(52,1,5,64,64)
r(70,0,5,65,65)
r(49,3,5,66,66)
r(29,1,5,67,67)
r(99,0,5,68,68)
r(21,0,5,69,69)
r(47,0,5,70,70)
r(23,1,5,71,71)
r(94,0,5,72,72)
r(67,1,5,73,73)
r(93,1,5,74,74)
r(72,2,5,75,75)
r(25,1,5,76,76)
r(31,0,5,77,77)
r(57,0,5,78,78)
r(96,0,5,79,79)
r(37,0,5,80,80)
r(39,0,5,81,81)
r(30,0,5,82,82)
r(3,0,5,83,83)
r(18,0,5,84,84)
r(77,1,5,85,85)
r(78,0,5,86,86)
r(80,1,5,87,87)
r(73,0,5,88,88)
w(28,1,5,89,89)
r(11,1,5,90,90)
r(11,1,5,91,91)
r(49,3,5,92,92)
r(53,0,5,93,93)
r(87,0,5,94,94)
r(16,0,5,95,95)
r(94,0,5,96,96)
r(5,0,5,97,97)
r(16,0,5,98,98)
r(14,0,5,99,99)
r(83,1,6,0,0)
r(21,0,6,1,1)
r(53,0,6,2,2)
w(13,4,6,3,3)
w(85,1,6,4,4)
r(13,4,6,5,5)
r(82,0,6,6,6)
r(94,0,6,7,7)
r(82,0,6,8,8)
r(54,1,6,9,9)
r(51,0,6,10,10)
r(77,1,6,11,11)
r(23,1,6,12,12)
r(81,1,6,13,13)
r(87,0,6,14,14)
w(31,1,6,15,15)
r(51,0,6,16,16)
r(38,0,6,17,17)
r(11,1,6,18,18)
r(41,0,6,19,19)
r(88,2,6,20,20)
r(43,1,6,21,21)
r(19,2,6,22,22)
r(94,0,6,23,23)
r(84,1,6,24,24)
w(89,4,6,25,25)
r(35,0,6,26,26)
r(20,0,6,27,27)
r(87,0,6,28,28)
r(8,0,6,29,29)
r(35,0,6,30,30)
r(21,0,6,31,31)
r(13,4,6,32,32)
r(53,0,6,33,33)
r(64,0,6,34,34)
w(89,5,6,35,35)
r(55,0,6,36,36)
r(24,0,6,37,37)
r(71,1,6,38,38)
r(64,0,6,39,39)
r(53,0,6,40,40)
r(91,1,6,41,41)
r(20,0,6,42,42)
r(28,1,6,43,43)
r(29,1,6,44,44)
r(79,0,6,45,45)
r(20,0,6,46,46)
r(6,1,6,47,47)
r(3,0,6,48,48)
r(4,1,6,49,49)
w(46,1,6,50,50)
r(61,0,6,51,51)
r(93,1,6,52,52)
r(84,1,6,53,53)
r(57,0,6,54,54)
r(76,1,6,55,55)
w(50,2,6,56,56)
r(66,1,6,57,57)
r(64,0,6,58,58)
r(93,1,6,59,59)
r(82,0,6,60,60)
r(38,0,6,61,61)
r(19,2,6,62,62)
r(33,0,6,63,63)
r(22,1,6,64,64)
r(93,1,6,65,65)
r(54,1,6,66,66)
r(51,0,6,67,67)
r(44,2,6,68,68)
r(88,2,6,69,69)
r(96,0,6,70,70)
r(95,1,6,71,71)
r(42,0,6,72,72)
w(19,3,6,73,73)
r(77,1,6,74,74)
r(73,0,6,75,75)
r(40,0,6,76,76)
r(93,1,6,77,77)
r(24,0,6,78,78)
r(67,1,6,79,79)
r(75,0,6,80,80)
r(65,1,6,81,81)
r(52,1,6,82,82)
r(2,0,6,83,83)
r(52,1,6,84,84)
r(93,1,6,85,85)
r(39,0,6,86,86)
r(76,1,6,87,87)
r(79,0,6,88,88)
w(91,2,6,89,89)
r(77,1,6,90,90)
r(94,0,6,91,91)
r(48,3,6,92,92)
r(64,0,6,93,93)
r(6,1,6,94,94)
r(62,1,6,95,95)
r(67,1,6,96,96)
r(86,1,6,97,97)
r(65,1,6,98,98)
r(45,1,6,99,99)
r(66,1,7,0,0)
r(47,0,7,1,1)
r(7,2,7,2,2)
r(88,2,7,3,3)
r(92,0,7,4,4)
r(50,2,7,5,5)
r(64,0,7,6,6)
r(0,0,7,7,7)
r(76,1,7,8,8)
r(5,0,7,9,9)
r(65,1,7,10,10)
r(96,0,7,11,11)
r(53,0,7,12,12)
r(1,1,7,13,13)
r(77,1,7,14,14)
r(31,1,7,15,15)
r(36,2,7,16,16)
r(87,0,7,17,17)
r(9,1,7,18,18)
r(63,0,7,19,19)
r(49,3,7,20,20)
w(55,1,7,21,21)
r(63,0,7,22,22)
r(95,1,7,23,23)
r(38,0,7,24,24)
w(39,1,7,25,25)
r(36,2,7,26,26)
r(17,1,7,27,27)
r(44,2,7,28,28)
w(81,2,7,29,29)
w(71,2,7,30,30)
r(12,0,7,31,31)
r(27,3,7,32,32)
r(80,1,7,33,33)
w(8,1,7,34,34)
r(68,0,7,35,35)
r(63,0,7,36,36)
r(53,0,7,37,37)
w(77,2,7,38,38)
r(45,1,7,39,39)
r(55,1,7,40,40)
r(10,0,7,41,41)
r(13,4,7,42,42)
r(71,2,7,43,43)
r(71,2,7,44,44)
r(62,1,7,45,45)
r(28,1,7,46,46)
r(8,1,7,47,47)
r(16,0,7,48,48)
r(35,0,7,49,49)
r(68,0,7,50,50)
w(29,2,7,51,51)
r(81,2,7,52,52)
r(63,0,7,53,53)
r(90,1,7,54,54)
r(33,0,7,55,55)
r(22,1,7,56,56)
r(84,1,7,57,57)
r(41,0,7,58,58)
r(17,1,7,59,59)
r(91,2,7,60,60)
r(14,0,7,61,61)
r(43,1,7,62,62)
r(98,0,7,63,63)
r(67,1,7,64,64)
r(46,1,7,65,65)
r(81,2,7,66,66)
r(0,0,7,67,67)
r(29,2,7,68,68)
r(31,1,7,69,69)
r(88,2,7,70,70)
w(78,1,7,71,71)
r(57,0,7,72,72)
r(31,1,7,73,73)
r(54,1,7,74,74)
r(61,0,7,75,75)
r(84,1,7,76,76)
r(93,1,7,77,77)
r(27,3,7,78,78)
r(16,0,7,79,79)
r(46,1,7,80,80)
w(51,1,7,81,81)
r(60,1,7,82,82)
r(95,1,7,83,83)
r(84,1,7,84,84)
r(8,1,7,85,85)
w(92,1,7,86,86)
r(27,3,7,87,87)
r(37,0,7,88,88)
r(76,1,7,89,89)
r(83,1,7,90,90)
r(59,1,7,91,91)
r(0,0,7,92,92)
r(40,0,7,93,93)
r(42,0,7,94,94)
r(88,2,7,95,95)
r(39,1,7,96,96)
r(18,0,7,97,97)
r(29,2,7,98,98)
r(28,1,7,99,99)
r(95,1,8,0,0)
r(52,1,8,1,1)
r(85,1,8,2,2)
r(34,0,8,3,3)
r(87,0,8,4,4)
r(15,1,8,5,5)
r(18,0,8,6,6)
r(52,1,8,7,7)
r(34,0,8,8,8)
r(48,3,8,9,9)
r(40,0,8,10,10)
r(86,1,8,11,11)
r(65,1,8,12,12)
r(31,1,8,13,13)
r(11,1,8,14,14)
r(86,1,8,15,15)
r(53,0,8,16,16)
r(30,0,8,17,17)
r(94,0,8,18,18)
r(14,0,8,19,19)
r(0,0,8,20,20)
r(80,1,8,21,21)
r(11,1,8,22,22)
r(47,0,8,23,23)
r(58,0,8,24,24)
r(23,1,8,25,25)
r(30,0,8,26,26)
r(19,3,8,27,27)
r(14,0,8,28,28)
r(24,0,8,29,29)
r(43,1,8,30,30)
r(96,0,8,31,31)
r(57,0,8,32,32)
r(68,0,8,33,33)
r(58,0,8,34,34)
r(76,1,8,35,35)
w(84,2,8,36,36)
r(74,1,8,37,37)
r(82,0,8,38,38)
r(55,1,8,39,39)
r(97,0,8,40,40)
r(36,2,8,41,41)
r(72,2,8,42,42)
r(32,0,8,43,43)
r(78,1,8,44,44)
r(49,3,8,45,45)
r(39,1,8,46,46)
w(16,1,8,47,47)
r(97,0,8,48,48)
r(98,0,8,49,49)
r(53,0,8,50,50)
r(45,1,8,51,51)
w(60,2,8,52,52)
r(81,2,8,53,53)
w(29,3,8,54,54)
r(86,1,8,55,55)
r(11,1,8,56,56)
r(48,3,8,57,57)
r(65,1,8,58,58)
r(49,3,8,59,59)
r(26,0,8,60,60)
r(19,3,8,61,61)
r(60,2,8,62,62)
r(67,1,8,63,63)
r(5,0,8,64,64)
r(45,1,8,65,65)
r(85,1,8,66,66)
r(0,0,8,67,67)
r(41,0,8,68,68)
r(74,1,8,69,69)
r(43,1,8,70,70)
r(48,3,8,71,71)
r(86,1,8,72,72)
r(17,1,8,73,73)
r(23,1,8,74,74)
r(53,0,8,75,75)
r(34,0,8,76,76)
r(15,1,8,77,77)
r(93,1,8,78,78)
r(77,2,8,79,79)
r(24,0,8,80,80)
r(16,1,8,81,81)
r(55,1,8,82,82)
r(42,0,8,83,83)
r(73,0,8,84,84)
w(32,1,8,85,85)
r(43,1,8,86,86)
r(62,1,8,87,87)
r(6,1,8,88,88)
r(14,0,8,89,89)
r(38,0,8,90,90)
r(97,0,8,91,91)
r(11,1,8,92,92)
r(8,1,8,93,93)
r(37,0,8,94,94)
r(29,3,8,95,95)
r(33,0,8,96,96)
r(11,1,8,97,97)
r(66,1,8,98,98)
r(58,0,8,99,99)
r(80,1,9,0,0)
r(23,1,9,1,1)
r(79,0,9,2,2)
r(4,1,9,3,3)
r(89,5,9,4,4)
r(57,0,9,5,5)
r(79,0,9,6,6)
r(51,1,9,7,7)
r(4,1,9,8,8)
w(80,2,9,9,9)
r(76,1,9,10,10)
r(39,1,9,11,11)
r(88,2,9,12,12)
w(95,2,9,13,13)
r(58,0,9,14,14)
r(64,0,9,15,15)
r(41,0,9,16,16)
r(33,0,9,17,17)
r(66,1,9,18,18)
r(10,0,9,19,19)
r(32,1,9,20,20)
r(37,0,9,21,21)
r(85,1,9,22,22)
w(10,1,9,23,23)
r(59,1,9,24,24)
r(15,1,9,25,25)
r(98,0,9,26,26)
r(72,2,9,27,27)
w(43,2,9,28,28)
r(72,2,9,29,29)
r(71,2,9,30,30)
r(8,1,9,31,31)
r(17,1,9,32,32)
w(42,1,9,33,33)
r(81,2,9,34,34)
r(52,1,9,35,35)
w(78,2,9,36,36)
r(62,1,9,37,37)
r(39,1,9,38,38)
r(94,0,9,39,39)
r(56,0,9,40,40)
r(29,3,9,41,41)
r(7,2,9,42,42)
r(86,1,9,43,43)
r(40,0,9,44,44)
r(93,1,9,45,45)
r(51,1,9,46,46)
r(98,0,9,47,47)
w(53,1,9,48,48)
r(97,0,9,49,49)
r(6,1,9,50,50)
w(7,3,9,51,51)
w(71,3,9,52,52)
r(25,1,9,53,53)
r(19,3,9,54,54)
r(51,1,9,55,55)
r(79,0,9,56,56)
r(33,0,9,57,57)
r(56,0,9,58,58)
r(49,3,9,59,59)
r(81,2,9,60,60)
w(58,1,9,61,61)
r(73,0,9,62,62)
r(12,0,9,63,63)
r(35,0,9,64,64)
r(19,3,9,65,65)
r(37,0,9,66,66)
r(85,1,9,67,67)
r(97,0,9,68,68)
w(84,3,9,69,69)
r(49,3,9,70,70)
r(81,2,9,71,71)
r(7,3,9,72,72)
r(62,1,9,73,73)
r(45,1,9,74,74)
r(37,0,9,75,75)
r(37,0,9,76,76)
r(24,0,9,77,77)
r(83,1,9,78,78)
r(67,1,9,79,79)
r(72,2,9,80,80)
r(48,3,9,81,81)
r(79,0,9,82,82)
r(21,0,9,83,83)
r(2,0,9,84,84)
r(11,1,9,85,85)
r(75,0,9,86,86)
r(6,1,9,87,87)
r(0,0,9,88,88)
r(4,1,9,89,89)
r(48,3,9,90,90)
r(84,3,9,91,91)
r(24,0,9,92,92)
w(3,1,9,93,93)
r(17,1,9,94,94)
r(73,0,9,95,95)
r(76,1,9,96,96)
w(41,1,9,97,97)
w(70,1,9,98,98)
r(20,0,9,99,99)
r(95,2,10,0,0)
r(6,1,10,1,1)
r(97,0,10,2,2)
r(78,2,10,3,3)
r(80,2,10,4,4)
r(20,0,10,5,5)
r(31,1,10,6,6)
r(93,1,10,7,7)
r(83,1,10,8,8)
r(68,0,10,9,9)
r(99,0,10,10,10)
r(22,1,10,11,11)
r(40,0,10,12,12)
r(89,5,10,13,13)
w(2,1,10,14,14)
r(20,0,10,15,15)
r(27,3,10,16,16)
r(14,0,10,17,17)
r(78,2,10,18,18)
r(51,1,10,19,19)
r(49,3,10,20,20)
r(24,0,10,21,21)
r(3,1,10,22,22)
r(45,1,10,23,23)
r(76,1,10,24,24)
r(34,0,10,25,25)
r(26,0,10,26,26)
r(83,1,10,27,27)
r(63,0,10,28,28)
r(10,1,10,29,29)
r(10,1,10,30,30)
r(39,1,10,31,31)
r(56,0,10,32,32)
r(50,2,10,33,33)
r(19,3,10,34,34)
r(66,1,10,35,35)
r(50,2,10,36,36)
r(29,3,10,37,37)
r(76,1,10,38,38)
r(11,1,10,39,39)
r(16,1,10,40,40)
r(29,3,10,41,41)
r(98,0,10,42,42)
r(86,1,10,43,43)
r(13,4,10,44,44)
r(56,0,10,45,45)
r(64,0,10,46,46)
r(77,2,10,47,47)
w(53,2,10,48,48)
w(60,3,10,49,49)
r(80,2,10,50,50)
r(92,1,10,51,51)
r(70,1,10,52,52)
r(74,1,10,53,53)
r(66,1,10,54,54)
r(62,1,10,55,55)
r(24,0,10,56,56)
r(1,1,10,57,57)
r(96,0,10,58,58)
r(25,1,10,59,59)
w(55,2,10,60,60)
r(64,0,10,61,61)
r(18,0,10,62,62)
r(46,1,10,63,63)
r(28,1,10,64,64)
r(59,1,10,65,65)
r(57,0,10,66,66)
r(67,1,10,67,67)
w(42,2,10,68,68)
r(1,1,10,69,69)
r(28,1,10,70,70)
r(58,1,10,71,71)
r(38,0,10,72,72)
r(46,1,10,73,73)
r(76,1,10,74,74)
r(39,1,10,75,75)
w(62,2,10,76,76)
r(63,0,10,77,77)
r(7,3,10,78,78)
r(49,3,10,79,79)
r(20,0,10,80,80)
r(13,4,10,81,81)
r(65,1,10,82,82)
r(45,1,10,83,83)
r(51,1,10,84,84)
r(58,1,10,85,85)
w(55,3,10,86,86)
r(25,1,10,87,87)
r(34,0,10,88,88)
w(77,3,10,89,89)
r(54,1,10,90,90)
w(39,2,10,91,91)
r(3,1,10,92,92)
r(72,2,10,93,93)
r(2,1,10,94,94)
r(47,0,10,95,95)
r(90,1,10,96,96)
r(95,2,10,97,97)
r(18,0,10,98,98)
r(53,2,10,99,99)
r(72,2,11,0,0)
r(68,0,11,1,1)
r(88,2,11,2,2)
r(19,3,11,3,3)
r(75,0,11,4,4)
r(97,0,11,5,5)
r(92,1,11,6,6)
r(72,2,11,7,7)
r(91,2,11,8,8)
r(54,1,11,9,9)
r(33,0,11,10,10)
r(43,2,11,11,11)
r(80,2,11,12,12)
r(79,0,11,13,13)
r(31,1,11,14,14)
r(20,0,11,15,15)
w(49,4,11,16,16)
r(79,0,11,17,17)
r(42,2,11,18,18)
r(23,1,11,19,19)
r(85,1,11,20,20)
r(32,1,11,21,21)
r(72,2,11,22,22)
r(29,3,11,23,23)
r(7,3,11,24,24)
r(34,0,11,25,25)
r(41,1,11,26,26)
r(60,3,11,27,27)
r(72,2,11,28,28)
r(7,3,11,29,29)
r(28,1,11,30,30)
r(95,2,11,31,31)
r(45,1,11,32,32)
r(33,0,11,33,33)
r(83,1,11,34,34)
r(98,0,11,35,35)
r(63,0,11,36,36)
r(27,3,11,37,37)
r(9,1,11,38,38)
r(21,0,11,39,39)
r(11,1,11,40,40)
r(0,0,11,41,41)
r(69,0,11,42,42)
r(29,3,11,43,43)
r(65,1,11,44,44)
r(14,0,11,45,45)
r(37,0,11,46,46)
r(75,0,11,47,47)
r(91,2,11,48,48)
w(23,2,11,49,49)
r(32,1,11,50,50)
r(16,1,11,51,51)
r(17,1,11,52,52)
r(39,2,11,53,53)
r(37,0,11,54,54)
r(26,0,11,55,55)
w(35,1,11,56,56)
r(87,0,11,57,57)
r(66,1,11,58,58)
r(16,1,11,59,59)
r(44,2,11,60,60)
r(6,1,11,61,61)
r(69,0,11,62,62)
r(79,0,11,63,63)
r(14,0,11,64,64)
r(25,1,11,65,65)
r(70,1,11,66,66)
r(97,0,11,67,67)
r(31,1,11,68,68)
r(46,1,11,69,69)
r(69,0,11,70,70)
r(10,1,11,71,71)
r(21,0,11,72,72)
r(70,1,11,73,73)
r(23,2,11,74,74)
r(61,0,11,75,75)
r(36,2,11,76,76)
r(13,4,11,77,77)
r(5,0,11,78,78)
r(16,1,11,79,79)
r(53,2,11,80,80)
r(59,1,11,81,81)
r(68,0,11,82,82)
r(43,2,11,83,83)
r(12,0,11,84,84)
r(85,1,11,85,85)
r(24,0,11,86,86)
w(26,1,11,87,87)
r(88,2,11,88,88)
r(92,1,11,89,89)
r(11,1,11,90,90)
w(43,3,11,91,91)
r(49,4,11,92,92)
r(69,0,11,93,93)
r(56,0,11,94,94)
r(52,1,11,95,95)
r(42,2,11,96,96)
r(63,0,11,97,97)
r(18,0,11,98,98)
r(61,0,11,99,99)
r(5,0,12,0,0)
r(22,1,12,1,1)
r(75,0,12,2,2)
r(50,2,12,3,3)
r(19,3,12,4,4)
r(39,2,12,5,5)
r(85,1,12,6,6)
r(47,0,12,7,7)
r(77,3,12,8,8)
r(54,1,12,9,9)
r(33,0,12,10,10)
r(65,1,12,11,11)
r(82,0,12,12,12)
r(66,1,12,13,13)
r(95,2,12,14,14)
r(23,2,12,15,15)
r(36,2,12,16,16)
r(86,1,12,17,17)
r(92,1,12,18,18)
r(22,1,12,19,19)
r(93,1,12,20,20)
r(62,2,12,21,21)
r(48,3,12,22,22)
r(65,1,12,23,23)
r(31,1,12,24,24)
r(96,0,12,25,25)
r(41,1,12,26,26)
r(74,1,12,27,27)
r(33,0,12,28,28)
r(68,0,12,29,29)
r(70,1,12,30,30)
r(77,3,12,31,31)
r(7,3,12,32,32)
r(96,0,12,33,33)
r(80,2,12,34,34)
r(20,0,12,35,35)
r(87,0,12,36,36)
r(7,3,12,37,37)
r(27,3,12,38,38)
r(96,0,12,39,39)
r(93,1,12,40,40)
r(25,1,12,41,41)
r(63,0,12,42,42)
r(38,0,12,43,43)
r(58,1,12,44,44)
r(26,1,12,45,45)
r(61,0,12,46,46)
r(47,0,12,47,47)
w(99,1,12,48,48)
r(8,1,12,49,49)
r(41,1,12,50,50)
w(37,1,12,51,51)
r(11,1,12,52,52)
r(45,1,12,53,53)
r(78,2,12,54,54)
r(23,2,12,55,55)
r(80,2,12,56,56)
r(48,3,12,57,57)
w(5,1,12,58,58)
r(85,1,12,59,59)
r(2,1,12,60,60)
r(86,1,12,61,61)
r(10,1,12,62,62)
r(80,2,12,63,63)
r(44,2,12,64,64)
r(94,0,12,65,65)
w(14,1,12,66,66)
r(47,0,12,67,67)
r(30,0,12,68,68)
r(21,0,12,69,69)
r(52,1,12,70,70)
r(30,0,12,71,71)
r(92,1,12,72,72)
r(44,2,12,73,73)
r(63,0,12,74,74)
r(56,0,12,75,75)
r(43,3,12,76,76)
r(90,1,12,77,77)
r(89,5,12,78,78)
w(69,1,12,79,79)
w(65,2,12,80,80)
r(51,1,12,81,81)
w(32,2,12,82,82)
r(14,1,12,83,83)
r(14,1,12,84,84)
r(91,2,12,85,85)
r(17,1,12,86,86)
r(87,0,12,87,87)
r(94,0,12,88,88)
r(31,1,12,89,89)
r(12,0,12,90,90)
r(86,1,12,91,91)
r(3,1,12,92,92)
r(75,0,12,93,93)
r(70,1,12,94,94)
r(54,1,12,95,95)
r(63,0,12,96,96)
r(41,1,12,97,97)
r(22,1,12,98,98)
r(7,3,12,99,99)
r(37,1,13,0,0)
r(21,0,13,1,1)
r(97,0,13,2,2)
r(53,2,13,3,3)
r(81,2,13,4,4)
r(54,1,13,5,5)
w(13,5,13,6,6)
r(98,0,13,7,7)
w(15,2,13,8,8)
r(89,5,13,9,9)
r(60,3,13,10,10)
r(11,1,13,11,11)
r(36,2,13,12,12)
r(55,3,13,13,13)
r(19,3,13,14,14)
r(15,2,13,15,15)
r(45,1,13,16,16)
r(8,1,13,17,17)
r(94,0,13,18,18)
r(22,1,13,19,19)
r(56,0,13,20,20)
r(98,0,13,21,21)
r(62,2,13,22,22)
r(15,2,13,23,23)
r(75,0,13,24,24)
r(63,0,13,25,25)
r(47,0,13,26,26)
r(14,1,13,27,27)
r(50,2,13,28,28)
r(25,1,13,29,29)
r(19,3,13,30,30)
r(75,0,13,31,31)
r(2,1,13,32,32)
w(30,1,13,33,33)
w(58,2,13,34,34)
r(75,0,13,35,35)
r(48,3,13,36,36)
r(14,1,13,37,37)
r(58,2,13,38,38)
r(84,3,13,39,39)
r(21,0,13,40,40)
r(20,0,13,41,41)
r(61,0,13,42,42)
r(17,1,13,43,43)
r(60,3,13,44,44)
r(67,1,13,45,45)
r(56,0,13,46,46)
w(38,1,13,47,47)
r(87,0,13,48,48)
r(31,1,13,49,49)
r(95,2,13,50,50)
r(27,3,13,51,51)
r(6,1,13,52,52)
r(62,2,13,53,53)
r(77,3,13,54,54)
r(48,3,13,55,55)
r(52,1,13,56,56)
r(47,0,13,57,57)
r(34,0,13,58,58)
r(25,1,13,59,59)
r(97,0,13,60,60)
r(59,1,13,61,61)
r(3,1,13,62,62)
r(57,0,13,63,63)
r(39,2,13,64,64)
r(17,1,13,65,65)
r(70,1,13,66,66)
r(46,1,13,67,67)
r(96,0,13,68,68)
r(51,1,13,69,69)
r(42,2,13,70,70)
r(13,5,13,71,71)
r(61,0,13,72,72)
w(83,2,13,73,73)
r(25,1,13,74,74)
r(52,1,13,75,75)
r(68,0,13,76,76)
r(38,1,13,77,77)
r(65,2,13,78,78)
r(98,0,13,79,79)
r(70,1,13,80,80)
r(0,0,13,81,81)
r(42,2,13,82,82)
r(44,2,13,83,83)
r(58,2,13,84,84)
r(36,2,13,85,85)
r(88,2,13,86,86)
r(46,1,13,87,87)
r(43,3,13,88,88)
r(41,1,13,89,89)
r(29,3,13,90,90)
r(74,1,13,91,91)
w(83,3,13,92,92)
r(26,1,13,93,93)
r(56,0,13,94,94)
r(75,0,13,95,95)
r(41,1,13,96,96)
r(60,3,13,97,97)
r(67,1,13,98,98)
r(72,2,13,99,99)
r(62,2,14,0,0)
r(61,0,14,1,1)
w(91,3,14,2,2)
r(37,1,14,3,3)
r(52,1,14,4,4)
r(56,0,14,5,5)
r(57,0,14,6,6)
r(65,2,14,7,7)
r(9,1,14,8,8)
r(17,1,14,9,9)
r(33,0,14,10,10)
r(42,2,14,11,11)
r(62,2,14,12,12)
w(43,4,14,13,13)
r(79,0,14,14,14)
r(76,1,14,15,15)
r(93,1,14,16,16)
r(45,1,14,17,17)
r(34,0,14,18,18)
r(20,0,14,19,19)
r(97,0,14,20,20)
r(84,3,14,21,21)
r(53,2,14,22,22)
r(96,0,14,23,23)
r(63,0,14,24,24)
r(71,3,14,25,25)
r(41,1,14,26,26)
r(46,1,14,27,27)
r(78,2,14,28,28)
r(48,3,14,29,29)
w(17,2,14,30,30)
r(84,3,14,31,31)
r(27,3,14,32,32)
r(13,5,14,33,33)
r(29,3,14,34,34)
r(74,1,14,35,35)
w(5,2,14,36,36)
w(9,2,14,37,37)
r(35,1,14,38,38)
r(69,1,14,39,39)
r(82,0,14,40,40)
w(87,1,14,41,41)
r(80,2,14,42,42)
r(12,0,14,43,43)
r(54,1,14,44,44)
r(17,2,14,45,45)
r(33,0,14,46,46)
r(71,3,14,47,47)
r(48,3,14,48,48)
r(1,1,14,49,49)
r(67,1,14,50,50)
r(18,0,14,51,51)
r(31,1,14,52,52)
r(12,0,14,53,53)
r(48,3,14,54,54)
r(24,0,14,55,55)
r(63,0,14,56,56)
r(34,0,14,57,57)
r(94,0,14,58,58)
r(59,1,14,59,59)
r(19,3,14,60,60)
r(88,2,14,61,61)
r(84,3,14,62,62)
r(79,0,14,63,63)
r(66,1,14,64,64)
r(18,0,14,65,65)
r(90,1,14,66,66)
r(84,3,14,67,67)
r(93,1,14,68,68)
r(62,2,14,69,69)
r(69,1,14,70,70)
r(68,0,14,71,71)
r(32,2,14,72,72)
r(49,4,14,73,73)
r(50,2,14,74,74)
w(64,1,14,75,75)
r(91,3,14,76,76)
r(67,1,14,77,77)
r(20,0,14,78,78)
r(35,1,14,79,79)
r(33,0,14,80,80)
w(14,2,14,81,81)
r(99,1,14,82,82)
r(65,2,14,83,83)
r(72,2,14,84,84)
r(15,2,14,85,85)
r(23,2,14,86,86)
r(11,1,14,87,87)
r(36,2,14,88,88)
r(27,3,14,89,89)
r(15,2,14,90,90)
r(83,3,14,91,91)
r(35,1,14,92,92)
r(96,0,14,93,93)
r(81,2,14,94,94)
r(96,0,14,95,95)
r(21,0,14,96,96)
r(52,1,14,97,97)
r(33,0,14,98,98)
r(0,0,14,99,99)
r(46,1,15,0,0)
r(55,3,15,1,1)
r(66,1,15,2,2)
r(71,3,15,3,3)
r(35,1,15,4,4)
r(14,2,15,5,5)
r(20,0,15,6,6)
r(48,3,15,7,7)
r(68,0,15,8,8)
w(44,3,15,9,9)
r(54,1,15,10,10)
r(45,1,15,11,11)
r(43,4,15,12,12)
r(0,0,15,13,13)
r(91,3,15,14,14)
r(44,3,15,15,15)
r(49,4,15,16,16)
w(38,2,15,17,17)
r(31,1,15,18,18)
r(83,3,15,19,19)
r(59,1,15,20,20)
r(95,2,15,21,21)
r(57,0,15,22,22)
r(31,1,15,23,23)
r(75,0,15,24,24)
r(88,2,15,25,25)
r(18,0,15,26,26)
r(59,1,15,27,27)
r(65,2,15,28,28)
r(73,0,15,29,29)
r(82,0,15,30,30)
r(65,2,15,31,31)
r(43,4,15,32,32)
r(31,1,15,33,33)
w(13,6,15,34,34)
r(67,1,15,35,35)
r(44,3,15,36,36)
r(2,1,15,37,37)
r(62,2,15,38,38)
r(58,2,15,39,39)
r(35,1,15,40,40)
r(98,0,15,41,41)
r(31,1,15,42,42)
r(56,0,15,43,43)
r(25,1,15,44,44)
r(23,2,15,45,45)
r(98,0,15,46,46)
r(5,2,15,47,47)
r(56,0,15,48,48)
r(29,3,15,49,49)
r(57,0,15,50,50)
r(39,2,15,51,51)
r(33,0,15,52,52)
r(72,2,15,53,53)
r(37,1,15,54,54)
r(61,0,15,55,55)
r(30,1,15,56,56)
r(7,3,15,57,57)
r(31,1,15,58,58)
r(53,2,15,59,59)
r(28,1,15,60,60)
r(79,0,15,61,61)
r(62,2,15,62,62)
r(4,1,15,63,63)
r(53,2,15,64,64)
r(78,2,15,65,65)
r(66,1,15,66,66)
r(14,2,15,67,67)
r(17,2,15,68,68)
r(54,1,15,69,69)
r(72,2,15,70,70)
w(47,1,15,71,71)
r(80,2,15,72,72)
r(55,3,15,73,73)
r(85,1,15,74,74)
w(43,5,15,75,75)
r(28,1,15,76,76)
r(94,0,15,77,77)
r(81,2,15,78,78)
r(38,2,15,79,79)
r(87,1,15,80,80)
r(43,5,15,81,81)
w(99,2,15,82,82)
r(4,1,15,83,83)
r(5,2,15,84,84)
r(58,2,15,85,85)
r(58,2,15,86,86)
r(45,1,15,87,87)
r(89,5,15,88,88)
r(22,1,15,89,89)
r(88,2,15,90,90)
r(7,3,15,91,91)
r(60,3,15,92,92)
w(75,1,15,93,93)
r(17,2,15,94,94)
r(97,0,15,95,95)
r(53,2,15,96,96)
r(48,3,15,97,97)
r(52,1,15,98,98)
r(26,1,15,99,99)
r(10,1,16,0,0)
r(68,0,16,1,1)
w(41,2,16,2,2)
r(68,0,16,3,3)
w(54,2,16,4,4)
r(85,1,16,5,5)
r(56,0,16,6,6)
r(69,1,16,7,7)
r(0,0,16,8,8)
r(43,5,16,9,9)
r(98,0,16,10,10)
r(48,3,16,11,11)
r(83,3,16,12,12)
r(74,1,16,13,13)
r(12,0,16,14,14)
r(95,2,16,15,15)
r(54,2,16,16,16)
r(6,1,16,17,17)
r(91,3,16,18,18)
w(39,3,16,19,19)
r(3,1,16,20,20)
r(86,1,16,21,21)
r(31,1,16,22,22)
r(94,0,16,23,23)
r(94,0,16,24,24)
r(54,2,16,25,25)
r(68,0,16,26,26)
r(62,2,16,27,27)
r(89,5,16,28,28)
r(64,1,16,29,29)
r(26,1,16,30,30)
r(16,1,16,31,31)
r(12,0,16,32,32)
r(10,1,16,33,33)
r(78,2,16,34,34)
r(81,2,16,35,35)
r(78,2,16,36,36)
r(37,1,16,37,37)
r(95,2,16,38,38)
r(5,2,16,39,39)
r(9,2,16,40,40)
r(39,3,16,41,41)
r(1,1,16,42,42)
r(9,2,16,43,43)
r(52,1,16,44,44)
r(63,0,16,45,45)
r(64,1,16,46,46)
r(15,2,16,47,47)
r(43,5,16,48,48)
r(79,0,16,49,49)
r(51,1,16,50,50)
r(20,0,16,51,51)
r(78,2,16,52,52)
r(20,0,16,53,53)
r(33,0,16,54,54)
w(4,2,16,55,55)
r(57,0,16,56,56)
r(39,3,16,57,57)
r(72,2,16,58,58)
r(45,1,16,59,59)
r(6,1,16,60,60)
r(35,1,16,61,61)
r(31,1,16,62,62)
r(79,0,16,63,63)
r(65,2,16,64,64)
r(92,1,16,65,65)
r(9,2,16,66,66)
r(54,2,16,67,67)
w(47,2,16,68,68)
r(72,2,16,69,69)
r(42,2,16,70,70)
r(60,3,16,71,71)
r(31,1,16,72,72)
w(78,3,16,73,73)
r(22,1,16,74,74)
r(68,0,16,75,75)
r(22,1,16,76,76)
r(70,1,16,77,77)
w(11,2,16,78,78)
r(86,1,16,79,79)
r(1,1,16,80,80)
r(90,1,16,81,81)
r(5,2,16,82,82)
w(15,3,16,83,83)
r(94,0,16,84,84)
r(53,2,16,85,85)
r(49,4,16,86,86)
w(8,2,16,87,87)
r(16,1,16,88,88)
r(47,2,16,89,89)
w(70,2,16,90,90)
r(14,2,16,91,91)
r(10,1,16,92,92)
r(42,2,16,93,93)
r(83,3,16,94,94)
r(5,2,16,95,95)
w(89,6,16,96,96)
r(67,1,16,97,97)
r(40,0,16,98,98)
r(28,1,16,99,99)
r(55,3,17,0,0)
r(58,2,17,1,1)
w(10,2,17,2,2)
r(85,1,17,3,3)
r(32,2,17,4,4)
r(74,1,17,5,5)
r(76,1,17,6,6)
r(55,3,17,7,7)
r(11,2,17,8,8)
w(8,3,17,9,9)
r(70,2,17,10,10)
r(95,2,17,11,11)
r(71,3,17,12,12)
r(33,0,17,13,13)
r(59,1,17,14,14)
r(61,0,17,15,15)
w(92,2,17,16,16)
r(39,3,17,17,17)
r(16,1,17,18,18)
r(69,1,17,19,19)
r(81,2,17,20,20)
r(6,1,17,21,21)
r(97,0,17,22,22)
r(61,0,17,23,23)
r(5,2,17,24,24)
r(81,2,17,25,25)
r(31,1,17,26,26)
r(70,2,17,27,27)
r(45,1,17,28,28)
r(60,3,17,29,29)
r(93,1,17,30,30)
r(67,1,17,31,31)
r(47,2,17,32,32)
r(9,2,17,33,33)
r(62,2,17,34,34)
r(70,2,17,35,35)
r(72,2,17,36,36)
r(59,1,17,37,37)
r(99,2,17,38,38)
r(13,6,17,39,39)
r(90,1,17,40,40)
r(54,2,17,41,41)
r(86,1,17,42,42)
r(60,3,17,43,43)
r(82,0,17,44,44)
r(77,3,17,45,45)
r(1,1,17,46,46)
r(4,2,17,47,47)
r(68,0,17,48,48)
r(72,2,17,49,49)
r(58,2,17,50,50)
r(51,1,17,51,51)
r(47,2,17,52,52)
r(50,2,17,53,53)
r(38,2,17,54,54)
r(90,1,17,55,55)
r(75,1,17,56,56)
r(35,1,17,57,57)
r(71,3,17,58,58)
r(22,1,17,59,59)
r(26,1,17,60,60)
r(7,3,17,61,61)
r(10,2,17,62,62)
r(49,4,17,63,63)
r(35,1,17,64,64)
w(22,2,17,65,65)
r(38,2,17,66,66)
w(64,2,17,67,67)
r(27,3,17,68,68)
r(99,2,17,69,69)
r(37,1,17,70,70)
r(75,1,17,71,71)
r(12,0,17,72,72)
r(58,2,17,73,73)
r(36,2,17,74,74)
r(82,0,17,75,75)
r(62,2,17,76,76)
r(40,0,17,77,77)
r(84,3,17,78,78)
r(3,1,17,79,79)
r(44,3,17,80,80)
r(53,2,17,81,81)
w(61,1,17,82,82)
r(39,3,17,83,83)
r(84,3,17,84,84)
r(77,3,17,85,85)
r(43,5,17,86,86)
r(78,3,17,87,87)
r(70,2,17,88,88)
r(64,2,17,89,89)
r(92,2,17,90,90)
r(25,1,17,91,91)
r(67,1,17,92,92)
r(47,2,17,93,93)
r(33,0,17,94,94)
r(4,2,17,95,95)
r(86,1,17,96,96)
w(75,2,17,97,97)
r(72,2,17,98,98)
w(5,3,17,99,99)
r(43,5,18,0,0)
r(54,2,18,1,1)
r(59,1,18,2,2)
r(69,1,18,3,3)
r(51,1,18,4,4)
r(44,3,18,5,5)
r(43,5,18,6,6)
r(54,2,18,7,7)
r(30,1,18,8,8)
r(89,6,18,9,9)
r(72,2,18,10,10)
r(65,2,18,11,11)
r(94,0,18,12,12)
r(5,3,18,13,13)
r(13,6,18,14,14)
r(42,2,18,15,15)
r(28,1,18,16,16)
r(69,1,18,17,17)
r(37,1,18,18,18)
r(12,0,18,19,19)
r(31,1,18,20,20)
w(24,1,18,21,21)
r(0,0,18,22,22)
r(48,3,18,23,23)
r(89,6,18,24,24)
r(86,1,18,25,25)
r(25,1,18,26,26)
r(6,1,18,27,27)
w(52,2,18,28,28)
r(54,2,18,29,29)
r(35,1,18,30,30)
r(31,1,18,31,31)
r(92,2,18,32,32)
r(49,4,18,33,33)
r(46,1,18,34,34)
r(95,2,18,35,35)
w(36,3,18,36,36)
w(60,4,18,37,37)
r(99,2,18,38,38)
w(40,1,18,39,39)
r(74,1,18,40,40)
r(95,2,18,41,41)
w(72,3,18,42,42)
r(93,1,18,43,43)
r(57,0,18,44,44)
r(56,0,18,45,45)
r(57,0,18,46,46)
r(42,2,18,47,47)
w(79,1,18,48,48)
r(46,1,18,49,49)
r(16,1,18,50,50)
r(47,2,18,51,51)
r(74,1,18,52,52)
r(33,0,18,53,53)
r(12,0,18,54,54)
r(71,3,18,55,55)
r(68,0,18,56,56)
r(61,1,18,57,57)
w(59,2,18,58,58)
r(84,3,18,59,59)
r(8,3,18,60,60)
r(50,2,18,61,61)
r(4,2,18,62,62)
r(54,2,18,63,63)
r(32,2,18,64,64)
r(75,2,18,65,65)
r(35,1,18,66,66)
r(90,1,18,67,67)
r(81,2,18,68,68)
r(68,0,18,69,69)
r(75,2,18,70,70)
r(92,2,18,71,71)
r(2,1,18,72,72)
r(2,1,18,73,73)
r(19,3,18,74,74)
r(46,1,18,75,75)
r(87,1,18,76,76)
r(46,1,18,77,77)
r(34,0,18,78,78)
r(14,2,18,79,79)
r(33,0,18,80,80)
r(18,0,18,81,81)
r(34,0,18,82,82)
r(52,2,18,83,83)
r(71,3,18,84,84)
r(97,0,18,85,85)
r(56,0,18,86,86)
r(0,0,18,87,87)
r(66,1,18,88,88)
r(7,3,18,89,89)
r(44,3,18,90,90)
r(54,2,18,91,91)
r(78,3,18,92,92)
w(94,1,18,93,93)
r(48,3,18,94,94)
r(77,3,18,95,95)
r(11,2,18,96,96)
r(17,2,18,97,97)
r(12,0,18,98,98)
r(53,2,18,99,99)
r(57,0,19,0,0)
r(37,1,19,1,1)
r(96,0,19,2,2)
r(32,2,19,3,3)
r(62,2,19,4,4)
r(2,1,19,5,5)
r(21,0,19,6,6)
r(69,1,19,7,7)
r(24,1,19,8,8)
r(2,1,19,9,9)
r(88,2,19,10,10)
w(27,4,19,11,11)
w(56,1,19,12,12)
r(96,0,19,13,13)
r(76,1,19,14,14)
r(72,3,19,15,15)
r(51,1,19,16,16)
w(46,2,19,17,17)
r(68,0,19,18,18)
r(51,1,19,19,19)
w(27,5,19,20,20)
r(58,2,19,21,21)
r(2,1,19,22,22)
r(94,1,19,23,23)
r(27,5,19,24,24)
r(25,1,19,25,25)
r(86,1,19,26,26)
r(3,1,19,27,27)
r(20,0,19,28,28)
r(59,2,19,29,29)
r(67,1,19,30,30)
r(79,1,19,31,31)
r(41,2,19,32,32)
r(77,3,19,33,33)
r(77,3,19,34,34)
r(8,3,19,35,35)
r(28,1,19,36,36)
r(36,3,19,37,37)
r(44,3,19,38,38)
r(64,2,19,39,39)
r(96,0,19,40,40)
r(7,3,19,41,41)
r(67,1,19,42,42)
r(76,1,19,43,43)
r(40,1,19,44,44)
r(2,1,19,45,45)
r(5,3,19,46,46)
r(1,1,19,47,47)
w(73,1,19,48,48)
r(44,3,19,49,49)
w(83,4,19,50,50)
r(82,0,19,51,51)
r(50,2,19,52,52)
r(93,1,19,53,53)
r(39,3,19,54,54)
r(19,3,19,55,55)
r(62,2,19,56,56)
r(31,1,19,57,57)
r(60,4,19,58,58)
r(69,1,19,59,59)
r(83,4,19,60,60)
r(32,2,19,61,61)
w(67,2,19,62,62)
r(26,1,19,63,63)
r(35,1,19,64,64)
w(44,4,19,65,65)
r(94,1,19,66,66)
r(49,4,19,67,67)
r(94,1,19,68,68)
r(64,2,19,69,69)
r(47,2,19,70,70)
r(12,0,19,71,71)
r(70,2,19,72,72)
r(71,3,19,73,73)
r(0,0,19,74,74)
r(32,2,19,75,75)
r(58,2,19,76,76)
r(10,2,19,77,77)
r(10,2,19,78,78)
r(15,3,19,79,79)
r(90,1,19,80,80)
r(94,1,19,81,81)
r(85,1,19,82,82)
r(30,1,19,83,83)
r(3,1,19,84,84)
r(85,1,19,85,85)
r(27,5,19,86,86)
r(8,3,19,87,87)
w(28,2,19,88,88)
r(54,2,19,89,89)
r(61,1,19,90,90)
w(48,4,19,91,91)
w(8,4,19,92,92)
w(89,7,19,93,93)
r(86,1,19,94,94)
r(1,1,19,95,95)
r(42,2,19,96,96)
r(26,1,19,97,97)
w(12,1,19,98,98)
r(42,2,19,99,99)
r(61,1,20,0,0)
r(60,4,20,1,1)
r(82,0,20,2,2)
r(30,1,20,3,3)
r(65,2,20,4,4)
r(69,1,20,5,5)
r(45,1,20,6,6)
r(47,2,20,7,7)
r(78,3,20,8,8)
r(3,1,20,9,9)
r(56,1,20,10,10)
r(21,0,20,11,11)
w(91,4,20,12,12)
r(56,1,20,13,13)
r(11,2,20,14,14)
r(66,1,20,15,15)
r(53,2,20,16,16)
r(62,2,20,17,17)
r(29,3,20,18,18)
r(17,2,20,19,19)
r(45,1,20,20,20)
r(75,2,20,21,21)
r(98,0,20,22,22)
w(95,3,20,23,23)
r(93,1,20,24,24)
r(47,2,20,25,25)
w(89,8,20,26,26)
r(92,2,20,27,27)
r(62,2,20,28,28)
r(69,1,20,29,29)
r(85,1,20,30,30)
r(70,2,20,31,31)
r(76,1,20,32,32)
r(38,2,20,33,33)
r(52,2,20,34,34)
r(15,3,20,35,35)
r(32,2,20,36,36)
r(80,2,20,37,37)
r(46,2,20,38,38)
r(47,2,20,39,39)
r(92,2,20,40,40)
r(27,5,20,41,41)
r(46,2,20,42,42)
r(20,0,20,43,43)
w(32,3,20,44,44)
r(71,3,20,45,45)
r(46,2,20,46,46)
r(98,0,20,47,47)
r(77,3,20,48,48)
r(93,1,20,49,49)
r(88,2,20,50,50)
r(64,2,20,51,51)
r(51,1,20,52,52)
w(95,4,20,53,53)
r(33,0,20,54,54)
r(1,1,20,55,55)
r(51,1,20,56,56)
r(2,1,20,57,57)
r(21,0,20,58,58)
r(46,2,20,59,59)
r(89,8,20,60,60)
r(52,2,20,61,61)
r(39,3,20,62,62)
r(91,4,20,63,63)
r(57,0,20,64,64)
r(87,1,20,65,65)
r(83,4,20,66,66)
r(3,1,20,67,67)
r(4,2,20,68,68)
r(88,2,20,69,69)
r(98,0,20,70,70)
r(94,1,20,71,71)
r(7,3,20,72,72)
r(22,2,20,73,73)
r(93,1,20,74,74)
r(68,0,20,75,75)
r(95,4,20,76,76)
r(84,3,20,77,77)
w(86,2,20,78,78)
w(86,3,20,79,79)
r(13,6,20,80,80)
r(62,2,20,81,81)
r(12,1,20,82,82)
r(61,1,20,83,83)
r(55,3,20,84,84)
r(88,2,20,85,85)
w(36,4,20,86,86)
r(39,3,20,87,87)
r(69,1,20,88,88)
r(24,1,20,89,89)
r(7,3,20,90,90)
w(46,3,20,91,91)
r(22,2,20,92,92)
r(89,8,20,93,93)
r(0,0,20,94,94)
r(50,2,20,95,95)
w(26,2,20,96,96)
r(83,4,20,97,97)
r(8,4,20,98,98)
r(84,3,20,99,99)
r(3,1,21,0,0)
r(45,1,21,1,1)
r(52,2,21,2,2)
r(40,1,21,3,3)
r(86,3,21,4,4)
r(31,1,21,5,5)
r(25,1,21,6,6)
r(24,1,21,7,7)
r(56,1,21,8,8)
r(44,4,21,9,9)
r(93,1,21,10,10)
r(15,3,21,11,11)
r(79,1,21,12,12)
r(18,0,21,13,13)
w(91,5,21,14,14)
r(86,3,21,15,15)
r(34,0,21,16,16)
r(96,0,21,17,17)
r(46,3,21,18,18)
r(97,0,21,19,19)
r(70,2,21,20,20)
r(7,3,21,21,21)
r(18,0,21,22,22)
r(45,1,21,23,23)
r(80,2,21,24,24)
r(30,1,21,25,25)
r(25,1,21,26,26)
r(78,3,21,27,27)
r(82,0,21,28,28)
r(52,2,21,29,29)
r(77,3,21,30,30)
r(97,0,21,31,31)
w(73,2,21,32,32)
r(51,1,21,33,33)
r(72,3,21,34,34)
r(25,1,21,35,35)
r(28,2,21,36,36)
r(68,0,21,37,37)
r(56,1,21,38,38)
r(75,2,21,39,39)
w(50,3,21,40,40)
w(38,3,21,41,41)
w(67,3,21,42,42)
r(41,2,21,43,43)
r(71,3,21,44,44)
r(31,1,21,45,45)
r(74,1,21,46,46)
r(35,1,21,47,47)
r(18,0,21,48,48)
r(42,2,21,49,49)
r(68,0,21,50,50)
r(64,2,21,51,51)
w(19,4,21,52,52)
r(70,2,21,53,53)
r(73,2,21,54,54)
r(59,2,21,55,55)
r(68,0,21,56,56)
r(93,1,21,57,57)
r(75,2,21,58,58)
r(59,2,21,59,59)
r(22,2,21,60,60)
r(71,3,21,61,61)
r(21,0,21,62,62)
r(69,1,21,63,63)
r(88,2,21,64,64)
r(80,2,21,65,65)
r(87,1,21,66,66)
r(23,2,21,67,67)
r(35,1,21,68,68)
r(14,2,21,69,69)
r(9,2,21,70,70)
w(77,4,21,71,71)
r(78,3,21,72,72)
r(63,0,21,73,73)
r(40,1,21,74,74)
w(11,3,21,75,75)
r(90,1,21,76,76)
r(89,8,21,77,77)
r(39,3,21,78,78)
r(31,1,21,79,79)
r(26,2,21,80,80)
r(16,1,21,81,81)
r(84,3,21,82,82)
r(79,1,21,83,83)
r(53,2,21,84,84)
r(15,3,21,85,85)
r(81,2,21,86,86)
r(52,2,21,87,87)
r(72,3,21,88,88)
r(53,2,21,89,89)
r(28,2,21,90,90)
r(18,0,21,91,91)
r(94,1,21,92,92)
r(87,1,21,93,93)
r(42,2,21,94,94)
r(6,1,21,95,95)
r(19,4,21,96,96)
r(7,3,21,97,97)
r(88,2,21,98,98)
r(92,2,21,99,99)
r(91,5,22,0,0)
r(20,0,22,1,1)
r(40,1,22,2,2)
w(83,5,22,3,3)
r(35,1,22,4,4)
r(61,1,22,5,5)
r(70,2,22,6,6)
r(86,3,22,7,7)
r(65,2,22,8,8)
r(71,3,22,9,9)
r(12,1,22,10,10)
r(58,2,22,11,11)
r(63,0,22,12,12)
w(6,2,22,13,13)
r(82,0,22,14,14)
r(11,3,22,15,15)
r(56,1,22,16,16)
r(8,4,22,17,17)
r(72,3,22,18,18)
r(15,3,22,19,19)
r(71,3,22,20,20)
r(91,5,22,21,21)
r(11,3,22,22,22)
r(65,2,22,23,23)
r(33,0,22,24,24)
r(87,1,22,25,25)
r(46,3,22,26,26)
r(47,2,22,27,27)
r(10,2,22,28,28)
r(28,2,22,29,29)
r(32,3,22,30,30)
r(18,0,22,31,31)
r(87,1,22,32,32)
w(27,6,22,33,33)
r(14,2,22,34,34)
r(52,2,22,35,35)
r(42,2,22,36,36)
r(88,2,22,37,37)
r(48,4,22,38,38)
w(97,1,22,39,39)
r(85,1,22,40,40)
r(25,1,22,41,41)
r(10,2,22,42,42)
w(26,3,22,43,43)
r(87,1,22,44,44)
r(39,3,22,45,45)
r(44,4,22,46,46)
r(24,1,22,47,47)
r(46,3,22,48,48)
w(64,3,22,49,49)
r(99,2,22,50,50)
r(8,4,22,51,51)
r(99,2,22,52,52)
r(40,1,22,53,53)
r(75,2,22,54,54)
r(84,3,22,55,55)
r(4,2,22,56,56)
r(78,3,22,57,57)
r(18,0,22,58,58)
r(20,0,22,59,59)
w(99,3,22,60,60)
r(55,3,22,61,61)
r(88,2,22,62,62)
r(97,1,22,63,63)
r(62,2,22,64,64)
r(43,5,22,65,65)
r(33,0,22,66,66)
r(35,1,22,67,67)
r(10,2,22,68,68)
w(8,5,22,69,69)
r(55,3,22,70,70)
r(46,3,22,71,71)
r(54,2,22,72,72)
r(39,3,22,73,73)
r(91,5,22,74,74)
r(8,5,22,75,75)
r(60,4,22,76,76)
r(70,2,22,77,77)
r(19,4,22,78,78)
r(12,1,22,79,79)
r(50,3,22,80,80)
r(23,2,22,81,81)
r(79,1,22,82,82)
r(82,0,22,83,83)
r(16,1,22,84,84)
r(34,0,22,85,85)
w(76,2,22,86,86)
r(78,3,22,87,87)
r(9,2,22,88,88)
r(5,3,22,89,89)
r(73,2,22,90,90)
r(74,1,22,91,91)
r(12,1,22,92,92)
r(55,3,22,93,93)
r(51,1,22,94,94)
r(82,0,22,95,95)
r(37,1,22,96,96)
r(55,3,22,97,97)
r(28,2,22,98,98)
r(38,3,22,99,99)
w(44,5,23,0,0)
r(98,0,23,1,1)
r(76,2,23,2,2)
r(61,1,23,3,3)
r(81,2,23,4,4)
r(69,1,23,5,5)
r(39,3,23,6,6)
r(80,2,23,7,7)
r(67,3,23,8,8)
r(29,3,23,9,9)
r(83,5,23,10,10)
r(8,5,23,11,11)
r(18,0,23,12,12)
r(51,1,23,13,13)
r(38,3,23,14,14)
r(80,2,23,15,15)
r(94,1,23,16,16)
r(3,1,23,17,17)
r(89,8,23,18,18)
r(48,4,23,19,19)
r(64,3,23,20,20)
r(94,1,23,21,21)
w(26,4,23,22,22)
r(41,2,23,23,23)
r(82,0,23,24,24)
r(97,1,23,25,25)
r(69,1,23,26,26)
r(21,0,23,27,27)
r(80,2,23,28,28)
r(64,3,23,29,29)
r(27,6,23,30,30)
r(57,0,23,31,31)
r(54,2,23,32,32)
r(43,5,23,33,33)
r(79,1,23,34,34)
r(98,0,23,35,35)
r(78,3,23,36,36)
r(89,8,23,37,37)
r(47,2,23,38,38)
r(18,0,23,39,39)
r(66,1,23,40,40)
r(7,3,23,41,41)
r(79,1,23,42,42)
r(93,1,23,43,43)
r(41,2,23,44,44)
r(75,2,23,45,45)
r(5,3,23,46,46)
r(31,1,23,47,47)
r(21,0,23,48,48)
r(60,4,23,49,49)
r(62,2,23,50,50)
r(67,3,23,51,51)
r(94,1,23,52,52)
r(48,4,23,53,53)
w(32,4,23,54,54)
r(61,1,23,55,55)
r(73,2,23,56,56)
r(3,1,23,57,57)
w(59,3,23,58,58)
w(18,1,23,59,59)
r(43,5,23,60,60)
r(69,1,23,61,61)
r(11,3,23,62,62)
w(55,4,23,63,63)
r(46,3,23,64,64)
r(50,3,23,65,65)
w(30,2,23,66,66)
w(84,4,23,67,67)
r(45,1,23,68,68)
r(85,1,23,69,69)
r(16,1,23,70,70)
r(73,2,23,71,71)
r(77,4,23,72,72)
r(75,2,23,73,73)
r(1,1,23,74,74)
r(56,1,23,75,75)
r(98,0,23,76,76)
r(93,1,23,77,77)
r(68,0,23,78,78)
r(32,4,23,79,79)
r(80,2,23,80,80)
r(51,1,23,81,81)
r(35,1,23,82,82)
r(84,4,23,83,83)
r(32,4,23,84,84)
r(47,2,23,85,85)
r(26,4,23,86,86)
w(63,1,23,87,87)
r(91,5,23,88,88)
r(0,0,23,89,89)
r(21,0,23,90,90)
r(26,4,23,91,91)
r(25,1,23,92,92)
r(50,3,23,93,93)
r(0,0,23,94,94)
r(85,1,23,95,95)
r(77,4,23,96,96)
r(20,0,23,97,97)
r(85,1,23,98,98)
r(67,3,23,99,99)
r(8,5,24,0,0)
r(70,2,24,1,1)
r(57,0,24,2,2)
r(97,1,24,3,3)
r(0,0,24,4,4)
r(68,0,24,5,5)
r(53,2,24,6,6)
r(79,1,24,7,7)
r(68,0,24,8,8)
r(10,2,24,9,9)
r(42,2,24,10,10)
r(92,2,24,11,11)
r(69,1,24,12,12)
r(45,1,24,13,13)
r(8,5,24,14,14)
r(98,0,24,15,15)
r(21,0,24,16,16)
r(63,1,24,17,17)
r(0,0,24,18,18)
r(9,2,24,19,19)
r(10,2,24,20,20)
r(6,2,24,21,21)
r(85,1,24,22,22)
r(29,3,24,23,23)
r(10,2,24,24,24)
r(39,3,24,25,25)
r(1,1,24,26,26)
r(56,1,24,27,27)
w(85,2,24,28,28)
r(50,3,24,29,29)
r(90,1,24,30,30)
r(51,1,24,31,31)
r(38,3,24,32,32)
r(49,4,24,33,33)
r(34,0,24,34,34)
r(76,2,24,35,35)
w(21,1,24,36,36)
r(26,4,24,37,37)
r(0,0,24,38,38)
w(16,2,24,39,39)
r(94,1,24,40,40)
r(39,3,24,41,41)
r(94,1,24,42,42)
r(65,2,24,43,43)
r(53,2,24,44,44)
r(99,3,24,45,45)
w(42,3,24,46,46)
r(13,6,24,47,47)
r(35,1,24,48,48)
r(39,3,24,49,49)
r(63,1,24,50,50)
r(36,4,24,51,51)
r(84,4,24,52,52)
r(78,3,24,53,53)
r(6,2,24,54,54)
r(69,1,24,55,55)
r(39,3,24,56,56)
r(39,3,24,57,57)
r(56,1,24,58,58)
r(31,1,24,59,59)
r(77,4,24,60,60)
r(33,0,24,61,61)
r(84,4,24,62,62)
r(25,1,24,63,63)
w(24,2,24,64,64)
r(46,3,24,65,65)
r(42,3,24,66,66)
r(65,2,24,67,67)
w(28,3,24,68,68)
r(98,0,24,69,69)
r(19,4,24,70,70)
w(83,6,24,71,71)
r(98,0,24,72,72)
r(3,1,24,73,73)
r(21,1,24,74,74)
r(72,3,24,75,75)
r(68,0,24,76,76)
r(72,3,24,77,77)
r(73,2,24,78,78)
w(95,5,24,79,79)
r(30,2,24,80,80)
r(69,1,24,81,81)
r(79,1,24,82,82)
r(66,1,24,83,83)
w(38,4,24,84,84)
r(16,2,24,85,85)
r(51,1,24,86,86)
r(73,2,24,87,87)
w(97,2,24,88,88)
r(94,1,24,89,89)
r(38,4,24,90,90)
r(65,2,24,91,91)
r(80,2,24,92,92)
r(76,2,24,93,93)
r(44,5,24,94,94)
r(0,0,24,95,95)
r(77,4,24,96,96)
r(16,2,24,97,97)
r(12,1,24,98,98)
r(2,1,24,99,99)
