w(97,1,0,0,0)
r(49,0,0,1,1)
w(18,1,0,2,2)
r(68,0,0,3,3)
r(43,0,0,4,4)
w(24,1,0,5,5)
r(1,0,0,6,6)
r(60,0,0,7,7)
r(0,0,0,8,8)
w(1,1,0,9,9)
w(25,1,0,10,10)
r(23,0,0,11,11)
r(2,0,0,12,12)
r(10,0,0,13,13)
w(0,1,0,14,14)
w(1,2,0,15,15)
r(0,1,0,16,16)
r(85,0,0,17,17)
w(5,1,0,18,18)
w(37,1,0,19,19)
r(28,0,0,20,20)
r(1,2,0,21,21)
r(0,1,0,22,22)
w(1,3,0,23,23)
w(70,1,0,24,24)
r(69,0,0,25,25)
r(3,0,0,26,26)
w(1,4,0,27,27)
r(9,0,0,28,28)
w(30,1,0,29,29)
r(98,0,0,30,30)
w(3,1,0,31,31)
r(0,1,0,32,32)
r(42,0,0,33,33)
w(80,1,0,34,34)
r(9,0,0,35,35)
r(0,1,0,36,36)
r(1,4,0,37,37)
r(13,0,0,38,38)
r(1,4,0,39,39)
w(0,2,0,40,40)
r(11,0,0,41,41)
w(0,3,0,42,42)
r(15,0,0,43,43)
w(13,1,0,44,44)
w(17,1,0,45,45)
r(11,0,0,46,46)
w(16,1,0,47,47)
r(41,0,0,48,48)
r(28,0,0,49,49)
r(11,0,0,50,50)
w(1,5,0,51,51)
r(3,1,0,52,52)
r(3,1,0,53,53)
w(3,2,0,54,54)
r(2,0,0,55,55)
w(94,1,0,56,56)
w(63,1,0,57,57)
r(2,0,0,58,58)
r(2,0,0,59,59)
r(48,0,0,60,60)
r(46,0,0,61,61)
w(21,1,0,62,62)
r(0,3,0,63,63)
r(28,0,0,64,64)
r(2,0,0,65,65)
r(0,3,0,66,66)
w(7,1,0,67,67)
w(0,4,0,68,68)
w(0,5,0,69,69)
w(0,6,0,70,70)
w(75,1,0,71,71)
r(0,6,0,72,72)
r(2,0,0,73,73)
r(56,0,0,74,74)
w(9,1,0,75,75)
r(23,0,0,76,76)
r(63,1,0,77,77)
w(0,7,0,78,78)
r(0,7,0,79,79)
w(0,8,0,80,80)
w(6,1,0,81,81)
w(5,2,0,82,82)
r(1,5,0,83,83)
w(0,9,0,84,84)
w(4,1,0,85,85)
w(0,10,0,86,86)
w(62,1,0,87,87)
r(0,10,0,88,88)
w(58,1,0,89,89)
w(0,11,0,90,90)
r(0,11,0,91,91)
r(0,11,0,92,92)
r(11,0,0,93,93)
r(0,11,0,94,94)
w(3,3,0,95,95)
w(0,12,0,96,96)
r(0,12,0,97,97)
r(4,1,0,98,98)
w(0,13,0,99,99)
w(1,6,1,0,0)
w(0,14,1,1,1)
w(3,4,1,2,2)
r(0,14,1,3,3)
w(17,2,1,4,4)
w(3,5,1,5,5)
w(13,2,1,6,6)
w(4,2,1,7,7)
w(5,3,1,8,8)
r(1,6,1,9,9)
r(5,3,1,10,10)
r(0,14,1,11,11)
w(15,1,1,12,12)
w(4,3,1,13,13)
w(63,2,1,14,14)
w(12,1,1,15,15)
w(2,1,1,16,16)
w(21,2,1,17,17)
w(1,7,1,18,18)
r(93,0,1,19,19)
r(20,0,1,20,20)
w(0,15,1,21,21)
r(5,3,1,22,22)
r(19,0,1,23,23)
w(2,2,1,24,24)
w(0,16,1,25,25)
w(4,4,1,26,26)
r(5,3,1,27,27)
r(39,0,1,28,28)
r(19,0,1,29,29)
w(18,2,1,30,30)
w(1,8,1,31,31)
w(21,3,1,32,32)
w(73,1,1,33,33)
r(9,1,1,34,34)
r(2,2,1,35,35)
w(11,1,1,36,36)
r(0,16,1,37,37)
w(0,17,1,38,38)
r(2,2,1,39,39)
r(0,17,1,40,40)
w(5,4,1,41,41)
w(31,1,1,42,42)
r(1,8,1,43,43)
w(50,1,1,44,44)
w(0,18,1,45,45)
r(17,2,1,46,46)
w(3,6,1,47,47)
w(0,19,1,48,48)
r(64,0,1,49,49)
w(10,1,1,50,50)
r(1,8,1,51,51)
r(1,8,1,52,52)
w(5,5,1,53,53)
r(94,1,1,54,54)
w(6,2,1,55,55)
r(9,1,1,56,56)
r(11,1,1,57,57)
w(0,20,1,58,58)
r(55,0,1,59,59)
r(10,1,1,60,60)
r(0,20,1,61,61)
w(2,3,1,62,62)
r(0,20,1,63,63)
r(23,0,1,64,64)
r(0,20,1,65,65)
r(71,0,1,66,66)
w(88,1,1,67,67)
w(35,1,1,68,68)
w(1,9,1,69,69)
w(21,4,1,70,70)
r(9,1,1,71,71)
w(78,1,1,72,72)
w(25,2,1,73,73)
r(85,0,1,74,74)
w(77,1,1,75,75)
w(8,1,1,76,76)
r(34,0,1,77,77)
w(6,3,1,78,78)
r(50,1,1,79,79)
r(1,9,1,80,80)
w(13,3,1,81,81)
r(10,1,1,82,82)
r(4,4,1,83,83)
w(12,2,1,84,84)
w(1,10,1,85,85)
r(20,0,1,86,86)
w(9,2,1,87,87)
w(0,21,1,88,88)
r(0,21,1,89,89)
w(21,5,1,90,90)
w(1,11,1,91,91)
w(3,7,1,92,92)
r(68,0,1,93,93)
w(0,22,1,94,94)
r(36,0,1,95,95)
w(22,1,1,96,96)
w(1,12,1,97,97)
w(7,2,1,98,98)
w(20,1,1,99,99)
r(1,12,2,0,0)
r(8,1,2,1,1)
r(5,5,2,2,2)
w(1,13,2,3,3)
r(19,0,2,4,4)
w(6,4,2,5,5)
w(1,14,2,6,6)
w(21,6,2,7,7)
w(3,8,2,8,8)
r(81,0,2,9,9)
w(15,2,2,10,10)
w(11,2,2,11,11)
r(0,22,2,12,12)
r(24,1,2,13,13)
r(0,22,2,14,14)
r(17,2,2,15,15)
w(27,1,2,16,16)
w(12,3,2,17,17)
w(4,5,2,18,18)
w(0,23,2,19,19)
r(5,5,2,20,20)
w(0,24,2,21,21)
r(46,0,2,22,22)
w(7,3,2,23,23)
r(0,24,2,24,24)
w(17,3,2,25,25)
r(27,1,2,26,26)
w(0,25,2,27,27)
w(13,4,2,28,28)
w(2,4,2,29,29)
w(0,26,2,30,30)
w(26,1,2,31,31)
r(0,26,2,32,32)
r(8,1,2,33,33)
w(43,1,2,34,34)
w(0,27,2,35,35)
r(20,1,2,36,36)
w(0,28,2,37,37)
w(1,15,2,38,38)
w(0,29,2,39,39)
r(0,29,2,40,40)
r(1,15,2,41,41)
r(0,29,2,42,42)
w(8,2,2,43,43)
r(3,8,2,44,44)
w(6,5,2,45,45)
w(3,9,2,46,46)
r(33,0,2,47,47)
r(2,4,2,48,48)
r(6,5,2,49,49)
w(59,1,2,50,50)
r(0,29,2,51,51)
w(1,16,2,52,52)
w(1,17,2,53,53)
r(52,0,2,54,54)
r(13,4,2,55,55)
w(22,2,2,56,56)
r(0,29,2,57,57)
r(1,17,2,58,58)
r(47,0,2,59,59)
w(23,1,2,60,60)
r(13,4,2,61,61)
r(0,29,2,62,62)
w(4,6,2,63,63)
r(9,2,2,64,64)
r(1,17,2,65,65)
w(8,3,2,66,66)
r(1,17,2,67,67)
r(0,29,2,68,68)
r(1,17,2,69,69)
w(24,2,2,70,70)
r(0,29,2,71,71)
w(0,30,2,72,72)
w(26,2,2,73,73)
r(98,0,2,74,74)
w(28,1,2,75,75)
w(0,31,2,76,76)
r(13,4,2,77,77)
w(0,32,2,78,78)
w(0,33,2,79,79)
w(1,18,2,80,80)
r(0,33,2,81,81)
w(0,34,2,82,82)
w(18,3,2,83,83)
w(47,1,2,84,84)
w(8,4,2,85,85)
r(0,34,2,86,86)
w(0,35,2,87,87)
w(0,36,2,88,88)
w(0,37,2,89,89)
r(10,1,2,90,90)
r(1,18,2,91,91)
r(4,6,2,92,92)
w(2,5,2,93,93)
w(28,2,2,94,94)
w(5,6,2,95,95)
w(51,1,2,96,96)
w(2,6,2,97,97)
r(0,37,2,98,98)
w(1,19,2,99,99)
r(0,37,3,0,0)
r(1,19,3,1,1)
r(34,0,3,2,2)
w(0,38,3,3,3)
r(1,19,3,4,4)
w(1,20,3,5,5)
w(24,3,3,6,6)
w(7,4,3,7,7)
w(0,39,3,8,8)
w(20,2,3,9,9)
w(0,40,3,10,10)
r(62,1,3,11,11)
w(5,7,3,12,12)
r(12,3,3,13,13)
r(0,40,3,14,14)
r(62,1,3,15,15)
r(13,4,3,16,16)
w(1,21,3,17,17)
r(0,40,3,18,18)
w(56,1,3,19,19)
w(9,3,3,20,20)
r(5,7,3,21,21)
r(7,4,3,22,22)
w(7,5,3,23,23)
w(70,2,3,24,24)
w(4,7,3,25,25)
w(13,5,3,26,26)
r(1,21,3,27,27)
w(94,2,3,28,28)
w(0,41,3,29,29)
r(22,2,3,30,30)
w(3,10,3,31,31)
r(0,41,3,32,32)
w(76,1,3,33,33)
r(0,41,3,34,34)
r(64,0,3,35,35)
w(37,2,3,36,36)
r(0,41,3,37,37)
r(6,5,3,38,38)
r(15,2,3,39,39)
w(68,1,3,40,40)
w(7,6,3,41,41)
r(8,4,3,42,42)
w(8,5,3,43,43)
w(0,42,3,44,44)
r(28,2,3,45,45)
r(11,2,3,46,46)
r(0,42,3,47,47)
w(3,11,3,48,48)
r(5,7,3,49,49)
w(1,22,3,50,50)
w(27,2,3,51,51)
r(6,5,3,52,52)
r(21,6,3,53,53)
w(41,1,3,54,54)
r(1,22,3,55,55)
w(3,12,3,56,56)
r(0,42,3,57,57)
r(25,2,3,58,58)
r(90,0,3,59,59)
w(4,8,3,60,60)
r(0,42,3,61,61)
r(2,6,3,62,62)
w(0,43,3,63,63)
w(0,44,3,64,64)
w(0,45,3,65,65)
r(84,0,3,66,66)
r(1,22,3,67,67)
r(0,45,3,68,68)
w(9,4,3,69,69)
r(16,1,3,70,70)
r(11,2,3,71,71)
r(3,12,3,72,72)
w(2,7,3,73,73)
w(2,8,3,74,74)
r(1,22,3,75,75)
r(3,12,3,76,76)
r(1,22,3,77,77)
w(3,13,3,78,78)
r(63,2,3,79,79)
r(81,0,3,80,80)
w(1,23,3,81,81)
w(0,46,3,82,82)
w(2,9,3,83,83)
r(6,5,3,84,84)
r(2,9,3,85,85)
w(67,1,3,86,86)
w(59,2,3,87,87)
r(1,23,3,88,88)
w(0,47,3,89,89)
w(1,24,3,90,90)
w(34,1,3,91,91)
r(8,5,3,92,92)
r(70,2,3,93,93)
r(10,1,3,94,94)
r(0,47,3,95,95)
r(53,0,3,96,96)
r(1,24,3,97,97)
r(0,47,3,98,98)
r(56,1,3,99,99)
r(0,47,4,0,0)
r(0,47,4,1,1)
w(15,3,4,2,2)
r(52,0,4,3,3)
r(63,2,4,4,4)
w(1,25,4,5,5)
w(65,1,4,6,6)
r(5,7,4,7,7)
w(2,10,4,8,8)
r(5,7,4,9,9)
r(20,2,4,10,10)
r(26,2,4,11,11)
r(56,1,4,12,12)
w(2,11,4,13,13)
r(27,2,4,14,14)
r(0,47,4,15,15)
r(4,8,4,16,16)
r(1,25,4,17,17)
r(33,0,4,18,18)
r(42,0,4,19,19)
w(6,6,4,20,20)
w(7,7,4,21,21)
r(97,1,4,22,22)
r(0,47,4,23,23)
w(6,7,4,24,24)
w(55,1,4,25,25)
w(9,5,4,26,26)
r(30,1,4,27,27)
r(2,11,4,28,28)
r(22,2,4,29,29)
r(57,0,4,30,30)
r(59,2,4,31,31)
w(1,26,4,32,32)
r(0,47,4,33,33)
w(95,1,4,34,34)
w(4,9,4,35,35)
w(9,6,4,36,36)
w(3,14,4,37,37)
r(0,47,4,38,38)
w(5,8,4,39,39)
r(0,47,4,40,40)
r(7,7,4,41,41)
w(4,10,4,42,42)
w(21,7,4,43,43)
w(5,9,4,44,44)
w(3,15,4,45,45)
w(0,48,4,46,46)
w(12,4,4,47,47)
w(87,1,4,48,48)
r(2,11,4,49,49)
r(0,48,4,50,50)
w(25,3,4,51,51)
r(2,11,4,52,52)
r(31,1,4,53,53)
r(56,1,4,54,54)
w(1,27,4,55,55)
w(1,28,4,56,56)
w(0,49,4,57,57)
r(3,15,4,58,58)
r(33,0,4,59,59)
r(16,1,4,60,60)
r(78,1,4,61,61)
w(7,8,4,62,62)
r(54,0,4,63,63)
w(0,50,4,64,64)
w(0,51,4,65,65)
r(0,51,4,66,66)
r(1,28,4,67,67)
w(25,4,4,68,68)
r(3,15,4,69,69)
w(99,1,4,70,70)
r(6,7,4,71,71)
w(2,12,4,72,72)
r(0,51,4,73,73)
r(5,9,4,74,74)
w(6,8,4,75,75)
r(0,51,4,76,76)
w(1,29,4,77,77)
w(0,52,4,78,78)
r(4,10,4,79,79)
w(0,53,4,80,80)
w(12,5,4,81,81)
r(1,29,4,82,82)
r(53,0,4,83,83)
r(7,8,4,84,84)
w(4,11,4,85,85)
w(69,1,4,86,86)
w(0,54,4,87,87)
w(8,6,4,88,88)
w(41,2,4,89,89)
r(0,54,4,90,90)
r(7,8,4,91,91)
r(53,0,4,92,92)
r(1,29,4,93,93)
r(1,29,4,94,94)
r(8,6,4,95,95)
r(78,1,4,96,96)
r(11,2,4,97,97)
w(10,2,4,98,98)
w(7,9,4,99,99)
r(0,54,5,0,0)
w(0,55,5,1,1)
r(8,6,5,2,2)
w(0,56,5,3,3)
r(0,56,5,4,4)
r(2,12,5,5,5)
r(0,56,5,6,6)
r(7,9,5,7,7)
w(65,2,5,8,8)
w(6,9,5,9,9)
r(7,9,5,10,10)
r(0,56,5,11,11)
r(0,56,5,12,12)
r(1,29,5,13,13)
r(0,56,5,14,14)
r(9,6,5,15,15)
r(0,56,5,16,16)
w(91,1,5,17,17)
w(5,10,5,18,18)
w(9,7,5,19,19)
w(1,30,5,20,20)
w(6,10,5,21,21)
r(20,2,5,22,22)
w(44,1,5,23,23)
w(38,1,5,24,24)
r(20,2,5,25,25)
w(28,3,5,26,26)
w(0,57,5,27,27)
r(4,11,5,28,28)
w(5,11,5,29,29)
w(68,2,5,30,30)
r(33,0,5,31,31)
w(0,58,5,32,32)
w(3,16,5,33,33)
w(0,59,5,34,34)
w(5,12,5,35,35)
r(8,6,5,36,36)
w(7,10,5,37,37)
r(31,1,5,38,38)
w(66,1,5,39,39)
r(1,30,5,40,40)
r(13,5,5,41,41)
w(6,11,5,42,42)
w(66,2,5,43,43)
w(3,17,5,44,44)
r(2,12,5,45,45)
w(61,1,5,46,46)
r(0,59,5,47,47)
r(47,1,5,48,48)
w(8,7,5,49,49)
r(49,0,5,50,50)
r(5,12,5,51,51)
r(32,0,5,52,52)
r(13,5,5,53,53)
r(9,7,5,54,54)
w(10,3,5,55,55)
r(19,0,5,56,56)
w(0,60,5,57,57)
r(3,17,5,58,58)
r(51,1,5,59,59)
w(0,61,5,60,60)
r(14,0,5,61,61)
r(10,3,5,62,62)
r(25,4,5,63,63)
r(5,12,5,64,64)
w(20,3,5,65,65)
r(29,0,5,66,66)
r(0,61,5,67,67)
w(7,11,5,68,68)
w(61,2,5,69,69)
w(13,6,5,70,70)
w(1,31,5,71,71)
r(5,12,5,72,72)
w(3,18,5,73,73)
r(0,61,5,74,74)
r(57,0,5,75,75)
r(2,12,5,76,76)
w(55,2,5,77,77)
w(5,13,5,78,78)
r(3,18,5,79,79)
r(14,0,5,80,80)
w(0,62,5,81,81)
w(10,4,5,82,82)
r(0,62,5,83,83)
r(47,1,5,84,84)
w(3,19,5,85,85)
w(19,1,5,86,86)
w(4,12,5,87,87)
w(52,1,5,88,88)
w(68,3,5,89,89)
w(3,20,5,90,90)
r(18,3,5,91,91)
r(4,12,5,92,92)
r(2,12,5,93,93)
w(6,12,5,94,94)
w(4,13,5,95,95)
w(67,2,5,96,96)
r(40,0,5,97,97)
w(9,8,5,98,98)
r(22,2,5,99,99)
r(0,62,6,0,0)
r(76,1,6,1,1)
r(6,12,6,2,2)
w(7,12,6,3,3)
w(73,2,6,4,4)
r(29,0,6,5,5)
w(8,8,6,6,6)
w(13,7,6,7,7)
w(6,13,6,8,8)
r(80,1,6,9,9)
r(1,31,6,10,10)
w(4,14,6,11,11)
w(67,3,6,12,12)
w(1,32,6,13,13)
r(8,8,6,14,14)
w(2,13,6,15,15)
r(6,13,6,16,16)
r(0,62,6,17,17)
w(1,33,6,18,18)
w(6,14,6,19,19)
w(32,1,6,20,20)
w(0,63,6,21,21)
r(13,7,6,22,22)
w(58,2,6,23,23)
r(14,0,6,24,24)
r(13,7,6,25,25)
r(0,63,6,26,26)
w(6,15,6,27,27)
r(48,0,6,28,28)
r(61,2,6,29,29)
w(24,4,6,30,30)
w(4,15,6,31,31)
w(0,64,6,32,32)
w(6,16,6,33,33)
w(8,9,6,34,34)
r(10,4,6,35,35)
r(0,64,6,36,36)
r(0,64,6,37,37)
r(1,33,6,38,38)
w(65,3,6,39,39)
r(0,64,6,40,40)
w(4,16,6,41,41)
w(10,5,6,42,42)
w(28,4,6,43,43)
r(38,1,6,44,44)
w(1,34,6,45,45)
w(2,14,6,46,46)
r(0,64,6,47,47)
w(1,35,6,48,48)
r(1,35,6,49,49)
w(1,36,6,50,50)
r(56,1,6,51,51)
r(0,64,6,52,52)
w(74,1,6,53,53)
r(8,9,6,54,54)
r(4,16,6,55,55)
r(0,64,6,56,56)
w(2,15,6,57,57)
r(5,13,6,58,58)
w(13,8,6,59,59)
w(0,65,6,60,60)
r(0,65,6,61,61)
w(16,2,6,62,62)
r(35,1,6,63,63)
r(19,1,6,64,64)
w(0,66,6,65,65)
r(0,66,6,66,66)
w(10,6,6,67,67)
r(0,66,6,68,68)
r(15,3,6,69,69)
w(6,17,6,70,70)
r(5,13,6,71,71)
w(28,5,6,72,72)
r(20,3,6,73,73)
w(3,21,6,74,74)
w(13,9,6,75,75)
r(1,36,6,76,76)
w(1,37,6,77,77)
r(17,3,6,78,78)
w(0,67,6,79,79)
r(41,2,6,80,80)
w(0,68,6,81,81)
r(2,15,6,82,82)
w(1,38,6,83,83)
w(0,69,6,84,84)
r(6,17,6,85,85)
r(1,38,6,86,86)
w(0,70,6,87,87)
w(0,71,6,88,88)
w(0,72,6,89,89)
w(0,73,6,90,90)
w(37,3,6,91,91)
r(1,38,6,92,92)
w(12,6,6,93,93)
r(17,3,6,94,94)
r(5,13,6,95,95)
w(6,18,6,96,96)
w(71,1,6,97,97)
w(3,22,6,98,98)
r(2,15,6,99,99)
w(3,23,7,0,0)
r(39,0,7,1,1)
r(3,23,7,2,2)
r(5,13,7,3,3)
r(0,73,7,4,4)
w(12,7,7,5,5)
w(0,74,7,6,6)
r(1,38,7,7,7)
w(61,3,7,8,8)
r(19,1,7,9,9)
w(11,3,7,10,10)
r(35,1,7,11,11)
w(1,39,7,12,12)
w(3,24,7,13,13)
r(0,74,7,14,14)
w(61,4,7,15,15)
r(90,0,7,16,16)
w(9,9,7,17,17)
r(1,39,7,18,18)
r(14,0,7,19,19)
r(13,9,7,20,20)
w(2,16,7,21,21)
r(10,6,7,22,22)
r(0,74,7,23,23)
w(2,17,7,24,24)
r(0,74,7,25,25)
w(1,40,7,26,26)
w(4,17,7,27,27)
w(96,1,7,28,28)
w(50,2,7,29,29)
w(0,75,7,30,30)
r(31,1,7,31,31)
r(0,75,7,32,32)
w(30,2,7,33,33)
w(76,2,7,34,34)
r(65,3,7,35,35)
w(1,41,7,36,36)
w(2,18,7,37,37)
w(91,2,7,38,38)
r(10,6,7,39,39)
r(18,3,7,40,40)
w(35,2,7,41,41)
r(8,9,7,42,42)
r(33,0,7,43,43)
r(13,9,7,44,44)
r(25,4,7,45,45)
w(21,8,7,46,46)
w(0,76,7,47,47)
r(6,18,7,48,48)
r(50,2,7,49,49)
r(26,2,7,50,50)
w(12,8,7,51,51)
w(24,5,7,52,52)
r(6,18,7,53,53)
r(3,24,7,54,54)
r(1,41,7,55,55)
r(0,76,7,56,56)
r(65,3,7,57,57)
w(74,2,7,58,58)
w(0,77,7,59,59)
r(1,41,7,60,60)
w(35,3,7,61,61)
r(15,3,7,62,62)
w(73,3,7,63,63)
r(0,77,7,64,64)
w(0,78,7,65,65)
r(57,0,7,66,66)
w(2,19,7,67,67)
w(2,20,7,68,68)
r(30,2,7,69,69)
r(46,0,7,70,70)
r(11,3,7,71,71)
w(85,1,7,72,72)
w(3,25,7,73,73)
r(1,41,7,74,74)
w(65,4,7,75,75)
w(4,18,7,76,76)
w(41,3,7,77,77)
r(71,1,7,78,78)
w(0,79,7,79,79)
w(27,3,7,80,80)
w(7,13,7,81,81)
w(0,80,7,82,82)
w(14,1,7,83,83)
r(2,20,7,84,84)
w(14,2,7,85,85)
w(4,19,7,86,86)
w(3,26,7,87,87)
w(3,27,7,88,88)
w(15,4,7,89,89)
r(0,80,7,90,90)
r(6,18,7,91,91)
r(0,80,7,92,92)
w(83,1,7,93,93)
r(99,1,7,94,94)
w(53,1,7,95,95)
w(2,21,7,96,96)
w(8,10,7,97,97)
r(1,41,7,98,98)
r(0,80,7,99,99)
w(0,81,8,0,0)
r(4,19,8,1,1)
r(28,5,8,2,2)
w(13,10,8,3,3)
w(23,2,8,4,4)
r(8,10,8,5,5)
w(0,82,8,6,6)
w(10,7,8,7,7)
w(72,1,8,8,8)
r(6,18,8,9,9)
r(49,0,8,10,10)
w(2,22,8,11,11)
w(2,23,8,12,12)
r(10,7,8,13,13)
w(0,83,8,14,14)
r(16,2,8,15,15)
r(21,8,8,16,16)
w(23,3,8,17,17)
w(0,84,8,18,18)
r(19,1,8,19,19)
r(11,3,8,20,20)
w(68,4,8,21,21)
w(26,3,8,22,22)
r(4,19,8,23,23)
w(3,28,8,24,24)
r(19,1,8,25,25)
r(7,13,8,26,26)
w(0,85,8,27,27)
w(7,14,8,28,28)
r(69,1,8,29,29)
r(9,9,8,30,30)
r(20,3,8,31,31)
r(16,2,8,32,32)
w(0,86,8,33,33)
w(10,8,8,34,34)
r(2,23,8,35,35)
w(0,87,8,36,36)
r(3,28,8,37,37)
r(91,2,8,38,38)
w(41,4,8,39,39)
w(49,1,8,40,40)
r(0,87,8,41,41)
w(1,42,8,42,42)
w(5,14,8,43,43)
w(1,43,8,44,44)
r(31,1,8,45,45)
w(1,44,8,46,46)
r(76,2,8,47,47)
w(1,45,8,48,48)
r(32,1,8,49,49)
r(5,14,8,50,50)
w(27,4,8,51,51)
r(8,10,8,52,52)
r(1,45,8,53,53)
w(18,4,8,54,54)
r(0,87,8,55,55)
w(14,3,8,56,56)
w(2,24,8,57,57)
w(3,29,8,58,58)
r(82,0,8,59,59)
w(7,15,8,60,60)
r(34,1,8,61,61)
w(25,5,8,62,62)
r(60,0,8,63,63)
r(5,14,8,64,64)
r(0,87,8,65,65)
w(4,20,8,66,66)
r(0,87,8,67,67)
r(0,87,8,68,68)
w(72,2,8,69,69)
w(0,88,8,70,70)
w(8,11,8,71,71)
r(95,1,8,72,72)
w(1,46,8,73,73)
w(9,10,8,74,74)
r(0,88,8,75,75)
w(3,30,8,76,76)
w(61,5,8,77,77)
r(40,0,8,78,78)
r(5,14,8,79,79)
r(82,0,8,80,80)
w(40,1,8,81,81)
w(6,19,8,82,82)
w(5,15,8,83,83)
r(0,88,8,84,84)
r(0,88,8,85,85)
r(13,10,8,86,86)
r(41,4,8,87,87)
r(20,3,8,88,88)
w(39,1,8,89,89)
w(39,2,8,90,90)
r(0,88,8,91,91)
w(3,31,8,92,92)
r(0,88,8,93,93)
r(15,4,8,94,94)
w(2,25,8,95,95)
w(28,6,8,96,96)
r(10,8,8,97,97)
r(0,88,8,98,98)
r(54,0,8,99,99)
w(0,89,9,0,0)
r(19,1,9,1,1)
r(4,20,9,2,2)
w(8,12,9,3,3)
r(9,10,9,4,4)
r(11,3,9,5,5)
r(1,46,9,6,6)
w(22,3,9,7,7)
r(15,4,9,8,8)
w(36,1,9,9,9)
w(1,47,9,10,10)
w(0,90,9,11,11)
w(0,91,9,12,12)
r(14,3,9,13,13)
w(31,2,9,14,14)
r(1,47,9,15,15)
r(3,31,9,16,16)
r(0,91,9,17,17)
w(8,13,9,18,18)
w(1,48,9,19,19)
r(22,3,9,20,20)
r(5,15,9,21,21)
r(88,1,9,22,22)
w(9,11,9,23,23)
r(30,2,9,24,24)
w(13,11,9,25,25)
r(67,3,9,26,26)
w(0,92,9,27,27)
r(99,1,9,28,28)
w(43,2,9,29,29)
r(0,92,9,30,30)
w(13,12,9,31,31)
w(24,6,9,32,32)
w(0,93,9,33,33)
w(10,9,9,34,34)
w(6,20,9,35,35)
r(0,93,9,36,36)
w(23,4,9,37,37)
w(10,10,9,38,38)
w(1,49,9,39,39)
w(60,1,9,40,40)
r(7,15,9,41,41)
w(2,26,9,42,42)
r(98,0,9,43,43)
w(2,27,9,44,44)
r(0,93,9,45,45)
w(39,3,9,46,46)
w(0,94,9,47,47)
r(0,94,9,48,48)
r(6,20,9,49,49)
r(3,31,9,50,50)
w(1,50,9,51,51)
w(1,51,9,52,52)
w(1,52,9,53,53)
r(6,20,9,54,54)
r(0,94,9,55,55)
r(18,4,9,56,56)
r(19,1,9,57,57)
w(64,1,9,58,58)
w(8,14,9,59,59)
w(7,16,9,60,60)
r(21,8,9,61,61)
w(88,2,9,62,62)
w(0,95,9,63,63)
r(1,52,9,64,64)
w(93,1,9,65,65)
r(69,1,9,66,66)
w(72,3,9,67,67)
w(0,96,9,68,68)
r(13,12,9,69,69)
r(61,5,9,70,70)
w(4,21,9,71,71)
w(0,97,9,72,72)
r(4,21,9,73,73)
r(1,52,9,74,74)
r(4,21,9,75,75)
r(1,52,9,76,76)
w(54,1,9,77,77)
r(5,15,9,78,78)
r(3,31,9,79,79)
w(3,32,9,80,80)
w(4,22,9,81,81)
w(10,11,9,82,82)
r(1,52,9,83,83)
w(1,53,9,84,84)
w(8,15,9,85,85)
w(85,2,9,86,86)
r(1,53,9,87,87)
r(69,1,9,88,88)
r(2,27,9,89,89)
w(81,1,9,90,90)
r(1,53,9,91,91)
r(3,32,9,92,92)
w(19,2,9,93,93)
r(5,15,9,94,94)
r(0,97,9,95,95)
r(0,97,9,96,96)
r(36,1,9,97,97)
w(66,3,9,98,98)
r(3,32,9,99,99)
w(1,54,10,0,0)
w(1,55,10,1,1)
r(40,1,10,2,2)
w(14,4,10,3,3)
w(24,7,10,4,4)
r(0,97,10,5,5)
w(5,16,10,6,6)
r(12,8,10,7,7)
r(4,22,10,8,8)
r(0,97,10,9,9)
r(18,4,10,10,10)
w(6,21,10,11,11)
w(3,33,10,12,12)
w(1,56,10,13,13)
w(5,17,10,14,14)
r(13,12,10,15,15)
w(6,22,10,16,16)
w(7,17,10,17,17)
w(11,4,10,18,18)
r(0,97,10,19,19)
w(1,57,10,20,20)
r(69,1,10,21,21)
w(6,23,10,22,22)
w(20,4,10,23,23)
r(0,97,10,24,24)
w(1,58,10,25,25)
w(9,12,10,26,26)
w(2,28,10,27,27)
w(5,18,10,28,28)
w(24,8,10,29,29)
w(1,59,10,30,30)
w(1,60,10,31,31)
r(89,0,10,32,32)
w(0,98,10,33,33)
r(77,1,10,34,34)
r(43,2,10,35,35)
r(0,98,10,36,36)
w(4,23,10,37,37)
r(4,23,10,38,38)
r(0,98,10,39,39)
r(2,28,10,40,40)
w(0,99,10,41,41)
w(7,18,10,42,42)
w(46,1,10,43,43)
r(4,23,10,44,44)
w(0,100,10,45,45)
w(5,19,10,46,46)
r(3,33,10,47,47)
r(1,60,10,48,48)
r(47,1,10,49,49)
w(6,24,10,50,50)
r(11,4,10,51,51)
w(8,16,10,52,52)
w(0,101,10,53,53)
w(0,102,10,54,54)
r(20,4,10,55,55)
w(0,103,10,56,56)
w(66,4,10,57,57)
w(23,5,10,58,58)
r(17,3,10,59,59)
w(10,12,10,60,60)
w(90,1,10,61,61)
w(0,104,10,62,62)
w(0,105,10,63,63)
w(2,29,10,64,64)
w(2,30,10,65,65)
w(32,2,10,66,66)
r(15,4,10,67,67)
r(0,105,10,68,68)
w(13,13,10,69,69)
w(15,5,10,70,70)
w(0,106,10,71,71)
r(0,106,10,72,72)
w(1,61,10,73,73)
r(26,3,10,74,74)
r(0,106,10,75,75)
r(61,5,10,76,76)
r(8,16,10,77,77)
r(11,4,10,78,78)
r(5,19,10,79,79)
r(0,106,10,80,80)
w(0,107,10,81,81)
r(70,2,10,82,82)
r(32,2,10,83,83)
w(7,19,10,84,84)
r(51,1,10,85,85)
w(26,4,10,86,86)
r(0,107,10,87,87)
w(0,108,10,88,88)
r(66,4,10,89,89)
w(0,109,10,90,90)
r(15,5,10,91,91)
w(0,110,10,92,92)
r(9,12,10,93,93)
w(0,111,10,94,94)
r(0,111,10,95,95)
w(45,1,10,96,96)
r(1,61,10,97,97)
r(2,30,10,98,98)
r(37,3,10,99,99)
r(2,30,11,0,0)
w(5,20,11,1,1)
w(8,17,11,2,2)
w(0,112,11,3,3)
r(0,112,11,4,4)
r(1,61,11,5,5)
r(0,112,11,6,6)
w(28,7,11,7,7)
r(98,0,11,8,8)
r(14,4,11,9,9)
w(0,113,11,10,10)
w(1,62,11,11,11)
r(20,4,11,12,12)
w(39,4,11,13,13)
w(0,114,11,14,14)
r(1,62,11,15,15)
r(88,2,11,16,16)
w(0,115,11,17,17)
w(0,116,11,18,18)
w(89,1,11,19,19)
r(3,33,11,20,20)
w(0,117,11,21,21)
r(1,62,11,22,22)
r(0,117,11,23,23)
w(0,118,11,24,24)
r(62,1,11,25,25)
r(2,30,11,26,26)
r(6,24,11,27,27)
r(37,3,11,28,28)
w(4,24,11,29,29)
r(0,118,11,30,30)
w(4,25,11,31,31)
w(9,13,11,32,32)
w(22,4,11,33,33)
r(10,12,11,34,34)
r(2,30,11,35,35)
r(84,0,11,36,36)
w(22,5,11,37,37)
r(44,1,11,38,38)
w(23,6,11,39,39)
r(0,118,11,40,40)
r(0,118,11,41,41)
w(1,63,11,42,42)
w(25,6,11,43,43)
w(0,119,11,44,44)
r(4,25,11,45,45)
w(10,13,11,46,46)
w(6,25,11,47,47)
r(20,4,11,48,48)
r(6,25,11,49,49)
r(28,7,11,50,50)
w(5,21,11,51,51)
r(3,33,11,52,52)
r(48,0,11,53,53)
w(5,22,11,54,54)
r(21,8,11,55,55)
r(4,25,11,56,56)
w(0,120,11,57,57)
r(1,63,11,58,58)
r(20,4,11,59,59)
r(3,33,11,60,60)
w(28,8,11,61,61)
r(1,63,11,62,62)
w(20,5,11,63,63)
r(18,4,11,64,64)
w(0,121,11,65,65)
w(11,5,11,66,66)
r(6,25,11,67,67)
w(3,34,11,68,68)
r(4,25,11,69,69)
w(21,9,11,70,70)
r(1,63,11,71,71)
w(22,6,11,72,72)
r(11,5,11,73,73)
r(47,1,11,74,74)
r(11,5,11,75,75)
w(63,3,11,76,76)
w(11,6,11,77,77)
w(0,122,11,78,78)
w(71,2,11,79,79)
r(0,122,11,80,80)
r(4,25,11,81,81)
w(59,3,11,82,82)
w(13,14,11,83,83)
r(69,1,11,84,84)
r(10,13,11,85,85)
r(1,63,11,86,86)
w(0,123,11,87,87)
r(97,1,11,88,88)
w(88,3,11,89,89)
r(3,34,11,90,90)
r(0,123,11,91,91)
r(12,8,11,92,92)
w(2,31,11,93,93)
r(3,34,11,94,94)
r(2,31,11,95,95)
w(0,124,11,96,96)
w(0,125,11,97,97)
w(83,2,11,98,98)
r(4,25,11,99,99)
w(79,1,12,0,0)
w(4,26,12,1,1)
w(20,6,12,2,2)
w(30,3,12,3,3)
w(2,32,12,4,4)
w(52,2,12,5,5)
r(3,34,12,6,6)
w(6,26,12,7,7)
w(0,126,12,8,8)
r(3,34,12,9,9)
w(38,2,12,10,10)
w(5,23,12,11,11)
w(0,127,12,12,12)
r(48,0,12,13,13)
r(39,4,12,14,14)
r(2,32,12,15,15)
r(92,0,12,16,16)
r(2,32,12,17,17)
r(1,63,12,18,18)
w(13,15,12,19,19)
w(35,4,12,20,20)
w(0,128,12,21,21)
w(17,4,12,22,22)
w(90,2,12,23,23)
w(65,5,12,24,24)
w(1,64,12,25,25)
r(4,26,12,26,26)
r(41,4,12,27,27)
w(0,129,12,28,28)
r(74,2,12,29,29)
r(1,64,12,30,30)
r(51,1,12,31,31)
w(6,27,12,32,32)
w(46,2,12,33,33)
r(0,129,12,34,34)
r(0,129,12,35,35)
w(2,33,12,36,36)
w(2,34,12,37,37)
w(2,35,12,38,38)
r(1,64,12,39,39)
r(66,4,12,40,40)
w(2,36,12,41,41)
r(10,13,12,42,42)
r(10,13,12,43,43)
r(0,129,12,44,44)
w(0,130,12,45,45)
w(80,2,12,46,46)
w(57,1,12,47,47)
r(15,5,12,48,48)
w(0,131,12,49,49)
w(73,4,12,50,50)
r(1,64,12,51,51)
r(15,5,12,52,52)
r(36,1,12,53,53)
w(0,132,12,54,54)
w(19,3,12,55,55)
w(37,4,12,56,56)
w(17,5,12,57,57)
r(1,64,12,58,58)
r(2,36,12,59,59)
r(71,2,12,60,60)
r(76,2,12,61,61)
r(3,34,12,62,62)
w(84,1,12,63,63)
r(52,2,12,64,64)
w(1,65,12,65,65)
r(3,34,12,66,66)
r(8,17,12,67,67)
w(3,35,12,68,68)
r(24,8,12,69,69)
r(58,2,12,70,70)
r(1,65,12,71,71)
r(25,6,12,72,72)
w(41,5,12,73,73)
w(2,37,12,74,74)
w(3,36,12,75,75)
r(2,37,12,76,76)
r(0,132,12,77,77)
w(4,27,12,78,78)
r(0,132,12,79,79)
w(7,20,12,80,80)
r(8,17,12,81,81)
w(0,133,12,82,82)
r(4,27,12,83,83)
w(1,66,12,84,84)
r(48,0,12,85,85)
r(65,5,12,86,86)
w(0,134,12,87,87)
r(1,66,12,88,88)
w(0,135,12,89,89)
w(58,3,12,90,90)
r(0,135,12,91,91)
r(0,135,12,92,92)
r(0,135,12,93,93)
r(16,2,12,94,94)
r(30,3,12,95,95)
r(0,135,12,96,96)
r(18,4,12,97,97)
r(73,4,12,98,98)
w(14,5,12,99,99)
w(82,1,13,0,0)
w(3,37,13,1,1)
r(2,37,13,2,2)
w(1,67,13,3,3)
w(62,2,13,4,4)
w(0,136,13,5,5)
r(33,0,13,6,6)
w(30,4,13,7,7)
w(1,68,13,8,8)
r(4,27,13,9,9)
w(2,38,13,10,10)
w(1,69,13,11,11)
r(35,4,13,12,12)
w(19,4,13,13,13)
w(0,137,13,14,14)
r(0,137,13,15,15)
r(42,0,13,16,16)
w(49,2,13,17,17)
r(56,1,13,18,18)
r(19,4,13,19,19)
w(2,39,13,20,20)
w(0,138,13,21,21)
r(2,39,13,22,22)
w(3,38,13,23,23)
w(4,28,13,24,24)
r(10,13,13,25,25)
w(8,18,13,26,26)
r(0,138,13,27,27)
w(3,39,13,28,28)
w(2,40,13,29,29)
r(1,69,13,30,30)
w(3,40,13,31,31)
w(0,139,13,32,32)
w(8,19,13,33,33)
w(6,28,13,34,34)
w(0,140,13,35,35)
w(0,141,13,36,36)
r(0,141,13,37,37)
r(77,1,13,38,38)
w(1,70,13,39,39)
r(12,8,13,40,40)
r(58,3,13,41,41)
w(1,71,13,42,42)
r(1,71,13,43,43)
w(8,20,13,44,44)
w(7,21,13,45,45)
r(20,6,13,46,46)
r(0,141,13,47,47)
w(2,41,13,48,48)
w(0,142,13,49,49)
r(0,142,13,50,50)
w(5,24,13,51,51)
r(25,6,13,52,52)
r(0,142,13,53,53)
w(0,143,13,54,54)
r(0,143,13,55,55)
w(7,22,13,56,56)
w(0,144,13,57,57)
w(64,2,13,58,58)
r(1,71,13,59,59)
w(1,72,13,60,60)
w(1,73,13,61,61)
w(0,145,13,62,62)
r(5,24,13,63,63)
r(62,2,13,64,64)
w(3,41,13,65,65)
w(0,146,13,66,66)
r(2,41,13,67,67)
w(52,3,13,68,68)
r(0,146,13,69,69)
w(10,14,13,70,70)
w(19,5,13,71,71)
w(3,42,13,72,72)
w(20,7,13,73,73)
r(0,146,13,74,74)
w(0,147,13,75,75)
r(25,6,13,76,76)
r(9,13,13,77,77)
w(30,5,13,78,78)
r(5,24,13,79,79)
w(0,148,13,80,80)
r(7,22,13,81,81)
r(79,1,13,82,82)
w(7,23,13,83,83)
r(92,0,13,84,84)
w(1,74,13,85,85)
r(34,1,13,86,86)
w(21,10,13,87,87)
r(0,148,13,88,88)
w(90,3,13,89,89)
w(5,25,13,90,90)
w(42,1,13,91,91)
r(43,2,13,92,92)
w(0,149,13,93,93)
w(1,75,13,94,94)
r(5,25,13,95,95)
r(1,75,13,96,96)
r(7,23,13,97,97)
w(24,9,13,98,98)
r(0,149,13,99,99)
r(17,5,14,0,0)
r(5,25,14,1,1)
w(57,2,14,2,2)
r(0,149,14,3,3)
r(29,0,14,4,4)
r(11,6,14,5,5)
w(9,14,14,6,6)
w(1,76,14,7,7)
w(4,29,14,8,8)
r(2,41,14,9,9)
w(62,3,14,10,10)
r(5,25,14,11,11)
w(11,7,14,12,12)
r(0,149,14,13,13)
w(96,2,14,14,14)
r(34,1,14,15,15)
w(0,150,14,16,16)
w(57,3,14,17,17)
r(1,76,14,18,18)
w(4,30,14,19,19)
w(6,29,14,20,20)
w(0,151,14,21,21)
w(5,26,14,22,22)
w(60,2,14,23,23)
r(32,2,14,24,24)
w(19,6,14,25,25)
w(6,30,14,26,26)
w(35,5,14,27,27)
r(53,1,14,28,28)
w(9,15,14,29,29)
r(0,151,14,30,30)
r(66,4,14,31,31)
r(66,4,14,32,32)
r(8,20,14,33,33)
w(1,77,14,34,34)
r(65,5,14,35,35)
r(7,23,14,36,36)
r(81,1,14,37,37)
w(2,42,14,38,38)
w(15,6,14,39,39)
w(5,27,14,40,40)
w(0,152,14,41,41)
r(7,23,14,42,42)
r(36,1,14,43,43)
w(5,28,14,44,44)
r(10,14,14,45,45)
r(47,1,14,46,46)
w(82,2,14,47,47)
r(53,1,14,48,48)
w(0,153,14,49,49)
w(2,43,14,50,50)
w(0,154,14,51,51)
r(0,154,14,52,52)
w(28,9,14,53,53)
w(45,2,14,54,54)
r(5,28,14,55,55)
w(45,3,14,56,56)
w(0,155,14,57,57)
r(16,2,14,58,58)
w(2,44,14,59,59)
w(74,3,14,60,60)
r(70,2,14,61,61)
r(5,28,14,62,62)
w(0,156,14,63,63)
r(72,3,14,64,64)
w(1,78,14,65,65)
w(10,15,14,66,66)
w(33,1,14,67,67)
w(7,24,14,68,68)
w(2,45,14,69,69)
r(28,9,14,70,70)
w(19,7,14,71,71)
r(0,156,14,72,72)
w(11,8,14,73,73)
w(50,3,14,74,74)
w(31,3,14,75,75)
w(1,79,14,76,76)
w(59,4,14,77,77)
r(17,5,14,78,78)
r(0,156,14,79,79)
w(32,3,14,80,80)
w(1,80,14,81,81)
w(8,21,14,82,82)
w(1,81,14,83,83)
r(77,1,14,84,84)
w(3,43,14,85,85)
r(0,156,14,86,86)
r(1,81,14,87,87)
w(1,82,14,88,88)
w(11,9,14,89,89)
r(1,82,14,90,90)
r(1,82,14,91,91)
w(0,157,14,92,92)
r(24,9,14,93,93)
r(0,157,14,94,94)
r(15,6,14,95,95)
r(3,43,14,96,96)
r(24,9,14,97,97)
w(2,46,14,98,98)
r(7,24,14,99,99)
w(17,6,15,0,0)
r(0,157,15,1,1)
w(3,44,15,2,2)
w(99,2,15,3,3)
w(0,158,15,4,4)
w(3,45,15,5,5)
r(5,28,15,6,6)
w(14,6,15,7,7)
r(4,30,15,8,8)
r(81,1,15,9,9)
r(1,82,15,10,10)
w(11,10,15,11,11)
r(57,3,15,12,12)
r(22,6,15,13,13)
r(3,45,15,14,14)
w(18,5,15,15,15)
w(10,16,15,16,16)
r(3,45,15,17,17)
r(93,1,15,18,18)
r(42,1,15,19,19)
r(8,21,15,20,20)
w(0,159,15,21,21)
r(41,5,15,22,22)
r(72,3,15,23,23)
r(0,159,15,24,24)
r(4,30,15,25,25)
r(9,15,15,26,26)
w(5,29,15,27,27)
r(7,24,15,28,28)
r(20,7,15,29,29)
r(8,21,15,30,30)
w(9,16,15,31,31)
r(0,159,15,32,32)
w(0,160,15,33,33)
r(36,1,15,34,34)
r(2,46,15,35,35)
r(1,82,15,36,36)
w(7,25,15,37,37)
w(22,7,15,38,38)
r(2,46,15,39,39)
w(1,83,15,40,40)
w(1,84,15,41,41)
r(3,45,15,42,42)
w(21,11,15,43,43)
r(24,9,15,44,44)
r(86,0,15,45,45)
r(1,84,15,46,46)
r(0,160,15,47,47)
r(5,29,15,48,48)
w(7,26,15,49,49)
w(2,47,15,50,50)
w(8,22,15,51,51)
w(57,4,15,52,52)
w(4,31,15,53,53)
w(4,32,15,54,54)
w(3,46,15,55,55)
w(8,23,15,56,56)
r(22,7,15,57,57)
w(6,31,15,58,58)
r(16,2,15,59,59)
r(1,84,15,60,60)
r(0,160,15,61,61)
w(60,3,15,62,62)
r(1,84,15,63,63)
r(0,160,15,64,64)
r(13,15,15,65,65)
w(12,9,15,66,66)
w(7,27,15,67,67)
r(46,2,15,68,68)
w(0,161,15,69,69)
w(2,48,15,70,70)
r(0,161,15,71,71)
r(34,1,15,72,72)
w(8,24,15,73,73)
r(3,46,15,74,74)
r(3,46,15,75,75)
r(44,1,15,76,76)
w(1,85,15,77,77)
w(16,3,15,78,78)
w(83,3,15,79,79)
r(0,161,15,80,80)
w(4,33,15,81,81)
r(4,33,15,82,82)
w(0,162,15,83,83)
r(68,4,15,84,84)
w(2,49,15,85,85)
w(21,12,15,86,86)
w(2,50,15,87,87)
w(90,4,15,88,88)
r(84,1,15,89,89)
w(4,34,15,90,90)
r(14,6,15,91,91)
w(1,86,15,92,92)
w(46,3,15,93,93)
r(1,86,15,94,94)
w(3,47,15,95,95)
r(1,86,15,96,96)
r(8,24,15,97,97)
w(14,7,15,98,98)
w(7,28,15,99,99)
r(84,1,16,0,0)
r(4,34,16,1,1)
w(0,163,16,2,2)
w(73,5,16,3,3)
w(15,7,16,4,4)
w(5,30,16,5,5)
r(3,47,16,6,6)
r(58,3,16,7,7)
r(94,2,16,8,8)
w(2,51,16,9,9)
w(5,31,16,10,10)
w(0,164,16,11,11)
r(0,164,16,12,12)
w(4,35,16,13,13)
r(2,51,16,14,14)
w(31,4,16,15,15)
w(8,25,16,16,16)
r(0,164,16,17,17)
w(4,36,16,18,18)
r(3,47,16,19,19)
r(4,36,16,20,20)
r(14,7,16,21,21)
w(25,7,16,22,22)
w(7,29,16,23,23)
r(1,86,16,24,24)
w(50,4,16,25,25)
r(14,7,16,26,26)
r(15,7,16,27,27)
r(11,10,16,28,28)
r(12,9,16,29,29)
w(33,2,16,30,30)
w(5,32,16,31,31)
r(6,31,16,32,32)
w(0,165,16,33,33)
r(30,5,16,34,34)
w(1,87,16,35,35)
w(0,166,16,36,36)
w(9,17,16,37,37)
r(17,6,16,38,38)
r(0,166,16,39,39)
w(27,5,16,40,40)
r(41,5,16,41,41)
r(24,9,16,42,42)
r(2,51,16,43,43)
w(13,16,16,44,44)
w(0,167,16,45,45)
w(0,168,16,46,46)
r(2,51,16,47,47)
w(65,6,16,48,48)
w(22,8,16,49,49)
r(23,6,16,50,50)
w(0,169,16,51,51)
r(3,47,16,52,52)
w(9,18,16,53,53)
w(11,11,16,54,54)
w(70,3,16,55,55)
w(8,26,16,56,56)
w(97,2,16,57,57)
w(0,170,16,58,58)
w(1,88,16,59,59)
w(50,5,16,60,60)
r(97,2,16,61,61)
r(0,170,16,62,62)
r(8,26,16,63,63)
r(7,29,16,64,64)
r(64,2,16,65,65)
r(21,12,16,66,66)
r(16,3,16,67,67)
r(0,170,16,68,68)
w(3,48,16,69,69)
r(91,2,16,70,70)
r(23,6,16,71,71)
r(0,170,16,72,72)
r(4,36,16,73,73)
w(24,10,16,74,74)
r(2,51,16,75,75)
r(0,170,16,76,76)
w(76,3,16,77,77)
w(8,27,16,78,78)
r(1,88,16,79,79)
r(12,9,16,80,80)
r(1,88,16,81,81)
w(0,171,16,82,82)
w(0,172,16,83,83)
r(0,172,16,84,84)
r(34,1,16,85,85)
r(0,172,16,86,86)
r(2,51,16,87,87)
w(2,52,16,88,88)
r(64,2,16,89,89)
w(1,89,16,90,90)
w(4,37,16,91,91)
r(32,3,16,92,92)
w(1,90,16,93,93)
w(0,173,16,94,94)
w(3,49,16,95,95)
w(18,6,16,96,96)
r(9,18,16,97,97)
w(0,174,16,98,98)
w(3,50,16,99,99)
r(0,174,17,0,0)
r(5,32,17,1,1)
w(0,175,17,2,2)
w(23,7,17,3,3)
r(19,7,17,4,4)
r(4,37,17,5,5)
w(66,5,17,6,6)
r(61,5,17,7,7)
r(11,11,17,8,8)
r(0,175,17,9,9)
r(1,90,17,10,10)
w(2,53,17,11,11)
w(1,91,17,12,12)
w(1,92,17,13,13)
r(13,16,17,14,14)
w(21,13,17,15,15)
w(54,2,17,16,16)
w(42,2,17,17,17)
w(3,51,17,18,18)
r(11,11,17,19,19)
r(46,3,17,20,20)
w(1,93,17,21,21)
w(0,176,17,22,22)
r(2,53,17,23,23)
r(1,93,17,24,24)
w(8,28,17,25,25)
w(1,94,17,26,26)
r(7,29,17,27,27)
w(72,4,17,28,28)
w(3,52,17,29,29)
w(39,5,17,30,30)
r(0,176,17,31,31)
r(3,52,17,32,32)
r(50,5,17,33,33)
r(19,7,17,34,34)
r(30,5,17,35,35)
w(5,33,17,36,36)
r(37,4,17,37,37)
w(2,54,17,38,38)
w(36,2,17,39,39)
w(10,17,17,40,40)
w(49,3,17,41,41)
w(0,177,17,42,42)
r(4,37,17,43,43)
w(0,178,17,44,44)
w(2,55,17,45,45)
r(46,3,17,46,46)
w(4,38,17,47,47)
r(0,178,17,48,48)
w(1,95,17,49,49)
w(14,8,17,50,50)
r(2,55,17,51,51)
r(3,52,17,52,52)
w(21,14,17,53,53)
r(20,7,17,54,54)
w(15,8,17,55,55)
r(2,55,17,56,56)
w(24,11,17,57,57)
r(95,1,17,58,58)
w(1,96,17,59,59)
r(3,52,17,60,60)
r(6,31,17,61,61)
r(3,52,17,62,62)
w(0,179,17,63,63)
r(5,33,17,64,64)
w(93,2,17,65,65)
w(1,97,17,66,66)
r(69,1,17,67,67)
w(24,12,17,68,68)
w(0,180,17,69,69)
r(0,180,17,70,70)
w(55,3,17,71,71)
w(0,181,17,72,72)
w(91,3,17,73,73)
r(6,31,17,74,74)
r(41,5,17,75,75)
r(9,18,17,76,76)
r(3,52,17,77,77)
w(31,5,17,78,78)
w(45,4,17,79,79)
r(0,181,17,80,80)
r(17,6,17,81,81)
w(8,29,17,82,82)
r(11,11,17,83,83)
w(6,32,17,84,84)
w(6,33,17,85,85)
r(0,181,17,86,86)
w(89,2,17,87,87)
w(4,39,17,88,88)
w(4,40,17,89,89)
w(72,5,17,90,90)
r(49,3,17,91,91)
r(72,5,17,92,92)
w(5,34,17,93,93)
w(1,98,17,94,94)
w(2,56,17,95,95)
r(92,0,17,96,96)
w(1,99,17,97,97)
w(32,4,17,98,98)
w(1,100,17,99,99)
w(0,182,18,0,0)
r(5,34,18,1,1)
w(13,17,18,2,2)
r(0,182,18,3,3)
w(51,2,18,4,4)
w(2,57,18,5,5)
w(40,2,18,6,6)
w(25,8,18,7,7)
r(6,33,18,8,8)
r(52,3,18,9,9)
r(3,52,18,10,10)
w(2,58,18,11,11)
r(2,58,18,12,12)
r(19,7,18,13,13)
r(0,182,18,14,14)
r(47,1,18,15,15)
r(0,182,18,16,16)
r(18,6,18,17,17)
w(11,12,18,18,18)
r(30,5,18,19,19)
w(1,101,18,20,20)
r(1,101,18,21,21)
r(0,182,18,22,22)
r(12,9,18,23,23)
r(33,2,18,24,24)
r(41,5,18,25,25)
w(0,183,18,26,26)
r(15,8,18,27,27)
w(69,2,18,28,28)
r(61,5,18,29,29)
r(91,3,18,30,30)
r(44,1,18,31,31)
r(27,5,18,32,32)
w(6,34,18,33,33)
w(5,35,18,34,34)
r(17,6,18,35,35)
w(5,36,18,36,36)
w(22,9,18,37,37)
w(23,8,18,38,38)
w(38,3,18,39,39)
w(12,10,18,40,40)
w(36,3,18,41,41)
w(17,7,18,42,42)
w(2,59,18,43,43)
r(17,7,18,44,44)
w(26,5,18,45,45)
r(3,52,18,46,46)
w(37,5,18,47,47)
r(6,34,18,48,48)
r(0,183,18,49,49)
r(36,3,18,50,50)
w(2,60,18,51,51)
w(0,184,18,52,52)
w(20,8,18,53,53)
w(4,41,18,54,54)
r(1,101,18,55,55)
r(54,2,18,56,56)
w(5,37,18,57,57)
r(21,14,18,58,58)
w(49,4,18,59,59)
w(9,19,18,60,60)
r(3,52,18,61,61)
w(0,185,18,62,62)
w(12,11,18,63,63)
r(39,5,18,64,64)
w(92,1,18,65,65)
w(4,42,18,66,66)
r(33,2,18,67,67)
w(9,20,18,68,68)
r(10,17,18,69,69)
r(0,185,18,70,70)
w(20,9,18,71,71)
w(8,30,18,72,72)
r(36,3,18,73,73)
w(2,61,18,74,74)
r(4,42,18,75,75)
w(66,6,18,76,76)
r(7,29,18,77,77)
r(0,185,18,78,78)
w(9,21,18,79,79)
r(4,42,18,80,80)
w(7,30,18,81,81)
r(3,52,18,82,82)
r(42,2,18,83,83)
r(8,30,18,84,84)
r(0,185,18,85,85)
w(2,62,18,86,86)
r(11,12,18,87,87)
w(0,186,18,88,88)
w(13,18,18,89,89)
r(6,34,18,90,90)
w(0,187,18,91,91)
r(4,42,18,92,92)
w(4,43,18,93,93)
w(56,2,18,94,94)
w(16,4,18,95,95)
w(2,63,18,96,96)
w(9,22,18,97,97)
w(44,2,18,98,98)
w(64,3,18,99,99)
r(0,187,19,0,0)
r(0,187,19,1,1)
w(19,8,19,2,2)
r(6,34,19,3,3)
w(2,64,19,4,4)
r(2,64,19,5,5)
w(8,31,19,6,6)
r(2,64,19,7,7)
w(3,53,19,8,8)
w(0,188,19,9,9)
r(4,43,19,10,10)
w(1,102,19,11,11)
w(13,19,19,12,12)
r(47,1,19,13,13)
w(0,189,19,14,14)
r(0,189,19,15,15)
w(31,6,19,16,16)
r(68,4,19,17,17)
w(1,103,19,18,18)
r(26,5,19,19,19)
w(3,54,19,20,20)
w(8,32,19,21,21)
r(3,54,19,22,22)
w(4,44,19,23,23)
w(1,104,19,24,24)
w(0,190,19,25,25)
r(2,64,19,26,26)
r(0,190,19,27,27)
r(0,190,19,28,28)
r(45,4,19,29,29)
r(1,104,19,30,30)
r(28,9,19,31,31)
r(1,104,19,32,32)
r(0,190,19,33,33)
w(23,9,19,34,34)
r(0,190,19,35,35)
r(10,17,19,36,36)
r(88,3,19,37,37)
w(2,65,19,38,38)
r(29,0,19,39,39)
w(2,66,19,40,40)
w(5,38,19,41,41)
w(99,3,19,42,42)
w(0,191,19,43,43)
r(6,34,19,44,44)
r(14,8,19,45,45)
w(9,23,19,46,46)
r(7,30,19,47,47)
w(1,105,19,48,48)
r(4,44,19,49,49)
r(41,5,19,50,50)
r(0,191,19,51,51)
r(22,9,19,52,52)
w(4,45,19,53,53)
r(5,38,19,54,54)
r(14,8,19,55,55)
w(3,55,19,56,56)
r(1,105,19,57,57)
r(36,3,19,58,58)
w(5,39,19,59,59)
r(11,12,19,60,60)
w(0,192,19,61,61)
w(0,193,19,62,62)
w(66,7,19,63,63)
r(6,34,19,64,64)
w(36,4,19,65,65)
r(8,32,19,66,66)
r(12,11,19,67,67)
r(0,193,19,68,68)
w(1,106,19,69,69)
w(20,10,19,70,70)
w(0,194,19,71,71)
w(7,31,19,72,72)
r(50,5,19,73,73)
w(0,195,19,74,74)
r(6,34,19,75,75)
w(86,1,19,76,76)
w(17,8,19,77,77)
r(4,45,19,78,78)
r(28,9,19,79,79)
w(6,35,19,80,80)
w(49,5,19,81,81)
r(0,195,19,82,82)
w(0,196,19,83,83)
w(7,32,19,84,84)
r(0,196,19,85,85)
r(5,39,19,86,86)
w(33,3,19,87,87)
w(61,6,19,88,88)
w(3,56,19,89,89)
w(33,4,19,90,90)
r(93,2,19,91,91)
r(65,6,19,92,92)
w(7,33,19,93,93)
r(33,4,19,94,94)
r(29,0,19,95,95)
r(3,56,19,96,96)
r(95,1,19,97,97)
w(6,36,19,98,98)
w(0,197,19,99,99)
r(4,45,20,0,0)
r(23,9,20,1,1)
r(1,106,20,2,2)
w(0,198,20,3,3)
r(9,23,20,4,4)
w(0,199,20,5,5)
r(66,7,20,6,6)
w(2,67,20,7,7)
w(0,200,20,8,8)
r(1,106,20,9,9)
w(0,201,20,10,10)
r(1,106,20,11,11)
w(2,68,20,12,12)
r(10,17,20,13,13)
r(2,68,20,14,14)
r(2,68,20,15,15)
w(4,46,20,16,16)
r(28,9,20,17,17)
w(48,1,20,18,18)
r(8,32,20,19,19)
r(2,68,20,20,20)
w(3,57,20,21,21)
w(75,2,20,22,22)
w(0,202,20,23,23)
w(2,69,20,24,24)
r(13,19,20,25,25)
r(10,17,20,26,26)
w(1,107,20,27,27)
w(6,37,20,28,28)
w(0,203,20,29,29)
r(2,69,20,30,30)
r(3,57,20,31,31)
r(12,11,20,32,32)
r(0,203,20,33,33)
r(9,23,20,34,34)
r(1,107,20,35,35)
w(18,7,20,36,36)
r(10,17,20,37,37)
w(1,108,20,38,38)
r(0,203,20,39,39)
w(14,9,20,40,40)
r(25,8,20,41,41)
w(11,13,20,42,42)
w(22,10,20,43,43)
r(62,3,20,44,44)
w(0,204,20,45,45)
w(51,3,20,46,46)
w(6,38,20,47,47)
r(33,4,20,48,48)
w(62,4,20,49,49)
r(4,46,20,50,50)
w(20,11,20,51,51)
w(5,40,20,52,52)
r(6,38,20,53,53)
w(6,39,20,54,54)
r(26,5,20,55,55)
w(0,205,20,56,56)
r(24,12,20,57,57)
r(0,205,20,58,58)
w(12,12,20,59,59)
w(48,2,20,60,60)
w(6,40,20,61,61)
r(99,3,20,62,62)
r(9,23,20,63,63)
w(0,206,20,64,64)
r(0,206,20,65,65)
r(2,69,20,66,66)
r(2,69,20,67,67)
w(39,6,20,68,68)
w(0,207,20,69,69)
w(2,70,20,70,70)
r(37,5,20,71,71)
r(1,108,20,72,72)
r(0,207,20,73,73)
r(0,207,20,74,74)
w(1,109,20,75,75)
r(66,7,20,76,76)
w(7,34,20,77,77)
w(51,4,20,78,78)
r(0,207,20,79,79)
w(8,33,20,80,80)
w(2,71,20,81,81)
w(13,20,20,82,82)
w(15,9,20,83,83)
w(0,208,20,84,84)
r(4,46,20,85,85)
r(6,40,20,86,86)
r(0,208,20,87,87)
r(11,13,20,88,88)
r(3,57,20,89,89)
w(32,5,20,90,90)
w(20,12,20,91,91)
r(14,9,20,92,92)
w(1,110,20,93,93)
w(1,111,20,94,94)
r(99,3,20,95,95)
w(5,41,20,96,96)
r(2,71,20,97,97)
r(14,9,20,98,98)
r(13,20,20,99,99)
w(14,10,21,0,0)
r(49,5,21,1,1)
r(69,2,21,2,2)
r(18,7,21,3,3)
w(0,209,21,4,4)
r(1,111,21,5,5)
r(32,5,21,6,6)
w(19,9,21,7,7)
w(9,24,21,8,8)
r(70,3,21,9,9)
w(1,112,21,10,10)
w(5,42,21,11,11)
r(7,34,21,12,12)
w(2,72,21,13,13)
r(17,8,21,14,14)
r(99,3,21,15,15)
r(76,3,21,16,16)
w(6,41,21,17,17)
w(1,113,21,18,18)
r(35,5,21,19,19)
w(3,58,21,20,20)
w(89,3,21,21,21)
w(2,73,21,22,22)
r(59,4,21,23,23)
w(77,2,21,24,24)
w(19,10,21,25,25)
w(75,3,21,26,26)
r(8,33,21,27,27)
r(2,73,21,28,28)
r(8,33,21,29,29)
w(0,210,21,30,30)
r(72,5,21,31,31)
w(22,11,21,32,32)
w(7,35,21,33,33)
r(12,12,21,34,34)
r(0,210,21,35,35)
w(0,211,21,36,36)
r(0,211,21,37,37)
w(47,2,21,38,38)
r(57,4,21,39,39)
w(43,3,21,40,40)
r(34,1,21,41,41)
r(87,1,21,42,42)
r(2,73,21,43,43)
w(26,6,21,44,44)
r(4,46,21,45,45)
r(49,5,21,46,46)
r(72,5,21,47,47)
w(71,3,21,48,48)
w(0,212,21,49,49)
w(68,5,21,50,50)
w(80,3,21,51,51)
r(63,3,21,52,52)
w(9,25,21,53,53)
r(32,5,21,54,54)
w(0,213,21,55,55)
w(4,47,21,56,56)
r(3,58,21,57,57)
r(54,2,21,58,58)
r(95,1,21,59,59)
w(0,214,21,60,60)
w(26,7,21,61,61)
w(64,4,21,62,62)
r(10,17,21,63,63)
r(4,47,21,64,64)
r(77,2,21,65,65)
r(9,25,21,66,66)
w(4,48,21,67,67)
r(0,214,21,68,68)
w(4,49,21,69,69)
w(1,114,21,70,70)
w(82,3,21,71,71)
w(2,74,21,72,72)
r(1,114,21,73,73)
r(1,114,21,74,74)
w(12,13,21,75,75)
w(17,9,21,76,76)
r(45,4,21,77,77)
w(2,75,21,78,78)
w(3,59,21,79,79)
w(71,4,21,80,80)
w(1,115,21,81,81)
r(2,75,21,82,82)
r(3,59,21,83,83)
w(57,5,21,84,84)
r(90,4,21,85,85)
w(14,11,21,86,86)
w(0,215,21,87,87)
r(14,11,21,88,88)
r(1,115,21,89,89)
r(0,215,21,90,90)
r(20,12,21,91,91)
r(84,1,21,92,92)
r(90,4,21,93,93)
r(3,59,21,94,94)
w(10,18,21,95,95)
w(1,116,21,96,96)
w(18,8,21,97,97)
w(12,14,21,98,98)
r(0,215,21,99,99)
w(55,4,22,0,0)
r(0,215,22,1,1)
w(85,3,22,2,2)
r(12,14,22,3,3)
r(68,5,22,4,4)
w(51,5,22,5,5)
w(2,76,22,6,6)
r(5,42,22,7,7)
r(2,76,22,8,8)
r(15,9,22,9,9)
r(13,20,22,10,10)
r(0,215,22,11,11)
r(62,4,22,12,12)
w(27,6,22,13,13)
w(71,5,22,14,14)
r(9,25,22,15,15)
w(2,77,22,16,16)
r(5,42,22,17,17)
w(1,117,22,18,18)
w(2,78,22,19,19)
w(42,3,22,20,20)
r(36,4,22,21,21)
w(1,118,22,22,22)
r(0,215,22,23,23)
w(57,6,22,24,24)
w(4,50,22,25,25)
w(12,15,22,26,26)
r(6,41,22,27,27)
r(11,13,22,28,28)
w(95,2,22,29,29)
w(82,4,22,30,30)
w(9,26,22,31,31)
w(77,3,22,32,32)
r(27,6,22,33,33)
w(0,216,22,34,34)
w(55,5,22,35,35)
w(0,217,22,36,36)
w(2,79,22,37,37)
r(31,6,22,38,38)
w(0,218,22,39,39)
r(77,3,22,40,40)
r(37,5,22,41,41)
r(0,218,22,42,42)
w(12,16,22,43,43)
r(1,118,22,44,44)
w(48,3,22,45,45)
w(11,14,22,46,46)
r(5,42,22,47,47)
w(24,13,22,48,48)
w(0,219,22,49,49)
w(99,4,22,50,50)
r(66,7,22,51,51)
w(86,2,22,52,52)
w(8,34,22,53,53)
r(67,3,22,54,54)
w(49,6,22,55,55)
w(0,220,22,56,56)
r(14,11,22,57,57)
r(4,50,22,58,58)
r(1,118,22,59,59)
w(0,221,22,60,60)
w(34,2,22,61,61)
w(2,80,22,62,62)
w(19,11,22,63,63)
w(1,119,22,64,64)
w(1,120,22,65,65)
r(2,80,22,66,66)
w(6,42,22,67,67)
r(14,11,22,68,68)
w(2,81,22,69,69)
w(0,222,22,70,70)
w(0,223,22,71,71)
r(10,18,22,72,72)
w(47,3,22,73,73)
w(14,12,22,74,74)
r(17,9,22,75,75)
r(1,120,22,76,76)
r(5,42,22,77,77)
r(5,42,22,78,78)
r(4,50,22,79,79)
w(50,6,22,80,80)
w(0,224,22,81,81)
w(0,225,22,82,82)
w(5,43,22,83,83)
r(11,14,22,84,84)
r(14,12,22,85,85)
r(68,5,22,86,86)
r(54,2,22,87,87)
w(0,226,22,88,88)
r(11,14,22,89,89)
w(4,51,22,90,90)
r(26,7,22,91,91)
r(40,2,22,92,92)
w(1,121,22,93,93)
r(6,42,22,94,94)
w(4,52,22,95,95)
r(19,11,22,96,96)
r(2,81,22,97,97)
w(1,122,22,98,98)
w(1,123,22,99,99)
w(18,9,23,0,0)
w(21,15,23,1,1)
r(45,4,23,2,2)
r(1,123,23,3,3)
r(10,18,23,4,4)
r(86,2,23,5,5)
w(3,60,23,6,6)
r(0,226,23,7,7)
r(18,9,23,8,8)
r(1,123,23,9,9)
w(15,10,23,10,10)
r(0,226,23,11,11)
w(0,227,23,12,12)
r(10,18,23,13,13)
w(25,9,23,14,14)
w(1,124,23,15,15)
w(45,5,23,16,16)
r(3,60,23,17,17)
r(14,12,23,18,18)
r(0,227,23,19,19)
w(10,19,23,20,20)
r(14,12,23,21,21)
w(0,228,23,22,22)
w(3,61,23,23,23)
w(40,3,23,24,24)
r(0,228,23,25,25)
w(0,229,23,26,26)
r(7,35,23,27,27)
w(8,35,23,28,28)
w(1,125,23,29,29)
r(35,5,23,30,30)
r(0,229,23,31,31)
r(88,3,23,32,32)
r(1,125,23,33,33)
r(60,3,23,34,34)
w(68,6,23,35,35)
w(56,3,23,36,36)
w(3,62,23,37,37)
r(27,6,23,38,38)
r(34,2,23,39,39)
r(0,229,23,40,40)
w(5,44,23,41,41)
w(18,10,23,42,42)
w(7,36,23,43,43)
r(5,44,23,44,44)
w(5,45,23,45,45)
w(3,63,23,46,46)
w(0,230,23,47,47)
r(0,230,23,48,48)
w(0,231,23,49,49)
r(0,231,23,50,50)
w(47,4,23,51,51)
w(1,126,23,52,52)
r(72,5,23,53,53)
w(95,3,23,54,54)
r(2,81,23,55,55)
w(1,127,23,56,56)
w(4,53,23,57,57)
w(25,10,23,58,58)
w(4,54,23,59,59)
w(78,2,23,60,60)
r(1,127,23,61,61)
r(53,1,23,62,62)
w(95,4,23,63,63)
w(2,82,23,64,64)
r(15,10,23,65,65)
w(2,83,23,66,66)
w(0,232,23,67,67)
w(47,5,23,68,68)
w(71,6,23,69,69)
r(0,232,23,70,70)
r(7,36,23,71,71)
r(3,63,23,72,72)
w(9,27,23,73,73)
w(70,4,23,74,74)
r(12,16,23,75,75)
r(17,9,23,76,76)
w(0,233,23,77,77)
r(6,42,23,78,78)
r(44,2,23,79,79)
r(21,15,23,80,80)
w(2,84,23,81,81)
r(13,20,23,82,82)
w(11,15,23,83,83)
w(0,234,23,84,84)
w(0,235,23,85,85)
r(2,84,23,86,86)
w(9,28,23,87,87)
r(0,235,23,88,88)
w(39,7,23,89,89)
w(86,3,23,90,90)
w(6,43,23,91,91)
w(15,11,23,92,92)
w(0,236,23,93,93)
r(2,84,23,94,94)
r(4,54,23,95,95)
w(6,44,23,96,96)
w(59,5,23,97,97)
r(0,236,23,98,98)
r(21,15,23,99,99)
r(0,236,24,0,0)
w(16,5,24,1,1)
w(0,237,24,2,2)
w(6,45,24,3,3)
r(0,237,24,4,4)
r(15,11,24,5,5)
w(82,5,24,6,6)
r(53,1,24,7,7)
r(66,7,24,8,8)
w(18,11,24,9,9)
w(97,3,24,10,10)
w(40,4,24,11,11)
w(17,10,24,12,12)
w(25,11,24,13,13)
w(9,29,24,14,14)
r(81,1,24,15,15)
w(24,14,24,16,16)
r(52,3,24,17,17)
r(4,54,24,18,18)
r(7,36,24,19,19)
w(13,21,24,20,20)
r(2,84,24,21,21)
w(0,238,24,22,22)
w(44,3,24,23,23)
r(0,238,24,24,24)
w(87,2,24,25,25)
w(10,20,24,26,26)
w(22,12,24,27,27)
w(53,2,24,28,28)
w(48,4,24,29,29)
w(0,239,24,30,30)
w(2,85,24,31,31)
r(0,239,24,32,32)
w(5,46,24,33,33)
w(20,13,24,34,34)
w(4,55,24,35,35)
r(4,55,24,36,36)
w(37,6,24,37,37)
w(2,86,24,38,38)
w(0,240,24,39,39)
w(2,87,24,40,40)
w(22,13,24,41,41)
r(76,3,24,42,42)
w(4,56,24,43,43)
w(1,128,24,44,44)
w(2,88,24,45,45)
w(15,12,24,46,46)
w(23,10,24,47,47)
w(21,16,24,48,48)
w(0,241,24,49,49)
w(20,14,24,50,50)
r(26,7,24,51,51)
w(3,64,24,52,52)
w(1,129,24,53,53)
w(12,17,24,54,54)
w(3,65,24,55,55)
r(7,36,24,56,56)
r(0,241,24,57,57)
r(0,241,24,58,58)
r(44,3,24,59,59)
r(15,12,24,60,60)
r(50,6,24,61,61)
r(66,7,24,62,62)
w(69,3,24,63,63)
r(2,88,24,64,64)
w(14,13,24,65,65)
r(6,45,24,66,66)
r(11,15,24,67,67)
w(16,6,24,68,68)
w(0,242,24,69,69)
w(5,47,24,70,70)
w(0,243,24,71,71)
r(73,5,24,72,72)
w(58,4,24,73,73)
w(20,15,24,74,74)
w(10,21,24,75,75)
r(5,47,24,76,76)
w(2,89,24,77,77)
r(1,129,24,78,78)
w(1,130,24,79,79)
r(0,243,24,80,80)
w(29,1,24,81,81)
r(0,243,24,82,82)
w(9,30,24,83,83)
w(1,131,24,84,84)
w(1,132,24,85,85)
r(0,243,24,86,86)
w(5,48,24,87,87)
w(47,6,24,88,88)
w(98,1,24,89,89)
r(15,12,24,90,90)
w(11,16,24,91,91)
r(2,89,24,92,92)
r(8,35,24,93,93)
w(5,49,24,94,94)
w(0,244,24,95,95)
w(0,245,24,96,96)
w(22,14,24,97,97)
r(5,49,24,98,98)
w(3,66,24,99,99)
r(3,66,25,0,0)
w(0,246,25,1,1)
r(21,16,25,2,2)
r(82,5,25,3,3)
w(1,133,25,4,4)
r(14,13,25,5,5)
r(4,56,25,6,6)
w(18,12,25,7,7)
r(24,14,25,8,8)
w(96,3,25,9,9)
r(1,133,25,10,10)
w(1,134,25,11,11)
w(5,50,25,12,12)
r(12,17,25,13,13)
w(2,90,25,14,14)
r(21,16,25,15,15)
r(0,246,25,16,16)
w(16,7,25,17,17)
w(1,135,25,18,18)
r(0,246,25,19,19)
r(0,246,25,20,20)
r(92,1,25,21,21)
w(10,22,25,22,22)
w(0,247,25,23,23)
w(19,12,25,24,24)
r(5,50,25,25,25)
w(1,136,25,26,26)
r(10,22,25,27,27)
r(1,136,25,28,28)
r(0,247,25,29,29)
w(2,91,25,30,30)
r(38,3,25,31,31)
r(0,247,25,32,32)
w(0,248,25,33,33)
w(6,46,25,34,34)
r(86,3,25,35,35)
w(0,249,25,36,36)
w(11,17,25,37,37)
r(86,3,25,38,38)
r(13,21,25,39,39)
w(80,4,25,40,40)
w(19,13,25,41,41)
w(0,250,25,42,42)
r(0,250,25,43,43)
w(8,36,25,44,44)
w(26,8,25,45,45)
r(3,66,25,46,46)
w(2,92,25,47,47)
r(47,6,25,48,48)
w(91,4,25,49,49)
r(11,17,25,50,50)
w(0,251,25,51,51)
r(11,17,25,52,52)
r(28,9,25,53,53)
w(18,13,25,54,54)
r(0,251,25,55,55)
w(5,51,25,56,56)
r(0,251,25,57,57)
r(4,56,25,58,58)
w(2,93,25,59,59)
r(1,136,25,60,60)
w(1,137,25,61,61)
w(0,252,25,62,62)
w(16,8,25,63,63)
w(14,14,25,64,64)
w(8,37,25,65,65)
r(20,15,25,66,66)
w(66,8,25,67,67)
w(12,18,25,68,68)
r(55,5,25,69,69)
w(12,19,25,70,70)
r(1,137,25,71,71)
r(4,56,25,72,72)
r(3,66,25,73,73)
r(6,46,25,74,74)
r(0,252,25,75,75)
w(7,37,25,76,76)
w(3,67,25,77,77)
w(9,31,25,78,78)
r(7,37,25,79,79)
w(93,3,25,80,80)
w(3,68,25,81,81)
r(48,4,25,82,82)
w(3,69,25,83,83)
r(2,93,25,84,84)
r(0,252,25,85,85)
r(37,6,25,86,86)
w(4,57,25,87,87)
r(83,3,25,88,88)
r(18,13,25,89,89)
r(4,57,25,90,90)
r(11,17,25,91,91)
w(10,23,25,92,92)
w(57,7,25,93,93)
w(32,6,25,94,94)
w(13,22,25,95,95)
r(0,252,25,96,96)
r(4,57,25,97,97)
w(5,52,25,98,98)
w(0,253,25,99,99)
w(0,254,26,0,0)
w(2,94,26,1,1)
w(9,32,26,2,2)
r(0,254,26,3,3)
w(3,70,26,4,4)
w(4,58,26,5,5)
w(37,7,26,6,6)
w(21,17,26,7,7)
w(79,2,26,8,8)
w(1,138,26,9,9)
w(14,15,26,10,10)
r(1,138,26,11,11)
w(1,139,26,12,12)
r(1,139,26,13,13)
r(16,8,26,14,14)
w(2,95,26,15,15)
w(1,140,26,16,16)
w(29,2,26,17,17)
w(11,18,26,18,18)
r(0,254,26,19,19)
w(0,255,26,20,20)
r(6,46,26,21,21)
r(2,95,26,22,22)
r(2,95,26,23,23)
w(0,256,26,24,24)
r(2,95,26,25,25)
r(64,4,26,26,26)
r(0,256,26,27,27)
w(0,257,26,28,28)
r(6,46,26,29,29)
r(87,2,26,30,30)
r(49,6,26,31,31)
w(43,4,26,32,32)
r(0,257,26,33,33)
w(0,258,26,34,34)
r(0,258,26,35,35)
w(8,38,26,36,36)
r(1,140,26,37,37)
r(24,14,26,38,38)
r(53,2,26,39,39)
w(72,6,26,40,40)
w(56,4,26,41,41)
r(0,258,26,42,42)
r(2,95,26,43,43)
w(73,6,26,44,44)
r(9,32,26,45,45)
w(31,7,26,46,46)
r(0,258,26,47,47)
r(5,52,26,48,48)
r(9,32,26,49,49)
w(0,259,26,50,50)
r(0,259,26,51,51)
r(0,259,26,52,52)
r(0,259,26,53,53)
w(0,260,26,54,54)
r(2,95,26,55,55)
w(1,141,26,56,56)
w(40,5,26,57,57)
w(73,7,26,58,58)
r(6,46,26,59,59)
w(10,24,26,60,60)
r(2,95,26,61,61)
r(2,95,26,62,62)
w(8,39,26,63,63)
r(43,4,26,64,64)
r(1,141,26,65,65)
r(23,10,26,66,66)
r(0,260,26,67,67)
w(0,261,26,68,68)
r(1,141,26,69,69)
w(66,9,26,70,70)
w(0,262,26,71,71)
r(0,262,26,72,72)
r(5,52,26,73,73)
w(1,142,26,74,74)
w(0,263,26,75,75)
r(24,14,26,76,76)
r(85,3,26,77,77)
r(3,70,26,78,78)
r(8,39,26,79,79)
w(2,96,26,80,80)
r(8,39,26,81,81)
r(4,58,26,82,82)
w(72,7,26,83,83)
w(1,143,26,84,84)
w(1,144,26,85,85)
w(31,8,26,86,86)
w(1,145,26,87,87)
r(16,8,26,88,88)
w(0,264,26,89,89)
r(1,145,26,90,90)
r(0,264,26,91,91)
w(12,20,26,92,92)
w(0,265,26,93,93)
w(4,59,26,94,94)
r(14,15,26,95,95)
r(5,52,26,96,96)
r(2,96,26,97,97)
r(0,265,26,98,98)
w(0,266,26,99,99)
w(0,267,27,0,0)
w(1,146,27,1,1)
r(0,267,27,2,2)
r(68,6,27,3,3)
r(0,267,27,4,4)
r(20,15,27,5,5)
w(0,268,27,6,6)
r(10,24,27,7,7)
w(39,8,27,8,8)
w(10,25,27,9,9)
w(2,97,27,10,10)
w(26,9,27,11,11)
r(18,13,27,12,12)
w(84,2,27,13,13)
r(44,3,27,14,14)
r(54,2,27,15,15)
r(0,268,27,16,16)
r(43,4,27,17,17)
r(4,59,27,18,18)
w(3,71,27,19,19)
r(28,9,27,20,20)
r(0,268,27,21,21)
w(58,5,27,22,22)
r(43,4,27,23,23)
r(2,97,27,24,24)
w(9,33,27,25,25)
r(0,268,27,26,26)
r(0,268,27,27,27)
w(25,12,27,28,28)
r(3,71,27,29,29)
w(2,98,27,30,30)
r(1,146,27,31,31)
w(3,72,27,32,32)
w(3,73,27,33,33)
r(0,268,27,34,34)
w(10,26,27,35,35)
w(36,5,27,36,36)
w(49,7,27,37,37)
r(5,52,27,38,38)
w(0,269,27,39,39)
w(0,270,27,40,40)
w(89,4,27,41,41)
r(23,10,27,42,42)
r(1,146,27,43,43)
w(90,5,27,44,44)
r(3,73,27,45,45)
w(2,99,27,46,46)
w(0,271,27,47,47)
w(0,272,27,48,48)
r(6,46,27,49,49)
w(1,147,27,50,50)
r(7,37,27,51,51)
r(35,5,27,52,52)
r(6,46,27,53,53)
w(0,273,27,54,54)
r(0,273,27,55,55)
r(3,73,27,56,56)
r(12,20,27,57,57)
r(5,52,27,58,58)
r(44,3,27,59,59)
w(2,100,27,60,60)
w(8,40,27,61,61)
r(12,20,27,62,62)
r(24,14,27,63,63)
r(52,3,27,64,64)
r(13,22,27,65,65)
r(9,33,27,66,66)
w(46,4,27,67,67)
w(24,15,27,68,68)
w(1,148,27,69,69)
r(8,40,27,70,70)
w(9,34,27,71,71)
r(10,26,27,72,72)
r(3,73,27,73,73)
w(0,274,27,74,74)
w(0,275,27,75,75)
r(58,5,27,76,76)
w(0,276,27,77,77)
w(1,149,27,78,78)
r(28,9,27,79,79)
r(13,22,27,80,80)
r(1,149,27,81,81)
w(4,60,27,82,82)
r(15,12,27,83,83)
r(79,2,27,84,84)
w(2,101,27,85,85)
w(1,150,27,86,86)
r(1,150,27,87,87)
r(2,101,27,88,88)
w(3,74,27,89,89)
r(0,276,27,90,90)
w(3,75,27,91,91)
r(8,40,27,92,92)
w(18,14,27,93,93)
r(0,276,27,94,94)
r(13,22,27,95,95)
w(28,10,27,96,96)
r(10,26,27,97,97)
r(7,37,27,98,98)
r(1,150,27,99,99)
r(3,75,28,0,0)
w(0,277,28,1,1)
w(52,4,28,2,2)
w(5,53,28,3,3)
r(6,46,28,4,4)
r(4,60,28,5,5)
w(2,102,28,6,6)
w(0,278,28,7,7)
w(33,5,28,8,8)
w(0,279,28,9,9)
r(50,6,28,10,10)
r(55,5,28,11,11)
r(7,37,28,12,12)
r(10,26,28,13,13)
r(1,150,28,14,14)
w(0,280,28,15,15)
r(0,280,28,16,16)
w(0,281,28,17,17)
r(3,75,28,18,18)
w(1,151,28,19,19)
r(5,53,28,20,20)
r(43,4,28,21,21)
r(5,53,28,22,22)
w(1,152,28,23,23)
r(1,152,28,24,24)
r(0,281,28,25,25)
r(26,9,28,26,26)
r(0,281,28,27,27)
w(5,54,28,28,28)
r(14,15,28,29,29)
r(4,60,28,30,30)
r(11,18,28,31,31)
w(6,47,28,32,32)
w(0,282,28,33,33)
w(25,13,28,34,34)
w(6,48,28,35,35)
w(14,16,28,36,36)
r(1,152,28,37,37)
r(2,102,28,38,38)
w(0,283,28,39,39)
r(47,6,28,40,40)
w(14,17,28,41,41)
w(0,284,28,42,42)
r(1,152,28,43,43)
w(0,285,28,44,44)
w(7,38,28,45,45)
r(0,285,28,46,46)
r(25,13,28,47,47)
w(72,8,28,48,48)
r(71,6,28,49,49)
w(32,7,28,50,50)
w(2,103,28,51,51)
r(1,152,28,52,52)
r(0,285,28,53,53)
r(0,285,28,54,54)
r(0,285,28,55,55)
w(2,104,28,56,56)
r(9,34,28,57,57)
r(35,5,28,58,58)
r(1,152,28,59,59)
w(0,286,28,60,60)
r(1,152,28,61,61)
w(3,76,28,62,62)
r(2,104,28,63,63)
r(0,286,28,64,64)
w(19,14,28,65,65)
r(2,104,28,66,66)
r(0,286,28,67,67)
r(7,38,28,68,68)
r(12,20,28,69,69)
r(0,286,28,70,70)
w(54,3,28,71,71)
w(17,11,28,72,72)
w(15,13,28,73,73)
r(3,76,28,74,74)
r(95,4,28,75,75)
r(76,3,28,76,76)
r(7,38,28,77,77)
w(7,39,28,78,78)
r(4,60,28,79,79)
r(6,48,28,80,80)
w(71,7,28,81,81)
r(24,15,28,82,82)
r(8,40,28,83,83)
r(0,286,28,84,84)
w(26,10,28,85,85)
w(3,77,28,86,86)
w(1,153,28,87,87)
r(9,34,28,88,88)
w(0,287,28,89,89)
w(46,5,28,90,90)
w(7,40,28,91,91)
r(4,60,28,92,92)
w(56,5,28,93,93)
w(3,78,28,94,94)
r(9,34,28,95,95)
w(63,4,28,96,96)
r(5,54,28,97,97)
w(0,288,28,98,98)
w(50,7,28,99,99)
r(10,26,29,0,0)
r(0,288,29,1,1)
r(2,104,29,2,2)
r(16,8,29,3,3)
r(5,54,29,4,4)
w(0,289,29,5,5)
w(2,105,29,6,6)
r(0,289,29,7,7)
w(0,290,29,8,8)
w(15,14,29,9,9)
r(0,290,29,10,10)
r(4,60,29,11,11)
w(0,291,29,12,12)
w(6,49,29,13,13)
r(78,2,29,14,14)
w(12,21,29,15,15)
r(5,54,29,16,16)
r(52,4,29,17,17)
w(16,9,29,18,18)
w(61,7,29,19,19)
r(86,3,29,20,20)
w(1,154,29,21,21)
w(61,8,29,22,22)
w(23,11,29,23,23)
r(46,5,29,24,24)
w(3,79,29,25,25)
w(53,3,29,26,26)
r(6,49,29,27,27)
r(39,8,29,28,28)
w(2,106,29,29,29)
w(92,2,29,30,30)
r(24,15,29,31,31)
r(13,22,29,32,32)
r(18,14,29,33,33)
r(1,154,29,34,34)
r(12,21,29,35,35)
w(6,50,29,36,36)
w(0,292,29,37,37)
w(0,293,29,38,38)
w(7,41,29,39,39)
w(24,16,29,40,40)
w(0,294,29,41,41)
w(11,19,29,42,42)
w(99,5,29,43,43)
w(8,41,29,44,44)
w(9,35,29,45,45)
r(1,154,29,46,46)
r(12,21,29,47,47)
w(3,80,29,48,48)
w(0,295,29,49,49)
w(30,6,29,50,50)
r(0,295,29,51,51)
r(9,35,29,52,52)
w(0,296,29,53,53)
w(19,15,29,54,54)
r(14,17,29,55,55)
w(4,61,29,56,56)
r(0,296,29,57,57)
r(28,10,29,58,58)
w(4,62,29,59,59)
w(1,155,29,60,60)
w(3,81,29,61,61)
w(0,297,29,62,62)
w(33,6,29,63,63)
w(11,20,29,64,64)
w(61,9,29,65,65)
w(0,298,29,66,66)
w(0,299,29,67,67)
r(3,81,29,68,68)
r(0,299,29,69,69)
w(22,15,29,70,70)
w(6,51,29,71,71)
w(11,21,29,72,72)
r(0,299,29,73,73)
r(1,155,29,74,74)
w(34,3,29,75,75)
r(0,299,29,76,76)
w(2,107,29,77,77)
w(0,300,29,78,78)
r(27,6,29,79,79)
w(1,156,29,80,80)
w(12,22,29,81,81)
w(67,4,29,82,82)
r(0,300,29,83,83)
r(0,300,29,84,84)
w(28,11,29,85,85)
r(0,300,29,86,86)
r(0,300,29,87,87)
r(5,54,29,88,88)
w(23,12,29,89,89)
w(0,301,29,90,90)
r(0,301,29,91,91)
r(1,156,29,92,92)
r(41,5,29,93,93)
r(70,4,29,94,94)
w(5,55,29,95,95)
w(2,108,29,96,96)
r(4,62,29,97,97)
r(13,22,29,98,98)
r(9,35,29,99,99)
