w(93,1,0,0,0)
r(70,0,0,1,1)
r(30,0,0,2,2)
r(19,0,0,3,3)
w(42,1,0,4,4)
r(80,0,0,5,5)
r(36,0,0,6,6)
r(24,0,0,7,7)
r(21,0,0,8,8)
r(22,0,0,9,9)
r(36,0,0,10,10)
r(82,0,0,11,11)
r(87,0,0,12,12)
r(26,0,0,13,13)
w(37,1,0,14,14)
r(24,0,0,15,15)
r(45,0,0,16,16)
r(6,0,0,17,17)
r(98,0,0,18,18)
r(30,0,0,19,19)
r(83,0,0,20,20)
r(11,0,0,21,21)
w(96,1,0,22,22)
r(74,0,0,23,23)
r(9,0,0,24,24)
r(41,0,0,25,25)
r(13,0,0,26,26)
r(54,0,0,27,27)
r(89,0,0,28,28)
r(28,0,0,29,29)
r(45,0,0,30,30)
r(50,0,0,31,31)
r(55,0,0,32,32)
r(93,1,0,33,33)
r(99,0,0,34,34)
r(65,0,0,35,35)
r(88,0,0,36,36)
r(15,0,0,37,37)
r(61,0,0,38,38)
r(13,0,0,39,39)
r(53,0,0,40,40)
r(38,0,0,41,41)
r(87,0,0,42,42)
r(49,0,0,43,43)
r(57,0,0,44,44)
r(43,0,0,45,45)
r(88,0,0,46,46)
r(8,0,0,47,47)
r(64,0,0,48,48)
r(32,0,0,49,49)
r(50,0,0,50,50)
r(77,0,0,51,51)
r(27,0,0,52,52)
w(95,1,0,53,53)
r(35,0,0,54,54)
r(75,0,0,55,55)
r(69,0,0,56,56)
r(8,0,0,57,57)
r(61,0,0,58,58)
r(52,0,0,59,59)
r(89,0,0,60,60)
r(70,0,0,61,61)
r(95,1,0,62,62)
r(87,0,0,63,63)
r(67,0,0,64,64)
r(15,0,0,65,65)
r(53,0,0,66,66)
r(31,0,0,67,67)
r(23,0,0,68,68)
w(27,1,0,69,69)
r(20,0,0,70,70)
w(33,1,0,71,71)
r(4,0,0,72,72)
r(65,0,0,73,73)
r(32,0,0,74,74)
r(42,1,0,75,75)
r(81,0,0,76,76)
r(71,0,0,77,77)
r(81,0,0,78,78)
r(78,0,0,79,79)
r(17,0,0,80,80)
r(32,0,0,81,81)
r(93,1,0,82,82)
r(55,0,0,83,83)
r(68,0,0,84,84)
r(41,0,0,85,85)
r(21,0,0,86,86)
r(47,0,0,87,87)
r(29,0,0,88,88)
r(16,0,0,89,89)
r(72,0,0,90,90)
r(20,0,0,91,91)
r(23,0,0,92,92)
r(79,0,0,93,93)
r(18,0,0,94,94)
r(96,1,0,95,95)
r(31,0,0,96,96)
r(10,0,0,97,97)
r(34,0,0,98,98)
r(72,0,0,99,99)
r(64,0,1,0,0)
w(8,1,1,1,1)
r(91,0,1,2,2)
r(54,0,1,3,3)
r(40,0,1,4,4)
r(98,0,1,5,5)
r(29,0,1,6,6)
r(30,0,1,7,7)
r(57,0,1,8,8)
r(21,0,1,9,9)
r(16,0,1,10,10)
r(9,0,1,11,11)
r(65,0,1,12,12)
r(97,0,1,13,13)
r(98,0,1,14,14)
r(5,0,1,15,15)
r(24,0,1,16,16)
r(73,0,1,17,17)
r(65,0,1,18,18)
r(41,0,1,19,19)
r(59,0,1,20,20)
r(92,0,1,21,21)
r(28,0,1,22,22)
r(70,0,1,23,23)
r(95,1,1,24,24)
r(9,0,1,25,25)
r(6,0,1,26,26)
r(63,0,1,27,27)
r(50,0,1,28,28)
r(0,0,1,29,29)
r(83,0,1,30,30)
r(40,0,1,31,31)
r(48,0,1,32,32)
r(92,0,1,33,33)
r(64,0,1,34,34)
r(20,0,1,35,35)
r(39,0,1,36,36)
r(9,0,1,37,37)
r(17,0,1,38,38)
r(0,0,1,39,39)
r(96,1,1,40,40)
r(91,0,1,41,41)
w(20,1,1,42,42)
r(79,0,1,43,43)
r(73,0,1,44,44)
w(2,1,1,45,45)
r(64,0,1,46,46)
r(95,1,1,47,47)
r(82,0,1,48,48)
w(31,1,1,49,49)
r(36,0,1,50,50)
r(41,0,1,51,51)
r(94,0,1,52,52)
r(99,0,1,53,53)
r(11,0,1,54,54)
r(87,0,1,55,55)
r(74,0,1,56,56)
r(39,0,1,57,57)
r(6,0,1,58,58)
r(54,0,1,59,59)
r(83,0,1,60,60)
r(57,0,1,61,61)
r(16,0,1,62,62)
r(80,0,1,63,63)
r(52,0,1,64,64)
r(37,1,1,65,65)
r(57,0,1,66,66)
r(35,0,1,67,67)
w(26,1,1,68,68)
r(87,0,1,69,69)
r(95,1,1,70,70)
r(10,0,1,71,71)
r(12,0,1,72,72)
r(88,0,1,73,73)
r(92,0,1,74,74)
r(12,0,1,75,75)
r(16,0,1,76,76)
r(29,0,1,77,77)
r(99,0,1,78,78)
r(80,0,1,79,79)
r(72,0,1,80,80)
w(50,1,1,81,81)
r(74,0,1,82,82)
w(47,1,1,83,83)
r(30,0,1,84,84)
r(44,0,1,85,85)
r(56,0,1,86,86)
r(53,0,1,87,87)
r(59,0,1,88,88)
r(4,0,1,89,89)
r(64,0,1,90,90)
r(35,0,1,91,91)
r(67,0,1,92,92)
r(27,1,1,93,93)
r(71,0,1,94,94)
r(23,0,1,95,95)
r(62,0,1,96,96)
r(70,0,1,97,97)
r(82,0,1,98,98)
r(99,0,1,99,99)
r(59,0,2,0,0)
r(71,0,2,1,1)
r(81,0,2,2,2)
r(80,0,2,3,3)
r(20,1,2,4,4)
w(12,1,2,5,5)
r(34,0,2,6,6)
r(86,0,2,7,7)
r(6,0,2,8,8)
r(52,0,2,9,9)
r(14,0,2,10,10)
r(94,0,2,11,11)
r(67,0,2,12,12)
r(10,0,2,13,13)
r(86,0,2,14,14)
r(55,0,2,15,15)
r(2,1,2,16,16)
r(86,0,2,17,17)
r(39,0,2,18,18)
r(1,0,2,19,19)
r(49,0,2,20,20)
r(11,0,2,21,21)
r(87,0,2,22,22)
r(77,0,2,23,23)
r(35,0,2,24,24)
r(48,0,2,25,25)
r(87,0,2,26,26)
r(99,0,2,27,27)
w(88,1,2,28,28)
r(83,0,2,29,29)
r(33,1,2,30,30)
r(18,0,2,31,31)
r(60,0,2,32,32)
r(53,0,2,33,33)
r(43,0,2,34,34)
r(59,0,2,35,35)
r(55,0,2,36,36)
r(70,0,2,37,37)
r(46,0,2,38,38)
r(59,0,2,39,39)
r(94,0,2,40,40)
r(0,0,2,41,41)
r(3,0,2,42,42)
r(69,0,2,43,43)
r(98,0,2,44,44)
r(88,1,2,45,45)
r(35,0,2,46,46)
r(68,0,2,47,47)
r(15,0,2,48,48)
r(21,0,2,49,49)
r(72,0,2,50,50)
r(56,0,2,51,51)
r(61,0,2,52,52)
r(19,0,2,53,53)
r(8,1,2,54,54)
r(36,0,2,55,55)
r(9,0,2,56,56)
r(85,0,2,57,57)
r(79,0,2,58,58)
r(92,0,2,59,59)
r(7,0,2,60,60)
r(73,0,2,61,61)
r(61,0,2,62,62)
r(80,0,2,63,63)
r(48,0,2,64,64)
r(7,0,2,65,65)
r(30,0,2,66,66)
r(68,0,2,67,67)
r(10,0,2,68,68)
r(53,0,2,69,69)
r(79,0,2,70,70)
r(7,0,2,71,71)
r(64,0,2,72,72)
r(32,0,2,73,73)
r(74,0,2,74,74)
r(9,0,2,75,75)
w(88,2,2,76,76)
r(68,0,2,77,77)
r(31,1,2,78,78)
r(60,0,2,79,79)
r(48,0,2,80,80)
w(54,1,2,81,81)
r(35,0,2,82,82)
r(91,0,2,83,83)
r(78,0,2,84,84)
r(76,0,2,85,85)
w(99,1,2,86,86)
r(62,0,2,87,87)
r(42,1,2,88,88)
w(88,3,2,89,89)
r(11,0,2,90,90)
r(52,0,2,91,91)
r(17,0,2,92,92)
r(79,0,2,93,93)
r(28,0,2,94,94)
r(39,0,2,95,95)
w(30,1,2,96,96)
r(36,0,2,97,97)
r(90,0,2,98,98)
r(37,1,2,99,99)
w(44,1,3,0,0)
r(8,1,3,1,1)
r(36,0,3,2,2)
r(92,0,3,3,3)
r(99,1,3,4,4)
r(98,0,3,5,5)
r(68,0,3,6,6)
r(33,1,3,7,7)
r(18,0,3,8,8)
r(7,0,3,9,9)
r(57,0,3,10,10)
r(81,0,3,11,11)
r(52,0,3,12,12)
r(52,0,3,13,13)
r(45,0,3,14,14)
r(56,0,3,15,15)
r(71,0,3,16,16)
w(1,1,3,17,17)
r(4,0,3,18,18)
r(25,0,3,19,19)
r(36,0,3,20,20)
r(88,3,3,21,21)
r(17,0,3,22,22)
w(86,1,3,23,23)
r(19,0,3,24,24)
w(46,1,3,25,25)
w(18,1,3,26,26)
r(37,1,3,27,27)
r(42,1,3,28,28)
r(23,0,3,29,29)
r(68,0,3,30,30)
r(74,0,3,31,31)
w(31,2,3,32,32)
r(89,0,3,33,33)
r(79,0,3,34,34)
r(45,0,3,35,35)
r(56,0,3,36,36)
r(45,0,3,37,37)
r(87,0,3,38,38)
r(31,2,3,39,39)
r(22,0,3,40,40)
r(91,0,3,41,41)
r(17,0,3,42,42)
w(69,1,3,43,43)
r(23,0,3,44,44)
r(81,0,3,45,45)
r(49,0,3,46,46)
r(97,0,3,47,47)
r(33,1,3,48,48)
r(92,0,3,49,49)
w(5,1,3,50,50)
r(27,1,3,51,51)
r(27,1,3,52,52)
r(33,1,3,53,53)
r(72,0,3,54,54)
r(25,0,3,55,55)
r(98,0,3,56,56)
w(79,1,3,57,57)
r(36,0,3,58,58)
w(98,1,3,59,59)
r(64,0,3,60,60)
r(15,0,3,61,61)
r(42,1,3,62,62)
r(46,1,3,63,63)
r(68,0,3,64,64)
r(51,0,3,65,65)
w(89,1,3,66,66)
r(69,1,3,67,67)
r(80,0,3,68,68)
r(99,1,3,69,69)
r(92,0,3,70,70)
r(68,0,3,71,71)
r(65,0,3,72,72)
r(30,1,3,73,73)
r(77,0,3,74,74)
r(60,0,3,75,75)
r(40,0,3,76,76)
w(70,1,3,77,77)
r(43,0,3,78,78)
r(8,1,3,79,79)
r(19,0,3,80,80)
r(4,0,3,81,81)
r(72,0,3,82,82)
w(93,2,3,83,83)
r(83,0,3,84,84)
r(70,1,3,85,85)
r(23,0,3,86,86)
w(34,1,3,87,87)
w(28,1,3,88,88)
r(12,1,3,89,89)
w(9,1,3,90,90)
r(37,1,3,91,91)
r(43,0,3,92,92)
w(59,1,3,93,93)
r(94,0,3,94,94)
r(55,0,3,95,95)
r(45,0,3,96,96)
r(41,0,3,97,97)
w(10,1,3,98,98)
r(76,0,3,99,99)
r(45,0,4,0,0)
r(38,0,4,1,1)
r(74,0,4,2,2)
r(99,1,4,3,3)
r(18,1,4,4,4)
r(18,1,4,5,5)
r(6,0,4,6,6)
r(50,1,4,7,7)
r(4,0,4,8,8)
r(24,0,4,9,9)
w(17,1,4,10,10)
w(37,2,4,11,11)
r(92,0,4,12,12)
r(83,0,4,13,13)
w(42,2,4,14,14)
r(40,0,4,15,15)
r(36,0,4,16,16)
r(16,0,4,17,17)
r(65,0,4,18,18)
r(28,1,4,19,19)
r(43,0,4,20,20)
r(70,1,4,21,21)
r(56,0,4,22,22)
r(24,0,4,23,23)
r(3,0,4,24,24)
r(31,2,4,25,25)
r(88,3,4,26,26)
w(41,1,4,27,27)
w(24,1,4,28,28)
r(18,1,4,29,29)
r(18,1,4,30,30)
r(30,1,4,31,31)
r(51,0,4,32,32)
r(74,0,4,33,33)
r(93,2,4,34,34)
r(91,0,4,35,35)
r(81,0,4,36,36)
r(91,0,4,37,37)
w(99,2,4,38,38)
r(89,1,4,39,39)
r(61,0,4,40,40)
r(55,0,4,41,41)
r(50,1,4,42,42)
w(75,1,4,43,43)
r(96,1,4,44,44)
r(52,0,4,45,45)
r(71,0,4,46,46)
r(62,0,4,47,47)
r(59,1,4,48,48)
r(20,1,4,49,49)
w(86,2,4,50,50)
r(88,3,4,51,51)
r(81,0,4,52,52)
r(35,0,4,53,53)
w(80,1,4,54,54)
r(19,0,4,55,55)
r(21,0,4,56,56)
r(92,0,4,57,57)
r(6,0,4,58,58)
r(13,0,4,59,59)
r(2,1,4,60,60)
r(30,1,4,61,61)
r(66,0,4,62,62)
r(65,0,4,63,63)
r(89,1,4,64,64)
r(82,0,4,65,65)
r(22,0,4,66,66)
r(37,2,4,67,67)
r(57,0,4,68,68)
r(66,0,4,69,69)
r(64,0,4,70,70)
r(91,0,4,71,71)
r(86,2,4,72,72)
r(83,0,4,73,73)
r(82,0,4,74,74)
r(75,1,4,75,75)
r(40,0,4,76,76)
r(8,1,4,77,77)
w(38,1,4,78,78)
r(99,2,4,79,79)
w(38,2,4,80,80)
r(19,0,4,81,81)
r(78,0,4,82,82)
r(91,0,4,83,83)
r(54,1,4,84,84)
r(80,1,4,85,85)
w(31,3,4,86,86)
r(49,0,4,87,87)
r(24,1,4,88,88)
r(30,1,4,89,89)
r(99,2,4,90,90)
r(8,1,4,91,91)
r(18,1,4,92,92)
r(99,2,4,93,93)
r(77,0,4,94,94)
r(68,0,4,95,95)
r(20,1,4,96,96)
r(80,1,4,97,97)
r(86,2,4,98,98)
r(9,1,4,99,99)
r(24,1,5,0,0)
r(10,1,5,1,1)
r(31,3,5,2,2)
r(70,1,5,3,3)
r(18,1,5,4,4)
r(33,1,5,5,5)
r(54,1,5,6,6)
r(81,0,5,7,7)
r(76,0,5,8,8)
r(58,0,5,9,9)
r(94,0,5,10,10)
r(75,1,5,11,11)
w(21,1,5,12,12)
r(0,0,5,13,13)
r(24,1,5,14,14)
r(24,1,5,15,15)
r(26,1,5,16,16)
r(94,0,5,17,17)
r(85,0,5,18,18)
r(92,0,5,19,19)
r(23,0,5,20,20)
r(82,0,5,21,21)
r(1,1,5,22,22)
r(23,0,5,23,23)
r(0,0,5,24,24)
r(78,0,5,25,25)
r(52,0,5,26,26)
r(48,0,5,27,27)
r(42,2,5,28,28)
w(71,1,5,29,29)
w(69,2,5,30,30)
r(53,0,5,31,31)
w(28,2,5,32,32)
r(54,1,5,33,33)
r(58,0,5,34,34)
r(9,1,5,35,35)
r(59,1,5,36,36)
r(97,0,5,37,37)
r(19,0,5,38,38)
r(25,0,5,39,39)
r(62,0,5,40,40)
r(24,1,5,41,41)
r(47,1,5,42,42)
r(96,1,5,43,43)
r(10,1,5,44,44)
r(4,0,5,45,45)
r(71,1,5,46,46)
r(33,1,5,47,47)
r(99,2,5,48,48)
r(78,0,5,49,49)
r(29,0,5,50,50)
r(0,0,5,51,51)
r(35,0,5,52,52)
w(76,1,5,53,53)
r(69,2,5,54,54)
r(64,0,5,55,55)
r(29,0,5,56,56)
r(36,0,5,57,57)
r(84,0,5,58,58)
r(28,2,5,59,59)
r(86,2,5,60,60)
r(81,0,5,61,61)
w(66,1,5,62,62)
r(33,1,5,63,63)
r(25,0,5,64,64)
r(98,1,5,65,65)
w(25,1,5,66,66)
r(11,0,5,67,67)
r(79,1,5,68,68)
r(23,0,5,69,69)
r(17,1,5,70,70)
r(15,0,5,71,71)
r(5,1,5,72,72)
r(87,0,5,73,73)
r(10,1,5,74,74)
r(1,1,5,75,75)
r(3,0,5,76,76)
r(95,1,5,77,77)
r(94,0,5,78,78)
r(53,0,5,79,79)
r(1,1,5,80,80)
r(74,0,5,81,81)
r(53,0,5,82,82)
r(57,0,5,83,83)
r(28,2,5,84,84)
r(92,0,5,85,85)
r(91,0,5,86,86)
r(82,0,5,87,87)
r(24,1,5,88,88)
r(90,0,5,89,89)
r(74,0,5,90,90)
r(94,0,5,91,91)
r(32,0,5,92,92)
r(20,1,5,93,93)
r(81,0,5,94,94)
r(62,0,5,95,95)
w(25,2,5,96,96)
r(46,1,5,97,97)
r(78,0,5,98,98)
r(42,2,5,99,99)
r(79,1,6,0,0)
r(85,0,6,1,1)
r(76,1,6,2,2)
r(69,2,6,3,3)
r(24,1,6,4,4)
r(80,1,6,5,5)
r(40,0,6,6,6)
r(20,1,6,7,7)
r(74,0,6,8,8)
r(43,0,6,9,9)
r(47,1,6,10,10)
r(78,0,6,11,11)
r(30,1,6,12,12)
r(46,1,6,13,13)
r(26,1,6,14,14)
r(0,0,6,15,15)
r(92,0,6,16,16)
r(19,0,6,17,17)
r(73,0,6,18,18)
r(19,0,6,19,19)
r(16,0,6,20,20)
r(45,0,6,21,21)
w(90,1,6,22,22)
r(49,0,6,23,23)
r(78,0,6,24,24)
r(47,1,6,25,25)
r(19,0,6,26,26)
r(33,1,6,27,27)
r(88,3,6,28,28)
r(78,0,6,29,29)
r(1,1,6,30,30)
r(0,0,6,31,31)
r(94,0,6,32,32)
w(3,1,6,33,33)
r(82,0,6,34,34)
r(52,0,6,35,35)
r(56,0,6,36,36)
r(39,0,6,37,37)
r(80,1,6,38,38)
r(21,1,6,39,39)
r(1,1,6,40,40)
r(99,2,6,41,41)
r(90,1,6,42,42)
w(87,1,6,43,43)
r(68,0,6,44,44)
w(32,1,6,45,45)
r(14,0,6,46,46)
w(57,1,6,47,47)
r(41,1,6,48,48)
r(45,0,6,49,49)
r(50,1,6,50,50)
w(87,2,6,51,51)
r(57,1,6,52,52)
r(84,0,6,53,53)
r(93,2,6,54,54)
r(51,0,6,55,55)
r(45,0,6,56,56)
r(0,0,6,57,57)
r(7,0,6,58,58)
r(65,0,6,59,59)
r(97,0,6,60,60)
w(39,1,6,61,61)
r(36,0,6,62,62)
r(49,0,6,63,63)
r(91,0,6,64,64)
r(74,0,6,65,65)
r(4,0,6,66,66)
r(67,0,6,67,67)
r(90,1,6,68,68)
r(22,0,6,69,69)
r(20,1,6,70,70)
r(11,0,6,71,71)
r(6,0,6,72,72)
r(93,2,6,73,73)
r(61,0,6,74,74)
r(48,0,6,75,75)
w(37,3,6,76,76)
r(16,0,6,77,77)
r(19,0,6,78,78)
r(2,1,6,79,79)
r(5,1,6,80,80)
r(61,0,6,81,81)
r(89,1,6,82,82)
r(64,0,6,83,83)
r(73,0,6,84,84)
r(45,0,6,85,85)
r(28,2,6,86,86)
r(70,1,6,87,87)
r(20,1,6,88,88)
r(36,0,6,89,89)
r(62,0,6,90,90)
r(21,1,6,91,91)
r(49,0,6,92,92)
r(97,0,6,93,93)
r(73,0,6,94,94)
r(25,2,6,95,95)
r(43,0,6,96,96)
r(61,0,6,97,97)
w(87,3,6,98,98)
r(42,2,6,99,99)
r(56,0,7,0,0)
r(4,0,7,1,1)
r(85,0,7,2,2)
r(53,0,7,3,3)
r(47,1,7,4,4)
r(38,2,7,5,5)
w(48,1,7,6,6)
r(66,1,7,7,7)
r(71,1,7,8,8)
r(71,1,7,9,9)
r(39,1,7,10,10)
r(67,0,7,11,11)
r(83,0,7,12,12)
r(57,1,7,13,13)
r(98,1,7,14,14)
r(13,0,7,15,15)
r(28,2,7,16,16)
r(59,1,7,17,17)
r(64,0,7,18,18)
r(15,0,7,19,19)
r(13,0,7,20,20)
r(84,0,7,21,21)
r(45,0,7,22,22)
r(94,0,7,23,23)
r(89,1,7,24,24)
r(69,2,7,25,25)
r(71,1,7,26,26)
r(35,0,7,27,27)
r(35,0,7,28,28)
r(29,0,7,29,29)
r(58,0,7,30,30)
r(58,0,7,31,31)
r(18,1,7,32,32)
r(37,3,7,33,33)
r(17,1,7,34,34)
w(54,2,7,35,35)
w(84,1,7,36,36)
r(85,0,7,37,37)
r(14,0,7,38,38)
r(52,0,7,39,39)
r(66,1,7,40,40)
r(53,0,7,41,41)
r(19,0,7,42,42)
r(29,0,7,43,43)
r(90,1,7,44,44)
r(79,1,7,45,45)
r(70,1,7,46,46)
r(62,0,7,47,47)
w(72,1,7,48,48)
r(18,1,7,49,49)
r(99,2,7,50,50)
r(58,0,7,51,51)
r(79,1,7,52,52)
w(35,1,7,53,53)
r(78,0,7,54,54)
r(82,0,7,55,55)
r(29,0,7,56,56)
r(77,0,7,57,57)
r(76,1,7,58,58)
r(81,0,7,59,59)
r(38,2,7,60,60)
w(28,3,7,61,61)
r(92,0,7,62,62)
r(71,1,7,63,63)
r(18,1,7,64,64)
r(82,0,7,65,65)
r(59,1,7,66,66)
r(84,1,7,67,67)
w(40,1,7,68,68)
r(25,2,7,69,69)
r(2,1,7,70,70)
r(10,1,7,71,71)
r(66,1,7,72,72)
r(35,1,7,73,73)
r(83,0,7,74,74)
r(9,1,7,75,75)
r(56,0,7,76,76)
r(66,1,7,77,77)
r(67,0,7,78,78)
r(62,0,7,79,79)
w(40,2,7,80,80)
r(61,0,7,81,81)
r(38,2,7,82,82)
r(44,1,7,83,83)
r(20,1,7,84,84)
r(97,0,7,85,85)
r(23,0,7,86,86)
r(78,0,7,87,87)
r(97,0,7,88,88)
r(20,1,7,89,89)
r(12,1,7,90,90)
r(25,2,7,91,91)
r(40,2,7,92,92)
w(36,1,7,93,93)
r(40,2,7,94,94)
r(10,1,7,95,95)
r(17,1,7,96,96)
r(97,0,7,97,97)
r(99,2,7,98,98)
r(98,1,7,99,99)
r(15,0,8,0,0)
r(92,0,8,1,1)
r(59,1,8,2,2)
r(39,1,8,3,3)
r(36,1,8,4,4)
w(64,1,8,5,5)
r(24,1,8,6,6)
r(52,0,8,7,7)
r(17,1,8,8,8)
r(94,0,8,9,9)
r(96,1,8,10,10)
r(29,0,8,11,11)
r(34,1,8,12,12)
r(20,1,8,13,13)
w(44,2,8,14,14)
r(96,1,8,15,15)
r(83,0,8,16,16)
r(36,1,8,17,17)
w(80,2,8,18,18)
r(9,1,8,19,19)
r(27,1,8,20,20)
r(21,1,8,21,21)
r(7,0,8,22,22)
r(61,0,8,23,23)
r(24,1,8,24,24)
r(30,1,8,25,25)
r(84,1,8,26,26)
r(91,0,8,27,27)
r(85,0,8,28,28)
r(13,0,8,29,29)
r(82,0,8,30,30)
r(64,1,8,31,31)
w(80,3,8,32,32)
r(46,1,8,33,33)
r(0,0,8,34,34)
r(68,0,8,35,35)
r(70,1,8,36,36)
r(43,0,8,37,37)
r(44,2,8,38,38)
r(56,0,8,39,39)
r(57,1,8,40,40)
r(73,0,8,41,41)
r(81,0,8,42,42)
r(86,2,8,43,43)
r(38,2,8,44,44)
r(45,0,8,45,45)
r(89,1,8,46,46)
r(45,0,8,47,47)
r(90,1,8,48,48)
r(38,2,8,49,49)
r(78,0,8,50,50)
r(8,1,8,51,51)
r(63,0,8,52,52)
r(42,2,8,53,53)
w(60,1,8,54,54)
r(69,2,8,55,55)
r(92,0,8,56,56)
r(32,1,8,57,57)
w(1,2,8,58,58)
r(93,2,8,59,59)
r(34,1,8,60,60)
r(80,3,8,61,61)
w(93,3,8,62,62)
r(83,0,8,63,63)
r(97,0,8,64,64)
r(88,3,8,65,65)
r(0,0,8,66,66)
r(80,3,8,67,67)
r(26,1,8,68,68)
r(71,1,8,69,69)
r(31,3,8,70,70)
r(63,0,8,71,71)
r(80,3,8,72,72)
r(97,0,8,73,73)
r(4,0,8,74,74)
r(91,0,8,75,75)
r(95,1,8,76,76)
r(33,1,8,77,77)
r(91,0,8,78,78)
w(36,2,8,79,79)
w(6,1,8,80,80)
r(53,0,8,81,81)
r(10,1,8,82,82)
r(74,0,8,83,83)
r(10,1,8,84,84)
r(35,1,8,85,85)
r(9,1,8,86,86)
r(71,1,8,87,87)
r(99,2,8,88,88)
r(27,1,8,89,89)
r(15,0,8,90,90)
r(11,0,8,91,91)
r(98,1,8,92,92)
w(55,1,8,93,93)
w(54,3,8,94,94)
r(18,1,8,95,95)
r(82,0,8,96,96)
r(15,0,8,97,97)
r(95,1,8,98,98)
r(72,1,8,99,99)
r(50,1,9,0,0)
r(0,0,9,1,1)
r(75,1,9,2,2)
r(86,2,9,3,3)
r(35,1,9,4,4)
r(10,1,9,5,5)
r(3,1,9,6,6)
w(10,2,9,7,7)
r(64,1,9,8,8)
w(73,1,9,9,9)
r(1,2,9,10,10)
w(68,1,9,11,11)
r(15,0,9,12,12)
r(35,1,9,13,13)
r(11,0,9,14,14)
r(84,1,9,15,15)
r(7,0,9,16,16)
w(62,1,9,17,17)
r(90,1,9,18,18)
r(9,1,9,19,19)
r(67,0,9,20,20)
r(24,1,9,21,21)
r(82,0,9,22,22)
r(18,1,9,23,23)
r(57,1,9,24,24)
r(22,0,9,25,25)
r(37,3,9,26,26)
r(56,0,9,27,27)
r(36,2,9,28,28)
r(70,1,9,29,29)
r(96,1,9,30,30)
r(56,0,9,31,31)
r(73,1,9,32,32)
r(34,1,9,33,33)
r(21,1,9,34,34)
r(12,1,9,35,35)
r(23,0,9,36,36)
w(51,1,9,37,37)
r(91,0,9,38,38)
r(37,3,9,39,39)
r(81,0,9,40,40)
r(46,1,9,41,41)
r(34,1,9,42,42)
r(8,1,9,43,43)
r(61,0,9,44,44)
r(16,0,9,45,45)
r(14,0,9,46,46)
r(59,1,9,47,47)
r(32,1,9,48,48)
r(2,1,9,49,49)
r(1,2,9,50,50)
r(97,0,9,51,51)
r(79,1,9,52,52)
r(20,1,9,53,53)
r(36,2,9,54,54)
r(30,1,9,55,55)
r(65,0,9,56,56)
w(7,1,9,57,57)
r(89,1,9,58,58)
r(89,1,9,59,59)
r(59,1,9,60,60)
r(36,2,9,61,61)
r(39,1,9,62,62)
w(42,3,9,63,63)
r(27,1,9,64,64)
r(24,1,9,65,65)
r(68,1,9,66,66)
r(82,0,9,67,67)
r(64,1,9,68,68)
r(4,0,9,69,69)
r(84,1,9,70,70)
r(27,1,9,71,71)
r(93,3,9,72,72)
r(7,1,9,73,73)
r(51,1,9,74,74)
w(68,2,9,75,75)
r(55,1,9,76,76)
r(91,0,9,77,77)
w(56,1,9,78,78)
r(18,1,9,79,79)
r(71,1,9,80,80)
r(12,1,9,81,81)
r(81,0,9,82,82)
r(17,1,9,83,83)
r(93,3,9,84,84)
r(68,2,9,85,85)
r(76,1,9,86,86)
r(82,0,9,87,87)
r(3,1,9,88,88)
r(11,0,9,89,89)
r(77,0,9,90,90)
r(20,1,9,91,91)
r(26,1,9,92,92)
w(26,2,9,93,93)
r(26,2,9,94,94)
r(44,2,9,95,95)
r(97,0,9,96,96)
r(99,2,9,97,97)
r(40,2,9,98,98)
r(67,0,9,99,99)
w(53,1,10,0,0)
r(61,0,10,1,1)
r(54,3,10,2,2)
r(27,1,10,3,3)
r(39,1,10,4,4)
r(95,1,10,5,5)
r(93,3,10,6,6)
r(7,1,10,7,7)
r(14,0,10,8,8)
r(82,0,10,9,9)
r(20,1,10,10,10)
w(51,2,10,11,11)
w(3,2,10,12,12)
r(50,1,10,13,13)
r(35,1,10,14,14)
r(46,1,10,15,15)
w(40,3,10,16,16)
r(17,1,10,17,17)
r(7,1,10,18,18)
r(67,0,10,19,19)
r(51,2,10,20,20)
r(72,1,10,21,21)
r(39,1,10,22,22)
r(66,1,10,23,23)
r(63,0,10,24,24)
r(20,1,10,25,25)
r(94,0,10,26,26)
w(17,2,10,27,27)
r(22,0,10,28,28)
r(73,1,10,29,29)
r(66,1,10,30,30)
r(35,1,10,31,31)
r(62,1,10,32,32)
r(65,0,10,33,33)
r(61,0,10,34,34)
r(72,1,10,35,35)
r(75,1,10,36,36)
r(35,1,10,37,37)
r(83,0,10,38,38)
r(54,3,10,39,39)
r(35,1,10,40,40)
r(5,1,10,41,41)
r(46,1,10,42,42)
r(29,0,10,43,43)
r(14,0,10,44,44)
r(27,1,10,45,45)
r(95,1,10,46,46)
r(41,1,10,47,47)
r(75,1,10,48,48)
r(99,2,10,49,49)
r(54,3,10,50,50)
r(33,1,10,51,51)
r(2,1,10,52,52)
r(79,1,10,53,53)
r(4,0,10,54,54)
w(56,2,10,55,55)
r(75,1,10,56,56)
r(42,3,10,57,57)
r(8,1,10,58,58)
r(53,1,10,59,59)
r(1,2,10,60,60)
r(10,2,10,61,61)
r(56,2,10,62,62)
r(74,0,10,63,63)
r(83,0,10,64,64)
r(75,1,10,65,65)
r(63,0,10,66,66)
r(1,2,10,67,67)
r(93,3,10,68,68)
r(83,0,10,69,69)
w(52,1,10,70,70)
r(68,2,10,71,71)
r(72,1,10,72,72)
r(72,1,10,73,73)
r(45,0,10,74,74)
r(77,0,10,75,75)
r(92,0,10,76,76)
r(91,0,10,77,77)
r(60,1,10,78,78)
r(97,0,10,79,79)
r(97,0,10,80,80)
r(64,1,10,81,81)
r(22,0,10,82,82)
r(11,0,10,83,83)
r(38,2,10,84,84)
r(28,3,10,85,85)
r(88,3,10,86,86)
r(44,2,10,87,87)
w(44,3,10,88,88)
r(49,0,10,89,89)
r(85,0,10,90,90)
r(18,1,10,91,91)
r(23,0,10,92,92)
r(78,0,10,93,93)
w(79,2,10,94,94)
r(52,1,10,95,95)
r(63,0,10,96,96)
r(86,2,10,97,97)
r(13,0,10,98,98)
r(45,0,10,99,99)
r(24,1,11,0,0)
r(82,0,11,1,1)
r(64,1,11,2,2)
r(47,1,11,3,3)
r(21,1,11,4,4)
w(31,4,11,5,5)
w(58,1,11,6,6)
r(42,3,11,7,7)
w(47,2,11,8,8)
r(86,2,11,9,9)
r(67,0,11,10,10)
r(21,1,11,11,11)
r(50,1,11,12,12)
r(48,1,11,13,13)
r(20,1,11,14,14)
w(30,2,11,15,15)
r(79,2,11,16,16)
r(17,2,11,17,17)
r(52,1,11,18,18)
r(74,0,11,19,19)
r(5,1,11,20,20)
r(96,1,11,21,21)
r(21,1,11,22,22)
r(25,2,11,23,23)
r(91,0,11,24,24)
r(4,0,11,25,25)
w(80,4,11,26,26)
r(96,1,11,27,27)
r(68,2,11,28,28)
w(99,3,11,29,29)
w(56,3,11,30,30)
w(60,2,11,31,31)
r(14,0,11,32,32)
r(14,0,11,33,33)
r(21,1,11,34,34)
r(1,2,11,35,35)
r(74,0,11,36,36)
r(22,0,11,37,37)
r(65,0,11,38,38)
r(5,1,11,39,39)
r(49,0,11,40,40)
r(76,1,11,41,41)
r(40,3,11,42,42)
r(64,1,11,43,43)
r(34,1,11,44,44)
r(52,1,11,45,45)
r(52,1,11,46,46)
w(65,1,11,47,47)
r(86,2,11,48,48)
r(12,1,11,49,49)
r(30,2,11,50,50)
r(83,0,11,51,51)
r(82,0,11,52,52)
r(56,3,11,53,53)
r(48,1,11,54,54)
r(13,0,11,55,55)
r(5,1,11,56,56)
r(94,0,11,57,57)
w(29,1,11,58,58)
r(13,0,11,59,59)
r(34,1,11,60,60)
r(5,1,11,61,61)
r(9,1,11,62,62)
w(46,2,11,63,63)
r(5,1,11,64,64)
r(85,0,11,65,65)
w(73,2,11,66,66)
r(92,0,11,67,67)
r(38,2,11,68,68)
r(17,2,11,69,69)
r(92,0,11,70,70)
r(70,1,11,71,71)
r(88,3,11,72,72)
r(55,1,11,73,73)
r(38,2,11,74,74)
r(64,1,11,75,75)
r(91,0,11,76,76)
r(55,1,11,77,77)
r(70,1,11,78,78)
r(53,1,11,79,79)
r(19,0,11,80,80)
r(59,1,11,81,81)
r(34,1,11,82,82)
r(43,0,11,83,83)
r(96,1,11,84,84)
w(92,1,11,85,85)
r(20,1,11,86,86)
r(67,0,11,87,87)
r(11,0,11,88,88)
r(66,1,11,89,89)
r(8,1,11,90,90)
r(32,1,11,91,91)
w(13,1,11,92,92)
r(16,0,11,93,93)
r(51,2,11,94,94)
r(90,1,11,95,95)
r(36,2,11,96,96)
r(67,0,11,97,97)
r(69,2,11,98,98)
r(33,1,11,99,99)
r(24,1,12,0,0)
r(97,0,12,1,1)
r(36,2,12,2,2)
r(29,1,12,3,3)
r(36,2,12,4,4)
r(29,1,12,5,5)
r(84,1,12,6,6)
w(85,1,12,7,7)
r(45,0,12,8,8)
r(72,1,12,9,9)
r(2,1,12,10,10)
r(96,1,12,11,11)
r(95,1,12,12,12)
r(97,0,12,13,13)
r(15,0,12,14,14)
r(76,1,12,15,15)
r(24,1,12,16,16)
r(45,0,12,17,17)
r(55,1,12,18,18)
r(74,0,12,19,19)
r(33,1,12,20,20)
r(81,0,12,21,21)
r(27,1,12,22,22)
r(50,1,12,23,23)
r(77,0,12,24,24)
r(30,2,12,25,25)
r(87,3,12,26,26)
r(69,2,12,27,27)
r(67,0,12,28,28)
r(14,0,12,29,29)
r(22,0,12,30,30)
r(5,1,12,31,31)
r(26,2,12,32,32)
r(5,1,12,33,33)
r(11,0,12,34,34)
r(98,1,12,35,35)
r(37,3,12,36,36)
r(90,1,12,37,37)
r(6,1,12,38,38)
r(60,2,12,39,39)
r(72,1,12,40,40)
r(0,0,12,41,41)
r(54,3,12,42,42)
r(14,0,12,43,43)
r(45,0,12,44,44)
r(95,1,12,45,45)
r(13,1,12,46,46)
w(66,2,12,47,47)
r(92,1,12,48,48)
r(40,3,12,49,49)
r(23,0,12,50,50)
r(83,0,12,51,51)
r(69,2,12,52,52)
r(88,3,12,53,53)
r(31,4,12,54,54)
r(12,1,12,55,55)
r(64,1,12,56,56)
r(38,2,12,57,57)
r(60,2,12,58,58)
r(12,1,12,59,59)
r(97,0,12,60,60)
r(61,0,12,61,61)
r(92,1,12,62,62)
r(73,2,12,63,63)
r(67,0,12,64,64)
r(90,1,12,65,65)
r(20,1,12,66,66)
r(38,2,12,67,67)
r(21,1,12,68,68)
r(39,1,12,69,69)
r(61,0,12,70,70)
r(64,1,12,71,71)
r(90,1,12,72,72)
r(79,2,12,73,73)
r(53,1,12,74,74)
r(46,2,12,75,75)
r(25,2,12,76,76)
r(53,1,12,77,77)
r(63,0,12,78,78)
r(97,0,12,79,79)
r(25,2,12,80,80)
r(59,1,12,81,81)
r(13,1,12,82,82)
r(55,1,12,83,83)
r(26,2,12,84,84)
r(35,1,12,85,85)
r(70,1,12,86,86)
r(33,1,12,87,87)
r(8,1,12,88,88)
r(68,2,12,89,89)
r(25,2,12,90,90)
r(40,3,12,91,91)
r(75,1,12,92,92)
w(34,2,12,93,93)
r(88,3,12,94,94)
w(86,3,12,95,95)
r(5,1,12,96,96)
r(3,2,12,97,97)
r(43,0,12,98,98)
r(88,3,12,99,99)
w(28,4,13,0,0)
r(37,3,13,1,1)
r(95,1,13,2,2)
r(36,2,13,3,3)
r(8,1,13,4,4)
r(47,2,13,5,5)
r(90,1,13,6,6)
r(26,2,13,7,7)
r(35,1,13,8,8)
w(23,1,13,9,9)
r(54,3,13,10,10)
r(19,0,13,11,11)
r(25,2,13,12,12)
r(64,1,13,13,13)
r(28,4,13,14,14)
r(5,1,13,15,15)
r(80,4,13,16,16)
r(65,1,13,17,17)
r(80,4,13,18,18)
r(58,1,13,19,19)
w(87,4,13,20,20)
r(67,0,13,21,21)
r(31,4,13,22,22)
r(47,2,13,23,23)
r(99,3,13,24,24)
r(53,1,13,25,25)
r(59,1,13,26,26)
r(9,1,13,27,27)
r(84,1,13,28,28)
r(86,3,13,29,29)
r(69,2,13,30,30)
w(92,2,13,31,31)
r(46,2,13,32,32)
r(12,1,13,33,33)
w(92,3,13,34,34)
r(88,3,13,35,35)
r(4,0,13,36,36)
r(50,1,13,37,37)
r(74,0,13,38,38)
r(95,1,13,39,39)
r(23,1,13,40,40)
r(16,0,13,41,41)
r(8,1,13,42,42)
r(21,1,13,43,43)
r(31,4,13,44,44)
r(19,0,13,45,45)
r(66,2,13,46,46)
r(80,4,13,47,47)
r(42,3,13,48,48)
r(72,1,13,49,49)
r(76,1,13,50,50)
r(36,2,13,51,51)
r(74,0,13,52,52)
r(64,1,13,53,53)
r(54,3,13,54,54)
r(80,4,13,55,55)
r(81,0,13,56,56)
r(44,3,13,57,57)
r(96,1,13,58,58)
r(89,1,13,59,59)
r(64,1,13,60,60)
r(70,1,13,61,61)
r(84,1,13,62,62)
r(20,1,13,63,63)
r(95,1,13,64,64)
r(22,0,13,65,65)
r(17,2,13,66,66)
r(21,1,13,67,67)
r(60,2,13,68,68)
r(9,1,13,69,69)
r(58,1,13,70,70)
r(54,3,13,71,71)
r(50,1,13,72,72)
w(87,5,13,73,73)
r(6,1,13,74,74)
r(94,0,13,75,75)
r(98,1,13,76,76)
r(67,0,13,77,77)
r(14,0,13,78,78)
w(97,1,13,79,79)
r(17,2,13,80,80)
r(25,2,13,81,81)
r(24,1,13,82,82)
r(45,0,13,83,83)
r(41,1,13,84,84)
r(56,3,13,85,85)
r(92,3,13,86,86)
r(25,2,13,87,87)
r(27,1,13,88,88)
r(14,0,13,89,89)
w(16,1,13,90,90)
r(87,5,13,91,91)
r(70,1,13,92,92)
r(99,3,13,93,93)
r(18,1,13,94,94)
r(39,1,13,95,95)
r(70,1,13,96,96)
r(35,1,13,97,97)
r(50,1,13,98,98)
r(25,2,13,99,99)
r(78,0,14,0,0)
r(31,4,14,1,1)
r(81,0,14,2,2)
r(64,1,14,3,3)
r(5,1,14,4,4)
r(61,0,14,5,5)
r(93,3,14,6,6)
w(59,2,14,7,7)
w(74,1,14,8,8)
r(67,0,14,9,9)
r(53,1,14,10,10)
r(31,4,14,11,11)
r(9,1,14,12,12)
r(64,1,14,13,13)
r(84,1,14,14,14)
r(29,1,14,15,15)
r(14,0,14,16,16)
r(97,1,14,17,17)
r(20,1,14,18,18)
w(30,3,14,19,19)
r(88,3,14,20,20)
r(50,1,14,21,21)
r(68,2,14,22,22)
r(21,1,14,23,23)
r(41,1,14,24,24)
r(20,1,14,25,25)
r(56,3,14,26,26)
r(10,2,14,27,27)
r(75,1,14,28,28)
r(47,2,14,29,29)
w(70,2,14,30,30)
r(50,1,14,31,31)
r(5,1,14,32,32)
r(25,2,14,33,33)
r(5,1,14,34,34)
r(59,2,14,35,35)
r(19,0,14,36,36)
r(8,1,14,37,37)
r(40,3,14,38,38)
r(54,3,14,39,39)
r(86,3,14,40,40)
r(42,3,14,41,41)
r(42,3,14,42,42)
r(82,0,14,43,43)
r(95,1,14,44,44)
w(98,2,14,45,45)
r(31,4,14,46,46)
r(77,0,14,47,47)
r(23,1,14,48,48)
r(9,1,14,49,49)
r(26,2,14,50,50)
r(16,1,14,51,51)
w(93,4,14,52,52)
w(17,3,14,53,53)
r(68,2,14,54,54)
r(41,1,14,55,55)
r(44,3,14,56,56)
r(76,1,14,57,57)
r(82,0,14,58,58)
r(32,1,14,59,59)
r(79,2,14,60,60)
w(70,3,14,61,61)
r(89,1,14,62,62)
r(82,0,14,63,63)
r(3,2,14,64,64)
r(64,1,14,65,65)
r(6,1,14,66,66)
r(9,1,14,67,67)
r(34,2,14,68,68)
w(66,3,14,69,69)
r(57,1,14,70,70)
r(84,1,14,71,71)
r(69,2,14,72,72)
r(97,1,14,73,73)
r(62,1,14,74,74)
r(75,1,14,75,75)
r(81,0,14,76,76)
r(46,2,14,77,77)
r(81,0,14,78,78)
r(34,2,14,79,79)
r(48,1,14,80,80)
r(77,0,14,81,81)
r(58,1,14,82,82)
r(52,1,14,83,83)
r(71,1,14,84,84)
r(3,2,14,85,85)
r(33,1,14,86,86)
r(46,2,14,87,87)
w(9,2,14,88,88)
r(65,1,14,89,89)
r(86,3,14,90,90)
r(96,1,14,91,91)
r(61,0,14,92,92)
r(68,2,14,93,93)
w(81,1,14,94,94)
r(61,0,14,95,95)
r(42,3,14,96,96)
r(16,1,14,97,97)
r(22,0,14,98,98)
r(12,1,14,99,99)
r(9,2,15,0,0)
w(43,1,15,1,1)
r(74,1,15,2,2)
r(73,2,15,3,3)
w(69,3,15,4,4)
r(58,1,15,5,5)
w(12,2,15,6,6)
r(0,0,15,7,7)
r(81,1,15,8,8)
r(90,1,15,9,9)
r(91,0,15,10,10)
r(14,0,15,11,11)
w(14,1,15,12,12)
r(0,0,15,13,13)
w(68,3,15,14,14)
r(23,1,15,15,15)
r(18,1,15,16,16)
r(83,0,15,17,17)
r(50,1,15,18,18)
r(78,0,15,19,19)
r(29,1,15,20,20)
r(47,2,15,21,21)
r(43,1,15,22,22)
r(44,3,15,23,23)
w(35,2,15,24,24)
r(94,0,15,25,25)
r(18,1,15,26,26)
r(83,0,15,27,27)
r(30,3,15,28,28)
r(59,2,15,29,29)
r(25,2,15,30,30)
r(27,1,15,31,31)
r(24,1,15,32,32)
r(31,4,15,33,33)
r(39,1,15,34,34)
r(98,2,15,35,35)
r(27,1,15,36,36)
r(70,3,15,37,37)
r(8,1,15,38,38)
r(30,3,15,39,39)
r(57,1,15,40,40)
r(76,1,15,41,41)
r(78,0,15,42,42)
w(97,2,15,43,43)
w(72,2,15,44,44)
r(55,1,15,45,45)
r(49,0,15,46,46)
r(49,0,15,47,47)
r(67,0,15,48,48)
r(77,0,15,49,49)
r(19,0,15,50,50)
r(23,1,15,51,51)
r(20,1,15,52,52)
r(32,1,15,53,53)
r(5,1,15,54,54)
r(38,2,15,55,55)
r(99,3,15,56,56)
r(41,1,15,57,57)
r(42,3,15,58,58)
r(47,2,15,59,59)
w(12,3,15,60,60)
r(43,1,15,61,61)
w(15,1,15,62,62)
r(55,1,15,63,63)
r(33,1,15,64,64)
r(64,1,15,65,65)
r(29,1,15,66,66)
r(40,3,15,67,67)
r(88,3,15,68,68)
r(24,1,15,69,69)
r(12,3,15,70,70)
r(39,1,15,71,71)
r(9,2,15,72,72)
w(61,1,15,73,73)
r(26,2,15,74,74)
r(38,2,15,75,75)
r(99,3,15,76,76)
w(92,4,15,77,77)
r(36,2,15,78,78)
r(91,0,15,79,79)
r(9,2,15,80,80)
r(67,0,15,81,81)
r(58,1,15,82,82)
r(59,2,15,83,83)
r(46,2,15,84,84)
r(30,3,15,85,85)
r(99,3,15,86,86)
r(4,0,15,87,87)
r(76,1,15,88,88)
r(58,1,15,89,89)
w(29,2,15,90,90)
r(69,3,15,91,91)
r(10,2,15,92,92)
r(64,1,15,93,93)
r(9,2,15,94,94)
r(3,2,15,95,95)
w(18,2,15,96,96)
r(55,1,15,97,97)
r(67,0,15,98,98)
r(31,4,15,99,99)
r(47,2,16,0,0)
r(27,1,16,1,1)
r(21,1,16,2,2)
r(66,3,16,3,3)
r(87,5,16,4,4)
r(93,4,16,5,5)
r(38,2,16,6,6)
w(8,2,16,7,7)
r(47,2,16,8,8)
r(83,0,16,9,9)
r(35,2,16,10,10)
r(74,1,16,11,11)
r(14,1,16,12,12)
r(33,1,16,13,13)
r(4,0,16,14,14)
r(67,0,16,15,15)
r(54,3,16,16,16)
r(37,3,16,17,17)
r(27,1,16,18,18)
r(84,1,16,19,19)
r(53,1,16,20,20)
r(57,1,16,21,21)
r(65,1,16,22,22)
r(92,4,16,23,23)
r(13,1,16,24,24)
r(9,2,16,25,25)
r(23,1,16,26,26)
r(69,3,16,27,27)
r(3,2,16,28,28)
r(70,3,16,29,29)
r(22,0,16,30,30)
r(51,2,16,31,31)
r(37,3,16,32,32)
r(38,2,16,33,33)
r(42,3,16,34,34)
r(70,3,16,35,35)
r(86,3,16,36,36)
r(81,1,16,37,37)
r(20,1,16,38,38)
w(87,6,16,39,39)
w(48,2,16,40,40)
r(59,2,16,41,41)
r(3,2,16,42,42)
r(87,6,16,43,43)
r(70,3,16,44,44)
r(86,3,16,45,45)
r(71,1,16,46,46)
r(62,1,16,47,47)
w(23,2,16,48,48)
r(77,0,16,49,49)
r(6,1,16,50,50)
r(97,2,16,51,51)
r(59,2,16,52,52)
r(7,1,16,53,53)
r(75,1,16,54,54)
r(40,3,16,55,55)
r(58,1,16,56,56)
r(88,3,16,57,57)
r(87,6,16,58,58)
r(17,3,16,59,59)
w(43,2,16,60,60)
r(72,2,16,61,61)
r(93,4,16,62,62)
r(26,2,16,63,63)
r(58,1,16,64,64)
w(98,3,16,65,65)
r(6,1,16,66,66)
r(81,1,16,67,67)
r(47,2,16,68,68)
r(80,4,16,69,69)
r(28,4,16,70,70)
r(68,3,16,71,71)
r(22,0,16,72,72)
r(68,3,16,73,73)
r(75,1,16,74,74)
r(26,2,16,75,75)
r(75,1,16,76,76)
w(39,2,16,77,77)
r(64,1,16,78,78)
r(42,3,16,79,79)
r(26,2,16,80,80)
w(81,2,16,81,81)
w(97,3,16,82,82)
r(22,0,16,83,83)
r(93,4,16,84,84)
r(75,1,16,85,85)
r(88,3,16,86,86)
r(23,2,16,87,87)
r(42,3,16,88,88)
r(70,3,16,89,89)
r(27,1,16,90,90)
r(28,4,16,91,91)
r(82,0,16,92,92)
r(5,1,16,93,93)
w(60,3,16,94,94)
r(39,2,16,95,95)
r(33,1,16,96,96)
w(36,3,16,97,97)
r(68,3,16,98,98)
r(68,3,16,99,99)
r(54,3,17,0,0)
r(67,0,17,1,1)
r(30,3,17,2,2)
w(7,2,17,3,3)
r(44,3,17,4,4)
r(22,0,17,5,5)
r(25,2,17,6,6)
r(63,0,17,7,7)
r(62,1,17,8,8)
r(66,3,17,9,9)
r(63,0,17,10,10)
r(58,1,17,11,11)
r(17,3,17,12,12)
r(31,4,17,13,13)
r(82,0,17,14,14)
r(20,1,17,15,15)
r(84,1,17,16,16)
r(19,0,17,17,17)
r(21,1,17,18,18)
r(88,3,17,19,19)
r(99,3,17,20,20)
r(87,6,17,21,21)
r(85,1,17,22,22)
w(94,1,17,23,23)
r(17,3,17,24,24)
r(98,3,17,25,25)
r(38,2,17,26,26)
r(47,2,17,27,27)
r(64,1,17,28,28)
r(86,3,17,29,29)
r(87,6,17,30,30)
r(98,3,17,31,31)
w(64,2,17,32,32)
r(99,3,17,33,33)
r(78,0,17,34,34)
r(74,1,17,35,35)
w(59,3,17,36,36)
r(22,0,17,37,37)
r(61,1,17,38,38)
r(93,4,17,39,39)
r(76,1,17,40,40)
r(33,1,17,41,41)
r(42,3,17,42,42)
r(13,1,17,43,43)
r(76,1,17,44,44)
r(62,1,17,45,45)
w(68,4,17,46,46)
r(38,2,17,47,47)
r(63,0,17,48,48)
r(92,4,17,49,49)
r(20,1,17,50,50)
r(46,2,17,51,51)
r(16,1,17,52,52)
r(94,1,17,53,53)
r(24,1,17,54,54)
r(36,3,17,55,55)
r(7,2,17,56,56)
r(74,1,17,57,57)
r(61,1,17,58,58)
r(93,4,17,59,59)
r(7,2,17,60,60)
r(25,2,17,61,61)
r(54,3,17,62,62)
r(11,0,17,63,63)
r(24,1,17,64,64)
r(97,3,17,65,65)
r(13,1,17,66,66)
r(29,2,17,67,67)
r(4,0,17,68,68)
r(27,1,17,69,69)
r(20,1,17,70,70)
r(73,2,17,71,71)
r(97,3,17,72,72)
r(36,3,17,73,73)
r(20,1,17,74,74)
w(2,2,17,75,75)
r(78,0,17,76,76)
r(0,0,17,77,77)
r(90,1,17,78,78)
r(74,1,17,79,79)
r(31,4,17,80,80)
r(90,1,17,81,81)
r(40,3,17,82,82)
r(29,2,17,83,83)
r(58,1,17,84,84)
r(28,4,17,85,85)
r(9,2,17,86,86)
r(16,1,17,87,87)
r(88,3,17,88,88)
r(71,1,17,89,89)
w(98,4,17,90,90)
r(47,2,17,91,91)
w(73,3,17,92,92)
r(36,3,17,93,93)
r(84,1,17,94,94)
r(27,1,17,95,95)
r(29,2,17,96,96)
r(60,3,17,97,97)
r(89,1,17,98,98)
w(94,2,17,99,99)
r(12,3,18,0,0)
r(68,4,18,1,1)
r(10,2,18,2,2)
w(70,4,18,3,3)
r(45,0,18,4,4)
r(10,2,18,5,5)
r(36,3,18,6,6)
w(72,3,18,7,7)
r(0,0,18,8,8)
r(63,0,18,9,9)
r(42,3,18,10,10)
r(61,1,18,11,11)
r(95,1,18,12,12)
w(46,3,18,13,13)
r(97,3,18,14,14)
r(93,4,18,15,15)
r(30,3,18,16,16)
r(98,4,18,17,17)
r(20,1,18,18,18)
r(59,3,18,19,19)
r(57,1,18,20,20)
r(68,4,18,21,21)
r(17,3,18,22,22)
r(90,1,18,23,23)
r(49,0,18,24,24)
r(37,3,18,25,25)
r(49,0,18,26,26)
r(91,0,18,27,27)
r(68,4,18,28,28)
r(34,2,18,29,29)
r(76,1,18,30,30)
r(67,0,18,31,31)
r(72,3,18,32,32)
r(86,3,18,33,33)
r(67,0,18,34,34)
r(55,1,18,35,35)
r(29,2,18,36,36)
r(95,1,18,37,37)
r(95,1,18,38,38)
r(85,1,18,39,39)
r(61,1,18,40,40)
r(4,0,18,41,41)
r(32,1,18,42,42)
r(52,1,18,43,43)
r(85,1,18,44,44)
w(27,2,18,45,45)
w(17,4,18,46,46)
r(77,0,18,47,47)
r(32,1,18,48,48)
r(27,2,18,49,49)
r(1,2,18,50,50)
w(29,3,18,51,51)
r(57,1,18,52,52)
r(13,1,18,53,53)
w(80,5,18,54,54)
r(94,2,18,55,55)
r(88,3,18,56,56)
r(85,1,18,57,57)
r(63,0,18,58,58)
r(68,4,18,59,59)
r(85,1,18,60,60)
r(48,2,18,61,61)
r(68,4,18,62,62)
r(69,3,18,63,63)
r(30,3,18,64,64)
r(64,2,18,65,65)
w(90,2,18,66,66)
r(59,3,18,67,67)
r(61,1,18,68,68)
r(43,2,18,69,69)
r(5,1,18,70,70)
r(68,4,18,71,71)
r(8,2,18,72,72)
r(93,4,18,73,73)
r(94,2,18,74,74)
r(84,1,18,75,75)
r(75,1,18,76,76)
r(32,1,18,77,77)
r(98,4,18,78,78)
r(38,2,18,79,79)
r(9,2,18,80,80)
r(5,1,18,81,81)
r(26,2,18,82,82)
r(46,3,18,83,83)
r(81,2,18,84,84)
r(83,0,18,85,85)
r(93,4,18,86,86)
r(26,2,18,87,87)
r(14,1,18,88,88)
r(47,2,18,89,89)
r(49,0,18,90,90)
r(7,2,18,91,91)
r(51,2,18,92,92)
r(83,0,18,93,93)
r(73,3,18,94,94)
r(5,1,18,95,95)
r(73,3,18,96,96)
r(22,0,18,97,97)
r(52,1,18,98,98)
r(96,1,18,99,99)
r(87,6,19,0,0)
r(48,2,19,1,1)
r(89,1,19,2,2)
r(1,2,19,3,3)
r(19,0,19,4,4)
r(14,1,19,5,5)
r(4,0,19,6,6)
r(77,0,19,7,7)
r(19,0,19,8,8)
r(72,3,19,9,9)
r(7,2,19,10,10)
r(85,1,19,11,11)
r(91,0,19,12,12)
r(40,3,19,13,13)
r(85,1,19,14,14)
r(97,3,19,15,15)
r(54,3,19,16,16)
r(17,4,19,17,17)
r(21,1,19,18,18)
r(45,0,19,19,19)
r(64,2,19,20,20)
r(26,2,19,21,21)
r(88,3,19,22,22)
w(7,3,19,23,23)
r(36,3,19,24,24)
r(30,3,19,25,25)
r(29,3,19,26,26)
r(23,2,19,27,27)
r(50,1,19,28,28)
r(72,3,19,29,29)
r(42,3,19,30,30)
w(15,2,19,31,31)
r(75,1,19,32,32)
r(22,0,19,33,33)
r(27,2,19,34,34)
r(56,3,19,35,35)
w(76,2,19,36,36)
r(76,2,19,37,37)
r(92,4,19,38,38)
r(52,1,19,39,39)
r(1,2,19,40,40)
r(92,4,19,41,41)
r(85,1,19,42,42)
r(29,3,19,43,43)
r(38,2,19,44,44)
r(5,1,19,45,45)
r(10,2,19,46,46)
r(31,4,19,47,47)
r(46,3,19,48,48)
r(82,0,19,49,49)
r(96,1,19,50,50)
r(1,2,19,51,51)
r(67,0,19,52,52)
w(37,4,19,53,53)
r(67,0,19,54,54)
r(56,3,19,55,55)
r(31,4,19,56,56)
r(84,1,19,57,57)
r(56,3,19,58,58)
r(95,1,19,59,59)
r(4,0,19,60,60)
r(48,2,19,61,61)
r(73,3,19,62,62)
r(58,1,19,63,63)
r(34,2,19,64,64)
r(98,4,19,65,65)
r(20,1,19,66,66)
r(67,0,19,67,67)
r(12,3,19,68,68)
r(71,1,19,69,69)
r(32,1,19,70,70)
r(65,1,19,71,71)
r(60,3,19,72,72)
r(78,0,19,73,73)
r(5,1,19,74,74)
w(83,1,19,75,75)
r(59,3,19,76,76)
r(2,2,19,77,77)
r(1,2,19,78,78)
r(47,2,19,79,79)
r(5,1,19,80,80)
r(83,1,19,81,81)
r(38,2,19,82,82)
r(81,2,19,83,83)
r(41,1,19,84,84)
r(39,2,19,85,85)
r(33,1,19,86,86)
r(37,4,19,87,87)
r(22,0,19,88,88)
r(47,2,19,89,89)
r(54,3,19,90,90)
r(56,3,19,91,91)
r(23,2,19,92,92)
r(1,2,19,93,93)
r(76,2,19,94,94)
r(58,1,19,95,95)
r(62,1,19,96,96)
r(2,2,19,97,97)
r(51,2,19,98,98)
r(63,0,19,99,99)
r(5,1,20,0,0)
r(72,3,20,1,1)
r(47,2,20,2,2)
r(78,0,20,3,3)
r(46,3,20,4,4)
r(62,1,20,5,5)
r(5,1,20,6,6)
r(71,1,20,7,7)
r(63,0,20,8,8)
r(89,1,20,9,9)
r(53,1,20,10,10)
r(8,2,20,11,11)
r(25,2,20,12,12)
r(89,1,20,13,13)
w(72,4,20,14,14)
r(85,1,20,15,15)
r(27,2,20,16,16)
r(83,1,20,17,17)
r(34,2,20,18,18)
r(80,5,20,19,19)
r(47,2,20,20,20)
w(91,1,20,21,21)
r(0,0,20,22,22)
r(67,0,20,23,23)
r(52,1,20,24,24)
r(31,4,20,25,25)
w(38,3,20,26,26)
r(1,2,20,27,27)
r(11,0,20,28,28)
r(48,2,20,29,29)
r(29,3,20,30,30)
r(87,6,20,31,31)
r(18,2,20,32,32)
r(21,1,20,33,33)
r(86,3,20,34,34)
r(90,2,20,35,35)
r(99,3,20,36,36)
r(34,2,20,37,37)
r(17,4,20,38,38)
r(78,0,20,39,39)
w(39,3,20,40,40)
r(59,3,20,41,41)
r(15,2,20,42,42)
r(70,4,20,43,43)
r(67,0,20,44,44)
r(75,1,20,45,45)
r(37,4,20,46,46)
r(14,1,20,47,47)
r(98,4,20,48,48)
r(72,4,20,49,49)
r(9,2,20,50,50)
r(84,1,20,51,51)
r(43,2,20,52,52)
w(58,2,20,53,53)
r(56,3,20,54,54)
r(86,3,20,55,55)
r(55,1,20,56,56)
w(17,5,20,57,57)
r(64,2,20,58,58)
r(43,2,20,59,59)
r(49,0,20,60,60)
r(53,1,20,61,61)
r(86,3,20,62,62)
r(62,1,20,63,63)
r(92,4,20,64,64)
r(47,2,20,65,65)
r(11,0,20,66,66)
r(47,2,20,67,67)
r(23,2,20,68,68)
r(22,0,20,69,69)
r(17,5,20,70,70)
r(94,2,20,71,71)
r(85,1,20,72,72)
r(47,2,20,73,73)
r(84,1,20,74,74)
r(17,5,20,75,75)
r(99,3,20,76,76)
r(78,0,20,77,77)
r(52,1,20,78,78)
r(88,3,20,79,79)
r(84,1,20,80,80)
r(9,2,20,81,81)
r(38,3,20,82,82)
r(77,0,20,83,83)
r(34,2,20,84,84)
r(97,3,20,85,85)
w(62,2,20,86,86)
r(31,4,20,87,87)
r(27,2,20,88,88)
r(19,0,20,89,89)
r(26,2,20,90,90)
r(44,3,20,91,91)
w(66,4,20,92,92)
r(13,1,20,93,93)
r(33,1,20,94,94)
r(68,4,20,95,95)
r(14,1,20,96,96)
r(53,1,20,97,97)
r(2,2,20,98,98)
r(16,1,20,99,99)
r(74,1,21,0,0)
r(3,2,21,1,1)
r(30,3,21,2,2)
r(41,1,21,3,3)
w(81,3,21,4,4)
r(90,2,21,5,5)
r(16,1,21,6,6)
r(66,4,21,7,7)
r(80,5,21,8,8)
w(85,2,21,9,9)
r(54,3,21,10,10)
r(61,1,21,11,11)
r(87,6,21,12,12)
r(62,2,21,13,13)
r(1,2,21,14,14)
r(16,1,21,15,15)
r(71,1,21,16,16)
r(61,1,21,17,17)
r(47,2,21,18,18)
r(44,3,21,19,19)
r(2,2,21,20,20)
r(39,3,21,21,21)
r(58,2,21,22,22)
r(40,3,21,23,23)
r(23,2,21,24,24)
r(12,3,21,25,25)
w(36,4,21,26,26)
r(14,1,21,27,27)
r(12,3,21,28,28)
r(59,3,21,29,29)
r(6,1,21,30,30)
r(11,0,21,31,31)
r(10,2,21,32,32)
r(25,2,21,33,33)
r(32,1,21,34,34)
r(39,3,21,35,35)
r(11,0,21,36,36)
r(19,0,21,37,37)
r(15,2,21,38,38)
r(9,2,21,39,39)
r(91,1,21,40,40)
r(76,2,21,41,41)
r(21,1,21,42,42)
r(72,4,21,43,43)
r(78,0,21,44,44)
w(89,2,21,45,45)
r(83,1,21,46,46)
r(72,4,21,47,47)
w(60,4,21,48,48)
w(30,4,21,49,49)
r(90,2,21,50,50)
w(32,2,21,51,51)
r(13,1,21,52,52)
w(59,4,21,53,53)
r(68,4,21,54,54)
r(7,3,21,55,55)
r(1,2,21,56,56)
r(64,2,21,57,57)
r(22,0,21,58,58)
r(32,2,21,59,59)
w(17,6,21,60,60)
r(66,4,21,61,61)
r(99,3,21,62,62)
r(96,1,21,63,63)
r(55,1,21,64,64)
r(43,2,21,65,65)
r(6,1,21,66,66)
r(91,1,21,67,67)
w(21,2,21,68,68)
w(27,3,21,69,69)
r(32,2,21,70,70)
r(93,4,21,71,71)
r(53,1,21,72,72)
r(69,3,21,73,73)
r(59,4,21,74,74)
r(28,4,21,75,75)
r(92,4,21,76,76)
r(54,3,21,77,77)
r(96,1,21,78,78)
r(10,2,21,79,79)
r(15,2,21,80,80)
r(2,2,21,81,81)
r(18,2,21,82,82)
r(51,2,21,83,83)
r(16,1,21,84,84)
r(45,0,21,85,85)
r(33,1,21,86,86)
r(98,4,21,87,87)
r(8,2,21,88,88)
r(63,0,21,89,89)
r(43,2,21,90,90)
r(80,5,21,91,91)
r(97,3,21,92,92)
r(75,1,21,93,93)
r(90,2,21,94,94)
r(92,4,21,95,95)
r(0,0,21,96,96)
r(73,3,21,97,97)
r(27,3,21,98,98)
r(36,4,21,99,99)
r(17,6,22,0,0)
r(80,5,22,1,1)
r(23,2,22,2,2)
r(38,3,22,3,3)
r(76,2,22,4,4)
r(88,3,22,5,5)
r(54,3,22,6,6)
r(49,0,22,7,7)
r(21,2,22,8,8)
r(37,4,22,9,9)
r(57,1,22,10,10)
r(95,1,22,11,11)
r(25,2,22,12,12)
r(25,2,22,13,13)
r(8,2,22,14,14)
r(22,0,22,15,15)
r(46,3,22,16,16)
r(63,0,22,17,17)
w(92,5,22,18,18)
r(4,0,22,19,19)
r(37,4,22,20,20)
r(80,5,22,21,21)
r(7,3,22,22,22)
r(12,3,22,23,23)
r(77,0,22,24,24)
r(41,1,22,25,25)
r(2,2,22,26,26)
r(13,1,22,27,27)
r(83,1,22,28,28)
r(12,3,22,29,29)
r(14,1,22,30,30)
r(88,3,22,31,31)
r(39,3,22,32,32)
r(95,1,22,33,33)
r(89,2,22,34,34)
r(7,3,22,35,35)
r(59,4,22,36,36)
r(39,3,22,37,37)
r(60,4,22,38,38)
r(82,0,22,39,39)
r(48,2,22,40,40)
r(34,2,22,41,41)
w(44,4,22,42,42)
r(92,5,22,43,43)
r(14,1,22,44,44)
r(2,2,22,45,45)
w(43,3,22,46,46)
r(9,2,22,47,47)
r(74,1,22,48,48)
r(46,3,22,49,49)
r(82,0,22,50,50)
r(92,5,22,51,51)
r(34,2,22,52,52)
r(31,4,22,53,53)
r(68,4,22,54,54)
r(41,1,22,55,55)
r(21,2,22,56,56)
r(14,1,22,57,57)
r(32,2,22,58,58)
w(83,2,22,59,59)
r(78,0,22,60,60)
r(85,2,22,61,61)
r(24,1,22,62,62)
r(17,6,22,63,63)
w(58,3,22,64,64)
r(43,3,22,65,65)
r(46,3,22,66,66)
r(86,3,22,67,67)
r(74,1,22,68,68)
r(26,2,22,69,69)
r(3,2,22,70,70)
r(41,1,22,71,71)
r(93,4,22,72,72)
r(32,2,22,73,73)
r(36,4,22,74,74)
r(35,2,22,75,75)
w(60,5,22,76,76)
r(98,4,22,77,77)
r(30,4,22,78,78)
r(56,3,22,79,79)
r(0,0,22,80,80)
r(12,3,22,81,81)
r(12,3,22,82,82)
r(77,0,22,83,83)
r(80,5,22,84,84)
r(30,4,22,85,85)
r(38,3,22,86,86)
r(99,3,22,87,87)
r(17,6,22,88,88)
r(68,4,22,89,89)
r(25,2,22,90,90)
r(33,1,22,91,91)
r(77,0,22,92,92)
r(27,3,22,93,93)
r(51,2,22,94,94)
r(14,1,22,95,95)
r(1,2,22,96,96)
r(47,2,22,97,97)
r(83,2,22,98,98)
r(12,3,22,99,99)
r(50,1,23,0,0)
r(47,2,23,1,1)
r(43,3,23,2,2)
r(76,2,23,3,3)
r(56,3,23,4,4)
r(24,1,23,5,5)
r(68,4,23,6,6)
r(95,1,23,7,7)
w(57,2,23,8,8)
r(83,2,23,9,9)
r(77,0,23,10,10)
r(85,2,23,11,11)
r(90,2,23,12,12)
r(41,1,23,13,13)
r(82,0,23,14,14)
r(77,0,23,15,15)
r(59,4,23,16,16)
w(76,3,23,17,17)
r(36,4,23,18,18)
r(43,3,23,19,19)
r(27,3,23,20,20)
r(61,1,23,21,21)
r(57,2,23,22,22)
r(33,1,23,23,23)
w(60,6,23,24,24)
r(88,3,23,25,25)
r(24,1,23,26,26)
r(75,1,23,27,27)
w(39,4,23,28,28)
w(48,3,23,29,29)
r(28,4,23,30,30)
r(30,4,23,31,31)
r(61,1,23,32,32)
r(10,2,23,33,33)
r(41,1,23,34,34)
r(56,3,23,35,35)
r(91,1,23,36,36)
r(24,1,23,37,37)
r(38,3,23,38,38)
r(54,3,23,39,39)
r(72,4,23,40,40)
r(85,2,23,41,41)
r(70,4,23,42,42)
r(26,2,23,43,43)
r(92,5,23,44,44)
r(21,2,23,45,45)
r(36,4,23,46,46)
r(28,4,23,47,47)
r(13,1,23,48,48)
r(81,3,23,49,49)
r(80,5,23,50,50)
r(38,3,23,51,51)
r(85,2,23,52,52)
r(97,3,23,53,53)
r(44,4,23,54,54)
r(89,2,23,55,55)
r(33,1,23,56,56)
r(98,4,23,57,57)
r(82,0,23,58,58)
r(77,0,23,59,59)
r(70,4,23,60,60)
r(9,2,23,61,61)
r(37,4,23,62,62)
r(25,2,23,63,63)
r(69,3,23,64,64)
w(16,2,23,65,65)
r(96,1,23,66,66)
r(50,1,23,67,67)
r(21,2,23,68,68)
r(76,3,23,69,69)
r(5,1,23,70,70)
r(3,2,23,71,71)
r(0,0,23,72,72)
r(78,0,23,73,73)
r(7,3,23,74,74)
r(26,2,23,75,75)
r(36,4,23,76,76)
r(12,3,23,77,77)
r(10,2,23,78,78)
w(8,3,23,79,79)
w(85,3,23,80,80)
r(89,2,23,81,81)
r(63,0,23,82,82)
w(38,4,23,83,83)
r(7,3,23,84,84)
r(79,2,23,85,85)
r(26,2,23,86,86)
r(75,1,23,87,87)
r(17,6,23,88,88)
r(29,3,23,89,89)
r(41,1,23,90,90)
r(17,6,23,91,91)
r(41,1,23,92,92)
r(6,1,23,93,93)
w(93,5,23,94,94)
r(25,2,23,95,95)
r(18,2,23,96,96)
r(71,1,23,97,97)
r(45,0,23,98,98)
r(32,2,23,99,99)
r(57,2,24,0,0)
r(34,2,24,1,1)
r(51,2,24,2,2)
r(82,0,24,3,3)
r(41,1,24,4,4)
r(1,2,24,5,5)
r(55,1,24,6,6)
r(15,2,24,7,7)
r(79,2,24,8,8)
r(74,1,24,9,9)
r(44,4,24,10,10)
r(46,3,24,11,11)
w(1,3,24,12,12)
r(41,1,24,13,13)
w(44,5,24,14,14)
r(39,4,24,15,15)
r(14,1,24,16,16)
r(66,4,24,17,17)
r(37,4,24,18,18)
r(39,4,24,19,19)
r(15,2,24,20,20)
w(26,3,24,21,21)
r(65,1,24,22,22)
r(83,2,24,23,23)
r(75,1,24,24,24)
w(61,2,24,25,25)
w(14,2,24,26,26)
r(47,2,24,27,27)
r(79,2,24,28,28)
r(51,2,24,29,29)
r(92,5,24,30,30)
r(37,4,24,31,31)
r(43,3,24,32,32)
r(83,2,24,33,33)
r(55,1,24,34,34)
r(19,0,24,35,35)
r(60,6,24,36,36)
w(88,4,24,37,37)
r(40,3,24,38,38)
r(8,3,24,39,39)
r(96,1,24,40,40)
w(68,5,24,41,41)
r(76,3,24,42,42)
r(64,2,24,43,43)
r(65,1,24,44,44)
r(2,2,24,45,45)
r(16,2,24,46,46)
r(18,2,24,47,47)
r(91,1,24,48,48)
r(36,4,24,49,49)
w(3,3,24,50,50)
r(77,0,24,51,51)
r(69,3,24,52,52)
r(90,2,24,53,53)
r(58,3,24,54,54)
r(18,2,24,55,55)
r(27,3,24,56,56)
r(95,1,24,57,57)
r(82,0,24,58,58)
r(52,1,24,59,59)
r(29,3,24,60,60)
r(44,5,24,61,61)
r(89,2,24,62,62)
r(88,4,24,63,63)
r(77,0,24,64,64)
r(17,6,24,65,65)
r(82,0,24,66,66)
r(33,1,24,67,67)
r(82,0,24,68,68)
r(60,6,24,69,69)
r(80,5,24,70,70)
r(46,3,24,71,71)
r(12,3,24,72,72)
w(20,2,24,73,73)
r(61,2,24,74,74)
r(44,5,24,75,75)
r(93,5,24,76,76)
r(12,3,24,77,77)
r(87,6,24,78,78)
r(93,5,24,79,79)
r(43,3,24,80,80)
r(50,1,24,81,81)
r(13,1,24,82,82)
r(30,4,24,83,83)
r(0,0,24,84,84)
w(31,5,24,85,85)
r(26,3,24,86,86)
w(92,6,24,87,87)
r(64,2,24,88,88)
r(65,1,24,89,89)
r(60,6,24,90,90)
r(88,4,24,91,91)
r(64,2,24,92,92)
r(47,2,24,93,93)
r(27,3,24,94,94)
r(34,2,24,95,95)
r(55,1,24,96,96)
r(60,6,24,97,97)
r(1,3,24,98,98)
w(16,3,24,99,99)
w(71,2,25,0,0)
r(99,3,25,1,1)
r(20,2,25,2,2)
r(82,0,25,3,3)
r(52,1,25,4,4)
r(22,0,25,5,5)
w(98,5,25,6,6)
r(74,1,25,7,7)
w(57,3,25,8,8)
r(50,1,25,9,9)
r(90,2,25,10,10)
r(27,3,25,11,11)
r(87,6,25,12,12)
r(85,3,25,13,13)
r(29,3,25,14,14)
r(57,3,25,15,15)
r(90,2,25,16,16)
r(88,4,25,17,17)
r(11,0,25,18,18)
r(8,3,25,19,19)
r(21,2,25,20,20)
r(71,2,25,21,21)
r(58,3,25,22,22)
r(82,0,25,23,23)
r(21,2,25,24,24)
r(93,5,25,25,25)
r(55,1,25,26,26)
w(57,4,25,27,27)
r(51,2,25,28,28)
r(5,1,25,29,29)
r(97,3,25,30,30)
r(32,2,25,31,31)
r(46,3,25,32,32)
r(68,5,25,33,33)
r(85,3,25,34,34)
r(16,3,25,35,35)
r(67,0,25,36,36)
r(90,2,25,37,37)
r(8,3,25,38,38)
r(50,1,25,39,39)
r(78,0,25,40,40)
r(7,3,25,41,41)
r(8,3,25,42,42)
r(85,3,25,43,43)
r(8,3,25,44,44)
r(51,2,25,45,45)
r(29,3,25,46,46)
r(42,3,25,47,47)
w(32,3,25,48,48)
r(47,2,25,49,49)
r(93,5,25,50,50)
w(69,4,25,51,51)
r(66,4,25,52,52)
r(91,1,25,53,53)
r(28,4,25,54,54)
r(14,2,25,55,55)
r(58,3,25,56,56)
r(73,3,25,57,57)
r(63,0,25,58,58)
r(53,1,25,59,59)
r(51,2,25,60,60)
r(23,2,25,61,61)
r(68,5,25,62,62)
r(93,5,25,63,63)
r(13,1,25,64,64)
r(17,6,25,65,65)
r(55,1,25,66,66)
r(29,3,25,67,67)
w(75,2,25,68,68)
r(42,3,25,69,69)
r(81,3,25,70,70)
r(78,0,25,71,71)
r(47,2,25,72,72)
r(51,2,25,73,73)
r(68,5,25,74,74)
r(27,3,25,75,75)
r(78,0,25,76,76)
r(98,5,25,77,77)
r(22,0,25,78,78)
r(31,5,25,79,79)
r(50,1,25,80,80)
r(38,4,25,81,81)
r(4,0,25,82,82)
r(65,1,25,83,83)
r(99,3,25,84,84)
r(0,0,25,85,85)
w(7,4,25,86,86)
r(31,5,25,87,87)
w(24,2,25,88,88)
r(45,0,25,89,89)
r(36,4,25,90,90)
r(70,4,25,91,91)
r(44,5,25,92,92)
r(55,1,25,93,93)
w(14,3,25,94,94)
r(18,2,25,95,95)
r(11,0,25,96,96)
r(43,3,25,97,97)
r(24,2,25,98,98)
r(30,4,25,99,99)
r(45,0,26,0,0)
r(36,4,26,1,1)
r(13,1,26,2,2)
r(23,2,26,3,3)
r(11,0,26,4,4)
r(59,4,26,5,5)
w(16,4,26,6,6)
r(2,2,26,7,7)
r(67,0,26,8,8)
r(99,3,26,9,9)
r(83,2,26,10,10)
r(16,4,26,11,11)
r(18,2,26,12,12)
r(54,3,26,13,13)
w(48,4,26,14,14)
r(39,4,26,15,15)
r(11,0,26,16,16)
r(87,6,26,17,17)
r(16,4,26,18,18)
r(60,6,26,19,19)
r(12,3,26,20,20)
r(28,4,26,21,21)
r(10,2,26,22,22)
r(42,3,26,23,23)
r(51,2,26,24,24)
r(66,4,26,25,25)
r(73,3,26,26,26)
r(27,3,26,27,27)
r(31,5,26,28,28)
r(40,3,26,29,29)
r(40,3,26,30,30)
r(15,2,26,31,31)
r(20,2,26,32,32)
r(96,1,26,33,33)
r(55,1,26,34,34)
r(88,4,26,35,35)
w(12,4,26,36,36)
r(33,1,26,37,37)
w(13,2,26,38,38)
r(31,5,26,39,39)
r(29,3,26,40,40)
r(90,2,26,41,41)
r(73,3,26,42,42)
r(41,1,26,43,43)
r(30,4,26,44,44)
w(70,5,26,45,45)
r(47,2,26,46,46)
r(37,4,26,47,47)
r(79,2,26,48,48)
r(24,2,26,49,49)
r(56,3,26,50,50)
r(39,4,26,51,51)
r(76,3,26,52,52)
r(78,0,26,53,53)
r(54,3,26,54,54)
r(67,0,26,55,55)
r(59,4,26,56,56)
r(87,6,26,57,57)
r(17,6,26,58,58)
r(45,0,26,59,59)
r(73,3,26,60,60)
r(9,2,26,61,61)
r(82,0,26,62,62)
r(3,3,26,63,63)
r(20,2,26,64,64)
r(75,2,26,65,65)
r(66,4,26,66,66)
r(46,3,26,67,67)
r(84,1,26,68,68)
r(86,3,26,69,69)
r(99,3,26,70,70)
r(48,4,26,71,71)
w(6,2,26,72,72)
r(53,1,26,73,73)
r(12,4,26,74,74)
r(22,0,26,75,75)
r(73,3,26,76,76)
r(40,3,26,77,77)
r(58,3,26,78,78)
r(76,3,26,79,79)
r(32,3,26,80,80)
r(66,4,26,81,81)
r(99,3,26,82,82)
r(30,4,26,83,83)
r(27,3,26,84,84)
r(27,3,26,85,85)
r(22,0,26,86,86)
r(91,1,26,87,87)
r(71,2,26,88,88)
r(15,2,26,89,89)
r(2,2,26,90,90)
r(74,1,26,91,91)
r(26,3,26,92,92)
r(88,4,26,93,93)
r(34,2,26,94,94)
r(73,3,26,95,95)
r(83,2,26,96,96)
r(10,2,26,97,97)
r(1,3,26,98,98)
r(26,3,26,99,99)
w(15,3,27,0,0)
r(32,3,27,1,1)
r(87,6,27,2,2)
r(64,2,27,3,3)
w(88,5,27,4,4)
r(46,3,27,5,5)
r(42,3,27,6,6)
r(7,4,27,7,7)
r(18,2,27,8,8)
w(87,7,27,9,9)
r(4,0,27,10,10)
r(63,0,27,11,11)
r(75,2,27,12,12)
r(59,4,27,13,13)
r(12,4,27,14,14)
r(29,3,27,15,15)
r(77,0,27,16,16)
r(52,1,27,17,17)
r(67,0,27,18,18)
w(59,5,27,19,19)
r(10,2,27,20,20)
r(77,0,27,21,21)
r(78,0,27,22,22)
r(36,4,27,23,23)
w(9,3,27,24,24)
r(61,2,27,25,25)
r(5,1,27,26,26)
r(99,3,27,27,27)
w(73,4,27,28,28)
r(86,3,27,29,29)
r(16,4,27,30,30)
r(41,1,27,31,31)
r(71,2,27,32,32)
r(18,2,27,33,33)
r(95,1,27,34,34)
r(94,2,27,35,35)
r(35,2,27,36,36)
r(65,1,27,37,37)
r(54,3,27,38,38)
r(1,3,27,39,39)
r(79,2,27,40,40)
r(87,7,27,41,41)
r(64,2,27,42,42)
r(68,5,27,43,43)
r(23,2,27,44,44)
w(72,5,27,45,45)
r(1,3,27,46,46)
w(3,4,27,47,47)
r(36,4,27,48,48)
r(90,2,27,49,49)
r(22,0,27,50,50)
r(87,7,27,51,51)
r(67,0,27,52,52)
r(63,0,27,53,53)
r(84,1,27,54,54)
r(29,3,27,55,55)
w(67,1,27,56,56)
r(3,4,27,57,57)
r(44,5,27,58,58)
r(52,1,27,59,59)
r(87,7,27,60,60)
r(14,3,27,61,61)
r(99,3,27,62,62)
r(93,5,27,63,63)
r(14,3,27,64,64)
r(21,2,27,65,65)
r(1,3,27,66,66)
r(65,1,27,67,67)
r(85,3,27,68,68)
r(7,4,27,69,69)
r(11,0,27,70,70)
r(93,5,27,71,71)
r(81,3,27,72,72)
r(43,3,27,73,73)
r(56,3,27,74,74)
r(34,2,27,75,75)
r(9,3,27,76,76)
r(6,2,27,77,77)
w(94,3,27,78,78)
r(93,5,27,79,79)
r(17,6,27,80,80)
r(4,0,27,81,81)
r(13,2,27,82,82)
r(72,5,27,83,83)
r(84,1,27,84,84)
r(72,5,27,85,85)
r(47,2,27,86,86)
r(35,2,27,87,87)
r(58,3,27,88,88)
r(40,3,27,89,89)
r(53,1,27,90,90)
r(49,0,27,91,91)
r(66,4,27,92,92)
r(90,2,27,93,93)
r(1,3,27,94,94)
r(80,5,27,95,95)
r(14,3,27,96,96)
r(28,4,27,97,97)
r(58,3,27,98,98)
r(66,4,27,99,99)
r(59,5,28,0,0)
r(98,5,28,1,1)
r(75,2,28,2,2)
r(96,1,28,3,3)
r(12,4,28,4,4)
r(35,2,28,5,5)
r(94,3,28,6,6)
r(21,2,28,7,7)
r(38,4,28,8,8)
w(11,1,28,9,9)
r(14,3,28,10,10)
w(27,4,28,11,11)
r(15,3,28,12,12)
r(59,5,28,13,13)
r(84,1,28,14,14)
r(69,4,28,15,15)
w(16,5,28,16,16)
r(11,1,28,17,17)
r(0,0,28,18,18)
r(81,3,28,19,19)
r(87,7,28,20,20)
r(82,0,28,21,21)
r(63,0,28,22,22)
r(96,1,28,23,23)
r(51,2,28,24,24)
r(33,1,28,25,25)
r(14,3,28,26,26)
r(1,3,28,27,27)
r(38,4,28,28,28)
w(56,4,28,29,29)
r(87,7,28,30,30)
r(36,4,28,31,31)
r(79,2,28,32,32)
w(20,3,28,33,33)
r(59,5,28,34,34)
r(50,1,28,35,35)
r(37,4,28,36,36)
w(42,4,28,37,37)
r(95,1,28,38,38)
r(96,1,28,39,39)
r(28,4,28,40,40)
r(36,4,28,41,41)
r(15,3,28,42,42)
r(57,4,28,43,43)
w(62,3,28,44,44)
r(73,4,28,45,45)
r(90,2,28,46,46)
r(16,5,28,47,47)
r(57,4,28,48,48)
r(76,3,28,49,49)
r(19,0,28,50,50)
r(37,4,28,51,51)
r(45,0,28,52,52)
r(95,1,28,53,53)
r(96,1,28,54,54)
r(61,2,28,55,55)
r(24,2,28,56,56)
r(84,1,28,57,57)
r(39,4,28,58,58)
r(95,1,28,59,59)
r(91,1,28,60,60)
w(56,5,28,61,61)
r(16,5,28,62,62)
r(69,4,28,63,63)
r(9,3,28,64,64)
w(20,4,28,65,65)
r(9,3,28,66,66)
r(67,1,28,67,67)
r(57,4,28,68,68)
r(51,2,28,69,69)
r(80,5,28,70,70)
r(36,4,28,71,71)
w(52,2,28,72,72)
r(19,0,28,73,73)
w(10,3,28,74,74)
r(94,3,28,75,75)
r(20,4,28,76,76)
r(7,4,28,77,77)
r(42,4,28,78,78)
r(61,2,28,79,79)
r(59,5,28,80,80)
r(58,3,28,81,81)
r(30,4,28,82,82)
r(14,3,28,83,83)
r(52,2,28,84,84)
r(71,2,28,85,85)
r(42,4,28,86,86)
r(61,2,28,87,87)
r(56,5,28,88,88)
r(29,3,28,89,89)
r(66,4,28,90,90)
r(12,4,28,91,91)
r(50,1,28,92,92)
r(92,6,28,93,93)
r(35,2,28,94,94)
r(75,2,28,95,95)
w(4,1,28,96,96)
r(38,4,28,97,97)
w(14,4,28,98,98)
r(42,4,28,99,99)
r(46,3,29,0,0)
r(20,4,29,1,1)
w(77,1,29,2,2)
r(73,4,29,3,3)
r(92,6,29,4,4)
r(1,3,29,5,5)
r(22,0,29,6,6)
r(77,1,29,7,7)
r(58,3,29,8,8)
r(10,3,29,9,9)
r(35,2,29,10,10)
r(62,3,29,11,11)
r(64,2,29,12,12)
r(59,5,29,13,13)
r(16,5,29,14,14)
r(22,0,29,15,15)
r(1,3,29,16,16)
r(12,4,29,17,17)
r(36,4,29,18,18)
r(42,4,29,19,19)
r(33,1,29,20,20)
r(96,1,29,21,21)
r(40,3,29,22,22)
r(65,1,29,23,23)
r(67,1,29,24,24)
r(60,6,29,25,25)
r(18,2,29,26,26)
r(57,4,29,27,27)
r(23,2,29,28,28)
w(82,1,29,29,29)
r(63,0,29,30,30)
r(91,1,29,31,31)
r(37,4,29,32,32)
r(38,4,29,33,33)
r(47,2,29,34,34)
w(11,2,29,35,35)
r(95,1,29,36,36)
r(61,2,29,37,37)
r(22,0,29,38,38)
r(21,2,29,39,39)
w(44,6,29,40,40)
r(72,5,29,41,41)
r(0,0,29,42,42)
w(19,1,29,43,43)
r(61,2,29,44,44)
r(90,2,29,45,45)
r(27,4,29,46,46)
w(94,4,29,47,47)
r(44,6,29,48,48)
r(87,7,29,49,49)
r(85,3,29,50,50)
r(13,2,29,51,51)
r(44,6,29,52,52)
r(47,2,29,53,53)
r(17,6,29,54,54)
r(59,5,29,55,55)
r(77,1,29,56,56)
w(5,2,29,57,57)
r(21,2,29,58,58)
r(11,2,29,59,59)
r(42,4,29,60,60)
r(33,1,29,61,61)
r(83,2,29,62,62)
r(48,4,29,63,63)
r(23,2,29,64,64)
r(91,1,29,65,65)
r(18,2,29,66,66)
r(67,1,29,67,67)
r(84,1,29,68,68)
w(24,3,29,69,69)
r(63,0,29,70,70)
r(66,4,29,71,71)
r(22,0,29,72,72)
r(83,2,29,73,73)
r(17,6,29,74,74)
r(26,3,29,75,75)
r(57,4,29,76,76)
r(71,2,29,77,77)
r(12,4,29,78,78)
r(24,3,29,79,79)
w(66,5,29,80,80)
r(43,3,29,81,81)
r(14,4,29,82,82)
w(78,1,29,83,83)
w(65,2,29,84,84)
r(80,5,29,85,85)
r(40,3,29,86,86)
r(34,2,29,87,87)
r(49,0,29,88,88)
r(64,2,29,89,89)
r(40,3,29,90,90)
w(49,1,29,91,91)
r(9,3,29,92,92)
r(14,4,29,93,93)
w(36,5,29,94,94)
r(11,2,29,95,95)
r(62,3,29,96,96)
r(38,4,29,97,97)
r(22,0,29,98,98)
w(6,3,29,99,99)
r(55,1,30,0,0)
r(7,4,30,1,1)
r(25,2,30,2,2)
r(44,6,30,3,3)
r(11,2,30,4,4)
r(12,4,30,5,5)
r(24,3,30,6,6)
r(0,0,30,7,7)
r(62,3,30,8,8)
r(31,5,30,9,9)
r(40,3,30,10,10)
r(85,3,30,11,11)
r(45,0,30,12,12)
r(71,2,30,13,13)
w(24,4,30,14,14)
r(9,3,30,15,15)
r(69,4,30,16,16)
r(0,0,30,17,17)
r(32,3,30,18,18)
r(53,1,30,19,19)
r(70,5,30,20,20)
r(23,2,30,21,21)
r(1,3,30,22,22)
w(61,3,30,23,23)
r(20,4,30,24,24)
r(75,2,30,25,25)
r(41,1,30,26,26)
r(95,1,30,27,27)
r(32,3,30,28,28)
r(47,2,30,29,29)
r(20,4,30,30,30)
r(37,4,30,31,31)
r(73,4,30,32,32)
r(59,5,30,33,33)
r(50,1,30,34,34)
r(16,5,30,35,35)
r(14,4,30,36,36)
w(69,5,30,37,37)
r(71,2,30,38,38)
r(79,2,30,39,39)
r(36,5,30,40,40)
r(32,3,30,41,41)
r(95,1,30,42,42)
r(68,5,30,43,43)
r(45,0,30,44,44)
r(7,4,30,45,45)
r(27,4,30,46,46)
r(94,4,30,47,47)
r(28,4,30,48,48)
r(7,4,30,49,49)
r(98,5,30,50,50)
r(47,2,30,51,51)
r(15,3,30,52,52)
r(46,3,30,53,53)
r(49,1,30,54,54)
w(37,5,30,55,55)
r(14,4,30,56,56)
r(71,2,30,57,57)
r(28,4,30,58,58)
r(61,3,30,59,59)
r(94,4,30,60,60)
r(19,1,30,61,61)
r(86,3,30,62,62)
r(95,1,30,63,63)
r(38,4,30,64,64)
r(50,1,30,65,65)
r(29,3,30,66,66)
r(71,2,30,67,67)
r(29,3,30,68,68)
r(10,3,30,69,69)
r(19,1,30,70,70)
r(20,4,30,71,71)
r(7,4,30,72,72)
r(59,5,30,73,73)
r(70,5,30,74,74)
r(44,6,30,75,75)
r(64,2,30,76,76)
r(52,2,30,77,77)
r(55,1,30,78,78)
r(53,1,30,79,79)
r(54,3,30,80,80)
r(92,6,30,81,81)
w(52,3,30,82,82)
r(83,2,30,83,83)
r(31,5,30,84,84)
r(55,1,30,85,85)
w(45,1,30,86,86)
r(65,2,30,87,87)
r(12,4,30,88,88)
w(0,1,30,89,89)
r(24,4,30,90,90)
r(6,3,30,91,91)
r(27,4,30,92,92)
r(92,6,30,93,93)
w(56,6,30,94,94)
r(65,2,30,95,95)
r(36,5,30,96,96)
r(34,2,30,97,97)
r(42,4,30,98,98)
r(47,2,30,99,99)
r(96,1,31,0,0)
r(41,1,31,1,1)
r(35,2,31,2,2)
r(96,1,31,3,3)
r(2,2,31,4,4)
r(83,2,31,5,5)
r(92,6,31,6,6)
r(47,2,31,7,7)
r(28,4,31,8,8)
r(26,3,31,9,9)
r(26,3,31,10,10)
r(77,1,31,11,11)
r(2,2,31,12,12)
r(25,2,31,13,13)
r(77,1,31,14,14)
r(5,2,31,15,15)
r(11,2,31,16,16)
r(70,5,31,17,17)
r(2,2,31,18,18)
r(59,5,31,19,19)
r(26,3,31,20,20)
r(67,1,31,21,21)
w(31,6,31,22,22)
w(81,4,31,23,23)
r(91,1,31,24,24)
r(59,5,31,25,25)
r(79,2,31,26,26)
r(79,2,31,27,27)
r(34,2,31,28,28)
r(71,2,31,29,29)
r(91,1,31,30,30)
r(49,1,31,31,31)
r(19,1,31,32,32)
r(84,1,31,33,33)
r(86,3,31,34,34)
w(99,4,31,35,35)
r(90,2,31,36,36)
r(66,5,31,37,37)
r(80,5,31,38,38)
r(79,2,31,39,39)
r(8,3,31,40,40)
r(87,7,31,41,41)
r(19,1,31,42,42)
w(2,3,31,43,43)
w(12,5,31,44,44)
r(30,4,31,45,45)
r(73,4,31,46,46)
r(99,4,31,47,47)
r(0,1,31,48,48)
r(79,2,31,49,49)
r(54,3,31,50,50)
r(31,6,31,51,51)
r(33,1,31,52,52)
r(57,4,31,53,53)
r(99,4,31,54,54)
r(31,6,31,55,55)
r(49,1,31,56,56)
r(97,3,31,57,57)
r(8,3,31,58,58)
w(69,6,31,59,59)
r(60,6,31,60,60)
r(36,5,31,61,61)
r(56,6,31,62,62)
w(40,4,31,63,63)
r(25,2,31,64,64)
r(75,2,31,65,65)
r(65,2,31,66,66)
r(61,3,31,67,67)
r(53,1,31,68,68)
r(21,2,31,69,69)
r(96,1,31,70,70)
r(42,4,31,71,71)
r(11,2,31,72,72)
r(81,4,31,73,73)
r(52,3,31,74,74)
r(15,3,31,75,75)
r(66,5,31,76,76)
r(66,5,31,77,77)
r(38,4,31,78,78)
r(16,5,31,79,79)
r(66,5,31,80,80)
r(38,4,31,81,81)
w(36,6,31,82,82)
r(91,1,31,83,83)
r(78,1,31,84,84)
r(9,3,31,85,85)
r(99,4,31,86,86)
r(29,3,31,87,87)
r(12,5,31,88,88)
r(5,2,31,89,89)
r(29,3,31,90,90)
w(0,2,31,91,91)
r(51,2,31,92,92)
r(59,5,31,93,93)
r(60,6,31,94,94)
r(12,5,31,95,95)
w(72,6,31,96,96)
r(59,5,31,97,97)
r(60,6,31,98,98)
r(77,1,31,99,99)
r(96,1,32,0,0)
r(63,0,32,1,1)
r(62,3,32,2,2)
r(43,3,32,3,3)
r(15,3,32,4,4)
r(4,1,32,5,5)
r(42,4,32,6,6)
r(77,1,32,7,7)
r(46,3,32,8,8)
r(40,4,32,9,9)
r(71,2,32,10,10)
r(75,2,32,11,11)
r(46,3,32,12,12)
w(5,3,32,13,13)
r(66,5,32,14,14)
r(26,3,32,15,15)
r(20,4,32,16,16)
r(76,3,32,17,17)
r(92,6,32,18,18)
r(49,1,32,19,19)
r(3,4,32,20,20)
r(27,4,32,21,21)
r(21,2,32,22,22)
r(48,4,32,23,23)
r(50,1,32,24,24)
r(18,2,32,25,25)
r(54,3,32,26,26)
r(23,2,32,27,27)
r(98,5,32,28,28)
r(54,3,32,29,29)
r(61,3,32,30,30)
r(2,3,32,31,31)
w(97,4,32,32,32)
r(17,6,32,33,33)
r(66,5,32,34,34)
r(35,2,32,35,35)
r(3,4,32,36,36)
r(72,6,32,37,37)
w(57,5,32,38,38)
r(3,4,32,39,39)
r(59,5,32,40,40)
r(32,3,32,41,41)
r(72,6,32,42,42)
r(71,2,32,43,43)
w(59,6,32,44,44)
r(34,2,32,45,45)
r(85,3,32,46,46)
r(76,3,32,47,47)
r(42,4,32,48,48)
r(19,1,32,49,49)
r(23,2,32,50,50)
r(91,1,32,51,51)
r(6,3,32,52,52)
r(97,4,32,53,53)
r(86,3,32,54,54)
w(88,6,32,55,55)
r(31,6,32,56,56)
r(84,1,32,57,57)
r(51,2,32,58,58)
r(29,3,32,59,59)
r(79,2,32,60,60)
r(23,2,32,61,61)
r(18,2,32,62,62)
r(12,5,32,63,63)
w(77,2,32,64,64)
r(14,4,32,65,65)
r(81,4,32,66,66)
r(20,4,32,67,67)
r(6,3,32,68,68)
r(0,2,32,69,69)
w(42,5,32,70,70)
r(31,6,32,71,71)
r(65,2,32,72,72)
r(20,4,32,73,73)
r(59,6,32,74,74)
r(88,6,32,75,75)
w(12,6,32,76,76)
r(28,4,32,77,77)
r(62,3,32,78,78)
r(57,5,32,79,79)
r(17,6,32,80,80)
r(25,2,32,81,81)
r(21,2,32,82,82)
r(97,4,32,83,83)
r(83,2,32,84,84)
r(67,1,32,85,85)
r(42,5,32,86,86)
r(82,1,32,87,87)
r(51,2,32,88,88)
r(17,6,32,89,89)
r(8,3,32,90,90)
r(74,1,32,91,91)
w(30,5,32,92,92)
r(55,1,32,93,93)
r(90,2,32,94,94)
r(16,5,32,95,95)
r(24,4,32,96,96)
r(92,6,32,97,97)
r(99,4,32,98,98)
r(50,1,32,99,99)
r(34,2,33,0,0)
r(71,2,33,1,1)
r(70,5,33,2,2)
r(96,1,33,3,3)
w(62,4,33,4,4)
r(53,1,33,5,5)
w(12,7,33,6,6)
r(67,1,33,7,7)
w(4,2,33,8,8)
r(50,1,33,9,9)
r(20,4,33,10,10)
r(85,3,33,11,11)
r(83,2,33,12,12)
r(38,4,33,13,13)
r(73,4,33,14,14)
w(68,6,33,15,15)
r(80,5,33,16,16)
r(79,2,33,17,17)
r(70,5,33,18,18)
r(88,6,33,19,19)
r(31,6,33,20,20)
r(87,7,33,21,21)
r(84,1,33,22,22)
r(78,1,33,23,23)
r(31,6,33,24,24)
r(90,2,33,25,25)
r(23,2,33,26,26)
r(29,3,33,27,27)
w(85,4,33,28,28)
w(39,5,33,29,29)
r(55,1,33,30,30)
r(18,2,33,31,31)
r(34,2,33,32,32)
r(46,3,33,33,33)
r(99,4,33,34,34)
r(19,1,33,35,35)
r(68,6,33,36,36)
r(39,5,33,37,37)
w(8,4,33,38,38)
r(85,4,33,39,39)
r(15,3,33,40,40)
r(48,4,33,41,41)
r(95,1,33,42,42)
r(94,4,33,43,43)
r(32,3,33,44,44)
r(55,1,33,45,45)
w(21,3,33,46,46)
r(0,2,33,47,47)
w(46,4,33,48,48)
r(68,6,33,49,49)
r(34,2,33,50,50)
r(10,3,33,51,51)
r(3,4,33,52,52)
r(75,2,33,53,53)
r(20,4,33,54,54)
r(81,4,33,55,55)
r(71,2,33,56,56)
r(71,2,33,57,57)
w(15,4,33,58,58)
r(22,0,33,59,59)
r(0,2,33,60,60)
r(92,6,33,61,61)
r(36,6,33,62,62)
r(44,6,33,63,63)
r(84,1,33,64,64)
r(59,6,33,65,65)
w(85,5,33,66,66)
r(4,2,33,67,67)
r(10,3,33,68,68)
r(21,3,33,69,69)
r(26,3,33,70,70)
r(18,2,33,71,71)
r(1,3,33,72,72)
r(29,3,33,73,73)
r(29,3,33,74,74)
r(29,3,33,75,75)
r(50,1,33,76,76)
r(37,5,33,77,77)
r(38,4,33,78,78)
r(12,7,33,79,79)
r(43,3,33,80,80)
r(72,6,33,81,81)
r(14,4,33,82,82)
r(66,5,33,83,83)
w(73,5,33,84,84)
r(52,3,33,85,85)
r(16,5,33,86,86)
r(73,5,33,87,87)
r(90,2,33,88,88)
r(83,2,33,89,89)
r(43,3,33,90,90)
r(93,5,33,91,91)
r(21,3,33,92,92)
r(86,3,33,93,93)
r(16,5,33,94,94)
r(92,6,33,95,95)
r(88,6,33,96,96)
r(12,7,33,97,97)
r(35,2,33,98,98)
r(95,1,33,99,99)
w(91,2,34,0,0)
w(8,5,34,1,1)
w(29,4,34,2,2)
w(38,5,34,3,3)
r(42,5,34,4,4)
r(84,1,34,5,5)
r(30,5,34,6,6)
r(3,4,34,7,7)
r(29,4,34,8,8)
w(53,2,34,9,9)
r(30,5,34,10,10)
w(35,3,34,11,11)
r(5,3,34,12,12)
r(91,2,34,13,13)
r(95,1,34,14,14)
r(56,6,34,15,15)
r(15,4,34,16,16)
r(77,2,34,17,17)
r(44,6,34,18,18)
r(3,4,34,19,19)
w(69,7,34,20,20)
r(88,6,34,21,21)
r(1,3,34,22,22)
r(26,3,34,23,23)
w(92,7,34,24,24)
r(49,1,34,25,25)
w(44,7,34,26,26)
r(66,5,34,27,27)
r(65,2,34,28,28)
w(26,4,34,29,29)
r(31,6,34,30,30)
r(36,6,34,31,31)
r(98,5,34,32,32)
r(66,5,34,33,33)
r(63,0,34,34,34)
r(60,6,34,35,35)
r(74,1,34,36,36)
r(66,5,34,37,37)
w(51,3,34,38,38)
r(96,1,34,39,39)
r(0,2,34,40,40)
r(88,6,34,41,41)
r(28,4,34,42,42)
r(51,3,34,43,43)
r(98,5,34,44,44)
r(82,1,34,45,45)
r(25,2,34,46,46)
r(51,3,34,47,47)
r(19,1,34,48,48)
r(19,1,34,49,49)
r(44,7,34,50,50)
r(15,4,34,51,51)
w(2,4,34,52,52)
r(2,4,34,53,53)
r(9,3,34,54,54)
r(58,3,34,55,55)
r(45,1,34,56,56)
r(94,4,34,57,57)
r(54,3,34,58,58)
r(51,3,34,59,59)
r(58,3,34,60,60)
r(37,5,34,61,61)
r(14,4,34,62,62)
w(99,5,34,63,63)
r(87,7,34,64,64)
w(80,6,34,65,65)
r(10,3,34,66,66)
r(27,4,34,67,67)
r(30,5,34,68,68)
r(53,2,34,69,69)
r(2,4,34,70,70)
r(17,6,34,71,71)
r(37,5,34,72,72)
r(1,3,34,73,73)
r(35,3,34,74,74)
r(4,2,34,75,75)
r(74,1,34,76,76)
r(91,2,34,77,77)
r(67,1,34,78,78)
w(52,4,34,79,79)
r(50,1,34,80,80)
w(19,2,34,81,81)
r(48,4,34,82,82)
r(3,4,34,83,83)
r(39,5,34,84,84)
r(58,3,34,85,85)
r(84,1,34,86,86)
r(61,3,34,87,87)
r(45,1,34,88,88)
r(64,2,34,89,89)
r(28,4,34,90,90)
r(79,2,34,91,91)
r(98,5,34,92,92)
r(63,0,34,93,93)
r(84,1,34,94,94)
r(95,1,34,95,95)
w(7,5,34,96,96)
r(62,4,34,97,97)
r(12,7,34,98,98)
r(48,4,34,99,99)
r(17,6,35,0,0)
r(58,3,35,1,1)
r(50,1,35,2,2)
r(5,3,35,3,3)
r(66,5,35,4,4)
w(36,7,35,5,5)
r(3,4,35,6,6)
r(92,7,35,7,7)
w(35,4,35,8,8)
r(56,6,35,9,9)
r(53,2,35,10,10)
r(19,2,35,11,11)
r(42,5,35,12,12)
r(7,5,35,13,13)
r(82,1,35,14,14)
r(68,6,35,15,15)
r(75,2,35,16,16)
r(28,4,35,17,17)
r(84,1,35,18,18)
r(53,2,35,19,19)
r(90,2,35,20,20)
r(71,2,35,21,21)
r(65,2,35,22,22)
r(61,3,35,23,23)
r(72,6,35,24,24)
r(10,3,35,25,25)
r(32,3,35,26,26)
r(92,7,35,27,27)
r(66,5,35,28,28)
r(74,1,35,29,29)
r(75,2,35,30,30)
r(10,3,35,31,31)
r(40,4,35,32,32)
r(7,5,35,33,33)
r(85,5,35,34,34)
r(74,1,35,35,35)
r(79,2,35,36,36)
r(0,2,35,37,37)
r(6,3,35,38,38)
r(22,0,35,39,39)
r(39,5,35,40,40)
r(76,3,35,41,41)
r(46,4,35,42,42)
r(10,3,35,43,43)
r(17,6,35,44,44)
r(39,5,35,45,45)
r(34,2,35,46,46)
r(82,1,35,47,47)
r(67,1,35,48,48)
r(29,4,35,49,49)
r(90,2,35,50,50)
r(75,2,35,51,51)
r(96,1,35,52,52)
r(13,2,35,53,53)
r(45,1,35,54,54)
w(69,8,35,55,55)
r(86,3,35,56,56)
r(67,1,35,57,57)
r(49,1,35,58,58)
r(57,5,35,59,59)
r(32,3,35,60,60)
r(63,0,35,61,61)
r(92,7,35,62,62)
r(40,4,35,63,63)
r(68,6,35,64,64)
r(0,2,35,65,65)
r(81,4,35,66,66)
r(60,6,35,67,67)
r(23,2,35,68,68)
r(69,8,35,69,69)
r(41,1,35,70,70)
r(23,2,35,71,71)
r(22,0,35,72,72)
r(51,3,35,73,73)
r(16,5,35,74,74)
r(30,5,35,75,75)
r(38,5,35,76,76)
w(14,5,35,77,77)
r(9,3,35,78,78)
w(65,3,35,79,79)
w(76,4,35,80,80)
r(60,6,35,81,81)
r(3,4,35,82,82)
r(95,1,35,83,83)
r(53,2,35,84,84)
r(2,4,35,85,85)
r(27,4,35,86,86)
r(0,2,35,87,87)
r(14,5,35,88,88)
w(45,2,35,89,89)
r(63,0,35,90,90)
r(21,3,35,91,91)
r(69,8,35,92,92)
r(82,1,35,93,93)
r(14,5,35,94,94)
w(26,5,35,95,95)
w(92,8,35,96,96)
r(30,5,35,97,97)
r(61,3,35,98,98)
r(48,4,35,99,99)
r(4,2,36,0,0)
r(76,4,36,1,1)
r(42,5,36,2,2)
r(74,1,36,3,3)
r(25,2,36,4,4)
w(73,6,36,5,5)
r(14,5,36,6,6)
r(43,3,36,7,7)
r(86,3,36,8,8)
r(86,3,36,9,9)
r(48,4,36,10,10)
r(6,3,36,11,11)
r(76,4,36,12,12)
r(30,5,36,13,13)
r(75,2,36,14,14)
r(83,2,36,15,15)
r(98,5,36,16,16)
r(11,2,36,17,17)
r(80,6,36,18,18)
r(50,1,36,19,19)
r(18,2,36,20,20)
r(49,1,36,21,21)
r(12,7,36,22,22)
r(9,3,36,23,23)
r(86,3,36,24,24)
r(11,2,36,25,25)
r(61,3,36,26,26)
r(5,3,36,27,27)
r(52,4,36,28,28)
r(15,4,36,29,29)
r(0,2,36,30,30)
r(19,2,36,31,31)
r(6,3,36,32,32)
r(46,4,36,33,33)
r(17,6,36,34,34)
r(27,4,36,35,35)
r(91,2,36,36,36)
r(16,5,36,37,37)
r(84,1,36,38,38)
r(62,4,36,39,39)
r(70,5,36,40,40)
r(69,8,36,41,41)
r(73,6,36,42,42)
r(30,5,36,43,43)
r(36,7,36,44,44)
r(43,3,36,45,45)
r(24,4,36,46,46)
r(41,1,36,47,47)
r(93,5,36,48,48)
r(25,2,36,49,49)
r(51,3,36,50,50)
r(84,1,36,51,51)
r(25,2,36,52,52)
r(81,4,36,53,53)
r(90,2,36,54,54)
w(1,4,36,55,55)
r(51,3,36,56,56)
r(62,4,36,57,57)
w(95,2,36,58,58)
r(57,5,36,59,59)
r(97,4,36,60,60)
r(17,6,36,61,61)
r(68,6,36,62,62)
r(88,6,36,63,63)
r(15,4,36,64,64)
r(89,2,36,65,65)
r(31,6,36,66,66)
r(27,4,36,67,67)
r(4,2,36,68,68)
r(31,6,36,69,69)
r(42,5,36,70,70)
r(4,2,36,71,71)
r(95,2,36,72,72)
r(80,6,36,73,73)
r(46,4,36,74,74)
r(43,3,36,75,75)
r(59,6,36,76,76)
r(88,6,36,77,77)
r(57,5,36,78,78)
r(48,4,36,79,79)
r(45,2,36,80,80)
r(72,6,36,81,81)
r(46,4,36,82,82)
r(80,6,36,83,83)
r(83,2,36,84,84)
r(67,1,36,85,85)
r(5,3,36,86,86)
r(86,3,36,87,87)
w(1,5,36,88,88)
r(3,4,36,89,89)
r(61,3,36,90,90)
r(82,1,36,91,91)
r(39,5,36,92,92)
r(74,1,36,93,93)
r(70,5,36,94,94)
r(26,5,36,95,95)
r(42,5,36,96,96)
w(1,6,36,97,97)
r(52,4,36,98,98)
r(2,4,36,99,99)
r(48,4,37,0,0)
r(27,4,37,1,1)
r(44,7,37,2,2)
r(34,2,37,3,3)
r(46,4,37,4,4)
r(49,1,37,5,5)
r(7,5,37,6,6)
r(29,4,37,7,7)
r(55,1,37,8,8)
r(56,6,37,9,9)
r(57,5,37,10,10)
r(27,4,37,11,11)
r(35,4,37,12,12)
r(51,3,37,13,13)
w(26,6,37,14,14)
w(42,6,37,15,15)
r(2,4,37,16,16)
r(31,6,37,17,17)
r(62,4,37,18,18)
r(83,2,37,19,19)
r(19,2,37,20,20)
r(3,4,37,21,21)
r(11,2,37,22,22)
r(44,7,37,23,23)
r(24,4,37,24,24)
r(17,6,37,25,25)
r(30,5,37,26,26)
r(46,4,37,27,27)
r(30,5,37,28,28)
r(99,5,37,29,29)
r(87,7,37,30,30)
w(78,2,37,31,31)
r(69,8,37,32,32)
r(53,2,37,33,33)
r(99,5,37,34,34)
r(95,2,37,35,35)
r(90,2,37,36,36)
r(16,5,37,37,37)
r(7,5,37,38,38)
r(35,4,37,39,39)
r(68,6,37,40,40)
r(1,6,37,41,41)
r(44,7,37,42,42)
r(21,3,37,43,43)
r(12,7,37,44,44)
r(35,4,37,45,45)
r(65,3,37,46,46)
r(89,2,37,47,47)
r(38,5,37,48,48)
r(5,3,37,49,49)
r(26,6,37,50,50)
r(52,4,37,51,51)
w(72,7,37,52,52)
r(10,3,37,53,53)
r(72,7,37,54,54)
r(31,6,37,55,55)
r(34,2,37,56,56)
r(26,6,37,57,57)
r(21,3,37,58,58)
r(87,7,37,59,59)
r(33,1,37,60,60)
r(84,1,37,61,61)
r(64,2,37,62,62)
r(26,6,37,63,63)
r(96,1,37,64,64)
r(46,4,37,65,65)
r(2,4,37,66,66)
r(25,2,37,67,67)
r(66,5,37,68,68)
r(12,7,37,69,69)
r(37,5,37,70,70)
r(7,5,37,71,71)
r(98,5,37,72,72)
r(58,3,37,73,73)
r(75,2,37,74,74)
r(0,2,37,75,75)
r(17,6,37,76,76)
r(82,1,37,77,77)
r(53,2,37,78,78)
r(74,1,37,79,79)
w(72,8,37,80,80)
r(73,6,37,81,81)
r(76,4,37,82,82)
r(29,4,37,83,83)
r(10,3,37,84,84)
r(29,4,37,85,85)
w(71,3,37,86,86)
r(53,2,37,87,87)
r(51,3,37,88,88)
r(64,2,37,89,89)
r(37,5,37,90,90)
r(7,5,37,91,91)
r(73,6,37,92,92)
r(4,2,37,93,93)
r(27,4,37,94,94)
r(20,4,37,95,95)
r(31,6,37,96,96)
r(22,0,37,97,97)
r(30,5,37,98,98)
w(3,5,37,99,99)
r(37,5,38,0,0)
r(37,5,38,1,1)
r(63,0,38,2,2)
r(27,4,38,3,3)
r(54,3,38,4,4)
r(7,5,38,5,5)
w(70,6,38,6,6)
r(87,7,38,7,7)
r(29,4,38,8,8)
r(68,6,38,9,9)
r(49,1,38,10,10)
r(83,2,38,11,11)
r(50,1,38,12,12)
r(31,6,38,13,13)
r(89,2,38,14,14)
r(48,4,38,15,15)
r(77,2,38,16,16)
r(81,4,38,17,17)
r(33,1,38,18,18)
r(63,0,38,19,19)
r(48,4,38,20,20)
r(74,1,38,21,21)
r(38,5,38,22,22)
r(52,4,38,23,23)
r(20,4,38,24,24)
r(5,3,38,25,25)
r(46,4,38,26,26)
r(4,2,38,27,27)
r(74,1,38,28,28)
r(18,2,38,29,29)
r(96,1,38,30,30)
r(81,4,38,31,31)
r(1,6,38,32,32)
r(41,1,38,33,33)
r(58,3,38,34,34)
r(45,2,38,35,35)
r(32,3,38,36,36)
r(52,4,38,37,37)
r(7,5,38,38,38)
w(85,6,38,39,39)
r(23,2,38,40,40)
w(19,3,38,41,41)
r(40,4,38,42,42)
r(30,5,38,43,43)
r(49,1,38,44,44)
r(64,2,38,45,45)
r(42,6,38,46,46)
w(35,5,38,47,47)
r(54,3,38,48,48)
r(47,2,38,49,49)
r(68,6,38,50,50)
r(58,3,38,51,51)
r(57,5,38,52,52)
r(43,3,38,53,53)
r(28,4,38,54,54)
r(71,3,38,55,55)
r(94,4,38,56,56)
r(6,3,38,57,57)
r(49,1,38,58,58)
r(12,7,38,59,59)
w(95,3,38,60,60)
r(6,3,38,61,61)
r(84,1,38,62,62)
r(12,7,38,63,63)
r(68,6,38,64,64)
r(19,3,38,65,65)
r(80,6,38,66,66)
r(46,4,38,67,67)
r(12,7,38,68,68)
r(12,7,38,69,69)
r(60,6,38,70,70)
r(50,1,38,71,71)
r(51,3,38,72,72)
r(64,2,38,73,73)
r(15,4,38,74,74)
r(20,4,38,75,75)
r(29,4,38,76,76)
r(85,6,38,77,77)
r(34,2,38,78,78)
r(27,4,38,79,79)
w(43,4,38,80,80)
r(45,2,38,81,81)
r(18,2,38,82,82)
r(71,3,38,83,83)
r(7,5,38,84,84)
r(82,1,38,85,85)
r(69,8,38,86,86)
r(83,2,38,87,87)
r(51,3,38,88,88)
r(68,6,38,89,89)
w(42,7,38,90,90)
r(28,4,38,91,91)
r(60,6,38,92,92)
r(12,7,38,93,93)
r(0,2,38,94,94)
r(1,6,38,95,95)
r(4,2,38,96,96)
r(84,1,38,97,97)
r(88,6,38,98,98)
r(51,3,38,99,99)
w(25,3,39,0,0)
r(56,6,39,1,1)
r(87,7,39,2,2)
r(39,5,39,3,3)
r(45,2,39,4,4)
r(8,5,39,5,5)
r(75,2,39,6,6)
r(89,2,39,7,7)
r(41,1,39,8,8)
r(19,3,39,9,9)
r(72,8,39,10,10)
r(54,3,39,11,11)
r(93,5,39,12,12)
w(33,2,39,13,13)
r(89,2,39,14,14)
r(11,2,39,15,15)
r(44,7,39,16,16)
w(80,7,39,17,17)
r(71,3,39,18,18)
r(59,6,39,19,19)
r(82,1,39,20,20)
r(89,2,39,21,21)
r(56,6,39,22,22)
r(95,3,39,23,23)
r(13,2,39,24,24)
r(8,5,39,25,25)
r(23,2,39,26,26)
r(80,7,39,27,27)
r(15,4,39,28,28)
r(41,1,39,29,29)
r(66,5,39,30,30)
w(92,9,39,31,31)
r(62,4,39,32,32)
r(76,4,39,33,33)
r(73,6,39,34,34)
r(92,9,39,35,35)
r(89,2,39,36,36)
r(41,1,39,37,37)
r(49,1,39,38,38)
r(73,6,39,39,39)
r(5,3,39,40,40)
r(28,4,39,41,41)
r(4,2,39,42,42)
w(85,7,39,43,43)
r(38,5,39,44,44)
r(61,3,39,45,45)
r(32,3,39,46,46)
r(63,0,39,47,47)
r(60,6,39,48,48)
r(71,3,39,49,49)
w(36,8,39,50,50)
r(44,7,39,51,51)
r(22,0,39,52,52)
r(26,6,39,53,53)
w(45,3,39,54,54)
w(63,1,39,55,55)
r(21,3,39,56,56)
r(53,2,39,57,57)
r(4,2,39,58,58)
r(99,5,39,59,59)
r(75,2,39,60,60)
r(83,2,39,61,61)
r(2,4,39,62,62)
w(98,6,39,63,63)
r(5,3,39,64,64)
r(8,5,39,65,65)
w(90,3,39,66,66)
r(57,5,39,67,67)
r(9,3,39,68,68)
r(93,5,39,69,69)
r(25,3,39,70,70)
r(33,2,39,71,71)
r(19,3,39,72,72)
r(55,1,39,73,73)
r(78,2,39,74,74)
r(57,5,39,75,75)
r(84,1,39,76,76)
r(60,6,39,77,77)
r(11,2,39,78,78)
r(81,4,39,79,79)
r(10,3,39,80,80)
r(73,6,39,81,81)
r(12,7,39,82,82)
r(88,6,39,83,83)
r(10,3,39,84,84)
r(21,3,39,85,85)
r(50,1,39,86,86)
r(8,5,39,87,87)
r(50,1,39,88,88)
r(65,3,39,89,89)
r(97,4,39,90,90)
r(25,3,39,91,91)
r(75,2,39,92,92)
r(33,2,39,93,93)
r(11,2,39,94,94)
r(2,4,39,95,95)
w(98,7,39,96,96)
r(75,2,39,97,97)
r(50,1,39,98,98)
r(94,4,39,99,99)
r(42,7,40,0,0)
w(49,2,40,1,1)
r(91,2,40,2,2)
r(49,2,40,3,3)
r(66,5,40,4,4)
r(4,2,40,5,5)
r(29,4,40,6,6)
r(12,7,40,7,7)
r(65,3,40,8,8)
r(43,4,40,9,9)
r(70,6,40,10,10)
r(32,3,40,11,11)
w(40,5,40,12,12)
r(78,2,40,13,13)
r(54,3,40,14,14)
r(73,6,40,15,15)
r(81,4,40,16,16)
r(25,3,40,17,17)
r(89,2,40,18,18)
r(37,5,40,19,19)
r(96,1,40,20,20)
r(39,5,40,21,21)
r(69,8,40,22,22)
r(34,2,40,23,23)
r(29,4,40,24,24)
r(24,4,40,25,25)
r(84,1,40,26,26)
r(1,6,40,27,27)
r(45,3,40,28,28)
r(88,6,40,29,29)
r(9,3,40,30,30)
r(15,4,40,31,31)
r(50,1,40,32,32)
r(80,7,40,33,33)
r(71,3,40,34,34)
r(95,3,40,35,35)
r(26,6,40,36,36)
r(74,1,40,37,37)
r(22,0,40,38,38)
r(92,9,40,39,39)
r(46,4,40,40,40)
r(12,7,40,41,41)
r(78,2,40,42,42)
r(19,3,40,43,43)
r(2,4,40,44,44)
w(47,3,40,45,45)
r(3,5,40,46,46)
r(94,4,40,47,47)
w(93,6,40,48,48)
r(79,2,40,49,49)
r(41,1,40,50,50)
r(94,4,40,51,51)
r(44,7,40,52,52)
r(21,3,40,53,53)
r(41,1,40,54,54)
r(80,7,40,55,55)
w(88,7,40,56,56)
r(85,7,40,57,57)
r(5,3,40,58,58)
r(66,5,40,59,59)
r(1,6,40,60,60)
r(90,3,40,61,61)
r(60,6,40,62,62)
r(26,6,40,63,63)
r(9,3,40,64,64)
r(27,4,40,65,65)
r(52,4,40,66,66)
w(42,8,40,67,67)
r(0,2,40,68,68)
r(54,3,40,69,69)
r(35,5,40,70,70)
r(21,3,40,71,71)
w(39,6,40,72,72)
r(39,6,40,73,73)
r(76,4,40,74,74)
r(23,2,40,75,75)
r(61,3,40,76,76)
r(99,5,40,77,77)
r(82,1,40,78,78)
r(44,7,40,79,79)
r(82,1,40,80,80)
r(53,2,40,81,81)
r(65,3,40,82,82)
r(87,7,40,83,83)
r(92,9,40,84,84)
r(38,5,40,85,85)
r(5,3,40,86,86)
r(47,3,40,87,87)
r(47,3,40,88,88)
r(63,1,40,89,89)
r(96,1,40,90,90)
r(7,5,40,91,91)
r(47,3,40,92,92)
r(7,5,40,93,93)
r(4,2,40,94,94)
r(74,1,40,95,95)
r(70,6,40,96,96)
r(8,5,40,97,97)
r(71,3,40,98,98)
r(96,1,40,99,99)
r(97,4,41,0,0)
r(34,2,41,1,1)
r(90,3,41,2,2)
r(78,2,41,3,3)
r(0,2,41,4,4)
r(72,8,41,5,5)
r(51,3,41,6,6)
r(17,6,41,7,7)
r(69,8,41,8,8)
r(62,4,41,9,9)
r(9,3,41,10,10)
r(63,1,41,11,11)
r(34,2,41,12,12)
r(71,3,41,13,13)
w(42,9,41,14,14)
w(35,6,41,15,15)
r(76,4,41,16,16)
r(56,6,41,17,17)
r(20,4,41,18,18)
r(31,6,41,19,19)
w(15,5,41,20,20)
r(79,2,41,21,21)
r(81,4,41,22,22)
r(69,8,41,23,23)
w(10,4,41,24,24)
r(4,2,41,25,25)
r(5,3,41,26,26)
r(8,5,41,27,27)
r(26,6,41,28,28)
r(81,4,41,29,29)
r(32,3,41,30,30)
r(92,9,41,31,31)
r(12,7,41,32,32)
r(7,5,41,33,33)
r(75,2,41,34,34)
r(94,4,41,35,35)
r(21,3,41,36,36)
r(12,7,41,37,37)
r(86,3,41,38,38)
r(34,2,41,39,39)
r(50,1,41,40,40)
r(43,4,41,41,41)
r(68,6,41,42,42)
r(88,7,41,43,43)
r(11,2,41,44,44)
r(23,2,41,45,45)
r(60,6,41,46,46)
r(25,3,41,47,47)
r(25,3,41,48,48)
r(0,2,41,49,49)
r(21,3,41,50,50)
r(51,3,41,51,51)
r(69,8,41,52,52)
r(82,1,41,53,53)
r(10,4,41,54,54)
w(50,2,41,55,55)
r(22,0,41,56,56)
r(10,4,41,57,57)
r(50,2,41,58,58)
r(56,6,41,59,59)
r(2,4,41,60,60)
w(45,4,41,61,61)
r(96,1,41,62,62)
r(71,3,41,63,63)
r(22,0,41,64,64)
r(19,3,41,65,65)
w(52,5,41,66,66)
r(27,4,41,67,67)
r(77,2,41,68,68)
r(18,2,41,69,69)
r(62,4,41,70,70)
r(15,5,41,71,71)
r(25,3,41,72,72)
r(27,4,41,73,73)
r(44,7,41,74,74)
w(6,4,41,75,75)
r(96,1,41,76,76)
r(4,2,41,77,77)
r(94,4,41,78,78)
w(26,7,41,79,79)
r(35,6,41,80,80)
r(32,3,41,81,81)
r(99,5,41,82,82)
r(32,3,41,83,83)
r(89,2,41,84,84)
r(4,2,41,85,85)
r(88,7,41,86,86)
r(41,1,41,87,87)
r(83,2,41,88,88)
r(86,3,41,89,89)
r(49,2,41,90,90)
r(81,4,41,91,91)
r(18,2,41,92,92)
r(91,2,41,93,93)
r(57,5,41,94,94)
r(3,5,41,95,95)
r(80,7,41,96,96)
r(70,6,41,97,97)
r(92,9,41,98,98)
w(40,6,41,99,99)
r(48,4,42,0,0)
r(55,1,42,1,1)
r(75,2,42,2,2)
r(94,4,42,3,3)
r(50,2,42,4,4)
r(23,2,42,5,5)
r(76,4,42,6,6)
r(85,7,42,7,7)
w(91,3,42,8,8)
w(85,8,42,9,9)
r(61,3,42,10,10)
r(39,6,42,11,11)
r(85,8,42,12,12)
w(64,3,42,13,13)
r(95,3,42,14,14)
r(7,5,42,15,15)
r(20,4,42,16,16)
r(50,2,42,17,17)
r(74,1,42,18,18)
r(49,2,42,19,19)
r(10,4,42,20,20)
r(84,1,42,21,21)
r(98,7,42,22,22)
r(67,1,42,23,23)
r(86,3,42,24,24)
r(18,2,42,25,25)
r(22,0,42,26,26)
r(54,3,42,27,27)
w(45,5,42,28,28)
r(76,4,42,29,29)
r(10,4,42,30,30)
r(90,3,42,31,31)
r(17,6,42,32,32)
r(12,7,42,33,33)
r(48,4,42,34,34)
r(20,4,42,35,35)
r(28,4,42,36,36)
r(26,7,42,37,37)
r(45,5,42,38,38)
r(94,4,42,39,39)
r(60,6,42,40,40)
r(50,2,42,41,41)
r(57,5,42,42,42)
r(30,5,42,43,43)
w(39,7,42,44,44)
r(90,3,42,45,45)
r(43,4,42,46,46)
r(68,6,42,47,47)
r(84,1,42,48,48)
r(88,7,42,49,49)
w(50,3,42,50,50)
r(22,0,42,51,51)
r(41,1,42,52,52)
r(63,1,42,53,53)
r(3,5,42,54,54)
r(32,3,42,55,55)
r(21,3,42,56,56)
r(89,2,42,57,57)
r(38,5,42,58,58)
r(41,1,42,59,59)
r(84,1,42,60,60)
r(50,3,42,61,61)
r(2,4,42,62,62)
r(30,5,42,63,63)
r(85,8,42,64,64)
w(20,5,42,65,65)
r(49,2,42,66,66)
r(53,2,42,67,67)
r(63,1,42,68,68)
r(3,5,42,69,69)
r(10,4,42,70,70)
r(46,4,42,71,71)
r(41,1,42,72,72)
r(83,2,42,73,73)
r(34,2,42,74,74)
r(58,3,42,75,75)
r(68,6,42,76,76)
r(13,2,42,77,77)
r(87,7,42,78,78)
w(98,8,42,79,79)
r(62,4,42,80,80)
r(58,3,42,81,81)
r(80,7,42,82,82)
r(62,4,42,83,83)
r(86,3,42,84,84)
r(8,5,42,85,85)
r(48,4,42,86,86)
w(22,1,42,87,87)
r(64,3,42,88,88)
r(20,5,42,89,89)
r(2,4,42,90,90)
r(73,6,42,91,91)
r(70,6,42,92,92)
r(27,4,42,93,93)
r(85,8,42,94,94)
r(75,2,42,95,95)
r(14,5,42,96,96)
r(60,6,42,97,97)
w(92,10,42,98,98)
r(66,5,42,99,99)
r(88,7,43,0,0)
r(66,5,43,1,1)
r(5,3,43,2,2)
r(71,3,43,3,3)
r(43,4,43,4,4)
r(98,8,43,5,5)
w(0,3,43,6,6)
r(57,5,43,7,7)
r(54,3,43,8,8)
r(5,3,43,9,9)
r(25,3,43,10,10)
r(34,2,43,11,11)
r(4,2,43,12,12)
r(9,3,43,13,13)
r(50,3,43,14,14)
r(23,2,43,15,15)
r(18,2,43,16,16)
r(3,5,43,17,17)
r(47,3,43,18,18)
r(45,5,43,19,19)
r(88,7,43,20,20)
r(64,3,43,21,21)
w(77,3,43,22,22)
r(16,5,43,23,23)
w(63,2,43,24,24)
r(27,4,43,25,25)
r(76,4,43,26,26)
r(20,5,43,27,27)
r(91,3,43,28,28)
w(75,3,43,29,29)
r(87,7,43,30,30)
r(56,6,43,31,31)
r(94,4,43,32,32)
r(75,3,43,33,33)
r(29,4,43,34,34)
r(37,5,43,35,35)
w(1,7,43,36,36)
r(36,8,43,37,37)
r(20,5,43,38,38)
r(6,4,43,39,39)
r(85,8,43,40,40)
r(77,3,43,41,41)
w(24,5,43,42,42)
w(29,5,43,43,43)
r(17,6,43,44,44)
r(53,2,43,45,45)
w(52,6,43,46,46)
r(78,2,43,47,47)
r(93,6,43,48,48)
r(39,7,43,49,49)
r(71,3,43,50,50)
r(74,1,43,51,51)
r(27,4,43,52,52)
r(59,6,43,53,53)
r(49,2,43,54,54)
r(8,5,43,55,55)
r(16,5,43,56,56)
r(59,6,43,57,57)
r(18,2,43,58,58)
r(40,6,43,59,59)
w(32,4,43,60,60)
r(42,9,43,61,61)
r(24,5,43,62,62)
r(23,2,43,63,63)
r(23,2,43,64,64)
r(12,7,43,65,65)
r(0,3,43,66,66)
r(84,1,43,67,67)
r(63,2,43,68,68)
r(64,3,43,69,69)
r(62,4,43,70,70)
r(42,9,43,71,71)
r(96,1,43,72,72)
r(50,3,43,73,73)
r(14,5,43,74,74)
r(49,2,43,75,75)
r(60,6,43,76,76)
r(34,2,43,77,77)
r(87,7,43,78,78)
r(44,7,43,79,79)
w(24,6,43,80,80)
r(87,7,43,81,81)
w(82,2,43,82,82)
r(7,5,43,83,83)
r(77,3,43,84,84)
w(33,3,43,85,85)
r(80,7,43,86,86)
r(78,2,43,87,87)
r(77,3,43,88,88)
r(94,4,43,89,89)
r(28,4,43,90,90)
r(45,5,43,91,91)
r(18,2,43,92,92)
r(2,4,43,93,93)
r(9,3,43,94,94)
r(92,10,43,95,95)
r(8,5,43,96,96)
r(87,7,43,97,97)
r(48,4,43,98,98)
r(20,5,43,99,99)
r(10,4,44,0,0)
r(69,8,44,1,1)
r(12,7,44,2,2)
r(23,2,44,3,3)
r(66,5,44,4,4)
r(8,5,44,5,5)
r(13,2,44,6,6)
r(63,2,44,7,7)
r(24,6,44,8,8)
r(49,2,44,9,9)
w(22,2,44,10,10)
r(87,7,44,11,11)
r(44,7,44,12,12)
r(1,7,44,13,13)
w(13,3,44,14,14)
r(41,1,44,15,15)
r(96,1,44,16,16)
r(78,2,44,17,17)
r(0,3,44,18,18)
r(57,5,44,19,19)
r(96,1,44,20,20)
r(28,4,44,21,21)
r(77,3,44,22,22)
w(29,6,44,23,23)
r(68,6,44,24,24)
w(67,2,44,25,25)
r(96,1,44,26,26)
r(72,8,44,27,27)
r(56,6,44,28,28)
r(81,4,44,29,29)
r(67,2,44,30,30)
r(8,5,44,31,31)
r(48,4,44,32,32)
r(42,9,44,33,33)
r(88,7,44,34,34)
r(40,6,44,35,35)
r(33,3,44,36,36)
r(77,3,44,37,37)
r(71,3,44,38,38)
r(21,3,44,39,39)
r(64,3,44,40,40)
r(54,3,44,41,41)
r(29,6,44,42,42)
r(82,2,44,43,43)
r(20,5,44,44,44)
r(73,6,44,45,45)
r(67,2,44,46,46)
r(90,3,44,47,47)
r(45,5,44,48,48)
r(52,6,44,49,49)
r(36,8,44,50,50)
r(12,7,44,51,51)
r(34,2,44,52,52)
r(57,5,44,53,53)
r(49,2,44,54,54)
r(36,8,44,55,55)
r(82,2,44,56,56)
r(70,6,44,57,57)
r(10,4,44,58,58)
r(85,8,44,59,59)
r(47,3,44,60,60)
r(73,6,44,61,61)
r(99,5,44,62,62)
w(2,5,44,63,63)
r(16,5,44,64,64)
r(82,2,44,65,65)
w(20,6,44,66,66)
r(18,2,44,67,67)
r(5,3,44,68,68)
r(44,7,44,69,69)
r(15,5,44,70,70)
r(0,3,44,71,71)
r(87,7,44,72,72)
r(13,3,44,73,73)
w(75,4,44,74,74)
r(95,3,44,75,75)
r(26,7,44,76,76)
r(87,7,44,77,77)
r(37,5,44,78,78)
r(96,1,44,79,79)
r(35,6,44,80,80)
r(25,3,44,81,81)
w(94,5,44,82,82)
r(39,7,44,83,83)
r(97,4,44,84,84)
r(59,6,44,85,85)
r(7,5,44,86,86)
r(51,3,44,87,87)
r(81,4,44,88,88)
r(56,6,44,89,89)
r(45,5,44,90,90)
r(89,2,44,91,91)
r(32,4,44,92,92)
r(89,2,44,93,93)
r(7,5,44,94,94)
r(23,2,44,95,95)
r(1,7,44,96,96)
r(97,4,44,97,97)
r(89,2,44,98,98)
r(47,3,44,99,99)
r(6,4,45,0,0)
w(50,4,45,1,1)
r(76,4,45,2,2)
r(69,8,45,3,3)
r(76,4,45,4,4)
r(33,3,45,5,5)
w(26,8,45,6,6)
r(56,6,45,7,7)
w(67,3,45,8,8)
r(53,2,45,9,9)
r(73,6,45,10,10)
r(75,4,45,11,11)
r(60,6,45,12,12)
r(45,5,45,13,13)
r(52,6,45,14,14)
r(16,5,45,15,15)
r(92,10,45,16,16)
r(62,4,45,17,17)
r(98,8,45,18,18)
r(97,4,45,19,19)
r(22,2,45,20,20)
r(86,3,45,21,21)
r(8,5,45,22,22)
w(51,4,45,23,23)
r(69,8,45,24,24)
r(62,4,45,25,25)
r(36,8,45,26,26)
r(21,3,45,27,27)
r(65,3,45,28,28)
r(69,8,45,29,29)
r(15,5,45,30,30)
r(18,2,45,31,31)
r(85,8,45,32,32)
r(52,6,45,33,33)
r(5,3,45,34,34)
r(26,8,45,35,35)
r(65,3,45,36,36)
w(11,3,45,37,37)
r(82,2,45,38,38)
r(21,3,45,39,39)
r(52,6,45,40,40)
r(81,4,45,41,41)
r(31,6,45,42,42)
r(4,2,45,43,43)
w(72,9,45,44,44)
r(78,2,45,45,45)
r(44,7,45,46,46)
w(46,5,45,47,47)
r(76,4,45,48,48)
r(99,5,45,49,49)
r(91,3,45,50,50)
r(42,9,45,51,51)
r(88,7,45,52,52)
r(26,8,45,53,53)
w(26,9,45,54,54)
r(26,9,45,55,55)
r(26,9,45,56,56)
r(28,4,45,57,57)
r(73,6,45,58,58)
r(82,2,45,59,59)
r(79,2,45,60,60)
r(7,5,45,61,61)
w(80,8,45,62,62)
r(21,3,45,63,63)
r(16,5,45,64,64)
r(75,4,45,65,65)
r(44,7,45,66,66)
r(87,7,45,67,67)
r(38,5,45,68,68)
r(80,8,45,69,69)
w(33,4,45,70,70)
r(79,2,45,71,71)
r(4,2,45,72,72)
r(37,5,45,73,73)
r(7,5,45,74,74)
r(88,7,45,75,75)
r(83,2,45,76,76)
r(55,1,45,77,77)
r(77,3,45,78,78)
r(72,9,45,79,79)
r(38,5,45,80,80)
r(11,3,45,81,81)
r(34,2,45,82,82)
w(60,7,45,83,83)
r(60,7,45,84,84)
r(47,3,45,85,85)
r(64,3,45,86,86)
r(34,2,45,87,87)
r(4,2,45,88,88)
r(77,3,45,89,89)
r(43,4,45,90,90)
r(48,4,45,91,91)
r(4,2,45,92,92)
r(80,8,45,93,93)
w(80,9,45,94,94)
r(59,6,45,95,95)
r(43,4,45,96,96)
r(44,7,45,97,97)
r(44,7,45,98,98)
r(42,9,45,99,99)
r(30,5,46,0,0)
r(35,6,46,1,1)
r(52,6,46,2,2)
r(57,5,46,3,3)
r(70,6,46,4,4)
r(93,6,46,5,5)
r(28,4,46,6,6)
r(14,5,46,7,7)
w(85,9,46,8,8)
r(84,1,46,9,9)
w(61,4,46,10,10)
r(39,7,46,11,11)
r(70,6,46,12,12)
r(11,3,46,13,13)
r(36,8,46,14,14)
r(82,2,46,15,15)
r(8,5,46,16,16)
r(72,9,46,17,17)
r(12,7,46,18,18)
r(67,3,46,19,19)
r(14,5,46,20,20)
r(64,3,46,21,21)
r(27,4,46,22,22)
r(30,5,46,23,23)
r(27,4,46,24,24)
r(48,4,46,25,25)
r(99,5,46,26,26)
r(80,9,46,27,27)
r(50,4,46,28,28)
r(58,3,46,29,29)
r(64,3,46,30,30)
r(70,6,46,31,31)
r(96,1,46,32,32)
r(74,1,46,33,33)
r(91,3,46,34,34)
r(90,3,46,35,35)
r(17,6,46,36,36)
r(94,5,46,37,37)
r(25,3,46,38,38)
r(16,5,46,39,39)
r(88,7,46,40,40)
r(53,2,46,41,41)
r(74,1,46,42,42)
r(76,4,46,43,43)
r(46,5,46,44,44)
r(48,4,46,45,45)
r(16,5,46,46,46)
r(38,5,46,47,47)
r(88,7,46,48,48)
w(89,3,46,49,49)
r(63,2,46,50,50)
r(50,4,46,51,51)
r(95,3,46,52,52)
r(88,7,46,53,53)
w(81,5,46,54,54)
r(16,5,46,55,55)
r(4,2,46,56,56)
w(94,6,46,57,57)
r(29,6,46,58,58)
r(33,4,46,59,59)
r(80,9,46,60,60)
r(90,3,46,61,61)
r(80,9,46,62,62)
w(18,3,46,63,63)
r(79,2,46,64,64)
r(34,2,46,65,65)
r(55,1,46,66,66)
r(16,5,46,67,67)
r(97,4,46,68,68)
r(83,2,46,69,69)
w(62,5,46,70,70)
r(3,5,46,71,71)
r(55,1,46,72,72)
r(69,8,46,73,73)
r(31,6,46,74,74)
w(14,6,46,75,75)
r(23,2,46,76,76)
r(44,7,46,77,77)
r(89,3,46,78,78)
r(95,3,46,79,79)
r(44,7,46,80,80)
r(69,8,46,81,81)
r(59,6,46,82,82)
r(37,5,46,83,83)
r(71,3,46,84,84)
w(4,3,46,85,85)
r(47,3,46,86,86)
r(80,9,46,87,87)
r(79,2,46,88,88)
r(58,3,46,89,89)
r(24,6,46,90,90)
r(61,4,46,91,91)
r(68,6,46,92,92)
r(58,3,46,93,93)
r(67,3,46,94,94)
r(48,4,46,95,95)
r(60,7,46,96,96)
r(35,6,46,97,97)
r(30,5,46,98,98)
r(10,4,46,99,99)
r(2,5,47,0,0)
w(96,2,47,1,1)
r(45,5,47,2,2)
r(88,7,47,3,3)
r(91,3,47,4,4)
r(61,4,47,5,5)
r(97,4,47,6,6)
r(77,3,47,7,7)
r(30,5,47,8,8)
r(25,3,47,9,9)
r(42,9,47,10,10)
r(81,5,47,11,11)
r(20,6,47,12,12)
r(99,5,47,13,13)
r(30,5,47,14,14)
r(85,9,47,15,15)
r(45,5,47,16,16)
r(59,6,47,17,17)
r(21,3,47,18,18)
r(34,2,47,19,19)
r(56,6,47,20,20)
r(49,2,47,21,21)
r(83,2,47,22,22)
r(34,2,47,23,23)
r(92,10,47,24,24)
r(23,2,47,25,25)
r(7,5,47,26,26)
r(42,9,47,27,27)
r(52,6,47,28,28)
r(36,8,47,29,29)
r(20,6,47,30,30)
r(9,3,47,31,31)
r(10,4,47,32,32)
r(43,4,47,33,33)
r(51,4,47,34,34)
r(2,5,47,35,35)
r(65,3,47,36,36)
r(85,9,47,37,37)
r(57,5,47,38,38)
r(20,6,47,39,39)
r(80,9,47,40,40)
r(45,5,47,41,41)
r(83,2,47,42,42)
r(69,8,47,43,43)
r(41,1,47,44,44)
r(1,7,47,45,45)
w(68,7,47,46,46)
r(42,9,47,47,47)
r(76,4,47,48,48)
r(6,4,47,49,49)
r(90,3,47,50,50)
r(84,1,47,51,51)
r(73,6,47,52,52)
r(89,3,47,53,53)
r(15,5,47,54,54)
r(83,2,47,55,55)
r(89,3,47,56,56)
r(44,7,47,57,57)
r(16,5,47,58,58)
r(59,6,47,59,59)
r(59,6,47,60,60)
r(70,6,47,61,61)
r(23,2,47,62,62)
r(55,1,47,63,63)
r(60,7,47,64,64)
r(41,1,47,65,65)
r(96,2,47,66,66)
r(6,4,47,67,67)
r(10,4,47,68,68)
r(41,1,47,69,69)
w(12,8,47,70,70)
r(96,2,47,71,71)
r(32,4,47,72,72)
r(7,5,47,73,73)
r(71,3,47,74,74)
r(83,2,47,75,75)
w(88,8,47,76,76)
r(54,3,47,77,77)
r(64,3,47,78,78)
r(18,3,47,79,79)
r(19,3,47,80,80)
w(27,5,47,81,81)
r(4,3,47,82,82)
r(91,3,47,83,83)
r(45,5,47,84,84)
w(8,6,47,85,85)
r(77,3,47,86,86)
r(29,6,47,87,87)
r(4,3,47,88,88)
r(23,2,47,89,89)
r(73,6,47,90,90)
w(22,3,47,91,91)
r(30,5,47,92,92)
r(0,3,47,93,93)
r(98,8,47,94,94)
r(33,4,47,95,95)
r(87,7,47,96,96)
r(59,6,47,97,97)
r(98,8,47,98,98)
r(55,1,47,99,99)
r(26,9,48,0,0)
r(28,4,48,1,1)
r(88,8,48,2,2)
r(97,4,48,3,3)
r(22,3,48,4,4)
r(88,8,48,5,5)
w(52,7,48,6,6)
r(41,1,48,7,7)
r(4,3,48,8,8)
r(95,3,48,9,9)
r(39,7,48,10,10)
r(92,10,48,11,11)
r(16,5,48,12,12)
r(78,2,48,13,13)
r(41,1,48,14,14)
r(80,9,48,15,15)
r(46,5,48,16,16)
r(53,2,48,17,17)
w(12,9,48,18,18)
r(61,4,48,19,19)
r(61,4,48,20,20)
w(25,4,48,21,21)
r(57,5,48,22,22)
r(37,5,48,23,23)
r(32,4,48,24,24)
r(76,4,48,25,25)
r(93,6,48,26,26)
r(52,7,48,27,27)
r(84,1,48,28,28)
r(48,4,48,29,29)
r(39,7,48,30,30)
r(29,6,48,31,31)
r(49,2,48,32,32)
r(1,7,48,33,33)
r(32,4,48,34,34)
r(49,2,48,35,35)
r(59,6,48,36,36)
r(44,7,48,37,37)
r(78,2,48,38,38)
r(36,8,48,39,39)
r(86,3,48,40,40)
r(39,7,48,41,41)
r(69,8,48,42,42)
r(21,3,48,43,43)
r(41,1,48,44,44)
r(81,5,48,45,45)
r(16,5,48,46,46)
r(62,5,48,47,47)
r(59,6,48,48,48)
r(10,4,48,49,49)
r(62,5,48,50,50)
r(98,8,48,51,51)
r(85,9,48,52,52)
r(12,9,48,53,53)
r(0,3,48,54,54)
w(29,7,48,55,55)
r(54,3,48,56,56)
r(88,8,48,57,57)
w(10,5,48,58,58)
r(75,4,48,59,59)
r(51,4,48,60,60)
r(97,4,48,61,61)
r(50,4,48,62,62)
r(54,3,48,63,63)
w(11,4,48,64,64)
r(29,7,48,65,65)
r(53,2,48,66,66)
r(89,3,48,67,67)
r(16,5,48,68,68)
r(20,6,48,69,69)
w(22,4,48,70,70)
w(56,7,48,71,71)
r(86,3,48,72,72)
r(52,7,48,73,73)
r(4,3,48,74,74)
r(82,2,48,75,75)
w(75,5,48,76,76)
r(95,3,48,77,77)
w(91,4,48,78,78)
r(93,6,48,79,79)
r(98,8,48,80,80)
r(3,5,48,81,81)
r(17,6,48,82,82)
r(51,4,48,83,83)
r(37,5,48,84,84)
r(22,4,48,85,85)
w(84,2,48,86,86)
r(77,3,48,87,87)
r(41,1,48,88,88)
r(91,4,48,89,89)
r(60,7,48,90,90)
w(41,2,48,91,91)
r(80,9,48,92,92)
r(80,9,48,93,93)
r(86,3,48,94,94)
r(65,3,48,95,95)
r(72,9,48,96,96)
r(65,3,48,97,97)
r(81,5,48,98,98)
r(73,6,48,99,99)
r(63,2,49,0,0)
r(26,9,49,1,1)
r(23,2,49,2,2)
r(55,1,49,3,3)
r(17,6,49,4,4)
r(2,5,49,5,5)
r(87,7,49,6,6)
r(71,3,49,7,7)
r(18,3,49,8,8)
r(72,9,49,9,9)
r(58,3,49,10,10)
r(64,3,49,11,11)
w(95,4,49,12,12)
r(45,5,49,13,13)
r(58,3,49,14,14)
r(75,5,49,15,15)
r(32,4,49,16,16)
w(57,6,49,17,17)
r(80,9,49,18,18)
r(0,3,49,19,19)
r(4,3,49,20,20)
r(31,6,49,21,21)
r(23,2,49,22,22)
r(75,5,49,23,23)
r(80,9,49,24,24)
r(52,7,49,25,25)
r(93,6,49,26,26)
r(32,4,49,27,27)
r(23,2,49,28,28)
r(28,4,49,29,29)
w(37,6,49,30,30)
r(95,4,49,31,31)
r(28,4,49,32,32)
r(75,5,49,33,33)
r(19,3,49,34,34)
r(93,6,49,35,35)
r(5,3,49,36,36)
w(82,3,49,37,37)
r(68,7,49,38,38)
r(61,4,49,39,39)
r(97,4,49,40,40)
w(43,5,49,41,41)
r(99,5,49,42,42)
r(30,5,49,43,43)
r(93,6,49,44,44)
w(4,4,49,45,45)
r(53,2,49,46,46)
r(34,2,49,47,47)
r(50,4,49,48,48)
r(72,9,49,49,49)
r(22,4,49,50,50)
r(52,7,49,51,51)
r(4,4,49,52,52)
r(1,7,49,53,53)
r(74,1,49,54,54)
w(9,4,49,55,55)
r(6,4,49,56,56)
r(70,6,49,57,57)
r(27,5,49,58,58)
r(46,5,49,59,59)
r(30,5,49,60,60)
r(66,5,49,61,61)
r(33,4,49,62,62)
r(69,8,49,63,63)
r(74,1,49,64,64)
r(13,3,49,65,65)
r(29,7,49,66,66)
r(42,9,49,67,67)
r(52,7,49,68,68)
r(13,3,49,69,69)
r(65,3,49,70,70)
r(96,2,49,71,71)
r(32,4,49,72,72)
r(1,7,49,73,73)
r(73,6,49,74,74)
r(25,4,49,75,75)
r(6,4,49,76,76)
r(93,6,49,77,77)
r(57,6,49,78,78)
r(1,7,49,79,79)
r(34,2,49,80,80)
r(27,5,49,81,81)
r(86,3,49,82,82)
r(40,6,49,83,83)
r(93,6,49,84,84)
r(88,8,49,85,85)
r(66,5,49,86,86)
r(81,5,49,87,87)
r(32,4,49,88,88)
r(76,4,49,89,89)
r(44,7,49,90,90)
r(83,2,49,91,91)
r(19,3,49,92,92)
r(0,3,49,93,93)
r(97,4,49,94,94)
r(53,2,49,95,95)
r(49,2,49,96,96)
w(79,3,49,97,97)
r(68,7,49,98,98)
r(51,4,49,99,99)
