r(992,0,0,0,0)
r(450,0,0,1,1)
r(580,0,0,2,2)
w(902,1,0,3,3)
w(181,1,0,4,4)
w(809,1,0,5,5)
r(343,0,0,6,6)
r(821,0,0,7,7)
r(536,0,0,8,8)
r(439,0,0,9,9)
r(680,0,0,10,10)
r(650,0,0,11,11)
r(87,0,0,12,12)
r(878,0,0,13,13)
r(725,0,0,14,14)
r(962,0,0,15,15)
r(316,0,0,16,16)
r(81,0,0,17,17)
r(522,0,0,18,18)
r(466,0,0,19,19)
r(702,0,0,20,20)
r(981,0,0,21,21)
r(335,0,0,22,22)
r(416,0,0,23,23)
r(973,0,0,24,24)
r(667,0,0,25,25)
r(108,0,0,26,26)
r(421,0,0,27,27)
r(698,0,0,28,28)
r(500,0,0,29,29)
r(613,0,0,30,30)
r(820,0,0,31,31)
r(449,0,0,32,32)
r(544,0,0,33,33)
r(281,0,0,34,34)
r(39,0,0,35,35)
r(302,0,0,36,36)
r(417,0,0,37,37)
w(203,1,0,38,38)
r(918,0,0,39,39)
r(114,0,0,40,40)
r(795,0,0,41,41)
r(188,0,0,42,42)
r(523,0,0,43,43)
w(11,1,0,44,44)
w(20,1,0,45,45)
w(720,1,0,46,46)
r(392,0,0,47,47)
r(289,0,0,48,48)
r(194,0,0,49,49)
r(610,0,0,50,50)
r(67,0,0,51,51)
r(759,0,0,52,52)
r(242,0,0,53,53)
r(701,0,0,54,54)
r(317,0,0,55,55)
r(14,0,0,56,56)
r(811,0,0,57,57)
r(809,1,0,58,58)
w(377,1,0,59,59)
r(195,0,0,60,60)
r(39,0,0,61,61)
r(700,0,0,62,62)
r(779,0,0,63,63)
r(279,0,0,64,64)
r(429,0,0,65,65)
w(966,1,0,66,66)
r(765,0,0,67,67)
r(116,0,0,68,68)
r(831,0,0,69,69)
r(764,0,0,70,70)
r(766,0,0,71,71)
r(798,0,0,72,72)
r(763,0,0,73,73)
r(347,0,0,74,74)
w(930,1,0,75,75)
r(916,0,0,76,76)
r(203,1,0,77,77)
r(898,0,0,78,78)
r(458,0,0,79,79)
r(450,0,0,80,80)
r(148,0,0,81,81)
r(751,0,0,82,82)
w(906,1,0,83,83)
r(640,0,0,84,84)
r(225,0,0,85,85)
r(478,0,0,86,86)
r(876,0,0,87,87)
r(102,0,0,88,88)
r(901,0,0,89,89)
r(725,0,0,90,90)
r(731,0,0,91,91)
r(650,0,0,92,92)
w(430,1,0,93,93)
r(651,0,0,94,94)
r(212,0,0,95,95)
w(398,1,0,96,96)
r(201,0,0,97,97)
r(477,0,0,98,98)
r(485,0,0,99,99)
r(270,0,1,0,0)
w(977,1,1,1,1)
r(500,0,1,2,2)
r(229,0,1,3,3)
r(118,0,1,4,4)
r(809,1,1,5,5)
r(573,0,1,6,6)
r(312,0,1,7,7)
r(863,0,1,8,8)
r(508,0,1,9,9)
r(631,0,1,10,10)
r(805,0,1,11,11)
w(903,1,1,12,12)
r(522,0,1,13,13)
r(513,0,1,14,14)
r(799,0,1,15,15)
r(797,0,1,16,16)
r(828,0,1,17,17)
r(340,0,1,18,18)
r(490,0,1,19,19)
r(768,0,1,20,20)
r(648,0,1,21,21)
r(870,0,1,22,22)
r(583,0,1,23,23)
r(974,0,1,24,24)
r(705,0,1,25,25)
r(250,0,1,26,26)
r(710,0,1,27,27)
r(468,0,1,28,28)
r(993,0,1,29,29)
r(495,0,1,30,30)
r(223,0,1,31,31)
r(336,0,1,32,32)
r(352,0,1,33,33)
r(940,0,1,34,34)
r(693,0,1,35,35)
r(800,0,1,36,36)
r(980,0,1,37,37)
r(421,0,1,38,38)
r(325,0,1,39,39)
r(524,0,1,40,40)
r(84,0,1,41,41)
w(692,1,1,42,42)
r(585,0,1,43,43)
r(222,0,1,44,44)
r(227,0,1,45,45)
r(18,0,1,46,46)
r(526,0,1,47,47)
r(344,0,1,48,48)
r(106,0,1,49,49)
r(971,0,1,50,50)
r(205,0,1,51,51)
r(314,0,1,52,52)
w(131,1,1,53,53)
r(521,0,1,54,54)
r(75,0,1,55,55)
r(999,0,1,56,56)
r(634,0,1,57,57)
r(193,0,1,58,58)
r(726,0,1,59,59)
r(891,0,1,60,60)
r(308,0,1,61,61)
r(990,0,1,62,62)
r(254,0,1,63,63)
r(537,0,1,64,64)
r(352,0,1,65,65)
r(238,0,1,66,66)
r(412,0,1,67,67)
r(794,0,1,68,68)
r(858,0,1,69,69)
r(587,0,1,70,70)
r(663,0,1,71,71)
r(140,0,1,72,72)
r(346,0,1,73,73)
r(860,0,1,74,74)
r(816,0,1,75,75)
r(510,0,1,76,76)
r(863,0,1,77,77)
r(752,0,1,78,78)
r(880,0,1,79,79)
r(972,0,1,80,80)
r(727,0,1,81,81)
r(600,0,1,82,82)
r(407,0,1,83,83)
r(554,0,1,84,84)
r(496,0,1,85,85)
r(677,0,1,86,86)
r(262,0,1,87,87)
r(362,0,1,88,88)
r(216,0,1,89,89)
r(974,0,1,90,90)
w(951,1,1,91,91)
r(714,0,1,92,92)
r(973,0,1,93,93)
r(545,0,1,94,94)
r(772,0,1,95,95)
r(804,0,1,96,96)
r(590,0,1,97,97)
r(447,0,1,98,98)
r(701,0,1,99,99)
r(117,0,2,0,0)
r(735,0,2,1,1)
r(549,0,2,2,2)
r(483,0,2,3,3)
r(622,0,2,4,4)
r(717,0,2,5,5)
r(503,0,2,6,6)
r(685,0,2,7,7)
r(665,0,2,8,8)
r(357,0,2,9,9)
r(999,0,2,10,10)
r(469,0,2,11,11)
r(516,0,2,12,12)
w(248,1,2,13,13)
r(946,0,2,14,14)
r(501,0,2,15,15)
r(439,0,2,16,16)
r(466,0,2,17,17)
r(915,0,2,18,18)
r(851,0,2,19,19)
r(514,0,2,20,20)
r(271,0,2,21,21)
r(249,0,2,22,22)
r(668,0,2,23,23)
r(179,0,2,24,24)
r(914,0,2,25,25)
r(498,0,2,26,26)
r(63,0,2,27,27)
r(891,0,2,28,28)
r(874,0,2,29,29)
r(483,0,2,30,30)
r(886,0,2,31,31)
w(792,1,2,32,32)
r(411,0,2,33,33)
r(258,0,2,34,34)
r(164,0,2,35,35)
r(963,0,2,36,36)
w(205,1,2,37,37)
r(516,0,2,38,38)
r(1,0,2,39,39)
r(62,0,2,40,40)
r(901,0,2,41,41)
r(540,0,2,42,42)
w(793,1,2,43,43)
r(934,0,2,44,44)
w(229,1,2,45,45)
r(124,0,2,46,46)
r(228,0,2,47,47)
r(223,0,2,48,48)
r(727,0,2,49,49)
r(428,0,2,50,50)
r(790,0,2,51,51)
r(857,0,2,52,52)
r(866,0,2,53,53)
r(896,0,2,54,54)
r(939,0,2,55,55)
r(633,0,2,56,56)
r(735,0,2,57,57)
r(417,0,2,58,58)
r(810,0,2,59,59)
r(505,0,2,60,60)
r(96,0,2,61,61)
r(960,0,2,62,62)
r(174,0,2,63,63)
r(735,0,2,64,64)
r(308,0,2,65,65)
w(288,1,2,66,66)
w(110,1,2,67,67)
w(446,1,2,68,68)
r(620,0,2,69,69)
r(762,0,2,70,70)
r(493,0,2,71,71)
w(888,1,2,72,72)
r(777,0,2,73,73)
r(98,0,2,74,74)
r(292,0,2,75,75)
r(172,0,2,76,76)
r(480,0,2,77,77)
r(158,0,2,78,78)
r(92,0,2,79,79)
r(761,0,2,80,80)
r(890,0,2,81,81)
r(968,0,2,82,82)
r(618,0,2,83,83)
r(48,0,2,84,84)
r(291,0,2,85,85)
r(548,0,2,86,86)
r(521,0,2,87,87)
r(229,1,2,88,88)
r(499,0,2,89,89)
r(742,0,2,90,90)
r(847,0,2,91,91)
r(812,0,2,92,92)
r(280,0,2,93,93)
r(965,0,2,94,94)
r(37,0,2,95,95)
r(672,0,2,96,96)
r(779,0,2,97,97)
r(242,0,2,98,98)
r(23,0,2,99,99)
r(680,0,3,0,0)
r(413,0,3,1,1)
r(938,0,3,2,2)
r(312,0,3,3,3)
r(524,0,3,4,4)
r(8,0,3,5,5)
r(17,0,3,6,6)
w(95,1,3,7,7)
r(952,0,3,8,8)
r(996,0,3,9,9)
r(887,0,3,10,10)
r(201,0,3,11,11)
r(427,0,3,12,12)
r(547,0,3,13,13)
r(155,0,3,14,14)
r(396,0,3,15,15)
r(380,0,3,16,16)
r(243,0,3,17,17)
r(76,0,3,18,18)
w(764,1,3,19,19)
r(365,0,3,20,20)
r(578,0,3,21,21)
r(868,0,3,22,22)
r(337,0,3,23,23)
w(205,2,3,24,24)
r(982,0,3,25,25)
r(48,0,3,26,26)
r(448,0,3,27,27)
w(183,1,3,28,28)
w(92,1,3,29,29)
w(208,1,3,30,30)
r(47,0,3,31,31)
w(192,1,3,32,32)
r(726,0,3,33,33)
r(461,0,3,34,34)
r(199,0,3,35,35)
r(246,0,3,36,36)
r(405,0,3,37,37)
r(887,0,3,38,38)
r(363,0,3,39,39)
r(683,0,3,40,40)
r(170,0,3,41,41)
r(427,0,3,42,42)
r(760,0,3,43,43)
r(988,0,3,44,44)
r(356,0,3,45,45)
r(548,0,3,46,46)
r(604,0,3,47,47)
r(976,0,3,48,48)
r(159,0,3,49,49)
r(881,0,3,50,50)
r(592,0,3,51,51)
r(931,0,3,52,52)
r(933,0,3,53,53)
w(940,1,3,54,54)
r(549,0,3,55,55)
w(458,1,3,56,56)
r(31,0,3,57,57)
r(283,0,3,58,58)
r(91,0,3,59,59)
r(830,0,3,60,60)
w(986,1,3,61,61)
r(993,0,3,62,62)
r(50,0,3,63,63)
r(883,0,3,64,64)
r(140,0,3,65,65)
r(800,0,3,66,66)
r(960,0,3,67,67)
r(404,0,3,68,68)
r(5,0,3,69,69)
r(781,0,3,70,70)
r(716,0,3,71,71)
r(917,0,3,72,72)
r(34,0,3,73,73)
r(943,0,3,74,74)
r(953,0,3,75,75)
r(558,0,3,76,76)
r(274,0,3,77,77)
r(901,0,3,78,78)
r(225,0,3,79,79)
r(788,0,3,80,80)
w(789,1,3,81,81)
r(939,0,3,82,82)
w(576,1,3,83,83)
r(932,0,3,84,84)
r(114,0,3,85,85)
r(282,0,3,86,86)
w(620,1,3,87,87)
r(880,0,3,88,88)
r(933,0,3,89,89)
r(820,0,3,90,90)
r(943,0,3,91,91)
r(61,0,3,92,92)
r(393,0,3,93,93)
w(317,1,3,94,94)
r(636,0,3,95,95)
r(481,0,3,96,96)
r(519,0,3,97,97)
r(219,0,3,98,98)
r(661,0,3,99,99)
w(464,1,4,0,0)
r(261,0,4,1,1)
r(272,0,4,2,2)
r(663,0,4,3,3)
r(839,0,4,4,4)
r(365,0,4,5,5)
r(414,0,4,6,6)
r(440,0,4,7,7)
r(469,0,4,8,8)
r(662,0,4,9,9)
r(397,0,4,10,10)
r(559,0,4,11,11)
r(651,0,4,12,12)
r(383,0,4,13,13)
r(526,0,4,14,14)
r(562,0,4,15,15)
r(723,0,4,16,16)
r(720,1,4,17,17)
r(622,0,4,18,18)
r(531,0,4,19,19)
r(374,0,4,20,20)
r(623,0,4,21,21)
r(365,0,4,22,22)
r(224,0,4,23,23)
r(711,0,4,24,24)
r(207,0,4,25,25)
r(273,0,4,26,26)
r(644,0,4,27,27)
r(106,0,4,28,28)
w(21,1,4,29,29)
r(629,0,4,30,30)
r(225,0,4,31,31)
r(920,0,4,32,32)
r(932,0,4,33,33)
r(654,0,4,34,34)
r(42,0,4,35,35)
r(257,0,4,36,36)
r(786,0,4,37,37)
r(531,0,4,38,38)
r(846,0,4,39,39)
r(309,0,4,40,40)
r(153,0,4,41,41)
r(387,0,4,42,42)
r(937,0,4,43,43)
w(865,1,4,44,44)
r(821,0,4,45,45)
r(138,0,4,46,46)
r(967,0,4,47,47)
r(907,0,4,48,48)
r(341,0,4,49,49)
r(889,0,4,50,50)
r(894,0,4,51,51)
r(347,0,4,52,52)
r(410,0,4,53,53)
r(396,0,4,54,54)
r(451,0,4,55,55)
r(881,0,4,56,56)
r(446,1,4,57,57)
r(92,1,4,58,58)
r(124,0,4,59,59)
r(682,0,4,60,60)
r(993,0,4,61,61)
r(530,0,4,62,62)
w(443,1,4,63,63)
r(777,0,4,64,64)
w(124,1,4,65,65)
r(576,1,4,66,66)
r(889,0,4,67,67)
r(267,0,4,68,68)
r(487,0,4,69,69)
w(807,1,4,70,70)
r(292,0,4,71,71)
r(536,0,4,72,72)
r(574,0,4,73,73)
r(58,0,4,74,74)
r(872,0,4,75,75)
r(660,0,4,76,76)
r(914,0,4,77,77)
r(983,0,4,78,78)
w(356,1,4,79,79)
r(625,0,4,80,80)
w(360,1,4,81,81)
r(820,0,4,82,82)
r(640,0,4,83,83)
r(559,0,4,84,84)
r(590,0,4,85,85)
r(253,0,4,86,86)
r(815,0,4,87,87)
r(422,0,4,88,88)
r(906,1,4,89,89)
r(517,0,4,90,90)
r(934,0,4,91,91)
r(146,0,4,92,92)
r(335,0,4,93,93)
r(677,0,4,94,94)
r(597,0,4,95,95)
r(889,0,4,96,96)
r(885,0,4,97,97)
r(151,0,4,98,98)
r(556,0,4,99,99)
r(768,0,5,0,0)
r(183,1,5,1,1)
r(793,1,5,2,2)
r(521,0,5,3,3)
r(447,0,5,4,4)
r(678,0,5,5,5)
r(491,0,5,6,6)
r(661,0,5,7,7)
r(971,0,5,8,8)
r(228,0,5,9,9)
r(88,0,5,10,10)
r(160,0,5,11,11)
r(690,0,5,12,12)
r(842,0,5,13,13)
r(588,0,5,14,14)
r(577,0,5,15,15)
r(658,0,5,16,16)
r(269,0,5,17,17)
r(382,0,5,18,18)
r(439,0,5,19,19)
w(116,1,5,20,20)
r(81,0,5,21,21)
r(935,0,5,22,22)
r(421,0,5,23,23)
r(754,0,5,24,24)
r(71,0,5,25,25)
r(236,0,5,26,26)
w(840,1,5,27,27)
r(173,0,5,28,28)
r(526,0,5,29,29)
r(354,0,5,30,30)
w(178,1,5,31,31)
r(371,0,5,32,32)
r(604,0,5,33,33)
r(152,0,5,34,34)
r(867,0,5,35,35)
r(751,0,5,36,36)
r(312,0,5,37,37)
r(459,0,5,38,38)
r(949,0,5,39,39)
r(410,0,5,40,40)
r(352,0,5,41,41)
r(719,0,5,42,42)
r(815,0,5,43,43)
r(397,0,5,44,44)
r(564,0,5,45,45)
r(599,0,5,46,46)
r(555,0,5,47,47)
r(462,0,5,48,48)
r(223,0,5,49,49)
r(542,0,5,50,50)
r(705,0,5,51,51)
r(607,0,5,52,52)
r(505,0,5,53,53)
r(681,0,5,54,54)
r(239,0,5,55,55)
r(918,0,5,56,56)
r(293,0,5,57,57)
r(111,0,5,58,58)
r(320,0,5,59,59)
r(509,0,5,60,60)
r(154,0,5,61,61)
r(689,0,5,62,62)
r(105,0,5,63,63)
r(173,0,5,64,64)
r(56,0,5,65,65)
r(116,1,5,66,66)
r(471,0,5,67,67)
r(475,0,5,68,68)
r(66,0,5,69,69)
r(360,1,5,70,70)
r(854,0,5,71,71)
r(875,0,5,72,72)
r(797,0,5,73,73)
w(163,1,5,74,74)
r(937,0,5,75,75)
w(210,1,5,76,76)
r(460,0,5,77,77)
r(910,0,5,78,78)
r(518,0,5,79,79)
r(304,0,5,80,80)
r(883,0,5,81,81)
r(375,0,5,82,82)
r(625,0,5,83,83)
r(49,0,5,84,84)
r(391,0,5,85,85)
r(566,0,5,86,86)
r(300,0,5,87,87)
r(452,0,5,88,88)
r(323,0,5,89,89)
r(655,0,5,90,90)
w(644,1,5,91,91)
r(830,0,5,92,92)
r(434,0,5,93,93)
r(226,0,5,94,94)
r(876,0,5,95,95)
w(690,1,5,96,96)
r(177,0,5,97,97)
w(881,1,5,98,98)
r(484,0,5,99,99)
r(551,0,6,0,0)
r(694,0,6,1,1)
r(231,0,6,2,2)
r(21,1,6,3,3)
r(910,0,6,4,4)
r(926,0,6,5,5)
r(845,0,6,6,6)
r(475,0,6,7,7)
r(254,0,6,8,8)
r(952,0,6,9,9)
r(61,0,6,10,10)
r(413,0,6,11,11)
r(174,0,6,12,12)
r(277,0,6,13,13)
r(869,0,6,14,14)
w(392,1,6,15,15)
r(223,0,6,16,16)
r(378,0,6,17,17)
r(781,0,6,18,18)
r(648,0,6,19,19)
r(348,0,6,20,20)
r(93,0,6,21,21)
r(481,0,6,22,22)
r(43,0,6,23,23)
r(8,0,6,24,24)
r(24,0,6,25,25)
r(780,0,6,26,26)
r(899,0,6,27,27)
r(209,0,6,28,28)
r(781,0,6,29,29)
r(18,0,6,30,30)
r(556,0,6,31,31)
r(930,1,6,32,32)
r(171,0,6,33,33)
r(737,0,6,34,34)
r(533,0,6,35,35)
r(350,0,6,36,36)
r(440,0,6,37,37)
r(265,0,6,38,38)
r(789,1,6,39,39)
r(904,0,6,40,40)
r(74,0,6,41,41)
r(188,0,6,42,42)
r(327,0,6,43,43)
r(831,0,6,44,44)
r(179,0,6,45,45)
r(828,0,6,46,46)
r(751,0,6,47,47)
r(64,0,6,48,48)
r(792,1,6,49,49)
r(441,0,6,50,50)
r(78,0,6,51,51)
r(726,0,6,52,52)
r(148,0,6,53,53)
r(19,0,6,54,54)
r(442,0,6,55,55)
r(79,0,6,56,56)
r(643,0,6,57,57)
r(163,1,6,58,58)
r(643,0,6,59,59)
w(880,1,6,60,60)
r(967,0,6,61,61)
r(292,0,6,62,62)
w(133,1,6,63,63)
r(329,0,6,64,64)
r(597,0,6,65,65)
r(414,0,6,66,66)
r(636,0,6,67,67)
r(643,0,6,68,68)
r(421,0,6,69,69)
r(499,0,6,70,70)
r(905,0,6,71,71)
r(615,0,6,72,72)
r(210,1,6,73,73)
r(1,0,6,74,74)
r(666,0,6,75,75)
w(197,1,6,76,76)
r(155,0,6,77,77)
r(628,0,6,78,78)
r(671,0,6,79,79)
r(638,0,6,80,80)
r(891,0,6,81,81)
w(706,1,6,82,82)
r(499,0,6,83,83)
r(730,0,6,84,84)
r(150,0,6,85,85)
r(909,0,6,86,86)
r(148,0,6,87,87)
r(628,0,6,88,88)
r(636,0,6,89,89)
r(931,0,6,90,90)
r(370,0,6,91,91)
r(174,0,6,92,92)
w(399,1,6,93,93)
r(664,0,6,94,94)
r(612,0,6,95,95)
r(95,1,6,96,96)
w(261,1,6,97,97)
r(580,0,6,98,98)
r(251,0,6,99,99)
r(172,0,7,0,0)
r(781,0,7,1,1)
r(454,0,7,2,2)
w(581,1,7,3,3)
r(551,0,7,4,4)
r(404,0,7,5,5)
r(635,0,7,6,6)
r(954,0,7,7,7)
r(632,0,7,8,8)
r(438,0,7,9,9)
r(729,0,7,10,10)
w(904,1,7,11,11)
r(880,1,7,12,12)
r(188,0,7,13,13)
r(403,0,7,14,14)
r(673,0,7,15,15)
r(223,0,7,16,16)
r(811,0,7,17,17)
r(430,1,7,18,18)
r(482,0,7,19,19)
r(710,0,7,20,20)
r(559,0,7,21,21)
r(568,0,7,22,22)
r(844,0,7,23,23)
r(485,0,7,24,24)
r(56,0,7,25,25)
r(404,0,7,26,26)
r(806,0,7,27,27)
w(674,1,7,28,28)
r(574,0,7,29,29)
r(402,0,7,30,30)
r(535,0,7,31,31)
r(659,0,7,32,32)
r(719,0,7,33,33)
r(824,0,7,34,34)
r(486,0,7,35,35)
r(477,0,7,36,36)
r(942,0,7,37,37)
r(505,0,7,38,38)
r(836,0,7,39,39)
r(211,0,7,40,40)
r(25,0,7,41,41)
r(323,0,7,42,42)
r(486,0,7,43,43)
r(834,0,7,44,44)
r(675,0,7,45,45)
r(227,0,7,46,46)
r(613,0,7,47,47)
r(33,0,7,48,48)
r(848,0,7,49,49)
w(834,1,7,50,50)
r(36,0,7,51,51)
r(552,0,7,52,52)
r(514,0,7,53,53)
r(47,0,7,54,54)
r(358,0,7,55,55)
r(701,0,7,56,56)
r(780,0,7,57,57)
r(225,0,7,58,58)
r(800,0,7,59,59)
r(867,0,7,60,60)
r(490,0,7,61,61)
r(580,0,7,62,62)
r(293,0,7,63,63)
r(621,0,7,64,64)
r(239,0,7,65,65)
w(334,1,7,66,66)
r(590,0,7,67,67)
r(290,0,7,68,68)
r(427,0,7,69,69)
r(820,0,7,70,70)
r(841,0,7,71,71)
r(318,0,7,72,72)
r(860,0,7,73,73)
r(428,0,7,74,74)
r(653,0,7,75,75)
r(833,0,7,76,76)
r(382,0,7,77,77)
r(702,0,7,78,78)
r(569,0,7,79,79)
r(428,0,7,80,80)
r(630,0,7,81,81)
r(696,0,7,82,82)
r(176,0,7,83,83)
r(708,0,7,84,84)
r(584,0,7,85,85)
w(797,1,7,86,86)
r(967,0,7,87,87)
r(485,0,7,88,88)
r(530,0,7,89,89)
r(243,0,7,90,90)
r(636,0,7,91,91)
r(224,0,7,92,92)
r(558,0,7,93,93)
r(894,0,7,94,94)
r(472,0,7,95,95)
r(404,0,7,96,96)
r(841,0,7,97,97)
r(580,0,7,98,98)
r(776,0,7,99,99)
r(527,0,8,0,0)
r(405,0,8,1,1)
r(270,0,8,2,2)
r(639,0,8,3,3)
r(500,0,8,4,4)
r(300,0,8,5,5)
r(21,1,8,6,6)
r(479,0,8,7,7)
r(76,0,8,8,8)
r(665,0,8,9,9)
r(177,0,8,10,10)
r(439,0,8,11,11)
w(176,1,8,12,12)
r(60,0,8,13,13)
r(278,0,8,14,14)
r(699,0,8,15,15)
r(651,0,8,16,16)
r(985,0,8,17,17)
w(432,1,8,18,18)
r(327,0,8,19,19)
r(447,0,8,20,20)
r(500,0,8,21,21)
r(192,1,8,22,22)
r(444,0,8,23,23)
r(627,0,8,24,24)
r(773,0,8,25,25)
r(119,0,8,26,26)
r(188,0,8,27,27)
r(298,0,8,28,28)
r(498,0,8,29,29)
r(749,0,8,30,30)
r(972,0,8,31,31)
r(5,0,8,32,32)
r(398,1,8,33,33)
r(307,0,8,34,34)
r(169,0,8,35,35)
r(34,0,8,36,36)
r(305,0,8,37,37)
r(860,0,8,38,38)
r(286,0,8,39,39)
r(439,0,8,40,40)
r(927,0,8,41,41)
r(827,0,8,42,42)
r(862,0,8,43,43)
r(499,0,8,44,44)
r(63,0,8,45,45)
r(562,0,8,46,46)
r(387,0,8,47,47)
r(748,0,8,48,48)
r(449,0,8,49,49)
r(239,0,8,50,50)
r(905,0,8,51,51)
w(934,1,8,52,52)
r(344,0,8,53,53)
r(792,1,8,54,54)
r(796,0,8,55,55)
r(646,0,8,56,56)
r(934,1,8,57,57)
r(144,0,8,58,58)
r(273,0,8,59,59)
r(157,0,8,60,60)
r(294,0,8,61,61)
r(761,0,8,62,62)
r(339,0,8,63,63)
w(186,1,8,64,64)
r(392,1,8,65,65)
r(730,0,8,66,66)
r(808,0,8,67,67)
r(18,0,8,68,68)
r(142,0,8,69,69)
w(883,1,8,70,70)
r(246,0,8,71,71)
r(431,0,8,72,72)
r(818,0,8,73,73)
w(313,1,8,74,74)
r(796,0,8,75,75)
r(209,0,8,76,76)
r(405,0,8,77,77)
r(225,0,8,78,78)
r(2,0,8,79,79)
r(868,0,8,80,80)
r(572,0,8,81,81)
r(978,0,8,82,82)
r(4,0,8,83,83)
r(448,0,8,84,84)
r(861,0,8,85,85)
r(561,0,8,86,86)
r(868,0,8,87,87)
w(653,1,8,88,88)
r(780,0,8,89,89)
r(774,0,8,90,90)
r(52,0,8,91,91)
r(163,1,8,92,92)
r(1,0,8,93,93)
r(893,0,8,94,94)
r(287,0,8,95,95)
r(960,0,8,96,96)
r(414,0,8,97,97)
r(320,0,8,98,98)
r(302,0,8,99,99)
r(630,0,9,0,0)
w(346,1,9,1,1)
r(125,0,9,2,2)
r(152,0,9,3,3)
w(538,1,9,4,4)
r(897,0,9,5,5)
r(145,0,9,6,6)
r(860,0,9,7,7)
w(833,1,9,8,8)
r(474,0,9,9,9)
r(291,0,9,10,10)
r(129,0,9,11,11)
r(599,0,9,12,12)
r(994,0,9,13,13)
r(944,0,9,14,14)
r(249,0,9,15,15)
r(420,0,9,16,16)
r(642,0,9,17,17)
r(345,0,9,18,18)
r(831,0,9,19,19)
r(455,0,9,20,20)
r(505,0,9,21,21)
r(541,0,9,22,22)
w(478,1,9,23,23)
r(924,0,9,24,24)
r(91,0,9,25,25)
w(730,1,9,26,26)
r(856,0,9,27,27)
r(21,1,9,28,28)
r(239,0,9,29,29)
r(640,0,9,30,30)
r(887,0,9,31,31)
r(907,0,9,32,32)
r(177,0,9,33,33)
r(795,0,9,34,34)
r(196,0,9,35,35)
r(913,0,9,36,36)
r(106,0,9,37,37)
r(94,0,9,38,38)
r(740,0,9,39,39)
r(235,0,9,40,40)
r(33,0,9,41,41)
r(511,0,9,42,42)
r(565,0,9,43,43)
w(975,1,9,44,44)
r(926,0,9,45,45)
r(350,0,9,46,46)
r(273,0,9,47,47)
w(437,1,9,48,48)
r(987,0,9,49,49)
w(892,1,9,50,50)
r(885,0,9,51,51)
w(882,1,9,52,52)
r(964,0,9,53,53)
r(801,0,9,54,54)
r(150,0,9,55,55)
r(274,0,9,56,56)
r(321,0,9,57,57)
r(928,0,9,58,58)
r(738,0,9,59,59)
r(148,0,9,60,60)
r(552,0,9,61,61)
r(419,0,9,62,62)
r(207,0,9,63,63)
w(513,1,9,64,64)
r(462,0,9,65,65)
w(89,1,9,66,66)
r(177,0,9,67,67)
r(456,0,9,68,68)
r(859,0,9,69,69)
w(608,1,9,70,70)
r(940,1,9,71,71)
r(866,0,9,72,72)
w(354,1,9,73,73)
w(770,1,9,74,74)
r(596,0,9,75,75)
r(48,0,9,76,76)
r(135,0,9,77,77)
r(820,0,9,78,78)
r(443,1,9,79,79)
w(547,1,9,80,80)
r(791,0,9,81,81)
w(204,1,9,82,82)
r(993,0,9,83,83)
r(832,0,9,84,84)
r(206,0,9,85,85)
r(380,0,9,86,86)
r(436,0,9,87,87)
r(323,0,9,88,88)
r(710,0,9,89,89)
r(52,0,9,90,90)
r(481,0,9,91,91)
r(250,0,9,92,92)
r(595,0,9,93,93)
r(331,0,9,94,94)
r(210,1,9,95,95)
r(725,0,9,96,96)
r(432,1,9,97,97)
r(329,0,9,98,98)
r(119,0,9,99,99)
r(693,0,10,0,0)
r(2,0,10,1,1)
r(84,0,10,2,2)
w(580,1,10,3,3)
r(696,0,10,4,4)
r(201,0,10,5,5)
r(238,0,10,6,6)
r(373,0,10,7,7)
r(732,0,10,8,8)
r(389,0,10,9,9)
r(790,0,10,10,10)
r(850,0,10,11,11)
w(374,1,10,12,12)
r(773,0,10,13,13)
r(774,0,10,14,14)
w(637,1,10,15,15)
r(386,0,10,16,16)
r(79,0,10,17,17)
r(647,0,10,18,18)
r(76,0,10,19,19)
r(870,0,10,20,20)
r(634,0,10,21,21)
w(860,1,10,22,22)
r(995,0,10,23,23)
r(960,0,10,24,24)
r(361,0,10,25,25)
r(599,0,10,26,26)
r(919,0,10,27,27)
r(272,0,10,28,28)
r(700,0,10,29,29)
r(430,1,10,30,30)
r(119,0,10,31,31)
r(240,0,10,32,32)
r(812,0,10,33,33)
w(435,1,10,34,34)
r(222,0,10,35,35)
r(680,0,10,36,36)
r(668,0,10,37,37)
r(418,0,10,38,38)
r(757,0,10,39,39)
r(789,1,10,40,40)
r(265,0,10,41,41)
r(490,0,10,42,42)
r(755,0,10,43,43)
r(878,0,10,44,44)
r(830,0,10,45,45)
r(173,0,10,46,46)
r(209,0,10,47,47)
r(367,0,10,48,48)
w(613,1,10,49,49)
r(774,0,10,50,50)
r(758,0,10,51,51)
r(939,0,10,52,52)
r(8,0,10,53,53)
r(762,0,10,54,54)
r(256,0,10,55,55)
r(680,0,10,56,56)
r(563,0,10,57,57)
r(637,1,10,58,58)
r(0,0,10,59,59)
r(255,0,10,60,60)
r(400,0,10,61,61)
r(652,0,10,62,62)
r(814,0,10,63,63)
r(80,0,10,64,64)
r(913,0,10,65,65)
r(83,0,10,66,66)
r(983,0,10,67,67)
r(701,0,10,68,68)
r(510,0,10,69,69)
r(196,0,10,70,70)
r(896,0,10,71,71)
r(599,0,10,72,72)
r(466,0,10,73,73)
r(837,0,10,74,74)
r(259,0,10,75,75)
r(716,0,10,76,76)
r(348,0,10,77,77)
r(681,0,10,78,78)
r(44,0,10,79,79)
r(271,0,10,80,80)
r(20,1,10,81,81)
w(967,1,10,82,82)
r(660,0,10,83,83)
r(148,0,10,84,84)
w(425,1,10,85,85)
r(86,0,10,86,86)
r(643,0,10,87,87)
r(409,0,10,88,88)
r(189,0,10,89,89)
r(87,0,10,90,90)
w(794,1,10,91,91)
r(724,0,10,92,92)
r(156,0,10,93,93)
w(589,1,10,94,94)
r(960,0,10,95,95)
r(169,0,10,96,96)
r(976,0,10,97,97)
r(736,0,10,98,98)
r(65,0,10,99,99)
r(200,0,11,0,0)
r(567,0,11,1,1)
r(553,0,11,2,2)
r(63,0,11,3,3)
r(37,0,11,4,4)
r(534,0,11,5,5)
r(183,1,11,6,6)
r(634,0,11,7,7)
r(518,0,11,8,8)
r(765,0,11,9,9)
r(100,0,11,10,10)
r(698,0,11,11,11)
r(177,0,11,12,12)
r(864,0,11,13,13)
r(858,0,11,14,14)
r(737,0,11,15,15)
r(800,0,11,16,16)
r(398,1,11,17,17)
r(164,0,11,18,18)
r(58,0,11,19,19)
w(378,1,11,20,20)
r(894,0,11,21,21)
r(672,0,11,22,22)
r(432,1,11,23,23)
r(695,0,11,24,24)
r(261,1,11,25,25)
r(362,0,11,26,26)
r(933,0,11,27,27)
r(230,0,11,28,28)
r(457,0,11,29,29)
r(523,0,11,30,30)
r(513,1,11,31,31)
r(289,0,11,32,32)
r(374,1,11,33,33)
r(689,0,11,34,34)
r(454,0,11,35,35)
r(799,0,11,36,36)
r(819,0,11,37,37)
r(132,0,11,38,38)
r(875,0,11,39,39)
r(759,0,11,40,40)
r(500,0,11,41,41)
r(624,0,11,42,42)
r(144,0,11,43,43)
r(274,0,11,44,44)
r(815,0,11,45,45)
r(607,0,11,46,46)
r(669,0,11,47,47)
r(662,0,11,48,48)
r(695,0,11,49,49)
r(236,0,11,50,50)
r(614,0,11,51,51)
r(285,0,11,52,52)
r(138,0,11,53,53)
r(437,1,11,54,54)
r(554,0,11,55,55)
r(561,0,11,56,56)
r(65,0,11,57,57)
r(893,0,11,58,58)
r(635,0,11,59,59)
r(772,0,11,60,60)
r(226,0,11,61,61)
w(548,1,11,62,62)
r(623,0,11,63,63)
r(473,0,11,64,64)
r(883,1,11,65,65)
r(10,0,11,66,66)
r(299,0,11,67,67)
r(478,1,11,68,68)
r(379,0,11,69,69)
w(602,1,11,70,70)
r(707,0,11,71,71)
r(887,0,11,72,72)
r(559,0,11,73,73)
r(592,0,11,74,74)
r(641,0,11,75,75)
r(693,0,11,76,76)
r(720,1,11,77,77)
r(977,1,11,78,78)
r(936,0,11,79,79)
w(870,1,11,80,80)
r(112,0,11,81,81)
r(103,0,11,82,82)
w(335,1,11,83,83)
r(567,0,11,84,84)
r(72,0,11,85,85)
r(637,1,11,86,86)
r(212,0,11,87,87)
r(983,0,11,88,88)
r(125,0,11,89,89)
r(476,0,11,90,90)
r(974,0,11,91,91)
r(386,0,11,92,92)
r(838,0,11,93,93)
r(752,0,11,94,94)
r(182,0,11,95,95)
r(281,0,11,96,96)
r(395,0,11,97,97)
r(127,0,11,98,98)
w(947,1,11,99,99)
r(739,0,12,0,0)
w(843,1,12,1,1)
r(735,0,12,2,2)
w(932,1,12,3,3)
r(939,0,12,4,4)
r(989,0,12,5,5)
r(994,0,12,6,6)
r(537,0,12,7,7)
r(538,1,12,8,8)
r(724,0,12,9,9)
r(155,0,12,10,10)
r(548,1,12,11,11)
r(2,0,12,12,12)
r(761,0,12,13,13)
r(978,0,12,14,14)
r(718,0,12,15,15)
r(568,0,12,16,16)
r(5,0,12,17,17)
w(922,1,12,18,18)
r(834,1,12,19,19)
r(945,0,12,20,20)
r(653,1,12,21,21)
r(64,0,12,22,22)
r(22,0,12,23,23)
r(544,0,12,24,24)
w(312,1,12,25,25)
w(89,2,12,26,26)
r(444,0,12,27,27)
r(766,0,12,28,28)
r(871,0,12,29,29)
r(422,0,12,30,30)
r(933,0,12,31,31)
r(330,0,12,32,32)
r(40,0,12,33,33)
r(421,0,12,34,34)
r(637,1,12,35,35)
r(12,0,12,36,36)
r(23,0,12,37,37)
r(453,0,12,38,38)
w(156,1,12,39,39)
r(632,0,12,40,40)
r(628,0,12,41,41)
r(802,0,12,42,42)
r(731,0,12,43,43)
w(658,1,12,44,44)
r(184,0,12,45,45)
w(499,1,12,46,46)
r(69,0,12,47,47)
r(738,0,12,48,48)
r(907,0,12,49,49)
r(184,0,12,50,50)
r(660,0,12,51,51)
r(428,0,12,52,52)
r(809,1,12,53,53)
r(66,0,12,54,54)
r(543,0,12,55,55)
r(553,0,12,56,56)
w(465,1,12,57,57)
r(190,0,12,58,58)
r(557,0,12,59,59)
r(837,0,12,60,60)
w(994,1,12,61,61)
r(511,0,12,62,62)
r(230,0,12,63,63)
r(254,0,12,64,64)
r(191,0,12,65,65)
r(956,0,12,66,66)
w(152,1,12,67,67)
r(977,1,12,68,68)
r(233,0,12,69,69)
w(769,1,12,70,70)
r(106,0,12,71,71)
w(492,1,12,72,72)
r(458,1,12,73,73)
r(913,0,12,74,74)
r(877,0,12,75,75)
r(115,0,12,76,76)
r(48,0,12,77,77)
r(390,0,12,78,78)
w(833,2,12,79,79)
r(617,0,12,80,80)
r(606,0,12,81,81)
r(227,0,12,82,82)
r(712,0,12,83,83)
r(351,0,12,84,84)
w(882,2,12,85,85)
r(685,0,12,86,86)
w(143,1,12,87,87)
r(268,0,12,88,88)
r(509,0,12,89,89)
r(170,0,12,90,90)
r(90,0,12,91,91)
r(321,0,12,92,92)
r(841,0,12,93,93)
r(777,0,12,94,94)
r(894,0,12,95,95)
r(715,0,12,96,96)
r(177,0,12,97,97)
r(571,0,12,98,98)
r(622,0,12,99,99)
r(331,0,13,0,0)
r(890,0,13,1,1)
r(270,0,13,2,2)
r(482,0,13,3,3)
r(174,0,13,4,4)
r(682,0,13,5,5)
r(388,0,13,6,6)
r(370,0,13,7,7)
r(575,0,13,8,8)
r(451,0,13,9,9)
r(534,0,13,10,10)
r(56,0,13,11,11)
r(844,0,13,12,12)
r(463,0,13,13,13)
r(462,0,13,14,14)
r(930,1,13,15,15)
r(671,0,13,16,16)
r(346,1,13,17,17)
r(719,0,13,18,18)
r(274,0,13,19,19)
r(738,0,13,20,20)
r(83,0,13,21,21)
r(127,0,13,22,22)
r(72,0,13,23,23)
r(651,0,13,24,24)
r(689,0,13,25,25)
r(380,0,13,26,26)
r(198,0,13,27,27)
r(132,0,13,28,28)
r(803,0,13,29,29)
r(92,1,13,30,30)
r(153,0,13,31,31)
r(187,0,13,32,32)
r(536,0,13,33,33)
r(69,0,13,34,34)
r(761,0,13,35,35)
r(886,0,13,36,36)
r(748,0,13,37,37)
r(996,0,13,38,38)
r(716,0,13,39,39)
r(518,0,13,40,40)
r(675,0,13,41,41)
r(177,0,13,42,42)
r(651,0,13,43,43)
r(363,0,13,44,44)
r(993,0,13,45,45)
w(686,1,13,46,46)
r(171,0,13,47,47)
r(109,0,13,48,48)
r(362,0,13,49,49)
r(327,0,13,50,50)
r(263,0,13,51,51)
r(387,0,13,52,52)
r(265,0,13,53,53)
r(569,0,13,54,54)
r(911,0,13,55,55)
r(202,0,13,56,56)
r(135,0,13,57,57)
r(937,0,13,58,58)
w(952,1,13,59,59)
r(61,0,13,60,60)
r(530,0,13,61,61)
r(180,0,13,62,62)
r(164,0,13,63,63)
r(243,0,13,64,64)
r(423,0,13,65,65)
r(951,1,13,66,66)
r(722,0,13,67,67)
r(670,0,13,68,68)
r(638,0,13,69,69)
r(507,0,13,70,70)
r(672,0,13,71,71)
r(935,0,13,72,72)
r(929,0,13,73,73)
r(946,0,13,74,74)
r(926,0,13,75,75)
r(879,0,13,76,76)
r(661,0,13,77,77)
r(755,0,13,78,78)
r(140,0,13,79,79)
r(256,0,13,80,80)
r(470,0,13,81,81)
r(516,0,13,82,82)
r(420,0,13,83,83)
w(505,1,13,84,84)
r(593,0,13,85,85)
r(593,0,13,86,86)
r(635,0,13,87,87)
r(254,0,13,88,88)
r(913,0,13,89,89)
r(800,0,13,90,90)
r(265,0,13,91,91)
r(233,0,13,92,92)
r(152,1,13,93,93)
r(192,1,13,94,94)
r(392,1,13,95,95)
w(893,1,13,96,96)
r(159,0,13,97,97)
r(50,0,13,98,98)
w(17,1,13,99,99)
r(436,0,14,0,0)
r(917,0,14,1,1)
r(860,1,14,2,2)
r(33,0,14,3,3)
r(794,1,14,4,4)
r(285,0,14,5,5)
r(186,1,14,6,6)
r(375,0,14,7,7)
r(394,0,14,8,8)
w(229,2,14,9,9)
r(731,0,14,10,10)
r(311,0,14,11,11)
r(106,0,14,12,12)
r(410,0,14,13,13)
r(471,0,14,14,14)
r(131,1,14,15,15)
r(217,0,14,16,16)
r(651,0,14,17,17)
r(559,0,14,18,18)
r(534,0,14,19,19)
r(423,0,14,20,20)
r(47,0,14,21,21)
r(477,0,14,22,22)
r(553,0,14,23,23)
r(982,0,14,24,24)
r(785,0,14,25,25)
w(744,1,14,26,26)
r(480,0,14,27,27)
r(622,0,14,28,28)
r(74,0,14,29,29)
r(730,1,14,30,30)
r(773,0,14,31,31)
r(672,0,14,32,32)
w(739,1,14,33,33)
r(990,0,14,34,34)
r(200,0,14,35,35)
r(338,0,14,36,36)
r(928,0,14,37,37)
r(643,0,14,38,38)
r(955,0,14,39,39)
r(574,0,14,40,40)
r(636,0,14,41,41)
r(961,0,14,42,42)
r(46,0,14,43,43)
r(687,0,14,44,44)
r(819,0,14,45,45)
r(429,0,14,46,46)
r(244,0,14,47,47)
r(281,0,14,48,48)
r(340,0,14,49,49)
r(725,0,14,50,50)
r(660,0,14,51,51)
w(104,1,14,52,52)
r(727,0,14,53,53)
r(158,0,14,54,54)
w(657,1,14,55,55)
r(10,0,14,56,56)
r(475,0,14,57,57)
r(364,0,14,58,58)
r(685,0,14,59,59)
w(782,1,14,60,60)
r(721,0,14,61,61)
r(581,1,14,62,62)
r(233,0,14,63,63)
r(255,0,14,64,64)
r(709,0,14,65,65)
r(42,0,14,66,66)
r(81,0,14,67,67)
r(112,0,14,68,68)
r(99,0,14,69,69)
r(680,0,14,70,70)
r(368,0,14,71,71)
w(44,1,14,72,72)
r(783,0,14,73,73)
r(580,1,14,74,74)
r(753,0,14,75,75)
r(429,0,14,76,76)
w(294,1,14,77,77)
r(23,0,14,78,78)
r(980,0,14,79,79)
w(223,1,14,80,80)
r(550,0,14,81,81)
r(839,0,14,82,82)
r(788,0,14,83,83)
r(741,0,14,84,84)
r(34,0,14,85,85)
r(346,1,14,86,86)
r(899,0,14,87,87)
r(21,1,14,88,88)
r(777,0,14,89,89)
r(281,0,14,90,90)
r(288,1,14,91,91)
r(12,0,14,92,92)
r(577,0,14,93,93)
r(644,1,14,94,94)
r(583,0,14,95,95)
r(903,1,14,96,96)
r(67,0,14,97,97)
r(153,0,14,98,98)
r(171,0,14,99,99)
r(868,0,15,0,0)
r(143,1,15,1,1)
r(80,0,15,2,2)
r(245,0,15,3,3)
r(472,0,15,4,4)
r(606,0,15,5,5)
r(507,0,15,6,6)
r(85,0,15,7,7)
r(929,0,15,8,8)
w(381,1,15,9,9)
r(895,0,15,10,10)
w(548,2,15,11,11)
r(622,0,15,12,12)
r(180,0,15,13,13)
r(247,0,15,14,14)
r(430,1,15,15,15)
w(106,1,15,16,16)
r(296,0,15,17,17)
r(453,0,15,18,18)
r(499,1,15,19,19)
r(646,0,15,20,20)
r(261,1,15,21,21)
r(190,0,15,22,22)
r(991,0,15,23,23)
r(829,0,15,24,24)
r(81,0,15,25,25)
r(42,0,15,26,26)
w(704,1,15,27,27)
r(107,0,15,28,28)
r(173,0,15,29,29)
r(515,0,15,30,30)
w(309,1,15,31,31)
r(802,0,15,32,32)
r(680,0,15,33,33)
w(254,1,15,34,34)
r(493,0,15,35,35)
r(589,1,15,36,36)
r(261,1,15,37,37)
r(22,0,15,38,38)
r(388,0,15,39,39)
r(351,0,15,40,40)
r(854,0,15,41,41)
r(875,0,15,42,42)
r(522,0,15,43,43)
r(721,0,15,44,44)
w(534,1,15,45,45)
r(339,0,15,46,46)
r(995,0,15,47,47)
w(50,1,15,48,48)
r(612,0,15,49,49)
r(466,0,15,50,50)
r(958,0,15,51,51)
r(143,1,15,52,52)
r(378,1,15,53,53)
r(966,1,15,54,54)
r(729,0,15,55,55)
r(274,0,15,56,56)
r(945,0,15,57,57)
r(704,1,15,58,58)
r(456,0,15,59,59)
r(557,0,15,60,60)
r(140,0,15,61,61)
w(805,1,15,62,62)
r(894,0,15,63,63)
r(260,0,15,64,64)
r(879,0,15,65,65)
r(867,0,15,66,66)
r(59,0,15,67,67)
w(260,1,15,68,68)
r(426,0,15,69,69)
r(555,0,15,70,70)
w(624,1,15,71,71)
w(232,1,15,72,72)
r(550,0,15,73,73)
r(211,0,15,74,74)
r(295,0,15,75,75)
r(827,0,15,76,76)
r(375,0,15,77,77)
r(22,0,15,78,78)
r(857,0,15,79,79)
r(784,0,15,80,80)
r(814,0,15,81,81)
r(792,1,15,82,82)
r(583,0,15,83,83)
r(889,0,15,84,84)
r(99,0,15,85,85)
r(753,0,15,86,86)
r(939,0,15,87,87)
r(75,0,15,88,88)
r(35,0,15,89,89)
r(393,0,15,90,90)
r(746,0,15,91,91)
r(515,0,15,92,92)
w(69,1,15,93,93)
r(205,2,15,94,94)
r(554,0,15,95,95)
r(734,0,15,96,96)
r(228,0,15,97,97)
r(216,0,15,98,98)
r(940,1,15,99,99)
r(725,0,16,0,0)
r(473,0,16,1,1)
r(63,0,16,2,2)
r(667,0,16,3,3)
r(125,0,16,4,4)
r(573,0,16,5,5)
r(981,0,16,6,6)
r(430,1,16,7,7)
r(326,0,16,8,8)
r(393,0,16,9,9)
r(890,0,16,10,10)
r(276,0,16,11,11)
w(362,1,16,12,12)
r(609,0,16,13,13)
r(787,0,16,14,14)
r(841,0,16,15,15)
r(607,0,16,16,16)
r(930,1,16,17,17)
r(369,0,16,18,18)
r(976,0,16,19,19)
r(521,0,16,20,20)
r(578,0,16,21,21)
r(820,0,16,22,22)
r(94,0,16,23,23)
r(620,1,16,24,24)
r(525,0,16,25,25)
r(492,1,16,26,26)
r(590,0,16,27,27)
w(930,2,16,28,28)
r(555,0,16,29,29)
r(829,0,16,30,30)
r(905,0,16,31,31)
r(138,0,16,32,32)
r(831,0,16,33,33)
r(2,0,16,34,34)
r(606,0,16,35,35)
r(372,0,16,36,36)
r(905,0,16,37,37)
r(477,0,16,38,38)
r(322,0,16,39,39)
r(70,0,16,40,40)
r(970,0,16,41,41)
r(199,0,16,42,42)
r(334,1,16,43,43)
r(225,0,16,44,44)
r(170,0,16,45,45)
r(845,0,16,46,46)
r(742,0,16,47,47)
r(635,0,16,48,48)
r(735,0,16,49,49)
r(64,0,16,50,50)
r(27,0,16,51,51)
r(538,1,16,52,52)
r(179,0,16,53,53)
w(950,1,16,54,54)
r(302,0,16,55,55)
r(986,1,16,56,56)
r(602,1,16,57,57)
w(404,1,16,58,58)
r(70,0,16,59,59)
r(606,0,16,60,60)
r(192,1,16,61,61)
w(939,1,16,62,62)
r(657,1,16,63,63)
r(23,0,16,64,64)
r(928,0,16,65,65)
r(535,0,16,66,66)
r(267,0,16,67,67)
r(91,0,16,68,68)
r(445,0,16,69,69)
r(826,0,16,70,70)
r(344,0,16,71,71)
w(90,1,16,72,72)
r(478,1,16,73,73)
r(880,1,16,74,74)
r(213,0,16,75,75)
r(954,0,16,76,76)
w(260,2,16,77,77)
r(764,1,16,78,78)
r(787,0,16,79,79)
r(732,0,16,80,80)
r(316,0,16,81,81)
r(854,0,16,82,82)
r(59,0,16,83,83)
r(771,0,16,84,84)
w(363,1,16,85,85)
r(734,0,16,86,86)
r(880,1,16,87,87)
r(385,0,16,88,88)
r(539,0,16,89,89)
r(181,1,16,90,90)
r(640,0,16,91,91)
r(473,0,16,92,92)
r(838,0,16,93,93)
r(352,0,16,94,94)
r(505,1,16,95,95)
r(527,0,16,96,96)
r(641,0,16,97,97)
r(784,0,16,98,98)
r(320,0,16,99,99)
r(854,0,17,0,0)
r(219,0,17,1,1)
w(709,1,17,2,2)
r(689,0,17,3,3)
r(381,1,17,4,4)
r(997,0,17,5,5)
r(642,0,17,6,6)
r(863,0,17,7,7)
r(606,0,17,8,8)
r(96,0,17,9,9)
w(206,1,17,10,10)
r(318,0,17,11,11)
r(434,0,17,12,12)
r(78,0,17,13,13)
w(914,1,17,14,14)
r(83,0,17,15,15)
r(731,0,17,16,16)
r(402,0,17,17,17)
r(253,0,17,18,18)
r(258,0,17,19,19)
w(204,2,17,20,20)
r(746,0,17,21,21)
w(980,1,17,22,22)
r(588,0,17,23,23)
r(512,0,17,24,24)
r(253,0,17,25,25)
r(713,0,17,26,26)
r(746,0,17,27,27)
r(742,0,17,28,28)
r(948,0,17,29,29)
w(133,2,17,30,30)
r(338,0,17,31,31)
r(723,0,17,32,32)
r(146,0,17,33,33)
r(471,0,17,34,34)
r(194,0,17,35,35)
r(407,0,17,36,36)
r(179,0,17,37,37)
w(956,1,17,38,38)
r(731,0,17,39,39)
r(817,0,17,40,40)
w(371,1,17,41,41)
w(397,1,17,42,42)
r(590,0,17,43,43)
r(968,0,17,44,44)
r(381,1,17,45,45)
r(376,0,17,46,46)
r(376,0,17,47,47)
r(987,0,17,48,48)
r(501,0,17,49,49)
r(604,0,17,50,50)
w(280,1,17,51,51)
r(518,0,17,52,52)
w(111,1,17,53,53)
r(629,0,17,54,54)
r(29,0,17,55,55)
r(308,0,17,56,56)
r(911,0,17,57,57)
w(393,1,17,58,58)
r(252,0,17,59,59)
r(137,0,17,60,60)
r(401,0,17,61,61)
r(725,0,17,62,62)
w(592,1,17,63,63)
r(38,0,17,64,64)
r(213,0,17,65,65)
r(917,0,17,66,66)
r(404,1,17,67,67)
r(233,0,17,68,68)
w(372,1,17,69,69)
r(944,0,17,70,70)
r(832,0,17,71,71)
r(856,0,17,72,72)
r(268,0,17,73,73)
r(812,0,17,74,74)
r(335,1,17,75,75)
r(581,1,17,76,76)
r(807,1,17,77,77)
r(747,0,17,78,78)
r(916,0,17,79,79)
r(614,0,17,80,80)
r(305,0,17,81,81)
r(352,0,17,82,82)
r(751,0,17,83,83)
r(145,0,17,84,84)
r(702,0,17,85,85)
w(925,1,17,86,86)
r(899,0,17,87,87)
r(400,0,17,88,88)
r(228,0,17,89,89)
r(17,1,17,90,90)
r(716,0,17,91,91)
r(365,0,17,92,92)
r(920,0,17,93,93)
r(782,1,17,94,94)
r(435,1,17,95,95)
r(427,0,17,96,96)
r(849,0,17,97,97)
r(493,0,17,98,98)
r(727,0,17,99,99)
r(43,0,18,0,0)
r(906,1,18,1,1)
r(912,0,18,2,2)
r(382,0,18,3,3)
r(35,0,18,4,4)
r(711,0,18,5,5)
r(758,0,18,6,6)
r(963,0,18,7,7)
r(497,0,18,8,8)
r(847,0,18,9,9)
r(32,0,18,10,10)
r(919,0,18,11,11)
r(752,0,18,12,12)
r(767,0,18,13,13)
r(539,0,18,14,14)
r(108,0,18,15,15)
r(210,1,18,16,16)
r(755,0,18,17,17)
w(786,1,18,18,18)
r(445,0,18,19,19)
r(240,0,18,20,20)
r(383,0,18,21,21)
r(630,0,18,22,22)
r(890,0,18,23,23)
r(767,0,18,24,24)
r(663,0,18,25,25)
r(548,2,18,26,26)
r(23,0,18,27,27)
r(516,0,18,28,28)
r(667,0,18,29,29)
r(21,1,18,30,30)
r(83,0,18,31,31)
r(955,0,18,32,32)
r(343,0,18,33,33)
r(854,0,18,34,34)
r(71,0,18,35,35)
r(828,0,18,36,36)
r(891,0,18,37,37)
r(747,0,18,38,38)
r(814,0,18,39,39)
r(646,0,18,40,40)
r(211,0,18,41,41)
r(746,0,18,42,42)
r(979,0,18,43,43)
r(572,0,18,44,44)
r(70,0,18,45,45)
r(185,0,18,46,46)
r(155,0,18,47,47)
r(69,1,18,48,48)
w(477,1,18,49,49)
r(254,1,18,50,50)
r(137,0,18,51,51)
r(472,0,18,52,52)
r(170,0,18,53,53)
r(787,0,18,54,54)
r(821,0,18,55,55)
r(540,0,18,56,56)
r(939,1,18,57,57)
r(685,0,18,58,58)
r(4,0,18,59,59)
w(43,1,18,60,60)
r(461,0,18,61,61)
r(490,0,18,62,62)
w(792,2,18,63,63)
r(603,0,18,64,64)
r(62,0,18,65,65)
r(306,0,18,66,66)
r(248,1,18,67,67)
r(425,1,18,68,68)
r(228,0,18,69,69)
w(242,1,18,70,70)
r(930,2,18,71,71)
r(93,0,18,72,72)
r(365,0,18,73,73)
r(883,1,18,74,74)
r(551,0,18,75,75)
r(711,0,18,76,76)
r(684,0,18,77,77)
r(112,0,18,78,78)
r(332,0,18,79,79)
w(336,1,18,80,80)
r(664,0,18,81,81)
r(670,0,18,82,82)
r(332,0,18,83,83)
r(779,0,18,84,84)
r(535,0,18,85,85)
r(774,0,18,86,86)
r(667,0,18,87,87)
r(276,0,18,88,88)
r(731,0,18,89,89)
r(913,0,18,90,90)
r(497,0,18,91,91)
r(844,0,18,92,92)
r(149,0,18,93,93)
r(344,0,18,94,94)
r(681,0,18,95,95)
r(398,1,18,96,96)
r(306,0,18,97,97)
r(621,0,18,98,98)
r(925,1,18,99,99)
r(376,0,19,0,0)
r(842,0,19,1,1)
r(90,1,19,2,2)
w(855,1,19,3,3)
r(953,0,19,4,4)
r(982,0,19,5,5)
r(270,0,19,6,6)
r(673,0,19,7,7)
w(907,1,19,8,8)
r(276,0,19,9,9)
w(189,1,19,10,10)
r(320,0,19,11,11)
r(615,0,19,12,12)
r(487,0,19,13,13)
r(171,0,19,14,14)
r(142,0,19,15,15)
r(757,0,19,16,16)
r(18,0,19,17,17)
r(796,0,19,18,18)
r(296,0,19,19,19)
r(51,0,19,20,20)
r(901,0,19,21,21)
r(665,0,19,22,22)
r(939,1,19,23,23)
r(564,0,19,24,24)
r(340,0,19,25,25)
r(970,0,19,26,26)
r(249,0,19,27,27)
r(657,1,19,28,28)
w(964,1,19,29,29)
r(540,0,19,30,30)
r(157,0,19,31,31)
r(928,0,19,32,32)
w(76,1,19,33,33)
w(419,1,19,34,34)
r(608,1,19,35,35)
w(707,1,19,36,36)
r(614,0,19,37,37)
r(803,0,19,38,38)
r(179,0,19,39,39)
r(653,1,19,40,40)
r(177,0,19,41,41)
r(479,0,19,42,42)
r(669,0,19,43,43)
r(250,0,19,44,44)
r(522,0,19,45,45)
r(827,0,19,46,46)
r(260,2,19,47,47)
r(495,0,19,48,48)
r(29,0,19,49,49)
r(40,0,19,50,50)
w(541,1,19,51,51)
r(362,1,19,52,52)
r(331,0,19,53,53)
r(40,0,19,54,54)
r(896,0,19,55,55)
w(395,1,19,56,56)
r(132,0,19,57,57)
r(249,0,19,58,58)
r(143,1,19,59,59)
r(966,1,19,60,60)
r(735,0,19,61,61)
r(513,1,19,62,62)
r(205,2,19,63,63)
r(485,0,19,64,64)
w(254,2,19,65,65)
r(326,0,19,66,66)
r(355,0,19,67,67)
r(339,0,19,68,68)
r(334,1,19,69,69)
r(137,0,19,70,70)
r(143,1,19,71,71)
r(767,0,19,72,72)
r(487,0,19,73,73)
r(577,0,19,74,74)
r(864,0,19,75,75)
r(228,0,19,76,76)
r(376,0,19,77,77)
r(68,0,19,78,78)
r(359,0,19,79,79)
r(94,0,19,80,80)
r(948,0,19,81,81)
r(597,0,19,82,82)
r(851,0,19,83,83)
r(708,0,19,84,84)
w(408,1,19,85,85)
r(934,1,19,86,86)
r(220,0,19,87,87)
r(814,0,19,88,88)
r(879,0,19,89,89)
r(7,0,19,90,90)
w(70,1,19,91,91)
r(823,0,19,92,92)
r(17,1,19,93,93)
r(503,0,19,94,94)
r(246,0,19,95,95)
r(308,0,19,96,96)
r(718,0,19,97,97)
r(113,0,19,98,98)
r(758,0,19,99,99)
r(553,0,20,0,0)
r(787,0,20,1,1)
r(168,0,20,2,2)
r(759,0,20,3,3)
w(138,1,20,4,4)
r(500,0,20,5,5)
r(646,0,20,6,6)
r(36,0,20,7,7)
w(522,1,20,8,8)
r(616,0,20,9,9)
r(434,0,20,10,10)
r(286,0,20,11,11)
r(236,0,20,12,12)
r(669,0,20,13,13)
r(838,0,20,14,14)
r(770,1,20,15,15)
r(257,0,20,16,16)
r(173,0,20,17,17)
r(257,0,20,18,18)
r(56,0,20,19,19)
w(112,1,20,20,20)
r(399,1,20,21,21)
r(877,0,20,22,22)
w(51,1,20,23,23)
r(317,1,20,24,24)
r(379,0,20,25,25)
r(678,0,20,26,26)
r(658,1,20,27,27)
r(851,0,20,28,28)
r(18,0,20,29,29)
r(866,0,20,30,30)
r(202,0,20,31,31)
w(679,1,20,32,32)
w(748,1,20,33,33)
r(343,0,20,34,34)
r(248,1,20,35,35)
r(308,0,20,36,36)
r(829,0,20,37,37)
r(745,0,20,38,38)
r(704,1,20,39,39)
r(728,0,20,40,40)
r(132,0,20,41,41)
r(592,1,20,42,42)
r(173,0,20,43,43)
w(153,1,20,44,44)
w(234,1,20,45,45)
r(682,0,20,46,46)
r(104,1,20,47,47)
r(841,0,20,48,48)
r(296,0,20,49,49)
r(673,0,20,50,50)
r(98,0,20,51,51)
r(485,0,20,52,52)
r(920,0,20,53,53)
r(956,1,20,54,54)
r(577,0,20,55,55)
r(288,1,20,56,56)
r(975,1,20,57,57)
r(68,0,20,58,58)
r(759,0,20,59,59)
r(648,0,20,60,60)
r(739,1,20,61,61)
r(595,0,20,62,62)
r(685,0,20,63,63)
r(406,0,20,64,64)
r(618,0,20,65,65)
r(939,1,20,66,66)
r(275,0,20,67,67)
r(128,0,20,68,68)
r(219,0,20,69,69)
r(87,0,20,70,70)
r(154,0,20,71,71)
r(717,0,20,72,72)
r(489,0,20,73,73)
r(704,1,20,74,74)
r(483,0,20,75,75)
r(310,0,20,76,76)
r(459,0,20,77,77)
r(367,0,20,78,78)
r(237,0,20,79,79)
r(103,0,20,80,80)
r(238,0,20,81,81)
r(428,0,20,82,82)
r(450,0,20,83,83)
r(175,0,20,84,84)
r(648,0,20,85,85)
w(737,1,20,86,86)
r(762,0,20,87,87)
r(96,0,20,88,88)
r(562,0,20,89,89)
r(807,1,20,90,90)
r(674,1,20,91,91)
r(351,0,20,92,92)
r(2,0,20,93,93)
r(223,1,20,94,94)
r(685,0,20,95,95)
r(279,0,20,96,96)
r(835,0,20,97,97)
r(787,0,20,98,98)
r(536,0,20,99,99)
r(408,1,21,0,0)
r(113,0,21,1,1)
r(262,0,21,2,2)
w(595,1,21,3,3)
r(121,0,21,4,4)
r(816,0,21,5,5)
w(893,2,21,6,6)
w(854,1,21,7,7)
r(907,1,21,8,8)
r(532,0,21,9,9)
r(380,0,21,10,10)
r(389,0,21,11,11)
r(568,0,21,12,12)
r(912,0,21,13,13)
r(350,0,21,14,14)
r(23,0,21,15,15)
r(836,0,21,16,16)
r(88,0,21,17,17)
r(224,0,21,18,18)
r(21,1,21,19,19)
r(142,0,21,20,20)
r(911,0,21,21,21)
r(275,0,21,22,22)
r(622,0,21,23,23)
r(897,0,21,24,24)
r(430,1,21,25,25)
r(122,0,21,26,26)
r(166,0,21,27,27)
r(421,0,21,28,28)
r(766,0,21,29,29)
r(402,0,21,30,30)
r(813,0,21,31,31)
r(568,0,21,32,32)
r(389,0,21,33,33)
r(721,0,21,34,34)
r(560,0,21,35,35)
r(924,0,21,36,36)
w(769,2,21,37,37)
r(293,0,21,38,38)
r(270,0,21,39,39)
r(946,0,21,40,40)
r(229,2,21,41,41)
r(962,0,21,42,42)
r(19,0,21,43,43)
w(579,1,21,44,44)
r(769,2,21,45,45)
r(0,0,21,46,46)
r(305,0,21,47,47)
r(296,0,21,48,48)
r(197,1,21,49,49)
r(406,0,21,50,50)
r(872,0,21,51,51)
r(623,0,21,52,52)
r(194,0,21,53,53)
r(716,0,21,54,54)
r(307,0,21,55,55)
r(64,0,21,56,56)
r(405,0,21,57,57)
r(468,0,21,58,58)
w(127,1,21,59,59)
r(651,0,21,60,60)
r(867,0,21,61,61)
r(331,0,21,62,62)
r(371,1,21,63,63)
r(734,0,21,64,64)
r(727,0,21,65,65)
r(992,0,21,66,66)
r(849,0,21,67,67)
r(344,0,21,68,68)
r(929,0,21,69,69)
r(450,0,21,70,70)
r(444,0,21,71,71)
r(71,0,21,72,72)
r(286,0,21,73,73)
r(556,0,21,74,74)
r(736,0,21,75,75)
w(454,1,21,76,76)
r(931,0,21,77,77)
r(16,0,21,78,78)
r(380,0,21,79,79)
r(112,1,21,80,80)
w(438,1,21,81,81)
r(33,0,21,82,82)
r(675,0,21,83,83)
r(568,0,21,84,84)
r(715,0,21,85,85)
r(318,0,21,86,86)
r(481,0,21,87,87)
r(30,0,21,88,88)
r(992,0,21,89,89)
r(515,0,21,90,90)
r(90,1,21,91,91)
r(806,0,21,92,92)
r(985,0,21,93,93)
r(497,0,21,94,94)
r(588,0,21,95,95)
r(420,0,21,96,96)
r(315,0,21,97,97)
r(734,0,21,98,98)
r(501,0,21,99,99)
r(312,1,22,0,0)
r(189,1,22,1,1)
r(687,0,22,2,2)
r(404,1,22,3,3)
r(450,0,22,4,4)
r(764,1,22,5,5)
r(668,0,22,6,6)
r(307,0,22,7,7)
r(78,0,22,8,8)
r(654,0,22,9,9)
r(34,0,22,10,10)
r(240,0,22,11,11)
w(803,1,22,12,12)
r(339,0,22,13,13)
r(173,0,22,14,14)
r(417,0,22,15,15)
r(618,0,22,16,16)
r(727,0,22,17,17)
r(303,0,22,18,18)
r(177,0,22,19,19)
r(157,0,22,20,20)
r(975,1,22,21,21)
w(291,1,22,22,22)
r(236,0,22,23,23)
w(758,1,22,24,24)
r(100,0,22,25,25)
r(986,1,22,26,26)
r(146,0,22,27,27)
r(74,0,22,28,28)
r(421,0,22,29,29)
r(833,2,22,30,30)
r(548,2,22,31,31)
r(741,0,22,32,32)
w(458,2,22,33,33)
r(402,0,22,34,34)
r(325,0,22,35,35)
r(400,0,22,36,36)
r(950,1,22,37,37)
r(887,0,22,38,38)
r(642,0,22,39,39)
r(164,0,22,40,40)
r(771,0,22,41,41)
r(120,0,22,42,42)
r(437,1,22,43,43)
r(319,0,22,44,44)
w(598,1,22,45,45)
r(135,0,22,46,46)
w(465,2,22,47,47)
r(391,0,22,48,48)
w(237,1,22,49,49)
r(462,0,22,50,50)
r(91,0,22,51,51)
r(506,0,22,52,52)
r(812,0,22,53,53)
r(435,1,22,54,54)
r(87,0,22,55,55)
r(167,0,22,56,56)
r(986,1,22,57,57)
r(520,0,22,58,58)
r(621,0,22,59,59)
r(109,0,22,60,60)
r(65,0,22,61,61)
r(406,0,22,62,62)
r(64,0,22,63,63)
r(37,0,22,64,64)
r(584,0,22,65,65)
w(534,2,22,66,66)
r(787,0,22,67,67)
r(756,0,22,68,68)
r(19,0,22,69,69)
r(572,0,22,70,70)
r(505,1,22,71,71)
r(201,0,22,72,72)
r(308,0,22,73,73)
r(184,0,22,74,74)
r(58,0,22,75,75)
r(734,0,22,76,76)
r(489,0,22,77,77)
r(652,0,22,78,78)
r(788,0,22,79,79)
r(482,0,22,80,80)
r(14,0,22,81,81)
r(444,0,22,82,82)
r(440,0,22,83,83)
r(702,0,22,84,84)
r(546,0,22,85,85)
r(149,0,22,86,86)
r(753,0,22,87,87)
r(898,0,22,88,88)
r(90,1,22,89,89)
r(160,0,22,90,90)
r(128,0,22,91,91)
r(978,0,22,92,92)
w(353,1,22,93,93)
r(394,0,22,94,94)
r(804,0,22,95,95)
w(314,1,22,96,96)
r(505,1,22,97,97)
r(343,0,22,98,98)
r(995,0,22,99,99)
r(311,0,23,0,0)
r(995,0,23,1,1)
r(195,0,23,2,2)
w(739,2,23,3,3)
r(914,1,23,4,4)
r(886,0,23,5,5)
r(635,0,23,6,6)
r(856,0,23,7,7)
r(754,0,23,8,8)
r(251,0,23,9,9)
r(274,0,23,10,10)
r(987,0,23,11,11)
r(62,0,23,12,12)
r(836,0,23,13,13)
r(69,1,23,14,14)
r(754,0,23,15,15)
r(207,0,23,16,16)
r(107,0,23,17,17)
r(328,0,23,18,18)
r(460,0,23,19,19)
r(930,2,23,20,20)
r(99,0,23,21,21)
r(403,0,23,22,22)
r(679,1,23,23,23)
r(92,1,23,24,24)
r(92,1,23,25,25)
r(861,0,23,26,26)
r(135,0,23,27,27)
r(500,0,23,28,28)
r(124,1,23,29,29)
r(553,0,23,30,30)
r(987,0,23,31,31)
r(260,2,23,32,32)
r(751,0,23,33,33)
r(501,0,23,34,34)
r(602,1,23,35,35)
w(623,1,23,36,36)
r(958,0,23,37,37)
r(650,0,23,38,38)
r(952,1,23,39,39)
w(65,1,23,40,40)
r(685,0,23,41,41)
r(702,0,23,42,42)
r(941,0,23,43,43)
r(921,0,23,44,44)
r(230,0,23,45,45)
r(85,0,23,46,46)
r(10,0,23,47,47)
r(409,0,23,48,48)
r(857,0,23,49,49)
r(248,1,23,50,50)
r(934,1,23,51,51)
w(170,1,23,52,52)
r(431,0,23,53,53)
w(406,1,23,54,54)
r(422,0,23,55,55)
r(395,1,23,56,56)
r(66,0,23,57,57)
w(218,1,23,58,58)
r(602,1,23,59,59)
r(804,0,23,60,60)
r(218,1,23,61,61)
r(667,0,23,62,62)
r(649,0,23,63,63)
r(986,1,23,64,64)
r(903,1,23,65,65)
r(506,0,23,66,66)
r(611,0,23,67,67)
r(629,0,23,68,68)
r(496,0,23,69,69)
r(754,0,23,70,70)
r(278,0,23,71,71)
r(546,0,23,72,72)
w(816,1,23,73,73)
r(792,2,23,74,74)
r(412,0,23,75,75)
r(910,0,23,76,76)
r(340,0,23,77,77)
r(905,0,23,78,78)
r(136,0,23,79,79)
r(558,0,23,80,80)
r(46,0,23,81,81)
r(98,0,23,82,82)
r(886,0,23,83,83)
r(303,0,23,84,84)
r(933,0,23,85,85)
r(492,1,23,86,86)
w(321,1,23,87,87)
r(617,0,23,88,88)
r(311,0,23,89,89)
r(831,0,23,90,90)
r(827,0,23,91,91)
r(584,0,23,92,92)
r(235,0,23,93,93)
r(774,0,23,94,94)
r(641,0,23,95,95)
r(987,0,23,96,96)
r(513,1,23,97,97)
r(304,0,23,98,98)
r(929,0,23,99,99)
r(326,0,24,0,0)
r(412,0,24,1,1)
w(431,1,24,2,2)
r(414,0,24,3,3)
r(201,0,24,4,4)
r(184,0,24,5,5)
r(53,0,24,6,6)
r(276,0,24,7,7)
r(914,1,24,8,8)
r(105,0,24,9,9)
r(484,0,24,10,10)
r(956,1,24,11,11)
r(832,0,24,12,12)
r(40,0,24,13,13)
r(825,0,24,14,14)
r(954,0,24,15,15)
r(603,0,24,16,16)
r(38,0,24,17,17)
r(928,0,24,18,18)
r(279,0,24,19,19)
w(118,1,24,20,20)
r(231,0,24,21,21)
r(656,0,24,22,22)
w(842,1,24,23,23)
r(339,0,24,24,24)
r(284,0,24,25,25)
r(259,0,24,26,26)
r(520,0,24,27,27)
w(255,1,24,28,28)
r(906,1,24,29,29)
w(763,1,24,30,30)
r(127,1,24,31,31)
r(315,0,24,32,32)
r(851,0,24,33,33)
r(71,0,24,34,34)
r(793,1,24,35,35)
r(806,0,24,36,36)
r(950,1,24,37,37)
r(844,0,24,38,38)
r(94,0,24,39,39)
r(991,0,24,40,40)
r(822,0,24,41,41)
r(91,0,24,42,42)
r(230,0,24,43,43)
r(831,0,24,44,44)
r(19,0,24,45,45)
r(460,0,24,46,46)
r(83,0,24,47,47)
w(925,2,24,48,48)
w(200,1,24,49,49)
r(67,0,24,50,50)
r(913,0,24,51,51)
r(925,2,24,52,52)
r(475,0,24,53,53)
w(44,2,24,54,54)
r(72,0,24,55,55)
r(304,0,24,56,56)
r(850,0,24,57,57)
r(441,0,24,58,58)
r(997,0,24,59,59)
w(128,1,24,60,60)
r(69,1,24,61,61)
r(441,0,24,62,62)
r(616,0,24,63,63)
r(320,0,24,64,64)
w(8,1,24,65,65)
r(978,0,24,66,66)
r(980,1,24,67,67)
r(268,0,24,68,68)
r(370,0,24,69,69)
w(685,1,24,70,70)
w(967,2,24,71,71)
r(454,1,24,72,72)
r(125,0,24,73,73)
r(504,0,24,74,74)
r(62,0,24,75,75)
r(50,1,24,76,76)
r(387,0,24,77,77)
r(632,0,24,78,78)
r(854,1,24,79,79)
r(932,1,24,80,80)
r(468,0,24,81,81)
r(787,0,24,82,82)
r(473,0,24,83,83)
r(901,0,24,84,84)
r(881,1,24,85,85)
w(984,1,24,86,86)
r(848,0,24,87,87)
r(598,1,24,88,88)
r(34,0,24,89,89)
r(169,0,24,90,90)
r(296,0,24,91,91)
w(657,2,24,92,92)
r(538,1,24,93,93)
r(828,0,24,94,94)
r(941,0,24,95,95)
r(230,0,24,96,96)
r(879,0,24,97,97)
r(192,1,24,98,98)
r(103,0,24,99,99)
r(178,1,25,0,0)
r(856,0,25,1,1)
r(279,0,25,2,2)
r(85,0,25,3,3)
r(444,0,25,4,4)
r(760,0,25,5,5)
r(943,0,25,6,6)
w(893,3,25,7,7)
r(856,0,25,8,8)
r(547,1,25,9,9)
r(186,1,25,10,10)
r(145,0,25,11,11)
r(614,0,25,12,12)
r(804,0,25,13,13)
r(123,0,25,14,14)
w(155,1,25,15,15)
r(548,2,25,16,16)
r(894,0,25,17,17)
r(315,0,25,18,18)
r(268,0,25,19,19)
r(39,0,25,20,20)
r(972,0,25,21,21)
r(881,1,25,22,22)
w(345,1,25,23,23)
r(876,0,25,24,24)
r(988,0,25,25,25)
r(577,0,25,26,26)
r(187,0,25,27,27)
w(436,1,25,28,28)
r(282,0,25,29,29)
r(545,0,25,30,30)
r(125,0,25,31,31)
r(494,0,25,32,32)
r(318,0,25,33,33)
r(824,0,25,34,34)
w(260,3,25,35,35)
r(12,0,25,36,36)
r(560,0,25,37,37)
r(135,0,25,38,38)
r(296,0,25,39,39)
r(866,0,25,40,40)
w(448,1,25,41,41)
w(29,1,25,42,42)
r(891,0,25,43,43)
r(334,1,25,44,44)
r(125,0,25,45,45)
r(359,0,25,46,46)
r(221,0,25,47,47)
r(359,0,25,48,48)
r(911,0,25,49,49)
r(471,0,25,50,50)
w(825,1,25,51,51)
r(92,1,25,52,52)
r(33,0,25,53,53)
r(320,0,25,54,54)
r(949,0,25,55,55)
r(493,0,25,56,56)
r(360,1,25,57,57)
r(807,1,25,58,58)
r(182,0,25,59,59)
r(359,0,25,60,60)
r(997,0,25,61,61)
r(779,0,25,62,62)
r(71,0,25,63,63)
r(319,0,25,64,64)
r(266,0,25,65,65)
r(259,0,25,66,66)
w(477,2,25,67,67)
w(948,1,25,68,68)
r(218,1,25,69,69)
r(998,0,25,70,70)
r(145,0,25,71,71)
r(545,0,25,72,72)
r(672,0,25,73,73)
w(262,1,25,74,74)
r(813,0,25,75,75)
w(912,1,25,76,76)
w(961,1,25,77,77)
r(188,0,25,78,78)
w(954,1,25,79,79)
r(862,0,25,80,80)
r(386,0,25,81,81)
w(959,1,25,82,82)
r(258,0,25,83,83)
r(455,0,25,84,84)
r(824,0,25,85,85)
r(88,0,25,86,86)
r(750,0,25,87,87)
r(110,1,25,88,88)
r(893,3,25,89,89)
w(908,1,25,90,90)
r(771,0,25,91,91)
r(792,2,25,92,92)
r(349,0,25,93,93)
r(856,0,25,94,94)
r(722,0,25,95,95)
r(283,0,25,96,96)
r(964,1,25,97,97)
r(993,0,25,98,98)
r(104,1,25,99,99)
r(180,0,26,0,0)
r(197,1,26,1,1)
r(818,0,26,2,2)
r(370,0,26,3,3)
r(252,0,26,4,4)
w(241,1,26,5,5)
r(808,0,26,6,6)
r(248,1,26,7,7)
r(813,0,26,8,8)
r(205,2,26,9,9)
r(588,0,26,10,10)
w(720,2,26,11,11)
r(590,0,26,12,12)
r(123,0,26,13,13)
r(356,1,26,14,14)
r(676,0,26,15,15)
r(474,0,26,16,16)
r(859,0,26,17,17)
r(578,0,26,18,18)
w(872,1,26,19,19)
r(981,0,26,20,20)
r(947,1,26,21,21)
r(859,0,26,22,22)
r(400,0,26,23,23)
r(989,0,26,24,24)
w(880,2,26,25,25)
r(455,0,26,26,26)
r(105,0,26,27,27)
r(338,0,26,28,28)
w(821,1,26,29,29)
r(175,0,26,30,30)
r(812,0,26,31,31)
r(25,0,26,32,32)
r(882,2,26,33,33)
r(379,0,26,34,34)
r(412,0,26,35,35)
r(578,0,26,36,36)
r(887,0,26,37,37)
r(880,2,26,38,38)
r(595,1,26,39,39)
r(404,1,26,40,40)
w(216,1,26,41,41)
r(584,0,26,42,42)
r(49,0,26,43,43)
r(327,0,26,44,44)
w(912,2,26,45,45)
w(958,1,26,46,46)
r(122,0,26,47,47)
w(646,1,26,48,48)
r(152,1,26,49,49)
r(885,0,26,50,50)
w(344,1,26,51,51)
r(3,0,26,52,52)
r(370,0,26,53,53)
r(382,0,26,54,54)
r(990,0,26,55,55)
r(89,2,26,56,56)
r(607,0,26,57,57)
r(236,0,26,58,58)
r(139,0,26,59,59)
r(770,1,26,60,60)
r(99,0,26,61,61)
w(5,1,26,62,62)
r(372,1,26,63,63)
r(4,0,26,64,64)
r(752,0,26,65,65)
r(268,0,26,66,66)
r(809,1,26,67,67)
r(194,0,26,68,68)
r(634,0,26,69,69)
r(899,0,26,70,70)
r(978,0,26,71,71)
r(602,1,26,72,72)
r(797,1,26,73,73)
r(458,2,26,74,74)
r(166,0,26,75,75)
r(897,0,26,76,76)
r(466,0,26,77,77)
r(611,0,26,78,78)
r(373,0,26,79,79)
r(316,0,26,80,80)
r(300,0,26,81,81)
r(142,0,26,82,82)
r(216,1,26,83,83)
w(525,1,26,84,84)
r(799,0,26,85,85)
r(624,1,26,86,86)
w(669,1,26,87,87)
r(679,1,26,88,88)
r(390,0,26,89,89)
r(852,0,26,90,90)
r(23,0,26,91,91)
r(112,1,26,92,92)
r(368,0,26,93,93)
r(556,0,26,94,94)
r(99,0,26,95,95)
r(524,0,26,96,96)
r(373,0,26,97,97)
r(404,1,26,98,98)
r(687,0,26,99,99)
r(113,0,27,0,0)
r(549,0,27,1,1)
r(148,0,27,2,2)
r(958,1,27,3,3)
r(55,0,27,4,4)
r(711,0,27,5,5)
r(275,0,27,6,6)
r(167,0,27,7,7)
r(417,0,27,8,8)
r(547,1,27,9,9)
r(649,0,27,10,10)
r(43,1,27,11,11)
r(266,0,27,12,12)
r(387,0,27,13,13)
r(731,0,27,14,14)
r(332,0,27,15,15)
r(32,0,27,16,16)
r(285,0,27,17,17)
r(302,0,27,18,18)
r(172,0,27,19,19)
r(65,1,27,20,20)
r(222,0,27,21,21)
r(303,0,27,22,22)
r(170,1,27,23,23)
r(948,1,27,24,24)
r(213,0,27,25,25)
w(93,1,27,26,26)
r(259,0,27,27,27)
r(968,0,27,28,28)
r(556,0,27,29,29)
r(61,0,27,30,30)
w(265,1,27,31,31)
r(88,0,27,32,32)
r(524,0,27,33,33)
r(437,1,27,34,34)
r(345,1,27,35,35)
r(201,0,27,36,36)
r(123,0,27,37,37)
r(802,0,27,38,38)
r(728,0,27,39,39)
r(629,0,27,40,40)
r(867,0,27,41,41)
r(980,1,27,42,42)
r(416,0,27,43,43)
r(44,2,27,44,44)
r(823,0,27,45,45)
r(765,0,27,46,46)
r(238,0,27,47,47)
r(504,0,27,48,48)
r(647,0,27,49,49)
r(705,0,27,50,50)
r(252,0,27,51,51)
r(536,0,27,52,52)
r(269,0,27,53,53)
r(168,0,27,54,54)
r(821,1,27,55,55)
r(278,0,27,56,56)
r(412,0,27,57,57)
r(982,0,27,58,58)
r(418,0,27,59,59)
r(821,1,27,60,60)
r(169,0,27,61,61)
r(710,0,27,62,62)
r(478,1,27,63,63)
r(104,1,27,64,64)
r(800,0,27,65,65)
r(905,0,27,66,66)
w(934,2,27,67,67)
r(702,0,27,68,68)
r(756,0,27,69,69)
r(877,0,27,70,70)
r(586,0,27,71,71)
w(98,1,27,72,72)
r(517,0,27,73,73)
w(309,2,27,74,74)
r(875,0,27,75,75)
r(345,1,27,76,76)
r(798,0,27,77,77)
r(494,0,27,78,78)
r(77,0,27,79,79)
r(827,0,27,80,80)
r(619,0,27,81,81)
r(627,0,27,82,82)
r(168,0,27,83,83)
r(242,1,27,84,84)
r(943,0,27,85,85)
w(437,2,27,86,86)
r(315,0,27,87,87)
r(527,0,27,88,88)
r(470,0,27,89,89)
w(760,1,27,90,90)
r(500,0,27,91,91)
r(401,0,27,92,92)
w(816,2,27,93,93)
r(155,1,27,94,94)
r(126,0,27,95,95)
r(548,2,27,96,96)
r(943,0,27,97,97)
r(419,1,27,98,98)
r(257,0,27,99,99)
r(241,1,28,0,0)
r(493,0,28,1,1)
r(151,0,28,2,2)
r(973,0,28,3,3)
r(939,1,28,4,4)
r(409,0,28,5,5)
r(231,0,28,6,6)
r(873,0,28,7,7)
r(505,1,28,8,8)
r(615,0,28,9,9)
r(552,0,28,10,10)
w(872,2,28,11,11)
r(652,0,28,12,12)
r(416,0,28,13,13)
r(924,0,28,14,14)
r(418,0,28,15,15)
r(503,0,28,16,16)
r(433,0,28,17,17)
r(651,0,28,18,18)
w(125,1,28,19,19)
r(893,3,28,20,20)
r(824,0,28,21,21)
r(111,1,28,22,22)
r(763,1,28,23,23)
r(680,0,28,24,24)
r(317,1,28,25,25)
r(726,0,28,26,26)
r(351,0,28,27,27)
r(577,0,28,28,28)
r(295,0,28,29,29)
r(330,0,28,30,30)
r(943,0,28,31,31)
r(197,1,28,32,32)
r(512,0,28,33,33)
r(794,1,28,34,34)
r(201,0,28,35,35)
r(757,0,28,36,36)
r(885,0,28,37,37)
r(199,0,28,38,38)
r(859,0,28,39,39)
r(225,0,28,40,40)
r(170,1,28,41,41)
r(397,1,28,42,42)
r(388,0,28,43,43)
r(166,0,28,44,44)
r(133,2,28,45,45)
r(831,0,28,46,46)
r(308,0,28,47,47)
r(887,0,28,48,48)
r(382,0,28,49,49)
r(99,0,28,50,50)
r(898,0,28,51,51)
r(659,0,28,52,52)
r(877,0,28,53,53)
r(435,1,28,54,54)
r(309,2,28,55,55)
r(981,0,28,56,56)
w(661,1,28,57,57)
r(529,0,28,58,58)
r(926,0,28,59,59)
r(914,1,28,60,60)
r(917,0,28,61,61)
r(974,0,28,62,62)
r(583,0,28,63,63)
r(204,2,28,64,64)
w(692,2,28,65,65)
r(858,0,28,66,66)
r(197,1,28,67,67)
r(71,0,28,68,68)
r(108,0,28,69,69)
r(537,0,28,70,70)
r(280,1,28,71,71)
r(646,1,28,72,72)
r(823,0,28,73,73)
r(712,0,28,74,74)
r(613,1,28,75,75)
r(985,0,28,76,76)
r(901,0,28,77,77)
r(884,0,28,78,78)
r(790,0,28,79,79)
r(742,0,28,80,80)
r(361,0,28,81,81)
r(425,1,28,82,82)
r(964,1,28,83,83)
r(885,0,28,84,84)
r(117,0,28,85,85)
r(127,1,28,86,86)
r(733,0,28,87,87)
r(508,0,28,88,88)
r(963,0,28,89,89)
r(772,0,28,90,90)
r(654,0,28,91,91)
r(309,2,28,92,92)
r(922,1,28,93,93)
w(989,1,28,94,94)
r(196,0,28,95,95)
r(517,0,28,96,96)
r(570,0,28,97,97)
r(715,0,28,98,98)
r(587,0,28,99,99)
r(421,0,29,0,0)
w(404,2,29,1,1)
r(209,0,29,2,2)
r(802,0,29,3,3)
r(10,0,29,4,4)
w(830,1,29,5,5)
r(626,0,29,6,6)
r(6,0,29,7,7)
r(334,1,29,8,8)
r(903,1,29,9,9)
r(86,0,29,10,10)
r(875,0,29,11,11)
r(132,0,29,12,12)
r(233,0,29,13,13)
w(766,1,29,14,14)
r(791,0,29,15,15)
r(358,0,29,16,16)
r(826,0,29,17,17)
r(569,0,29,18,18)
r(132,0,29,19,19)
r(936,0,29,20,20)
r(31,0,29,21,21)
r(387,0,29,22,22)
r(904,1,29,23,23)
r(558,0,29,24,24)
r(534,2,29,25,25)
w(276,1,29,26,26)
w(178,2,29,27,27)
r(326,0,29,28,28)
r(600,0,29,29,29)
r(889,0,29,30,30)
r(570,0,29,31,31)
r(841,0,29,32,32)
r(942,0,29,33,33)
r(483,0,29,34,34)
r(980,1,29,35,35)
r(273,0,29,36,36)
w(650,1,29,37,37)
r(689,0,29,38,38)
r(455,0,29,39,39)
r(980,1,29,40,40)
r(866,0,29,41,41)
r(749,0,29,42,42)
r(372,1,29,43,43)
r(155,1,29,44,44)
r(7,0,29,45,45)
r(752,0,29,46,46)
r(9,0,29,47,47)
r(112,1,29,48,48)
r(983,0,29,49,49)
r(113,0,29,50,50)
r(708,0,29,51,51)
r(197,1,29,52,52)
r(314,1,29,53,53)
r(406,1,29,54,54)
r(768,0,29,55,55)
r(209,0,29,56,56)
w(649,1,29,57,57)
r(422,0,29,58,58)
r(992,0,29,59,59)
r(572,0,29,60,60)
r(904,1,29,61,61)
r(310,0,29,62,62)
w(530,1,29,63,63)
r(539,0,29,64,64)
r(454,1,29,65,65)
r(732,0,29,66,66)
r(212,0,29,67,67)
r(895,0,29,68,68)
r(977,1,29,69,69)
r(270,0,29,70,70)
w(994,2,29,71,71)
r(642,0,29,72,72)
r(371,1,29,73,73)
w(471,1,29,74,74)
r(813,0,29,75,75)
r(472,0,29,76,76)
r(755,0,29,77,77)
r(270,0,29,78,78)
r(668,0,29,79,79)
r(700,0,29,80,80)
r(252,0,29,81,81)
r(4,0,29,82,82)
r(545,0,29,83,83)
r(27,0,29,84,84)
r(694,0,29,85,85)
r(273,0,29,86,86)
r(631,0,29,87,87)
r(381,1,29,88,88)
r(149,0,29,89,89)
r(624,1,29,90,90)
w(849,1,29,91,91)
r(53,0,29,92,92)
r(473,0,29,93,93)
r(468,0,29,94,94)
w(534,3,29,95,95)
w(477,3,29,96,96)
r(613,1,29,97,97)
r(457,0,29,98,98)
r(610,0,29,99,99)
r(258,0,30,0,0)
r(775,0,30,1,1)
r(616,0,30,2,2)
r(308,0,30,3,3)
r(247,0,30,4,4)
r(840,1,30,5,5)
r(563,0,30,6,6)
r(982,0,30,7,7)
r(123,0,30,8,8)
r(71,0,30,9,9)
r(465,2,30,10,10)
r(748,1,30,11,11)
r(766,1,30,12,12)
r(624,1,30,13,13)
r(14,0,30,14,14)
w(798,1,30,15,15)
r(919,0,30,16,16)
r(543,0,30,17,17)
r(645,0,30,18,18)
r(889,0,30,19,19)
w(742,1,30,20,20)
r(498,0,30,21,21)
r(556,0,30,22,22)
r(230,0,30,23,23)
w(470,1,30,24,24)
r(655,0,30,25,25)
r(415,0,30,26,26)
r(956,1,30,27,27)
r(251,0,30,28,28)
r(784,0,30,29,29)
r(602,1,30,30,30)
w(188,1,30,31,31)
r(538,1,30,32,32)
r(188,1,30,33,33)
r(846,0,30,34,34)
r(14,0,30,35,35)
r(413,0,30,36,36)
r(564,0,30,37,37)
r(494,0,30,38,38)
w(701,1,30,39,39)
r(207,0,30,40,40)
r(912,2,30,41,41)
r(651,0,30,42,42)
r(388,0,30,43,43)
r(436,1,30,44,44)
r(602,1,30,45,45)
w(450,1,30,46,46)
r(937,0,30,47,47)
r(832,0,30,48,48)
r(981,0,30,49,49)
r(101,0,30,50,50)
r(972,0,30,51,51)
r(21,1,30,52,52)
r(52,0,30,53,53)
r(621,0,30,54,54)
r(311,0,30,55,55)
r(275,0,30,56,56)
r(875,0,30,57,57)
r(145,0,30,58,58)
r(276,1,30,59,59)
r(284,0,30,60,60)
r(454,1,30,61,61)
r(643,0,30,62,62)
r(576,1,30,63,63)
w(626,1,30,64,64)
r(275,0,30,65,65)
r(725,0,30,66,66)
r(998,0,30,67,67)
r(748,1,30,68,68)
r(44,2,30,69,69)
r(847,0,30,70,70)
r(962,0,30,71,71)
r(744,1,30,72,72)
r(365,0,30,73,73)
r(83,0,30,74,74)
r(508,0,30,75,75)
r(795,0,30,76,76)
r(658,1,30,77,77)
r(449,0,30,78,78)
r(368,0,30,79,79)
r(729,0,30,80,80)
r(497,0,30,81,81)
r(584,0,30,82,82)
r(111,1,30,83,83)
r(759,0,30,84,84)
r(87,0,30,85,85)
r(988,0,30,86,86)
r(390,0,30,87,87)
r(897,0,30,88,88)
r(167,0,30,89,89)
r(714,0,30,90,90)
r(715,0,30,91,91)
r(717,0,30,92,92)
r(837,0,30,93,93)
r(49,0,30,94,94)
w(380,1,30,95,95)
r(128,1,30,96,96)
r(134,0,30,97,97)
r(197,1,30,98,98)
w(541,2,30,99,99)
r(534,3,31,0,0)
r(849,1,31,1,1)
r(480,0,31,2,2)
r(581,1,31,3,3)
r(44,2,31,4,4)
r(588,0,31,5,5)
r(539,0,31,6,6)
r(865,1,31,7,7)
r(523,0,31,8,8)
r(525,1,31,9,9)
r(167,0,31,10,10)
r(859,0,31,11,11)
w(703,1,31,12,12)
r(434,0,31,13,13)
r(550,0,31,14,14)
r(698,0,31,15,15)
r(773,0,31,16,16)
r(575,0,31,17,17)
r(453,0,31,18,18)
r(283,0,31,19,19)
r(927,0,31,20,20)
r(570,0,31,21,21)
r(1,0,31,22,22)
r(273,0,31,23,23)
r(538,1,31,24,24)
w(90,2,31,25,25)
r(316,0,31,26,26)
r(520,0,31,27,27)
r(105,0,31,28,28)
r(35,0,31,29,29)
w(611,1,31,30,30)
r(31,0,31,31,31)
r(944,0,31,32,32)
r(236,0,31,33,33)
r(477,3,31,34,34)
r(851,0,31,35,35)
r(744,1,31,36,36)
r(347,0,31,37,37)
r(940,1,31,38,38)
w(612,1,31,39,39)
r(661,1,31,40,40)
r(48,0,31,41,41)
r(543,0,31,42,42)
r(675,0,31,43,43)
r(121,0,31,44,44)
r(839,0,31,45,45)
r(493,0,31,46,46)
r(656,0,31,47,47)
r(358,0,31,48,48)
r(537,0,31,49,49)
r(184,0,31,50,50)
r(546,0,31,51,51)
r(4,0,31,52,52)
r(246,0,31,53,53)
r(495,0,31,54,54)
r(601,0,31,55,55)
r(494,0,31,56,56)
r(698,0,31,57,57)
r(10,0,31,58,58)
w(222,1,31,59,59)
r(645,0,31,60,60)
r(249,0,31,61,61)
r(22,0,31,62,62)
r(410,0,31,63,63)
r(160,0,31,64,64)
r(471,1,31,65,65)
r(799,0,31,66,66)
r(566,0,31,67,67)
r(929,0,31,68,68)
r(866,0,31,69,69)
r(105,0,31,70,70)
r(218,1,31,71,71)
w(398,2,31,72,72)
r(465,2,31,73,73)
w(740,1,31,74,74)
r(655,0,31,75,75)
r(162,0,31,76,76)
r(267,0,31,77,77)
r(136,0,31,78,78)
r(576,1,31,79,79)
r(797,1,31,80,80)
r(628,0,31,81,81)
r(644,1,31,82,82)
r(399,1,31,83,83)
r(619,0,31,84,84)
r(640,0,31,85,85)
w(168,1,31,86,86)
r(516,0,31,87,87)
r(368,0,31,88,88)
r(332,0,31,89,89)
r(980,1,31,90,90)
r(95,1,31,91,91)
r(18,0,31,92,92)
r(448,1,31,93,93)
r(269,0,31,94,94)
w(191,1,31,95,95)
r(787,0,31,96,96)
r(797,1,31,97,97)
r(426,0,31,98,98)
r(422,0,31,99,99)
r(938,0,32,0,0)
r(882,2,32,1,1)
r(662,0,32,2,2)
r(500,0,32,3,3)
r(923,0,32,4,4)
r(260,3,32,5,5)
r(502,0,32,6,6)
r(643,0,32,7,7)
r(319,0,32,8,8)
r(224,0,32,9,9)
r(877,0,32,10,10)
r(986,1,32,11,11)
r(534,3,32,12,12)
r(608,1,32,13,13)
r(725,0,32,14,14)
r(333,0,32,15,15)
r(326,0,32,16,16)
w(839,1,32,17,17)
r(754,0,32,18,18)
r(488,0,32,19,19)
r(193,0,32,20,20)
r(50,1,32,21,21)
r(853,0,32,22,22)
r(618,0,32,23,23)
r(521,0,32,24,24)
r(733,0,32,25,25)
r(895,0,32,26,26)
r(795,0,32,27,27)
r(236,0,32,28,28)
w(324,1,32,29,29)
r(613,1,32,30,30)
r(634,0,32,31,31)
r(765,0,32,32,32)
r(299,0,32,33,33)
r(668,0,32,34,34)
r(67,0,32,35,35)
r(40,0,32,36,36)
r(316,0,32,37,37)
r(675,0,32,38,38)
r(273,0,32,39,39)
r(405,0,32,40,40)
r(871,0,32,41,41)
r(370,0,32,42,42)
r(102,0,32,43,43)
w(308,1,32,44,44)
w(849,2,32,45,45)
r(685,1,32,46,46)
r(305,0,32,47,47)
r(22,0,32,48,48)
r(707,1,32,49,49)
r(828,0,32,50,50)
r(573,0,32,51,51)
r(317,1,32,52,52)
r(22,0,32,53,53)
r(103,0,32,54,54)
r(950,1,32,55,55)
r(654,0,32,56,56)
r(507,0,32,57,57)
r(754,0,32,58,58)
w(493,1,32,59,59)
w(38,1,32,60,60)
r(188,1,32,61,61)
r(816,2,32,62,62)
r(32,0,32,63,63)
r(215,0,32,64,64)
r(123,0,32,65,65)
r(153,1,32,66,66)
w(127,2,32,67,67)
r(694,0,32,68,68)
w(287,1,32,69,69)
r(877,0,32,70,70)
r(407,0,32,71,71)
r(900,0,32,72,72)
r(798,1,32,73,73)
r(836,0,32,74,74)
r(905,0,32,75,75)
r(731,0,32,76,76)
r(430,1,32,77,77)
r(862,0,32,78,78)
r(550,0,32,79,79)
r(706,1,32,80,80)
r(572,0,32,81,81)
r(813,0,32,82,82)
r(351,0,32,83,83)
r(376,0,32,84,84)
r(691,0,32,85,85)
r(610,0,32,86,86)
r(901,0,32,87,87)
r(361,0,32,88,88)
r(233,0,32,89,89)
r(561,0,32,90,90)
r(292,0,32,91,91)
r(167,0,32,92,92)
r(904,1,32,93,93)
r(956,1,32,94,94)
w(606,1,32,95,95)
r(591,0,32,96,96)
r(139,0,32,97,97)
r(939,1,32,98,98)
r(755,0,32,99,99)
w(850,1,33,0,0)
r(474,0,33,1,1)
r(138,1,33,2,2)
r(832,0,33,3,3)
r(442,0,33,4,4)
r(356,1,33,5,5)
w(989,2,33,6,6)
w(966,2,33,7,7)
r(437,2,33,8,8)
r(725,0,33,9,9)
r(666,0,33,10,10)
r(621,0,33,11,11)
r(357,0,33,12,12)
w(873,1,33,13,13)
r(521,0,33,14,14)
r(301,0,33,15,15)
r(531,0,33,16,16)
w(480,1,33,17,17)
r(752,0,33,18,18)
r(593,0,33,19,19)
r(851,0,33,20,20)
r(589,1,33,21,21)
r(275,0,33,22,22)
r(268,0,33,23,23)
r(623,1,33,24,24)
r(231,0,33,25,25)
r(953,0,33,26,26)
r(871,0,33,27,27)
r(598,1,33,28,28)
r(610,0,33,29,29)
r(35,0,33,30,30)
r(852,0,33,31,31)
r(592,1,33,32,32)
w(810,1,33,33,33)
r(633,0,33,34,34)
r(542,0,33,35,35)
w(163,2,33,36,36)
r(783,0,33,37,37)
w(428,1,33,38,38)
w(364,1,33,39,39)
r(172,0,33,40,40)
w(681,1,33,41,41)
r(617,0,33,42,42)
r(602,1,33,43,43)
w(821,2,33,44,44)
r(431,1,33,45,45)
r(95,1,33,46,46)
r(591,0,33,47,47)
r(356,1,33,48,48)
r(602,1,33,49,49)
r(19,0,33,50,50)
r(946,0,33,51,51)
r(699,0,33,52,52)
r(79,0,33,53,53)
r(399,1,33,54,54)
r(333,0,33,55,55)
r(740,1,33,56,56)
r(189,1,33,57,57)
r(801,0,33,58,58)
r(783,0,33,59,59)
r(77,0,33,60,60)
r(651,0,33,61,61)
r(786,1,33,62,62)
r(138,1,33,63,63)
r(674,1,33,64,64)
r(659,0,33,65,65)
r(688,0,33,66,66)
r(362,1,33,67,67)
r(878,0,33,68,68)
r(206,1,33,69,69)
r(648,0,33,70,70)
r(203,1,33,71,71)
r(177,0,33,72,72)
r(671,0,33,73,73)
r(449,0,33,74,74)
r(634,0,33,75,75)
r(378,1,33,76,76)
r(371,1,33,77,77)
r(515,0,33,78,78)
r(257,0,33,79,79)
r(338,0,33,80,80)
r(508,0,33,81,81)
r(921,0,33,82,82)
r(46,0,33,83,83)
r(390,0,33,84,84)
r(536,0,33,85,85)
r(356,1,33,86,86)
r(623,1,33,87,87)
r(459,0,33,88,88)
r(794,1,33,89,89)
r(311,0,33,90,90)
r(3,0,33,91,91)
r(207,0,33,92,92)
r(770,1,33,93,93)
r(995,0,33,94,94)
r(1,0,33,95,95)
r(84,0,33,96,96)
r(266,0,33,97,97)
r(232,1,33,98,98)
r(57,0,33,99,99)
r(437,2,34,0,0)
w(144,1,34,1,1)
r(187,0,34,2,2)
r(80,0,34,3,3)
r(176,1,34,4,4)
w(717,1,34,5,5)
r(773,0,34,6,6)
r(622,0,34,7,7)
r(189,1,34,8,8)
w(630,1,34,9,9)
r(36,0,34,10,10)
r(938,0,34,11,11)
r(71,0,34,12,12)
r(239,0,34,13,13)
r(651,0,34,14,14)
r(944,0,34,15,15)
r(838,0,34,16,16)
r(147,0,34,17,17)
r(221,0,34,18,18)
r(367,0,34,19,19)
r(328,0,34,20,20)
r(104,1,34,21,21)
r(317,1,34,22,22)
r(144,1,34,23,23)
r(865,1,34,24,24)
r(92,1,34,25,25)
r(692,2,34,26,26)
r(794,1,34,27,27)
r(459,0,34,28,28)
r(832,0,34,29,29)
r(560,0,34,30,30)
r(868,0,34,31,31)
r(775,0,34,32,32)
r(77,0,34,33,33)
r(341,0,34,34,34)
r(632,0,34,35,35)
r(427,0,34,36,36)
r(362,1,34,37,37)
r(294,1,34,38,38)
r(386,0,34,39,39)
r(321,1,34,40,40)
r(789,1,34,41,41)
r(359,0,34,42,42)
r(246,0,34,43,43)
r(157,0,34,44,44)
r(564,0,34,45,45)
r(592,1,34,46,46)
r(222,1,34,47,47)
r(197,1,34,48,48)
r(576,1,34,49,49)
r(739,2,34,50,50)
r(564,0,34,51,51)
r(353,1,34,52,52)
r(382,0,34,53,53)
r(766,1,34,54,54)
r(735,0,34,55,55)
r(296,0,34,56,56)
r(656,0,34,57,57)
r(807,1,34,58,58)
r(677,0,34,59,59)
r(971,0,34,60,60)
r(959,1,34,61,61)
r(43,1,34,62,62)
r(286,0,34,63,63)
r(246,0,34,64,64)
r(474,0,34,65,65)
r(295,0,34,66,66)
r(684,0,34,67,67)
r(949,0,34,68,68)
r(65,1,34,69,69)
w(726,1,34,70,70)
r(192,1,34,71,71)
r(762,0,34,72,72)
r(469,0,34,73,73)
r(288,1,34,74,74)
r(829,0,34,75,75)
r(380,1,34,76,76)
w(138,2,34,77,77)
r(429,0,34,78,78)
r(473,0,34,79,79)
r(883,1,34,80,80)
r(734,0,34,81,81)
r(993,0,34,82,82)
r(703,1,34,83,83)
w(966,3,34,84,84)
r(191,1,34,85,85)
r(441,0,34,86,86)
r(979,0,34,87,87)
r(596,0,34,88,88)
r(563,0,34,89,89)
r(58,0,34,90,90)
r(504,0,34,91,91)
r(246,0,34,92,92)
r(95,1,34,93,93)
r(738,0,34,94,94)
r(934,2,34,95,95)
w(495,1,34,96,96)
r(892,1,34,97,97)
r(94,0,34,98,98)
r(895,0,34,99,99)
r(516,0,35,0,0)
r(848,0,35,1,1)
r(763,1,35,2,2)
r(150,0,35,3,3)
r(396,0,35,4,4)
r(678,0,35,5,5)
r(529,0,35,6,6)
r(685,1,35,7,7)
r(394,0,35,8,8)
r(610,0,35,9,9)
w(145,1,35,10,10)
r(847,0,35,11,11)
r(31,0,35,12,12)
w(795,1,35,13,13)
r(576,1,35,14,14)
r(312,1,35,15,15)
r(696,0,35,16,16)
r(997,0,35,17,17)
r(252,0,35,18,18)
r(691,0,35,19,19)
r(433,0,35,20,20)
r(809,1,35,21,21)
r(22,0,35,22,22)
r(506,0,35,23,23)
r(259,0,35,24,24)
r(455,0,35,25,25)
r(916,0,35,26,26)
w(752,1,35,27,27)
r(35,0,35,28,28)
w(610,1,35,29,29)
r(852,0,35,30,30)
r(881,1,35,31,31)
r(258,0,35,32,32)
w(719,1,35,33,33)
r(939,1,35,34,34)
r(741,0,35,35,35)
r(172,0,35,36,36)
r(117,0,35,37,37)
r(396,0,35,38,38)
r(738,0,35,39,39)
r(873,1,35,40,40)
r(287,1,35,41,41)
r(692,2,35,42,42)
r(966,3,35,43,43)
r(467,0,35,44,44)
r(585,0,35,45,45)
r(1,0,35,46,46)
w(382,1,35,47,47)
r(424,0,35,48,48)
r(633,0,35,49,49)
w(720,3,35,50,50)
r(970,0,35,51,51)
r(301,0,35,52,52)
r(429,0,35,53,53)
r(390,0,35,54,54)
r(305,0,35,55,55)
r(364,1,35,56,56)
r(499,1,35,57,57)
r(554,0,35,58,58)
w(182,1,35,59,59)
r(435,1,35,60,60)
r(375,0,35,61,61)
r(512,0,35,62,62)
r(239,0,35,63,63)
w(414,1,35,64,64)
r(371,1,35,65,65)
r(587,0,35,66,66)
r(632,0,35,67,67)
r(633,0,35,68,68)
r(311,0,35,69,69)
r(568,0,35,70,70)
r(205,2,35,71,71)
r(96,0,35,72,72)
r(930,2,35,73,73)
r(676,0,35,74,74)
r(297,0,35,75,75)
r(966,3,35,76,76)
r(531,0,35,77,77)
r(195,0,35,78,78)
w(370,1,35,79,79)
r(996,0,35,80,80)
r(104,1,35,81,81)
r(213,0,35,82,82)
w(595,2,35,83,83)
r(265,1,35,84,84)
w(390,1,35,85,85)
r(626,1,35,86,86)
r(962,0,35,87,87)
r(969,0,35,88,88)
r(375,0,35,89,89)
r(283,0,35,90,90)
r(387,0,35,91,91)
r(52,0,35,92,92)
r(932,1,35,93,93)
r(747,0,35,94,94)
r(300,0,35,95,95)
r(754,0,35,96,96)
r(612,1,35,97,97)
w(29,2,35,98,98)
r(112,1,35,99,99)
r(706,1,36,0,0)
r(649,1,36,1,1)
r(675,0,36,2,2)
r(358,0,36,3,3)
r(992,0,36,4,4)
r(777,0,36,5,5)
r(448,1,36,6,6)
r(984,1,36,7,7)
r(688,0,36,8,8)
w(854,2,36,9,9)
r(598,1,36,10,10)
r(687,0,36,11,11)
r(952,1,36,12,12)
r(145,1,36,13,13)
r(634,0,36,14,14)
r(119,0,36,15,15)
r(663,0,36,16,16)
r(135,0,36,17,17)
r(629,0,36,18,18)
r(957,0,36,19,19)
r(41,0,36,20,20)
w(563,1,36,21,21)
w(360,2,36,22,22)
r(937,0,36,23,23)
r(790,0,36,24,24)
r(465,2,36,25,25)
r(416,0,36,26,26)
r(731,0,36,27,27)
r(598,1,36,28,28)
r(184,0,36,29,29)
r(938,0,36,30,30)
r(626,1,36,31,31)
r(591,0,36,32,32)
r(982,0,36,33,33)
w(752,2,36,34,34)
r(557,0,36,35,35)
r(480,1,36,36,36)
r(893,3,36,37,37)
r(309,2,36,38,38)
r(200,1,36,39,39)
r(944,0,36,40,40)
r(8,1,36,41,41)
r(517,0,36,42,42)
r(423,0,36,43,43)
r(905,0,36,44,44)
r(0,0,36,45,45)
r(245,0,36,46,46)
r(681,1,36,47,47)
r(656,0,36,48,48)
r(751,0,36,49,49)
r(681,1,36,50,50)
r(69,1,36,51,51)
r(583,0,36,52,52)
r(300,0,36,53,53)
r(158,0,36,54,54)
r(272,0,36,55,55)
w(320,1,36,56,56)
r(211,0,36,57,57)
r(278,0,36,58,58)
r(141,0,36,59,59)
r(488,0,36,60,60)
r(602,1,36,61,61)
r(96,0,36,62,62)
r(61,0,36,63,63)
r(698,0,36,64,64)
r(131,1,36,65,65)
r(112,1,36,66,66)
r(353,1,36,67,67)
r(45,0,36,68,68)
r(569,0,36,69,69)
r(573,0,36,70,70)
r(79,0,36,71,71)
r(897,0,36,72,72)
r(571,0,36,73,73)
r(318,0,36,74,74)
r(120,0,36,75,75)
r(254,2,36,76,76)
r(352,0,36,77,77)
r(503,0,36,78,78)
r(437,2,36,79,79)
w(584,1,36,80,80)
r(672,0,36,81,81)
r(263,0,36,82,82)
r(796,0,36,83,83)
r(377,1,36,84,84)
r(41,0,36,85,85)
r(817,0,36,86,86)
r(561,0,36,87,87)
r(450,1,36,88,88)
w(329,1,36,89,89)
r(891,0,36,90,90)
r(957,0,36,91,91)
r(709,1,36,92,92)
r(602,1,36,93,93)
w(56,1,36,94,94)
r(349,0,36,95,95)
r(970,0,36,96,96)
r(732,0,36,97,97)
r(382,1,36,98,98)
r(494,0,36,99,99)
r(133,2,37,0,0)
r(426,0,37,1,1)
r(614,0,37,2,2)
r(433,0,37,3,3)
r(643,0,37,4,4)
r(440,0,37,5,5)
r(418,0,37,6,6)
r(996,0,37,7,7)
r(55,0,37,8,8)
r(136,0,37,9,9)
r(686,1,37,10,10)
r(629,0,37,11,11)
r(81,0,37,12,12)
r(395,1,37,13,13)
r(571,0,37,14,14)
r(597,0,37,15,15)
r(872,2,37,16,16)
r(68,0,37,17,17)
r(298,0,37,18,18)
w(965,1,37,19,19)
r(236,0,37,20,20)
r(523,0,37,21,21)
r(398,2,37,22,22)
r(592,1,37,23,23)
r(682,0,37,24,24)
r(409,0,37,25,25)
r(276,1,37,26,26)
r(527,0,37,27,27)
r(537,0,37,28,28)
r(263,0,37,29,29)
r(475,0,37,30,30)
r(68,0,37,31,31)
r(914,1,37,32,32)
r(78,0,37,33,33)
r(751,0,37,34,34)
r(177,0,37,35,35)
w(322,1,37,36,36)
r(316,0,37,37,37)
r(764,1,37,38,38)
r(66,0,37,39,39)
r(78,0,37,40,40)
r(577,0,37,41,41)
r(619,0,37,42,42)
r(94,0,37,43,43)
r(829,0,37,44,44)
w(963,1,37,45,45)
r(141,0,37,46,46)
r(532,0,37,47,47)
r(343,0,37,48,48)
r(507,0,37,49,49)
r(649,1,37,50,50)
r(910,0,37,51,51)
r(129,0,37,52,52)
r(379,0,37,53,53)
w(201,1,37,54,54)
r(185,0,37,55,55)
r(306,0,37,56,56)
r(78,0,37,57,57)
r(592,1,37,58,58)
w(507,1,37,59,59)
r(330,0,37,60,60)
r(478,1,37,61,61)
w(974,1,37,62,62)
r(757,0,37,63,63)
r(258,0,37,64,64)
r(526,0,37,65,65)
r(590,0,37,66,66)
r(860,1,37,67,67)
r(134,0,37,68,68)
r(605,0,37,69,69)
r(624,1,37,70,70)
r(366,0,37,71,71)
r(942,0,37,72,72)
r(961,1,37,73,73)
r(265,1,37,74,74)
r(307,0,37,75,75)
r(804,0,37,76,76)
r(404,2,37,77,77)
r(237,1,37,78,78)
r(648,0,37,79,79)
r(517,0,37,80,80)
r(559,0,37,81,81)
r(696,0,37,82,82)
r(371,1,37,83,83)
r(316,0,37,84,84)
r(576,1,37,85,85)
r(385,0,37,86,86)
r(181,1,37,87,87)
r(700,0,37,88,88)
r(305,0,37,89,89)
w(721,1,37,90,90)
r(625,0,37,91,91)
r(478,1,37,92,92)
r(2,0,37,93,93)
r(559,0,37,94,94)
r(358,0,37,95,95)
w(69,2,37,96,96)
r(717,1,37,97,97)
r(881,1,37,98,98)
r(978,0,37,99,99)
r(505,1,38,0,0)
w(930,3,38,1,1)
r(355,0,38,2,2)
w(157,1,38,3,3)
r(719,1,38,4,4)
r(539,0,38,5,5)
r(928,0,38,6,6)
r(616,0,38,7,7)
w(716,1,38,8,8)
r(950,1,38,9,9)
r(80,0,38,10,10)
w(10,1,38,11,11)
r(370,1,38,12,12)
r(468,0,38,13,13)
r(69,2,38,14,14)
r(298,0,38,15,15)
r(295,0,38,16,16)
r(877,0,38,17,17)
r(750,0,38,18,18)
r(19,0,38,19,19)
r(703,1,38,20,20)
r(208,1,38,21,21)
r(891,0,38,22,22)
r(611,1,38,23,23)
r(186,1,38,24,24)
r(3,0,38,25,25)
r(1,0,38,26,26)
r(710,0,38,27,27)
r(318,0,38,28,28)
r(636,0,38,29,29)
r(880,2,38,30,30)
r(304,0,38,31,31)
r(997,0,38,32,32)
r(840,1,38,33,33)
r(245,0,38,34,34)
r(382,1,38,35,35)
r(731,0,38,36,36)
r(613,1,38,37,37)
r(483,0,38,38,38)
w(941,1,38,39,39)
r(850,1,38,40,40)
r(420,0,38,41,41)
r(186,1,38,42,42)
r(294,1,38,43,43)
r(199,0,38,44,44)
r(574,0,38,45,45)
r(236,0,38,46,46)
r(213,0,38,47,47)
r(794,1,38,48,48)
r(198,0,38,49,49)
r(813,0,38,50,50)
w(312,2,38,51,51)
r(479,0,38,52,52)
r(172,0,38,53,53)
r(134,0,38,54,54)
r(120,0,38,55,55)
r(337,0,38,56,56)
r(748,1,38,57,57)
r(700,0,38,58,58)
r(320,1,38,59,59)
w(341,1,38,60,60)
r(677,0,38,61,61)
r(512,0,38,62,62)
r(775,0,38,63,63)
r(170,1,38,64,64)
w(188,2,38,65,65)
w(423,1,38,66,66)
r(139,0,38,67,67)
r(605,0,38,68,68)
r(297,0,38,69,69)
r(461,0,38,70,70)
r(417,0,38,71,71)
r(404,2,38,72,72)
r(393,1,38,73,73)
w(228,1,38,74,74)
r(370,1,38,75,75)
r(263,0,38,76,76)
r(229,2,38,77,77)
r(753,0,38,78,78)
r(56,1,38,79,79)
w(571,1,38,80,80)
r(133,2,38,81,81)
r(662,0,38,82,82)
r(699,0,38,83,83)
r(871,0,38,84,84)
r(682,0,38,85,85)
r(223,1,38,86,86)
r(48,0,38,87,87)
r(5,1,38,88,88)
r(94,0,38,89,89)
r(337,0,38,90,90)
r(320,1,38,91,91)
r(188,2,38,92,92)
r(340,0,38,93,93)
r(788,0,38,94,94)
r(194,0,38,95,95)
r(490,0,38,96,96)
r(318,0,38,97,97)
r(456,0,38,98,98)
r(36,0,38,99,99)
r(691,0,39,0,0)
r(803,1,39,1,1)
r(243,0,39,2,2)
r(343,0,39,3,3)
r(973,0,39,4,4)
r(17,1,39,5,5)
r(770,1,39,6,6)
r(307,0,39,7,7)
r(818,0,39,8,8)
r(579,1,39,9,9)
r(969,0,39,10,10)
r(670,0,39,11,11)
r(908,1,39,12,12)
r(409,0,39,13,13)
w(298,1,39,14,14)
w(313,2,39,15,15)
w(641,1,39,16,16)
r(446,1,39,17,17)
r(241,1,39,18,18)
r(13,0,39,19,19)
w(40,1,39,20,20)
r(81,0,39,21,21)
r(146,0,39,22,22)
r(790,0,39,23,23)
r(298,1,39,24,24)
w(109,1,39,25,25)
r(592,1,39,26,26)
r(925,2,39,27,27)
r(645,0,39,28,28)
r(195,0,39,29,29)
w(888,2,39,30,30)
r(293,0,39,31,31)
w(687,1,39,32,32)
r(284,0,39,33,33)
r(42,0,39,34,34)
r(425,1,39,35,35)
r(784,0,39,36,36)
r(963,1,39,37,37)
r(587,0,39,38,38)
r(204,2,39,39,39)
r(622,0,39,40,40)
r(681,1,39,41,41)
r(72,0,39,42,42)
r(171,0,39,43,43)
r(843,1,39,44,44)
r(435,1,39,45,45)
r(612,1,39,46,46)
w(563,2,39,47,47)
r(238,0,39,48,48)
r(205,2,39,49,49)
r(980,1,39,50,50)
r(735,0,39,51,51)
r(403,0,39,52,52)
r(77,0,39,53,53)
r(593,0,39,54,54)
r(123,0,39,55,55)
w(147,1,39,56,56)
r(676,0,39,57,57)
r(476,0,39,58,58)
r(813,0,39,59,59)
r(363,1,39,60,60)
r(301,0,39,61,61)
r(119,0,39,62,62)
r(680,0,39,63,63)
r(83,0,39,64,64)
r(794,1,39,65,65)
r(45,0,39,66,66)
r(645,0,39,67,67)
w(981,1,39,68,68)
r(934,2,39,69,69)
w(974,2,39,70,70)
r(761,0,39,71,71)
r(277,0,39,72,72)
w(810,2,39,73,73)
w(791,1,39,74,74)
r(186,1,39,75,75)
r(631,0,39,76,76)
r(198,0,39,77,77)
r(384,0,39,78,78)
r(862,0,39,79,79)
r(462,0,39,80,80)
r(989,2,39,81,81)
r(853,0,39,82,82)
r(700,0,39,83,83)
r(627,0,39,84,84)
r(704,1,39,85,85)
r(313,2,39,86,86)
r(622,0,39,87,87)
r(96,0,39,88,88)
r(453,0,39,89,89)
r(6,0,39,90,90)
r(734,0,39,91,91)
r(53,0,39,92,92)
r(615,0,39,93,93)
r(776,0,39,94,94)
r(630,1,39,95,95)
r(4,0,39,96,96)
r(651,0,39,97,97)
r(139,0,39,98,98)
w(171,1,39,99,99)
r(100,0,40,0,0)
r(360,2,40,1,1)
w(402,1,40,2,2)
r(288,1,40,3,3)
w(530,2,40,4,4)
r(407,0,40,5,5)
w(459,1,40,6,6)
r(492,1,40,7,7)
w(254,3,40,8,8)
w(979,1,40,9,9)
r(274,0,40,10,10)
r(209,0,40,11,11)
r(349,0,40,12,12)
r(125,1,40,13,13)
r(853,0,40,14,14)
r(730,1,40,15,15)
r(843,1,40,16,16)
r(825,1,40,17,17)
r(845,0,40,18,18)
r(843,1,40,19,19)
w(236,1,40,20,20)
r(286,0,40,21,21)
r(322,1,40,22,22)
r(775,0,40,23,23)
r(247,0,40,24,24)
w(935,1,40,25,25)
r(302,0,40,26,26)
r(860,1,40,27,27)
r(155,1,40,28,28)
r(480,1,40,29,29)
r(37,0,40,30,30)
r(280,1,40,31,31)
r(672,0,40,32,32)
r(105,0,40,33,33)
r(694,0,40,34,34)
w(231,1,40,35,35)
r(414,1,40,36,36)
r(164,0,40,37,37)
r(186,1,40,38,38)
r(772,0,40,39,39)
w(588,1,40,40,40)
r(239,0,40,41,41)
r(581,1,40,42,42)
r(628,0,40,43,43)
r(274,0,40,44,44)
r(743,0,40,45,45)
r(806,0,40,46,46)
r(782,1,40,47,47)
r(635,0,40,48,48)
r(328,0,40,49,49)
w(104,2,40,50,50)
r(623,1,40,51,51)
r(552,0,40,52,52)
r(159,0,40,53,53)
r(266,0,40,54,54)
r(171,1,40,55,55)
r(641,1,40,56,56)
r(237,1,40,57,57)
w(36,1,40,58,58)
w(680,1,40,59,59)
r(618,0,40,60,60)
r(180,0,40,61,61)
r(228,1,40,62,62)
r(833,2,40,63,63)
r(498,0,40,64,64)
r(804,0,40,65,65)
r(547,1,40,66,66)
r(778,0,40,67,67)
r(516,0,40,68,68)
r(523,0,40,69,69)
w(150,1,40,70,70)
r(433,0,40,71,71)
r(905,0,40,72,72)
r(809,1,40,73,73)
w(737,2,40,74,74)
w(482,1,40,75,75)
w(816,3,40,76,76)
r(42,0,40,77,77)
r(880,2,40,78,78)
r(969,0,40,79,79)
w(594,1,40,80,80)
r(380,1,40,81,81)
r(584,1,40,82,82)
r(976,0,40,83,83)
w(497,1,40,84,84)
r(229,2,40,85,85)
r(394,0,40,86,86)
r(958,1,40,87,87)
r(867,0,40,88,88)
r(46,0,40,89,89)
r(666,0,40,90,90)
r(131,1,40,91,91)
r(572,0,40,92,92)
r(194,0,40,93,93)
r(738,0,40,94,94)
w(185,1,40,95,95)
r(854,2,40,96,96)
r(302,0,40,97,97)
r(642,0,40,98,98)
r(441,0,40,99,99)
r(272,0,41,0,0)
w(200,2,41,1,1)
r(890,0,41,2,2)
r(683,0,41,3,3)
r(740,1,41,4,4)
r(309,2,41,5,5)
r(373,0,41,6,6)
r(950,1,41,7,7)
w(609,1,41,8,8)
r(307,0,41,9,9)
r(440,0,41,10,10)
r(24,0,41,11,11)
r(740,1,41,12,12)
r(15,0,41,13,13)
r(449,0,41,14,14)
r(342,0,41,15,15)
r(360,2,41,16,16)
r(905,0,41,17,17)
r(655,0,41,18,18)
r(919,0,41,19,19)
r(923,0,41,20,20)
r(953,0,41,21,21)
r(746,0,41,22,22)
r(811,0,41,23,23)
r(528,0,41,24,24)
w(346,2,41,25,25)
r(773,0,41,26,26)
r(790,0,41,27,27)
r(189,1,41,28,28)
r(872,2,41,29,29)
r(34,0,41,30,30)
r(579,1,41,31,31)
r(552,0,41,32,32)
r(85,0,41,33,33)
r(467,0,41,34,34)
r(221,0,41,35,35)
r(420,0,41,36,36)
r(700,0,41,37,37)
r(180,0,41,38,38)
r(256,0,41,39,39)
r(441,0,41,40,40)
r(267,0,41,41,41)
r(966,3,41,42,42)
r(811,0,41,43,43)
r(776,0,41,44,44)
r(637,1,41,45,45)
w(467,1,41,46,46)
r(215,0,41,47,47)
r(316,0,41,48,48)
r(532,0,41,49,49)
r(645,0,41,50,50)
r(166,0,41,51,51)
r(369,0,41,52,52)
r(563,2,41,53,53)
r(330,0,41,54,54)
w(243,1,41,55,55)
r(372,1,41,56,56)
r(576,1,41,57,57)
r(338,0,41,58,58)
r(627,0,41,59,59)
r(830,1,41,60,60)
r(161,0,41,61,61)
r(664,0,41,62,62)
r(311,0,41,63,63)
r(872,2,41,64,64)
r(0,0,41,65,65)
r(943,0,41,66,66)
r(633,0,41,67,67)
r(767,0,41,68,68)
r(131,1,41,69,69)
r(522,1,41,70,70)
r(992,0,41,71,71)
r(471,1,41,72,72)
r(753,0,41,73,73)
r(548,2,41,74,74)
r(201,1,41,75,75)
r(976,0,41,76,76)
r(433,0,41,77,77)
r(112,1,41,78,78)
w(200,3,41,79,79)
r(389,0,41,80,80)
r(935,1,41,81,81)
w(227,1,41,82,82)
r(107,0,41,83,83)
r(679,1,41,84,84)
w(968,1,41,85,85)
r(485,0,41,86,86)
r(533,0,41,87,87)
r(853,0,41,88,88)
w(217,1,41,89,89)
r(222,1,41,90,90)
r(731,0,41,91,91)
r(237,1,41,92,92)
r(620,1,41,93,93)
r(7,0,41,94,94)
r(552,0,41,95,95)
r(668,0,41,96,96)
r(540,0,41,97,97)
r(348,0,41,98,98)
r(54,0,41,99,99)
r(528,0,42,0,0)
r(801,0,42,1,1)
r(60,0,42,2,2)
r(563,2,42,3,3)
r(731,0,42,4,4)
r(545,0,42,5,5)
r(319,0,42,6,6)
r(168,1,42,7,7)
r(879,0,42,8,8)
r(385,0,42,9,9)
r(799,0,42,10,10)
r(510,0,42,11,11)
r(729,0,42,12,12)
r(907,1,42,13,13)
w(929,1,42,14,14)
r(971,0,42,15,15)
r(120,0,42,16,16)
w(285,1,42,17,17)
r(145,1,42,18,18)
r(627,0,42,19,19)
w(55,1,42,20,20)
r(99,0,42,21,21)
r(976,0,42,22,22)
w(795,2,42,23,23)
r(541,2,42,24,24)
w(596,1,42,25,25)
r(830,1,42,26,26)
r(261,1,42,27,27)
r(425,1,42,28,28)
r(640,0,42,29,29)
r(529,0,42,30,30)
r(249,0,42,31,31)
r(1,0,42,32,32)
r(732,0,42,33,33)
w(374,2,42,34,34)
r(783,0,42,35,35)
r(149,0,42,36,36)
r(378,1,42,37,37)
r(138,2,42,38,38)
w(263,1,42,39,39)
r(367,0,42,40,40)
w(907,2,42,41,41)
w(761,1,42,42,42)
r(827,0,42,43,43)
r(980,1,42,44,44)
r(189,1,42,45,45)
r(245,0,42,46,46)
r(215,0,42,47,47)
r(189,1,42,48,48)
r(43,1,42,49,49)
w(608,2,42,50,50)
r(130,0,42,51,51)
r(292,0,42,52,52)
r(650,1,42,53,53)
r(930,3,42,54,54)
r(964,1,42,55,55)
r(890,0,42,56,56)
w(750,1,42,57,57)
r(844,0,42,58,58)
r(808,0,42,59,59)
r(277,0,42,60,60)
r(10,1,42,61,61)
r(915,0,42,62,62)
w(377,2,42,63,63)
r(103,0,42,64,64)
r(259,0,42,65,65)
r(225,0,42,66,66)
w(411,1,42,67,67)
r(246,0,42,68,68)
r(983,0,42,69,69)
r(991,0,42,70,70)
r(676,0,42,71,71)
r(794,1,42,72,72)
w(667,1,42,73,73)
r(615,0,42,74,74)
r(383,0,42,75,75)
r(963,1,42,76,76)
r(426,0,42,77,77)
w(375,1,42,78,78)
r(376,0,42,79,79)
r(721,1,42,80,80)
r(247,0,42,81,81)
r(576,1,42,82,82)
r(290,0,42,83,83)
r(972,0,42,84,84)
r(67,0,42,85,85)
r(770,1,42,86,86)
r(750,1,42,87,87)
r(305,0,42,88,88)
r(307,0,42,89,89)
w(48,1,42,90,90)
w(310,1,42,91,91)
r(442,0,42,92,92)
r(878,0,42,93,93)
r(976,0,42,94,94)
w(306,1,42,95,95)
r(809,1,42,96,96)
w(810,3,42,97,97)
r(224,0,42,98,98)
r(581,1,42,99,99)
w(319,1,43,0,0)
r(736,0,43,1,1)
r(414,1,43,2,2)
r(694,0,43,3,3)
r(83,0,43,4,4)
r(493,1,43,5,5)
w(75,1,43,6,6)
r(88,0,43,7,7)
r(545,0,43,8,8)
r(172,0,43,9,9)
r(873,1,43,10,10)
r(158,0,43,11,11)
r(102,0,43,12,12)
r(834,1,43,13,13)
r(598,1,43,14,14)
r(856,0,43,15,15)
r(862,0,43,16,16)
r(846,0,43,17,17)
w(644,2,43,18,18)
r(993,0,43,19,19)
r(325,0,43,20,20)
r(563,2,43,21,21)
r(761,1,43,22,22)
r(54,0,43,23,23)
r(42,0,43,24,24)
r(493,1,43,25,25)
r(234,1,43,26,26)
r(845,0,43,27,27)
r(184,0,43,28,28)
r(165,0,43,29,29)
w(858,1,43,30,30)
r(258,0,43,31,31)
r(682,0,43,32,32)
r(601,0,43,33,33)
r(194,0,43,34,34)
r(507,1,43,35,35)
r(984,1,43,36,36)
w(200,4,43,37,37)
r(959,1,43,38,38)
r(46,0,43,39,39)
r(203,1,43,40,40)
r(440,0,43,41,41)
r(293,0,43,42,42)
r(909,0,43,43,43)
r(890,0,43,44,44)
r(873,1,43,45,45)
r(667,1,43,46,46)
r(707,1,43,47,47)
r(665,0,43,48,48)
r(805,1,43,49,49)
r(971,0,43,50,50)
r(578,0,43,51,51)
r(458,2,43,52,52)
r(994,2,43,53,53)
r(700,0,43,54,54)
r(743,0,43,55,55)
r(793,1,43,56,56)
r(208,1,43,57,57)
r(454,1,43,58,58)
r(909,0,43,59,59)
r(933,0,43,60,60)
r(378,1,43,61,61)
r(443,1,43,62,62)
w(25,1,43,63,63)
r(686,1,43,64,64)
r(977,1,43,65,65)
r(997,0,43,66,66)
r(703,1,43,67,67)
r(36,1,43,68,68)
r(934,2,43,69,69)
r(342,0,43,70,70)
r(407,0,43,71,71)
r(215,0,43,72,72)
r(473,0,43,73,73)
r(877,0,43,74,74)
r(602,1,43,75,75)
r(559,0,43,76,76)
r(688,0,43,77,77)
r(869,0,43,78,78)
r(651,0,43,79,79)
r(583,0,43,80,80)
w(926,1,43,81,81)
r(243,1,43,82,82)
r(713,0,43,83,83)
r(327,0,43,84,84)
r(282,0,43,85,85)
r(653,1,43,86,86)
r(615,0,43,87,87)
r(645,0,43,88,88)
r(483,0,43,89,89)
r(69,2,43,90,90)
r(77,0,43,91,91)
r(926,1,43,92,92)
r(343,0,43,93,93)
r(197,1,43,94,94)
w(566,1,43,95,95)
r(979,1,43,96,96)
r(305,0,43,97,97)
r(682,0,43,98,98)
r(640,0,43,99,99)
r(846,0,44,0,0)
r(221,0,44,1,1)
r(297,0,44,2,2)
w(583,1,44,3,3)
r(259,0,44,4,4)
w(734,1,44,5,5)
r(381,1,44,6,6)
r(191,1,44,7,7)
r(219,0,44,8,8)
r(6,0,44,9,9)
r(549,0,44,10,10)
r(136,0,44,11,11)
r(667,1,44,12,12)
r(473,0,44,13,13)
r(616,0,44,14,14)
r(256,0,44,15,15)
r(796,0,44,16,16)
r(50,1,44,17,17)
r(302,0,44,18,18)
r(366,0,44,19,19)
r(247,0,44,20,20)
r(13,0,44,21,21)
r(320,1,44,22,22)
r(88,0,44,23,23)
r(878,0,44,24,24)
r(963,1,44,25,25)
r(621,0,44,26,26)
r(562,0,44,27,27)
r(630,1,44,28,28)
r(325,0,44,29,29)
r(455,0,44,30,30)
w(960,1,44,31,31)
r(348,0,44,32,32)
r(76,1,44,33,33)
r(773,0,44,34,34)
w(750,2,44,35,35)
r(862,0,44,36,36)
r(855,1,44,37,37)
r(965,1,44,38,38)
r(556,0,44,39,39)
r(243,1,44,40,40)
r(166,0,44,41,41)
r(289,0,44,42,42)
r(610,1,44,43,43)
r(739,2,44,44,44)
r(62,0,44,45,45)
r(995,0,44,46,46)
r(399,1,44,47,47)
r(244,0,44,48,48)
r(409,0,44,49,49)
r(942,0,44,50,50)
r(952,1,44,51,51)
r(85,0,44,52,52)
r(363,1,44,53,53)
r(114,0,44,54,54)
r(783,0,44,55,55)
r(217,1,44,56,56)
r(228,1,44,57,57)
w(269,1,44,58,58)
r(677,0,44,59,59)
r(78,0,44,60,60)
r(387,0,44,61,61)
r(826,0,44,62,62)
r(885,0,44,63,63)
r(174,0,44,64,64)
r(614,0,44,65,65)
r(772,0,44,66,66)
r(131,1,44,67,67)
r(663,0,44,68,68)
r(966,3,44,69,69)
r(890,0,44,70,70)
r(288,1,44,71,71)
r(262,1,44,72,72)
r(5,1,44,73,73)
r(913,0,44,74,74)
r(777,0,44,75,75)
w(311,1,44,76,76)
r(231,1,44,77,77)
r(754,0,44,78,78)
r(712,0,44,79,79)
r(808,0,44,80,80)
r(109,1,44,81,81)
r(501,0,44,82,82)
r(28,0,44,83,83)
r(487,0,44,84,84)
r(455,0,44,85,85)
r(864,0,44,86,86)
r(704,1,44,87,87)
r(379,0,44,88,88)
r(217,1,44,89,89)
r(190,0,44,90,90)
r(404,2,44,91,91)
r(260,3,44,92,92)
r(906,1,44,93,93)
r(878,0,44,94,94)
r(949,0,44,95,95)
r(264,0,44,96,96)
r(772,0,44,97,97)
r(369,0,44,98,98)
r(860,1,44,99,99)
r(91,0,45,0,0)
r(910,0,45,1,1)
r(891,0,45,2,2)
r(438,1,45,3,3)
w(313,3,45,4,4)
r(455,0,45,5,5)
r(663,0,45,6,6)
w(758,2,45,7,7)
r(239,0,45,8,8)
r(272,0,45,9,9)
r(955,0,45,10,10)
r(115,0,45,11,11)
r(648,0,45,12,12)
r(798,1,45,13,13)
w(328,1,45,14,14)
r(622,0,45,15,15)
w(56,2,45,16,16)
r(372,1,45,17,17)
r(260,3,45,18,18)
r(457,0,45,19,19)
r(389,0,45,20,20)
r(475,0,45,21,21)
r(159,0,45,22,22)
r(817,0,45,23,23)
r(525,1,45,24,24)
r(693,0,45,25,25)
r(725,0,45,26,26)
r(501,0,45,27,27)
r(222,1,45,28,28)
r(985,0,45,29,29)
r(783,0,45,30,30)
r(791,1,45,31,31)
r(580,1,45,32,32)
r(571,1,45,33,33)
r(744,1,45,34,34)
r(584,1,45,35,35)
r(61,0,45,36,36)
r(661,1,45,37,37)
r(687,1,45,38,38)
r(288,1,45,39,39)
r(184,0,45,40,40)
r(196,0,45,41,41)
r(766,1,45,42,42)
r(65,1,45,43,43)
r(624,1,45,44,44)
r(602,1,45,45,45)
r(534,3,45,46,46)
r(743,0,45,47,47)
r(969,0,45,48,48)
r(914,1,45,49,49)
r(327,0,45,50,50)
r(310,1,45,51,51)
r(134,0,45,52,52)
r(524,0,45,53,53)
r(365,0,45,54,54)
r(61,0,45,55,55)
r(397,1,45,56,56)
r(879,0,45,57,57)
r(260,3,45,58,58)
r(440,0,45,59,59)
r(531,0,45,60,60)
r(732,0,45,61,61)
r(436,1,45,62,62)
r(985,0,45,63,63)
r(74,0,45,64,64)
w(444,1,45,65,65)
r(509,0,45,66,66)
w(876,1,45,67,67)
w(198,1,45,68,68)
r(593,0,45,69,69)
r(140,0,45,70,70)
r(790,0,45,71,71)
r(116,1,45,72,72)
r(958,1,45,73,73)
r(325,0,45,74,74)
r(811,0,45,75,75)
r(723,0,45,76,76)
r(218,1,45,77,77)
r(949,0,45,78,78)
r(535,0,45,79,79)
r(495,1,45,80,80)
r(217,1,45,81,81)
r(358,0,45,82,82)
r(169,0,45,83,83)
r(40,1,45,84,84)
r(913,0,45,85,85)
r(969,0,45,86,86)
r(200,4,45,87,87)
r(366,0,45,88,88)
r(659,0,45,89,89)
w(208,2,45,90,90)
r(793,1,45,91,91)
r(757,0,45,92,92)
r(945,0,45,93,93)
r(808,0,45,94,94)
r(700,0,45,95,95)
r(546,0,45,96,96)
r(184,0,45,97,97)
w(71,1,45,98,98)
r(364,1,45,99,99)
r(572,0,46,0,0)
r(238,0,46,1,1)
r(747,0,46,2,2)
w(32,1,46,3,3)
r(341,1,46,4,4)
r(249,0,46,5,5)
r(894,0,46,6,6)
r(605,0,46,7,7)
r(536,0,46,8,8)
r(629,0,46,9,9)
r(510,0,46,10,10)
r(422,0,46,11,11)
r(671,0,46,12,12)
r(793,1,46,13,13)
r(422,0,46,14,14)
r(856,0,46,15,15)
r(184,0,46,16,16)
w(385,1,46,17,17)
r(715,0,46,18,18)
r(447,0,46,19,19)
w(500,1,46,20,20)
r(690,1,46,21,21)
r(642,0,46,22,22)
w(168,2,46,23,23)
r(88,0,46,24,24)
r(362,1,46,25,25)
r(205,2,46,26,26)
r(858,1,46,27,27)
r(885,0,46,28,28)
r(184,0,46,29,29)
r(606,1,46,30,30)
w(98,2,46,31,31)
r(280,1,46,32,32)
r(614,0,46,33,33)
r(372,1,46,34,34)
r(766,1,46,35,35)
r(690,1,46,36,36)
r(571,1,46,37,37)
r(148,0,46,38,38)
r(783,0,46,39,39)
r(817,0,46,40,40)
r(358,0,46,41,41)
r(586,0,46,42,42)
r(794,1,46,43,43)
r(17,1,46,44,44)
r(473,0,46,45,45)
r(359,0,46,46,46)
r(720,3,46,47,47)
r(192,1,46,48,48)
r(443,1,46,49,49)
r(955,0,46,50,50)
r(823,0,46,51,51)
r(736,0,46,52,52)
r(266,0,46,53,53)
r(698,0,46,54,54)
r(411,1,46,55,55)
r(780,0,46,56,56)
r(281,0,46,57,57)
r(533,0,46,58,58)
r(761,1,46,59,59)
r(35,0,46,60,60)
r(154,0,46,61,61)
w(897,1,46,62,62)
r(89,2,46,63,63)
r(756,0,46,64,64)
r(435,1,46,65,65)
r(145,1,46,66,66)
r(759,0,46,67,67)
r(150,1,46,68,68)
r(700,0,46,69,69)
w(471,2,46,70,70)
r(115,0,46,71,71)
r(621,0,46,72,72)
r(164,0,46,73,73)
r(948,1,46,74,74)
r(608,2,46,75,75)
r(687,1,46,76,76)
w(975,2,46,77,77)
r(287,1,46,78,78)
r(606,1,46,79,79)
r(606,1,46,80,80)
r(690,1,46,81,81)
r(831,0,46,82,82)
r(796,0,46,83,83)
r(630,1,46,84,84)
r(641,1,46,85,85)
w(681,2,46,86,86)
r(507,1,46,87,87)
w(998,1,46,88,88)
w(576,2,46,89,89)
r(679,1,46,90,90)
w(562,1,46,91,91)
w(727,1,46,92,92)
r(775,0,46,93,93)
r(765,0,46,94,94)
r(67,0,46,95,95)
r(581,1,46,96,96)
r(747,0,46,97,97)
w(882,3,46,98,98)
r(445,0,46,99,99)
r(741,0,47,0,0)
r(626,1,47,1,1)
r(918,0,47,2,2)
r(952,1,47,3,3)
r(158,0,47,4,4)
w(113,1,47,5,5)
r(613,1,47,6,6)
r(226,0,47,7,7)
r(578,0,47,8,8)
r(282,0,47,9,9)
r(127,2,47,10,10)
r(980,1,47,11,11)
r(765,0,47,12,12)
r(188,2,47,13,13)
r(4,0,47,14,14)
r(772,0,47,15,15)
r(740,1,47,16,16)
r(570,0,47,17,17)
r(441,0,47,18,18)
r(548,2,47,19,19)
r(434,0,47,20,20)
r(579,1,47,21,21)
r(914,1,47,22,22)
r(794,1,47,23,23)
r(695,0,47,24,24)
r(914,1,47,25,25)
r(733,0,47,26,26)
r(315,0,47,27,27)
r(87,0,47,28,28)
r(946,0,47,29,29)
r(531,0,47,30,30)
r(58,0,47,31,31)
r(977,1,47,32,32)
r(988,0,47,33,33)
r(769,2,47,34,34)
r(232,1,47,35,35)
r(170,1,47,36,36)
r(202,0,47,37,37)
r(693,0,47,38,38)
r(48,1,47,39,39)
r(12,0,47,40,40)
r(682,0,47,41,41)
r(682,0,47,42,42)
r(825,1,47,43,43)
w(947,2,47,44,44)
r(668,0,47,45,45)
r(965,1,47,46,46)
r(260,3,47,47,47)
r(863,0,47,48,48)
w(732,1,47,49,49)
r(381,1,47,50,50)
r(289,0,47,51,51)
r(852,0,47,52,52)
r(518,0,47,53,53)
r(652,0,47,54,54)
w(914,2,47,55,55)
r(16,0,47,56,56)
r(47,0,47,57,57)
r(274,0,47,58,58)
r(725,0,47,59,59)
r(595,2,47,60,60)
r(844,0,47,61,61)
r(876,1,47,62,62)
r(5,1,47,63,63)
r(879,0,47,64,64)
r(391,0,47,65,65)
r(349,0,47,66,66)
r(580,1,47,67,67)
r(243,1,47,68,68)
r(915,0,47,69,69)
r(51,1,47,70,70)
r(943,0,47,71,71)
r(348,0,47,72,72)
r(950,1,47,73,73)
r(882,3,47,74,74)
r(655,0,47,75,75)
w(803,2,47,76,76)
r(541,2,47,77,77)
w(906,2,47,78,78)
r(292,0,47,79,79)
r(340,0,47,80,80)
r(122,0,47,81,81)
r(761,1,47,82,82)
r(581,1,47,83,83)
r(469,0,47,84,84)
r(609,1,47,85,85)
r(345,1,47,86,86)
r(576,2,47,87,87)
w(617,1,47,88,88)
r(840,1,47,89,89)
r(899,0,47,90,90)
r(475,0,47,91,91)
r(586,0,47,92,92)
r(134,0,47,93,93)
w(120,1,47,94,94)
r(729,0,47,95,95)
r(621,0,47,96,96)
r(818,0,47,97,97)
w(48,2,47,98,98)
r(899,0,47,99,99)
r(506,0,48,0,0)
r(199,0,48,1,1)
r(722,0,48,2,2)
r(14,0,48,3,3)
r(732,1,48,4,4)
r(424,0,48,5,5)
r(559,0,48,6,6)
r(382,1,48,7,7)
r(757,0,48,8,8)
r(797,1,48,9,9)
r(885,0,48,10,10)
r(523,0,48,11,11)
r(966,3,48,12,12)
r(108,0,48,13,13)
r(307,0,48,14,14)
r(516,0,48,15,15)
r(533,0,48,16,16)
r(685,1,48,17,17)
r(782,1,48,18,18)
r(739,2,48,19,19)
r(707,1,48,20,20)
r(543,0,48,21,21)
w(427,1,48,22,22)
r(84,0,48,23,23)
r(794,1,48,24,24)
r(196,0,48,25,25)
r(191,1,48,26,26)
r(676,0,48,27,27)
r(626,1,48,28,28)
r(333,0,48,29,29)
w(9,1,48,30,30)
r(332,0,48,31,31)
r(90,2,48,32,32)
w(590,1,48,33,33)
r(605,0,48,34,34)
r(917,0,48,35,35)
r(458,2,48,36,36)
r(505,1,48,37,37)
r(206,1,48,38,38)
r(666,0,48,39,39)
r(631,0,48,40,40)
r(768,0,48,41,41)
r(473,0,48,42,42)
r(775,0,48,43,43)
r(181,1,48,44,44)
r(232,1,48,45,45)
r(805,1,48,46,46)
r(36,1,48,47,47)
r(239,0,48,48,48)
r(419,1,48,49,49)
r(660,0,48,50,50)
r(871,0,48,51,51)
r(977,1,48,52,52)
r(391,0,48,53,53)
r(202,0,48,54,54)
r(673,0,48,55,55)
r(314,1,48,56,56)
r(628,0,48,57,57)
r(51,1,48,58,58)
r(855,1,48,59,59)
r(845,0,48,60,60)
r(361,0,48,61,61)
r(334,1,48,62,62)
r(969,0,48,63,63)
r(912,2,48,64,64)
r(393,1,48,65,65)
w(666,1,48,66,66)
w(196,1,48,67,67)
r(854,2,48,68,68)
r(408,1,48,69,69)
r(778,0,48,70,70)
r(672,0,48,71,71)
r(465,2,48,72,72)
r(850,1,48,73,73)
r(736,0,48,74,74)
r(158,0,48,75,75)
r(416,0,48,76,76)
r(394,0,48,77,77)
r(883,1,48,78,78)
r(928,0,48,79,79)
r(753,0,48,80,80)
r(846,0,48,81,81)
r(276,1,48,82,82)
r(661,1,48,83,83)
r(858,1,48,84,84)
r(180,0,48,85,85)
w(485,1,48,86,86)
r(643,0,48,87,87)
r(79,0,48,88,88)
r(626,1,48,89,89)
w(859,1,48,90,90)
r(911,0,48,91,91)
r(416,0,48,92,92)
r(807,1,48,93,93)
r(914,2,48,94,94)
r(789,1,48,95,95)
r(110,1,48,96,96)
r(245,0,48,97,97)
r(786,1,48,98,98)
w(289,1,48,99,99)
w(433,1,49,0,0)
w(90,3,49,1,1)
r(601,0,49,2,2)
r(322,1,49,3,3)
r(227,1,49,4,4)
r(731,0,49,5,5)
r(229,2,49,6,6)
r(108,0,49,7,7)
r(16,0,49,8,8)
r(518,0,49,9,9)
r(293,0,49,10,10)
r(688,0,49,11,11)
r(114,0,49,12,12)
r(988,0,49,13,13)
w(439,1,49,14,14)
r(261,1,49,15,15)
r(774,0,49,16,16)
r(134,0,49,17,17)
r(808,0,49,18,18)
r(122,0,49,19,19)
r(698,0,49,20,20)
w(863,1,49,21,21)
r(527,0,49,22,22)
r(362,1,49,23,23)
r(621,0,49,24,24)
w(781,1,49,25,25)
r(221,0,49,26,26)
r(260,3,49,27,27)
r(25,1,49,28,28)
r(435,1,49,29,29)
r(442,0,49,30,30)
r(843,1,49,31,31)
w(38,2,49,32,32)
r(924,0,49,33,33)
w(199,1,49,34,34)
r(973,0,49,35,35)
w(965,2,49,36,36)
r(219,0,49,37,37)
w(133,3,49,38,38)
r(502,0,49,39,39)
r(283,0,49,40,40)
r(485,1,49,41,41)
r(527,0,49,42,42)
r(909,0,49,43,43)
r(506,0,49,44,44)
r(829,0,49,45,45)
r(306,1,49,46,46)
r(668,0,49,47,47)
r(997,0,49,48,48)
r(696,0,49,49,49)
w(417,1,49,50,50)
r(36,1,49,51,51)
w(255,2,49,52,52)
r(384,0,49,53,53)
r(485,1,49,54,54)
r(245,0,49,55,55)
r(190,0,49,56,56)
r(834,1,49,57,57)
r(998,1,49,58,58)
r(597,0,49,59,59)
r(850,1,49,60,60)
r(436,1,49,61,61)
r(27,0,49,62,62)
r(780,0,49,63,63)
r(810,3,49,64,64)
w(317,2,49,65,65)
r(238,0,49,66,66)
r(343,0,49,67,67)
w(365,1,49,68,68)
r(680,1,49,69,69)
r(248,1,49,70,70)
r(14,0,49,71,71)
r(971,0,49,72,72)
r(928,0,49,73,73)
r(388,0,49,74,74)
w(821,3,49,75,75)
w(571,2,49,76,76)
r(516,0,49,77,77)
r(409,0,49,78,78)
r(198,1,49,79,79)
r(561,0,49,80,80)
w(380,2,49,81,81)
w(836,1,49,82,82)
r(193,0,49,83,83)
r(530,2,49,84,84)
r(89,2,49,85,85)
r(819,0,49,86,86)
r(163,2,49,87,87)
r(50,1,49,88,88)
r(317,2,49,89,89)
r(907,2,49,90,90)
w(152,2,49,91,91)
r(379,0,49,92,92)
w(996,1,49,93,93)
r(90,3,49,94,94)
r(131,1,49,95,95)
r(450,1,49,96,96)
w(393,2,49,97,97)
r(179,0,49,98,98)
w(340,1,49,99,99)
