r(81,0,0,0,0)
r(1,0,0,1,1)
r(34,0,0,2,2)
r(3,0,0,3,3)
r(44,0,0,4,4)
r(729,0,0,5,5)
r(796,0,0,6,6)
r(15,0,0,7,7)
r(0,0,0,8,8)
r(656,0,0,9,9)
r(687,0,0,10,10)
r(1,0,0,11,11)
r(18,0,0,12,12)
r(0,0,0,13,13)
r(2,0,0,14,14)
r(459,0,0,15,15)
r(98,0,0,16,16)
r(0,0,0,17,17)
r(0,0,0,18,18)
r(25,0,0,19,19)
r(2,0,0,20,20)
w(1,1,0,21,21)
w(39,1,0,22,22)
r(0,0,0,23,23)
r(0,0,0,24,24)
r(296,0,0,25,25)
r(655,0,0,26,26)
r(2,0,0,27,27)
r(725,0,0,28,28)
r(59,0,0,29,29)
r(48,0,0,30,30)
r(14,0,0,31,31)
r(14,0,0,32,32)
r(48,0,0,33,33)
r(77,0,0,34,34)
r(654,0,0,35,35)
r(0,0,0,36,36)
r(12,0,0,37,37)
r(432,0,0,38,38)
r(103,0,0,39,39)
r(14,0,0,40,40)
r(120,0,0,41,41)
r(97,0,0,42,42)
r(0,0,0,43,43)
r(36,0,0,44,44)
w(24,1,0,45,45)
r(625,0,0,46,46)
r(12,0,0,47,47)
r(217,0,0,48,48)
r(281,0,0,49,49)
r(118,0,0,50,50)
r(171,0,0,51,51)
r(0,0,0,52,52)
r(20,0,0,53,53)
r(2,0,0,54,54)
r(97,0,0,55,55)
w(20,1,0,56,56)
r(2,0,0,57,57)
r(13,0,0,58,58)
r(0,0,0,59,59)
r(385,0,0,60,60)
r(109,0,0,61,61)
r(356,0,0,62,62)
r(786,0,0,63,63)
r(106,0,0,64,64)
r(95,0,0,65,65)
w(0,1,0,66,66)
r(38,0,0,67,67)
r(0,1,0,68,68)
r(6,0,0,69,69)
r(165,0,0,70,70)
w(5,1,0,71,71)
r(0,1,0,72,72)
r(19,0,0,73,73)
r(215,0,0,74,74)
r(184,0,0,75,75)
r(174,0,0,76,76)
r(71,0,0,77,77)
r(250,0,0,78,78)
r(45,0,0,79,79)
w(11,1,0,80,80)
r(5,1,0,81,81)
r(17,0,0,82,82)
r(17,0,0,83,83)
r(363,0,0,84,84)
r(991,0,0,85,85)
r(5,1,0,86,86)
r(0,1,0,87,87)
r(18,0,0,88,88)
r(15,0,0,89,89)
r(4,0,0,90,90)
r(0,1,0,91,91)
r(881,0,0,92,92)
r(4,0,0,93,93)
r(128,0,0,94,94)
r(0,1,0,95,95)
w(2,1,0,96,96)
r(0,1,0,97,97)
r(1,1,0,98,98)
w(312,1,0,99,99)
r(25,0,1,0,0)
r(0,1,1,1,1)
r(0,1,1,2,2)
r(159,0,1,3,3)
r(35,0,1,4,4)
w(51,1,1,5,5)
r(1,1,1,6,6)
r(214,0,1,7,7)
w(1,2,1,8,8)
r(744,0,1,9,9)
r(177,0,1,10,10)
w(0,2,1,11,11)
r(1,2,1,12,12)
r(1,2,1,13,13)
r(499,0,1,14,14)
r(19,0,1,15,15)
r(11,1,1,16,16)
w(172,1,1,17,17)
w(110,1,1,18,18)
w(334,1,1,19,19)
r(116,0,1,20,20)
r(40,0,1,21,21)
r(13,0,1,22,22)
r(178,0,1,23,23)
r(10,0,1,24,24)
r(1,2,1,25,25)
r(43,0,1,26,26)
r(5,1,1,27,27)
w(90,1,1,28,28)
r(2,1,1,29,29)
r(0,2,1,30,30)
r(4,0,1,31,31)
r(10,0,1,32,32)
r(48,0,1,33,33)
r(88,0,1,34,34)
r(1,2,1,35,35)
r(140,0,1,36,36)
r(210,0,1,37,37)
r(107,0,1,38,38)
r(261,0,1,39,39)
w(5,2,1,40,40)
r(19,0,1,41,41)
r(10,0,1,42,42)
r(132,0,1,43,43)
r(165,0,1,44,44)
r(0,2,1,45,45)
r(944,0,1,46,46)
r(12,0,1,47,47)
r(8,0,1,48,48)
r(12,0,1,49,49)
r(118,0,1,50,50)
r(0,2,1,51,51)
r(144,0,1,52,52)
r(0,2,1,53,53)
w(11,2,1,54,54)
r(894,0,1,55,55)
r(1,2,1,56,56)
r(15,0,1,57,57)
r(55,0,1,58,58)
r(7,0,1,59,59)
r(18,0,1,60,60)
r(54,0,1,61,61)
r(43,0,1,62,62)
r(741,0,1,63,63)
r(16,0,1,64,64)
r(27,0,1,65,65)
w(58,1,1,66,66)
r(147,0,1,67,67)
r(913,0,1,68,68)
w(640,1,1,69,69)
w(0,3,1,70,70)
r(10,0,1,71,71)
r(0,3,1,72,72)
r(9,0,1,73,73)
r(294,0,1,74,74)
w(27,1,1,75,75)
r(14,0,1,76,76)
r(0,3,1,77,77)
r(0,3,1,78,78)
w(24,2,1,79,79)
w(10,1,1,80,80)
r(0,3,1,81,81)
r(10,1,1,82,82)
r(0,3,1,83,83)
r(9,0,1,84,84)
r(747,0,1,85,85)
r(495,0,1,86,86)
w(31,1,1,87,87)
r(34,0,1,88,88)
r(46,0,1,89,89)
r(29,0,1,90,90)
r(251,0,1,91,91)
r(460,0,1,92,92)
w(4,1,1,93,93)
r(1,2,1,94,94)
w(74,1,1,95,95)
r(2,1,1,96,96)
r(45,0,1,97,97)
w(103,1,1,98,98)
r(44,0,1,99,99)
r(607,0,2,0,0)
r(2,1,2,1,1)
r(30,0,2,2,2)
r(0,3,2,3,3)
r(155,0,2,4,4)
r(24,2,2,5,5)
r(701,0,2,6,6)
r(524,0,2,7,7)
r(3,0,2,8,8)
r(310,0,2,9,9)
r(0,3,2,10,10)
r(2,1,2,11,11)
r(151,0,2,12,12)
r(76,0,2,13,13)
r(30,0,2,14,14)
r(31,1,2,15,15)
r(1,2,2,16,16)
r(115,0,2,17,17)
r(68,0,2,18,18)
r(95,0,2,19,19)
r(84,0,2,20,20)
r(13,0,2,21,21)
r(13,0,2,22,22)
r(21,0,2,23,23)
r(5,2,2,24,24)
r(0,3,2,25,25)
w(28,1,2,26,26)
r(1,2,2,27,27)
r(0,3,2,28,28)
r(369,0,2,29,29)
w(38,1,2,30,30)
r(458,0,2,31,31)
r(6,0,2,32,32)
w(12,1,2,33,33)
r(28,1,2,34,34)
r(0,3,2,35,35)
r(331,0,2,36,36)
r(472,0,2,37,37)
w(2,2,2,38,38)
r(63,0,2,39,39)
r(6,0,2,40,40)
r(70,0,2,41,41)
r(2,2,2,42,42)
r(365,0,2,43,43)
r(21,0,2,44,44)
r(0,3,2,45,45)
r(16,0,2,46,46)
r(480,0,2,47,47)
r(261,0,2,48,48)
r(1,2,2,49,49)
r(32,0,2,50,50)
w(128,1,2,51,51)
w(4,2,2,52,52)
r(3,0,2,53,53)
r(11,2,2,54,54)
r(5,2,2,55,55)
r(1,2,2,56,56)
r(457,0,2,57,57)
r(0,3,2,58,58)
w(113,1,2,59,59)
r(27,1,2,60,60)
r(398,0,2,61,61)
r(40,0,2,62,62)
r(24,2,2,63,63)
r(2,2,2,64,64)
r(1,2,2,65,65)
r(35,0,2,66,66)
r(3,0,2,67,67)
r(183,0,2,68,68)
r(2,2,2,69,69)
r(47,0,2,70,70)
r(851,0,2,71,71)
w(1,3,2,72,72)
r(617,0,2,73,73)
w(71,1,2,74,74)
r(2,2,2,75,75)
r(51,1,2,76,76)
r(557,0,2,77,77)
r(15,0,2,78,78)
r(111,0,2,79,79)
r(354,0,2,80,80)
r(3,0,2,81,81)
r(8,0,2,82,82)
r(13,0,2,83,83)
r(5,2,2,84,84)
r(6,0,2,85,85)
r(316,0,2,86,86)
r(8,0,2,87,87)
r(24,2,2,88,88)
r(14,0,2,89,89)
r(11,2,2,90,90)
r(12,1,2,91,91)
r(36,0,2,92,92)
r(1,3,2,93,93)
r(256,0,2,94,94)
r(14,0,2,95,95)
r(248,0,2,96,96)
w(96,1,2,97,97)
r(290,0,2,98,98)
w(752,1,2,99,99)
r(8,0,3,0,0)
r(167,0,3,1,1)
r(108,0,3,2,2)
r(357,0,3,3,3)
r(0,3,3,4,4)
r(4,2,3,5,5)
r(670,0,3,6,6)
r(7,0,3,7,7)
r(52,0,3,8,8)
r(138,0,3,9,9)
r(326,0,3,10,10)
r(356,0,3,11,11)
r(239,0,3,12,12)
r(3,0,3,13,13)
r(432,0,3,14,14)
r(149,0,3,15,15)
r(53,0,3,16,16)
r(295,0,3,17,17)
r(1,3,3,18,18)
r(105,0,3,19,19)
r(53,0,3,20,20)
w(38,2,3,21,21)
r(10,1,3,22,22)
r(29,0,3,23,23)
r(17,0,3,24,24)
r(0,3,3,25,25)
r(0,3,3,26,26)
r(117,0,3,27,27)
r(179,0,3,28,28)
r(376,0,3,29,29)
r(7,0,3,30,30)
r(0,3,3,31,31)
r(2,2,3,32,32)
r(77,0,3,33,33)
r(0,3,3,34,34)
r(19,0,3,35,35)
r(167,0,3,36,36)
w(48,1,3,37,37)
r(24,2,3,38,38)
r(8,0,3,39,39)
r(610,0,3,40,40)
r(37,0,3,41,41)
r(0,3,3,42,42)
r(536,0,3,43,43)
r(313,0,3,44,44)
r(65,0,3,45,45)
r(1,3,3,46,46)
r(449,0,3,47,47)
r(213,0,3,48,48)
r(3,0,3,49,49)
r(9,0,3,50,50)
r(11,2,3,51,51)
r(23,0,3,52,52)
r(398,0,3,53,53)
w(576,1,3,54,54)
r(333,0,3,55,55)
r(159,0,3,56,56)
r(0,3,3,57,57)
r(402,0,3,58,58)
r(154,0,3,59,59)
r(0,3,3,60,60)
r(2,2,3,61,61)
r(196,0,3,62,62)
w(0,4,3,63,63)
r(25,0,3,64,64)
r(6,0,3,65,65)
r(1,3,3,66,66)
r(280,0,3,67,67)
r(8,0,3,68,68)
r(43,0,3,69,69)
w(320,1,3,70,70)
r(22,0,3,71,71)
r(0,4,3,72,72)
w(809,1,3,73,73)
r(143,0,3,74,74)
r(300,0,3,75,75)
r(0,4,3,76,76)
r(2,2,3,77,77)
r(152,0,3,78,78)
r(28,1,3,79,79)
r(49,0,3,80,80)
r(66,0,3,81,81)
r(31,1,3,82,82)
r(83,0,3,83,83)
w(974,1,3,84,84)
w(1,4,3,85,85)
r(70,0,3,86,86)
r(99,0,3,87,87)
r(1,4,3,88,88)
r(1,4,3,89,89)
r(676,0,3,90,90)
r(331,0,3,91,91)
w(0,5,3,92,92)
r(178,0,3,93,93)
r(317,0,3,94,94)
r(59,0,3,95,95)
r(20,1,3,96,96)
r(37,0,3,97,97)
w(244,1,3,98,98)
r(15,0,3,99,99)
r(424,0,4,0,0)
w(549,1,4,1,1)
r(9,0,4,2,2)
r(53,0,4,3,3)
r(289,0,4,4,4)
r(10,1,4,5,5)
r(1,4,4,6,6)
r(2,2,4,7,7)
r(853,0,4,8,8)
r(54,0,4,9,9)
r(3,0,4,10,10)
r(5,2,4,11,11)
r(38,2,4,12,12)
r(3,0,4,13,13)
r(73,0,4,14,14)
r(696,0,4,15,15)
r(6,0,4,16,16)
r(618,0,4,17,17)
r(7,0,4,18,18)
w(13,1,4,19,19)
r(12,1,4,20,20)
r(688,0,4,21,21)
w(50,1,4,22,22)
r(20,1,4,23,23)
r(0,5,4,24,24)
r(153,0,4,25,25)
r(56,0,4,26,26)
r(161,0,4,27,27)
r(28,1,4,28,28)
r(25,0,4,29,29)
r(2,2,4,30,30)
r(16,0,4,31,31)
r(495,0,4,32,32)
r(0,5,4,33,33)
r(153,0,4,34,34)
r(10,1,4,35,35)
r(177,0,4,36,36)
r(88,0,4,37,37)
r(67,0,4,38,38)
r(683,0,4,39,39)
w(222,1,4,40,40)
r(213,0,4,41,41)
r(608,0,4,42,42)
r(370,0,4,43,43)
r(64,0,4,44,44)
w(97,1,4,45,45)
r(182,0,4,46,46)
r(94,0,4,47,47)
r(1,4,4,48,48)
r(26,0,4,49,49)
r(69,0,4,50,50)
r(319,0,4,51,51)
r(3,0,4,52,52)
w(0,6,4,53,53)
r(19,0,4,54,54)
r(5,2,4,55,55)
r(393,0,4,56,56)
w(5,3,4,57,57)
r(2,2,4,58,58)
r(965,0,4,59,59)
r(360,0,4,60,60)
r(2,2,4,61,61)
r(823,0,4,62,62)
r(339,0,4,63,63)
r(73,0,4,64,64)
r(4,2,4,65,65)
r(1,4,4,66,66)
r(32,0,4,67,67)
r(87,0,4,68,68)
r(588,0,4,69,69)
r(80,0,4,70,70)
r(37,0,4,71,71)
r(24,2,4,72,72)
r(85,0,4,73,73)
r(1,4,4,74,74)
r(22,0,4,75,75)
w(44,1,4,76,76)
r(192,0,4,77,77)
r(0,6,4,78,78)
r(604,0,4,79,79)
w(448,1,4,80,80)
r(2,2,4,81,81)
r(1,4,4,82,82)
r(24,2,4,83,83)
r(2,2,4,84,84)
r(12,1,4,85,85)
w(29,1,4,86,86)
r(118,0,4,87,87)
r(3,0,4,88,88)
w(1,5,4,89,89)
r(40,0,4,90,90)
r(3,0,4,91,91)
r(102,0,4,92,92)
r(33,0,4,93,93)
r(2,2,4,94,94)
r(43,0,4,95,95)
r(55,0,4,96,96)
r(6,0,4,97,97)
r(2,2,4,98,98)
r(0,6,4,99,99)
r(117,0,5,0,0)
r(2,2,5,1,1)
r(58,1,5,2,2)
r(0,6,5,3,3)
r(226,0,5,4,4)
r(12,1,5,5,5)
r(207,0,5,6,6)
r(0,6,5,7,7)
r(6,0,5,8,8)
r(4,2,5,9,9)
r(10,1,5,10,10)
r(12,1,5,11,11)
r(20,1,5,12,12)
w(1,6,5,13,13)
r(50,1,5,14,14)
w(647,1,5,15,15)
r(4,2,5,16,16)
r(9,0,5,17,17)
r(484,0,5,18,18)
r(5,3,5,19,19)
r(470,0,5,20,20)
r(4,2,5,21,21)
r(133,0,5,22,22)
r(3,0,5,23,23)
r(67,0,5,24,24)
r(37,0,5,25,25)
r(75,0,5,26,26)
w(2,3,5,27,27)
w(24,3,5,28,28)
r(94,0,5,29,29)
r(0,6,5,30,30)
r(110,1,5,31,31)
r(47,0,5,32,32)
r(16,0,5,33,33)
r(646,0,5,34,34)
r(8,0,5,35,35)
r(0,6,5,36,36)
r(0,6,5,37,37)
r(0,6,5,38,38)
r(0,6,5,39,39)
r(346,0,5,40,40)
r(54,0,5,41,41)
r(165,0,5,42,42)
w(254,1,5,43,43)
r(7,0,5,44,44)
r(0,6,5,45,45)
r(21,0,5,46,46)
r(0,6,5,47,47)
w(952,1,5,48,48)
w(0,7,5,49,49)
r(1,6,5,50,50)
r(9,0,5,51,51)
r(4,2,5,52,52)
r(2,3,5,53,53)
r(176,0,5,54,54)
w(15,1,5,55,55)
r(16,0,5,56,56)
r(67,0,5,57,57)
r(312,1,5,58,58)
r(75,0,5,59,59)
r(1,6,5,60,60)
r(67,0,5,61,61)
r(1,6,5,62,62)
r(51,1,5,63,63)
r(0,7,5,64,64)
r(5,3,5,65,65)
r(755,0,5,66,66)
r(14,0,5,67,67)
r(426,0,5,68,68)
r(547,0,5,69,69)
r(258,0,5,70,70)
r(5,3,5,71,71)
r(1,6,5,72,72)
r(79,0,5,73,73)
r(81,0,5,74,74)
r(57,0,5,75,75)
r(29,1,5,76,76)
r(669,0,5,77,77)
r(268,0,5,78,78)
w(72,1,5,79,79)
r(0,7,5,80,80)
r(3,0,5,81,81)
r(5,3,5,82,82)
r(24,3,5,83,83)
r(95,0,5,84,84)
r(17,0,5,85,85)
r(3,0,5,86,86)
r(492,0,5,87,87)
r(98,0,5,88,88)
r(1,6,5,89,89)
r(4,2,5,90,90)
r(4,2,5,91,91)
r(169,0,5,92,92)
r(2,3,5,93,93)
r(1,6,5,94,94)
r(50,1,5,95,95)
r(89,0,5,96,96)
r(9,0,5,97,97)
w(9,1,5,98,98)
r(364,0,5,99,99)
r(19,0,6,0,0)
r(0,7,6,1,1)
r(11,2,6,2,2)
r(433,0,6,3,3)
r(96,1,6,4,4)
r(0,7,6,5,5)
r(4,2,6,6,6)
w(4,3,6,7,7)
r(0,7,6,8,8)
r(17,0,6,9,9)
r(9,1,6,10,10)
r(0,7,6,11,11)
r(381,0,6,12,12)
r(26,0,6,13,13)
r(7,0,6,14,14)
r(429,0,6,15,15)
w(137,1,6,16,16)
r(128,1,6,17,17)
r(388,0,6,18,18)
r(646,0,6,19,19)
r(770,0,6,20,20)
w(751,1,6,21,21)
r(1,6,6,22,22)
r(36,0,6,23,23)
r(1,6,6,24,24)
r(328,0,6,25,25)
r(5,3,6,26,26)
r(104,0,6,27,27)
w(259,1,6,28,28)
r(1,6,6,29,29)
r(14,0,6,30,30)
r(2,3,6,31,31)
r(33,0,6,32,32)
r(22,0,6,33,33)
r(0,7,6,34,34)
r(8,0,6,35,35)
r(170,0,6,36,36)
r(669,0,6,37,37)
r(1,6,6,38,38)
r(44,1,6,39,39)
r(7,0,6,40,40)
r(301,0,6,41,41)
w(3,1,6,42,42)
w(21,1,6,43,43)
r(12,1,6,44,44)
r(33,0,6,45,45)
r(890,0,6,46,46)
w(651,1,6,47,47)
r(13,1,6,48,48)
w(1,7,6,49,49)
r(17,0,6,50,50)
r(7,0,6,51,51)
r(113,1,6,52,52)
r(3,1,6,53,53)
r(1,7,6,54,54)
r(0,7,6,55,55)
r(232,0,6,56,56)
r(19,0,6,57,57)
r(316,0,6,58,58)
w(1,8,6,59,59)
w(4,4,6,60,60)
r(39,1,6,61,61)
r(10,1,6,62,62)
r(128,1,6,63,63)
r(4,4,6,64,64)
r(9,1,6,65,65)
r(19,0,6,66,66)
r(3,1,6,67,67)
w(373,1,6,68,68)
r(79,0,6,69,69)
r(683,0,6,70,70)
r(624,0,6,71,71)
r(80,0,6,72,72)
r(1,8,6,73,73)
r(1,8,6,74,74)
r(55,0,6,75,75)
r(228,0,6,76,76)
r(0,7,6,77,77)
w(31,2,6,78,78)
r(70,0,6,79,79)
r(96,1,6,80,80)
r(433,0,6,81,81)
r(57,0,6,82,82)
r(51,1,6,83,83)
r(18,0,6,84,84)
r(18,0,6,85,85)
r(859,0,6,86,86)
r(5,3,6,87,87)
r(52,0,6,88,88)
r(734,0,6,89,89)
r(4,4,6,90,90)
r(105,0,6,91,91)
w(410,1,6,92,92)
w(114,1,6,93,93)
r(852,0,6,94,94)
r(36,0,6,95,95)
r(2,3,6,96,96)
r(75,0,6,97,97)
r(0,7,6,98,98)
r(0,7,6,99,99)
w(182,1,7,0,0)
r(308,0,7,1,1)
r(22,0,7,2,2)
w(0,8,7,3,3)
r(51,1,7,4,4)
r(26,0,7,5,5)
r(9,1,7,6,6)
w(20,2,7,7,7)
r(152,0,7,8,8)
r(90,1,7,9,9)
w(441,1,7,10,10)
r(321,0,7,11,11)
w(1,9,7,12,12)
r(490,0,7,13,13)
w(82,1,7,14,14)
r(0,8,7,15,15)
r(0,8,7,16,16)
r(455,0,7,17,17)
w(49,1,7,18,18)
r(56,0,7,19,19)
r(0,8,7,20,20)
r(9,1,7,21,21)
w(4,5,7,22,22)
r(455,0,7,23,23)
r(506,0,7,24,24)
r(0,8,7,25,25)
r(147,0,7,26,26)
r(318,0,7,27,27)
r(37,0,7,28,28)
r(12,1,7,29,29)
r(0,8,7,30,30)
w(641,1,7,31,31)
r(5,3,7,32,32)
r(819,0,7,33,33)
r(32,0,7,34,34)
r(1,9,7,35,35)
r(435,0,7,36,36)
r(18,0,7,37,37)
r(1,9,7,38,38)
r(15,1,7,39,39)
r(2,3,7,40,40)
r(0,8,7,41,41)
r(14,0,7,42,42)
r(274,0,7,43,43)
r(773,0,7,44,44)
r(0,8,7,45,45)
r(0,8,7,46,46)
r(4,5,7,47,47)
w(0,9,7,48,48)
r(0,9,7,49,49)
r(5,3,7,50,50)
r(151,0,7,51,51)
w(151,1,7,52,52)
r(4,5,7,53,53)
r(74,1,7,54,54)
r(20,2,7,55,55)
r(67,0,7,56,56)
r(28,1,7,57,57)
r(156,0,7,58,58)
r(88,0,7,59,59)
r(55,0,7,60,60)
w(0,10,7,61,61)
r(2,3,7,62,62)
r(48,1,7,63,63)
r(0,10,7,64,64)
r(31,2,7,65,65)
r(1,9,7,66,66)
r(3,1,7,67,67)
r(70,0,7,68,68)
r(693,0,7,69,69)
r(251,0,7,70,70)
r(5,3,7,71,71)
r(91,0,7,72,72)
r(484,0,7,73,73)
r(357,0,7,74,74)
w(15,2,7,75,75)
r(17,0,7,76,76)
r(851,0,7,77,77)
r(6,0,7,78,78)
r(91,0,7,79,79)
r(485,0,7,80,80)
r(10,1,7,81,81)
r(297,0,7,82,82)
r(572,0,7,83,83)
r(94,0,7,84,84)
r(0,10,7,85,85)
r(0,10,7,86,86)
r(26,0,7,87,87)
w(638,1,7,88,88)
r(3,1,7,89,89)
r(5,3,7,90,90)
r(334,1,7,91,91)
r(8,0,7,92,92)
r(717,0,7,93,93)
r(0,10,7,94,94)
r(194,0,7,95,95)
w(3,2,7,96,96)
r(4,5,7,97,97)
r(84,0,7,98,98)
r(0,10,7,99,99)
r(156,0,8,0,0)
r(144,0,8,1,1)
r(0,10,8,2,2)
r(94,0,8,3,3)
w(380,1,8,4,4)
r(1,9,8,5,5)
r(0,10,8,6,6)
r(725,0,8,7,7)
r(195,0,8,8,8)
r(3,2,8,9,9)
r(700,0,8,10,10)
r(10,1,8,11,11)
r(4,5,8,12,12)
r(569,0,8,13,13)
r(49,1,8,14,14)
r(266,0,8,15,15)
r(0,10,8,16,16)
r(466,0,8,17,17)
r(225,0,8,18,18)
r(2,3,8,19,19)
r(0,10,8,20,20)
w(3,3,8,21,21)
r(0,10,8,22,22)
r(0,10,8,23,23)
r(6,0,8,24,24)
w(9,2,8,25,25)
r(7,0,8,26,26)
r(0,10,8,27,27)
r(310,0,8,28,28)
r(17,0,8,29,29)
w(0,11,8,30,30)
r(0,11,8,31,31)
r(44,1,8,32,32)
w(50,2,8,33,33)
r(469,0,8,34,34)
r(13,1,8,35,35)
r(48,1,8,36,36)
r(577,0,8,37,37)
r(226,0,8,38,38)
r(0,11,8,39,39)
w(651,2,8,40,40)
r(17,0,8,41,41)
r(20,2,8,42,42)
w(694,1,8,43,43)
r(26,0,8,44,44)
r(371,0,8,45,45)
r(0,11,8,46,46)
r(57,0,8,47,47)
r(34,0,8,48,48)
r(0,11,8,49,49)
r(10,1,8,50,50)
r(598,0,8,51,51)
r(26,0,8,52,52)
r(309,0,8,53,53)
r(2,3,8,54,54)
r(1,9,8,55,55)
r(3,3,8,56,56)
r(31,2,8,57,57)
r(36,0,8,58,58)
r(131,0,8,59,59)
r(45,0,8,60,60)
r(16,0,8,61,61)
r(150,0,8,62,62)
r(718,0,8,63,63)
r(1,9,8,64,64)
w(396,1,8,65,65)
r(78,0,8,66,66)
r(427,0,8,67,67)
r(74,1,8,68,68)
r(2,3,8,69,69)
r(847,0,8,70,70)
r(0,11,8,71,71)
r(726,0,8,72,72)
r(109,0,8,73,73)
r(0,11,8,74,74)
r(65,0,8,75,75)
r(163,0,8,76,76)
r(8,0,8,77,77)
r(72,1,8,78,78)
r(18,0,8,79,79)
r(0,11,8,80,80)
w(13,2,8,81,81)
r(16,0,8,82,82)
r(95,0,8,83,83)
r(940,0,8,84,84)
r(690,0,8,85,85)
r(6,0,8,86,86)
r(31,2,8,87,87)
r(11,2,8,88,88)
r(305,0,8,89,89)
r(17,0,8,90,90)
r(0,11,8,91,91)
r(60,0,8,92,92)
r(2,3,8,93,93)
r(0,11,8,94,94)
r(114,1,8,95,95)
r(6,0,8,96,96)
r(178,0,8,97,97)
w(191,1,8,98,98)
r(45,0,8,99,99)
w(31,3,9,0,0)
w(3,4,9,1,1)
w(0,12,9,2,2)
r(1,9,9,3,3)
r(18,0,9,4,4)
r(87,0,9,5,5)
w(290,1,9,6,6)
r(472,0,9,7,7)
r(79,0,9,8,8)
r(792,0,9,9,9)
r(152,0,9,10,10)
r(324,0,9,11,11)
r(11,2,9,12,12)
r(7,0,9,13,13)
r(131,0,9,14,14)
r(81,0,9,15,15)
r(44,1,9,16,16)
r(0,12,9,17,17)
r(1,9,9,18,18)
r(1,9,9,19,19)
w(15,3,9,20,20)
r(80,0,9,21,21)
r(2,3,9,22,22)
r(342,0,9,23,23)
r(115,0,9,24,24)
r(33,0,9,25,25)
r(6,0,9,26,26)
r(115,0,9,27,27)
r(261,0,9,28,28)
w(0,13,9,29,29)
w(30,1,9,30,30)
r(3,4,9,31,31)
r(127,0,9,32,32)
r(116,0,9,33,33)
r(24,3,9,34,34)
r(2,3,9,35,35)
r(789,0,9,36,36)
r(0,13,9,37,37)
r(18,0,9,38,38)
r(0,13,9,39,39)
r(825,0,9,40,40)
r(16,0,9,41,41)
r(332,0,9,42,42)
r(3,4,9,43,43)
r(2,3,9,44,44)
r(192,0,9,45,45)
r(93,0,9,46,46)
r(102,0,9,47,47)
r(39,1,9,48,48)
r(80,0,9,49,49)
r(0,13,9,50,50)
r(27,1,9,51,51)
r(232,0,9,52,52)
r(10,1,9,53,53)
r(529,0,9,54,54)
r(72,1,9,55,55)
r(114,1,9,56,56)
r(0,13,9,57,57)
r(0,13,9,58,58)
r(4,5,9,59,59)
w(1,10,9,60,60)
r(64,0,9,61,61)
r(48,1,9,62,62)
r(5,3,9,63,63)
r(42,0,9,64,64)
r(103,1,9,65,65)
r(22,0,9,66,66)
r(202,0,9,67,67)
r(200,0,9,68,68)
r(68,0,9,69,69)
r(32,0,9,70,70)
r(8,0,9,71,71)
r(8,0,9,72,72)
r(0,13,9,73,73)
r(7,0,9,74,74)
r(15,3,9,75,75)
r(0,13,9,76,76)
r(2,3,9,77,77)
r(8,0,9,78,78)
r(687,0,9,79,79)
r(0,13,9,80,80)
r(67,0,9,81,81)
r(179,0,9,82,82)
w(10,2,9,83,83)
r(7,0,9,84,84)
r(38,2,9,85,85)
r(20,2,9,86,86)
r(1,10,9,87,87)
r(104,0,9,88,88)
r(55,0,9,89,89)
r(177,0,9,90,90)
r(4,5,9,91,91)
r(22,0,9,92,92)
r(13,2,9,93,93)
r(26,0,9,94,94)
r(0,13,9,95,95)
w(20,3,9,96,96)
w(78,1,9,97,97)
r(1,10,9,98,98)
r(1,10,9,99,99)
r(3,4,10,0,0)
r(0,13,10,1,1)
r(1,10,10,2,2)
r(6,0,10,3,3)
w(321,1,10,4,4)
w(611,1,10,5,5)
r(4,5,10,6,6)
r(0,13,10,7,7)
r(1,10,10,8,8)
r(1,10,10,9,9)
r(2,3,10,10,10)
r(427,0,10,11,11)
r(52,0,10,12,12)
r(30,1,10,13,13)
r(13,2,10,14,14)
w(21,2,10,15,15)
r(60,0,10,16,16)
r(806,0,10,17,17)
r(60,0,10,18,18)
r(663,0,10,19,19)
r(2,3,10,20,20)
r(0,13,10,21,21)
r(0,13,10,22,22)
r(1,10,10,23,23)
r(18,0,10,24,24)
r(1,10,10,25,25)
r(2,3,10,26,26)
r(2,3,10,27,27)
w(0,14,10,28,28)
r(240,0,10,29,29)
r(7,0,10,30,30)
r(13,2,10,31,31)
r(997,0,10,32,32)
r(4,5,10,33,33)
w(4,6,10,34,34)
r(331,0,10,35,35)
r(142,0,10,36,36)
r(3,4,10,37,37)
r(89,0,10,38,38)
r(0,14,10,39,39)
r(855,0,10,40,40)
r(328,0,10,41,41)
r(97,1,10,42,42)
r(7,0,10,43,43)
r(218,0,10,44,44)
w(0,15,10,45,45)
r(49,1,10,46,46)
w(106,1,10,47,47)
w(390,1,10,48,48)
r(315,0,10,49,49)
r(4,6,10,50,50)
r(45,0,10,51,51)
r(8,0,10,52,52)
r(15,3,10,53,53)
r(0,15,10,54,54)
r(579,0,10,55,55)
r(88,0,10,56,56)
r(45,0,10,57,57)
r(0,15,10,58,58)
r(5,3,10,59,59)
w(1,11,10,60,60)
r(11,2,10,61,61)
r(39,1,10,62,62)
r(11,2,10,63,63)
r(161,0,10,64,64)
w(2,4,10,65,65)
w(7,1,10,66,66)
r(32,0,10,67,67)
r(2,4,10,68,68)
r(12,1,10,69,69)
r(0,15,10,70,70)
r(150,0,10,71,71)
r(656,0,10,72,72)
r(4,6,10,73,73)
r(38,2,10,74,74)
w(31,4,10,75,75)
r(365,0,10,76,76)
r(0,15,10,77,77)
w(85,1,10,78,78)
r(505,0,10,79,79)
r(1,11,10,80,80)
r(3,4,10,81,81)
r(53,0,10,82,82)
r(1,11,10,83,83)
r(341,0,10,84,84)
r(46,0,10,85,85)
r(19,0,10,86,86)
r(0,15,10,87,87)
r(306,0,10,88,88)
r(208,0,10,89,89)
r(1,11,10,90,90)
r(146,0,10,91,91)
r(27,1,10,92,92)
r(29,1,10,93,93)
r(2,4,10,94,94)
r(2,4,10,95,95)
r(49,1,10,96,96)
r(0,15,10,97,97)
r(0,15,10,98,98)
r(0,15,10,99,99)
w(8,1,11,0,0)
r(9,2,11,1,1)
r(11,2,11,2,2)
r(23,0,11,3,3)
r(17,0,11,4,4)
r(737,0,11,5,5)
r(111,0,11,6,6)
r(1,11,11,7,7)
r(638,1,11,8,8)
r(8,1,11,9,9)
r(0,15,11,10,10)
r(28,1,11,11,11)
w(410,2,11,12,12)
r(363,0,11,13,13)
r(225,0,11,14,14)
r(320,1,11,15,15)
r(73,0,11,16,16)
r(0,15,11,17,17)
r(1,11,11,18,18)
r(12,1,11,19,19)
w(12,2,11,20,20)
r(2,4,11,21,21)
r(78,1,11,22,22)
r(0,15,11,23,23)
r(4,6,11,24,24)
w(130,1,11,25,25)
r(579,0,11,26,26)
r(328,0,11,27,27)
r(3,4,11,28,28)
r(1,11,11,29,29)
r(2,4,11,30,30)
r(252,0,11,31,31)
w(1,12,11,32,32)
r(5,3,11,33,33)
w(829,1,11,34,34)
r(946,0,11,35,35)
r(4,6,11,36,36)
r(22,0,11,37,37)
r(151,1,11,38,38)
r(65,0,11,39,39)
r(33,0,11,40,40)
r(133,0,11,41,41)
r(0,15,11,42,42)
r(47,0,11,43,43)
r(122,0,11,44,44)
r(1,12,11,45,45)
r(2,4,11,46,46)
r(30,1,11,47,47)
r(3,4,11,48,48)
r(27,1,11,49,49)
r(0,15,11,50,50)
r(29,1,11,51,51)
r(41,0,11,52,52)
w(264,1,11,53,53)
r(23,0,11,54,54)
r(4,6,11,55,55)
r(11,2,11,56,56)
r(562,0,11,57,57)
r(2,4,11,58,58)
w(2,5,11,59,59)
r(5,3,11,60,60)
r(19,0,11,61,61)
r(44,1,11,62,62)
r(163,0,11,63,63)
r(3,4,11,64,64)
r(277,0,11,65,65)
r(1,12,11,66,66)
r(5,3,11,67,67)
w(144,1,11,68,68)
r(222,1,11,69,69)
r(65,0,11,70,70)
r(68,0,11,71,71)
r(189,0,11,72,72)
r(1,12,11,73,73)
r(58,1,11,74,74)
r(335,0,11,75,75)
r(11,2,11,76,76)
r(9,2,11,77,77)
r(0,15,11,78,78)
r(0,15,11,79,79)
r(40,0,11,80,80)
r(13,2,11,81,81)
r(3,4,11,82,82)
r(89,0,11,83,83)
r(1,12,11,84,84)
r(0,15,11,85,85)
w(10,3,11,86,86)
w(0,16,11,87,87)
r(494,0,11,88,88)
r(51,1,11,89,89)
r(27,1,11,90,90)
r(7,1,11,91,91)
r(546,0,11,92,92)
w(0,17,11,93,93)
r(30,1,11,94,94)
r(1,12,11,95,95)
r(9,2,11,96,96)
r(4,6,11,97,97)
r(273,0,11,98,98)
r(316,0,11,99,99)
r(0,17,12,0,0)
r(1,12,12,1,1)
r(558,0,12,2,2)
r(0,17,12,3,3)
r(430,0,12,4,4)
r(7,1,12,5,5)
r(390,1,12,6,6)
r(174,0,12,7,7)
r(17,0,12,8,8)
r(0,17,12,9,9)
w(425,1,12,10,10)
r(12,2,12,11,11)
r(11,2,12,12,12)
r(3,4,12,13,13)
r(35,0,12,14,14)
r(0,17,12,15,15)
r(119,0,12,16,16)
r(16,0,12,17,17)
r(13,2,12,18,18)
r(102,0,12,19,19)
r(890,0,12,20,20)
r(650,0,12,21,21)
r(38,2,12,22,22)
r(1,12,12,23,23)
r(88,0,12,24,24)
r(166,0,12,25,25)
r(110,1,12,26,26)
r(243,0,12,27,27)
r(635,0,12,28,28)
r(0,17,12,29,29)
r(356,0,12,30,30)
r(33,0,12,31,31)
r(100,0,12,32,32)
r(310,0,12,33,33)
r(13,2,12,34,34)
r(2,5,12,35,35)
r(258,0,12,36,36)
r(1,12,12,37,37)
r(32,0,12,38,38)
r(4,6,12,39,39)
r(429,0,12,40,40)
r(178,0,12,41,41)
r(7,1,12,42,42)
r(44,1,12,43,43)
r(2,5,12,44,44)
r(0,17,12,45,45)
r(3,4,12,46,46)
r(2,5,12,47,47)
r(44,1,12,48,48)
r(12,2,12,49,49)
r(420,0,12,50,50)
r(923,0,12,51,51)
r(4,6,12,52,52)
r(1,12,12,53,53)
r(643,0,12,54,54)
r(6,0,12,55,55)
r(0,17,12,56,56)
r(12,2,12,57,57)
r(695,0,12,58,58)
w(667,1,12,59,59)
r(759,0,12,60,60)
r(249,0,12,61,61)
r(8,1,12,62,62)
w(2,6,12,63,63)
r(844,0,12,64,64)
r(21,2,12,65,65)
r(4,6,12,66,66)
r(301,0,12,67,67)
r(124,0,12,68,68)
w(57,1,12,69,69)
r(18,0,12,70,70)
r(1,12,12,71,71)
r(0,17,12,72,72)
r(663,0,12,73,73)
r(146,0,12,74,74)
r(2,6,12,75,75)
w(0,18,12,76,76)
r(0,18,12,77,77)
r(0,18,12,78,78)
r(83,0,12,79,79)
r(14,0,12,80,80)
r(1,12,12,81,81)
r(104,0,12,82,82)
w(1,13,12,83,83)
r(30,1,12,84,84)
r(367,0,12,85,85)
r(122,0,12,86,86)
r(0,18,12,87,87)
w(0,19,12,88,88)
r(0,19,12,89,89)
r(0,19,12,90,90)
r(346,0,12,91,91)
r(0,19,12,92,92)
r(456,0,12,93,93)
r(283,0,12,94,94)
r(2,6,12,95,95)
w(0,20,12,96,96)
w(1,14,12,97,97)
r(249,0,12,98,98)
r(0,20,12,99,99)
r(12,2,13,0,0)
r(1,14,13,1,1)
r(5,3,13,2,2)
r(311,0,13,3,3)
r(2,6,13,4,4)
r(293,0,13,5,5)
w(3,5,13,6,6)
r(456,0,13,7,7)
r(701,0,13,8,8)
r(14,0,13,9,9)
r(9,2,13,10,10)
r(35,0,13,11,11)
r(103,1,13,12,12)
r(263,0,13,13,13)
r(40,0,13,14,14)
r(0,20,13,15,15)
w(11,3,13,16,16)
r(459,0,13,17,17)
r(446,0,13,18,18)
r(111,0,13,19,19)
r(5,3,13,20,20)
r(407,0,13,21,21)
w(0,21,13,22,22)
r(82,1,13,23,23)
w(1,15,13,24,24)
r(276,0,13,25,25)
r(666,0,13,26,26)
r(5,3,13,27,27)
r(81,0,13,28,28)
w(867,1,13,29,29)
r(556,0,13,30,30)
r(0,21,13,31,31)
r(8,1,13,32,32)
r(557,0,13,33,33)
r(814,0,13,34,34)
r(584,0,13,35,35)
r(629,0,13,36,36)
r(2,6,13,37,37)
r(38,2,13,38,38)
r(0,21,13,39,39)
r(166,0,13,40,40)
r(3,5,13,41,41)
r(828,0,13,42,42)
r(0,21,13,43,43)
r(223,0,13,44,44)
r(59,0,13,45,45)
r(1,15,13,46,46)
r(767,0,13,47,47)
r(2,6,13,48,48)
r(898,0,13,49,49)
w(1,16,13,50,50)
r(25,0,13,51,51)
r(85,1,13,52,52)
w(413,1,13,53,53)
r(243,0,13,54,54)
r(951,0,13,55,55)
r(235,0,13,56,56)
r(71,1,13,57,57)
r(36,0,13,58,58)
r(20,3,13,59,59)
r(139,0,13,60,60)
r(235,0,13,61,61)
r(566,0,13,62,62)
r(2,6,13,63,63)
r(1,16,13,64,64)
r(0,21,13,65,65)
r(937,0,13,66,66)
r(639,0,13,67,67)
r(59,0,13,68,68)
r(23,0,13,69,69)
r(0,21,13,70,70)
r(109,0,13,71,71)
r(2,6,13,72,72)
r(290,1,13,73,73)
r(273,0,13,74,74)
r(1,16,13,75,75)
r(9,2,13,76,76)
r(30,1,13,77,77)
r(231,0,13,78,78)
w(44,2,13,79,79)
r(866,0,13,80,80)
r(93,0,13,81,81)
r(8,1,13,82,82)
r(80,0,13,83,83)
r(6,0,13,84,84)
r(45,0,13,85,85)
r(917,0,13,86,86)
r(323,0,13,87,87)
r(73,0,13,88,88)
r(6,0,13,89,89)
r(5,3,13,90,90)
r(8,1,13,91,91)
r(6,0,13,92,92)
r(694,1,13,93,93)
w(111,1,13,94,94)
r(37,0,13,95,95)
r(0,21,13,96,96)
r(6,0,13,97,97)
r(10,3,13,98,98)
r(136,0,13,99,99)
r(19,0,14,0,0)
r(158,0,14,1,1)
r(270,0,14,2,2)
r(33,0,14,3,3)
w(0,22,14,4,4)
r(1,16,14,5,5)
r(82,1,14,6,6)
r(57,1,14,7,7)
r(2,6,14,8,8)
r(64,0,14,9,9)
r(1,16,14,10,10)
w(4,7,14,11,11)
w(0,23,14,12,12)
r(0,23,14,13,13)
r(949,0,14,14,14)
w(1,17,14,15,15)
r(21,2,14,16,16)
r(1,17,14,17,17)
r(1,17,14,18,18)
r(126,0,14,19,19)
r(166,0,14,20,20)
r(144,1,14,21,21)
r(14,0,14,22,22)
w(3,6,14,23,23)
r(12,2,14,24,24)
r(11,3,14,25,25)
r(116,0,14,26,26)
r(28,1,14,27,27)
r(31,4,14,28,28)
r(0,23,14,29,29)
r(4,7,14,30,30)
r(118,0,14,31,31)
r(0,23,14,32,32)
r(840,0,14,33,33)
r(1,17,14,34,34)
r(95,0,14,35,35)
r(309,0,14,36,36)
r(40,0,14,37,37)
r(0,23,14,38,38)
r(214,0,14,39,39)
r(978,0,14,40,40)
r(225,0,14,41,41)
r(43,0,14,42,42)
r(236,0,14,43,43)
r(102,0,14,44,44)
r(119,0,14,45,45)
r(15,3,14,46,46)
r(6,0,14,47,47)
r(3,6,14,48,48)
r(0,23,14,49,49)
r(23,0,14,50,50)
r(4,7,14,51,51)
r(228,0,14,52,52)
r(13,2,14,53,53)
w(1,18,14,54,54)
r(93,0,14,55,55)
r(46,0,14,56,56)
r(25,0,14,57,57)
r(4,7,14,58,58)
w(1,19,14,59,59)
r(0,23,14,60,60)
r(1,19,14,61,61)
r(4,7,14,62,62)
r(201,0,14,63,63)
r(59,0,14,64,64)
r(2,6,14,65,65)
r(0,23,14,66,66)
r(28,1,14,67,67)
r(37,0,14,68,68)
r(441,1,14,69,69)
r(262,0,14,70,70)
r(483,0,14,71,71)
r(0,23,14,72,72)
r(33,0,14,73,73)
w(2,7,14,74,74)
r(9,2,14,75,75)
w(2,8,14,76,76)
r(2,8,14,77,77)
r(174,0,14,78,78)
r(250,0,14,79,79)
r(272,0,14,80,80)
r(160,0,14,81,81)
r(1,19,14,82,82)
r(203,0,14,83,83)
r(10,3,14,84,84)
r(3,6,14,85,85)
r(23,0,14,86,86)
r(21,2,14,87,87)
w(15,4,14,88,88)
r(1,19,14,89,89)
r(3,6,14,90,90)
w(24,4,14,91,91)
r(30,1,14,92,92)
r(7,1,14,93,93)
r(6,0,14,94,94)
r(20,3,14,95,95)
r(10,3,14,96,96)
r(20,3,14,97,97)
r(2,8,14,98,98)
r(488,0,14,99,99)
r(0,23,15,0,0)
r(0,23,15,1,1)
r(60,0,15,2,2)
r(22,0,15,3,3)
r(40,0,15,4,4)
r(340,0,15,5,5)
r(506,0,15,6,6)
r(55,0,15,7,7)
r(0,23,15,8,8)
r(0,23,15,9,9)
r(2,8,15,10,10)
r(140,0,15,11,11)
r(2,8,15,12,12)
r(2,8,15,13,13)
r(0,23,15,14,14)
r(59,0,15,15,15)
r(49,1,15,16,16)
r(95,0,15,17,17)
r(0,23,15,18,18)
r(3,6,15,19,19)
r(18,0,15,20,20)
r(0,23,15,21,21)
r(2,8,15,22,22)
r(33,0,15,23,23)
r(605,0,15,24,24)
r(2,8,15,25,25)
w(0,24,15,26,26)
r(12,2,15,27,27)
r(20,3,15,28,28)
r(0,24,15,29,29)
r(0,24,15,30,30)
r(5,3,15,31,31)
w(26,1,15,32,32)
r(262,0,15,33,33)
w(134,1,15,34,34)
r(14,0,15,35,35)
r(482,0,15,36,36)
r(1,19,15,37,37)
r(422,0,15,38,38)
r(0,24,15,39,39)
w(40,1,15,40,40)
r(97,1,15,41,41)
r(620,0,15,42,42)
r(13,2,15,43,43)
r(9,2,15,44,44)
r(639,0,15,45,45)
r(354,0,15,46,46)
r(223,0,15,47,47)
r(93,0,15,48,48)
r(0,24,15,49,49)
r(953,0,15,50,50)
r(31,4,15,51,51)
r(2,8,15,52,52)
r(455,0,15,53,53)
r(26,1,15,54,54)
r(346,0,15,55,55)
r(207,0,15,56,56)
r(6,0,15,57,57)
r(89,0,15,58,58)
r(1,19,15,59,59)
r(125,0,15,60,60)
r(49,1,15,61,61)
w(54,1,15,62,62)
r(56,0,15,63,63)
r(0,24,15,64,64)
w(75,1,15,65,65)
r(135,0,15,66,66)
r(119,0,15,67,67)
w(0,25,15,68,68)
r(95,0,15,69,69)
r(17,0,15,70,70)
r(0,25,15,71,71)
r(108,0,15,72,72)
r(56,0,15,73,73)
r(0,25,15,74,74)
r(3,6,15,75,75)
r(59,0,15,76,76)
w(261,1,15,77,77)
r(7,1,15,78,78)
r(0,25,15,79,79)
r(1,19,15,80,80)
w(4,8,15,81,81)
r(0,25,15,82,82)
r(153,0,15,83,83)
r(2,8,15,84,84)
r(501,0,15,85,85)
r(860,0,15,86,86)
r(3,6,15,87,87)
r(154,0,15,88,88)
r(13,2,15,89,89)
r(0,25,15,90,90)
r(9,2,15,91,91)
r(283,0,15,92,92)
r(584,0,15,93,93)
r(197,0,15,94,94)
r(2,8,15,95,95)
r(7,1,15,96,96)
r(5,3,15,97,97)
r(0,25,15,98,98)
r(124,0,15,99,99)
r(2,8,16,0,0)
r(805,0,16,1,1)
r(66,0,16,2,2)
w(649,1,16,3,3)
r(0,25,16,4,4)
r(2,8,16,5,5)
r(316,0,16,6,6)
r(9,2,16,7,7)
r(0,25,16,8,8)
r(1,19,16,9,9)
r(90,1,16,10,10)
r(97,1,16,11,11)
r(0,25,16,12,12)
r(30,1,16,13,13)
r(3,6,16,14,14)
r(6,0,16,15,15)
r(7,1,16,16,16)
r(10,3,16,17,17)
r(7,1,16,18,18)
w(310,1,16,19,19)
r(44,2,16,20,20)
r(0,25,16,21,21)
r(0,25,16,22,22)
r(265,0,16,23,23)
r(13,2,16,24,24)
r(82,1,16,25,25)
r(8,1,16,26,26)
r(506,0,16,27,27)
r(25,0,16,28,28)
r(0,25,16,29,29)
r(390,1,16,30,30)
r(0,25,16,31,31)
r(1,19,16,32,32)
r(1,19,16,33,33)
r(0,25,16,34,34)
r(5,3,16,35,35)
w(5,4,16,36,36)
r(27,1,16,37,37)
r(7,1,16,38,38)
r(13,2,16,39,39)
r(821,0,16,40,40)
r(122,0,16,41,41)
r(282,0,16,42,42)
r(182,1,16,43,43)
r(291,0,16,44,44)
w(1,20,16,45,45)
r(0,25,16,46,46)
r(785,0,16,47,47)
r(12,2,16,48,48)
r(3,6,16,49,49)
r(673,0,16,50,50)
r(0,25,16,51,51)
r(186,0,16,52,52)
w(0,26,16,53,53)
r(25,0,16,54,54)
r(540,0,16,55,55)
r(14,0,16,56,56)
w(26,2,16,57,57)
r(87,0,16,58,58)
r(71,1,16,59,59)
r(249,0,16,60,60)
r(356,0,16,61,61)
r(12,2,16,62,62)
r(8,1,16,63,63)
r(187,0,16,64,64)
r(0,26,16,65,65)
r(0,26,16,66,66)
r(173,0,16,67,67)
r(0,26,16,68,68)
r(421,0,16,69,69)
r(142,0,16,70,70)
r(39,1,16,71,71)
r(893,0,16,72,72)
r(31,4,16,73,73)
r(46,0,16,74,74)
r(95,0,16,75,75)
r(20,3,16,76,76)
r(4,8,16,77,77)
r(0,26,16,78,78)
r(2,8,16,79,79)
w(788,1,16,80,80)
r(10,3,16,81,81)
r(1,20,16,82,82)
w(250,1,16,83,83)
w(2,9,16,84,84)
r(448,1,16,85,85)
w(1,21,16,86,86)
r(1,21,16,87,87)
r(4,8,16,88,88)
r(140,0,16,89,89)
w(13,3,16,90,90)
r(224,0,16,91,91)
w(424,1,16,92,92)
r(3,6,16,93,93)
r(68,0,16,94,94)
r(703,0,16,95,95)
w(723,1,16,96,96)
r(815,0,16,97,97)
r(115,0,16,98,98)
r(0,26,16,99,99)
r(74,1,17,0,0)
r(0,26,17,1,1)
r(7,1,17,2,2)
r(0,26,17,3,3)
r(116,0,17,4,4)
r(902,0,17,5,5)
r(758,0,17,6,6)
r(253,0,17,7,7)
r(0,26,17,8,8)
r(504,0,17,9,9)
r(110,1,17,10,10)
r(14,0,17,11,11)
r(54,1,17,12,12)
r(68,0,17,13,13)
r(58,1,17,14,14)
r(990,0,17,15,15)
r(0,26,17,16,16)
r(12,2,17,17,17)
r(2,9,17,18,18)
r(787,0,17,19,19)
r(17,0,17,20,20)
r(0,26,17,21,21)
r(11,3,17,22,22)
r(112,0,17,23,23)
w(1,22,17,24,24)
r(18,0,17,25,25)
r(0,26,17,26,26)
w(123,1,17,27,27)
r(2,9,17,28,28)
r(550,0,17,29,29)
w(0,27,17,30,30)
r(44,2,17,31,31)
r(112,0,17,32,32)
r(623,0,17,33,33)
r(100,0,17,34,34)
r(0,27,17,35,35)
r(55,0,17,36,36)
r(2,9,17,37,37)
r(220,0,17,38,38)
r(0,27,17,39,39)
r(158,0,17,40,40)
r(1,22,17,41,41)
r(0,27,17,42,42)
r(274,0,17,43,43)
w(14,1,17,44,44)
r(7,1,17,45,45)
r(16,0,17,46,46)
r(4,8,17,47,47)
w(16,1,17,48,48)
r(1,22,17,49,49)
r(7,1,17,50,50)
r(0,27,17,51,51)
r(505,0,17,52,52)
r(45,0,17,53,53)
r(0,27,17,54,54)
r(2,9,17,55,55)
r(14,1,17,56,56)
r(3,6,17,57,57)
r(5,4,17,58,58)
r(0,27,17,59,59)
r(19,0,17,60,60)
r(0,27,17,61,61)
r(430,0,17,62,62)
r(1,22,17,63,63)
r(1,22,17,64,64)
r(18,0,17,65,65)
r(1,22,17,66,66)
r(2,9,17,67,67)
r(257,0,17,68,68)
r(764,0,17,69,69)
r(18,0,17,70,70)
w(62,1,17,71,71)
r(0,27,17,72,72)
r(0,27,17,73,73)
r(3,6,17,74,74)
r(23,0,17,75,75)
r(0,27,17,76,76)
r(26,2,17,77,77)
r(67,0,17,78,78)
r(688,0,17,79,79)
r(357,0,17,80,80)
r(121,0,17,81,81)
r(251,0,17,82,82)
r(367,0,17,83,83)
r(36,0,17,84,84)
r(799,0,17,85,85)
r(112,0,17,86,86)
r(2,9,17,87,87)
r(19,0,17,88,88)
r(19,0,17,89,89)
r(671,0,17,90,90)
r(1,22,17,91,91)
r(16,1,17,92,92)
r(131,0,17,93,93)
r(6,0,17,94,94)
r(916,0,17,95,95)
r(11,3,17,96,96)
r(1,22,17,97,97)
r(8,1,17,98,98)
r(0,27,17,99,99)
r(242,0,18,0,0)
r(3,6,18,1,1)
r(44,2,18,2,2)
r(1,22,18,3,3)
r(4,8,18,4,4)
r(1,22,18,5,5)
r(348,0,18,6,6)
r(26,2,18,7,7)
r(0,27,18,8,8)
r(384,0,18,9,9)
w(266,1,18,10,10)
r(508,0,18,11,11)
r(13,3,18,12,12)
r(360,0,18,13,13)
r(1,22,18,14,14)
r(0,27,18,15,15)
r(0,27,18,16,16)
r(0,27,18,17,17)
r(20,3,18,18,18)
r(54,1,18,19,19)
r(11,3,18,20,20)
r(45,0,18,21,21)
r(561,0,18,22,22)
r(0,27,18,23,23)
r(0,27,18,24,24)
r(14,1,18,25,25)
r(444,0,18,26,26)
r(152,0,18,27,27)
r(1,22,18,28,28)
r(648,0,18,29,29)
r(587,0,18,30,30)
r(19,0,18,31,31)
r(195,0,18,32,32)
r(0,27,18,33,33)
r(989,0,18,34,34)
r(598,0,18,35,35)
r(6,0,18,36,36)
r(550,0,18,37,37)
r(9,2,18,38,38)
w(920,1,18,39,39)
r(47,0,18,40,40)
r(3,6,18,41,41)
r(1,22,18,42,42)
w(108,1,18,43,43)
r(0,27,18,44,44)
r(825,0,18,45,45)
r(19,0,18,46,46)
r(13,3,18,47,47)
r(0,27,18,48,48)
r(29,1,18,49,49)
r(13,3,18,50,50)
r(1,22,18,51,51)
r(3,6,18,52,52)
r(38,2,18,53,53)
r(447,0,18,54,54)
r(0,27,18,55,55)
r(239,0,18,56,56)
r(48,1,18,57,57)
w(0,28,18,58,58)
r(0,28,18,59,59)
r(11,3,18,60,60)
r(28,1,18,61,61)
r(0,28,18,62,62)
w(46,1,18,63,63)
r(144,1,18,64,64)
r(0,28,18,65,65)
r(64,0,18,66,66)
r(664,0,18,67,67)
r(240,0,18,68,68)
w(0,29,18,69,69)
r(2,9,18,70,70)
r(123,1,18,71,71)
r(161,0,18,72,72)
r(11,3,18,73,73)
r(0,29,18,74,74)
r(0,29,18,75,75)
r(1,22,18,76,76)
r(5,4,18,77,77)
w(2,10,18,78,78)
r(535,0,18,79,79)
r(171,0,18,80,80)
r(6,0,18,81,81)
r(0,29,18,82,82)
r(273,0,18,83,83)
r(0,29,18,84,84)
r(350,0,18,85,85)
r(1,22,18,86,86)
r(15,4,18,87,87)
r(879,0,18,88,88)
r(12,2,18,89,89)
r(1,22,18,90,90)
r(16,1,18,91,91)
r(0,29,18,92,92)
r(31,4,18,93,93)
r(2,10,18,94,94)
r(1,22,18,95,95)
r(23,0,18,96,96)
r(0,29,18,97,97)
r(27,1,18,98,98)
r(0,29,18,99,99)
r(108,1,19,0,0)
r(180,0,19,1,1)
r(2,10,19,2,2)
r(243,0,19,3,3)
r(2,10,19,4,4)
r(43,0,19,5,5)
r(22,0,19,6,6)
r(212,0,19,7,7)
r(762,0,19,8,8)
r(0,29,19,9,9)
r(18,0,19,10,10)
r(27,1,19,11,11)
r(1,22,19,12,12)
r(87,0,19,13,13)
r(150,0,19,14,14)
r(14,1,19,15,15)
r(89,0,19,16,16)
r(110,1,19,17,17)
r(14,1,19,18,18)
r(0,29,19,19,19)
r(20,3,19,20,20)
r(8,1,19,21,21)
r(32,0,19,22,22)
r(318,0,19,23,23)
r(6,0,19,24,24)
r(2,10,19,25,25)
w(3,7,19,26,26)
r(3,7,19,27,27)
r(14,1,19,28,28)
r(1,22,19,29,29)
r(47,0,19,30,30)
r(49,1,19,31,31)
r(726,0,19,32,32)
r(206,0,19,33,33)
r(4,8,19,34,34)
r(4,8,19,35,35)
r(5,4,19,36,36)
r(2,10,19,37,37)
r(0,29,19,38,38)
r(0,29,19,39,39)
r(3,7,19,40,40)
r(157,0,19,41,41)
r(199,0,19,42,42)
r(250,1,19,43,43)
r(0,29,19,44,44)
r(524,0,19,45,45)
r(23,0,19,46,46)
r(537,0,19,47,47)
r(651,2,19,48,48)
w(49,2,19,49,49)
r(24,4,19,50,50)
w(297,1,19,51,51)
w(67,1,19,52,52)
r(287,0,19,53,53)
r(18,0,19,54,54)
r(26,2,19,55,55)
r(11,3,19,56,56)
w(209,1,19,57,57)
w(146,1,19,58,58)
r(0,29,19,59,59)
r(33,0,19,60,60)
r(6,0,19,61,61)
r(6,0,19,62,62)
r(2,10,19,63,63)
r(286,0,19,64,64)
r(52,0,19,65,65)
r(5,4,19,66,66)
r(253,0,19,67,67)
r(34,0,19,68,68)
r(432,0,19,69,69)
r(94,0,19,70,70)
r(0,29,19,71,71)
w(82,2,19,72,72)
r(0,29,19,73,73)
r(1,22,19,74,74)
r(1,22,19,75,75)
r(7,1,19,76,76)
r(411,0,19,77,77)
r(55,0,19,78,78)
r(3,7,19,79,79)
r(28,1,19,80,80)
r(5,4,19,81,81)
r(467,0,19,82,82)
r(8,1,19,83,83)
r(160,0,19,84,84)
r(36,0,19,85,85)
r(71,1,19,86,86)
r(187,0,19,87,87)
r(2,10,19,88,88)
r(187,0,19,89,89)
r(826,0,19,90,90)
r(3,7,19,91,91)
r(14,1,19,92,92)
r(0,29,19,93,93)
r(19,0,19,94,94)
w(1,23,19,95,95)
r(92,0,19,96,96)
r(365,0,19,97,97)
r(38,2,19,98,98)
r(1,23,19,99,99)
r(245,0,20,0,0)
r(10,3,20,1,1)
r(247,0,20,2,2)
r(42,0,20,3,3)
r(4,8,20,4,4)
r(5,4,20,5,5)
r(42,0,20,6,6)
r(209,1,20,7,7)
w(811,1,20,8,8)
r(26,2,20,9,9)
r(19,0,20,10,10)
r(35,0,20,11,11)
r(36,0,20,12,12)
r(738,0,20,13,13)
r(479,0,20,14,14)
r(845,0,20,15,15)
r(1,23,20,16,16)
w(16,2,20,17,17)
r(2,10,20,18,18)
r(3,7,20,19,19)
r(450,0,20,20,20)
r(1,23,20,21,21)
r(309,0,20,22,22)
r(483,0,20,23,23)
r(899,0,20,24,24)
r(0,29,20,25,25)
r(22,0,20,26,26)
r(819,0,20,27,27)
r(0,29,20,28,28)
w(870,1,20,29,29)
w(1,24,20,30,30)
r(93,0,20,31,31)
r(0,29,20,32,32)
r(275,0,20,33,33)
w(0,30,20,34,34)
r(2,10,20,35,35)
r(813,0,20,36,36)
r(43,0,20,37,37)
r(8,1,20,38,38)
r(80,0,20,39,39)
w(25,1,20,40,40)
r(7,1,20,41,41)
r(4,8,20,42,42)
w(0,31,20,43,43)
r(3,7,20,44,44)
r(232,0,20,45,45)
r(1,24,20,46,46)
r(10,3,20,47,47)
r(0,31,20,48,48)
r(23,0,20,49,49)
w(4,9,20,50,50)
r(536,0,20,51,51)
r(0,31,20,52,52)
r(239,0,20,53,53)
r(324,0,20,54,54)
r(1,24,20,55,55)
r(1,24,20,56,56)
r(0,31,20,57,57)
r(611,1,20,58,58)
r(263,0,20,59,59)
r(48,1,20,60,60)
r(10,3,20,61,61)
r(96,1,20,62,62)
r(14,1,20,63,63)
r(5,4,20,64,64)
r(21,2,20,65,65)
r(15,4,20,66,66)
r(331,0,20,67,67)
r(42,0,20,68,68)
r(0,31,20,69,69)
r(291,0,20,70,70)
r(282,0,20,71,71)
r(16,2,20,72,72)
w(46,2,20,73,73)
r(3,7,20,74,74)
r(1,24,20,75,75)
r(301,0,20,76,76)
r(100,0,20,77,77)
r(0,31,20,78,78)
r(15,4,20,79,79)
r(806,0,20,80,80)
r(4,9,20,81,81)
r(18,0,20,82,82)
r(7,1,20,83,83)
r(37,0,20,84,84)
r(77,0,20,85,85)
r(24,4,20,86,86)
r(10,3,20,87,87)
r(15,4,20,88,88)
r(419,0,20,89,89)
r(16,2,20,90,90)
r(414,0,20,91,91)
r(4,9,20,92,92)
r(9,2,20,93,93)
r(91,0,20,94,94)
r(0,31,20,95,95)
r(112,0,20,96,96)
r(976,0,20,97,97)
r(0,31,20,98,98)
r(97,1,20,99,99)
r(112,0,21,0,0)
r(875,0,21,1,1)
r(83,0,21,2,2)
r(0,31,21,3,3)
r(3,7,21,4,4)
r(20,3,21,5,5)
r(887,0,21,6,6)
r(2,10,21,7,7)
r(13,3,21,8,8)
r(0,31,21,9,9)
r(37,0,21,10,10)
r(335,0,21,11,11)
r(8,1,21,12,12)
r(16,2,21,13,13)
r(16,2,21,14,14)
r(0,31,21,15,15)
r(138,0,21,16,16)
r(41,0,21,17,17)
r(12,2,21,18,18)
r(3,7,21,19,19)
r(437,0,21,20,20)
r(58,1,21,21,21)
r(145,0,21,22,22)
r(164,0,21,23,23)
r(41,0,21,24,24)
r(0,31,21,25,25)
r(1,24,21,26,26)
r(2,10,21,27,27)
r(0,31,21,28,28)
r(3,7,21,29,29)
r(4,9,21,30,30)
r(115,0,21,31,31)
r(0,31,21,32,32)
w(34,1,21,33,33)
r(332,0,21,34,34)
r(4,9,21,35,35)
r(756,0,21,36,36)
r(7,1,21,37,37)
r(2,10,21,38,38)
r(0,31,21,39,39)
r(2,10,21,40,40)
r(577,0,21,41,41)
r(608,0,21,42,42)
r(9,2,21,43,43)
r(369,0,21,44,44)
w(64,1,21,45,45)
r(0,31,21,46,46)
r(2,10,21,47,47)
r(12,2,21,48,48)
r(662,0,21,49,49)
r(84,0,21,50,50)
r(846,0,21,51,51)
r(51,1,21,52,52)
r(355,0,21,53,53)
r(1,24,21,54,54)
r(4,9,21,55,55)
r(1,24,21,56,56)
r(31,4,21,57,57)
r(1,24,21,58,58)
r(0,31,21,59,59)
r(0,31,21,60,60)
r(673,0,21,61,61)
r(2,10,21,62,62)
r(6,0,21,63,63)
w(12,3,21,64,64)
r(0,31,21,65,65)
w(4,10,21,66,66)
r(100,0,21,67,67)
r(2,10,21,68,68)
w(750,1,21,69,69)
r(30,1,21,70,70)
r(150,0,21,71,71)
r(39,1,21,72,72)
r(5,4,21,73,73)
r(1,24,21,74,74)
r(8,1,21,75,75)
r(11,3,21,76,76)
w(4,11,21,77,77)
r(2,10,21,78,78)
r(5,4,21,79,79)
r(17,0,21,80,80)
w(834,1,21,81,81)
r(207,0,21,82,82)
r(0,31,21,83,83)
r(4,11,21,84,84)
r(1,24,21,85,85)
r(368,0,21,86,86)
r(910,0,21,87,87)
r(281,0,21,88,88)
r(5,4,21,89,89)
r(577,0,21,90,90)
r(29,1,21,91,91)
r(0,31,21,92,92)
r(45,0,21,93,93)
r(663,0,21,94,94)
r(4,11,21,95,95)
w(6,1,21,96,96)
r(4,11,21,97,97)
r(201,0,21,98,98)
r(0,31,21,99,99)
r(43,0,22,0,0)
r(290,1,22,1,1)
r(9,2,22,2,2)
r(1,24,22,3,3)
r(10,3,22,4,4)
r(993,0,22,5,5)
r(8,1,22,6,6)
w(53,1,22,7,7)
r(141,0,22,8,8)
r(310,1,22,9,9)
r(0,31,22,10,10)
r(40,1,22,11,11)
r(0,31,22,12,12)
r(99,0,22,13,13)
r(2,10,22,14,14)
r(115,0,22,15,15)
r(233,0,22,16,16)
r(8,1,22,17,17)
r(30,1,22,18,18)
r(1,24,22,19,19)
r(8,1,22,20,20)
r(135,0,22,21,21)
r(512,0,22,22,22)
r(1,24,22,23,23)
r(132,0,22,24,24)
r(4,11,22,25,25)
w(9,3,22,26,26)
r(99,0,22,27,27)
r(3,7,22,28,28)
r(138,0,22,29,29)
r(26,2,22,30,30)
r(6,1,22,31,31)
r(116,0,22,32,32)
r(28,1,22,33,33)
r(413,1,22,34,34)
r(3,7,22,35,35)
r(256,0,22,36,36)
r(2,10,22,37,37)
r(324,0,22,38,38)
r(207,0,22,39,39)
r(0,31,22,40,40)
r(1,24,22,41,41)
w(223,1,22,42,42)
r(0,31,22,43,43)
r(337,0,22,44,44)
r(44,2,22,45,45)
r(368,0,22,46,46)
w(8,2,22,47,47)
r(16,2,22,48,48)
r(2,10,22,49,49)
r(0,31,22,50,50)
r(365,0,22,51,51)
r(5,4,22,52,52)
w(336,1,22,53,53)
w(0,32,22,54,54)
w(3,8,22,55,55)
r(2,10,22,56,56)
r(18,0,22,57,57)
r(7,1,22,58,58)
r(0,32,22,59,59)
w(10,4,22,60,60)
r(257,0,22,61,61)
r(0,32,22,62,62)
w(3,9,22,63,63)
r(85,1,22,64,64)
r(175,0,22,65,65)
r(159,0,22,66,66)
w(33,1,22,67,67)
r(1,24,22,68,68)
r(3,9,22,69,69)
r(28,1,22,70,70)
r(321,1,22,71,71)
r(0,32,22,72,72)
r(748,0,22,73,73)
r(0,32,22,74,74)
r(73,0,22,75,75)
r(1,24,22,76,76)
r(92,0,22,77,77)
r(0,32,22,78,78)
w(0,33,22,79,79)
r(31,4,22,80,80)
r(346,0,22,81,81)
r(0,33,22,82,82)
r(22,0,22,83,83)
w(0,34,22,84,84)
r(62,1,22,85,85)
r(124,0,22,86,86)
r(7,1,22,87,87)
r(5,4,22,88,88)
r(0,34,22,89,89)
r(48,1,22,90,90)
r(806,0,22,91,91)
r(66,0,22,92,92)
r(9,3,22,93,93)
r(842,0,22,94,94)
r(0,34,22,95,95)
w(12,4,22,96,96)
r(5,4,22,97,97)
r(0,34,22,98,98)
r(12,4,22,99,99)
r(2,10,23,0,0)
w(21,3,23,1,1)
r(4,11,23,2,2)
r(25,1,23,3,3)
r(31,4,23,4,4)
r(79,0,23,5,5)
r(0,34,23,6,6)
r(27,1,23,7,7)
r(0,34,23,8,8)
r(5,4,23,9,9)
r(100,0,23,10,10)
r(879,0,23,11,11)
r(101,0,23,12,12)
r(722,0,23,13,13)
w(262,1,23,14,14)
r(0,34,23,15,15)
r(29,1,23,16,16)
r(207,0,23,17,17)
r(60,0,23,18,18)
r(60,0,23,19,19)
r(18,0,23,20,20)
r(4,11,23,21,21)
r(326,0,23,22,22)
r(23,0,23,23,23)
r(0,34,23,24,24)
w(2,11,23,25,25)
w(12,5,23,26,26)
r(0,34,23,27,27)
r(25,1,23,28,28)
r(4,11,23,29,29)
r(0,34,23,30,30)
r(18,0,23,31,31)
r(8,2,23,32,32)
w(271,1,23,33,33)
r(42,0,23,34,34)
r(14,1,23,35,35)
r(3,9,23,36,36)
r(4,11,23,37,37)
r(303,0,23,38,38)
r(437,0,23,39,39)
r(186,0,23,40,40)
r(0,34,23,41,41)
r(13,3,23,42,42)
r(668,0,23,43,43)
r(101,0,23,44,44)
r(1,24,23,45,45)
r(0,34,23,46,46)
w(58,2,23,47,47)
r(12,5,23,48,48)
r(305,0,23,49,49)
r(0,34,23,50,50)
r(13,3,23,51,51)
w(7,2,23,52,52)
r(733,0,23,53,53)
r(0,34,23,54,54)
r(3,9,23,55,55)
r(0,34,23,56,56)
r(0,34,23,57,57)
r(2,11,23,58,58)
r(4,11,23,59,59)
r(108,1,23,60,60)
r(0,34,23,61,61)
r(0,34,23,62,62)
r(2,11,23,63,63)
r(47,0,23,64,64)
r(68,0,23,65,65)
r(501,0,23,66,66)
r(148,0,23,67,67)
r(551,0,23,68,68)
r(0,34,23,69,69)
r(144,1,23,70,70)
r(49,2,23,71,71)
r(2,11,23,72,72)
w(70,1,23,73,73)
w(1,25,23,74,74)
r(92,0,23,75,75)
r(1,25,23,76,76)
r(55,0,23,77,77)
r(1,25,23,78,78)
r(36,0,23,79,79)
w(44,3,23,80,80)
r(20,3,23,81,81)
w(2,12,23,82,82)
r(157,0,23,83,83)
r(2,12,23,84,84)
r(126,0,23,85,85)
r(38,2,23,86,86)
r(164,0,23,87,87)
r(509,0,23,88,88)
r(8,2,23,89,89)
r(222,1,23,90,90)
r(1,25,23,91,91)
r(1,25,23,92,92)
r(13,3,23,93,93)
r(0,34,23,94,94)
w(6,2,23,95,95)
r(435,0,23,96,96)
r(145,0,23,97,97)
r(8,2,23,98,98)
r(15,4,23,99,99)
r(64,1,24,0,0)
r(423,0,24,1,1)
r(3,9,24,2,2)
r(261,1,24,3,3)
r(7,2,24,4,4)
r(201,0,24,5,5)
r(79,0,24,6,6)
r(1,25,24,7,7)
r(0,34,24,8,8)
r(149,0,24,9,9)
r(787,0,24,10,10)
r(12,5,24,11,11)
r(4,11,24,12,12)
r(4,11,24,13,13)
r(107,0,24,14,14)
r(13,3,24,15,15)
r(0,34,24,16,16)
r(224,0,24,17,17)
r(0,34,24,18,18)
w(246,1,24,19,19)
r(16,2,24,20,20)
r(109,0,24,21,21)
r(290,1,24,22,22)
r(6,2,24,23,23)
r(139,0,24,24,24)
w(0,35,24,25,25)
r(10,4,24,26,26)
r(1,25,24,27,27)
r(3,9,24,28,28)
w(37,1,24,29,29)
r(10,4,24,30,30)
r(8,2,24,31,31)
r(0,35,24,32,32)
r(147,0,24,33,33)
r(697,0,24,34,34)
w(7,3,24,35,35)
r(561,0,24,36,36)
r(110,1,24,37,37)
r(285,0,24,38,38)
r(29,1,24,39,39)
r(29,1,24,40,40)
r(27,1,24,41,41)
r(0,35,24,42,42)
r(2,12,24,43,43)
r(304,0,24,44,44)
r(884,0,24,45,45)
r(6,2,24,46,46)
r(34,1,24,47,47)
r(37,1,24,48,48)
r(3,9,24,49,49)
r(279,0,24,50,50)
r(66,0,24,51,51)
r(3,9,24,52,52)
r(330,0,24,53,53)
r(19,0,24,54,54)
r(469,0,24,55,55)
r(6,2,24,56,56)
r(1,25,24,57,57)
r(0,35,24,58,58)
w(9,4,24,59,59)
r(824,0,24,60,60)
r(1,25,24,61,61)
r(1,25,24,62,62)
r(47,0,24,63,63)
r(393,0,24,64,64)
r(0,35,24,65,65)
r(29,1,24,66,66)
r(76,0,24,67,67)
r(6,2,24,68,68)
r(8,2,24,69,69)
r(140,0,24,70,70)
r(17,0,24,71,71)
w(5,5,24,72,72)
r(58,2,24,73,73)
r(188,0,24,74,74)
r(0,35,24,75,75)
r(0,35,24,76,76)
r(10,4,24,77,77)
r(42,0,24,78,78)
r(509,0,24,79,79)
r(10,4,24,80,80)
r(157,0,24,81,81)
r(4,11,24,82,82)
r(237,0,24,83,83)
r(6,2,24,84,84)
r(541,0,24,85,85)
r(0,35,24,86,86)
r(7,3,24,87,87)
r(118,0,24,88,88)
r(0,35,24,89,89)
r(0,35,24,90,90)
r(524,0,24,91,91)
r(211,0,24,92,92)
r(0,35,24,93,93)
r(232,0,24,94,94)
r(713,0,24,95,95)
r(247,0,24,96,96)
r(11,3,24,97,97)
r(13,3,24,98,98)
r(14,1,24,99,99)
r(38,2,25,0,0)
r(9,4,25,1,1)
r(332,0,25,2,2)
r(93,0,25,3,3)
r(82,2,25,4,4)
r(94,0,25,5,5)
r(124,0,25,6,6)
r(286,0,25,7,7)
r(35,0,25,8,8)
r(8,2,25,9,9)
r(160,0,25,10,10)
r(34,1,25,11,11)
r(0,35,25,12,12)
r(22,0,25,13,13)
r(665,0,25,14,14)
r(36,0,25,15,15)
w(3,10,25,16,16)
r(112,0,25,17,17)
r(0,35,25,18,18)
w(29,2,25,19,19)
r(20,3,25,20,20)
w(145,1,25,21,21)
r(22,0,25,22,22)
r(595,0,25,23,23)
r(17,0,25,24,24)
r(860,0,25,25,25)
w(6,3,25,26,26)
r(473,0,25,27,27)
r(25,1,25,28,28)
r(70,1,25,29,29)
r(38,2,25,30,30)
r(1,25,25,31,31)
r(5,5,25,32,32)
r(422,0,25,33,33)
r(1,25,25,34,34)
r(0,35,25,35,35)
r(518,0,25,36,36)
r(2,12,25,37,37)
r(186,0,25,38,38)
r(16,2,25,39,39)
r(6,3,25,40,40)
r(909,0,25,41,41)
r(0,35,25,42,42)
r(102,0,25,43,43)
r(129,0,25,44,44)
r(2,12,25,45,45)
r(51,1,25,46,46)
r(88,0,25,47,47)
r(0,35,25,48,48)
r(10,4,25,49,49)
r(1,25,25,50,50)
w(208,1,25,51,51)
w(170,1,25,52,52)
r(0,35,25,53,53)
r(15,4,25,54,54)
r(311,0,25,55,55)
r(52,0,25,56,56)
r(248,0,25,57,57)
r(11,3,25,58,58)
w(47,1,25,59,59)
r(12,5,25,60,60)
r(8,2,25,61,61)
r(38,2,25,62,62)
w(1,26,25,63,63)
r(0,35,25,64,64)
r(0,35,25,65,65)
r(5,5,25,66,66)
r(77,0,25,67,67)
r(1,26,25,68,68)
r(32,0,25,69,69)
r(788,1,25,70,70)
r(8,2,25,71,71)
r(535,0,25,72,72)
r(235,0,25,73,73)
r(93,0,25,74,74)
r(0,35,25,75,75)
r(87,0,25,76,76)
r(77,0,25,77,77)
r(106,1,25,78,78)
r(27,1,25,79,79)
r(18,0,25,80,80)
w(2,13,25,81,81)
r(185,0,25,82,82)
r(88,0,25,83,83)
r(2,13,25,84,84)
r(25,1,25,85,85)
r(9,4,25,86,86)
r(0,35,25,87,87)
r(3,10,25,88,88)
r(27,1,25,89,89)
r(8,2,25,90,90)
w(1,27,25,91,91)
r(683,0,25,92,92)
r(0,35,25,93,93)
r(30,1,25,94,94)
w(0,36,25,95,95)
w(9,5,25,96,96)
r(30,1,25,97,97)
r(78,1,25,98,98)
r(831,0,25,99,99)
w(32,1,26,0,0)
r(33,1,26,1,1)
r(751,1,26,2,2)
r(12,5,26,3,3)
r(47,1,26,4,4)
r(6,3,26,5,5)
r(0,36,26,6,6)
r(5,5,26,7,7)
r(1,27,26,8,8)
r(259,1,26,9,9)
r(7,3,26,10,10)
r(492,0,26,11,11)
r(486,0,26,12,12)
r(13,3,26,13,13)
r(767,0,26,14,14)
w(3,11,26,15,15)
r(0,36,26,16,16)
r(7,3,26,17,17)
w(6,4,26,18,18)
r(449,0,26,19,19)
r(178,0,26,20,20)
r(7,3,26,21,21)
r(238,0,26,22,22)
r(0,36,26,23,23)
r(30,1,26,24,24)
r(283,0,26,25,25)
r(423,0,26,26,26)
r(18,0,26,27,27)
r(2,13,26,28,28)
r(5,5,26,29,29)
r(551,0,26,30,30)
w(345,1,26,31,31)
r(4,11,26,32,32)
r(9,5,26,33,33)
w(22,1,26,34,34)
r(131,0,26,35,35)
r(0,36,26,36,36)
r(314,0,26,37,37)
w(302,1,26,38,38)
r(98,0,26,39,39)
r(216,0,26,40,40)
r(402,0,26,41,41)
r(10,4,26,42,42)
r(25,1,26,43,43)
w(115,1,26,44,44)
r(115,1,26,45,45)
r(86,0,26,46,46)
r(1,27,26,47,47)
r(4,11,26,48,48)
r(2,13,26,49,49)
r(131,0,26,50,50)
r(0,36,26,51,51)
w(130,2,26,52,52)
r(61,0,26,53,53)
r(3,11,26,54,54)
r(341,0,26,55,55)
r(100,0,26,56,56)
r(9,5,26,57,57)
r(0,36,26,58,58)
r(26,2,26,59,59)
r(13,3,26,60,60)
r(519,0,26,61,61)
r(16,2,26,62,62)
r(3,11,26,63,63)
r(432,0,26,64,64)
r(3,11,26,65,65)
r(220,0,26,66,66)
r(62,1,26,67,67)
w(41,1,26,68,68)
r(0,36,26,69,69)
r(10,4,26,70,70)
w(122,1,26,71,71)
r(11,3,26,72,72)
r(808,0,26,73,73)
r(2,13,26,74,74)
r(10,4,26,75,75)
r(23,0,26,76,76)
w(73,1,26,77,77)
r(20,3,26,78,78)
r(35,0,26,79,79)
r(2,13,26,80,80)
r(4,11,26,81,81)
r(0,36,26,82,82)
r(815,0,26,83,83)
r(810,0,26,84,84)
r(4,11,26,85,85)
r(0,36,26,86,86)
r(1,27,26,87,87)
r(1,27,26,88,88)
r(2,13,26,89,89)
w(44,4,26,90,90)
r(13,3,26,91,91)
r(5,5,26,92,92)
r(337,0,26,93,93)
r(32,1,26,94,94)
r(46,2,26,95,95)
r(13,3,26,96,96)
w(487,1,26,97,97)
r(829,1,26,98,98)
r(728,0,26,99,99)
r(33,1,27,0,0)
r(868,0,27,1,1)
r(0,36,27,2,2)
w(0,37,27,3,3)
r(342,0,27,4,4)
r(1,27,27,5,5)
r(1,27,27,6,6)
r(95,0,27,7,7)
r(25,1,27,8,8)
r(21,3,27,9,9)
w(0,38,27,10,10)
w(4,12,27,11,11)
r(18,0,27,12,12)
w(0,39,27,13,13)
r(55,0,27,14,14)
r(8,2,27,15,15)
r(19,0,27,16,16)
r(206,0,27,17,17)
r(117,0,27,18,18)
r(113,1,27,19,19)
r(0,39,27,20,20)
r(0,39,27,21,21)
r(723,1,27,22,22)
r(679,0,27,23,23)
r(0,39,27,24,24)
r(0,39,27,25,25)
r(946,0,27,26,26)
r(6,4,27,27,27)
r(110,1,27,28,28)
w(206,1,27,29,29)
w(445,1,27,30,30)
r(180,0,27,31,31)
r(22,1,27,32,32)
w(38,3,27,33,33)
r(5,5,27,34,34)
r(113,1,27,35,35)
r(184,0,27,36,36)
r(50,2,27,37,37)
r(1,27,27,38,38)
r(0,39,27,39,39)
r(0,39,27,40,40)
r(28,1,27,41,41)
r(45,0,27,42,42)
w(109,1,27,43,43)
r(114,1,27,44,44)
r(21,3,27,45,45)
r(14,1,27,46,46)
w(2,14,27,47,47)
r(4,12,27,48,48)
r(15,4,27,49,49)
r(436,0,27,50,50)
r(86,0,27,51,51)
r(0,39,27,52,52)
r(143,0,27,53,53)
r(1,27,27,54,54)
r(53,1,27,55,55)
r(543,0,27,56,56)
r(26,2,27,57,57)
r(2,14,27,58,58)
r(231,0,27,59,59)
r(13,3,27,60,60)
r(7,3,27,61,61)
r(14,1,27,62,62)
r(9,5,27,63,63)
r(1,27,27,64,64)
r(14,1,27,65,65)
r(269,0,27,66,66)
r(63,0,27,67,67)
r(9,5,27,68,68)
r(16,2,27,69,69)
r(2,14,27,70,70)
r(204,0,27,71,71)
r(13,3,27,72,72)
r(1,27,27,73,73)
r(7,3,27,74,74)
r(56,0,27,75,75)
r(70,1,27,76,76)
r(23,0,27,77,77)
r(3,11,27,78,78)
r(128,1,27,79,79)
r(34,1,27,80,80)
r(4,12,27,81,81)
r(58,2,27,82,82)
r(0,39,27,83,83)
r(280,0,27,84,84)
r(3,11,27,85,85)
w(493,1,27,86,86)
r(175,0,27,87,87)
r(977,0,27,88,88)
r(53,1,27,89,89)
r(30,1,27,90,90)
r(0,39,27,91,91)
r(325,0,27,92,92)
r(15,4,27,93,93)
r(56,0,27,94,94)
r(107,0,27,95,95)
w(8,3,27,96,96)
w(357,1,27,97,97)
r(0,39,27,98,98)
r(228,0,27,99,99)
r(6,4,28,0,0)
r(1,27,28,1,1)
r(3,11,28,2,2)
r(177,0,28,3,3)
r(735,0,28,4,4)
r(109,1,28,5,5)
r(318,0,28,6,6)
r(13,3,28,7,7)
r(6,4,28,8,8)
r(2,14,28,9,9)
r(0,39,28,10,10)
r(0,39,28,11,11)
r(39,1,28,12,12)
r(598,0,28,13,13)
r(231,0,28,14,14)
w(1,28,28,15,15)
r(119,0,28,16,16)
r(26,2,28,17,17)
r(114,1,28,18,18)
r(8,3,28,19,19)
w(1,29,28,20,20)
w(29,3,28,21,21)
r(1,29,28,22,22)
r(8,3,28,23,23)
r(236,0,28,24,24)
r(13,3,28,25,25)
r(7,3,28,26,26)
w(35,1,28,27,27)
r(528,0,28,28,28)
r(11,3,28,29,29)
r(60,0,28,30,30)
r(217,0,28,31,31)
r(24,4,28,32,32)
r(10,4,28,33,33)
r(17,0,28,34,34)
r(0,39,28,35,35)
r(48,1,28,36,36)
r(21,3,28,37,37)
r(0,39,28,38,38)
r(360,0,28,39,39)
r(27,1,28,40,40)
r(0,39,28,41,41)
r(4,12,28,42,42)
r(0,39,28,43,43)
r(75,1,28,44,44)
r(3,11,28,45,45)
r(0,39,28,46,46)
r(7,3,28,47,47)
r(2,14,28,48,48)
r(2,14,28,49,49)
r(0,39,28,50,50)
r(17,0,28,51,51)
r(375,0,28,52,52)
r(1,29,28,53,53)
r(20,3,28,54,54)
r(2,14,28,55,55)
r(1,29,28,56,56)
r(10,4,28,57,57)
r(53,1,28,58,58)
r(363,0,28,59,59)
r(4,12,28,60,60)
r(1,29,28,61,61)
r(7,3,28,62,62)
r(1,29,28,63,63)
r(4,12,28,64,64)
r(3,11,28,65,65)
w(30,2,28,66,66)
r(5,5,28,67,67)
r(5,5,28,68,68)
r(513,0,28,69,69)
w(9,6,28,70,70)
r(1,29,28,71,71)
r(46,2,28,72,72)
r(27,1,28,73,73)
r(11,3,28,74,74)
r(211,0,28,75,75)
r(630,0,28,76,76)
w(0,40,28,77,77)
r(913,0,28,78,78)
w(9,7,28,79,79)
r(12,5,28,80,80)
w(548,1,28,81,81)
r(17,0,28,82,82)
r(74,1,28,83,83)
r(469,0,28,84,84)
r(0,40,28,85,85)
r(0,40,28,86,86)
r(606,0,28,87,87)
r(16,2,28,88,88)
r(0,40,28,89,89)
r(3,11,28,90,90)
r(2,14,28,91,91)
r(26,2,28,92,92)
r(0,40,28,93,93)
r(283,0,28,94,94)
r(985,0,28,95,95)
r(53,1,28,96,96)
r(484,0,28,97,97)
r(89,0,28,98,98)
r(5,5,28,99,99)
r(0,40,29,0,0)
r(59,0,29,1,1)
r(163,0,29,2,2)
r(5,5,29,3,3)
r(21,3,29,4,4)
r(3,11,29,5,5)
r(0,40,29,6,6)
r(0,40,29,7,7)
r(67,1,29,8,8)
r(0,40,29,9,9)
r(2,14,29,10,10)
r(19,0,29,11,11)
r(40,1,29,12,12)
w(667,2,29,13,13)
r(108,1,29,14,14)
r(1,29,29,15,15)
r(17,0,29,16,16)
r(0,40,29,17,17)
r(0,40,29,18,18)
r(199,0,29,19,19)
r(2,14,29,20,20)
w(1,30,29,21,21)
r(1,30,29,22,22)
w(1,31,29,23,23)
r(46,2,29,24,24)
r(27,1,29,25,25)
r(4,12,29,26,26)
r(165,0,29,27,27)
w(88,1,29,28,28)
r(14,1,29,29,29)
r(812,0,29,30,30)
r(284,0,29,31,31)
r(2,14,29,32,32)
r(1,31,29,33,33)
r(22,1,29,34,34)
r(422,0,29,35,35)
r(25,1,29,36,36)
r(42,0,29,37,37)
r(834,1,29,38,38)
r(46,2,29,39,39)
r(0,40,29,40,40)
r(0,40,29,41,41)
r(71,1,29,42,42)
r(1,31,29,43,43)
r(0,40,29,44,44)
r(479,0,29,45,45)
r(0,40,29,46,46)
r(1,31,29,47,47)
w(0,41,29,48,48)
r(376,0,29,49,49)
w(30,3,29,50,50)
r(0,41,29,51,51)
r(0,41,29,52,52)
r(3,11,29,53,53)
r(0,41,29,54,54)
r(2,14,29,55,55)
r(8,3,29,56,56)
r(1,31,29,57,57)
r(3,11,29,58,58)
r(8,3,29,59,59)
r(2,14,29,60,60)
r(3,11,29,61,61)
r(17,0,29,62,62)
r(35,1,29,63,63)
r(2,14,29,64,64)
r(4,12,29,65,65)
r(89,0,29,66,66)
w(121,1,29,67,67)
r(74,1,29,68,68)
r(1,31,29,69,69)
r(149,0,29,70,70)
r(0,41,29,71,71)
r(0,41,29,72,72)
r(366,0,29,73,73)
r(913,0,29,74,74)
r(12,5,29,75,75)
r(11,3,29,76,76)
w(76,1,29,77,77)
r(4,12,29,78,78)
r(4,12,29,79,79)
w(640,2,29,80,80)
r(0,41,29,81,81)
r(0,41,29,82,82)
r(11,3,29,83,83)
r(280,0,29,84,84)
r(0,41,29,85,85)
r(0,41,29,86,86)
r(82,2,29,87,87)
r(1,31,29,88,88)
r(0,41,29,89,89)
r(19,0,29,90,90)
r(25,1,29,91,91)
r(1,31,29,92,92)
r(319,0,29,93,93)
r(0,41,29,94,94)
r(3,11,29,95,95)
r(482,0,29,96,96)
r(2,14,29,97,97)
r(6,4,29,98,98)
r(2,14,29,99,99)
r(590,0,30,0,0)
r(0,41,30,1,1)
r(3,11,30,2,2)
r(65,0,30,3,3)
r(11,3,30,4,4)
r(1,31,30,5,5)
r(592,0,30,6,6)
r(22,1,30,7,7)
r(111,1,30,8,8)
r(64,1,30,9,9)
r(167,0,30,10,10)
r(0,41,30,11,11)
w(171,1,30,12,12)
r(74,1,30,13,13)
r(12,5,30,14,14)
r(432,0,30,15,15)
r(26,2,30,16,16)
w(3,12,30,17,17)
r(1,31,30,18,18)
r(0,41,30,19,19)
r(46,2,30,20,20)
r(3,12,30,21,21)
r(80,0,30,22,22)
r(75,1,30,23,23)
r(37,1,30,24,24)
r(1,31,30,25,25)
r(35,1,30,26,26)
r(10,4,30,27,27)
r(17,0,30,28,28)
r(122,1,30,29,29)
w(7,4,30,30,30)
w(1,32,30,31,31)
w(1,33,30,32,32)
r(72,1,30,33,33)
r(8,3,30,34,34)
r(0,41,30,35,35)
r(439,0,30,36,36)
r(0,41,30,37,37)
r(5,5,30,38,38)
r(2,14,30,39,39)
r(662,0,30,40,40)
r(31,4,30,41,41)
r(843,0,30,42,42)
r(714,0,30,43,43)
r(0,41,30,44,44)
r(41,1,30,45,45)
r(66,0,30,46,46)
r(1,33,30,47,47)
r(0,41,30,48,48)
r(443,0,30,49,49)
r(0,41,30,50,50)
r(405,0,30,51,51)
r(6,4,30,52,52)
w(18,1,30,53,53)
r(4,12,30,54,54)
r(664,0,30,55,55)
r(619,0,30,56,56)
r(192,0,30,57,57)
r(8,3,30,58,58)
r(11,3,30,59,59)
r(4,12,30,60,60)
r(1,33,30,61,61)
r(17,0,30,62,62)
r(1,33,30,63,63)
r(5,5,30,64,64)
r(118,0,30,65,65)
r(0,41,30,66,66)
r(542,0,30,67,67)
r(2,14,30,68,68)
r(358,0,30,69,69)
r(343,0,30,70,70)
r(3,12,30,71,71)
r(99,0,30,72,72)
r(15,4,30,73,73)
r(22,1,30,74,74)
r(49,2,30,75,75)
r(4,12,30,76,76)
r(12,5,30,77,77)
r(18,1,30,78,78)
r(240,0,30,79,79)
r(146,1,30,80,80)
w(70,2,30,81,81)
r(995,0,30,82,82)
r(391,0,30,83,83)
r(1,33,30,84,84)
r(18,1,30,85,85)
w(23,1,30,86,86)
r(550,0,30,87,87)
r(285,0,30,88,88)
r(863,0,30,89,89)
r(109,1,30,90,90)
r(9,7,30,91,91)
r(993,0,30,92,92)
r(0,41,30,93,93)
r(605,0,30,94,94)
r(689,0,30,95,95)
r(41,1,30,96,96)
r(35,1,30,97,97)
r(6,4,30,98,98)
w(4,13,30,99,99)
r(121,1,31,0,0)
r(0,41,31,1,1)
w(11,4,31,2,2)
r(132,0,31,3,3)
r(4,13,31,4,4)
r(0,41,31,5,5)
r(77,0,31,6,6)
r(0,41,31,7,7)
r(10,4,31,8,8)
r(0,41,31,9,9)
w(376,1,31,10,10)
r(13,3,31,11,11)
r(0,41,31,12,12)
r(0,41,31,13,13)
r(3,12,31,14,14)
r(973,0,31,15,15)
w(0,42,31,16,16)
r(1,33,31,17,17)
r(898,0,31,18,18)
r(30,3,31,19,19)
r(16,2,31,20,20)
w(24,5,31,21,21)
r(627,0,31,22,22)
r(6,4,31,23,23)
w(3,13,31,24,24)
r(500,0,31,25,25)
r(0,42,31,26,26)
r(0,42,31,27,27)
r(5,5,31,28,28)
r(233,0,31,29,29)
r(1,33,31,30,30)
r(0,42,31,31,31)
w(2,15,31,32,32)
r(11,4,31,33,33)
r(59,0,31,34,34)
w(792,1,31,35,35)
r(12,5,31,36,36)
r(8,3,31,37,37)
w(4,14,31,38,38)
r(617,0,31,39,39)
r(19,0,31,40,40)
r(32,1,31,41,41)
r(662,0,31,42,42)
r(3,13,31,43,43)
w(23,2,31,44,44)
w(10,5,31,45,45)
r(54,1,31,46,46)
r(21,3,31,47,47)
r(16,2,31,48,48)
r(2,15,31,49,49)
r(7,4,31,50,50)
r(38,3,31,51,51)
w(0,43,31,52,52)
r(93,0,31,53,53)
r(558,0,31,54,54)
r(0,43,31,55,55)
r(611,1,31,56,56)
r(25,1,31,57,57)
r(121,1,31,58,58)
r(28,1,31,59,59)
r(0,43,31,60,60)
r(5,5,31,61,61)
r(1,33,31,62,62)
r(7,4,31,63,63)
r(13,3,31,64,64)
r(7,4,31,65,65)
r(2,15,31,66,66)
r(474,0,31,67,67)
r(10,5,31,68,68)
r(38,3,31,69,69)
r(0,43,31,70,70)
r(47,1,31,71,71)
w(372,1,31,72,72)
r(323,0,31,73,73)
r(507,0,31,74,74)
r(29,3,31,75,75)
r(64,1,31,76,76)
r(51,1,31,77,77)
r(0,43,31,78,78)
r(87,0,31,79,79)
r(24,5,31,80,80)
r(0,43,31,81,81)
r(626,0,31,82,82)
r(434,0,31,83,83)
r(10,5,31,84,84)
r(1,33,31,85,85)
r(5,5,31,86,86)
r(32,1,31,87,87)
r(82,2,31,88,88)
r(771,0,31,89,89)
r(609,0,31,90,90)
w(1,34,31,91,91)
r(173,0,31,92,92)
r(0,43,31,93,93)
r(2,15,31,94,94)
r(0,43,31,95,95)
r(3,13,31,96,96)
r(96,1,31,97,97)
w(10,6,31,98,98)
r(0,43,31,99,99)
r(288,0,32,0,0)
r(5,5,32,1,1)
r(4,14,32,2,2)
r(0,43,32,3,3)
r(19,0,32,4,4)
r(761,0,32,5,5)
r(191,1,32,6,6)
r(29,3,32,7,7)
r(0,43,32,8,8)
r(2,15,32,9,9)
r(4,14,32,10,10)
r(439,0,32,11,11)
r(708,0,32,12,12)
r(920,1,32,13,13)
r(0,43,32,14,14)
r(7,4,32,15,15)
w(4,15,32,16,16)
r(7,4,32,17,17)
r(550,0,32,18,18)
r(4,15,32,19,19)
r(11,4,32,20,20)
r(1,34,32,21,21)
r(87,0,32,22,22)
r(19,0,32,23,23)
r(268,0,32,24,24)
r(1,34,32,25,25)
r(788,1,32,26,26)
r(2,15,32,27,27)
r(240,0,32,28,28)
r(11,4,32,29,29)
r(810,0,32,30,30)
r(92,0,32,31,31)
r(5,5,32,32,32)
r(54,1,32,33,33)
r(1,34,32,34,34)
r(30,3,32,35,35)
r(0,43,32,36,36)
r(34,1,32,37,37)
r(33,1,32,38,38)
r(76,1,32,39,39)
r(32,1,32,40,40)
r(2,15,32,41,41)
w(18,2,32,42,42)
r(7,4,32,43,43)
r(242,0,32,44,44)
r(6,4,32,45,45)
r(0,43,32,46,46)
r(9,7,32,47,47)
r(3,13,32,48,48)
r(0,43,32,49,49)
r(833,0,32,50,50)
r(3,13,32,51,51)
r(1,34,32,52,52)
r(13,3,32,53,53)
r(26,2,32,54,54)
r(8,3,32,55,55)
r(560,0,32,56,56)
w(470,1,32,57,57)
r(146,1,32,58,58)
r(294,0,32,59,59)
r(759,0,32,60,60)
w(48,2,32,61,61)
r(16,2,32,62,62)
w(13,4,32,63,63)
r(513,0,32,64,64)
r(44,4,32,65,65)
r(213,0,32,66,66)
r(310,1,32,67,67)
w(4,16,32,68,68)
w(160,1,32,69,69)
r(13,4,32,70,70)
w(35,2,32,71,71)
r(365,0,32,72,72)
r(0,43,32,73,73)
r(144,1,32,74,74)
r(48,2,32,75,75)
w(30,4,32,76,76)
r(105,0,32,77,77)
r(10,6,32,78,78)
r(322,0,32,79,79)
r(15,4,32,80,80)
r(196,0,32,81,81)
r(2,15,32,82,82)
r(25,1,32,83,83)
r(0,43,32,84,84)
r(2,15,32,85,85)
r(399,0,32,86,86)
r(17,0,32,87,87)
r(87,0,32,88,88)
r(519,0,32,89,89)
r(72,1,32,90,90)
w(243,1,32,91,91)
r(2,15,32,92,92)
r(250,1,32,93,93)
r(1,34,32,94,94)
r(25,1,32,95,95)
r(0,43,32,96,96)
r(130,2,32,97,97)
r(10,6,32,98,98)
r(2,15,32,99,99)
r(1,34,33,0,0)
r(18,2,33,1,1)
w(52,1,33,2,2)
w(225,1,33,3,3)
r(381,0,33,4,4)
r(26,2,33,5,5)
r(4,16,33,6,6)
r(802,0,33,7,7)
r(156,0,33,8,8)
r(4,16,33,9,9)
r(66,0,33,10,10)
r(6,4,33,11,11)
r(6,4,33,12,12)
w(119,1,33,13,13)
r(45,0,33,14,14)
r(1,34,33,15,15)
r(47,1,33,16,16)
r(15,4,33,17,17)
r(1,34,33,18,18)
w(4,17,33,19,19)
r(26,2,33,20,20)
r(591,0,33,21,21)
r(39,1,33,22,22)
r(0,43,33,23,23)
r(260,0,33,24,24)
r(207,0,33,25,25)
r(3,13,33,26,26)
r(5,5,33,27,27)
r(0,43,33,28,28)
r(20,3,33,29,29)
r(74,1,33,30,30)
r(154,0,33,31,31)
r(0,43,33,32,32)
r(690,0,33,33,33)
r(0,43,33,34,34)
r(88,1,33,35,35)
r(32,1,33,36,36)
r(74,1,33,37,37)
r(62,1,33,38,38)
r(0,43,33,39,39)
r(91,0,33,40,40)
w(1,35,33,41,41)
r(29,3,33,42,42)
r(131,0,33,43,43)
r(0,43,33,44,44)
r(0,43,33,45,45)
r(45,0,33,46,46)
w(0,44,33,47,47)
r(26,2,33,48,48)
r(3,13,33,49,49)
r(2,15,33,50,50)
r(3,13,33,51,51)
r(74,1,33,52,52)
r(12,5,33,53,53)
r(109,1,33,54,54)
w(0,45,33,55,55)
r(96,1,33,56,56)
r(198,0,33,57,57)
r(16,2,33,58,58)
r(0,45,33,59,59)
r(0,45,33,60,60)
w(33,2,33,61,61)
r(1,35,33,62,62)
r(12,5,33,63,63)
r(413,1,33,64,64)
r(23,2,33,65,65)
r(5,5,33,66,66)
r(28,1,33,67,67)
r(38,3,33,68,68)
r(16,2,33,69,69)
r(88,1,33,70,70)
r(556,0,33,71,71)
r(23,2,33,72,72)
r(0,45,33,73,73)
r(530,0,33,74,74)
r(11,4,33,75,75)
r(41,1,33,76,76)
r(1,35,33,77,77)
r(46,2,33,78,78)
r(578,0,33,79,79)
r(3,13,33,80,80)
r(30,4,33,81,81)
r(219,0,33,82,82)
r(7,4,33,83,83)
r(0,45,33,84,84)
r(2,15,33,85,85)
w(217,1,33,86,86)
r(11,4,33,87,87)
r(1,35,33,88,88)
r(0,45,33,89,89)
w(0,46,33,90,90)
r(98,0,33,91,91)
r(453,0,33,92,92)
w(0,47,33,93,93)
w(384,1,33,94,94)
r(4,17,33,95,95)
r(270,0,33,96,96)
r(0,47,33,97,97)
r(22,1,33,98,98)
r(199,0,33,99,99)
r(165,0,34,0,0)
r(15,4,34,1,1)
r(198,0,34,2,2)
w(491,1,34,3,3)
r(282,0,34,4,4)
r(517,0,34,5,5)
r(1,35,34,6,6)
w(0,48,34,7,7)
r(0,48,34,8,8)
r(2,15,34,9,9)
r(5,5,34,10,10)
r(21,3,34,11,11)
r(157,0,34,12,12)
r(0,48,34,13,13)
r(199,0,34,14,14)
r(127,0,34,15,15)
r(340,0,34,16,16)
r(773,0,34,17,17)
r(0,48,34,18,18)
r(6,4,34,19,19)
r(131,0,34,20,20)
r(582,0,34,21,21)
w(0,49,34,22,22)
r(86,0,34,23,23)
r(350,0,34,24,24)
r(57,1,34,25,25)
r(10,6,34,26,26)
r(0,49,34,27,27)
w(148,1,34,28,28)
r(165,0,34,29,29)
r(2,15,34,30,30)
r(0,49,34,31,31)
r(174,0,34,32,32)
r(217,1,34,33,33)
r(32,1,34,34,34)
r(26,2,34,35,35)
r(30,4,34,36,36)
r(69,0,34,37,37)
r(0,49,34,38,38)
r(19,0,34,39,39)
r(15,4,34,40,40)
r(32,1,34,41,41)
r(0,49,34,42,42)
r(37,1,34,43,43)
r(64,1,34,44,44)
r(20,3,34,45,45)
r(2,15,34,46,46)
r(39,1,34,47,47)
r(42,0,34,48,48)
r(44,4,34,49,49)
r(0,49,34,50,50)
r(51,1,34,51,51)
r(1,35,34,52,52)
w(16,3,34,53,53)
r(9,7,34,54,54)
r(289,0,34,55,55)
r(334,1,34,56,56)
r(25,1,34,57,57)
r(260,0,34,58,58)
r(600,0,34,59,59)
r(1,35,34,60,60)
r(170,1,34,61,61)
r(0,49,34,62,62)
w(160,2,34,63,63)
r(1,35,34,64,64)
r(222,1,34,65,65)
r(397,0,34,66,66)
r(258,0,34,67,67)
r(0,49,34,68,68)
w(948,1,34,69,69)
r(114,1,34,70,70)
w(39,2,34,71,71)
r(3,13,34,72,72)
r(42,0,34,73,73)
w(0,50,34,74,74)
r(162,0,34,75,75)
r(596,0,34,76,76)
r(0,50,34,77,77)
r(22,1,34,78,78)
r(0,50,34,79,79)
r(259,1,34,80,80)
r(316,0,34,81,81)
r(9,7,34,82,82)
r(9,7,34,83,83)
r(13,4,34,84,84)
r(279,0,34,85,85)
w(14,2,34,86,86)
r(350,0,34,87,87)
r(1,35,34,88,88)
r(24,5,34,89,89)
r(4,17,34,90,90)
r(2,15,34,91,91)
r(554,0,34,92,92)
r(0,50,34,93,93)
r(6,4,34,94,94)
r(968,0,34,95,95)
r(2,15,34,96,96)
r(4,17,34,97,97)
r(792,1,34,98,98)
r(13,4,34,99,99)
r(253,0,35,0,0)
r(7,4,35,1,1)
r(78,1,35,2,2)
w(18,3,35,3,3)
w(0,51,35,4,4)
r(30,4,35,5,5)
r(0,51,35,6,6)
r(1,35,35,7,7)
r(697,0,35,8,8)
r(0,51,35,9,9)
r(147,0,35,10,10)
r(0,51,35,11,11)
r(6,4,35,12,12)
r(0,51,35,13,13)
r(0,51,35,14,14)
r(4,17,35,15,15)
r(0,51,35,16,16)
w(1,36,35,17,17)
r(433,0,35,18,18)
r(34,1,35,19,19)
r(8,3,35,20,20)
r(274,0,35,21,21)
w(68,1,35,22,22)
r(0,51,35,23,23)
r(66,0,35,24,24)
r(22,1,35,25,25)
r(139,0,35,26,26)
r(731,0,35,27,27)
r(25,1,35,28,28)
r(59,0,35,29,29)
r(23,2,35,30,30)
r(1,36,35,31,31)
r(250,1,35,32,32)
r(28,1,35,33,33)
r(1,36,35,34,34)
r(767,0,35,35,35)
r(716,0,35,36,36)
w(1,37,35,37,37)
r(165,0,35,38,38)
r(322,0,35,39,39)
w(4,18,35,40,40)
r(196,0,35,41,41)
r(600,0,35,42,42)
r(816,0,35,43,43)
r(349,0,35,44,44)
r(26,2,35,45,45)
r(219,0,35,46,46)
r(86,0,35,47,47)
r(40,1,35,48,48)
r(6,4,35,49,49)
r(0,51,35,50,50)
r(24,5,35,51,51)
r(5,5,35,52,52)
r(9,7,35,53,53)
r(2,15,35,54,54)
r(7,4,35,55,55)
r(6,4,35,56,56)
r(0,51,35,57,57)
r(1,37,35,58,58)
w(47,2,35,59,59)
r(6,4,35,60,60)
r(151,1,35,61,61)
r(33,2,35,62,62)
r(461,0,35,63,63)
r(50,2,35,64,64)
r(70,2,35,65,65)
r(2,15,35,66,66)
r(13,4,35,67,67)
r(12,5,35,68,68)
r(0,51,35,69,69)
r(280,0,35,70,70)
r(0,51,35,71,71)
r(28,1,35,72,72)
r(1,37,35,73,73)
r(105,0,35,74,74)
r(193,0,35,75,75)
r(474,0,35,76,76)
r(34,1,35,77,77)
r(43,0,35,78,78)
r(30,4,35,79,79)
r(15,4,35,80,80)
r(89,0,35,81,81)
r(4,18,35,82,82)
r(1,37,35,83,83)
w(2,16,35,84,84)
r(186,0,35,85,85)
r(0,51,35,86,86)
r(76,1,35,87,87)
r(78,1,35,88,88)
r(485,0,35,89,89)
r(0,51,35,90,90)
r(135,0,35,91,91)
r(21,3,35,92,92)
r(2,16,35,93,93)
w(19,1,35,94,94)
r(196,0,35,95,95)
r(719,0,35,96,96)
r(132,0,35,97,97)
w(1,38,35,98,98)
r(408,0,35,99,99)
r(200,0,36,0,0)
r(553,0,36,1,1)
r(441,1,36,2,2)
r(842,0,36,3,3)
w(6,5,36,4,4)
r(11,4,36,5,5)
w(1,39,36,6,6)
r(31,4,36,7,7)
r(11,4,36,8,8)
r(149,0,36,9,9)
r(91,0,36,10,10)
r(355,0,36,11,11)
r(13,4,36,12,12)
r(258,0,36,13,13)
r(143,0,36,14,14)
r(8,3,36,15,15)
r(58,2,36,16,16)
r(58,2,36,17,17)
r(106,1,36,18,18)
r(254,1,36,19,19)
r(0,51,36,20,20)
r(727,0,36,21,21)
r(2,16,36,22,22)
r(5,5,36,23,23)
r(15,4,36,24,24)
r(0,51,36,25,25)
r(693,0,36,26,26)
r(305,0,36,27,27)
r(30,4,36,28,28)
r(5,5,36,29,29)
r(35,2,36,30,30)
r(1,39,36,31,31)
r(8,3,36,32,32)
r(1,39,36,33,33)
r(85,1,36,34,34)
r(25,1,36,35,35)
r(723,1,36,36,36)
r(137,1,36,37,37)
r(1,39,36,38,38)
r(0,51,36,39,39)
r(5,5,36,40,40)
r(1,39,36,41,41)
r(2,16,36,42,42)
r(66,0,36,43,43)
r(1,39,36,44,44)
r(13,4,36,45,45)
r(0,51,36,46,46)
r(94,0,36,47,47)
r(290,1,36,48,48)
w(83,1,36,49,49)
r(14,2,36,50,50)
r(5,5,36,51,51)
r(2,16,36,52,52)
w(6,6,36,53,53)
r(43,0,36,54,54)
r(1,39,36,55,55)
r(378,0,36,56,56)
r(65,0,36,57,57)
r(6,6,36,58,58)
r(10,6,36,59,59)
r(0,51,36,60,60)
r(0,51,36,61,61)
r(24,5,36,62,62)
r(0,51,36,63,63)
r(56,0,36,64,64)
r(0,51,36,65,65)
r(953,0,36,66,66)
r(1,39,36,67,67)
w(0,52,36,68,68)
r(298,0,36,69,69)
r(0,52,36,70,70)
w(16,4,36,71,71)
r(22,1,36,72,72)
w(512,1,36,73,73)
r(38,3,36,74,74)
r(0,52,36,75,75)
r(232,0,36,76,76)
w(12,6,36,77,77)
r(108,1,36,78,78)
r(427,0,36,79,79)
r(20,3,36,80,80)
r(0,52,36,81,81)
w(88,2,36,82,82)
r(0,52,36,83,83)
r(0,52,36,84,84)
r(0,52,36,85,85)
r(1,39,36,86,86)
r(11,4,36,87,87)
r(222,1,36,88,88)
r(406,0,36,89,89)
r(171,1,36,90,90)
r(0,52,36,91,91)
r(441,1,36,92,92)
r(0,52,36,93,93)
r(130,2,36,94,94)
r(1,39,36,95,95)
r(390,1,36,96,96)
r(9,7,36,97,97)
w(2,17,36,98,98)
r(8,3,36,99,99)
r(7,4,37,0,0)
r(115,1,37,1,1)
r(2,17,37,2,2)
r(1,39,37,3,3)
r(21,3,37,4,4)
r(92,0,37,5,5)
w(803,1,37,6,6)
r(9,7,37,7,7)
r(1,39,37,8,8)
r(951,0,37,9,9)
r(6,6,37,10,10)
r(1,39,37,11,11)
w(59,1,37,12,12)
r(42,0,37,13,13)
r(3,13,37,14,14)
r(154,0,37,15,15)
r(6,6,37,16,16)
r(0,52,37,17,17)
w(0,53,37,18,18)
r(168,0,37,19,19)
r(40,1,37,20,20)
r(19,1,37,21,21)
r(97,1,37,22,22)
r(326,0,37,23,23)
r(18,3,37,24,24)
r(5,5,37,25,25)
r(7,4,37,26,26)
r(4,18,37,27,27)
r(766,0,37,28,28)
r(66,0,37,29,29)
w(58,3,37,30,30)
r(912,0,37,31,31)
r(164,0,37,32,32)
r(7,4,37,33,33)
w(20,4,37,34,34)
r(423,0,37,35,35)
r(12,6,37,36,36)
r(180,0,37,37,37)
r(6,6,37,38,38)
r(149,0,37,39,39)
r(1,39,37,40,40)
r(79,0,37,41,41)
r(208,1,37,42,42)
w(127,1,37,43,43)
r(1,39,37,44,44)
r(72,1,37,45,45)
r(990,0,37,46,46)
r(0,53,37,47,47)
r(0,53,37,48,48)
r(8,3,37,49,49)
r(35,2,37,50,50)
r(130,2,37,51,51)
w(3,14,37,52,52)
r(425,1,37,53,53)
r(19,1,37,54,54)
r(3,14,37,55,55)
r(72,1,37,56,56)
r(209,1,37,57,57)
r(45,0,37,58,58)
r(779,0,37,59,59)
r(0,53,37,60,60)
r(0,53,37,61,61)
r(0,53,37,62,62)
r(1,39,37,63,63)
r(20,4,37,64,64)
r(306,0,37,65,65)
r(30,4,37,66,66)
r(84,0,37,67,67)
r(0,53,37,68,68)
r(131,0,37,69,69)
r(11,4,37,70,70)
r(45,0,37,71,71)
r(3,14,37,72,72)
r(5,5,37,73,73)
r(123,1,37,74,74)
r(105,0,37,75,75)
r(110,1,37,76,76)
r(1,39,37,77,77)
r(0,53,37,78,78)
r(0,53,37,79,79)
r(738,0,37,80,80)
r(10,6,37,81,81)
r(10,6,37,82,82)
r(631,0,37,83,83)
r(101,0,37,84,84)
r(224,0,37,85,85)
r(3,14,37,86,86)
r(66,0,37,87,87)
r(114,1,37,88,88)
r(4,18,37,89,89)
r(19,1,37,90,90)
r(108,1,37,91,91)
r(405,0,37,92,92)
r(0,53,37,93,93)
r(106,1,37,94,94)
r(157,0,37,95,95)
r(1,39,37,96,96)
r(23,2,37,97,97)
r(839,0,37,98,98)
r(7,4,37,99,99)
r(161,0,38,0,0)
r(394,0,38,1,1)
r(3,14,38,2,2)
r(0,53,38,3,3)
r(1,39,38,4,4)
w(0,54,38,5,5)
r(32,1,38,6,6)
r(1,39,38,7,7)
r(4,18,38,8,8)
r(664,0,38,9,9)
r(533,0,38,10,10)
r(3,14,38,11,11)
r(67,1,38,12,12)
r(1,39,38,13,13)
r(0,54,38,14,14)
r(1,39,38,15,15)
w(0,55,38,16,16)
r(698,0,38,17,17)
r(96,1,38,18,18)
r(660,0,38,19,19)
r(28,1,38,20,20)
r(2,17,38,21,21)
r(1,39,38,22,22)
r(0,55,38,23,23)
r(65,0,38,24,24)
r(36,0,38,25,25)
r(829,1,38,26,26)
w(3,15,38,27,27)
w(4,19,38,28,28)
r(0,55,38,29,29)
r(0,55,38,30,30)
r(242,0,38,31,31)
r(0,55,38,32,32)
r(15,4,38,33,33)
w(3,16,38,34,34)
r(12,6,38,35,35)
r(193,0,38,36,36)
r(19,1,38,37,37)
r(0,55,38,38,38)
r(14,2,38,39,39)
r(24,5,38,40,40)
r(241,0,38,41,41)
r(281,0,38,42,42)
r(0,55,38,43,43)
r(32,1,38,44,44)
r(67,1,38,45,45)
r(67,1,38,46,46)
r(520,0,38,47,47)
r(24,5,38,48,48)
r(336,1,38,49,49)
w(251,1,38,50,50)
r(474,0,38,51,51)
r(885,0,38,52,52)
r(115,1,38,53,53)
r(12,6,38,54,54)
r(94,0,38,55,55)
r(491,1,38,56,56)
r(33,2,38,57,57)
r(48,2,38,58,58)
r(0,55,38,59,59)
r(1,39,38,60,60)
r(36,0,38,61,61)
r(0,55,38,62,62)
r(493,1,38,63,63)
r(207,0,38,64,64)
r(316,0,38,65,65)
r(11,4,38,66,66)
r(17,0,38,67,67)
r(86,0,38,68,68)
r(5,5,38,69,69)
r(13,4,38,70,70)
r(1,39,38,71,71)
r(77,0,38,72,72)
r(2,17,38,73,73)
r(163,0,38,74,74)
r(17,0,38,75,75)
r(534,0,38,76,76)
w(254,2,38,77,77)
r(14,2,38,78,78)
r(71,1,38,79,79)
r(840,0,38,80,80)
r(6,6,38,81,81)
r(8,3,38,82,82)
r(0,55,38,83,83)
r(0,55,38,84,84)
r(16,4,38,85,85)
r(646,0,38,86,86)
r(93,0,38,87,87)
r(2,17,38,88,88)
r(17,0,38,89,89)
r(4,19,38,90,90)
r(7,4,38,91,91)
r(1,39,38,92,92)
r(15,4,38,93,93)
r(330,0,38,94,94)
r(39,2,38,95,95)
r(1,39,38,96,96)
r(20,4,38,97,97)
r(16,4,38,98,98)
r(101,0,38,99,99)
r(0,55,39,0,0)
r(10,6,39,1,1)
r(50,2,39,2,2)
r(3,16,39,3,3)
r(1,39,39,4,4)
r(121,1,39,5,5)
r(6,6,39,6,6)
r(6,6,39,7,7)
r(1,39,39,8,8)
r(1,39,39,9,9)
r(3,16,39,10,10)
r(7,4,39,11,11)
r(0,55,39,12,12)
r(27,1,39,13,13)
r(19,1,39,14,14)
w(7,5,39,15,15)
r(3,16,39,16,16)
r(560,0,39,17,17)
r(3,16,39,18,18)
r(10,6,39,19,19)
r(31,4,39,20,20)
r(3,16,39,21,21)
r(137,1,39,22,22)
r(3,16,39,23,23)
r(39,2,39,24,24)
r(31,4,39,25,25)
r(55,0,39,26,26)
r(192,0,39,27,27)
r(6,6,39,28,28)
r(214,0,39,29,29)
r(3,16,39,30,30)
w(0,56,39,31,31)
r(56,0,39,32,32)
r(3,16,39,33,33)
r(451,0,39,34,34)
r(119,1,39,35,35)
r(798,0,39,36,36)
r(21,3,39,37,37)
w(0,57,39,38,38)
r(30,4,39,39,39)
r(236,0,39,40,40)
w(1,40,39,41,41)
r(57,1,39,42,42)
r(69,0,39,43,43)
r(33,2,39,44,44)
r(9,7,39,45,45)
r(0,57,39,46,46)
r(123,1,39,47,47)
w(56,1,39,48,48)
r(53,1,39,49,49)
r(0,57,39,50,50)
r(38,3,39,51,51)
r(5,5,39,52,52)
r(48,2,39,53,53)
r(2,17,39,54,54)
r(949,0,39,55,55)
w(573,1,39,56,56)
r(16,4,39,57,57)
r(1,40,39,58,58)
r(266,1,39,59,59)
r(83,1,39,60,60)
r(621,0,39,61,61)
r(2,17,39,62,62)
r(907,0,39,63,63)
r(1,40,39,64,64)
r(0,57,39,65,65)
r(16,4,39,66,66)
r(375,0,39,67,67)
r(55,0,39,68,68)
r(0,57,39,69,69)
r(1,40,39,70,70)
r(0,57,39,71,71)
r(272,0,39,72,72)
r(7,5,39,73,73)
r(51,1,39,74,74)
r(213,0,39,75,75)
r(23,2,39,76,76)
w(2,18,39,77,77)
r(0,57,39,78,78)
r(14,2,39,79,79)
r(17,0,39,80,80)
r(17,0,39,81,81)
r(4,19,39,82,82)
w(62,2,39,83,83)
r(195,0,39,84,84)
r(16,4,39,85,85)
r(151,1,39,86,86)
r(1,40,39,87,87)
r(276,0,39,88,88)
r(1,40,39,89,89)
r(2,18,39,90,90)
r(57,1,39,91,91)
r(1,40,39,92,92)
r(10,6,39,93,93)
r(50,2,39,94,94)
w(8,4,39,95,95)
r(1,40,39,96,96)
r(0,57,39,97,97)
r(18,3,39,98,98)
r(0,57,39,99,99)
r(1,40,40,0,0)
r(40,1,40,1,1)
r(0,57,40,2,2)
r(1,40,40,3,3)
r(0,57,40,4,4)
r(888,0,40,5,5)
r(19,1,40,6,6)
r(2,18,40,7,7)
r(145,1,40,8,8)
r(3,16,40,9,9)
r(615,0,40,10,10)
r(9,7,40,11,11)
w(283,1,40,12,12)
r(1,40,40,13,13)
r(0,57,40,14,14)
r(372,1,40,15,15)
r(537,0,40,16,16)
r(2,18,40,17,17)
r(1,40,40,18,18)
r(0,57,40,19,19)
r(0,57,40,20,20)
w(3,17,40,21,21)
r(8,4,40,22,22)
r(0,57,40,23,23)
r(3,17,40,24,24)
r(0,57,40,25,25)
r(67,1,40,26,26)
r(143,0,40,27,27)
r(22,1,40,28,28)
r(31,4,40,29,29)
r(7,5,40,30,30)
r(239,0,40,31,31)
r(2,18,40,32,32)
r(0,57,40,33,33)
w(246,2,40,34,34)
r(569,0,40,35,35)
r(0,57,40,36,36)
r(762,0,40,37,37)
r(77,0,40,38,38)
r(98,0,40,39,39)
r(15,4,40,40,40)
r(14,2,40,41,41)
r(24,5,40,42,42)
r(58,3,40,43,43)
r(599,0,40,44,44)
r(8,4,40,45,45)
r(441,1,40,46,46)
r(5,5,40,47,47)
r(0,57,40,48,48)
r(2,18,40,49,49)
r(877,0,40,50,50)
r(250,1,40,51,51)
r(52,1,40,52,52)
r(21,3,40,53,53)
r(11,4,40,54,54)
r(14,2,40,55,55)
r(1,40,40,56,56)
r(0,57,40,57,57)
r(3,17,40,58,58)
r(1,40,40,59,59)
r(38,3,40,60,60)
r(271,1,40,61,61)
r(45,0,40,62,62)
r(370,0,40,63,63)
r(0,57,40,64,64)
r(0,57,40,65,65)
r(53,1,40,66,66)
w(2,19,40,67,67)
r(4,19,40,68,68)
r(173,0,40,69,69)
r(4,19,40,70,70)
r(491,1,40,71,71)
w(228,1,40,72,72)
r(329,0,40,73,73)
r(1,40,40,74,74)
r(1,40,40,75,75)
r(0,57,40,76,76)
r(115,1,40,77,77)
r(0,57,40,78,78)
r(625,0,40,79,79)
r(593,0,40,80,80)
r(36,0,40,81,81)
r(322,0,40,82,82)
r(517,0,40,83,83)
r(0,57,40,84,84)
r(315,0,40,85,85)
r(339,0,40,86,86)
r(30,4,40,87,87)
r(363,0,40,88,88)
r(61,0,40,89,89)
r(150,0,40,90,90)
r(2,19,40,91,91)
r(0,57,40,92,92)
r(0,57,40,93,93)
r(28,1,40,94,94)
r(0,57,40,95,95)
r(10,6,40,96,96)
r(598,0,40,97,97)
r(1,40,40,98,98)
r(1,40,40,99,99)
w(0,58,41,0,0)
r(11,4,41,1,1)
w(35,3,41,2,2)
r(42,0,41,3,3)
r(13,4,41,4,4)
r(2,19,41,5,5)
r(5,5,41,6,6)
r(819,0,41,7,7)
r(61,0,41,8,8)
w(5,6,41,9,9)
r(2,19,41,10,10)
r(0,58,41,11,11)
r(2,19,41,12,12)
r(81,0,41,13,13)
r(4,19,41,14,14)
w(114,2,41,15,15)
r(0,58,41,16,16)
r(246,2,41,17,17)
r(0,58,41,18,18)
r(114,2,41,19,19)
r(681,0,41,20,20)
r(0,58,41,21,21)
w(10,7,41,22,22)
r(0,58,41,23,23)
w(2,20,41,24,24)
r(5,6,41,25,25)
r(344,0,41,26,26)
r(100,0,41,27,27)
r(5,6,41,28,28)
r(1,40,41,29,29)
w(526,1,41,30,30)
r(86,0,41,31,31)
w(89,1,41,32,32)
r(5,6,41,33,33)
r(1,40,41,34,34)
r(0,58,41,35,35)
r(186,0,41,36,36)
r(0,58,41,37,37)
r(515,0,41,38,38)
r(5,6,41,39,39)
r(86,0,41,40,40)
r(702,0,41,41,41)
r(34,1,41,42,42)
r(11,4,41,43,43)
r(1,40,41,44,44)
w(1,41,41,45,45)
w(32,2,41,46,46)
w(1,42,41,47,47)
r(2,20,41,48,48)
r(8,4,41,49,49)
r(8,4,41,50,50)
r(64,1,41,51,51)
r(4,19,41,52,52)
r(1,42,41,53,53)
r(18,3,41,54,54)
r(529,0,41,55,55)
r(27,1,41,56,56)
r(481,0,41,57,57)
r(9,7,41,58,58)
r(990,0,41,59,59)
r(1,42,41,60,60)
r(1,42,41,61,61)
r(7,5,41,62,62)
r(23,2,41,63,63)
r(293,0,41,64,64)
w(0,59,41,65,65)
r(1,42,41,66,66)
w(18,4,41,67,67)
r(7,5,41,68,68)
r(308,0,41,69,69)
r(2,20,41,70,70)
r(4,19,41,71,71)
w(83,2,41,72,72)
r(3,17,41,73,73)
r(51,1,41,74,74)
r(10,7,41,75,75)
r(99,0,41,76,76)
r(2,20,41,77,77)
r(35,3,41,78,78)
r(1,42,41,79,79)
r(24,5,41,80,80)
r(3,17,41,81,81)
r(7,5,41,82,82)
r(5,6,41,83,83)
r(0,59,41,84,84)
r(15,4,41,85,85)
r(521,0,41,86,86)
r(13,4,41,87,87)
r(77,0,41,88,88)
r(0,59,41,89,89)
r(1,42,41,90,90)
r(111,1,41,91,91)
r(240,0,41,92,92)
w(79,1,41,93,93)
w(861,1,41,94,94)
r(0,59,41,95,95)
r(30,4,41,96,96)
r(72,1,41,97,97)
r(579,0,41,98,98)
r(3,17,41,99,99)
w(6,7,42,0,0)
r(1,42,42,1,1)
r(74,1,42,2,2)
r(0,59,42,3,3)
r(74,1,42,4,4)
r(0,59,42,5,5)
r(0,59,42,6,6)
w(102,1,42,7,7)
r(974,1,42,8,8)
r(5,6,42,9,9)
r(0,59,42,10,10)
r(28,1,42,11,11)
r(23,2,42,12,12)
r(1,42,42,13,13)
r(124,0,42,14,14)
r(2,20,42,15,15)
r(46,2,42,16,16)
r(131,0,42,17,17)
r(1,42,42,18,18)
r(0,59,42,19,19)
r(4,19,42,20,20)
r(15,4,42,21,21)
r(199,0,42,22,22)
r(144,1,42,23,23)
r(0,59,42,24,24)
r(698,0,42,25,25)
r(669,0,42,26,26)
r(9,7,42,27,27)
w(383,1,42,28,28)
w(12,7,42,29,29)
r(77,0,42,30,30)
r(12,7,42,31,31)
r(0,59,42,32,32)
r(265,0,42,33,33)
r(9,7,42,34,34)
r(268,0,42,35,35)
r(2,20,42,36,36)
r(0,59,42,37,37)
r(0,59,42,38,38)
r(35,3,42,39,39)
r(0,59,42,40,40)
r(22,1,42,41,41)
r(9,7,42,42,42)
r(0,59,42,43,43)
r(41,1,42,44,44)
r(0,59,42,45,45)
w(14,3,42,46,46)
r(476,0,42,47,47)
r(3,17,42,48,48)
r(1,42,42,49,49)
w(910,1,42,50,50)
w(0,60,42,51,51)
r(0,60,42,52,52)
r(161,0,42,53,53)
r(6,7,42,54,54)
r(222,1,42,55,55)
r(39,2,42,56,56)
r(268,0,42,57,57)
r(52,1,42,58,58)
r(35,3,42,59,59)
r(3,17,42,60,60)
r(4,19,42,61,61)
w(23,3,42,62,62)
w(96,2,42,63,63)
r(0,60,42,64,64)
w(846,1,42,65,65)
r(209,1,42,66,66)
r(0,60,42,67,67)
w(0,61,42,68,68)
r(0,61,42,69,69)
r(0,61,42,70,70)
r(1,42,42,71,71)
r(0,61,42,72,72)
r(8,4,42,73,73)
w(14,4,42,74,74)
r(166,0,42,75,75)
r(95,0,42,76,76)
r(0,61,42,77,77)
r(7,5,42,78,78)
r(0,61,42,79,79)
r(0,61,42,80,80)
r(31,4,42,81,81)
r(1,42,42,82,82)
r(21,3,42,83,83)
r(9,7,42,84,84)
r(134,1,42,85,85)
r(17,0,42,86,86)
r(6,7,42,87,87)
r(41,1,42,88,88)
r(9,7,42,89,89)
r(15,4,42,90,90)
r(0,61,42,91,91)
r(114,2,42,92,92)
r(72,1,42,93,93)
r(11,4,42,94,94)
r(16,4,42,95,95)
w(186,1,42,96,96)
r(2,20,42,97,97)
r(102,1,42,98,98)
r(3,17,42,99,99)
r(90,1,43,0,0)
w(0,62,43,1,1)
r(248,0,43,2,2)
r(0,62,43,3,3)
r(17,0,43,4,4)
r(55,0,43,5,5)
r(254,2,43,6,6)
r(476,0,43,7,7)
r(10,7,43,8,8)
r(7,5,43,9,9)
r(1,42,43,10,10)
r(0,62,43,11,11)
r(0,62,43,12,12)
r(0,62,43,13,13)
r(171,1,43,14,14)
r(8,4,43,15,15)
r(9,7,43,16,16)
r(120,0,43,17,17)
r(163,0,43,18,18)
r(4,19,43,19,19)
r(0,62,43,20,20)
w(0,63,43,21,21)
r(2,20,43,22,22)
r(101,0,43,23,23)
r(777,0,43,24,24)
r(1,42,43,25,25)
w(26,3,43,26,26)
r(25,1,43,27,27)
r(94,0,43,28,28)
w(61,1,43,29,29)
r(2,20,43,30,30)
r(28,1,43,31,31)
w(8,5,43,32,32)
r(49,2,43,33,33)
r(2,20,43,34,34)
r(15,4,43,35,35)
r(1,42,43,36,36)
r(405,0,43,37,37)
r(0,63,43,38,38)
r(52,1,43,39,39)
r(297,1,43,40,40)
r(620,0,43,41,41)
r(4,19,43,42,42)
r(27,1,43,43,43)
w(23,4,43,44,44)
r(8,5,43,45,45)
r(38,3,43,46,46)
r(30,4,43,47,47)
r(5,6,43,48,48)
r(92,0,43,49,49)
r(21,3,43,50,50)
w(179,1,43,51,51)
r(83,2,43,52,52)
r(501,0,43,53,53)
r(168,0,43,54,54)
r(229,0,43,55,55)
r(37,1,43,56,56)
r(5,6,43,57,57)
r(93,0,43,58,58)
r(534,0,43,59,59)
r(0,63,43,60,60)
r(6,7,43,61,61)
r(0,63,43,62,62)
r(4,19,43,63,63)
r(2,20,43,64,64)
r(7,5,43,65,65)
w(2,21,43,66,66)
r(218,0,43,67,67)
r(549,1,43,68,68)
r(378,0,43,69,69)
w(10,8,43,70,70)
r(23,4,43,71,71)
r(917,0,43,72,72)
r(166,0,43,73,73)
r(15,4,43,74,74)
r(12,7,43,75,75)
r(103,1,43,76,76)
r(7,5,43,77,77)
r(7,5,43,78,78)
r(0,63,43,79,79)
r(237,0,43,80,80)
r(11,4,43,81,81)
r(786,0,43,82,82)
r(3,17,43,83,83)
r(27,1,43,84,84)
r(41,1,43,85,85)
r(911,0,43,86,86)
r(0,63,43,87,87)
r(12,7,43,88,88)
r(0,63,43,89,89)
r(8,5,43,90,90)
r(30,4,43,91,91)
r(2,21,43,92,92)
r(210,0,43,93,93)
r(13,4,43,94,94)
r(2,21,43,95,95)
r(7,5,43,96,96)
r(56,1,43,97,97)
r(31,4,43,98,98)
r(0,63,43,99,99)
r(57,1,44,0,0)
r(0,63,44,1,1)
r(1,42,44,2,2)
r(5,6,44,3,3)
r(386,0,44,4,4)
r(0,63,44,5,5)
r(22,1,44,6,6)
w(2,22,44,7,7)
r(41,1,44,8,8)
r(1,42,44,9,9)
r(14,4,44,10,10)
r(128,1,44,11,11)
r(34,1,44,12,12)
r(0,63,44,13,13)
r(0,63,44,14,14)
r(24,5,44,15,15)
w(423,1,44,16,16)
r(72,1,44,17,17)
r(124,0,44,18,18)
w(14,5,44,19,19)
w(86,1,44,20,20)
r(98,0,44,21,21)
r(16,4,44,22,22)
r(740,0,44,23,23)
r(0,63,44,24,24)
r(0,63,44,25,25)
r(11,4,44,26,26)
r(2,22,44,27,27)
r(1,42,44,28,28)
w(0,64,44,29,29)
r(1,42,44,30,30)
r(4,19,44,31,31)
r(0,64,44,32,32)
r(0,64,44,33,33)
r(559,0,44,34,34)
r(25,1,44,35,35)
r(303,0,44,36,36)
r(3,17,44,37,37)
r(0,64,44,38,38)
r(0,64,44,39,39)
r(0,64,44,40,40)
w(0,65,44,41,41)
r(7,5,44,42,42)
w(3,18,44,43,43)
r(75,1,44,44,44)
w(27,2,44,45,45)
r(5,6,44,46,46)
r(1,42,44,47,47)
r(825,0,44,48,48)
r(75,1,44,49,49)
r(3,18,44,50,50)
r(48,2,44,51,51)
r(100,0,44,52,52)
r(22,1,44,53,53)
w(35,4,44,54,54)
r(3,18,44,55,55)
r(139,0,44,56,56)
r(0,65,44,57,57)
r(34,1,44,58,58)
r(101,0,44,59,59)
r(7,5,44,60,60)
r(229,0,44,61,61)
r(6,7,44,62,62)
r(282,0,44,63,63)
r(7,5,44,64,64)
r(2,22,44,65,65)
r(8,5,44,66,66)
r(467,0,44,67,67)
r(4,19,44,68,68)
r(22,1,44,69,69)
r(53,1,44,70,70)
r(4,19,44,71,71)
r(8,5,44,72,72)
r(0,65,44,73,73)
r(2,22,44,74,74)
r(8,5,44,75,75)
r(4,19,44,76,76)
r(3,18,44,77,77)
r(6,7,44,78,78)
r(19,1,44,79,79)
r(0,65,44,80,80)
r(182,1,44,81,81)
r(132,0,44,82,82)
r(0,65,44,83,83)
r(0,65,44,84,84)
r(78,1,44,85,85)
w(1,43,44,86,86)
r(30,4,44,87,87)
r(39,2,44,88,88)
r(89,1,44,89,89)
r(34,1,44,90,90)
r(545,0,44,91,91)
r(219,0,44,92,92)
r(9,7,44,93,93)
r(17,0,44,94,94)
r(563,0,44,95,95)
r(1,43,44,96,96)
r(5,6,44,97,97)
r(0,65,44,98,98)
r(734,0,44,99,99)
r(3,18,45,0,0)
r(1,43,45,1,1)
r(169,0,45,2,2)
r(78,1,45,3,3)
r(6,7,45,4,4)
r(0,65,45,5,5)
w(68,2,45,6,6)
r(108,1,45,7,7)
r(2,22,45,8,8)
r(793,0,45,9,9)
r(6,7,45,10,10)
r(0,65,45,11,11)
r(363,0,45,12,12)
r(69,0,45,13,13)
r(3,18,45,14,14)
r(25,1,45,15,15)
r(2,22,45,16,16)
r(299,0,45,17,17)
r(13,4,45,18,18)
r(164,0,45,19,19)
r(7,5,45,20,20)
r(24,5,45,21,21)
r(372,1,45,22,22)
r(128,1,45,23,23)
r(0,65,45,24,24)
r(0,65,45,25,25)
r(10,8,45,26,26)
r(6,7,45,27,27)
r(3,18,45,28,28)
r(429,0,45,29,29)
r(20,4,45,30,30)
r(50,2,45,31,31)
w(720,1,45,32,32)
r(204,0,45,33,33)
r(1,43,45,34,34)
r(0,65,45,35,35)
r(103,1,45,36,36)
r(242,0,45,37,37)
w(1,44,45,38,38)
w(166,1,45,39,39)
r(1,44,45,40,40)
r(15,4,45,41,41)
r(13,4,45,42,42)
r(0,65,45,43,43)
r(200,0,45,44,44)
r(4,19,45,45,45)
r(131,0,45,46,46)
r(222,1,45,47,47)
r(247,0,45,48,48)
r(0,65,45,49,49)
r(87,0,45,50,50)
r(0,65,45,51,51)
w(86,2,45,52,52)
r(203,0,45,53,53)
r(225,1,45,54,54)
r(7,5,45,55,55)
r(462,0,45,56,56)
r(9,7,45,57,57)
r(16,4,45,58,58)
r(69,0,45,59,59)
r(38,3,45,60,60)
r(1,44,45,61,61)
r(245,0,45,62,62)
r(9,7,45,63,63)
r(161,0,45,64,64)
r(0,65,45,65,65)
r(440,0,45,66,66)
r(163,0,45,67,67)
r(0,65,45,68,68)
r(0,65,45,69,69)
r(199,0,45,70,70)
r(18,4,45,71,71)
r(266,1,45,72,72)
w(264,2,45,73,73)
r(125,0,45,74,74)
r(2,22,45,75,75)
r(83,2,45,76,76)
r(2,22,45,77,77)
r(3,18,45,78,78)
r(845,0,45,79,79)
r(0,65,45,80,80)
r(288,0,45,81,81)
r(96,2,45,82,82)
r(4,19,45,83,83)
r(10,8,45,84,84)
r(354,0,45,85,85)
r(247,0,45,86,86)
w(4,20,45,87,87)
w(1,45,45,88,88)
r(26,3,45,89,89)
r(5,6,45,90,90)
r(513,0,45,91,91)
r(2,22,45,92,92)
r(15,4,45,93,93)
r(5,6,45,94,94)
r(35,4,45,95,95)
r(14,5,45,96,96)
r(28,1,45,97,97)
r(25,1,45,98,98)
r(70,2,45,99,99)
r(31,4,46,0,0)
r(0,65,46,1,1)
r(48,2,46,2,2)
r(0,65,46,3,3)
r(2,22,46,4,4)
r(511,0,46,5,5)
r(393,0,46,6,6)
r(78,1,46,7,7)
r(352,0,46,8,8)
r(172,1,46,9,9)
r(472,0,46,10,10)
r(59,1,46,11,11)
r(108,1,46,12,12)
r(435,0,46,13,13)
r(4,20,46,14,14)
w(194,1,46,15,15)
r(179,1,46,16,16)
w(403,1,46,17,17)
r(54,1,46,18,18)
r(61,1,46,19,19)
r(0,65,46,20,20)
r(6,7,46,21,21)
r(153,0,46,22,22)
r(5,6,46,23,23)
r(92,0,46,24,24)
r(420,0,46,25,25)
r(59,1,46,26,26)
r(634,0,46,27,27)
r(68,2,46,28,28)
r(242,0,46,29,29)
r(370,0,46,30,30)
r(427,0,46,31,31)
r(1,45,46,32,32)
r(272,0,46,33,33)
r(215,0,46,34,34)
r(3,18,46,35,35)
r(2,22,46,36,36)
r(353,0,46,37,37)
r(201,0,46,38,38)
r(7,5,46,39,39)
r(2,22,46,40,40)
r(1,45,46,41,41)
r(1,45,46,42,42)
r(58,3,46,43,43)
r(993,0,46,44,44)
r(10,8,46,45,45)
r(982,0,46,46,46)
w(334,2,46,47,47)
r(218,0,46,48,48)
r(2,22,46,49,49)
r(144,1,46,50,50)
r(14,5,46,51,51)
r(0,65,46,52,52)
r(3,18,46,53,53)
r(375,0,46,54,54)
r(0,65,46,55,55)
r(2,22,46,56,56)
r(1,45,46,57,57)
r(9,7,46,58,58)
r(143,0,46,59,59)
r(417,0,46,60,60)
r(1,45,46,61,61)
w(56,2,46,62,62)
r(25,1,46,63,63)
r(137,1,46,64,64)
r(51,1,46,65,65)
r(0,65,46,66,66)
r(431,0,46,67,67)
r(21,3,46,68,68)
r(205,0,46,69,69)
r(557,0,46,70,70)
r(79,1,46,71,71)
r(18,4,46,72,72)
r(0,65,46,73,73)
r(723,1,46,74,74)
r(0,65,46,75,75)
r(1,45,46,76,76)
r(2,22,46,77,77)
r(258,0,46,78,78)
r(6,7,46,79,79)
r(183,0,46,80,80)
r(47,2,46,81,81)
r(43,0,46,82,82)
r(1,45,46,83,83)
r(1,45,46,84,84)
r(0,65,46,85,85)
r(82,2,46,86,86)
w(0,66,46,87,87)
w(451,1,46,88,88)
r(7,5,46,89,89)
r(0,66,46,90,90)
r(70,2,46,91,91)
r(23,4,46,92,92)
r(0,66,46,93,93)
r(20,4,46,94,94)
r(0,66,46,95,95)
r(0,66,46,96,96)
r(56,2,46,97,97)
r(42,0,46,98,98)
r(45,0,46,99,99)
r(2,22,47,0,0)
r(658,0,47,1,1)
r(58,3,47,2,2)
r(0,66,47,3,3)
r(62,2,47,4,4)
r(0,66,47,5,5)
w(23,5,47,6,6)
r(0,66,47,7,7)
r(364,0,47,8,8)
r(0,66,47,9,9)
r(2,22,47,10,10)
r(21,3,47,11,11)
r(130,2,47,12,12)
r(31,4,47,13,13)
r(2,22,47,14,14)
r(0,66,47,15,15)
r(0,66,47,16,16)
r(7,5,47,17,17)
r(10,8,47,18,18)
r(81,0,47,19,19)
r(8,5,47,20,20)
r(9,7,47,21,21)
r(108,1,47,22,22)
r(39,2,47,23,23)
r(0,66,47,24,24)
r(0,66,47,25,25)
r(61,1,47,26,26)
r(0,66,47,27,27)
r(9,7,47,28,28)
r(32,2,47,29,29)
r(0,66,47,30,30)
r(29,3,47,31,31)
r(42,0,47,32,32)
r(32,2,47,33,33)
r(165,0,47,34,34)
r(738,0,47,35,35)
r(4,20,47,36,36)
r(87,0,47,37,37)
w(13,5,47,38,38)
r(134,1,47,39,39)
r(564,0,47,40,40)
r(15,4,47,41,41)
w(110,2,47,42,42)
r(4,20,47,43,43)
r(7,5,47,44,44)
r(118,0,47,45,45)
w(102,2,47,46,46)
r(5,6,47,47,47)
r(2,22,47,48,48)
r(1,45,47,49,49)
r(422,0,47,50,50)
r(21,3,47,51,51)
r(352,0,47,52,52)
r(4,20,47,53,53)
r(302,1,47,54,54)
w(240,1,47,55,55)
r(10,8,47,56,56)
r(24,5,47,57,57)
r(12,7,47,58,58)
w(3,19,47,59,59)
w(126,1,47,60,60)
r(164,0,47,61,61)
r(82,2,47,62,62)
r(775,0,47,63,63)
r(478,0,47,64,64)
r(251,1,47,65,65)
r(252,0,47,66,66)
r(6,7,47,67,67)
r(444,0,47,68,68)
r(28,1,47,69,69)
r(38,3,47,70,70)
r(9,7,47,71,71)
r(8,5,47,72,72)
r(10,8,47,73,73)
r(254,2,47,74,74)
r(174,0,47,75,75)
r(365,0,47,76,76)
r(124,0,47,77,77)
r(63,0,47,78,78)
r(779,0,47,79,79)
w(3,20,47,80,80)
r(1,45,47,81,81)
r(97,1,47,82,82)
w(449,1,47,83,83)
r(0,66,47,84,84)
r(0,66,47,85,85)
r(918,0,47,86,86)
r(553,0,47,87,87)
r(73,1,47,88,88)
r(82,2,47,89,89)
r(39,2,47,90,90)
r(14,5,47,91,91)
w(1,46,47,92,92)
r(33,2,47,93,93)
r(5,6,47,94,94)
r(4,20,47,95,95)
r(337,0,47,96,96)
r(63,0,47,97,97)
r(0,66,47,98,98)
r(485,0,47,99,99)
r(670,0,48,0,0)
w(2,23,48,1,1)
r(0,66,48,2,2)
r(49,2,48,3,3)
r(259,1,48,4,4)
r(369,0,48,5,5)
w(15,5,48,6,6)
w(43,1,48,7,7)
r(47,2,48,8,8)
r(624,0,48,9,9)
r(759,0,48,10,10)
r(15,5,48,11,11)
w(37,2,48,12,12)
r(72,1,48,13,13)
w(4,21,48,14,14)
r(5,6,48,15,15)
w(8,6,48,16,16)
r(913,0,48,17,17)
r(7,5,48,18,18)
r(288,0,48,19,19)
r(63,0,48,20,20)
r(59,1,48,21,21)
r(1,46,48,22,22)
w(0,67,48,23,23)
w(0,68,48,24,24)
r(9,7,48,25,25)
r(4,21,48,26,26)
w(21,4,48,27,27)
r(0,68,48,28,28)
r(1,46,48,29,29)
r(1,46,48,30,30)
r(2,23,48,31,31)
r(53,1,48,32,32)
w(7,6,48,33,33)
w(3,21,48,34,34)
r(279,0,48,35,35)
r(0,68,48,36,36)
r(25,1,48,37,37)
r(106,1,48,38,38)
r(54,1,48,39,39)
r(642,0,48,40,40)
w(111,2,48,41,41)
r(0,68,48,42,42)
r(1,46,48,43,43)
r(805,0,48,44,44)
r(17,0,48,45,45)
r(125,0,48,46,46)
r(27,2,48,47,47)
r(3,21,48,48,48)
r(0,68,48,49,49)
r(72,1,48,50,50)
w(4,22,48,51,51)
r(343,0,48,52,52)
r(163,0,48,53,53)
r(10,8,48,54,54)
r(0,68,48,55,55)
w(13,6,48,56,56)
r(0,68,48,57,57)
r(0,68,48,58,58)
r(790,0,48,59,59)
r(563,0,48,60,60)
r(484,0,48,61,61)
r(0,68,48,62,62)
r(1,46,48,63,63)
r(356,0,48,64,64)
r(0,68,48,65,65)
r(1,46,48,66,66)
r(31,4,48,67,67)
r(3,21,48,68,68)
r(7,6,48,69,69)
r(244,1,48,70,70)
r(0,68,48,71,71)
r(105,0,48,72,72)
r(2,23,48,73,73)
r(19,1,48,74,74)
r(0,68,48,75,75)
r(100,0,48,76,76)
r(2,23,48,77,77)
r(443,0,48,78,78)
r(681,0,48,79,79)
r(720,1,48,80,80)
r(3,21,48,81,81)
r(7,6,48,82,82)
r(13,6,48,83,83)
r(0,68,48,84,84)
r(868,0,48,85,85)
r(4,22,48,86,86)
r(216,0,48,87,87)
r(848,0,48,88,88)
r(241,0,48,89,89)
w(10,9,48,90,90)
r(16,4,48,91,91)
r(4,22,48,92,92)
w(115,2,48,93,93)
r(1,46,48,94,94)
r(51,1,48,95,95)
w(24,6,48,96,96)
r(333,0,48,97,97)
r(0,68,48,98,98)
w(41,2,48,99,99)
r(0,68,49,0,0)
r(4,22,49,1,1)
r(77,0,49,2,2)
r(974,1,49,3,3)
r(6,7,49,4,4)
r(137,1,49,5,5)
w(5,7,49,6,6)
r(3,21,49,7,7)
w(131,1,49,8,8)
r(19,1,49,9,9)
r(725,0,49,10,10)
r(0,68,49,11,11)
r(29,3,49,12,12)
r(33,2,49,13,13)
r(3,21,49,14,14)
r(12,7,49,15,15)
r(0,68,49,16,16)
r(2,23,49,17,17)
r(1,46,49,18,18)
r(0,68,49,19,19)
r(0,68,49,20,20)
r(7,6,49,21,21)
r(16,4,49,22,22)
r(13,6,49,23,23)
w(11,5,49,24,24)
r(1,46,49,25,25)
r(559,0,49,26,26)
r(0,68,49,27,27)
r(314,0,49,28,28)
w(33,3,49,29,29)
r(3,21,49,30,30)
r(2,23,49,31,31)
r(13,6,49,32,32)
r(137,1,49,33,33)
r(3,21,49,34,34)
r(15,5,49,35,35)
r(1,46,49,36,36)
r(82,2,49,37,37)
r(2,23,49,38,38)
r(20,4,49,39,39)
r(0,68,49,40,40)
r(4,22,49,41,41)
r(3,21,49,42,42)
r(2,23,49,43,43)
r(5,7,49,44,44)
r(0,68,49,45,45)
r(0,68,49,46,46)
r(0,68,49,47,47)
r(23,5,49,48,48)
w(22,2,49,49,49)
r(0,68,49,50,50)
r(423,1,49,51,51)
r(2,23,49,52,52)
r(20,4,49,53,53)
r(13,6,49,54,54)
r(185,0,49,55,55)
r(0,68,49,56,56)
r(179,1,49,57,57)
r(715,0,49,58,58)
r(139,0,49,59,59)
r(9,7,49,60,60)
r(532,0,49,61,61)
r(51,1,49,62,62)
r(4,22,49,63,63)
r(2,23,49,64,64)
r(126,1,49,65,65)
r(0,68,49,66,66)
r(5,7,49,67,67)
r(1,46,49,68,68)
r(355,0,49,69,69)
r(0,68,49,70,70)
r(503,0,49,71,71)
r(203,0,49,72,72)
r(490,0,49,73,73)
r(403,1,49,74,74)
r(109,1,49,75,75)
r(1,46,49,76,76)
w(936,1,49,77,77)
r(4,22,49,78,78)
r(44,4,49,79,79)
r(8,6,49,80,80)
r(15,5,49,81,81)
r(292,0,49,82,82)
r(44,4,49,83,83)
r(22,2,49,84,84)
r(2,23,49,85,85)
r(489,0,49,86,86)
r(0,68,49,87,87)
r(38,3,49,88,88)
r(10,9,49,89,89)
r(6,7,49,90,90)
r(7,6,49,91,91)
r(1,46,49,92,92)
r(4,22,49,93,93)
r(8,6,49,94,94)
r(28,1,49,95,95)
r(0,68,49,96,96)
r(17,0,49,97,97)
r(8,6,49,98,98)
r(56,2,49,99,99)
