r(0,0,0,0,0)
r(6,0,0,1,1)
r(57,0,0,2,2)
r(23,0,0,3,3)
w(23,1,0,4,4)
r(77,0,0,5,5)
w(98,1,0,6,6)
w(32,1,0,7,7)
r(0,0,0,8,8)
r(5,0,0,9,9)
w(2,1,0,10,10)
w(2,2,0,11,11)
r(2,2,0,12,12)
r(0,0,0,13,13)
w(74,1,0,14,14)
w(0,1,0,15,15)
r(1,0,0,16,16)
w(9,1,0,17,17)
r(17,0,0,18,18)
r(30,0,0,19,19)
w(20,1,0,20,20)
r(29,0,0,21,21)
r(18,0,0,22,22)
w(20,2,0,23,23)
w(3,1,0,24,24)
w(1,1,0,25,25)
w(40,1,0,26,26)
r(0,1,0,27,27)
w(0,2,0,28,28)
w(9,2,0,29,29)
w(11,1,0,30,30)
w(2,3,0,31,31)
r(1,1,0,32,32)
w(4,1,0,33,33)
r(30,0,0,34,34)
r(67,0,0,35,35)
w(14,1,0,36,36)
w(25,1,0,37,37)
w(4,2,0,38,38)
w(0,3,0,39,39)
r(41,0,0,40,40)
w(0,4,0,41,41)
w(13,1,0,42,42)
w(5,1,0,43,43)
r(85,0,0,44,44)
w(35,1,0,45,45)
r(17,0,0,46,46)
w(52,1,0,47,47)
w(1,2,0,48,48)
r(11,1,0,49,49)
w(2,4,0,50,50)
w(16,1,0,51,51)
r(0,4,0,52,52)
w(2,5,0,53,53)
w(2,6,0,54,54)
r(3,1,0,55,55)
r(0,4,0,56,56)
r(16,1,0,57,57)
r(3,1,0,58,58)
w(39,1,0,59,59)
r(2,6,0,60,60)
w(0,5,0,61,61)
w(74,2,0,62,62)
r(2,6,0,63,63)
r(48,0,0,64,64)
w(61,1,0,65,65)
r(27,0,0,66,66)
r(1,2,0,67,67)
w(2,7,0,68,68)
w(19,1,0,69,69)
r(10,0,0,70,70)
w(75,1,0,71,71)
r(1,2,0,72,72)
w(0,6,0,73,73)
w(2,8,0,74,74)
r(0,6,0,75,75)
r(90,0,0,76,76)
r(0,6,0,77,77)
w(5,2,0,78,78)
w(2,9,0,79,79)
w(56,1,0,80,80)
r(3,1,0,81,81)
w(34,1,0,82,82)
r(1,2,0,83,83)
w(0,7,0,84,84)
w(0,8,0,85,85)
r(72,0,0,86,86)
w(1,3,0,87,87)
w(4,3,0,88,88)
w(1,4,0,89,89)
w(5,3,0,90,90)
w(13,2,0,91,91)
w(1,5,0,92,92)
w(2,10,0,93,93)
w(33,1,0,94,94)
r(12,0,0,95,95)
r(0,8,0,96,96)
r(14,1,0,97,97)
w(0,9,0,98,98)
w(8,1,0,99,99)
w(24,1,0,100,100)
r(0,9,0,101,101)
r(84,0,0,102,102)
w(18,1,0,103,103)
r(71,0,0,104,104)
r(93,0,0,105,105)
r(11,1,0,106,106)
w(0,10,0,107,107)
r(95,0,0,108,108)
r(3,1,0,109,109)
r(11,1,0,110,110)
w(0,11,0,111,111)
r(29,0,0,112,112)
w(0,12,0,113,113)
w(3,2,0,114,114)
w(0,13,0,115,115)
w(1,6,0,116,116)
w(91,1,0,117,117)
w(33,2,0,118,118)
r(43,0,0,119,119)
r(1,6,0,120,120)
r(2,10,0,121,121)
r(2,10,0,122,122)
w(30,1,0,123,123)
r(6,0,0,124,124)
r(0,13,0,125,125)
r(11,1,0,126,126)
r(0,13,0,127,127)
r(40,1,0,128,128)
r(1,6,0,129,129)
w(6,1,0,130,130)
r(4,3,0,131,131)
w(1,7,0,132,132)
w(43,1,0,133,133)
r(20,2,0,134,134)
w(0,14,0,135,135)
r(3,2,0,136,136)
w(4,4,0,137,137)
w(0,15,0,138,138)
r(68,0,0,139,139)
r(0,15,0,140,140)
w(0,16,0,141,141)
r(1,7,0,142,142)
r(3,2,0,143,143)
w(8,2,0,144,144)
r(35,1,0,145,145)
w(2,11,0,146,146)
w(6,2,0,147,147)
r(34,1,0,148,148)
r(0,16,0,149,149)
w(0,17,0,150,150)
w(98,2,0,151,151)
w(23,2,0,152,152)
w(3,3,0,153,153)
r(18,1,0,154,154)
w(9,3,0,155,155)
r(10,0,0,156,156)
r(3,3,0,157,157)
r(60,0,0,158,158)
r(45,0,0,159,159)
r(4,4,0,160,160)
r(18,1,0,161,161)
r(49,0,0,162,162)
r(60,0,0,163,163)
r(18,1,0,164,164)
r(1,7,0,165,165)
r(8,2,0,166,166)
w(18,2,0,167,167)
w(4,5,0,168,168)
r(2,11,0,169,169)
r(84,0,0,170,170)
w(44,1,0,171,171)
r(0,17,0,172,172)
r(9,3,0,173,173)
r(52,1,0,174,174)
r(76,0,0,175,175)
w(0,18,0,176,176)
w(4,6,0,177,177)
r(1,7,0,178,178)
r(6,2,0,179,179)
r(16,1,0,180,180)
w(0,19,0,181,181)
r(58,0,0,182,182)
w(29,1,0,183,183)
r(4,6,0,184,184)
w(31,1,0,185,185)
w(68,1,0,186,186)
r(13,2,0,187,187)
r(69,0,0,188,188)
w(98,3,0,189,189)
r(1,7,0,190,190)
r(3,3,0,191,191)
r(27,0,0,192,192)
w(0,20,0,193,193)
w(45,1,0,194,194)
r(0,20,0,195,195)
r(20,2,0,196,196)
r(1,7,0,197,197)
r(13,2,0,198,198)
r(2,11,0,199,199)
w(13,3,0,200,200)
w(1,8,0,201,201)
w(23,3,0,202,202)
w(3,4,0,203,203)
w(0,21,0,204,204)
w(2,12,0,205,205)
w(15,1,0,206,206)
w(4,7,0,207,207)
r(18,2,0,208,208)
w(95,1,0,209,209)
w(22,1,0,210,210)
w(3,5,0,211,211)
r(5,3,0,212,212)
w(0,22,0,213,213)
r(4,7,0,214,214)
w(77,1,0,215,215)
r(0,22,0,216,216)
r(1,8,0,217,217)
r(15,1,0,218,218)
w(10,1,0,219,219)
w(5,4,0,220,220)
r(1,8,0,221,221)
r(21,0,0,222,222)
w(0,23,0,223,223)
w(10,2,0,224,224)
r(31,1,0,225,225)
r(4,7,0,226,226)
r(0,23,0,227,227)
r(15,1,0,228,228)
w(2,13,0,229,229)
w(3,6,0,230,230)
r(2,13,0,231,231)
r(0,23,0,232,232)
r(19,1,0,233,233)
w(0,24,0,234,234)
r(1,8,0,235,235)
r(5,4,0,236,236)
r(1,8,0,237,237)
w(7,1,0,238,238)
w(3,7,0,239,239)
w(74,3,0,240,240)
w(44,2,0,241,241)
r(4,7,0,242,242)
w(0,25,0,243,243)
w(4,8,0,244,244)
r(78,0,0,245,245)
w(5,5,0,246,246)
w(31,2,0,247,247)
r(15,1,0,248,248)
w(74,4,0,249,249)
w(16,2,0,250,250)
r(3,7,0,251,251)
w(49,1,0,252,252)
w(89,1,0,253,253)
r(0,25,0,254,254)
r(0,25,0,255,255)
r(4,8,0,256,256)
w(1,9,0,257,257)
w(12,1,0,258,258)
w(1,10,0,259,259)
r(3,7,0,260,260)
r(3,7,0,261,261)
r(55,0,0,262,262)
r(40,1,0,263,263)
w(13,4,0,264,264)
r(1,10,0,265,265)
w(17,1,0,266,266)
r(6,2,0,267,267)
r(87,0,0,268,268)
w(6,3,0,269,269)
r(0,25,0,270,270)
r(54,0,0,271,271)
r(87,0,0,272,272)
r(1,10,0,273,273)
r(1,10,0,274,274)
r(0,25,0,275,275)
w(64,1,0,276,276)
w(15,2,0,277,277)
r(48,0,0,278,278)
w(2,14,0,279,279)
w(0,26,0,280,280)
w(0,27,0,281,281)
w(56,2,0,282,282)
r(3,7,0,283,283)
r(1,10,0,284,284)
r(31,2,0,285,285)
w(0,28,0,286,286)
w(70,1,0,287,287)
r(0,28,0,288,288)
w(6,4,0,289,289)
w(6,5,0,290,290)
r(5,5,0,291,291)
r(9,3,0,292,292)
w(28,1,0,293,293)
w(45,2,0,294,294)
r(20,2,0,295,295)
r(77,1,0,296,296)
w(4,9,0,297,297)
w(6,6,0,298,298)
r(1,10,0,299,299)
r(19,1,0,300,300)
r(0,28,0,301,301)
r(2,14,0,302,302)
w(0,29,0,303,303)
r(15,2,0,304,304)
w(6,7,0,305,305)
r(9,3,0,306,306)
r(4,9,0,307,307)
r(5,5,0,308,308)
r(31,2,0,309,309)
r(56,2,0,310,310)
r(2,14,0,311,311)
r(2,14,0,312,312)
w(2,15,0,313,313)
w(0,30,0,314,314)
r(0,30,0,315,315)
r(17,1,0,316,316)
r(0,30,0,317,317)
r(24,1,0,318,318)
r(0,30,0,319,319)
r(18,2,0,320,320)
r(1,10,0,321,321)
w(42,1,0,322,322)
r(6,7,0,323,323)
w(0,31,0,324,324)
w(0,32,0,325,325)
w(5,6,0,326,326)
r(12,1,0,327,327)
w(0,33,0,328,328)
r(3,7,0,329,329)
w(1,11,0,330,330)
r(0,33,0,331,331)
r(0,33,0,332,332)
w(15,3,0,333,333)
r(0,33,0,334,334)
w(86,1,0,335,335)
r(2,15,0,336,336)
r(0,33,0,337,337)
w(0,34,0,338,338)
w(7,2,0,339,339)
w(85,1,0,340,340)
r(3,7,0,341,341)
w(1,12,0,342,342)
w(33,3,0,343,343)
w(1,13,0,344,344)
w(0,35,0,345,345)
w(0,36,0,346,346)
r(17,1,0,347,347)
r(5,6,0,348,348)
w(0,37,0,349,349)
w(2,16,0,350,350)
w(4,10,0,351,351)
w(98,4,0,352,352)
r(7,2,0,353,353)
w(1,14,0,354,354)
w(2,17,0,355,355)
w(73,1,0,356,356)
w(9,4,0,357,357)
w(4,11,0,358,358)
w(72,1,0,359,359)
r(19,1,0,360,360)
r(24,1,0,361,361)
r(1,14,0,362,362)
r(4,11,0,363,363)
w(78,1,0,364,364)
w(1,15,0,365,365)
w(16,3,0,366,366)
w(4,12,0,367,367)
w(0,38,0,368,368)
w(15,4,0,369,369)
r(0,38,0,370,370)
w(63,1,0,371,371)
r(0,38,0,372,372)
r(22,1,0,373,373)
w(1,16,0,374,374)
w(3,8,0,375,375)
w(92,1,0,376,376)
w(3,9,0,377,377)
r(35,1,0,378,378)
r(1,16,0,379,379)
w(0,39,0,380,380)
r(83,0,0,381,381)
w(0,40,0,382,382)
r(8,2,0,383,383)
w(1,17,0,384,384)
r(55,0,0,385,385)
w(0,41,0,386,386)
r(4,12,0,387,387)
r(11,1,0,388,388)
r(0,41,0,389,389)
r(9,4,0,390,390)
w(12,2,0,391,391)
w(1,18,0,392,392)
r(10,2,0,393,393)
r(2,17,0,394,394)
r(0,41,0,395,395)
w(1,19,0,396,396)
w(0,42,0,397,397)
w(0,43,0,398,398)
w(0,44,0,399,399)
r(73,1,0,400,400)
w(5,7,0,401,401)
w(46,1,0,402,402)
w(0,45,0,403,403)
r(67,0,0,404,404)
w(52,2,0,405,405)
w(3,10,0,406,406)
w(75,2,0,407,407)
w(10,3,0,408,408)
w(17,2,0,409,409)
r(0,45,0,410,410)
r(70,1,0,411,411)
w(50,1,0,412,412)
w(64,2,0,413,413)
r(15,4,0,414,414)
r(7,2,0,415,415)
r(30,1,0,416,416)
w(1,20,0,417,417)
r(7,2,0,418,418)
w(1,21,0,419,419)
r(8,2,0,420,420)
r(58,0,0,421,421)
r(24,1,0,422,422)
r(44,2,0,423,423)
w(3,11,0,424,424)
r(7,2,0,425,425)
r(0,45,0,426,426)
r(1,21,0,427,427)
r(41,0,0,428,428)
r(9,4,0,429,429)
w(2,18,0,430,430)
w(2,19,0,431,431)
r(5,7,0,432,432)
w(3,12,0,433,433)
w(42,2,0,434,434)
w(26,1,0,435,435)
r(5,7,0,436,436)
r(67,0,0,437,437)
w(94,1,0,438,438)
w(12,3,0,439,439)
r(2,19,0,440,440)
r(26,1,0,441,441)
w(3,13,0,442,442)
r(37,0,0,443,443)
r(58,0,0,444,444)
r(36,0,0,445,445)
w(0,46,0,446,446)
r(0,46,0,447,447)
w(32,2,0,448,448)
w(73,2,0,449,449)
w(0,47,0,450,450)
w(4,13,0,451,451)
r(66,0,0,452,452)
w(18,3,0,453,453)
w(49,2,0,454,454)
r(9,4,0,455,455)
r(55,0,0,456,456)
r(2,19,0,457,457)
w(88,1,0,458,458)
w(3,14,0,459,459)
r(23,3,0,460,460)
w(1,22,0,461,461)
w(39,2,0,462,462)
w(10,4,0,463,463)
r(4,13,0,464,464)
r(19,1,0,465,465)
w(31,3,0,466,466)
w(0,48,0,467,467)
r(15,4,0,468,468)
r(4,13,0,469,469)
w(11,2,0,470,470)
r(1,22,0,471,471)
r(77,1,0,472,472)
r(88,1,0,473,473)
r(0,48,0,474,474)
r(8,2,0,475,475)
r(3,14,0,476,476)
r(4,13,0,477,477)
r(23,3,0,478,478)
r(3,14,0,479,479)
r(2,19,0,480,480)
w(75,3,0,481,481)
r(31,3,0,482,482)
r(1,22,0,483,483)
w(17,3,0,484,484)
r(1,22,0,485,485)
r(7,2,0,486,486)
r(53,0,0,487,487)
w(20,3,0,488,488)
w(2,20,0,489,489)
r(12,3,0,490,490)
r(5,7,0,491,491)
r(0,48,0,492,492)
w(0,49,0,493,493)
w(1,23,0,494,494)
w(8,3,0,495,495)
r(93,0,0,496,496)
r(37,0,0,497,497)
w(62,1,0,498,498)
w(5,8,0,499,499)
r(8,3,1,0,0)
w(49,3,1,1,1)
r(10,4,1,2,2)
r(18,3,1,3,3)
w(44,3,1,4,4)
w(8,4,1,5,5)
w(1,24,1,6,6)
w(6,8,1,7,7)
r(5,8,1,8,8)
r(10,4,1,9,9)
w(5,9,1,10,10)
r(0,49,1,11,11)
w(0,50,1,12,12)
w(9,5,1,13,13)
w(1,25,1,14,14)
r(2,20,1,15,15)
r(1,25,1,16,16)
r(46,1,1,17,17)
w(48,1,1,18,18)
r(2,20,1,19,19)
r(3,14,1,20,20)
w(7,3,1,21,21)
r(6,8,1,22,22)
w(0,51,1,23,23)
r(19,1,1,24,24)
w(0,52,1,25,25)
w(31,4,1,26,26)
r(4,13,1,27,27)
r(7,3,1,28,28)
w(21,1,1,29,29)
r(50,1,1,30,30)
w(7,4,1,31,31)
r(18,3,1,32,32)
r(2,20,1,33,33)
w(84,1,1,34,34)
r(3,14,1,35,35)
w(8,5,1,36,36)
w(0,53,1,37,37)
r(54,0,1,38,38)
w(76,1,1,39,39)
w(0,54,1,40,40)
w(3,15,1,41,41)
r(11,2,1,42,42)
r(16,3,1,43,43)
r(71,0,1,44,44)
r(3,15,1,45,45)
r(91,1,1,46,46)
r(24,1,1,47,47)
w(0,55,1,48,48)
w(2,21,1,49,49)
w(0,56,1,50,50)
w(1,26,1,51,51)
r(45,2,1,52,52)
w(88,2,1,53,53)
w(37,1,1,54,54)
w(50,2,1,55,55)
r(41,0,1,56,56)
w(3,16,1,57,57)
r(0,56,1,58,58)
w(56,3,1,59,59)
w(25,2,1,60,60)
r(6,8,1,61,61)
w(75,4,1,62,62)
w(32,3,1,63,63)
r(10,4,1,64,64)
w(0,57,1,65,65)
r(6,8,1,66,66)
r(74,4,1,67,67)
w(3,17,1,68,68)
w(75,5,1,69,69)
w(7,5,1,70,70)
r(7,5,1,71,71)
r(42,2,1,72,72)
r(17,3,1,73,73)
r(1,26,1,74,74)
w(72,2,1,75,75)
r(15,4,1,76,76)
w(0,58,1,77,77)
w(34,2,1,78,78)
r(33,3,1,79,79)
r(27,0,1,80,80)
w(30,2,1,81,81)
r(0,58,1,82,82)
r(79,0,1,83,83)
w(84,2,1,84,84)
r(32,3,1,85,85)
r(37,1,1,86,86)
r(0,58,1,87,87)
w(16,4,1,88,88)
r(81,0,1,89,89)
r(28,1,1,90,90)
r(41,0,1,91,91)
w(7,6,1,92,92)
r(0,58,1,93,93)
w(46,2,1,94,94)
w(1,27,1,95,95)
r(2,21,1,96,96)
w(38,1,1,97,97)
r(0,58,1,98,98)
w(0,59,1,99,99)
w(20,4,1,100,100)
w(51,1,1,101,101)
r(0,59,1,102,102)
w(1,28,1,103,103)
w(45,3,1,104,104)
w(2,22,1,105,105)
w(9,6,1,106,106)
w(1,29,1,107,107)
w(42,3,1,108,108)
w(15,5,1,109,109)
r(36,0,1,110,110)
w(38,2,1,111,111)
r(0,59,1,112,112)
w(10,5,1,113,113)
w(0,60,1,114,114)
r(24,1,1,115,115)
w(10,6,1,116,116)
r(0,60,1,117,117)
r(24,1,1,118,118)
r(7,6,1,119,119)
w(4,14,1,120,120)
r(1,29,1,121,121)
r(8,5,1,122,122)
w(0,61,1,123,123)
w(11,3,1,124,124)
w(4,15,1,125,125)
w(2,23,1,126,126)
w(6,9,1,127,127)
r(49,3,1,128,128)
w(6,10,1,129,129)
r(34,2,1,130,130)
w(17,4,1,131,131)
w(1,30,1,132,132)
w(0,62,1,133,133)
r(0,62,1,134,134)
r(18,3,1,135,135)
w(39,3,1,136,136)
w(64,3,1,137,137)
r(28,1,1,138,138)
r(15,5,1,139,139)
w(28,2,1,140,140)
w(98,5,1,141,141)
r(11,3,1,142,142)
w(58,1,1,143,143)
r(76,1,1,144,144)
r(0,62,1,145,145)
r(1,30,1,146,146)
w(10,7,1,147,147)
r(7,6,1,148,148)
w(16,5,1,149,149)
r(55,0,1,150,150)
w(46,3,1,151,151)
r(0,62,1,152,152)
r(2,23,1,153,153)
w(0,63,1,154,154)
w(8,6,1,155,155)
w(0,64,1,156,156)
w(17,5,1,157,157)
w(11,4,1,158,158)
r(78,1,1,159,159)
w(7,7,1,160,160)
w(37,2,1,161,161)
r(36,0,1,162,162)
r(30,2,1,163,163)
r(38,2,1,164,164)
w(10,8,1,165,165)
r(4,15,1,166,166)
w(1,31,1,167,167)
r(10,8,1,168,168)
w(0,65,1,169,169)
r(90,0,1,170,170)
r(12,3,1,171,171)
w(2,24,1,172,172)
w(8,7,1,173,173)
w(1,32,1,174,174)
w(23,4,1,175,175)
r(0,65,1,176,176)
w(0,66,1,177,177)
w(64,4,1,178,178)
w(0,67,1,179,179)
r(2,24,1,180,180)
r(10,8,1,181,181)
w(19,2,1,182,182)
w(21,2,1,183,183)
r(22,1,1,184,184)
r(0,67,1,185,185)
r(35,1,1,186,186)
r(0,67,1,187,187)
r(53,0,1,188,188)
w(61,2,1,189,189)
r(73,2,1,190,190)
w(1,33,1,191,191)
w(0,68,1,192,192)
r(21,2,1,193,193)
w(70,2,1,194,194)
w(9,7,1,195,195)
w(15,6,1,196,196)
r(4,15,1,197,197)
w(4,16,1,198,198)
r(23,4,1,199,199)
w(35,2,1,200,200)
w(34,3,1,201,201)
r(0,68,1,202,202)
r(53,0,1,203,203)
r(2,24,1,204,204)
w(19,3,1,205,205)
w(0,69,1,206,206)
r(23,4,1,207,207)
r(1,33,1,208,208)
w(21,3,1,209,209)
w(14,2,1,210,210)
r(20,4,1,211,211)
r(0,69,1,212,212)
r(1,33,1,213,213)
r(0,69,1,214,214)
w(86,2,1,215,215)
r(0,69,1,216,216)
w(4,17,1,217,217)
w(3,18,1,218,218)
w(58,2,1,219,219)
w(0,70,1,220,220)
r(5,9,1,221,221)
w(53,1,1,222,222)
w(67,1,1,223,223)
r(4,17,1,224,224)
w(20,5,1,225,225)
w(36,1,1,226,226)
w(0,71,1,227,227)
w(1,34,1,228,228)
w(6,11,1,229,229)
w(0,72,1,230,230)
r(6,11,1,231,231)
r(1,34,1,232,232)
w(0,73,1,233,233)
w(0,74,1,234,234)
w(76,2,1,235,235)
r(0,74,1,236,236)
r(1,34,1,237,237)
w(0,75,1,238,238)
r(17,5,1,239,239)
w(29,2,1,240,240)
w(2,25,1,241,241)
r(0,75,1,242,242)
w(0,76,1,243,243)
w(18,4,1,244,244)
w(0,77,1,245,245)
w(31,5,1,246,246)
r(8,7,1,247,247)
w(31,6,1,248,248)
r(2,25,1,249,249)
r(0,77,1,250,250)
w(2,26,1,251,251)
w(0,78,1,252,252)
r(59,0,1,253,253)
w(0,79,1,254,254)
r(15,6,1,255,255)
w(4,18,1,256,256)
r(1,34,1,257,257)
r(33,3,1,258,258)
w(21,4,1,259,259)
w(0,80,1,260,260)
r(30,2,1,261,261)
r(33,3,1,262,262)
r(0,80,1,263,263)
w(62,2,1,264,264)
w(4,19,1,265,265)
w(55,1,1,266,266)
r(0,80,1,267,267)
w(0,81,1,268,268)
r(0,81,1,269,269)
r(30,2,1,270,270)
r(82,0,1,271,271)
r(2,26,1,272,272)
r(2,26,1,273,273)
r(21,4,1,274,274)
r(0,81,1,275,275)
w(84,3,1,276,276)
r(2,26,1,277,277)
w(0,82,1,278,278)
w(8,8,1,279,279)
w(2,27,1,280,280)
w(0,83,1,281,281)
r(1,34,1,282,282)
r(43,1,1,283,283)
w(42,4,1,284,284)
w(54,1,1,285,285)
r(8,8,1,286,286)
w(6,12,1,287,287)
w(8,9,1,288,288)
w(80,1,1,289,289)
w(0,84,1,290,290)
r(3,18,1,291,291)
r(2,27,1,292,292)
r(7,7,1,293,293)
r(3,18,1,294,294)
r(22,1,1,295,295)
r(25,2,1,296,296)
r(31,6,1,297,297)
w(77,2,1,298,298)
r(0,84,1,299,299)
w(1,35,1,300,300)
r(2,27,1,301,301)
r(0,84,1,302,302)
r(27,0,1,303,303)
r(37,2,1,304,304)
w(43,2,1,305,305)
w(26,2,1,306,306)
w(15,7,1,307,307)
w(0,85,1,308,308)
r(8,9,1,309,309)
w(35,3,1,310,310)
r(6,12,1,311,311)
r(75,5,1,312,312)
w(0,86,1,313,313)
w(9,8,1,314,314)
w(0,87,1,315,315)
w(32,4,1,316,316)
r(36,1,1,317,317)
w(3,19,1,318,318)
w(0,88,1,319,319)
r(49,3,1,320,320)
r(54,1,1,321,321)
w(27,1,1,322,322)
r(0,88,1,323,323)
w(21,5,1,324,324)
r(4,19,1,325,325)
r(15,7,1,326,326)
w(0,89,1,327,327)
w(4,20,1,328,328)
r(12,3,1,329,329)
w(0,90,1,330,330)
r(0,90,1,331,331)
w(11,5,1,332,332)
r(0,90,1,333,333)
w(3,20,1,334,334)
w(2,28,1,335,335)
r(1,35,1,336,336)
r(0,90,1,337,337)
r(2,28,1,338,338)
w(5,10,1,339,339)
r(14,2,1,340,340)
r(3,20,1,341,341)
r(0,90,1,342,342)
r(28,2,1,343,343)
r(69,0,1,344,344)
w(1,36,1,345,345)
w(50,3,1,346,346)
r(2,28,1,347,347)
w(17,6,1,348,348)
w(8,10,1,349,349)
r(12,3,1,350,350)
w(16,6,1,351,351)
r(0,90,1,352,352)
r(82,0,1,353,353)
w(5,11,1,354,354)
r(8,10,1,355,355)
w(0,91,1,356,356)
r(88,2,1,357,357)
w(5,12,1,358,358)
w(8,11,1,359,359)
w(1,37,1,360,360)
r(40,1,1,361,361)
r(5,12,1,362,362)
w(5,13,1,363,363)
w(4,21,1,364,364)
r(31,6,1,365,365)
r(73,2,1,366,366)
w(1,38,1,367,367)
w(3,21,1,368,368)
w(18,5,1,369,369)
r(1,38,1,370,370)
w(17,7,1,371,371)
r(0,91,1,372,372)
r(0,91,1,373,373)
r(1,38,1,374,374)
r(13,4,1,375,375)
w(11,6,1,376,376)
r(0,91,1,377,377)
w(1,39,1,378,378)
r(5,13,1,379,379)
w(10,9,1,380,380)
w(8,12,1,381,381)
r(28,2,1,382,382)
w(7,8,1,383,383)
r(33,3,1,384,384)
w(5,14,1,385,385)
w(1,40,1,386,386)
r(72,2,1,387,387)
w(20,6,1,388,388)
r(16,6,1,389,389)
w(90,1,1,390,390)
w(6,13,1,391,391)
r(0,91,1,392,392)
r(1,40,1,393,393)
w(94,2,1,394,394)
w(2,29,1,395,395)
w(19,4,1,396,396)
r(2,29,1,397,397)
r(0,91,1,398,398)
r(34,3,1,399,399)
r(36,1,1,400,400)
w(4,22,1,401,401)
w(0,92,1,402,402)
r(2,29,1,403,403)
w(2,30,1,404,404)
r(21,5,1,405,405)
w(5,15,1,406,406)
r(31,6,1,407,407)
w(68,2,1,408,408)
r(98,5,1,409,409)
r(16,6,1,410,410)
r(23,4,1,411,411)
r(5,15,1,412,412)
r(1,40,1,413,413)
r(2,30,1,414,414)
w(35,4,1,415,415)
w(4,23,1,416,416)
r(18,5,1,417,417)
w(1,41,1,418,418)
w(22,2,1,419,419)
r(0,92,1,420,420)
w(59,1,1,421,421)
w(42,5,1,422,422)
w(1,42,1,423,423)
r(13,4,1,424,424)
r(4,23,1,425,425)
w(0,93,1,426,426)
w(1,43,1,427,427)
w(2,31,1,428,428)
r(12,3,1,429,429)
r(2,31,1,430,430)
r(4,23,1,431,431)
r(5,15,1,432,432)
w(47,1,1,433,433)
w(0,94,1,434,434)
r(69,0,1,435,435)
r(3,21,1,436,436)
r(50,3,1,437,437)
r(80,1,1,438,438)
w(2,32,1,439,439)
r(1,43,1,440,440)
r(5,15,1,441,441)
w(3,22,1,442,442)
r(2,32,1,443,443)
w(5,16,1,444,444)
r(48,1,1,445,445)
w(3,23,1,446,446)
r(56,3,1,447,447)
w(21,6,1,448,448)
w(1,44,1,449,449)
w(3,24,1,450,450)
w(6,14,1,451,451)
r(34,3,1,452,452)
w(1,45,1,453,453)
w(8,13,1,454,454)
w(1,46,1,455,455)
r(0,94,1,456,456)
r(33,3,1,457,457)
r(2,32,1,458,458)
w(97,1,1,459,459)
w(9,9,1,460,460)
r(1,46,1,461,461)
w(2,33,1,462,462)
r(24,1,1,463,463)
r(71,0,1,464,464)
r(31,6,1,465,465)
w(3,25,1,466,466)
w(39,4,1,467,467)
w(25,3,1,468,468)
w(9,10,1,469,469)
w(19,5,1,470,470)
w(0,95,1,471,471)
r(0,95,1,472,472)
r(1,46,1,473,473)
w(23,5,1,474,474)
r(11,6,1,475,475)
r(29,2,1,476,476)
w(7,9,1,477,477)
r(5,16,1,478,478)
w(1,47,1,479,479)
r(0,95,1,480,480)
r(6,14,1,481,481)
r(2,33,1,482,482)
r(0,95,1,483,483)
w(10,10,1,484,484)
r(26,2,1,485,485)
r(19,5,1,486,486)
r(4,23,1,487,487)
w(72,3,1,488,488)
w(2,34,1,489,489)
w(1,48,1,490,490)
r(25,3,1,491,491)
r(1,48,1,492,492)
r(22,2,1,493,493)
r(1,48,1,494,494)
w(0,96,1,495,495)
r(0,96,1,496,496)
w(8,14,1,497,497)
r(3,25,1,498,498)
r(3,25,1,499,499)
w(0,97,2,0,0)
r(0,97,2,1,1)
r(4,23,2,2,2)
w(0,98,2,3,3)
r(2,34,2,4,4)
w(0,99,2,5,5)
w(0,100,2,6,6)
w(2,35,2,7,7)
r(0,100,2,8,8)
w(4,24,2,9,9)
w(7,10,2,10,10)
r(72,3,2,11,11)
w(72,4,2,12,12)
w(32,5,2,13,13)
w(2,36,2,14,14)
w(17,8,2,15,15)
w(13,5,2,16,16)
w(1,49,2,17,17)
r(0,100,2,18,18)
r(1,49,2,19,19)
w(13,6,2,20,20)
w(11,7,2,21,21)
w(2,37,2,22,22)
w(9,11,2,23,23)
w(11,8,2,24,24)
w(2,38,2,25,25)
r(11,8,2,26,26)
r(0,100,2,27,27)
w(0,101,2,28,28)
r(0,101,2,29,29)
r(1,49,2,30,30)
w(5,17,2,31,31)
w(0,102,2,32,32)
r(3,25,2,33,33)
w(9,12,2,34,34)
r(0,102,2,35,35)
w(6,15,2,36,36)
r(17,8,2,37,37)
r(64,4,2,38,38)
w(7,11,2,39,39)
w(1,50,2,40,40)
w(0,103,2,41,41)
r(0,103,2,42,42)
w(5,18,2,43,43)
w(0,104,2,44,44)
r(4,24,2,45,45)
w(0,105,2,46,46)
w(96,1,2,47,47)
w(0,106,2,48,48)
r(26,2,2,49,49)
w(25,4,2,50,50)
w(7,12,2,51,51)
w(20,7,2,52,52)
w(5,19,2,53,53)
r(4,24,2,54,54)
r(42,5,2,55,55)
r(0,106,2,56,56)
w(36,2,2,57,57)
r(7,12,2,58,58)
w(3,26,2,59,59)
r(0,106,2,60,60)
w(1,51,2,61,61)
r(60,0,2,62,62)
r(2,38,2,63,63)
r(0,106,2,64,64)
w(24,2,2,65,65)
w(0,107,2,66,66)
w(15,8,2,67,67)
w(15,9,2,68,68)
r(31,6,2,69,69)
w(58,3,2,70,70)
r(9,12,2,71,71)
w(6,16,2,72,72)
r(1,51,2,73,73)
w(6,17,2,74,74)
w(34,4,2,75,75)
r(41,0,2,76,76)
r(5,19,2,77,77)
w(55,2,2,78,78)
r(0,107,2,79,79)
w(4,25,2,80,80)
r(1,51,2,81,81)
w(1,52,2,82,82)
r(0,107,2,83,83)
w(3,27,2,84,84)
r(3,27,2,85,85)
w(0,108,2,86,86)
r(31,6,2,87,87)
w(0,109,2,88,88)
r(15,9,2,89,89)
r(2,38,2,90,90)
w(4,26,2,91,91)
r(10,10,2,92,92)
w(74,5,2,93,93)
r(10,10,2,94,94)
w(33,4,2,95,95)
r(1,52,2,96,96)
w(1,53,2,97,97)
r(0,109,2,98,98)
w(0,110,2,99,99)
w(86,3,2,100,100)
w(3,28,2,101,101)
w(0,111,2,102,102)
w(0,112,2,103,103)
w(72,5,2,104,104)
w(0,113,2,105,105)
r(2,38,2,106,106)
r(48,1,2,107,107)
r(0,113,2,108,108)
w(49,4,2,109,109)
w(11,9,2,110,110)
r(0,113,2,111,111)
r(39,4,2,112,112)
w(2,39,2,113,113)
r(18,5,2,114,114)
w(61,3,2,115,115)
r(92,1,2,116,116)
r(1,53,2,117,117)
w(0,114,2,118,118)
r(0,114,2,119,119)
w(3,29,2,120,120)
w(13,7,2,121,121)
r(1,53,2,122,122)
w(0,115,2,123,123)
r(93,0,2,124,124)
w(3,30,2,125,125)
r(34,4,2,126,126)
r(22,2,2,127,127)
r(0,115,2,128,128)
r(19,5,2,129,129)
w(17,9,2,130,130)
w(0,116,2,131,131)
w(0,117,2,132,132)
w(1,54,2,133,133)
r(0,117,2,134,134)
r(0,117,2,135,135)
w(55,3,2,136,136)
w(45,4,2,137,137)
r(44,3,2,138,138)
r(6,17,2,139,139)
r(36,2,2,140,140)
r(56,3,2,141,141)
r(1,54,2,142,142)
r(4,26,2,143,143)
r(25,4,2,144,144)
w(30,3,2,145,145)
w(5,20,2,146,146)
w(19,6,2,147,147)
r(0,117,2,148,148)
r(6,17,2,149,149)
r(3,30,2,150,150)
w(82,1,2,151,151)
w(0,118,2,152,152)
r(1,54,2,153,153)
w(1,55,2,154,154)
w(1,56,2,155,155)
w(37,3,2,156,156)
w(0,119,2,157,157)
w(0,120,2,158,158)
r(0,120,2,159,159)
w(0,121,2,160,160)
w(12,4,2,161,161)
w(74,6,2,162,162)
r(57,0,2,163,163)
r(36,2,2,164,164)
w(87,1,2,165,165)
w(11,10,2,166,166)
w(9,13,2,167,167)
w(0,122,2,168,168)
r(99,0,2,169,169)
w(2,40,2,170,170)
w(2,41,2,171,171)
w(19,7,2,172,172)
r(41,0,2,173,173)
w(6,18,2,174,174)
r(0,122,2,175,175)
w(0,123,2,176,176)
r(46,3,2,177,177)
r(16,6,2,178,178)
r(0,123,2,179,179)
r(2,41,2,180,180)
w(2,42,2,181,181)
r(16,6,2,182,182)
r(0,123,2,183,183)
r(76,2,2,184,184)
w(74,7,2,185,185)
r(0,123,2,186,186)
w(4,27,2,187,187)
r(1,56,2,188,188)
w(7,13,2,189,189)
w(42,6,2,190,190)
w(3,31,2,191,191)
w(20,8,2,192,192)
w(19,8,2,193,193)
w(1,57,2,194,194)
w(3,32,2,195,195)
r(2,42,2,196,196)
w(29,3,2,197,197)
w(0,124,2,198,198)
w(86,4,2,199,199)
w(1,58,2,200,200)
w(21,7,2,201,201)
r(0,124,2,202,202)
r(7,13,2,203,203)
r(1,58,2,204,204)
w(89,2,2,205,205)
w(0,125,2,206,206)
r(52,2,2,207,207)
r(2,42,2,208,208)
r(0,125,2,209,209)
w(41,1,2,210,210)
r(2,42,2,211,211)
r(0,125,2,212,212)
w(1,59,2,213,213)
w(18,6,2,214,214)
w(0,126,2,215,215)
w(2,43,2,216,216)
w(15,10,2,217,217)
w(0,127,2,218,218)
r(0,127,2,219,219)
r(30,3,2,220,220)
r(4,27,2,221,221)
w(27,2,2,222,222)
w(9,14,2,223,223)
w(1,60,2,224,224)
w(22,3,2,225,225)
w(22,4,2,226,226)
w(2,44,2,227,227)
r(51,1,2,228,228)
w(1,61,2,229,229)
w(0,128,2,230,230)
w(7,14,2,231,231)
w(1,62,2,232,232)
w(0,129,2,233,233)
r(1,62,2,234,234)
r(77,2,2,235,235)
w(0,130,2,236,236)
r(2,44,2,237,237)
r(1,62,2,238,238)
w(2,45,2,239,239)
w(7,15,2,240,240)
w(21,8,2,241,241)
r(32,5,2,242,242)
w(79,1,2,243,243)
r(2,45,2,244,244)
w(2,46,2,245,245)
w(4,28,2,246,246)
w(1,63,2,247,247)
r(7,15,2,248,248)
r(13,7,2,249,249)
w(2,47,2,250,250)
w(8,15,2,251,251)
w(3,33,2,252,252)
w(10,11,2,253,253)
w(80,2,2,254,254)
r(26,2,2,255,255)
r(0,130,2,256,256)
w(10,12,2,257,257)
r(3,33,2,258,258)
r(4,28,2,259,259)
w(49,5,2,260,260)
r(63,1,2,261,261)
r(39,4,2,262,262)
r(70,2,2,263,263)
r(58,3,2,264,264)
w(9,15,2,265,265)
r(2,47,2,266,266)
r(25,4,2,267,267)
r(1,63,2,268,268)
w(43,3,2,269,269)
w(0,131,2,270,270)
w(8,16,2,271,271)
r(0,131,2,272,272)
w(0,132,2,273,273)
r(0,132,2,274,274)
r(29,3,2,275,275)
w(59,2,2,276,276)
r(3,33,2,277,277)
w(2,48,2,278,278)
r(89,2,2,279,279)
w(17,10,2,280,280)
w(11,11,2,281,281)
w(0,133,2,282,282)
r(15,10,2,283,283)
w(7,16,2,284,284)
r(19,8,2,285,285)
r(77,2,2,286,286)
r(26,2,2,287,287)
r(0,133,2,288,288)
r(2,48,2,289,289)
r(54,1,2,290,290)
w(4,29,2,291,291)
r(43,3,2,292,292)
w(0,134,2,293,293)
w(8,17,2,294,294)
r(0,134,2,295,295)
r(18,6,2,296,296)
w(6,19,2,297,297)
r(0,134,2,298,298)
w(1,64,2,299,299)
r(5,20,2,300,300)
r(32,5,2,301,301)
r(54,1,2,302,302)
r(87,1,2,303,303)
r(4,29,2,304,304)
w(35,5,2,305,305)
w(0,135,2,306,306)
r(32,5,2,307,307)
r(1,64,2,308,308)
r(0,135,2,309,309)
w(0,136,2,310,310)
r(38,2,2,311,311)
w(0,137,2,312,312)
w(0,138,2,313,313)
w(0,139,2,314,314)
r(2,48,2,315,315)
w(11,12,2,316,316)
w(18,7,2,317,317)
r(31,6,2,318,318)
w(40,2,2,319,319)
r(0,139,2,320,320)
w(33,5,2,321,321)
w(19,9,2,322,322)
w(0,140,2,323,323)
r(25,4,2,324,324)
w(3,34,2,325,325)
w(58,4,2,326,326)
r(8,17,2,327,327)
w(3,35,2,328,328)
w(47,2,2,329,329)
r(17,10,2,330,330)
w(4,30,2,331,331)
r(6,19,2,332,332)
w(65,1,2,333,333)
w(24,3,2,334,334)
w(86,5,2,335,335)
w(2,49,2,336,336)
w(0,141,2,337,337)
r(38,2,2,338,338)
r(0,141,2,339,339)
w(0,142,2,340,340)
r(4,30,2,341,341)
w(50,4,2,342,342)
w(0,143,2,343,343)
r(57,0,2,344,344)
w(48,2,2,345,345)
w(9,16,2,346,346)
r(99,0,2,347,347)
w(16,7,2,348,348)
r(2,49,2,349,349)
w(0,144,2,350,350)
r(0,144,2,351,351)
r(6,19,2,352,352)
w(65,2,2,353,353)
w(3,36,2,354,354)
r(0,144,2,355,355)
r(6,19,2,356,356)
w(0,145,2,357,357)
r(49,5,2,358,358)
r(4,30,2,359,359)
r(2,49,2,360,360)
r(33,5,2,361,361)
w(82,2,2,362,362)
w(30,4,2,363,363)
r(48,2,2,364,364)
w(11,13,2,365,365)
r(0,145,2,366,366)
w(27,3,2,367,367)
r(36,2,2,368,368)
r(0,145,2,369,369)
w(0,146,2,370,370)
w(4,31,2,371,371)
w(65,3,2,372,372)
r(23,5,2,373,373)
w(30,5,2,374,374)
r(3,36,2,375,375)
w(0,147,2,376,376)
r(14,2,2,377,377)
w(43,4,2,378,378)
w(1,65,2,379,379)
r(11,13,2,380,380)
w(0,148,2,381,381)
r(21,8,2,382,382)
r(0,148,2,383,383)
r(0,148,2,384,384)
r(4,31,2,385,385)
w(50,5,2,386,386)
w(4,32,2,387,387)
r(1,65,2,388,388)
r(21,8,2,389,389)
w(3,37,2,390,390)
w(2,50,2,391,391)
r(17,10,2,392,392)
w(52,3,2,393,393)
w(4,33,2,394,394)
w(0,149,2,395,395)
r(27,3,2,396,396)
r(8,17,2,397,397)
r(94,2,2,398,398)
w(13,8,2,399,399)
w(0,150,2,400,400)
w(0,151,2,401,401)
w(15,11,2,402,402)
w(12,5,2,403,403)
r(1,65,2,404,404)
r(84,3,2,405,405)
r(0,151,2,406,406)
r(0,151,2,407,407)
w(1,66,2,408,408)
r(2,50,2,409,409)
w(2,51,2,410,410)
r(21,8,2,411,411)
r(12,5,2,412,412)
r(0,151,2,413,413)
w(22,5,2,414,414)
r(0,151,2,415,415)
w(1,67,2,416,416)
r(0,151,2,417,417)
w(0,152,2,418,418)
w(0,153,2,419,419)
w(13,9,2,420,420)
r(0,153,2,421,421)
r(2,51,2,422,422)
r(0,153,2,423,423)
r(0,153,2,424,424)
w(84,4,2,425,425)
w(52,4,2,426,426)
r(23,5,2,427,427)
r(0,153,2,428,428)
r(57,0,2,429,429)
w(1,68,2,430,430)
r(5,20,2,431,431)
r(56,3,2,432,432)
w(6,20,2,433,433)
w(0,154,2,434,434)
r(5,20,2,435,435)
r(5,20,2,436,436)
r(3,37,2,437,437)
r(88,2,2,438,438)
w(0,155,2,439,439)
r(59,2,2,440,440)
r(72,5,2,441,441)
r(2,51,2,442,442)
w(1,69,2,443,443)
w(0,156,2,444,444)
w(52,5,2,445,445)
r(49,5,2,446,446)
r(19,9,2,447,447)
w(2,52,2,448,448)
r(2,52,2,449,449)
r(0,156,2,450,450)
r(22,5,2,451,451)
r(21,8,2,452,452)
r(17,10,2,453,453)
r(41,1,2,454,454)
w(0,157,2,455,455)
w(0,158,2,456,456)
r(9,16,2,457,457)
w(0,159,2,458,458)
r(0,159,2,459,459)
w(0,160,2,460,460)
r(0,160,2,461,461)
r(22,5,2,462,462)
r(7,16,2,463,463)
w(4,34,2,464,464)
r(0,160,2,465,465)
r(4,34,2,466,466)
r(5,20,2,467,467)
r(0,160,2,468,468)
w(0,161,2,469,469)
w(1,70,2,470,470)
r(1,70,2,471,471)
w(0,162,2,472,472)
w(11,14,2,473,473)
r(9,16,2,474,474)
w(1,71,2,475,475)
r(0,162,2,476,476)
w(0,163,2,477,477)
w(0,164,2,478,478)
w(1,72,2,479,479)
r(36,2,2,480,480)
w(9,17,2,481,481)
w(2,53,2,482,482)
w(22,6,2,483,483)
r(32,5,2,484,484)
w(93,1,2,485,485)
w(1,73,2,486,486)
r(10,12,2,487,487)
r(0,164,2,488,488)
r(0,164,2,489,489)
r(65,3,2,490,490)
w(19,10,2,491,491)
w(0,165,2,492,492)
w(16,8,2,493,493)
w(42,7,2,494,494)
w(0,166,2,495,495)
w(57,1,2,496,496)
w(0,167,2,497,497)
r(21,8,2,498,498)
w(3,38,2,499,499)
r(1,73,3,0,0)
w(0,168,3,1,1)
r(0,168,3,2,2)
w(58,5,3,3,3)
r(15,11,3,4,4)
r(0,168,3,5,5)
r(2,53,3,6,6)
w(6,21,3,7,7)
r(14,2,3,8,8)
r(0,168,3,9,9)
r(0,168,3,10,10)
r(10,12,3,11,11)
w(17,11,3,12,12)
w(0,169,3,13,13)
w(35,6,3,14,14)
w(0,170,3,15,15)
r(75,5,3,16,16)
w(2,54,3,17,17)
r(45,4,3,18,18)
r(29,3,3,19,19)
w(18,8,3,20,20)
w(17,12,3,21,21)
r(10,12,3,22,22)
r(1,73,3,23,23)
r(0,170,3,24,24)
r(83,0,3,25,25)
w(31,7,3,26,26)
r(0,170,3,27,27)
w(28,3,3,28,28)
w(0,171,3,29,29)
w(34,5,3,30,30)
w(93,2,3,31,31)
r(0,171,3,32,32)
w(29,4,3,33,33)
w(52,6,3,34,34)
r(9,17,3,35,35)
r(6,21,3,36,36)
w(1,74,3,37,37)
w(1,75,3,38,38)
w(3,39,3,39,39)
r(12,5,3,40,40)
w(4,35,3,41,41)
w(2,55,3,42,42)
r(3,39,3,43,43)
w(17,13,3,44,44)
w(13,10,3,45,45)
w(2,56,3,46,46)
r(2,56,3,47,47)
r(11,14,3,48,48)
r(0,171,3,49,49)
w(0,172,3,50,50)
r(8,17,3,51,51)
r(0,172,3,52,52)
w(3,40,3,53,53)
r(1,75,3,54,54)
w(0,173,3,55,55)
w(80,3,3,56,56)
w(0,174,3,57,57)
r(91,1,3,58,58)
r(1,75,3,59,59)
r(1,75,3,60,60)
r(0,174,3,61,61)
r(10,12,3,62,62)
w(7,17,3,63,63)
w(4,36,3,64,64)
w(0,175,3,65,65)
r(0,175,3,66,66)
w(63,2,3,67,67)
w(76,3,3,68,68)
r(1,75,3,69,69)
r(6,21,3,70,70)
r(6,21,3,71,71)
w(2,57,3,72,72)
r(0,175,3,73,73)
r(1,75,3,74,74)
r(9,17,3,75,75)
r(21,8,3,76,76)
r(10,12,3,77,77)
r(6,21,3,78,78)
r(1,75,3,79,79)
r(77,2,3,80,80)
w(14,3,3,81,81)
w(0,176,3,82,82)
w(2,58,3,83,83)
r(1,75,3,84,84)
w(0,177,3,85,85)
r(22,6,3,86,86)
r(12,5,3,87,87)
w(35,7,3,88,88)
w(32,6,3,89,89)
r(18,8,3,90,90)
r(46,3,3,91,91)
w(1,76,3,92,92)
w(35,8,3,93,93)
w(1,77,3,94,94)
w(0,178,3,95,95)
w(31,8,3,96,96)
r(0,178,3,97,97)
r(13,10,3,98,98)
w(37,4,3,99,99)
r(6,21,3,100,100)
r(36,2,3,101,101)
w(28,4,3,102,102)
r(84,4,3,103,103)
r(50,5,3,104,104)
w(10,13,3,105,105)
r(5,20,3,106,106)
w(20,9,3,107,107)
r(39,4,3,108,108)
r(1,77,3,109,109)
w(0,179,3,110,110)
r(0,179,3,111,111)
r(4,36,3,112,112)
r(57,1,3,113,113)
w(16,9,3,114,114)
w(0,180,3,115,115)
r(63,2,3,116,116)
r(12,5,3,117,117)
r(87,1,3,118,118)
w(49,6,3,119,119)
r(91,1,3,120,120)
w(54,2,3,121,121)
w(0,181,3,122,122)
w(9,18,3,123,123)
w(0,182,3,124,124)
r(5,20,3,125,125)
r(55,3,3,126,126)
w(3,41,3,127,127)
w(3,42,3,128,128)
r(0,182,3,129,129)
r(21,8,3,130,130)
r(27,3,3,131,131)
r(31,8,3,132,132)
r(2,58,3,133,133)
r(33,5,3,134,134)
r(24,3,3,135,135)
w(18,9,3,136,136)
w(62,3,3,137,137)
r(4,36,3,138,138)
w(81,1,3,139,139)
w(16,10,3,140,140)
w(25,5,3,141,141)
w(1,78,3,142,142)
r(12,5,3,143,143)
w(25,6,3,144,144)
r(28,4,3,145,145)
w(0,183,3,146,146)
w(4,37,3,147,147)
w(90,2,3,148,148)
w(0,184,3,149,149)
w(4,38,3,150,150)
w(3,43,3,151,151)
r(13,10,3,152,152)
w(2,59,3,153,153)
w(81,2,3,154,154)
w(0,185,3,155,155)
r(14,3,3,156,156)
w(7,18,3,157,157)
r(1,78,3,158,158)
w(6,22,3,159,159)
w(18,10,3,160,160)
w(29,5,3,161,161)
r(89,2,3,162,162)
r(56,3,3,163,163)
w(13,11,3,164,164)
w(0,186,3,165,165)
w(46,4,3,166,166)
r(7,18,3,167,167)
r(15,11,3,168,168)
w(21,9,3,169,169)
r(5,20,3,170,170)
w(90,3,3,171,171)
r(3,43,3,172,172)
w(2,60,3,173,173)
r(0,186,3,174,174)
r(15,11,3,175,175)
w(61,4,3,176,176)
r(30,5,3,177,177)
r(32,6,3,178,178)
w(0,187,3,179,179)
r(22,6,3,180,180)
r(1,78,3,181,181)
w(12,6,3,182,182)
r(2,60,3,183,183)
w(0,188,3,184,184)
w(1,79,3,185,185)
r(4,38,3,186,186)
r(2,60,3,187,187)
w(66,1,3,188,188)
r(16,10,3,189,189)
w(0,189,3,190,190)
w(40,3,3,191,191)
r(0,189,3,192,192)
r(23,5,3,193,193)
w(2,61,3,194,194)
w(16,11,3,195,195)
r(15,11,3,196,196)
w(55,4,3,197,197)
r(0,189,3,198,198)
r(83,0,3,199,199)
r(69,0,3,200,200)
w(2,62,3,201,201)
r(3,43,3,202,202)
r(19,10,3,203,203)
r(5,20,3,204,204)
r(5,20,3,205,205)
r(4,38,3,206,206)
r(7,18,3,207,207)
r(3,43,3,208,208)
w(8,18,3,209,209)
r(0,189,3,210,210)
r(1,79,3,211,211)
r(7,18,3,212,212)
r(2,62,3,213,213)
r(66,1,3,214,214)
r(6,22,3,215,215)
w(33,6,3,216,216)
r(13,11,3,217,217)
r(68,2,3,218,218)
w(10,14,3,219,219)
w(0,190,3,220,220)
w(19,11,3,221,221)
r(83,0,3,222,222)
w(22,7,3,223,223)
w(0,191,3,224,224)
r(0,191,3,225,225)
w(5,21,3,226,226)
r(0,191,3,227,227)
w(2,63,3,228,228)
r(2,63,3,229,229)
w(12,7,3,230,230)
r(0,191,3,231,231)
r(0,191,3,232,232)
r(2,63,3,233,233)
r(66,1,3,234,234)
w(6,23,3,235,235)
w(22,8,3,236,236)
w(9,19,3,237,237)
r(0,191,3,238,238)
w(13,12,3,239,239)
w(0,192,3,240,240)
r(28,4,3,241,241)
w(11,15,3,242,242)
w(40,4,3,243,243)
w(8,19,3,244,244)
w(2,64,3,245,245)
r(0,192,3,246,246)
r(38,2,3,247,247)
r(11,15,3,248,248)
w(33,7,3,249,249)
w(1,80,3,250,250)
w(1,81,3,251,251)
w(0,193,3,252,252)
r(1,81,3,253,253)
r(4,38,3,254,254)
r(16,11,3,255,255)
w(0,194,3,256,256)
r(27,3,3,257,257)
w(42,8,3,258,258)
w(1,82,3,259,259)
w(42,9,3,260,260)
w(83,1,3,261,261)
r(0,194,3,262,262)
r(44,3,3,263,263)
w(4,39,3,264,264)
w(0,195,3,265,265)
r(43,4,3,266,266)
r(46,4,3,267,267)
r(0,195,3,268,268)
w(3,44,3,269,269)
r(0,195,3,270,270)
r(59,2,3,271,271)
r(40,4,3,272,272)
r(1,82,3,273,273)
w(6,24,3,274,274)
r(0,195,3,275,275)
w(4,40,3,276,276)
r(5,21,3,277,277)
r(94,2,3,278,278)
w(0,196,3,279,279)
r(0,196,3,280,280)
w(20,10,3,281,281)
r(33,7,3,282,282)
r(0,196,3,283,283)
w(21,10,3,284,284)
w(64,5,3,285,285)
r(40,4,3,286,286)
w(0,197,3,287,287)
w(1,83,3,288,288)
w(14,4,3,289,289)
r(68,2,3,290,290)
w(0,198,3,291,291)
w(48,3,3,292,292)
w(0,199,3,293,293)
w(30,6,3,294,294)
r(0,199,3,295,295)
r(67,1,3,296,296)
w(10,15,3,297,297)
r(18,10,3,298,298)
w(5,22,3,299,299)
w(10,16,3,300,300)
r(4,40,3,301,301)
r(9,19,3,302,302)
w(6,25,3,303,303)
w(13,13,3,304,304)
r(12,7,3,305,305)
r(13,13,3,306,306)
r(0,199,3,307,307)
w(19,12,3,308,308)
w(1,84,3,309,309)
r(0,199,3,310,310)
w(74,8,3,311,311)
w(0,200,3,312,312)
w(1,85,3,313,313)
w(18,11,3,314,314)
w(42,10,3,315,315)
r(0,200,3,316,316)
w(44,4,3,317,317)
r(29,5,3,318,318)
w(26,3,3,319,319)
w(2,65,3,320,320)
r(0,200,3,321,321)
w(79,2,3,322,322)
r(75,5,3,323,323)
r(3,44,3,324,324)
w(98,6,3,325,325)
r(0,200,3,326,326)
r(1,85,3,327,327)
r(0,200,3,328,328)
w(0,201,3,329,329)
w(13,14,3,330,330)
r(0,201,3,331,331)
w(34,6,3,332,332)
r(90,3,3,333,333)
w(0,202,3,334,334)
r(99,0,3,335,335)
w(2,66,3,336,336)
w(0,203,3,337,337)
r(36,2,3,338,338)
r(18,11,3,339,339)
w(68,3,3,340,340)
w(81,3,3,341,341)
w(2,67,3,342,342)
w(1,86,3,343,343)
w(0,204,3,344,344)
r(1,86,3,345,345)
w(0,205,3,346,346)
r(4,40,3,347,347)
w(5,23,3,348,348)
r(47,2,3,349,349)
w(5,24,3,350,350)
r(0,205,3,351,351)
w(22,9,3,352,352)
w(12,8,3,353,353)
w(9,20,3,354,354)
w(1,87,3,355,355)
w(7,19,3,356,356)
r(2,67,3,357,357)
w(0,206,3,358,358)
r(12,8,3,359,359)
r(2,67,3,360,360)
r(0,206,3,361,361)
r(4,40,3,362,362)
w(50,6,3,363,363)
r(71,0,3,364,364)
r(30,6,3,365,365)
w(58,6,3,366,366)
w(3,45,3,367,367)
w(20,11,3,368,368)
w(2,68,3,369,369)
r(84,4,3,370,370)
w(4,41,3,371,371)
r(35,8,3,372,372)
r(1,87,3,373,373)
w(9,21,3,374,374)
w(15,12,3,375,375)
w(0,207,3,376,376)
w(22,10,3,377,377)
r(0,207,3,378,378)
r(41,1,3,379,379)
w(21,11,3,380,380)
r(1,87,3,381,381)
w(22,11,3,382,382)
w(9,22,3,383,383)
w(36,3,3,384,384)
r(1,87,3,385,385)
w(37,5,3,386,386)
r(6,25,3,387,387)
r(34,6,3,388,388)
r(3,45,3,389,389)
w(55,5,3,390,390)
w(5,25,3,391,391)
w(2,69,3,392,392)
w(0,208,3,393,393)
w(13,15,3,394,394)
w(12,9,3,395,395)
w(9,23,3,396,396)
w(0,209,3,397,397)
w(0,210,3,398,398)
r(1,87,3,399,399)
r(24,3,3,400,400)
r(0,210,3,401,401)
r(0,210,3,402,402)
r(16,11,3,403,403)
r(0,210,3,404,404)
w(4,42,3,405,405)
w(30,7,3,406,406)
r(0,210,3,407,407)
r(3,45,3,408,408)
w(35,9,3,409,409)
r(3,45,3,410,410)
w(58,7,3,411,411)
r(22,11,3,412,412)
r(0,210,3,413,413)
r(0,210,3,414,414)
r(43,4,3,415,415)
r(3,45,3,416,416)
r(55,5,3,417,417)
r(43,4,3,418,418)
w(8,20,3,419,419)
r(22,11,3,420,420)
r(53,1,3,421,421)
w(2,70,3,422,422)
w(90,4,3,423,423)
r(0,210,3,424,424)
w(0,211,3,425,425)
r(8,20,3,426,426)
w(18,12,3,427,427)
w(29,6,3,428,428)
w(0,212,3,429,429)
r(0,212,3,430,430)
w(0,213,3,431,431)
r(0,213,3,432,432)
w(4,43,3,433,433)
w(12,10,3,434,434)
r(4,43,3,435,435)
w(24,4,3,436,436)
w(0,214,3,437,437)
r(9,23,3,438,438)
r(0,214,3,439,439)
r(1,87,3,440,440)
w(31,9,3,441,441)
r(0,214,3,442,442)
w(19,13,3,443,443)
w(1,88,3,444,444)
w(24,5,3,445,445)
w(9,24,3,446,446)
w(17,14,3,447,447)
w(9,25,3,448,448)
w(2,71,3,449,449)
r(54,2,3,450,450)
w(13,16,3,451,451)
r(22,11,3,452,452)
w(84,5,3,453,453)
r(24,5,3,454,454)
w(9,26,3,455,455)
r(1,88,3,456,456)
r(6,25,3,457,457)
r(44,4,3,458,458)
w(0,215,3,459,459)
r(4,43,3,460,460)
w(4,44,3,461,461)
r(39,4,3,462,462)
r(4,44,3,463,463)
r(5,25,3,464,464)
r(6,25,3,465,465)
r(2,71,3,466,466)
r(4,44,3,467,467)
r(10,16,3,468,468)
r(81,3,3,469,469)
w(2,72,3,470,470)
r(25,6,3,471,471)
r(1,88,3,472,472)
r(48,3,3,473,473)
w(0,216,3,474,474)
r(0,216,3,475,475)
r(0,216,3,476,476)
r(0,216,3,477,477)
r(0,216,3,478,478)
r(2,72,3,479,479)
w(12,11,3,480,480)
r(4,44,3,481,481)
w(22,12,3,482,482)
w(11,16,3,483,483)
r(45,4,3,484,484)
r(0,216,3,485,485)
r(31,9,3,486,486)
r(2,72,3,487,487)
r(0,216,3,488,488)
r(5,25,3,489,489)
r(73,2,3,490,490)
w(2,73,3,491,491)
w(15,13,3,492,492)
r(3,45,3,493,493)
r(2,73,3,494,494)
w(0,217,3,495,495)
r(17,14,3,496,496)
w(0,218,3,497,497)
w(4,45,3,498,498)
r(85,1,3,499,499)
r(38,2,4,0,0)
r(11,16,4,1,1)
r(50,6,4,2,2)
r(2,73,4,3,3)
w(13,17,4,4,4)
w(49,7,4,5,5)
w(44,5,4,6,6)
r(19,13,4,7,7)
w(76,4,4,8,8)
w(0,219,4,9,9)
r(77,2,4,10,10)
r(15,13,4,11,11)
r(1,88,4,12,12)
r(5,25,4,13,13)
w(0,220,4,14,14)
w(89,3,4,15,15)
r(0,220,4,16,16)
w(16,12,4,17,17)
r(13,17,4,18,18)
w(6,26,4,19,19)
r(0,220,4,20,20)
w(22,13,4,21,21)
w(0,221,4,22,22)
r(0,221,4,23,23)
w(3,46,4,24,24)
r(43,4,4,25,25)
w(5,26,4,26,26)
w(2,74,4,27,27)
r(29,6,4,28,28)
w(4,46,4,29,29)
r(5,26,4,30,30)
r(0,221,4,31,31)
w(3,47,4,32,32)
w(2,75,4,33,33)
w(91,2,4,34,34)
r(13,17,4,35,35)
w(2,76,4,36,36)
w(9,27,4,37,37)
w(0,222,4,38,38)
w(15,14,4,39,39)
w(4,47,4,40,40)
r(3,47,4,41,41)
r(25,6,4,42,42)
w(1,89,4,43,43)
r(19,13,4,44,44)
r(5,26,4,45,45)
w(99,1,4,46,46)
r(0,222,4,47,47)
r(15,14,4,48,48)
r(4,47,4,49,49)
w(22,14,4,50,50)
w(96,2,4,51,51)
r(1,89,4,52,52)
w(41,2,4,53,53)
w(0,223,4,54,54)
r(1,89,4,55,55)
w(16,13,4,56,56)
r(36,3,4,57,57)
w(0,224,4,58,58)
r(74,8,4,59,59)
r(83,1,4,60,60)
w(79,3,4,61,61)
r(22,14,4,62,62)
r(0,224,4,63,63)
w(24,6,4,64,64)
w(1,90,4,65,65)
w(58,8,4,66,66)
w(21,12,4,67,67)
w(0,225,4,68,68)
r(2,76,4,69,69)
r(2,76,4,70,70)
r(0,225,4,71,71)
w(12,12,4,72,72)
r(19,13,4,73,73)
r(1,90,4,74,74)
r(0,225,4,75,75)
r(21,12,4,76,76)
w(0,226,4,77,77)
w(60,1,4,78,78)
w(50,7,4,79,79)
w(0,227,4,80,80)
r(1,90,4,81,81)
w(5,27,4,82,82)
w(64,6,4,83,83)
r(1,90,4,84,84)
r(44,5,4,85,85)
w(0,228,4,86,86)
r(2,76,4,87,87)
r(2,76,4,88,88)
r(0,228,4,89,89)
r(2,76,4,90,90)
r(9,27,4,91,91)
r(16,13,4,92,92)
r(62,3,4,93,93)
r(0,228,4,94,94)
r(65,3,4,95,95)
w(0,229,4,96,96)
w(16,14,4,97,97)
w(30,8,4,98,98)
r(64,6,4,99,99)
r(9,27,4,100,100)
w(16,15,4,101,101)
r(12,12,4,102,102)
r(0,229,4,103,103)
r(0,229,4,104,104)
r(11,16,4,105,105)
r(12,12,4,106,106)
w(1,91,4,107,107)
r(0,229,4,108,108)
r(81,3,4,109,109)
r(23,5,4,110,110)
w(0,230,4,111,111)
w(9,28,4,112,112)
w(17,15,4,113,113)
w(1,92,4,114,114)
w(33,8,4,115,115)
r(5,27,4,116,116)
w(1,93,4,117,117)
r(0,230,4,118,118)
r(0,230,4,119,119)
r(9,28,4,120,120)
w(2,77,4,121,121)
r(24,6,4,122,122)
w(56,4,4,123,123)
w(39,5,4,124,124)
r(21,12,4,125,125)
r(0,230,4,126,126)
w(94,3,4,127,127)
w(1,94,4,128,128)
w(54,3,4,129,129)
w(9,29,4,130,130)
w(22,15,4,131,131)
w(8,21,4,132,132)
w(53,2,4,133,133)
w(3,48,4,134,134)
r(90,4,4,135,135)
w(8,22,4,136,136)
w(88,3,4,137,137)
r(2,77,4,138,138)
w(50,8,4,139,139)
r(0,230,4,140,140)
w(59,3,4,141,141)
r(6,26,4,142,142)
w(35,10,4,143,143)
r(0,230,4,144,144)
r(32,6,4,145,145)
r(8,22,4,146,146)
w(0,231,4,147,147)
r(2,77,4,148,148)
r(0,231,4,149,149)
w(47,3,4,150,150)
w(14,5,4,151,151)
w(19,14,4,152,152)
w(2,78,4,153,153)
w(0,232,4,154,154)
w(0,233,4,155,155)
r(1,94,4,156,156)
r(26,3,4,157,157)
w(6,27,4,158,158)
r(0,233,4,159,159)
r(3,48,4,160,160)
w(0,234,4,161,161)
w(0,235,4,162,162)
w(6,28,4,163,163)
r(9,29,4,164,164)
r(65,3,4,165,165)
r(21,12,4,166,166)
w(20,12,4,167,167)
r(0,235,4,168,168)
r(2,78,4,169,169)
r(18,12,4,170,170)
r(8,22,4,171,171)
w(34,7,4,172,172)
r(92,1,4,173,173)
r(2,78,4,174,174)
r(0,235,4,175,175)
w(26,4,4,176,176)
w(11,17,4,177,177)
w(3,49,4,178,178)
w(39,6,4,179,179)
r(0,235,4,180,180)
r(26,4,4,181,181)
w(35,11,4,182,182)
r(2,78,4,183,183)
w(0,236,4,184,184)
w(26,5,4,185,185)
r(1,94,4,186,186)
w(0,237,4,187,187)
r(11,17,4,188,188)
r(0,237,4,189,189)
w(0,238,4,190,190)
w(4,48,4,191,191)
r(90,4,4,192,192)
w(0,239,4,193,193)
r(0,239,4,194,194)
w(33,9,4,195,195)
r(17,15,4,196,196)
w(3,50,4,197,197)
r(0,239,4,198,198)
r(10,16,4,199,199)
r(40,4,4,200,200)
r(26,5,4,201,201)
r(11,17,4,202,202)
r(7,19,4,203,203)
w(0,240,4,204,204)
r(11,17,4,205,205)
r(2,78,4,206,206)
w(3,51,4,207,207)
w(1,95,4,208,208)
r(67,1,4,209,209)
w(0,241,4,210,210)
r(3,51,4,211,211)
w(0,242,4,212,212)
w(1,96,4,213,213)
r(3,51,4,214,214)
w(0,243,4,215,215)
r(56,4,4,216,216)
w(2,79,4,217,217)
w(54,4,4,218,218)
r(10,16,4,219,219)
w(9,30,4,220,220)
w(10,17,4,221,221)
r(57,1,4,222,222)
r(33,9,4,223,223)
w(1,97,4,224,224)
w(4,49,4,225,225)
r(29,6,4,226,226)
r(1,97,4,227,227)
w(0,244,4,228,228)
w(24,7,4,229,229)
w(38,3,4,230,230)
r(2,79,4,231,231)
w(94,4,4,232,232)
w(71,1,4,233,233)
r(16,15,4,234,234)
w(5,28,4,235,235)
r(6,28,4,236,236)
r(0,244,4,237,237)
r(8,22,4,238,238)
r(2,79,4,239,239)
w(34,8,4,240,240)
r(13,17,4,241,241)
r(3,51,4,242,242)
r(53,2,4,243,243)
r(11,17,4,244,244)
w(0,245,4,245,245)
w(32,7,4,246,246)
w(23,6,4,247,247)
w(5,29,4,248,248)
r(0,245,4,249,249)
r(44,5,4,250,250)
w(5,30,4,251,251)
w(18,13,4,252,252)
r(9,30,4,253,253)
r(2,79,4,254,254)
r(20,12,4,255,255)
w(1,98,4,256,256)
r(13,17,4,257,257)
w(3,52,4,258,258)
r(27,3,4,259,259)
r(26,5,4,260,260)
w(2,80,4,261,261)
w(1,99,4,262,262)
r(0,245,4,263,263)
r(5,30,4,264,264)
w(16,16,4,265,265)
w(46,5,4,266,266)
r(6,28,4,267,267)
r(13,17,4,268,268)
w(0,246,4,269,269)
r(1,99,4,270,270)
w(6,29,4,271,271)
w(27,4,4,272,272)
r(0,246,4,273,273)
r(1,99,4,274,274)
w(0,247,4,275,275)
r(11,17,4,276,276)
r(3,52,4,277,277)
w(6,30,4,278,278)
w(1,100,4,279,279)
r(0,247,4,280,280)
w(20,13,4,281,281)
w(8,23,4,282,282)
w(36,4,4,283,283)
r(4,49,4,284,284)
w(45,5,4,285,285)
r(15,14,4,286,286)
r(2,80,4,287,287)
w(22,16,4,288,288)
w(88,4,4,289,289)
w(7,20,4,290,290)
w(4,50,4,291,291)
r(1,100,4,292,292)
w(66,2,4,293,293)
r(39,6,4,294,294)
r(0,247,4,295,295)
w(89,4,4,296,296)
w(0,248,4,297,297)
w(4,51,4,298,298)
r(0,248,4,299,299)
w(2,81,4,300,300)
w(71,2,4,301,301)
w(2,82,4,302,302)
r(22,16,4,303,303)
w(2,83,4,304,304)
r(12,12,4,305,305)
w(6,31,4,306,306)
w(1,101,4,307,307)
r(62,3,4,308,308)
r(62,3,4,309,309)
r(80,3,4,310,310)
r(3,52,4,311,311)
r(6,31,4,312,312)
w(1,102,4,313,313)
r(42,10,4,314,314)
w(59,4,4,315,315)
r(3,52,4,316,316)
w(0,249,4,317,317)
w(2,84,4,318,318)
r(9,30,4,319,319)
w(13,18,4,320,320)
r(39,6,4,321,321)
w(38,4,4,322,322)
r(78,1,4,323,323)
r(11,17,4,324,324)
w(73,3,4,325,325)
r(6,31,4,326,326)
w(42,11,4,327,327)
r(73,3,4,328,328)
w(73,4,4,329,329)
r(80,3,4,330,330)
w(23,7,4,331,331)
r(97,1,4,332,332)
w(1,103,4,333,333)
r(15,14,4,334,334)
w(79,4,4,335,335)
w(65,4,4,336,336)
w(2,85,4,337,337)
r(20,13,4,338,338)
r(0,249,4,339,339)
r(7,20,4,340,340)
r(91,2,4,341,341)
w(1,104,4,342,342)
w(7,21,4,343,343)
r(0,249,4,344,344)
w(36,5,4,345,345)
r(9,30,4,346,346)
w(41,3,4,347,347)
r(29,6,4,348,348)
w(0,250,4,349,349)
r(0,250,4,350,350)
w(16,17,4,351,351)
w(0,251,4,352,352)
r(0,251,4,353,353)
w(3,53,4,354,354)
w(20,14,4,355,355)
r(27,4,4,356,356)
w(5,31,4,357,357)
w(38,5,4,358,358)
r(50,8,4,359,359)
w(40,5,4,360,360)
r(45,5,4,361,361)
w(42,12,4,362,362)
w(4,52,4,363,363)
w(69,1,4,364,364)
w(7,22,4,365,365)
w(52,7,4,366,366)
w(3,54,4,367,367)
r(5,31,4,368,368)
r(0,251,4,369,369)
w(13,19,4,370,370)
w(1,105,4,371,371)
w(0,252,4,372,372)
w(15,15,4,373,373)
w(10,18,4,374,374)
w(18,14,4,375,375)
r(2,85,4,376,376)
r(13,19,4,377,377)
r(1,105,4,378,378)
r(0,252,4,379,379)
r(3,54,4,380,380)
r(20,14,4,381,381)
w(10,19,4,382,382)
r(5,31,4,383,383)
r(0,252,4,384,384)
w(0,253,4,385,385)
r(71,2,4,386,386)
r(0,253,4,387,387)
r(4,52,4,388,388)
w(71,3,4,389,389)
w(19,15,4,390,390)
r(46,5,4,391,391)
r(5,31,4,392,392)
r(25,6,4,393,393)
r(70,2,4,394,394)
r(10,19,4,395,395)
w(0,254,4,396,396)
w(0,255,4,397,397)
r(27,4,4,398,398)
w(0,256,4,399,399)
r(83,1,4,400,400)
r(13,19,4,401,401)
r(1,105,4,402,402)
w(14,6,4,403,403)
w(2,86,4,404,404)
w(60,2,4,405,405)
r(0,256,4,406,406)
w(2,87,4,407,407)
w(14,7,4,408,408)
r(27,4,4,409,409)
r(29,6,4,410,410)
r(0,256,4,411,411)
r(85,1,4,412,412)
w(3,55,4,413,413)
w(99,2,4,414,414)
r(5,31,4,415,415)
r(4,52,4,416,416)
w(0,257,4,417,417)
w(0,258,4,418,418)
r(3,55,4,419,419)
r(35,11,4,420,420)
r(0,258,4,421,421)
w(4,53,4,422,422)
w(26,6,4,423,423)
r(2,87,4,424,424)
w(17,16,4,425,425)
w(3,56,4,426,426)
r(46,5,4,427,427)
r(71,3,4,428,428)
w(16,18,4,429,429)
r(0,258,4,430,430)
r(0,258,4,431,431)
w(52,8,4,432,432)
r(1,105,4,433,433)
r(21,12,4,434,434)
r(96,2,4,435,435)
r(56,4,4,436,436)
w(15,16,4,437,437)
w(65,5,4,438,438)
r(0,258,4,439,439)
w(55,6,4,440,440)
r(50,8,4,441,441)
w(0,259,4,442,442)
r(62,3,4,443,443)
w(80,4,4,444,444)
w(18,15,4,445,445)
w(3,57,4,446,446)
w(14,8,4,447,447)
r(14,8,4,448,448)
w(1,106,4,449,449)
w(45,6,4,450,450)
w(83,2,4,451,451)
r(2,87,4,452,452)
w(47,4,4,453,453)
r(1,106,4,454,454)
r(8,23,4,455,455)
r(7,22,4,456,456)
r(0,259,4,457,457)
w(34,9,4,458,458)
w(1,107,4,459,459)
w(0,260,4,460,460)
r(43,4,4,461,461)
w(15,17,4,462,462)
r(0,260,4,463,463)
r(66,2,4,464,464)
r(12,12,4,465,465)
w(0,261,4,466,466)
w(16,19,4,467,467)
r(3,57,4,468,468)
w(70,3,4,469,469)
r(31,9,4,470,470)
w(61,5,4,471,471)
r(0,261,4,472,472)
w(21,13,4,473,473)
r(1,107,4,474,474)
w(0,262,4,475,475)
r(36,5,4,476,476)
r(36,5,4,477,477)
w(51,2,4,478,478)
w(3,58,4,479,479)
r(4,53,4,480,480)
r(51,2,4,481,481)
r(24,7,4,482,482)
r(0,262,4,483,483)
r(53,2,4,484,484)
r(10,19,4,485,485)
r(11,17,4,486,486)
r(39,6,4,487,487)
w(2,88,4,488,488)
w(68,4,4,489,489)
r(2,88,4,490,490)
r(95,1,4,491,491)
w(72,6,4,492,492)
r(6,31,4,493,493)
r(6,31,4,494,494)
w(13,20,4,495,495)
w(25,7,4,496,496)
r(20,14,4,497,497)
r(0,262,4,498,498)
r(16,19,4,499,499)
