w(159,1,0,0,0)
w(0,1,0,1,1)
w(668,1,0,2,2)
w(375,1,0,3,3)
w(27,1,0,4,4)
w(0,2,0,5,5)
w(10,1,0,6,6)
r(210,0,0,7,7)
w(3,1,0,8,8)
w(194,1,0,9,9)
w(215,1,0,10,10)
w(0,3,0,11,11)
w(0,4,0,12,12)
w(0,5,0,13,13)
w(71,1,0,14,14)
w(1,1,0,15,15)
w(989,1,0,16,16)
w(5,1,0,17,17)
w(10,2,0,18,18)
r(0,5,0,19,19)
w(0,6,0,20,20)
w(0,7,0,21,21)
w(329,1,0,22,22)
w(810,1,0,23,23)
w(132,1,0,24,24)
w(20,1,0,25,25)
w(161,1,0,26,26)
w(1,2,0,27,27)
w(14,1,0,28,28)
r(0,7,0,29,29)
w(93,1,0,30,30)
w(2,1,0,31,31)
w(601,1,0,32,32)
w(1,3,0,33,33)
w(161,2,0,34,34)
w(8,1,0,35,35)
w(26,1,0,36,36)
w(7,1,0,37,37)
w(18,1,0,38,38)
w(538,1,0,39,39)
w(0,8,0,40,40)
r(268,0,0,41,41)
w(1,4,0,42,42)
w(7,2,0,43,43)
w(631,1,0,44,44)
w(0,9,0,45,45)
w(198,1,0,46,46)
w(2,2,0,47,47)
w(850,1,0,48,48)
w(694,1,0,49,49)
w(702,1,0,50,50)
w(0,10,0,51,51)
w(2,3,0,52,52)
w(2,4,0,53,53)
w(0,11,0,54,54)
r(152,0,0,55,55)
w(2,5,0,56,56)
w(2,6,0,57,57)
w(22,1,0,58,58)
w(377,1,0,59,59)
w(2,7,0,60,60)
w(0,12,0,61,61)
r(116,0,0,62,62)
w(11,1,0,63,63)
w(160,1,0,64,64)
w(59,1,0,65,65)
w(244,1,0,66,66)
w(46,1,0,67,67)
r(159,1,0,68,68)
w(262,1,0,69,69)
w(1,5,0,70,70)
w(110,1,0,71,71)
w(12,1,0,72,72)
w(0,13,0,73,73)
w(6,1,0,74,74)
w(16,1,0,75,75)
w(13,1,0,76,76)
r(40,0,0,77,77)
w(471,1,0,78,78)
w(2,8,0,79,79)
w(54,1,0,80,80)
w(217,1,0,81,81)
w(0,14,0,82,82)
r(2,8,0,83,83)
r(0,14,0,84,84)
r(2,8,0,85,85)
w(11,2,0,86,86)
w(276,1,0,87,87)
r(4,0,0,88,88)
w(967,1,0,89,89)
w(22,2,0,90,90)
w(32,1,0,91,91)
w(38,1,0,92,92)
w(27,2,0,93,93)
w(2,9,0,94,94)
w(978,1,0,95,95)
w(26,2,0,96,96)
r(0,14,0,97,97)
w(6,2,0,98,98)
w(2,10,0,99,99)
w(5,2,1,0,0)
r(5,2,1,1,1)
w(29,1,1,2,2)
w(1,6,1,3,3)
w(7,3,1,4,4)
w(0,15,1,5,5)
w(0,16,1,6,6)
w(125,1,1,7,7)
w(121,1,1,8,8)
w(172,1,1,9,9)
w(8,2,1,10,10)
w(0,17,1,11,11)
w(35,1,1,12,12)
w(0,18,1,13,13)
w(417,1,1,14,14)
w(1,7,1,15,15)
w(8,3,1,16,16)
w(19,1,1,17,17)
w(15,1,1,18,18)
w(0,19,1,19,19)
r(16,1,1,20,20)
r(1,7,1,21,21)
w(19,2,1,22,22)
w(58,1,1,23,23)
w(27,3,1,24,24)
w(2,11,1,25,25)
w(0,20,1,26,26)
w(1,8,1,27,27)
w(18,2,1,28,28)
w(366,1,1,29,29)
w(2,12,1,30,30)
w(6,3,1,31,31)
w(136,1,1,32,32)
w(39,1,1,33,33)
w(1,9,1,34,34)
w(65,1,1,35,35)
r(10,2,1,36,36)
w(6,4,1,37,37)
w(7,4,1,38,38)
w(669,1,1,39,39)
w(71,2,1,40,40)
w(0,21,1,41,41)
w(311,1,1,42,42)
w(1,10,1,43,43)
w(2,13,1,44,44)
w(6,5,1,45,45)
w(43,1,1,46,46)
w(1,11,1,47,47)
w(65,2,1,48,48)
w(724,1,1,49,49)
w(58,2,1,50,50)
w(0,22,1,51,51)
w(18,3,1,52,52)
w(301,1,1,53,53)
w(51,1,1,54,54)
w(881,1,1,55,55)
w(128,1,1,56,56)
w(735,1,1,57,57)
w(9,1,1,58,58)
w(138,1,1,59,59)
w(0,23,1,60,60)
w(371,1,1,61,61)
w(0,24,1,62,62)
r(1,11,1,63,63)
w(932,1,1,64,64)
w(11,3,1,65,65)
w(0,25,1,66,66)
w(89,1,1,67,67)
w(8,4,1,68,68)
w(0,26,1,69,69)
w(88,1,1,70,70)
w(5,3,1,71,71)
w(355,1,1,72,72)
w(11,4,1,73,73)
w(54,2,1,74,74)
w(0,27,1,75,75)
w(594,1,1,76,76)
r(143,0,1,77,77)
w(11,5,1,78,78)
w(426,1,1,79,79)
w(250,1,1,80,80)
w(29,2,1,81,81)
w(118,1,1,82,82)
w(2,14,1,83,83)
w(1,12,1,84,84)
w(4,1,1,85,85)
w(372,1,1,86,86)
w(282,1,1,87,87)
w(58,3,1,88,88)
w(20,2,1,89,89)
w(171,1,1,90,90)
w(386,1,1,91,91)
w(1,13,1,92,92)
w(3,2,1,93,93)
w(135,1,1,94,94)
w(462,1,1,95,95)
w(5,4,1,96,96)
r(128,1,1,97,97)
w(593,1,1,98,98)
w(27,4,1,99,99)
w(1,14,2,0,0)
w(0,28,2,1,1)
w(0,29,2,2,2)
w(411,1,2,3,3)
w(10,3,2,4,4)
w(14,2,2,5,5)
r(1,14,2,6,6)
w(887,1,2,7,7)
w(772,1,2,8,8)
r(0,29,2,9,9)
w(0,30,2,10,10)
w(5,5,2,11,11)
w(80,1,2,12,12)
r(0,30,2,13,13)
w(1,15,2,14,14)
w(0,31,2,15,15)
w(471,2,2,16,16)
w(82,1,2,17,17)
w(10,4,2,18,18)
w(480,1,2,19,19)
w(150,1,2,20,20)
r(486,0,2,21,21)
w(654,1,2,22,22)
w(16,2,2,23,23)
w(261,1,2,24,24)
w(593,2,2,25,25)
w(2,15,2,26,26)
w(0,32,2,27,27)
w(12,2,2,28,28)
w(120,1,2,29,29)
w(701,1,2,30,30)
r(816,0,2,31,31)
w(361,1,2,32,32)
w(0,33,2,33,33)
r(0,33,2,34,34)
w(179,1,2,35,35)
w(56,1,2,36,36)
w(3,3,2,37,37)
w(17,1,2,38,38)
w(183,1,2,39,39)
w(24,1,2,40,40)
w(286,1,2,41,41)
w(2,16,2,42,42)
w(22,3,2,43,43)
w(195,1,2,44,44)
w(10,5,2,45,45)
w(464,1,2,46,46)
w(120,2,2,47,47)
r(81,0,2,48,48)
w(537,1,2,49,49)
w(153,1,2,50,50)
w(11,6,2,51,51)
w(37,1,2,52,52)
w(166,1,2,53,53)
r(10,5,2,54,54)
w(605,1,2,55,55)
w(123,1,2,56,56)
w(5,6,2,57,57)
r(3,3,2,58,58)
w(157,1,2,59,59)
w(0,34,2,60,60)
w(85,1,2,61,61)
w(3,4,2,62,62)
w(148,1,2,63,63)
w(0,35,2,64,64)
w(111,1,2,65,65)
r(985,0,2,66,66)
w(30,1,2,67,67)
w(36,1,2,68,68)
r(6,5,2,69,69)
w(1,16,2,70,70)
w(50,1,2,71,71)
w(184,1,2,72,72)
w(39,2,2,73,73)
w(3,5,2,74,74)
w(1,17,2,75,75)
w(836,1,2,76,76)
w(5,7,2,77,77)
w(2,17,2,78,78)
w(87,1,2,79,79)
w(2,18,2,80,80)
w(256,1,2,81,81)
w(685,1,2,82,82)
w(3,6,2,83,83)
w(21,1,2,84,84)
w(3,7,2,85,85)
w(11,7,2,86,86)
w(26,3,2,87,87)
w(1,18,2,88,88)
w(45,1,2,89,89)
r(8,4,2,90,90)
w(0,36,2,91,91)
w(0,37,2,92,92)
w(260,1,2,93,93)
w(0,38,2,94,94)
w(1,19,2,95,95)
w(3,8,2,96,96)
w(43,2,2,97,97)
w(164,1,2,98,98)
w(20,3,2,99,99)
r(44,0,3,0,0)
w(0,39,3,1,1)
w(276,2,3,2,2)
w(566,1,3,3,3)
w(11,8,3,4,4)
w(580,1,3,5,5)
r(465,0,3,6,6)
r(1,19,3,7,7)
w(2,19,3,8,8)
w(135,2,3,9,9)
r(211,0,3,10,10)
w(53,1,3,11,11)
w(1,20,3,12,12)
w(0,40,3,13,13)
w(0,41,3,14,14)
w(5,8,3,15,15)
r(6,5,3,16,16)
w(8,5,3,17,17)
w(149,1,3,18,18)
w(364,1,3,19,19)
w(9,2,3,20,20)
w(670,1,3,21,21)
w(6,6,3,22,22)
w(0,42,3,23,23)
w(18,4,3,24,24)
w(486,1,3,25,25)
w(51,2,3,26,26)
w(10,6,3,27,27)
w(33,1,3,28,28)
w(28,1,3,29,29)
w(874,1,3,30,30)
w(73,1,3,31,31)
w(15,2,3,32,32)
w(0,43,3,33,33)
w(26,4,3,34,34)
w(154,1,3,35,35)
w(221,1,3,36,36)
w(1,21,3,37,37)
r(0,43,3,38,38)
w(314,1,3,39,39)
w(0,44,3,40,40)
w(956,1,3,41,41)
w(45,2,3,42,42)
r(0,44,3,43,43)
w(0,45,3,44,44)
w(723,1,3,45,45)
r(2,19,3,46,46)
r(437,0,3,47,47)
w(2,20,3,48,48)
w(81,1,3,49,49)
w(4,2,3,50,50)
w(5,9,3,51,51)
w(24,2,3,52,52)
w(11,9,3,53,53)
w(5,10,3,54,54)
w(4,3,3,55,55)
w(18,5,3,56,56)
w(161,3,3,57,57)
w(1,22,3,58,58)
w(2,21,3,59,59)
w(38,2,3,60,60)
r(4,3,3,61,61)
w(2,22,3,62,62)
w(14,3,3,63,63)
r(441,0,3,64,64)
w(74,1,3,65,65)
w(544,1,3,66,66)
w(1,23,3,67,67)
w(0,46,3,68,68)
w(87,2,3,69,69)
w(4,4,3,70,70)
w(599,1,3,71,71)
w(13,2,3,72,72)
w(0,47,3,73,73)
w(951,1,3,74,74)
w(58,4,3,75,75)
w(46,2,3,76,76)
w(0,48,3,77,77)
w(105,1,3,78,78)
w(343,1,3,79,79)
w(14,4,3,80,80)
w(105,2,3,81,81)
w(0,49,3,82,82)
w(1,24,3,83,83)
w(25,1,3,84,84)
w(149,2,3,85,85)
w(2,23,3,86,86)
w(541,1,3,87,87)
w(2,24,3,88,88)
w(480,2,3,89,89)
w(6,7,3,90,90)
w(48,1,3,91,91)
w(0,50,3,92,92)
r(100,0,3,93,93)
w(43,3,3,94,94)
w(0,51,3,95,95)
r(628,0,3,96,96)
w(580,2,3,97,97)
w(0,52,3,98,98)
w(738,1,3,99,99)
r(12,2,4,0,0)
r(0,52,4,1,1)
w(24,3,4,2,2)
w(453,1,4,3,3)
w(0,53,4,4,4)
w(15,3,4,5,5)
w(85,2,4,6,6)
w(54,3,4,7,7)
w(261,2,4,8,8)
w(8,6,4,9,9)
w(22,4,4,10,10)
w(9,3,4,11,11)
w(45,3,4,12,12)
w(5,11,4,13,13)
w(3,9,4,14,14)
w(397,1,4,15,15)
w(60,1,4,16,16)
w(35,2,4,17,17)
r(24,3,4,18,18)
w(330,1,4,19,19)
w(1,25,4,20,20)
w(28,2,4,21,21)
w(24,4,4,22,22)
w(10,7,4,23,23)
w(392,1,4,24,24)
r(0,53,4,25,25)
w(68,1,4,26,26)
w(235,1,4,27,27)
w(11,10,4,28,28)
w(270,1,4,29,29)
w(0,54,4,30,30)
w(31,1,4,31,31)
w(0,55,4,32,32)
w(0,56,4,33,33)
w(88,2,4,34,34)
w(9,4,4,35,35)
w(26,5,4,36,36)
w(6,8,4,37,37)
w(12,3,4,38,38)
w(336,1,4,39,39)
w(0,57,4,40,40)
w(130,1,4,41,41)
w(6,9,4,42,42)
w(2,25,4,43,43)
w(36,2,4,44,44)
w(35,3,4,45,45)
r(0,57,4,46,46)
w(68,2,4,47,47)
w(8,7,4,48,48)
w(0,58,4,49,49)
w(484,1,4,50,50)
w(330,2,4,51,51)
w(0,59,4,52,52)
w(834,1,4,53,53)
w(0,60,4,54,54)
w(88,3,4,55,55)
w(11,11,4,56,56)
w(109,1,4,57,57)
w(15,4,4,58,58)
w(22,5,4,59,59)
w(308,1,4,60,60)
w(403,1,4,61,61)
w(2,26,4,62,62)
w(308,2,4,63,63)
w(86,1,4,64,64)
w(0,61,4,65,65)
w(13,3,4,66,66)
w(553,1,4,67,67)
w(77,1,4,68,68)
w(1,26,4,69,69)
w(647,1,4,70,70)
w(9,5,4,71,71)
w(38,3,4,72,72)
w(11,12,4,73,73)
w(3,10,4,74,74)
w(0,62,4,75,75)
r(0,62,4,76,76)
w(2,27,4,77,77)
w(12,4,4,78,78)
w(103,1,4,79,79)
w(16,3,4,80,80)
w(11,13,4,81,81)
w(3,11,4,82,82)
r(0,62,4,83,83)
w(464,2,4,84,84)
w(1,27,4,85,85)
r(0,62,4,86,86)
w(53,2,4,87,87)
w(79,1,4,88,88)
w(52,1,4,89,89)
w(0,63,4,90,90)
w(8,8,4,91,91)
r(94,0,4,92,92)
w(1,28,4,93,93)
w(390,1,4,94,94)
r(757,0,4,95,95)
w(129,1,4,96,96)
w(0,64,4,97,97)
w(991,1,4,98,98)
w(2,28,4,99,99)
w(0,65,5,0,0)
w(742,1,5,1,1)
w(252,1,5,2,2)
w(511,1,5,3,3)
w(802,1,5,4,4)
w(620,1,5,5,5)
w(34,1,5,6,6)
w(153,2,5,7,7)
w(478,1,5,8,8)
w(19,3,5,9,9)
w(155,1,5,10,10)
r(78,0,5,11,11)
w(454,1,5,12,12)
w(6,10,5,13,13)
w(97,1,5,14,14)
w(1,29,5,15,15)
w(14,5,5,16,16)
w(23,1,5,17,17)
w(0,66,5,18,18)
w(164,2,5,19,19)
w(71,3,5,20,20)
w(161,4,5,21,21)
w(21,2,5,22,22)
w(27,5,5,23,23)
w(801,1,5,24,24)
w(14,6,5,25,25)
w(5,12,5,26,26)
w(0,67,5,27,27)
w(50,2,5,28,28)
w(30,2,5,29,29)
r(0,67,5,30,30)
w(3,12,5,31,31)
w(44,1,5,32,32)
w(23,2,5,33,33)
w(0,68,5,34,34)
w(48,2,5,35,35)
w(294,1,5,36,36)
w(97,2,5,37,37)
w(168,1,5,38,38)
w(669,2,5,39,39)
r(0,68,5,40,40)
w(51,3,5,41,41)
w(9,6,5,42,42)
w(26,6,5,43,43)
w(0,69,5,44,44)
w(12,5,5,45,45)
w(205,1,5,46,46)
w(101,1,5,47,47)
w(116,1,5,48,48)
w(210,1,5,49,49)
w(0,70,5,50,50)
w(737,1,5,51,51)
w(176,1,5,52,52)
w(5,13,5,53,53)
w(0,71,5,54,54)
r(4,4,5,55,55)
w(133,1,5,56,56)
w(1,30,5,57,57)
w(0,72,5,58,58)
w(11,14,5,59,59)
w(4,5,5,60,60)
w(0,73,5,61,61)
w(11,15,5,62,62)
w(3,13,5,63,63)
w(71,4,5,64,64)
w(26,7,5,65,65)
w(1,31,5,66,66)
r(1,31,5,67,67)
w(0,74,5,68,68)
w(5,14,5,69,69)
r(3,13,5,70,70)
w(63,1,5,71,71)
w(33,2,5,72,72)
w(11,16,5,73,73)
w(5,15,5,74,74)
w(156,1,5,75,75)
w(762,1,5,76,76)
r(110,1,5,77,77)
w(17,2,5,78,78)
r(4,5,5,79,79)
w(30,3,5,80,80)
w(35,4,5,81,81)
w(18,6,5,82,82)
w(5,16,5,83,83)
r(335,0,5,84,84)
w(99,1,5,85,85)
w(722,1,5,86,86)
w(217,2,5,87,87)
w(12,6,5,88,88)
w(98,1,5,89,89)
w(26,8,5,90,90)
w(9,7,5,91,91)
w(1,32,5,92,92)
w(0,75,5,93,93)
w(323,1,5,94,94)
w(326,1,5,95,95)
w(740,1,5,96,96)
w(119,1,5,97,97)
w(46,3,5,98,98)
w(22,6,5,99,99)
w(37,2,6,0,0)
w(0,76,6,1,1)
w(177,1,6,2,2)
w(541,2,6,3,3)
w(262,2,6,4,4)
w(3,14,6,5,5)
w(34,2,6,6,6)
w(0,77,6,7,7)
w(11,17,6,8,8)
w(56,2,6,9,9)
w(7,5,6,10,10)
w(272,1,6,11,11)
w(41,1,6,12,12)
w(15,5,6,13,13)
r(828,0,6,14,14)
w(174,1,6,15,15)
w(93,2,6,16,16)
w(11,18,6,17,17)
w(26,9,6,18,18)
w(6,11,6,19,19)
w(195,2,6,20,20)
w(187,1,6,21,21)
r(0,77,6,22,22)
r(2,28,6,23,23)
w(0,78,6,24,24)
r(0,78,6,25,25)
w(174,2,6,26,26)
w(66,1,6,27,27)
w(2,29,6,28,28)
w(412,1,6,29,29)
w(5,17,6,30,30)
w(6,12,6,31,31)
w(408,1,6,32,32)
w(12,7,6,33,33)
w(3,15,6,34,34)
w(5,18,6,35,35)
w(0,79,6,36,36)
w(1,33,6,37,37)
w(132,2,6,38,38)
r(109,1,6,39,39)
w(2,30,6,40,40)
w(0,80,6,41,41)
r(152,0,6,42,42)
r(76,0,6,43,43)
w(559,1,6,44,44)
w(112,1,6,45,45)
w(0,81,6,46,46)
w(67,1,6,47,47)
w(23,3,6,48,48)
w(68,3,6,49,49)
w(9,8,6,50,50)
w(698,1,6,51,51)
r(34,2,6,52,52)
w(12,8,6,53,53)
w(712,1,6,54,54)
w(8,9,6,55,55)
w(76,1,6,56,56)
w(918,1,6,57,57)
w(16,4,6,58,58)
w(828,1,6,59,59)
r(2,30,6,60,60)
w(4,6,6,61,61)
w(139,1,6,62,62)
w(151,1,6,63,63)
w(83,1,6,64,64)
w(3,16,6,65,65)
w(707,1,6,66,66)
r(14,6,6,67,67)
w(3,17,6,68,68)
w(7,6,6,69,69)
w(5,19,6,70,70)
r(13,3,6,71,71)
w(10,8,6,72,72)
w(6,13,6,73,73)
w(0,82,6,74,74)
w(86,2,6,75,75)
w(1,34,6,76,76)
w(376,1,6,77,77)
w(7,7,6,78,78)
w(107,1,6,79,79)
w(66,2,6,80,80)
w(1,35,6,81,81)
w(1,36,6,82,82)
w(2,31,6,83,83)
w(144,1,6,84,84)
w(270,2,6,85,85)
w(130,2,6,86,86)
w(27,6,6,87,87)
w(108,1,6,88,88)
w(21,3,6,89,89)
w(353,1,6,90,90)
w(164,3,6,91,91)
w(24,5,6,92,92)
w(14,7,6,93,93)
w(25,2,6,94,94)
w(0,83,6,95,95)
w(241,1,6,96,96)
w(1,37,6,97,97)
w(3,18,6,98,98)
w(828,2,6,99,99)
w(1,38,7,0,0)
w(0,84,7,1,1)
w(210,2,7,2,2)
w(7,8,7,3,3)
r(76,1,7,4,4)
w(25,3,7,5,5)
w(9,9,7,6,6)
w(31,2,7,7,7)
w(0,85,7,8,8)
w(0,86,7,9,9)
w(0,87,7,10,10)
w(154,2,7,11,11)
r(81,1,7,12,12)
w(0,88,7,13,13)
w(460,1,7,14,14)
w(1,39,7,15,15)
r(875,0,7,16,16)
w(119,2,7,17,17)
w(3,19,7,18,18)
w(16,5,7,19,19)
w(241,2,7,20,20)
w(1,40,7,21,21)
w(6,14,7,22,22)
w(5,20,7,23,23)
r(8,9,7,24,24)
w(3,20,7,25,25)
r(69,0,7,26,26)
w(2,32,7,27,27)
w(0,89,7,28,28)
w(0,90,7,29,29)
r(0,90,7,30,30)
w(16,6,7,31,31)
r(9,9,7,32,32)
w(434,1,7,33,33)
w(0,91,7,34,34)
w(15,6,7,35,35)
w(298,1,7,36,36)
r(931,0,7,37,37)
w(0,92,7,38,38)
w(2,33,7,39,39)
w(0,93,7,40,40)
w(0,94,7,41,41)
w(1,41,7,42,42)
w(17,3,7,43,43)
r(4,6,7,44,44)
w(200,1,7,45,45)
w(0,95,7,46,46)
w(463,1,7,47,47)
r(27,6,7,48,48)
w(0,96,7,49,49)
w(7,9,7,50,50)
w(643,1,7,51,51)
w(0,97,7,52,52)
w(33,3,7,53,53)
w(1,42,7,54,54)
w(24,6,7,55,55)
w(1,43,7,56,56)
w(108,2,7,57,57)
w(1,44,7,58,58)
w(259,1,7,59,59)
w(101,2,7,60,60)
w(390,2,7,61,61)
w(0,98,7,62,62)
w(2,34,7,63,63)
w(31,3,7,64,64)
w(387,1,7,65,65)
w(468,1,7,66,66)
w(3,21,7,67,67)
w(235,2,7,68,68)
w(244,2,7,69,69)
r(173,0,7,70,70)
w(826,1,7,71,71)
w(337,1,7,72,72)
w(4,7,7,73,73)
w(251,1,7,74,74)
w(168,2,7,75,75)
w(113,1,7,76,76)
w(232,1,7,77,77)
w(36,3,7,78,78)
w(96,1,7,79,79)
w(318,1,7,80,80)
w(535,1,7,81,81)
w(0,99,7,82,82)
w(40,1,7,83,83)
w(159,2,7,84,84)
w(0,100,7,85,85)
w(605,2,7,86,86)
w(133,2,7,87,87)
r(1,44,7,88,88)
w(2,35,7,89,89)
w(1,45,7,90,90)
w(25,4,7,91,91)
r(19,3,7,92,92)
w(74,2,7,93,93)
w(9,10,7,94,94)
w(72,1,7,95,95)
w(237,1,7,96,96)
w(0,101,7,97,97)
w(3,22,7,98,98)
w(6,15,7,99,99)
w(3,23,8,0,0)
w(846,1,8,1,1)
w(14,8,8,2,2)
r(42,0,8,3,3)
w(2,36,8,4,4)
w(10,9,8,5,5)
w(502,1,8,6,6)
w(462,2,8,7,7)
w(9,11,8,8,8)
r(733,0,8,9,9)
w(43,4,8,10,10)
w(2,37,8,11,11)
r(1,45,8,12,12)
w(518,1,8,13,13)
w(4,8,8,14,14)
w(5,21,8,15,15)
r(798,0,8,16,16)
w(9,12,8,17,17)
w(2,38,8,18,18)
w(0,102,8,19,19)
w(42,1,8,20,20)
w(3,24,8,21,21)
w(36,4,8,22,22)
w(80,2,8,23,23)
w(19,4,8,24,24)
r(10,9,8,25,25)
w(576,1,8,26,26)
w(294,2,8,27,27)
w(9,13,8,28,28)
w(67,2,8,29,29)
w(20,4,8,30,30)
w(305,1,8,31,31)
w(0,103,8,32,32)
w(3,25,8,33,33)
r(2,38,8,34,34)
w(15,7,8,35,35)
w(6,16,8,36,36)
w(0,104,8,37,37)
w(0,105,8,38,38)
w(24,7,8,39,39)
w(365,1,8,40,40)
w(199,1,8,41,41)
w(0,106,8,42,42)
w(0,107,8,43,43)
w(592,1,8,44,44)
w(124,1,8,45,45)
w(0,108,8,46,46)
w(625,1,8,47,47)
w(39,3,8,48,48)
w(44,2,8,49,49)
w(367,1,8,50,50)
r(506,0,8,51,51)
w(4,9,8,52,52)
w(8,10,8,53,53)
w(9,14,8,54,54)
r(7,9,8,55,55)
w(707,2,8,56,56)
r(0,108,8,57,57)
w(31,4,8,58,58)
w(18,7,8,59,59)
w(11,19,8,60,60)
w(110,2,8,61,61)
w(0,109,8,62,62)
w(1,46,8,63,63)
r(3,25,8,64,64)
r(16,6,8,65,65)
w(14,9,8,66,66)
w(2,39,8,67,67)
r(27,6,8,68,68)
w(128,2,8,69,69)
w(4,10,8,70,70)
w(12,9,8,71,71)
w(0,110,8,72,72)
w(2,40,8,73,73)
w(0,111,8,74,74)
w(103,2,8,75,75)
w(2,41,8,76,76)
w(517,1,8,77,77)
w(0,112,8,78,78)
w(449,1,8,79,79)
w(403,2,8,80,80)
w(4,11,8,81,81)
w(762,2,8,82,82)
w(13,4,8,83,83)
w(0,113,8,84,84)
r(215,1,8,85,85)
w(4,12,8,86,86)
w(0,114,8,87,87)
w(11,20,8,88,88)
w(13,5,8,89,89)
w(205,2,8,90,90)
w(628,1,8,91,91)
w(57,1,8,92,92)
w(3,26,8,93,93)
r(44,2,8,94,94)
w(3,27,8,95,95)
w(37,3,8,96,96)
w(1,47,8,97,97)
w(0,115,8,98,98)
r(905,0,8,99,99)
w(18,8,9,0,0)
w(285,1,9,1,1)
w(3,28,9,2,2)
w(62,1,9,3,3)
r(28,2,9,4,4)
w(3,29,9,5,5)
w(0,116,9,6,6)
w(82,2,9,7,7)
w(6,17,9,8,8)
w(0,117,9,9,9)
w(604,1,9,10,10)
w(15,8,9,11,11)
w(371,2,9,12,12)
w(30,4,9,13,13)
w(147,1,9,14,14)
w(243,1,9,15,15)
w(336,2,9,16,16)
w(6,18,9,17,17)
w(37,4,9,18,18)
w(650,1,9,19,19)
w(5,22,9,20,20)
w(837,1,9,21,21)
r(3,29,9,22,22)
w(0,118,9,23,23)
w(1,48,9,24,24)
w(130,3,9,25,25)
w(160,2,9,26,26)
w(5,23,9,27,27)
w(2,42,9,28,28)
w(15,9,9,29,29)
w(19,5,9,30,30)
w(13,6,9,31,31)
w(29,3,9,32,32)
r(0,118,9,33,33)
w(24,8,9,34,34)
r(2,42,9,35,35)
w(9,15,9,36,36)
w(0,119,9,37,37)
r(346,0,9,38,38)
w(133,3,9,39,39)
w(2,43,9,40,40)
w(993,1,9,41,41)
w(255,1,9,42,42)
w(1,49,9,43,43)
w(109,2,9,44,44)
w(3,30,9,45,45)
w(55,1,9,46,46)
w(3,31,9,47,47)
w(0,120,9,48,48)
w(6,19,9,49,49)
w(93,3,9,50,50)
w(6,20,9,51,51)
w(347,1,9,52,52)
w(571,1,9,53,53)
w(2,44,9,54,54)
w(22,7,9,55,55)
w(61,1,9,56,56)
r(64,0,9,57,57)
w(16,7,9,58,58)
w(586,1,9,59,59)
w(395,1,9,60,60)
w(0,121,9,61,61)
w(126,1,9,62,62)
w(60,2,9,63,63)
r(171,1,9,64,64)
w(14,10,9,65,65)
w(0,122,9,66,66)
r(3,31,9,67,67)
w(0,123,9,68,68)
w(8,11,9,69,69)
w(15,10,9,70,70)
w(0,124,9,71,71)
w(185,1,9,72,72)
w(55,2,9,73,73)
w(206,1,9,74,74)
w(20,5,9,75,75)
w(32,2,9,76,76)
w(0,125,9,77,77)
w(9,16,9,78,78)
r(2,44,9,79,79)
w(84,1,9,80,80)
w(98,2,9,81,81)
w(1,50,9,82,82)
w(1,51,9,83,83)
w(680,1,9,84,84)
w(170,1,9,85,85)
w(87,3,9,86,86)
w(34,3,9,87,87)
w(5,24,9,88,88)
r(34,3,9,89,89)
w(3,32,9,90,90)
r(36,4,9,91,91)
w(25,5,9,92,92)
w(83,2,9,93,93)
w(338,1,9,94,94)
w(0,126,9,95,95)
w(300,1,9,96,96)
r(24,8,9,97,97)
w(2,45,9,98,98)
w(138,2,9,99,99)
w(64,1,10,0,0)
w(20,6,10,1,1)
r(0,126,10,2,2)
w(7,10,10,3,3)
w(30,5,10,4,4)
w(37,5,10,5,5)
w(436,1,10,6,6)
r(0,126,10,7,7)
w(64,2,10,8,8)
w(0,127,10,9,9)
w(472,1,10,10,10)
w(364,2,10,11,11)
w(0,128,10,12,12)
w(411,2,10,13,13)
w(16,8,10,14,14)
w(11,21,10,15,15)
r(264,0,10,16,16)
w(2,46,10,17,17)
w(0,129,10,18,18)
w(2,47,10,19,19)
r(172,1,10,20,20)
w(239,1,10,21,21)
w(21,4,10,22,22)
w(14,11,10,23,23)
w(41,2,10,24,24)
w(6,21,10,25,25)
w(6,22,10,26,26)
w(25,6,10,27,27)
w(10,10,10,28,28)
w(1,52,10,29,29)
w(986,1,10,30,30)
w(2,48,10,31,31)
w(807,1,10,32,32)
w(0,130,10,33,33)
r(452,0,10,34,34)
w(3,33,10,35,35)
w(9,17,10,36,36)
w(0,131,10,37,37)
w(0,132,10,38,38)
w(0,133,10,39,39)
w(19,6,10,40,40)
w(4,13,10,41,41)
w(766,1,10,42,42)
w(0,134,10,43,43)
w(128,3,10,44,44)
w(2,49,10,45,45)
w(21,5,10,46,46)
w(172,2,10,47,47)
w(473,1,10,48,48)
w(0,135,10,49,49)
w(524,1,10,50,50)
w(30,6,10,51,51)
w(459,1,10,52,52)
w(52,2,10,53,53)
w(0,136,10,54,54)
r(9,17,10,55,55)
w(0,137,10,56,56)
r(3,33,10,57,57)
w(0,138,10,58,58)
r(809,0,10,59,59)
w(417,2,10,60,60)
w(2,50,10,61,61)
w(4,14,10,62,62)
w(9,18,10,63,63)
w(0,139,10,64,64)
r(7,10,10,65,65)
w(2,51,10,66,66)
w(26,10,10,67,67)
w(1,53,10,68,68)
w(6,23,10,69,69)
w(94,1,10,70,70)
r(111,1,10,71,71)
w(64,3,10,72,72)
r(119,2,10,73,73)
w(10,11,10,74,74)
w(185,2,10,75,75)
w(2,52,10,76,76)
w(6,24,10,77,77)
w(316,1,10,78,78)
w(47,1,10,79,79)
r(13,6,10,80,80)
w(9,19,10,81,81)
w(4,15,10,82,82)
w(25,7,10,83,83)
w(138,3,10,84,84)
w(2,53,10,85,85)
w(2,54,10,86,86)
w(489,1,10,87,87)
w(2,55,10,88,88)
w(745,1,10,89,89)
w(10,12,10,90,90)
w(15,11,10,91,91)
w(40,2,10,92,92)
w(5,25,10,93,93)
w(350,1,10,94,94)
w(49,1,10,95,95)
r(211,0,10,96,96)
w(12,10,10,97,97)
w(69,1,10,98,98)
w(441,1,10,99,99)
r(795,0,11,0,0)
w(760,1,11,1,1)
w(2,56,11,2,2)
w(169,1,11,3,3)
w(0,140,11,4,4)
w(1,54,11,5,5)
w(12,11,11,6,6)
w(0,141,11,7,7)
w(382,1,11,8,8)
w(12,12,11,9,9)
w(25,8,11,10,10)
w(299,1,11,11,11)
w(404,1,11,12,12)
r(86,2,11,13,13)
w(86,3,11,14,14)
r(450,0,11,15,15)
w(0,142,11,16,16)
w(26,11,11,17,17)
w(155,2,11,18,18)
w(22,8,11,19,19)
w(26,12,11,20,20)
w(349,1,11,21,21)
w(1,55,11,22,22)
w(4,16,11,23,23)
w(6,25,11,24,24)
r(20,6,11,25,25)
w(2,57,11,26,26)
w(3,34,11,27,27)
w(10,13,11,28,28)
w(13,7,11,29,29)
w(80,3,11,30,30)
w(133,4,11,31,31)
r(10,13,11,32,32)
w(132,3,11,33,33)
w(28,3,11,34,34)
w(81,2,11,35,35)
r(291,0,11,36,36)
w(98,3,11,37,37)
w(44,3,11,38,38)
w(129,2,11,39,39)
w(49,2,11,40,40)
w(2,58,11,41,41)
w(21,6,11,42,42)
w(916,1,11,43,43)
w(3,35,11,44,44)
w(7,11,11,45,45)
w(705,1,11,46,46)
w(762,3,11,47,47)
w(1,56,11,48,48)
w(35,5,11,49,49)
w(1,57,11,50,50)
w(75,1,11,51,51)
r(29,3,11,52,52)
w(37,6,11,53,53)
w(47,2,11,54,54)
w(300,2,11,55,55)
w(12,13,11,56,56)
w(12,14,11,57,57)
w(15,12,11,58,58)
w(82,3,11,59,59)
r(3,35,11,60,60)
r(260,1,11,61,61)
w(140,1,11,62,62)
w(4,17,11,63,63)
w(0,143,11,64,64)
w(0,144,11,65,65)
w(17,4,11,66,66)
w(615,1,11,67,67)
w(0,145,11,68,68)
w(376,2,11,69,69)
w(1,58,11,70,70)
w(5,26,11,71,71)
w(0,146,11,72,72)
w(125,2,11,73,73)
w(202,1,11,74,74)
w(976,1,11,75,75)
w(32,3,11,76,76)
w(1,59,11,77,77)
w(139,2,11,78,78)
w(350,2,11,79,79)
w(58,5,11,80,80)
w(7,12,11,81,81)
w(87,4,11,82,82)
w(17,5,11,83,83)
w(8,12,11,84,84)
w(23,4,11,85,85)
w(0,147,11,86,86)
w(138,4,11,87,87)
w(15,13,11,88,88)
w(1,60,11,89,89)
w(38,4,11,90,90)
w(0,148,11,91,91)
w(4,18,11,92,92)
w(6,26,11,93,93)
w(810,2,11,94,94)
w(55,3,11,95,95)
w(565,1,11,96,96)
w(35,6,11,97,97)
w(353,2,11,98,98)
r(473,1,11,99,99)
w(27,7,12,0,0)
w(341,1,12,1,1)
w(535,2,12,2,2)
w(0,149,12,3,3)
w(264,1,12,4,4)
w(39,4,12,5,5)
w(129,3,12,6,6)
w(3,36,12,7,7)
w(208,1,12,8,8)
w(74,3,12,9,9)
w(18,9,12,10,10)
r(7,12,12,11,11)
w(0,150,12,12,12)
w(23,5,12,13,13)
w(94,2,12,14,14)
w(102,1,12,15,15)
w(1,61,12,16,16)
w(51,4,12,17,17)
w(0,151,12,18,18)
w(218,1,12,19,19)
w(3,37,12,20,20)
w(460,2,12,21,21)
w(4,19,12,22,22)
w(74,4,12,23,23)
w(29,4,12,24,24)
w(0,152,12,25,25)
w(44,4,12,26,26)
w(29,5,12,27,27)
w(13,8,12,28,28)
w(466,1,12,29,29)
w(143,1,12,30,30)
w(184,2,12,31,31)
w(32,4,12,32,32)
w(10,14,12,33,33)
w(55,4,12,34,34)
r(1,61,12,35,35)
w(6,27,12,36,36)
w(8,13,12,37,37)
w(0,153,12,38,38)
w(0,154,12,39,39)
w(252,2,12,40,40)
r(1,61,12,41,41)
w(1,62,12,42,42)
w(384,1,12,43,43)
w(275,1,12,44,44)
w(685,2,12,45,45)
w(39,5,12,46,46)
w(311,2,12,47,47)
w(139,3,12,48,48)
w(242,1,12,49,49)
w(118,2,12,50,50)
w(2,59,12,51,51)
w(9,20,12,52,52)
w(16,9,12,53,53)
w(0,155,12,54,54)
w(1,63,12,55,55)
w(5,27,12,56,56)
w(16,10,12,57,57)
w(0,156,12,58,58)
w(0,157,12,59,59)
w(367,2,12,60,60)
w(3,38,12,61,61)
w(3,39,12,62,62)
w(0,158,12,63,63)
w(22,9,12,64,64)
w(10,15,12,65,65)
w(19,7,12,66,66)
w(1,64,12,67,67)
w(1,65,12,68,68)
w(666,1,12,69,69)
w(5,28,12,70,70)
w(0,159,12,71,71)
w(893,1,12,72,72)
w(0,160,12,73,73)
r(6,27,12,74,74)
w(0,161,12,75,75)
w(0,162,12,76,76)
w(0,163,12,77,77)
w(32,5,12,78,78)
w(6,28,12,79,79)
w(3,40,12,80,80)
r(54,3,12,81,81)
w(72,2,12,82,82)
w(1,66,12,83,83)
w(0,164,12,84,84)
w(86,4,12,85,85)
w(1,67,12,86,86)
w(16,11,12,87,87)
w(26,13,12,88,88)
w(1,68,12,89,89)
w(1,69,12,90,90)
w(1,70,12,91,91)
w(487,1,12,92,92)
w(0,165,12,93,93)
w(452,1,12,94,94)
w(25,9,12,95,95)
w(15,14,12,96,96)
w(976,2,12,97,97)
w(945,1,12,98,98)
w(4,20,12,99,99)
w(0,166,13,0,0)
r(370,0,13,1,1)
w(16,12,13,2,2)
w(2,60,13,3,3)
w(0,167,13,4,4)
w(30,7,13,5,5)
w(455,1,13,6,6)
w(351,1,13,7,7)
r(361,1,13,8,8)
w(168,3,13,9,9)
w(60,3,13,10,10)
w(438,1,13,11,11)
w(0,168,13,12,12)
w(20,7,13,13,13)
w(4,21,13,14,14)
w(171,2,13,15,15)
w(3,41,13,16,16)
w(10,16,13,17,17)
w(0,169,13,18,18)
w(19,8,13,19,19)
w(2,61,13,20,20)
w(11,22,13,21,21)
w(14,12,13,22,22)
w(0,170,13,23,23)
w(3,42,13,24,24)
w(81,3,13,25,25)
r(105,2,13,26,26)
r(141,0,13,27,27)
w(21,7,13,28,28)
w(0,171,13,29,29)
w(29,6,13,30,30)
w(18,10,13,31,31)
w(0,172,13,32,32)
w(49,3,13,33,33)
w(677,1,13,34,34)
w(173,1,13,35,35)
w(595,1,13,36,36)
w(82,4,13,37,37)
w(32,6,13,38,38)
w(76,2,13,39,39)
r(250,1,13,40,40)
w(3,43,13,41,41)
w(5,29,13,42,42)
w(113,2,13,43,43)
w(207,1,13,44,44)
w(175,1,13,45,45)
w(0,173,13,46,46)
w(0,174,13,47,47)
r(1,70,13,48,48)
w(56,3,13,49,49)
r(2,61,13,50,50)
w(557,1,13,51,51)
w(25,10,13,52,52)
w(1,71,13,53,53)
w(223,1,13,54,54)
w(313,1,13,55,55)
w(953,1,13,56,56)
w(0,175,13,57,57)
w(1,72,13,58,58)
w(0,176,13,59,59)
w(0,177,13,60,60)
w(398,1,13,61,61)
w(55,5,13,62,62)
w(0,178,13,63,63)
w(0,179,13,64,64)
w(7,13,13,65,65)
w(134,1,13,66,66)
w(4,22,13,67,67)
w(234,1,13,68,68)
r(17,5,13,69,69)
w(25,11,13,70,70)
w(79,2,13,71,71)
w(0,180,13,72,72)
w(27,8,13,73,73)
w(318,2,13,74,74)
w(108,3,13,75,75)
w(0,181,13,76,76)
w(8,14,13,77,77)
w(324,1,13,78,78)
w(0,182,13,79,79)
w(26,14,13,80,80)
w(30,8,13,81,81)
w(9,21,13,82,82)
r(0,182,13,83,83)
w(615,2,13,84,84)
w(2,62,13,85,85)
w(39,6,13,86,86)
w(49,4,13,87,87)
w(111,2,13,88,88)
w(6,29,13,89,89)
w(22,10,13,90,90)
w(882,1,13,91,91)
w(0,183,13,92,92)
r(0,183,13,93,93)
w(72,3,13,94,94)
w(246,1,13,95,95)
w(2,63,13,96,96)
w(9,22,13,97,97)
r(0,183,13,98,98)
w(507,1,13,99,99)
r(279,0,14,0,0)
w(2,64,14,1,1)
w(4,23,14,2,2)
w(9,23,14,3,3)
w(443,1,14,4,4)
w(459,2,14,5,5)
w(325,1,14,6,6)
w(575,1,14,7,7)
w(5,30,14,8,8)
w(5,31,14,9,9)
w(0,184,14,10,10)
w(296,1,14,11,11)
w(149,3,14,12,12)
w(76,3,14,13,13)
w(11,23,14,14,14)
w(0,185,14,15,15)
w(12,15,14,16,16)
w(789,1,14,17,17)
w(41,3,14,18,18)
w(0,186,14,19,19)
w(381,1,14,20,20)
w(0,187,14,21,21)
r(0,187,14,22,22)
w(58,6,14,23,23)
w(29,7,14,24,24)
w(0,188,14,25,25)
w(77,2,14,26,26)
w(58,7,14,27,27)
w(285,2,14,28,28)
w(269,1,14,29,29)
w(77,3,14,30,30)
w(0,189,14,31,31)
w(4,24,14,32,32)
r(11,23,14,33,33)
w(0,190,14,34,34)
w(72,4,14,35,35)
w(0,191,14,36,36)
w(1,73,14,37,37)
w(18,11,14,38,38)
w(36,5,14,39,39)
w(11,24,14,40,40)
w(0,192,14,41,41)
w(1,74,14,42,42)
w(3,44,14,43,43)
w(557,2,14,44,44)
w(160,3,14,45,45)
r(265,0,14,46,46)
w(3,45,14,47,47)
w(2,65,14,48,48)
w(43,5,14,49,49)
w(127,1,14,50,50)
w(2,66,14,51,51)
w(164,4,14,52,52)
r(15,14,14,53,53)
w(0,193,14,54,54)
w(2,67,14,55,55)
w(603,1,14,56,56)
w(84,2,14,57,57)
w(46,4,14,58,58)
w(46,5,14,59,59)
w(165,1,14,60,60)
r(1,74,14,61,61)
w(744,1,14,62,62)
w(150,2,14,63,63)
r(27,8,14,64,64)
w(318,3,14,65,65)
w(491,1,14,66,66)
r(7,13,14,67,67)
w(0,194,14,68,68)
r(378,0,14,69,69)
w(0,195,14,70,70)
w(1,75,14,71,71)
w(199,2,14,72,72)
w(11,25,14,73,73)
r(106,0,14,74,74)
w(7,14,14,75,75)
w(29,8,14,76,76)
w(204,1,14,77,77)
w(197,1,14,78,78)
w(188,1,14,79,79)
w(81,4,14,80,80)
w(6,30,14,81,81)
w(64,4,14,82,82)
r(505,0,14,83,83)
w(193,1,14,84,84)
r(0,195,14,85,85)
w(453,2,14,86,86)
r(0,195,14,87,87)
w(54,4,14,88,88)
w(311,3,14,89,89)
w(50,3,14,90,90)
w(0,196,14,91,91)
w(527,1,14,92,92)
w(1,76,14,93,93)
w(0,197,14,94,94)
w(446,1,14,95,95)
w(0,198,14,96,96)
r(0,198,14,97,97)
w(2,68,14,98,98)
w(20,8,14,99,99)
w(1,77,15,0,0)
w(2,69,15,1,1)
w(196,1,15,2,2)
w(10,17,15,3,3)
w(0,199,15,4,4)
w(20,9,15,5,5)
w(46,6,15,6,6)
w(2,70,15,7,7)
w(245,1,15,8,8)
w(0,200,15,9,9)
w(13,9,15,10,10)
w(0,201,15,11,11)
w(13,10,15,12,12)
w(4,25,15,13,13)
w(458,1,15,14,14)
w(24,9,15,15,15)
w(42,2,15,16,16)
w(5,32,15,17,17)
w(14,13,15,18,18)
w(780,1,15,19,19)
w(604,2,15,20,20)
w(0,202,15,21,21)
r(0,202,15,22,22)
w(5,33,15,23,23)
w(0,203,15,24,24)
w(1,78,15,25,25)
w(2,71,15,26,26)
w(44,5,15,27,27)
w(1,79,15,28,28)
w(6,31,15,29,29)
w(9,24,15,30,30)
w(37,7,15,31,31)
w(26,15,15,32,32)
w(19,9,15,33,33)
w(0,204,15,34,34)
w(179,2,15,35,35)
w(2,72,15,36,36)
w(887,2,15,37,37)
w(20,10,15,38,38)
r(0,204,15,39,39)
w(394,1,15,40,40)
w(118,3,15,41,41)
r(27,8,15,42,42)
w(328,1,15,43,43)
w(0,205,15,44,44)
w(0,206,15,45,45)
w(26,16,15,46,46)
r(341,1,15,47,47)
w(179,3,15,48,48)
w(14,14,15,49,49)
w(0,207,15,50,50)
w(494,1,15,51,51)
w(571,2,15,52,52)
w(0,208,15,53,53)
w(1,80,15,54,54)
w(0,209,15,55,55)
w(1,81,15,56,56)
r(0,209,15,57,57)
w(60,4,15,58,58)
w(253,1,15,59,59)
w(5,34,15,60,60)
w(2,73,15,61,61)
w(12,16,15,62,62)
w(326,2,15,63,63)
w(885,1,15,64,64)
r(37,7,15,65,65)
w(38,5,15,66,66)
w(470,1,15,67,67)
w(701,2,15,68,68)
w(0,210,15,69,69)
w(356,1,15,70,70)
w(60,5,15,71,71)
w(3,46,15,72,72)
w(154,3,15,73,73)
w(0,211,15,74,74)
w(148,2,15,75,75)
w(681,1,15,76,76)
w(168,4,15,77,77)
w(0,212,15,78,78)
w(23,6,15,79,79)
w(56,4,15,80,80)
w(14,15,15,81,81)
w(0,213,15,82,82)
w(11,26,15,83,83)
w(145,1,15,84,84)
w(631,2,15,85,85)
w(8,15,15,86,86)
w(4,26,15,87,87)
w(0,214,15,88,88)
w(2,74,15,89,89)
r(9,24,15,90,90)
r(1,81,15,91,91)
w(0,215,15,92,92)
w(24,10,15,93,93)
w(78,1,15,94,94)
r(2,74,15,95,95)
w(0,216,15,96,96)
w(7,15,15,97,97)
w(0,217,15,98,98)
w(2,75,15,99,99)
w(40,3,16,0,0)
w(754,1,16,1,1)
w(0,218,16,2,2)
w(0,219,16,3,3)
w(10,18,16,4,4)
w(169,2,16,5,5)
w(387,2,16,6,6)
w(57,2,16,7,7)
w(161,5,16,8,8)
w(713,1,16,9,9)
w(0,220,16,10,10)
w(535,3,16,11,11)
w(39,7,16,12,12)
r(220,0,16,13,13)
w(985,1,16,14,14)
w(16,13,16,15,15)
w(1,82,16,16,16)
w(7,16,16,17,17)
w(2,76,16,18,18)
w(71,5,16,19,19)
w(573,1,16,20,20)
w(125,3,16,21,21)
w(472,2,16,22,22)
w(354,1,16,23,23)
r(110,2,16,24,24)
w(80,4,16,25,25)
w(0,221,16,26,26)
w(6,32,16,27,27)
w(686,1,16,28,28)
w(150,3,16,29,29)
w(1,83,16,30,30)
w(1,84,16,31,31)
w(65,3,16,32,32)
w(26,17,16,33,33)
w(606,1,16,34,34)
r(0,221,16,35,35)
w(64,5,16,36,36)
w(2,77,16,37,37)
w(258,1,16,38,38)
w(1,85,16,39,39)
w(1,86,16,40,40)
w(258,2,16,41,41)
w(8,16,16,42,42)
w(264,2,16,43,43)
w(421,1,16,44,44)
w(1,87,16,45,45)
w(147,2,16,46,46)
w(860,1,16,47,47)
w(0,222,16,48,48)
w(4,27,16,49,49)
w(5,35,16,50,50)
w(9,25,16,51,51)
w(2,78,16,52,52)
w(5,36,16,53,53)
w(395,2,16,54,54)
w(271,1,16,55,55)
w(10,19,16,56,56)
w(0,223,16,57,57)
w(452,2,16,58,58)
w(0,224,16,59,59)
w(3,47,16,60,60)
w(202,2,16,61,61)
w(22,11,16,62,62)
w(0,225,16,63,63)
w(37,8,16,64,64)
w(1,88,16,65,65)
w(0,226,16,66,66)
w(0,227,16,67,67)
w(16,14,16,68,68)
w(1,89,16,69,69)
w(308,3,16,70,70)
w(70,1,16,71,71)
w(0,228,16,72,72)
w(365,2,16,73,73)
w(60,6,16,74,74)
w(507,2,16,75,75)
w(236,1,16,76,76)
w(0,229,16,77,77)
w(71,6,16,78,78)
w(2,79,16,79,79)
w(5,37,16,80,80)
r(488,0,16,81,81)
r(1,89,16,82,82)
w(4,28,16,83,83)
w(115,1,16,84,84)
w(125,4,16,85,85)
w(142,1,16,86,86)
w(556,1,16,87,87)
w(63,2,16,88,88)
w(404,2,16,89,89)
r(36,5,16,90,90)
w(0,230,16,91,91)
w(2,80,16,92,92)
w(76,4,16,93,93)
w(0,231,16,94,94)
w(36,6,16,95,95)
w(576,2,16,96,96)
w(5,38,16,97,97)
w(598,1,16,98,98)
w(4,29,16,99,99)
w(200,2,17,0,0)
w(439,1,17,1,1)
w(4,30,17,2,2)
w(14,16,17,3,3)
w(171,3,17,4,4)
r(1,89,17,5,5)
w(4,31,17,6,6)
w(309,1,17,7,7)
w(11,27,17,8,8)
w(6,33,17,9,9)
w(2,81,17,10,10)
r(5,38,17,11,11)
w(450,1,17,12,12)
w(408,2,17,13,13)
w(119,3,17,14,14)
w(0,232,17,15,15)
w(64,6,17,16,16)
r(15,14,17,17,17)
w(15,15,17,18,18)
w(5,39,17,19,19)
w(63,3,17,20,20)
w(1,90,17,21,21)
w(93,4,17,22,22)
w(177,2,17,23,23)
w(12,17,17,24,24)
r(0,232,17,25,25)
w(13,11,17,26,26)
w(24,11,17,27,27)
w(1,91,17,28,28)
w(11,28,17,29,29)
r(220,0,17,30,30)
w(1,92,17,31,31)
r(2,81,17,32,32)
w(3,48,17,33,33)
w(308,4,17,34,34)
r(0,232,17,35,35)
w(65,4,17,36,36)
w(394,2,17,37,37)
w(260,2,17,38,38)
w(749,1,17,39,39)
w(7,17,17,40,40)
w(11,29,17,41,41)
w(266,1,17,42,42)
w(0,233,17,43,43)
w(0,234,17,44,44)
w(493,1,17,45,45)
w(441,2,17,46,46)
w(0,235,17,47,47)
w(0,236,17,48,48)
w(398,2,17,49,49)
w(0,237,17,50,50)
w(0,238,17,51,51)
r(389,0,17,52,52)
w(173,2,17,53,53)
r(422,0,17,54,54)
r(499,0,17,55,55)
w(878,1,17,56,56)
w(0,239,17,57,57)
r(37,8,17,58,58)
w(75,2,17,59,59)
w(10,20,17,60,60)
w(4,32,17,61,61)
r(223,1,17,62,62)
w(194,2,17,63,63)
w(603,2,17,64,64)
w(12,18,17,65,65)
w(62,2,17,66,66)
w(4,33,17,67,67)
w(1,93,17,68,68)
w(354,2,17,69,69)
w(131,1,17,70,70)
r(25,11,17,71,71)
w(0,240,17,72,72)
w(88,4,17,73,73)
w(7,18,17,74,74)
r(0,240,17,75,75)
w(62,3,17,76,76)
w(0,241,17,77,77)
r(35,6,17,78,78)
w(27,9,17,79,79)
w(133,5,17,80,80)
w(0,242,17,81,81)
w(247,1,17,82,82)
w(282,2,17,83,83)
w(2,82,17,84,84)
w(346,1,17,85,85)
w(137,1,17,86,86)
w(31,5,17,87,87)
w(489,2,17,88,88)
r(7,18,17,89,89)
w(24,12,17,90,90)
w(233,1,17,91,91)
w(308,5,17,92,92)
r(2,82,17,93,93)
w(0,243,17,94,94)
w(398,3,17,95,95)
w(823,1,17,96,96)
w(40,4,17,97,97)
r(641,0,17,98,98)
w(449,2,17,99,99)
w(4,34,18,0,0)
w(15,16,18,1,1)
w(1,94,18,2,2)
w(0,244,18,3,3)
w(0,245,18,4,4)
w(157,2,18,5,5)
w(7,19,18,6,6)
w(4,35,18,7,7)
w(5,40,18,8,8)
w(67,3,18,9,9)
w(0,246,18,10,10)
w(1,95,18,11,11)
w(0,247,18,12,12)
w(3,49,18,13,13)
w(0,248,18,14,14)
w(0,249,18,15,15)
w(19,10,18,16,16)
w(509,1,18,17,17)
r(59,1,18,18,18)
w(31,6,18,19,19)
w(1,96,18,20,20)
w(2,83,18,21,21)
r(2,83,18,22,22)
w(26,18,18,23,23)
w(406,1,18,24,24)
w(541,3,18,25,25)
w(692,1,18,26,26)
w(6,34,18,27,27)
w(0,250,18,28,28)
w(40,5,18,29,29)
w(165,2,18,30,30)
w(1,97,18,31,31)
w(20,11,18,32,32)
w(1,98,18,33,33)
w(24,13,18,34,34)
w(18,12,18,35,35)
w(19,11,18,36,36)
w(157,3,18,37,37)
w(37,9,18,38,38)
w(12,19,18,39,39)
w(661,1,18,40,40)
w(75,3,18,41,41)
w(43,6,18,42,42)
w(82,5,18,43,43)
r(1,98,18,44,44)
w(1,99,18,45,45)
w(23,7,18,46,46)
w(0,251,18,47,47)
r(75,3,18,48,48)
w(0,252,18,49,49)
w(34,4,18,50,50)
r(12,19,18,51,51)
w(7,20,18,52,52)
w(68,4,18,53,53)
w(60,7,18,54,54)
w(9,26,18,55,55)
r(0,252,18,56,56)
w(615,3,18,57,57)
w(41,4,18,58,58)
w(903,1,18,59,59)
w(138,5,18,60,60)
w(23,8,18,61,61)
w(0,253,18,62,62)
w(0,254,18,63,63)
r(1,99,18,64,64)
w(61,2,18,65,65)
w(3,50,18,66,66)
w(2,84,18,67,67)
r(305,1,18,68,68)
w(958,1,18,69,69)
w(32,7,18,70,70)
w(38,6,18,71,71)
r(3,50,18,72,72)
w(108,4,18,73,73)
w(2,85,18,74,74)
r(48,2,18,75,75)
w(1,100,18,76,76)
w(7,21,18,77,77)
w(4,36,18,78,78)
w(370,1,18,79,79)
w(0,255,18,80,80)
w(61,3,18,81,81)
w(1,101,18,82,82)
w(1,102,18,83,83)
w(14,17,18,84,84)
w(31,7,18,85,85)
w(0,256,18,86,86)
w(577,1,18,87,87)
w(12,20,18,88,88)
w(11,30,18,89,89)
r(109,2,18,90,90)
r(370,1,18,91,91)
w(1,103,18,92,92)
w(2,86,18,93,93)
w(21,8,18,94,94)
r(0,256,18,95,95)
w(3,51,18,96,96)
r(34,4,18,97,97)
w(0,257,18,98,98)
w(46,7,18,99,99)
w(41,5,19,0,0)
w(13,12,19,1,1)
w(2,87,19,2,2)
w(0,258,19,3,3)
w(0,259,19,4,4)
w(74,5,19,5,5)
w(0,260,19,6,6)
w(25,12,19,7,7)
w(0,261,19,8,8)
w(17,6,19,9,9)
w(357,1,19,10,10)
r(12,20,19,11,11)
w(1,104,19,12,12)
w(78,2,19,13,13)
w(0,262,19,14,14)
w(1,105,19,15,15)
w(1,106,19,16,16)
w(1,107,19,17,17)
w(3,52,19,18,18)
w(238,1,19,19,19)
w(535,4,19,20,20)
w(87,5,19,21,21)
r(195,2,19,22,22)
w(2,88,19,23,23)
w(0,263,19,24,24)
w(155,3,19,25,25)
w(3,53,19,26,26)
w(0,264,19,27,27)
w(7,22,19,28,28)
w(118,4,19,29,29)
w(6,35,19,30,30)
w(4,37,19,31,31)
w(22,12,19,32,32)
w(0,265,19,33,33)
w(661,2,19,34,34)
w(218,2,19,35,35)
r(18,12,19,36,36)
w(119,4,19,37,37)
w(136,2,19,38,38)
w(7,23,19,39,39)
w(19,12,19,40,40)
w(59,2,19,41,41)
w(0,266,19,42,42)
w(628,2,19,43,43)
w(16,15,19,44,44)
w(76,5,19,45,45)
w(357,2,19,46,46)
w(254,1,19,47,47)
w(8,17,19,48,48)
w(559,2,19,49,49)
w(105,3,19,50,50)
w(38,7,19,51,51)
w(1,108,19,52,52)
w(4,38,19,53,53)
w(0,267,19,54,54)
w(34,5,19,55,55)
w(1,109,19,56,56)
w(2,89,19,57,57)
w(164,5,19,58,58)
w(0,268,19,59,59)
r(127,1,19,60,60)
w(6,36,19,61,61)
w(52,3,19,62,62)
w(162,1,19,63,63)
w(1,110,19,64,64)
w(333,1,19,65,65)
w(363,1,19,66,66)
w(992,1,19,67,67)
w(834,2,19,68,68)
w(799,1,19,69,69)
w(531,1,19,70,70)
r(0,268,19,71,71)
w(0,269,19,72,72)
w(465,1,19,73,73)
w(4,39,19,74,74)
w(19,13,19,75,75)
w(251,2,19,76,76)
w(1,111,19,77,77)
w(1,112,19,78,78)
w(498,1,19,79,79)
w(17,7,19,80,80)
r(553,1,19,81,81)
w(345,1,19,82,82)
r(753,0,19,83,83)
w(221,2,19,84,84)
w(0,270,19,85,85)
w(2,90,19,86,86)
w(186,1,19,87,87)
w(625,2,19,88,88)
w(0,271,19,89,89)
r(1,112,19,90,90)
r(808,0,19,91,91)
r(280,0,19,92,92)
w(33,4,19,93,93)
w(1,113,19,94,94)
w(297,1,19,95,95)
r(22,12,19,96,96)
w(713,2,19,97,97)
w(778,1,19,98,98)
w(795,1,19,99,99)
w(121,2,20,0,0)
w(207,2,20,1,1)
w(549,1,20,2,2)
w(78,3,20,3,3)
w(236,2,20,4,4)
w(26,19,20,5,5)
w(3,54,20,6,6)
w(1,114,20,7,7)
w(0,272,20,8,8)
w(42,3,20,9,9)
w(96,2,20,10,10)
r(14,17,20,11,11)
w(18,13,20,12,12)
w(65,5,20,13,13)
w(122,1,20,14,14)
w(6,37,20,15,15)
w(0,273,20,16,16)
w(465,2,20,17,17)
w(0,274,20,18,18)
w(0,275,20,19,19)
w(635,1,20,20,20)
w(19,14,20,21,21)
w(29,9,20,22,22)
w(407,1,20,23,23)
w(0,276,20,24,24)
w(91,1,20,25,25)
w(74,6,20,26,26)
w(2,91,20,27,27)
r(725,0,20,28,28)
w(0,277,20,29,29)
w(0,278,20,30,30)
r(1,114,20,31,31)
w(0,279,20,32,32)
r(120,2,20,33,33)
w(507,3,20,34,34)
r(42,3,20,35,35)
r(0,279,20,36,36)
w(1,115,20,37,37)
w(358,1,20,38,38)
w(28,4,20,39,39)
r(125,4,20,40,40)
w(113,3,20,41,41)
w(420,1,20,42,42)
w(1,116,20,43,43)
w(704,1,20,44,44)
w(743,1,20,45,45)
w(112,2,20,46,46)
w(389,1,20,47,47)
w(11,31,20,48,48)
w(0,280,20,49,49)
w(10,21,20,50,50)
r(2,91,20,51,51)
w(919,1,20,52,52)
w(134,2,20,53,53)
w(2,92,20,54,54)
w(7,24,20,55,55)
w(14,18,20,56,56)
w(112,3,20,57,57)
w(2,93,20,58,58)
w(464,3,20,59,59)
w(8,18,20,60,60)
r(79,2,20,61,61)
w(1,117,20,62,62)
w(778,2,20,63,63)
r(43,6,20,64,64)
w(0,281,20,65,65)
r(3,54,20,66,66)
w(0,282,20,67,67)
w(17,8,20,68,68)
r(271,1,20,69,69)
w(377,2,20,70,70)
w(15,17,20,71,71)
w(79,3,20,72,72)
w(1,118,20,73,73)
r(1,118,20,74,74)
w(442,1,20,75,75)
w(325,2,20,76,76)
w(209,1,20,77,77)
w(167,1,20,78,78)
w(2,94,20,79,79)
w(147,3,20,80,80)
w(8,19,20,81,81)
w(64,7,20,82,82)
r(3,54,20,83,83)
w(439,2,20,84,84)
w(88,5,20,85,85)
w(652,1,20,86,86)
w(0,283,20,87,87)
w(64,8,20,88,88)
w(6,38,20,89,89)
w(419,1,20,90,90)
w(54,5,20,91,91)
w(606,2,20,92,92)
w(0,284,20,93,93)
w(199,3,20,94,94)
w(0,285,20,95,95)
w(332,1,20,96,96)
w(6,39,20,97,97)
w(275,2,20,98,98)
r(2,94,20,99,99)
w(271,2,21,0,0)
w(65,6,21,1,1)
w(98,4,21,2,2)
w(0,286,21,3,3)
w(597,1,21,4,4)
w(37,10,21,5,5)
r(3,54,21,6,6)
w(13,13,21,7,7)
w(6,40,21,8,8)
w(74,7,21,9,9)
w(447,1,21,10,10)
w(1,119,21,11,11)
w(2,95,21,12,12)
w(1,120,21,13,13)
w(94,3,21,14,14)
w(143,2,21,15,15)
w(12,21,21,16,16)
w(2,96,21,17,17)
w(0,287,21,18,18)
w(21,9,21,19,19)
r(605,2,21,20,20)
w(5,41,21,21,21)
w(157,4,21,22,22)
w(588,1,21,23,23)
w(52,4,21,24,24)
w(0,288,21,25,25)
w(17,9,21,26,26)
w(1,121,21,27,27)
r(168,4,21,28,28)
w(45,4,21,29,29)
w(3,55,21,30,30)
r(104,0,21,31,31)
w(200,3,21,32,32)
w(0,289,21,33,33)
w(0,290,21,34,34)
r(0,290,21,35,35)
w(386,2,21,36,36)
w(176,2,21,37,37)
w(19,15,21,38,38)
w(1,122,21,39,39)
w(26,20,21,40,40)
w(875,1,21,41,41)
w(225,1,21,42,42)
r(119,4,21,43,43)
w(976,3,21,44,44)
w(1,123,21,45,45)
w(65,7,21,46,46)
w(0,291,21,47,47)
w(152,1,21,48,48)
w(4,40,21,49,49)
w(198,2,21,50,50)
w(131,2,21,51,51)
r(104,0,21,52,52)
w(104,1,21,53,53)
w(3,56,21,54,54)
w(402,1,21,55,55)
w(57,3,21,56,56)
w(0,292,21,57,57)
w(14,19,21,58,58)
w(0,293,21,59,59)
w(220,1,21,60,60)
w(88,6,21,61,61)
w(29,10,21,62,62)
w(90,1,21,63,63)
w(13,14,21,64,64)
w(134,3,21,65,65)
w(0,294,21,66,66)
w(975,1,21,67,67)
w(5,42,21,68,68)
w(4,41,21,69,69)
w(143,3,21,70,70)
w(39,8,21,71,71)
w(9,27,21,72,72)
w(0,295,21,73,73)
w(840,1,21,74,74)
w(5,43,21,75,75)
w(3,57,21,76,76)
w(12,22,21,77,77)
w(757,1,21,78,78)
w(3,58,21,79,79)
w(43,7,21,80,80)
w(6,41,21,81,81)
w(7,25,21,82,82)
w(1,124,21,83,83)
r(186,1,21,84,84)
w(3,59,21,85,85)
w(15,18,21,86,86)
w(2,97,21,87,87)
r(262,2,21,88,88)
w(0,296,21,89,89)
r(32,7,21,90,90)
w(0,297,21,91,91)
w(19,16,21,92,92)
r(89,1,21,93,93)
w(156,2,21,94,94)
w(281,1,21,95,95)
w(4,42,21,96,96)
w(32,8,21,97,97)
w(22,13,21,98,98)
w(315,1,21,99,99)
w(0,298,22,0,0)
w(343,2,22,1,1)
w(1,125,22,2,2)
w(36,7,22,3,3)
w(0,299,22,4,4)
w(48,3,22,5,5)
w(132,4,22,6,6)
r(307,0,22,7,7)
w(367,3,22,8,8)
w(229,1,22,9,9)
w(2,98,22,10,10)
w(288,1,22,11,11)
w(2,99,22,12,12)
w(87,6,22,13,13)
r(15,18,22,14,14)
w(8,20,22,15,15)
r(20,11,22,16,16)
w(49,5,22,17,17)
w(371,3,22,18,18)
w(0,300,22,19,19)
w(4,43,22,20,20)
w(775,1,22,21,21)
w(351,2,22,22,22)
w(527,2,22,23,23)
w(0,301,22,24,24)
w(1,126,22,25,25)
w(1,127,22,26,26)
w(35,7,22,27,27)
w(11,32,22,28,28)
w(0,302,22,29,29)
w(669,3,22,30,30)
w(12,23,22,31,31)
w(71,7,22,32,32)
w(2,100,22,33,33)
w(491,2,22,34,34)
w(10,22,22,35,35)
r(65,7,22,36,36)
w(4,44,22,37,37)
w(518,2,22,38,38)
w(11,33,22,39,39)
w(4,45,22,40,40)
r(0,302,22,41,41)
w(0,303,22,42,42)
w(157,5,22,43,43)
w(9,28,22,44,44)
w(346,2,22,45,45)
w(71,8,22,46,46)
w(31,8,22,47,47)
w(26,21,22,48,48)
w(7,26,22,49,49)
w(220,2,22,50,50)
w(67,4,22,51,51)
w(0,304,22,52,52)
w(22,14,22,53,53)
w(47,3,22,54,54)
w(99,2,22,55,55)
w(321,1,22,56,56)
w(148,3,22,57,57)
w(0,305,22,58,58)
w(193,2,22,59,59)
w(281,2,22,60,60)
r(1,127,22,61,61)
w(28,5,22,62,62)
w(198,3,22,63,63)
w(0,306,22,64,64)
w(4,46,22,65,65)
w(6,42,22,66,66)
w(16,16,22,67,67)
w(693,1,22,68,68)
w(507,4,22,69,69)
w(280,1,22,70,70)
w(7,27,22,71,71)
w(357,3,22,72,72)
w(699,1,22,73,73)
w(63,4,22,74,74)
w(43,8,22,75,75)
w(3,60,22,76,76)
w(11,34,22,77,77)
w(816,1,22,78,78)
w(21,10,22,79,79)
w(1,128,22,80,80)
w(312,1,22,81,81)
w(57,4,22,82,82)
w(19,17,22,83,83)
w(2,101,22,84,84)
w(137,2,22,85,85)
w(86,5,22,86,86)
w(38,8,22,87,87)
w(11,35,22,88,88)
w(92,1,22,89,89)
w(216,1,22,90,90)
w(1,129,22,91,91)
w(474,1,22,92,92)
w(1,130,22,93,93)
w(11,36,22,94,94)
w(4,47,22,95,95)
w(10,23,22,96,96)
w(183,2,22,97,97)
w(4,48,22,98,98)
w(22,15,22,99,99)
w(27,10,23,0,0)
w(4,49,23,1,1)
w(4,50,23,2,2)
w(0,307,23,3,3)
w(3,61,23,4,4)
w(0,308,23,5,5)
w(9,29,23,6,6)
w(52,5,23,7,7)
w(379,1,23,8,8)
w(4,51,23,9,9)
w(49,6,23,10,10)
w(53,3,23,11,11)
w(0,309,23,12,12)
w(802,2,23,13,13)
w(3,62,23,14,14)
w(3,63,23,15,15)
r(5,43,23,16,16)
w(499,1,23,17,17)
w(325,3,23,18,18)
w(48,4,23,19,19)
w(35,8,23,20,20)
w(0,310,23,21,21)
w(660,1,23,22,22)
w(616,1,23,23,23)
w(4,52,23,24,24)
w(155,4,23,25,25)
w(41,6,23,26,26)
w(0,311,23,27,27)
w(649,1,23,28,28)
r(26,21,23,29,29)
w(6,43,23,30,30)
w(43,9,23,31,31)
w(145,2,23,32,32)
w(736,1,23,33,33)
w(0,312,23,34,34)
w(3,64,23,35,35)
w(788,1,23,36,36)
r(118,4,23,37,37)
w(268,1,23,38,38)
w(102,2,23,39,39)
w(46,8,23,40,40)
w(799,2,23,41,41)
w(3,65,23,42,42)
w(19,18,23,43,43)
w(0,313,23,44,44)
w(0,314,23,45,45)
w(264,3,23,46,46)
w(3,66,23,47,47)
r(0,314,23,48,48)
w(901,1,23,49,49)
w(324,2,23,50,50)
w(166,2,23,51,51)
r(847,0,23,52,52)
r(416,0,23,53,53)
w(0,315,23,54,54)
w(291,1,23,55,55)
w(3,67,23,56,56)
w(166,3,23,57,57)
w(26,22,23,58,58)
w(0,316,23,59,59)
r(61,3,23,60,60)
r(111,2,23,61,61)
w(5,44,23,62,62)
w(0,317,23,63,63)
w(781,1,23,64,64)
w(71,9,23,65,65)
w(9,30,23,66,66)
w(79,4,23,67,67)
w(0,318,23,68,68)
w(696,1,23,69,69)
r(12,23,23,70,70)
w(1,131,23,71,71)
w(585,1,23,72,72)
r(2,101,23,73,73)
w(6,44,23,74,74)
r(0,318,23,75,75)
w(1,132,23,76,76)
w(76,6,23,77,77)
w(565,2,23,78,78)
w(248,1,23,79,79)
w(306,1,23,80,80)
w(0,319,23,81,81)
w(52,6,23,82,82)
w(23,9,23,83,83)
w(0,320,23,84,84)
w(0,321,23,85,85)
r(121,2,23,86,86)
w(3,68,23,87,87)
w(10,24,23,88,88)
w(2,102,23,89,89)
w(47,4,23,90,90)
w(32,9,23,91,91)
w(67,5,23,92,92)
w(46,9,23,93,93)
w(17,10,23,94,94)
r(38,8,23,95,95)
w(20,12,23,96,96)
w(229,2,23,97,97)
w(687,1,23,98,98)
w(74,8,23,99,99)
w(0,322,24,0,0)
w(3,69,24,1,1)
w(0,323,24,2,2)
w(13,15,24,3,3)
w(0,324,24,4,4)
w(314,2,24,5,5)
w(0,325,24,6,6)
w(9,31,24,7,7)
w(5,45,24,8,8)
w(392,2,24,9,9)
w(30,9,24,10,10)
r(61,3,24,11,11)
w(6,45,24,12,12)
w(1,133,24,13,13)
w(7,28,24,14,14)
w(4,53,24,15,15)
w(0,326,24,16,16)
w(2,103,24,17,17)
w(2,104,24,18,18)
w(216,2,24,19,19)
w(49,7,24,20,20)
w(71,10,24,21,21)
r(0,326,24,22,22)
w(1,134,24,23,23)
w(122,2,24,24,24)
w(8,21,24,25,25)
w(1,135,24,26,26)
w(5,46,24,27,27)
w(2,105,24,28,28)
w(58,8,24,29,29)
w(166,4,24,30,30)
w(6,46,24,31,31)
w(107,2,24,32,32)
w(8,22,24,33,33)
w(908,1,24,34,34)
w(1,136,24,35,35)
w(90,2,24,36,36)
w(29,11,24,37,37)
w(5,47,24,38,38)
w(58,9,24,39,39)
w(36,8,24,40,40)
r(212,0,24,41,41)
w(1,137,24,42,42)
w(2,106,24,43,43)
w(190,1,24,44,44)
w(3,70,24,45,45)
w(17,11,24,46,46)
w(0,327,24,47,47)
w(426,2,24,48,48)
w(41,7,24,49,49)
w(2,107,24,50,50)
w(36,9,24,51,51)
w(125,5,24,52,52)
w(123,2,24,53,53)
w(732,1,24,54,54)
w(422,1,24,55,55)
w(1,138,24,56,56)
w(1,139,24,57,57)
w(106,1,24,58,58)
r(129,3,24,59,59)
w(7,29,24,60,60)
w(18,14,24,61,61)
w(20,13,24,62,62)
w(31,9,24,63,63)
w(551,1,24,64,64)
w(21,11,24,65,65)
w(58,10,24,66,66)
w(8,23,24,67,67)
w(2,108,24,68,68)
w(0,328,24,69,69)
w(6,47,24,70,70)
w(293,1,24,71,71)
w(0,329,24,72,72)
w(0,330,24,73,73)
w(10,25,24,74,74)
w(1,140,24,75,75)
w(2,109,24,76,76)
w(262,3,24,77,77)
w(517,2,24,78,78)
w(2,110,24,79,79)
r(6,47,24,80,80)
r(436,1,24,81,81)
r(88,6,24,82,82)
w(87,7,24,83,83)
w(739,1,24,84,84)
w(26,23,24,85,85)
w(684,1,24,86,86)
w(0,331,24,87,87)
w(2,111,24,88,88)
w(902,1,24,89,89)
w(568,1,24,90,90)
w(590,1,24,91,91)
w(5,48,24,92,92)
w(0,332,24,93,93)
w(11,37,24,94,94)
w(1,141,24,95,95)
w(0,333,24,96,96)
w(43,10,24,97,97)
w(0,334,24,98,98)
w(51,5,24,99,99)
r(0,334,25,0,0)
w(4,54,25,1,1)
r(151,1,25,2,2)
w(51,6,25,3,3)
w(0,335,25,4,4)
w(38,9,25,5,5)
w(3,71,25,6,6)
w(4,55,25,7,7)
w(4,56,25,8,8)
w(20,14,25,9,9)
w(333,2,25,10,10)
w(3,72,25,11,11)
w(20,15,25,12,12)
w(2,112,25,13,13)
w(93,5,25,14,14)
w(0,336,25,15,15)
w(742,2,25,16,16)
w(303,1,25,17,17)
w(12,24,25,18,18)
w(15,19,25,19,19)
w(17,12,25,20,20)
r(0,336,25,21,21)
w(3,73,25,22,22)
w(88,7,25,23,23)
w(0,337,25,24,24)
w(548,1,25,25,25)
r(388,0,25,26,26)
w(827,1,25,27,27)
w(1,142,25,28,28)
w(0,338,25,29,29)
w(873,1,25,30,30)
w(0,339,25,31,31)
w(0,340,25,32,32)
w(3,74,25,33,33)
w(2,113,25,34,34)
w(0,341,25,35,35)
w(43,11,25,36,36)
w(213,1,25,37,37)
w(594,2,25,38,38)
w(1,143,25,39,39)
w(5,49,25,40,40)
w(911,1,25,41,41)
w(165,3,25,42,42)
w(360,1,25,43,43)
w(459,3,25,44,44)
r(929,0,25,45,45)
w(3,75,25,46,46)
w(1,144,25,47,47)
r(1,144,25,48,48)
w(16,17,25,49,49)
w(4,57,25,50,50)
w(51,7,25,51,51)
w(1,145,25,52,52)
w(2,114,25,53,53)
w(76,7,25,54,54)
w(9,32,25,55,55)
w(0,342,25,56,56)
w(45,5,25,57,57)
w(12,25,25,58,58)
w(594,3,25,59,59)
w(8,24,25,60,60)
w(267,1,25,61,61)
w(60,8,25,62,62)
w(1,146,25,63,63)
w(5,50,25,64,64)
w(7,30,25,65,65)
w(0,343,25,66,66)
w(21,12,25,67,67)
w(1,147,25,68,68)
w(0,344,25,69,69)
w(7,31,25,70,70)
w(106,2,25,71,71)
w(140,2,25,72,72)
w(6,48,25,73,73)
w(26,24,25,74,74)
w(560,1,25,75,75)
w(275,3,25,76,76)
w(16,18,25,77,77)
w(536,1,25,78,78)
w(16,19,25,79,79)
w(279,1,25,80,80)
w(254,2,25,81,81)
w(0,345,25,82,82)
w(13,16,25,83,83)
w(266,2,25,84,84)
w(26,25,25,85,85)
w(5,51,25,86,86)
w(11,38,25,87,87)
r(342,0,25,88,88)
w(7,32,25,89,89)
w(37,11,25,90,90)
w(1,148,25,91,91)
w(188,2,25,92,92)
w(2,115,25,93,93)
w(40,6,25,94,94)
r(5,51,25,95,95)
w(5,52,25,96,96)
w(0,346,25,97,97)
w(191,1,25,98,98)
w(63,5,25,99,99)
w(123,3,26,0,0)
w(38,10,26,1,1)
w(41,8,26,2,2)
w(141,1,26,3,3)
w(770,1,26,4,4)
w(197,2,26,5,5)
w(4,58,26,6,6)
w(505,1,26,7,7)
r(228,0,26,8,8)
w(34,6,26,9,9)
w(944,1,26,10,10)
w(30,10,26,11,11)
w(119,5,26,12,12)
w(750,1,26,13,13)
w(364,3,26,14,14)
w(421,2,26,15,15)
w(848,1,26,16,16)
w(0,347,26,17,17)
w(4,59,26,18,18)
r(934,0,26,19,19)
w(11,39,26,20,20)
w(0,348,26,21,21)
w(6,49,26,22,22)
w(8,25,26,23,23)
w(0,349,26,24,24)
w(1,149,26,25,25)
w(0,350,26,26,26)
w(72,5,26,27,27)
w(28,6,26,28,28)
r(7,32,26,29,29)
r(1,149,26,30,30)
w(49,8,26,31,31)
w(212,1,26,32,32)
w(17,13,26,33,33)
w(76,8,26,34,34)
w(1,150,26,35,35)
r(1,150,26,36,36)
w(13,17,26,37,37)
w(8,26,26,38,38)
w(5,53,26,39,39)
w(43,12,26,40,40)
w(289,1,26,41,41)
w(1,151,26,42,42)
w(1,152,26,43,43)
r(58,10,26,44,44)
w(633,1,26,45,45)
w(4,60,26,46,46)
w(690,1,26,47,47)
w(23,10,26,48,48)
w(0,351,26,49,49)
r(827,1,26,50,50)
w(331,1,26,51,51)
w(187,2,26,52,52)
w(64,9,26,53,53)
w(48,5,26,54,54)
w(46,10,26,55,55)
w(2,116,26,56,56)
w(61,4,26,57,57)
w(5,54,26,58,58)
w(0,352,26,59,59)
w(640,1,26,60,60)
w(47,5,26,61,61)
w(135,3,26,62,62)
w(25,13,26,63,63)
w(5,55,26,64,64)
w(4,61,26,65,65)
w(148,4,26,66,66)
w(0,353,26,67,67)
w(119,6,26,68,68)
w(44,6,26,69,69)
w(256,2,26,70,70)
w(0,354,26,71,71)
w(6,50,26,72,72)
w(53,4,26,73,73)
w(14,20,26,74,74)
w(4,62,26,75,75)
w(13,18,26,76,76)
r(161,5,26,77,77)
w(5,56,26,78,78)
w(49,9,26,79,79)
w(1,153,26,80,80)
w(13,19,26,81,81)
w(154,4,26,82,82)
r(689,0,26,83,83)
w(301,2,26,84,84)
w(200,4,26,85,85)
w(0,355,26,86,86)
w(1,154,26,87,87)
w(1,155,26,88,88)
w(0,356,26,89,89)
r(2,116,26,90,90)
w(69,2,26,91,91)
w(0,357,26,92,92)
w(19,19,26,93,93)
w(0,358,26,94,94)
w(1,156,26,95,95)
w(25,14,26,96,96)
w(5,57,26,97,97)
w(0,359,26,98,98)
w(351,3,26,99,99)
w(27,11,27,0,0)
w(0,360,27,1,1)
w(260,3,27,2,2)
w(73,2,27,3,3)
w(163,1,27,4,4)
w(196,2,27,5,5)
w(65,8,27,6,6)
r(39,8,27,7,7)
w(24,14,27,8,8)
r(28,6,27,9,9)
w(18,15,27,10,10)
w(0,361,27,11,11)
w(64,10,27,12,12)
w(112,4,27,13,13)
w(1,157,27,14,14)
w(30,11,27,15,15)
w(245,2,27,16,16)
w(2,117,27,17,17)
w(1,158,27,18,18)
r(341,1,27,19,19)
w(3,76,27,20,20)
w(2,118,27,21,21)
r(11,39,27,22,22)
w(0,362,27,23,23)
w(2,119,27,24,24)
w(15,20,27,25,25)
w(52,7,27,26,26)
w(1,159,27,27,27)
w(402,2,27,28,28)
w(3,77,27,29,29)
w(521,1,27,30,30)
w(45,6,27,31,31)
w(6,51,27,32,32)
w(0,363,27,33,33)
r(16,19,27,34,34)
w(2,120,27,35,35)
w(18,16,27,36,36)
w(232,2,27,37,37)
w(248,2,27,38,38)
w(0,364,27,39,39)
w(18,17,27,40,40)
w(0,365,27,41,41)
w(133,6,27,42,42)
w(793,1,27,43,43)
w(89,2,27,44,44)
r(4,62,27,45,45)
w(31,10,27,46,46)
w(0,366,27,47,47)
w(99,3,27,48,48)
w(0,367,27,49,49)
w(0,368,27,50,50)
w(42,4,27,51,51)
w(496,1,27,52,52)
w(105,4,27,53,53)
w(0,369,27,54,54)
w(0,370,27,55,55)
w(623,1,27,56,56)
w(18,18,27,57,57)
w(113,4,27,58,58)
w(140,3,27,59,59)
w(14,21,27,60,60)
w(3,78,27,61,61)
w(763,1,27,62,62)
w(2,121,27,63,63)
w(544,2,27,64,64)
r(15,20,27,65,65)
w(344,1,27,66,66)
r(0,370,27,67,67)
w(25,15,27,68,68)
w(2,122,27,69,69)
r(11,39,27,70,70)
w(40,7,27,71,71)
w(149,4,27,72,72)
r(7,32,27,73,73)
w(421,3,27,74,74)
w(5,58,27,75,75)
w(533,1,27,76,76)
w(0,371,27,77,77)
w(259,2,27,78,78)
w(6,52,27,79,79)
w(271,3,27,80,80)
w(2,123,27,81,81)
w(803,1,27,82,82)
w(0,372,27,83,83)
w(6,53,27,84,84)
w(5,59,27,85,85)
w(650,2,27,86,86)
w(11,40,27,87,87)
w(0,373,27,88,88)
r(102,2,27,89,89)
w(0,374,27,90,90)
w(3,79,27,91,91)
w(0,375,27,92,92)
w(60,9,27,93,93)
w(525,1,27,94,94)
w(215,2,27,95,95)
r(0,375,27,96,96)
w(27,12,27,97,97)
w(48,6,27,98,98)
w(1,160,27,99,99)
r(11,40,28,0,0)
w(9,33,28,1,1)
w(0,376,28,2,2)
w(558,1,28,3,3)
w(69,3,28,4,4)
w(2,124,28,5,5)
w(399,1,28,6,6)
w(62,4,28,7,7)
w(3,80,28,8,8)
w(0,377,28,9,9)
w(59,3,28,10,10)
w(25,16,28,11,11)
w(95,1,28,12,12)
w(411,3,28,13,13)
w(526,1,28,14,14)
w(6,54,28,15,15)
w(237,2,28,16,16)
r(59,3,28,17,17)
w(150,4,28,18,18)
w(0,378,28,19,19)
w(879,1,28,20,20)
w(0,379,28,21,21)
w(12,26,28,22,22)
w(8,27,28,23,23)
r(135,3,28,24,24)
r(0,379,28,25,25)
w(94,4,28,26,26)
w(83,3,28,27,27)
w(0,380,28,28,28)
w(501,1,28,29,29)
w(1,161,28,30,30)
w(0,381,28,31,31)
w(0,382,28,32,32)
w(273,1,28,33,33)
w(405,1,28,34,34)
w(935,1,28,35,35)
w(24,15,28,36,36)
w(28,7,28,37,37)
w(8,28,28,38,38)
w(72,6,28,39,39)
w(19,20,28,40,40)
w(342,1,28,41,41)
w(597,2,28,42,42)
w(0,383,28,43,43)
w(64,11,28,44,44)
w(54,6,28,45,45)
w(28,8,28,46,46)
w(181,1,28,47,47)
w(23,11,28,48,48)
w(0,384,28,49,49)
w(2,125,28,50,50)
w(0,385,28,51,51)
w(0,386,28,52,52)
w(71,11,28,53,53)
w(1,162,28,54,54)
w(0,387,28,55,55)
w(0,388,28,56,56)
w(8,29,28,57,57)
w(9,34,28,58,58)
w(8,30,28,59,59)
w(18,19,28,60,60)
w(271,4,28,61,61)
w(2,126,28,62,62)
w(0,389,28,63,63)
r(17,13,28,64,64)
w(0,390,28,65,65)
w(629,1,28,66,66)
w(43,13,28,67,67)
w(1,163,28,68,68)
w(448,1,28,69,69)
w(43,14,28,70,70)
w(730,1,28,71,71)
w(456,1,28,72,72)
w(8,31,28,73,73)
w(248,3,28,74,74)
w(141,2,28,75,75)
w(10,26,28,76,76)
r(15,20,28,77,77)
r(0,390,28,78,78)
w(819,1,28,79,79)
w(69,4,28,80,80)
w(53,5,28,81,81)
w(6,55,28,82,82)
w(0,391,28,83,83)
r(12,26,28,84,84)
w(7,33,28,85,85)
r(394,2,28,86,86)
w(2,127,28,87,87)
w(396,1,28,88,88)
w(132,5,28,89,89)
w(5,60,28,90,90)
w(3,81,28,91,91)
r(23,11,28,92,92)
w(47,6,28,93,93)
w(5,61,28,94,94)
w(0,392,28,95,95)
w(317,1,28,96,96)
w(452,3,28,97,97)
w(3,82,28,98,98)
w(85,3,28,99,99)
w(378,1,29,0,0)
r(239,1,29,1,1)
w(680,2,29,2,2)
w(476,1,29,3,3)
r(11,40,29,4,4)
w(24,16,29,5,5)
w(85,4,29,6,6)
w(0,393,29,7,7)
r(1,163,29,8,8)
w(1,164,29,9,9)
w(364,4,29,10,10)
w(79,5,29,11,11)
w(469,1,29,12,12)
w(9,35,29,13,13)
w(6,56,29,14,14)
w(8,32,29,15,15)
w(0,394,29,16,16)
w(34,7,29,17,17)
r(25,16,29,18,18)
w(97,3,29,19,19)
w(163,2,29,20,20)
w(0,395,29,21,21)
w(0,396,29,22,22)
w(0,397,29,23,23)
w(108,5,29,24,24)
w(17,14,29,25,25)
w(5,62,29,26,26)
w(85,5,29,27,27)
w(87,8,29,28,28)
r(1,164,29,29,29)
w(27,13,29,30,30)
w(1,165,29,31,31)
r(374,0,29,32,32)
w(35,9,29,33,33)
w(152,2,29,34,34)
w(50,4,29,35,35)
r(56,4,29,36,36)
w(268,2,29,37,37)
w(8,33,29,38,38)
w(0,398,29,39,39)
w(10,27,29,40,40)
r(200,4,29,41,41)
w(68,5,29,42,42)
r(63,5,29,43,43)
w(0,399,29,44,44)
w(516,1,29,45,45)
w(438,2,29,46,46)
w(2,128,29,47,47)
w(997,1,29,48,48)
w(451,1,29,49,49)
r(13,19,29,50,50)
w(3,83,29,51,51)
w(1,166,29,52,52)
w(56,5,29,53,53)
w(943,1,29,54,54)
w(1,167,29,55,55)
w(68,6,29,56,56)
w(21,13,29,57,57)
w(0,400,29,58,58)
w(13,20,29,59,59)
w(48,7,29,60,60)
w(15,21,29,61,61)
w(99,4,29,62,62)
w(803,2,29,63,63)
w(20,16,29,64,64)
w(36,10,29,65,65)
w(40,8,29,66,66)
w(0,401,29,67,67)
w(16,20,29,68,68)
w(1,168,29,69,69)
w(137,3,29,70,70)
r(2,128,29,71,71)
w(108,6,29,72,72)
w(1,169,29,73,73)
w(37,12,29,74,74)
w(427,1,29,75,75)
w(0,402,29,76,76)
w(1,170,29,77,77)
w(91,2,29,78,78)
w(12,27,29,79,79)
r(101,2,29,80,80)
w(62,5,29,81,81)
r(65,8,29,82,82)
w(61,5,29,83,83)
w(0,403,29,84,84)
r(20,16,29,85,85)
w(4,63,29,86,86)
w(21,14,29,87,87)
w(78,4,29,88,88)
r(0,403,29,89,89)
w(4,64,29,90,90)
w(74,9,29,91,91)
w(1,171,29,92,92)
w(3,84,29,93,93)
w(128,4,29,94,94)
w(82,6,29,95,95)
w(27,14,29,96,96)
w(7,34,29,97,97)
w(0,404,29,98,98)
w(79,6,29,99,99)
w(4,65,30,0,0)
w(8,34,30,1,1)
r(33,4,30,2,2)
r(31,10,30,3,3)
w(4,66,30,4,4)
w(6,57,30,5,5)
w(7,35,30,6,6)
w(0,405,30,7,7)
w(1,172,30,8,8)
r(100,0,30,9,9)
w(0,406,30,10,10)
r(45,6,30,11,11)
r(3,84,30,12,12)
w(694,2,30,13,13)
w(67,6,30,14,14)
r(164,5,30,15,15)
w(3,85,30,16,16)
w(0,407,30,17,17)
w(900,1,30,18,18)
w(555,1,30,19,19)
w(70,2,30,20,20)
w(4,67,30,21,21)
w(297,2,30,22,22)
w(165,4,30,23,23)
w(954,1,30,24,24)
w(10,28,30,25,25)
w(3,86,30,26,26)
w(108,7,30,27,27)
w(30,12,30,28,28)
w(7,36,30,29,29)
w(615,4,30,30,30)
w(1,173,30,31,31)
w(30,13,30,32,32)
r(200,4,30,33,33)
r(7,36,30,34,34)
w(164,6,30,35,35)
w(2,129,30,36,36)
w(90,3,30,37,37)
w(0,408,30,38,38)
r(0,408,30,39,39)
w(19,21,30,40,40)
w(14,22,30,41,41)
w(0,409,30,42,42)
w(36,11,30,43,43)
w(2,130,30,44,44)
w(1,174,30,45,45)
w(0,410,30,46,46)
w(0,411,30,47,47)
w(0,412,30,48,48)
w(202,3,30,49,49)
w(1,175,30,50,50)
w(0,413,30,51,51)
w(14,23,30,52,52)
r(36,11,30,53,53)
w(0,414,30,54,54)
w(6,58,30,55,55)
w(857,1,30,56,56)
w(15,22,30,57,57)
r(1,175,30,58,58)
w(6,59,30,59,59)
w(929,1,30,60,60)
w(14,24,30,61,61)
w(29,12,30,62,62)
w(241,3,30,63,63)
w(22,16,30,64,64)
w(2,131,30,65,65)
w(0,415,30,66,66)
w(86,6,30,67,67)
w(11,41,30,68,68)
w(9,36,30,69,69)
w(0,416,30,70,70)
w(19,22,30,71,71)
w(4,68,30,72,72)
w(0,417,30,73,73)
w(0,418,30,74,74)
w(963,1,30,75,75)
r(12,27,30,76,76)
w(815,1,30,77,77)
w(732,2,30,78,78)
w(13,21,30,79,79)
w(0,419,30,80,80)
w(605,3,30,81,81)
r(96,2,30,82,82)
r(1,175,30,83,83)
w(624,1,30,84,84)
w(234,2,30,85,85)
w(7,37,30,86,86)
w(9,37,30,87,87)
w(5,63,30,88,88)
w(536,2,30,89,89)
r(0,419,30,90,90)
w(0,420,30,91,91)
r(267,1,30,92,92)
w(4,69,30,93,93)
w(26,26,30,94,94)
w(570,1,30,95,95)
w(3,87,30,96,96)
w(1,176,30,97,97)
w(1,177,30,98,98)
w(28,9,30,99,99)
w(28,10,31,0,0)
w(4,70,31,1,1)
w(23,12,31,2,2)
w(1,178,31,3,3)
w(3,88,31,4,4)
w(309,2,31,5,5)
r(182,0,31,6,6)
w(585,2,31,7,7)
w(696,2,31,8,8)
w(11,42,31,9,9)
w(77,4,31,10,10)
w(112,5,31,11,11)
w(111,3,31,12,12)
w(5,64,31,13,13)
w(107,3,31,14,14)
w(107,4,31,15,15)
w(8,35,31,16,16)
w(950,1,31,17,17)
w(616,2,31,18,18)
w(163,3,31,19,19)
w(19,23,31,20,20)
w(9,38,31,21,21)
w(0,421,31,22,22)
w(735,2,31,23,23)
w(111,4,31,24,24)
w(6,60,31,25,25)
w(2,132,31,26,26)
w(28,11,31,27,27)
w(0,422,31,28,28)
w(187,3,31,29,29)
w(3,89,31,30,30)
w(1,179,31,31,31)
w(23,13,31,32,32)
w(20,17,31,33,33)
w(645,1,31,34,34)
w(31,11,31,35,35)
w(0,423,31,36,36)
w(16,21,31,37,37)
w(2,133,31,38,38)
w(34,8,31,39,39)
w(52,8,31,40,40)
w(12,28,31,41,41)
w(482,1,31,42,42)
w(0,424,31,43,43)
w(9,39,31,44,44)
w(24,17,31,45,45)
w(4,71,31,46,46)
w(99,5,31,47,47)
w(14,25,31,48,48)
r(202,3,31,49,49)
w(0,425,31,50,50)
w(294,3,31,51,51)
w(20,18,31,52,52)
w(1,180,31,53,53)
w(209,2,31,54,54)
w(0,426,31,55,55)
w(25,17,31,56,56)
w(0,427,31,57,57)
w(30,14,31,58,58)
w(37,13,31,59,59)
w(614,1,31,60,60)
w(3,90,31,61,61)
w(17,15,31,62,62)
w(2,134,31,63,63)
w(68,7,31,64,64)
w(74,10,31,65,65)
w(7,38,31,66,66)
w(202,4,31,67,67)
w(0,428,31,68,68)
w(22,17,31,69,69)
r(0,428,31,70,70)
w(6,61,31,71,71)
w(19,24,31,72,72)
w(0,429,31,73,73)
w(113,5,31,74,74)
w(189,1,31,75,75)
w(1,181,31,76,76)
w(21,15,31,77,77)
w(7,39,31,78,78)
w(85,6,31,79,79)
w(38,11,31,80,80)
w(48,8,31,81,81)
w(8,36,31,82,82)
r(878,1,31,83,83)
w(96,3,31,84,84)
w(96,4,31,85,85)
w(6,62,31,86,86)
w(65,9,31,87,87)
w(0,430,31,88,88)
r(0,430,31,89,89)
w(45,7,31,90,90)
w(0,431,31,91,91)
w(486,2,31,92,92)
w(12,29,31,93,93)
w(12,30,31,94,94)
r(243,1,31,95,95)
w(239,2,31,96,96)
w(382,2,31,97,97)
w(872,1,31,98,98)
w(142,2,31,99,99)
w(251,3,32,0,0)
w(177,3,32,1,1)
w(228,1,32,2,2)
w(0,432,32,3,3)
w(7,40,32,4,4)
w(921,1,32,5,5)
r(1,181,32,6,6)
w(287,1,32,7,7)
w(3,91,32,8,8)
w(7,41,32,9,9)
w(2,135,32,10,10)
w(125,6,32,11,11)
w(14,26,32,12,12)
r(304,0,32,13,13)
w(2,136,32,14,14)
w(694,3,32,15,15)
w(0,433,32,16,16)
w(57,5,32,17,17)
w(1,182,32,18,18)
w(73,3,32,19,19)
w(1,183,32,20,20)
r(4,71,32,21,21)
w(377,3,32,22,22)
w(989,2,32,23,23)
w(31,12,32,24,24)
w(105,5,32,25,25)
w(3,92,32,26,26)
w(10,29,32,27,27)
w(2,137,32,28,28)
w(37,14,32,29,29)
w(140,4,32,30,30)
w(0,434,32,31,31)
w(4,72,32,32,32)
w(862,1,32,33,33)
w(93,6,32,34,34)
w(2,138,32,35,35)
w(60,10,32,36,36)
w(306,2,32,37,37)
w(0,435,32,38,38)
w(3,93,32,39,39)
w(0,436,32,40,40)
w(490,1,32,41,41)
w(94,5,32,42,42)
r(3,93,32,43,43)
r(39,8,32,44,44)
w(1,184,32,45,45)
w(7,42,32,46,46)
w(0,437,32,47,47)
w(290,1,32,48,48)
w(624,2,32,49,49)
w(475,1,32,50,50)
w(5,65,32,51,51)
w(0,438,32,52,52)
r(1,184,32,53,53)
w(4,73,32,54,54)
w(106,3,32,55,55)
r(669,3,32,56,56)
w(29,13,32,57,57)
w(3,94,32,58,58)
w(18,20,32,59,59)
w(117,1,32,60,60)
w(7,43,32,61,61)
w(0,439,32,62,62)
w(0,440,32,63,63)
w(26,27,32,64,64)
w(26,28,32,65,65)
w(0,441,32,66,66)
w(9,40,32,67,67)
w(892,1,32,68,68)
w(1,185,32,69,69)
w(3,95,32,70,70)
r(794,0,32,71,71)
w(3,96,32,72,72)
w(83,4,32,73,73)
w(572,1,32,74,74)
w(17,16,32,75,75)
w(67,7,32,76,76)
w(0,442,32,77,77)
w(899,1,32,78,78)
w(7,44,32,79,79)
w(1,186,32,80,80)
w(1,187,32,81,81)
w(2,139,32,82,82)
w(1,188,32,83,83)
w(396,2,32,84,84)
w(10,30,32,85,85)
w(1,189,32,86,86)
w(464,4,32,87,87)
w(6,63,32,88,88)
w(45,8,32,89,89)
w(1,190,32,90,90)
w(52,9,32,91,91)
w(35,10,32,92,92)
r(117,1,32,93,93)
r(200,4,32,94,94)
w(9,41,32,95,95)
w(25,18,32,96,96)
w(1,191,32,97,97)
w(265,1,32,98,98)
w(30,15,32,99,99)
r(1,191,33,0,0)
w(0,443,33,1,1)
w(0,444,33,2,2)
w(747,1,33,3,3)
w(304,1,33,4,4)
w(200,5,33,5,5)
w(667,1,33,6,6)
w(10,31,33,7,7)
w(5,66,33,8,8)
w(1,192,33,9,9)
r(972,0,33,10,10)
w(402,3,33,11,11)
w(136,3,33,12,12)
w(16,22,33,13,13)
w(535,5,33,14,14)
r(78,4,33,15,15)
w(99,6,33,16,16)
w(24,18,33,17,17)
w(0,445,33,18,18)
w(29,14,33,19,19)
w(0,446,33,20,20)
w(223,2,33,21,21)
r(923,0,33,22,22)
w(0,447,33,23,23)
w(354,3,33,24,24)
w(234,3,33,25,25)
r(1,192,33,26,26)
w(269,2,33,27,27)
w(4,74,33,28,28)
w(15,23,33,29,29)
w(4,75,33,30,30)
w(717,1,33,31,31)
w(880,1,33,32,32)
w(775,2,33,33,33)
w(2,140,33,34,34)
w(0,448,33,35,35)
w(32,10,33,36,36)
w(307,1,33,37,37)
w(10,32,33,38,38)
w(10,33,33,39,39)
w(3,97,33,40,40)
w(0,449,33,41,41)
w(0,450,33,42,42)
w(19,25,33,43,43)
r(2,140,33,44,44)
w(13,22,33,45,45)
w(345,2,33,46,46)
r(905,0,33,47,47)
w(144,2,33,48,48)
r(64,11,33,49,49)
w(386,3,33,50,50)
w(6,64,33,51,51)
w(232,3,33,52,52)
w(0,451,33,53,53)
w(29,15,33,54,54)
w(486,3,33,55,55)
w(408,3,33,56,56)
w(568,2,33,57,57)
w(512,1,33,58,58)
w(38,12,33,59,59)
w(325,4,33,60,60)
w(25,19,33,61,61)
w(26,29,33,62,62)
w(124,2,33,63,63)
w(0,452,33,64,64)
r(0,452,33,65,65)
w(57,6,33,66,66)
w(248,4,33,67,67)
w(484,2,33,68,68)
w(1,193,33,69,69)
w(10,34,33,70,70)
r(250,1,33,71,71)
w(14,27,33,72,72)
w(9,42,33,73,73)
w(65,10,33,74,74)
w(7,45,33,75,75)
w(28,12,33,76,76)
w(6,65,33,77,77)
w(0,453,33,78,78)
w(34,9,33,79,79)
w(1,194,33,80,80)
w(1,195,33,81,81)
r(34,9,33,82,82)
r(17,16,33,83,83)
w(155,5,33,84,84)
w(905,1,33,85,85)
w(383,1,33,86,86)
w(10,35,33,87,87)
w(562,1,33,88,88)
w(188,3,33,89,89)
w(51,8,33,90,90)
w(513,1,33,91,91)
w(327,1,33,92,92)
w(533,2,33,93,93)
w(13,23,33,94,94)
w(9,43,33,95,95)
r(94,5,33,96,96)
w(387,3,33,97,97)
w(1,196,33,98,98)
w(855,1,33,99,99)
w(19,26,34,0,0)
w(108,8,34,1,1)
r(27,14,34,2,2)
w(1,197,34,3,3)
w(0,454,34,4,4)
w(586,2,34,5,5)
w(0,455,34,6,6)
w(4,76,34,7,7)
w(93,7,34,8,8)
w(566,2,34,9,9)
w(4,77,34,10,10)
w(1,198,34,11,11)
w(17,17,34,12,12)
w(35,11,34,13,13)
w(12,31,34,14,14)
w(112,6,34,15,15)
w(604,3,34,16,16)
w(5,67,34,17,17)
w(35,12,34,18,18)
w(1,199,34,19,19)
w(0,456,34,20,20)
w(126,2,34,21,21)
w(8,37,34,22,22)
w(7,46,34,23,23)
w(1,200,34,24,24)
w(0,457,34,25,25)
w(0,458,34,26,26)
r(0,458,34,27,27)
w(0,459,34,28,28)
w(969,1,34,29,29)
w(13,24,34,30,30)
w(809,1,34,31,31)
w(442,2,34,32,32)
w(36,12,34,33,33)
w(425,1,34,34,34)
w(11,43,34,35,35)
w(280,2,34,36,36)
w(9,44,34,37,37)
w(109,3,34,38,38)
w(24,19,34,39,39)
w(128,5,34,40,40)
w(26,30,34,41,41)
w(33,5,34,42,42)
w(163,4,34,43,43)
w(36,13,34,44,44)
w(120,3,34,45,45)
w(216,3,34,46,46)
w(35,13,34,47,47)
r(78,4,34,48,48)
w(0,460,34,49,49)
w(0,461,34,50,50)
w(51,9,34,51,51)
w(179,4,34,52,52)
w(13,25,34,53,53)
w(180,1,34,54,54)
w(1,201,34,55,55)
w(0,462,34,56,56)
w(53,6,34,57,57)
w(2,141,34,58,58)
w(0,463,34,59,59)
w(0,464,34,60,60)
w(9,45,34,61,61)
r(3,97,34,62,62)
w(387,4,34,63,63)
w(44,7,34,64,64)
w(396,3,34,65,65)
w(207,3,34,66,66)
w(6,66,34,67,67)
w(85,7,34,68,68)
w(9,46,34,69,69)
w(3,98,34,70,70)
w(19,27,34,71,71)
r(346,2,34,72,72)
w(28,13,34,73,73)
w(52,10,34,74,74)
w(34,10,34,75,75)
w(825,1,34,76,76)
w(18,21,34,77,77)
w(2,142,34,78,78)
w(519,1,34,79,79)
w(19,28,34,80,80)
w(870,1,34,81,81)
w(6,67,34,82,82)
w(20,19,34,83,83)
w(250,2,34,84,84)
w(24,20,34,85,85)
r(206,1,34,86,86)
r(1,201,34,87,87)
r(210,2,34,88,88)
w(516,2,34,89,89)
w(11,44,34,90,90)
w(21,16,34,91,91)
r(63,5,34,92,92)
w(73,4,34,93,93)
w(322,1,34,94,94)
w(170,2,34,95,95)
w(14,28,34,96,96)
w(0,465,34,97,97)
w(0,466,34,98,98)
r(0,466,34,99,99)
w(0,467,35,0,0)
w(723,2,35,1,1)
w(61,6,35,2,2)
w(478,2,35,3,3)
w(147,4,35,4,4)
w(8,38,35,5,5)
r(117,1,35,6,6)
w(7,47,35,7,7)
w(3,99,35,8,8)
r(835,0,35,9,9)
w(93,8,35,10,10)
w(0,468,35,11,11)
w(16,23,35,12,12)
w(17,18,35,13,13)
r(0,468,35,14,14)
w(20,20,35,15,15)
w(3,100,35,16,16)
w(3,101,35,17,17)
w(104,2,35,18,18)
w(19,29,35,19,19)
w(11,45,35,20,20)
w(87,9,35,21,21)
w(0,469,35,22,22)
w(689,1,35,23,23)
w(131,3,35,24,24)
w(4,78,35,25,25)
w(4,79,35,26,26)
w(0,470,35,27,27)
w(3,102,35,28,28)
w(842,1,35,29,29)
w(72,7,35,30,30)
w(547,1,35,31,31)
w(958,2,35,32,32)
w(10,36,35,33,33)
w(1,202,35,34,34)
r(2,142,35,35,35)
w(1,203,35,36,36)
w(2,143,35,37,37)
w(1,204,35,38,38)
w(2,144,35,39,39)
w(17,19,35,40,40)
r(372,1,35,41,41)
w(131,4,35,42,42)
w(6,68,35,43,43)
w(93,9,35,44,44)
r(180,1,35,45,45)
w(3,103,35,46,46)
w(5,68,35,47,47)
w(44,8,35,48,48)
w(25,20,35,49,49)
w(32,11,35,50,50)
w(11,46,35,51,51)
w(81,5,35,52,52)
w(412,2,35,53,53)
w(25,21,35,54,54)
r(833,0,35,55,55)
w(3,104,35,56,56)
w(3,105,35,57,57)
w(4,80,35,58,58)
w(508,1,35,59,59)
w(1,205,35,60,60)
w(87,10,35,61,61)
w(518,3,35,62,62)
w(32,12,35,63,63)
w(17,20,35,64,64)
w(2,145,35,65,65)
w(53,7,35,66,66)
w(33,6,35,67,67)
w(15,24,35,68,68)
w(910,1,35,69,69)
w(0,471,35,70,70)
w(128,6,35,71,71)
w(621,1,35,72,72)
r(63,5,35,73,73)
w(0,472,35,74,74)
w(479,1,35,75,75)
w(9,47,35,76,76)
w(0,473,35,77,77)
w(0,474,35,78,78)
w(11,47,35,79,79)
w(109,4,35,80,80)
w(154,5,35,81,81)
w(6,69,35,82,82)
w(51,10,35,83,83)
r(0,474,35,84,84)
w(714,1,35,85,85)
w(30,16,35,86,86)
w(2,146,35,87,87)
w(0,475,35,88,88)
w(23,14,35,89,89)
w(115,2,35,90,90)
r(406,1,35,91,91)
w(32,13,35,92,92)
w(0,476,35,93,93)
w(4,81,35,94,94)
w(6,70,35,95,95)
w(0,477,35,96,96)
w(307,2,35,97,97)
w(2,147,35,98,98)
w(965,1,35,99,99)
r(1,205,36,0,0)
w(0,478,36,1,1)
w(1,206,36,2,2)
w(3,106,36,3,3)
w(51,11,36,4,4)
w(3,107,36,5,5)
w(39,9,36,6,6)
w(0,479,36,7,7)
w(0,480,36,8,8)
w(3,108,36,9,9)
w(215,3,36,10,10)
w(4,82,36,11,11)
r(277,0,36,12,12)
w(495,1,36,13,13)
w(8,39,36,14,14)
w(18,22,36,15,15)
w(30,17,36,16,16)
w(0,481,36,17,17)
w(11,48,36,18,18)
w(44,9,36,19,19)
w(88,8,36,20,20)
w(3,109,36,21,21)
r(84,2,36,22,22)
w(11,49,36,23,23)
w(538,2,36,24,24)
w(3,110,36,25,25)
w(827,2,36,26,26)
w(344,2,36,27,27)
w(61,7,36,28,28)
w(158,1,36,29,29)
w(21,17,36,30,30)
w(861,1,36,31,31)
w(8,40,36,32,32)
w(84,3,36,33,33)
w(28,14,36,34,34)
w(658,1,36,35,35)
w(17,21,36,36,36)
w(25,22,36,37,37)
w(597,3,36,38,38)
r(53,7,36,39,39)
r(316,1,36,40,40)
w(103,3,36,41,41)
w(515,1,36,42,42)
w(8,41,36,43,43)
w(186,2,36,44,44)
r(78,4,36,45,45)
w(357,4,36,46,46)
w(7,48,36,47,47)
r(42,4,36,48,48)
w(78,5,36,49,49)
w(1,207,36,50,50)
w(1,208,36,51,51)
w(218,3,36,52,52)
w(153,3,36,53,53)
w(3,111,36,54,54)
w(135,4,36,55,55)
w(86,7,36,56,56)
w(72,8,36,57,57)
w(4,83,36,58,58)
w(346,3,36,59,59)
w(101,3,36,60,60)
w(136,4,36,61,61)
w(5,69,36,62,62)
w(383,2,36,63,63)
w(46,11,36,64,64)
w(497,1,36,65,65)
r(0,481,36,66,66)
w(127,2,36,67,67)
w(12,32,36,68,68)
w(6,71,36,69,69)
w(1,209,36,70,70)
w(62,6,36,71,71)
w(185,3,36,72,72)
w(802,3,36,73,73)
w(19,30,36,74,74)
w(0,482,36,75,75)
w(572,2,36,76,76)
w(32,14,36,77,77)
w(79,7,36,78,78)
w(2,148,36,79,79)
w(64,12,36,80,80)
w(0,483,36,81,81)
r(5,69,36,82,82)
w(0,484,36,83,83)
w(258,3,36,84,84)
w(7,49,36,85,85)
w(1,210,36,86,86)
w(0,485,36,87,87)
r(703,0,36,88,88)
w(94,6,36,89,89)
w(16,24,36,90,90)
w(16,25,36,91,91)
w(3,112,36,92,92)
w(1,211,36,93,93)
w(1,212,36,94,94)
w(95,2,36,95,95)
w(14,29,36,96,96)
w(2,149,36,97,97)
w(268,3,36,98,98)
w(10,37,36,99,99)
w(10,38,37,0,0)
w(333,3,37,1,1)
w(13,26,37,2,2)
w(4,84,37,3,3)
w(45,9,37,4,4)
w(293,2,37,5,5)
w(99,7,37,6,6)
w(186,3,37,7,7)
w(27,15,37,8,8)
w(12,33,37,9,9)
w(19,31,37,10,10)
w(8,42,37,11,11)
w(39,10,37,12,12)
w(0,486,37,13,13)
r(0,486,37,14,14)
w(15,25,37,15,15)
w(93,10,37,16,16)
w(0,487,37,17,17)
r(2,149,37,18,18)
w(1,213,37,19,19)
w(902,2,37,20,20)
w(9,48,37,21,21)
w(5,70,37,22,22)
w(0,488,37,23,23)
w(48,9,37,24,24)
w(552,1,37,25,25)
w(10,39,37,26,26)
w(374,1,37,27,27)
w(0,489,37,28,28)
w(40,9,37,29,29)
w(7,50,37,30,30)
w(661,3,37,31,31)
w(5,71,37,32,32)
w(6,72,37,33,33)
w(386,4,37,34,34)
w(3,113,37,35,35)
w(22,18,37,36,36)
w(450,2,37,37,37)
w(19,32,37,38,38)
w(186,4,37,39,39)
w(60,11,37,40,40)
w(126,3,37,41,41)
w(0,490,37,42,42)
w(0,491,37,43,43)
w(0,492,37,44,44)
r(6,72,37,45,45)
w(488,1,37,46,46)
w(0,493,37,47,47)
r(47,6,37,48,48)
w(7,51,37,49,49)
w(282,3,37,50,50)
r(395,2,37,51,51)
w(45,10,37,52,52)
w(0,494,37,53,53)
w(70,3,37,54,54)
w(1,214,37,55,55)
r(0,494,37,56,56)
w(63,6,37,57,57)
w(4,85,37,58,58)
w(5,72,37,59,59)
r(0,494,37,60,60)
w(0,495,37,61,61)
w(53,8,37,62,62)
w(0,496,37,63,63)
w(3,114,37,64,64)
w(40,10,37,65,65)
w(1,215,37,66,66)
w(1,216,37,67,67)
w(1,217,37,68,68)
w(27,16,37,69,69)
w(1,218,37,70,70)
w(461,1,37,71,71)
w(107,5,37,72,72)
w(0,497,37,73,73)
w(5,73,37,74,74)
w(0,498,37,75,75)
w(22,19,37,76,76)
w(14,30,37,77,77)
w(52,11,37,78,78)
w(0,499,37,79,79)
w(0,500,37,80,80)
w(37,15,37,81,81)
w(0,501,37,82,82)
w(3,115,37,83,83)
w(416,1,37,84,84)
w(0,502,37,85,85)
w(14,31,37,86,86)
w(41,9,37,87,87)
w(64,13,37,88,88)
w(12,34,37,89,89)
w(228,2,37,90,90)
w(57,7,37,91,91)
w(1,219,37,92,92)
w(4,86,37,93,93)
w(6,73,37,94,94)
w(0,503,37,95,95)
w(983,1,37,96,96)
w(16,26,37,97,97)
w(455,2,37,98,98)
w(71,12,37,99,99)
w(286,2,38,0,0)
w(0,504,38,1,1)
w(1,220,38,2,2)
w(0,505,38,3,3)
w(1,221,38,4,4)
w(6,74,38,5,5)
w(733,1,38,6,6)
w(949,1,38,7,7)
w(64,14,38,8,8)
w(31,13,38,9,9)
w(862,2,38,10,10)
w(40,11,38,11,11)
w(24,21,38,12,12)
r(30,17,38,13,13)
w(34,11,38,14,14)
w(19,33,38,15,15)
w(172,3,38,16,16)
w(11,50,38,17,17)
w(2,150,38,18,18)
w(117,2,38,19,19)
w(3,116,38,20,20)
w(186,5,38,21,21)
w(115,3,38,22,22)
w(1,222,38,23,23)
w(88,9,38,24,24)
w(42,5,38,25,25)
w(3,117,38,26,26)
w(207,4,38,27,27)
w(1,223,38,28,28)
w(1,224,38,29,29)
w(5,74,38,30,30)
w(561,1,38,31,31)
w(0,506,38,32,32)
w(77,5,38,33,33)
w(774,1,38,34,34)
w(95,3,38,35,35)
w(48,10,38,36,36)
w(1,225,38,37,37)
r(6,74,38,38,38)
w(0,507,38,39,39)
w(0,508,38,40,40)
w(565,3,38,41,41)
w(412,3,38,42,42)
w(1,226,38,43,43)
r(1,226,38,44,44)
w(14,32,38,45,45)
w(977,1,38,46,46)
r(6,74,38,47,47)
w(862,3,38,48,48)
w(0,509,38,49,49)
w(93,11,38,50,50)
w(718,1,38,51,51)
w(53,9,38,52,52)
w(0,510,38,53,53)
w(0,511,38,54,54)
w(26,31,38,55,55)
w(3,118,38,56,56)
w(16,27,38,57,57)
r(30,17,38,58,58)
w(0,512,38,59,59)
w(375,2,38,60,60)
w(76,9,38,61,61)
w(5,75,38,62,62)
w(11,51,38,63,63)
r(11,51,38,64,64)
w(175,2,38,65,65)
w(42,6,38,66,66)
w(46,12,38,67,67)
w(2,151,38,68,68)
w(1,227,38,69,69)
w(0,513,38,70,70)
w(11,52,38,71,71)
w(0,514,38,72,72)
w(3,119,38,73,73)
w(4,87,38,74,74)
w(315,2,38,75,75)
w(17,22,38,76,76)
w(0,515,38,77,77)
w(6,75,38,78,78)
w(0,516,38,79,79)
r(9,48,38,80,80)
w(4,88,38,81,81)
w(142,3,38,82,82)
w(3,120,38,83,83)
w(75,4,38,84,84)
w(11,53,38,85,85)
w(11,54,38,86,86)
w(27,17,38,87,87)
w(0,517,38,88,88)
w(85,8,38,89,89)
w(100,1,38,90,90)
w(3,121,38,91,91)
w(274,1,38,92,92)
w(2,152,38,93,93)
w(4,89,38,94,94)
w(1,228,38,95,95)
w(1,229,38,96,96)
w(9,49,38,97,97)
w(881,2,38,98,98)
w(138,6,38,99,99)
w(2,153,39,0,0)
w(86,8,39,1,1)
w(269,3,39,2,2)
w(1,230,39,3,3)
w(0,518,39,4,4)
w(15,26,39,5,5)
w(9,50,39,6,6)
w(6,76,39,7,7)
w(0,519,39,8,8)
w(184,3,39,9,9)
w(24,22,39,10,10)
w(0,520,39,11,11)
w(0,521,39,12,12)
w(0,522,39,13,13)
w(817,1,39,14,14)
w(830,1,39,15,15)
w(147,5,39,16,16)
w(0,523,39,17,17)
w(33,7,39,18,18)
w(95,4,39,19,19)
w(85,9,39,20,20)
w(665,1,39,21,21)
r(20,20,39,22,22)
w(1,231,39,23,23)
w(402,4,39,24,24)
w(82,7,39,25,25)
w(313,2,39,26,26)
w(111,5,39,27,27)
w(27,18,39,28,28)
w(4,90,39,29,29)
w(34,12,39,30,30)
w(54,7,39,31,31)
w(386,5,39,32,32)
r(428,0,39,33,33)
w(0,524,39,34,34)
w(35,14,39,35,35)
w(360,2,39,36,36)
w(119,7,39,37,37)
w(1,232,39,38,38)
w(416,2,39,39,39)
w(211,1,39,40,40)
r(3,121,39,41,41)
w(5,76,39,42,42)
w(135,5,39,43,43)
w(8,43,39,44,44)
w(355,2,39,45,45)
r(430,0,39,46,46)
w(2,154,39,47,47)
w(1,233,39,48,48)
w(1,234,39,49,49)
w(0,525,39,50,50)
w(10,40,39,51,51)
w(788,2,39,52,52)
w(5,77,39,53,53)
w(1,235,39,54,54)
w(9,51,39,55,55)
w(0,526,39,56,56)
w(307,3,39,57,57)
w(466,2,39,58,58)
w(0,527,39,59,59)
w(5,78,39,60,60)
r(477,0,39,61,61)
w(875,2,39,62,62)
w(17,23,39,63,63)
w(14,33,39,64,64)
w(0,528,39,65,65)
w(7,52,39,66,66)
w(385,1,39,67,67)
w(64,15,39,68,68)
w(183,3,39,69,69)
w(0,529,39,70,70)
w(7,53,39,71,71)
w(17,24,39,72,72)
r(27,18,39,73,73)
w(3,122,39,74,74)
w(0,530,39,75,75)
w(85,10,39,76,76)
w(8,44,39,77,77)
w(278,1,39,78,78)
w(419,2,39,79,79)
w(3,123,39,80,80)
w(103,4,39,81,81)
w(3,124,39,82,82)
r(436,1,39,83,83)
w(8,45,39,84,84)
w(2,155,39,85,85)
w(325,5,39,86,86)
w(12,35,39,87,87)
w(2,156,39,88,88)
w(8,46,39,89,89)
r(216,3,39,90,90)
w(857,2,39,91,91)
w(1,236,39,92,92)
w(17,25,39,93,93)
w(17,26,39,94,94)
w(862,4,39,95,95)
w(22,20,39,96,96)
w(1,237,39,97,97)
w(16,28,39,98,98)
w(0,531,39,99,99)
