w(0,1,0,0,0)
w(368,1,0,1,1)
w(3,1,0,2,2)
w(179,1,0,3,3)
r(0,1,0,4,4)
w(1,1,0,5,5)
w(135,1,0,6,6)
w(91,1,0,7,7)
w(69,1,0,8,8)
w(4,1,0,9,9)
w(57,1,0,10,10)
w(57,2,0,11,11)
w(2,1,0,12,12)
w(4,2,0,13,13)
w(33,1,0,14,14)
w(289,1,0,15,15)
w(0,2,0,16,16)
w(39,1,0,17,17)
w(0,3,0,18,18)
w(0,4,0,19,19)
w(15,1,0,20,20)
w(9,1,0,21,21)
w(3,2,0,22,22)
w(25,1,0,23,23)
w(199,1,0,24,24)
w(177,1,0,25,25)
w(63,1,0,26,26)
w(7,1,0,27,27)
w(1,2,0,28,28)
w(306,1,0,29,29)
w(43,1,0,30,30)
w(283,1,0,31,31)
w(0,5,0,32,32)
w(387,1,0,33,33)
w(0,6,0,34,34)
w(39,2,0,35,35)
w(49,1,0,36,36)
w(2,2,0,37,37)
w(9,2,0,38,38)
w(9,3,0,39,39)
w(3,3,0,40,40)
w(5,1,0,41,41)
w(8,1,0,42,42)
r(0,6,0,43,43)
w(202,1,0,44,44)
r(28,0,0,45,45)
w(7,2,0,46,46)
w(0,7,0,47,47)
w(3,4,0,48,48)
w(129,1,0,49,49)
w(0,8,0,50,50)
w(113,1,0,51,51)
w(5,2,0,52,52)
w(152,1,0,53,53)
w(108,1,0,54,54)
w(139,1,0,55,55)
w(0,9,0,56,56)
r(21,0,0,57,57)
w(40,1,0,58,58)
w(2,3,0,59,59)
w(126,1,0,60,60)
w(106,1,0,61,61)
w(709,1,0,62,62)
w(128,1,0,63,63)
w(0,10,0,64,64)
w(278,1,0,65,65)
w(442,1,0,66,66)
w(38,1,0,67,67)
w(0,11,0,68,68)
w(3,5,0,69,69)
w(663,1,0,70,70)
w(6,1,0,71,71)
w(403,1,0,72,72)
w(3,6,0,73,73)
w(60,1,0,74,74)
w(8,2,0,75,75)
w(0,12,0,76,76)
w(12,1,0,77,77)
w(597,1,0,78,78)
w(0,13,0,79,79)
w(2,4,0,80,80)
w(0,14,0,81,81)
w(1,3,0,82,82)
w(209,1,0,83,83)
w(0,15,0,84,84)
w(0,16,0,85,85)
w(0,17,0,86,86)
w(0,18,0,87,87)
w(0,19,0,88,88)
w(3,7,0,89,89)
w(3,8,0,90,90)
w(56,1,0,91,91)
w(375,1,0,92,92)
w(91,2,0,93,93)
w(9,4,0,94,94)
w(10,1,0,95,95)
r(42,0,0,96,96)
w(170,1,0,97,97)
w(18,1,0,98,98)
w(0,20,0,99,99)
w(8,3,1,0,0)
w(146,1,1,1,1)
w(3,9,1,2,2)
w(226,1,1,3,3)
w(0,21,1,4,4)
w(3,10,1,5,5)
w(2,5,1,6,6)
w(5,3,1,7,7)
w(5,4,1,8,8)
w(142,1,1,9,9)
w(4,3,1,10,10)
w(1,4,1,11,11)
w(2,6,1,12,12)
w(200,1,1,13,13)
w(5,5,1,14,14)
w(148,1,1,15,15)
w(71,1,1,16,16)
w(3,11,1,17,17)
w(2,7,1,18,18)
w(1,5,1,19,19)
w(13,1,1,20,20)
w(60,2,1,21,21)
w(36,1,1,22,22)
w(200,2,1,23,23)
w(299,1,1,24,24)
w(192,1,1,25,25)
w(49,2,1,26,26)
w(2,8,1,27,27)
w(108,2,1,28,28)
w(25,2,1,29,29)
w(0,22,1,30,30)
w(297,1,1,31,31)
w(143,1,1,32,32)
w(4,4,1,33,33)
r(825,0,1,34,34)
w(0,23,1,35,35)
w(383,1,1,36,36)
w(2,9,1,37,37)
r(203,0,1,38,38)
w(393,1,1,39,39)
w(31,1,1,40,40)
w(5,6,1,41,41)
w(1,6,1,42,42)
w(13,2,1,43,43)
r(16,0,1,44,44)
w(195,1,1,45,45)
w(13,3,1,46,46)
w(99,1,1,47,47)
r(107,0,1,48,48)
w(53,1,1,49,49)
w(241,1,1,50,50)
w(121,1,1,51,51)
w(9,5,1,52,52)
w(1,7,1,53,53)
r(28,0,1,54,54)
w(438,1,1,55,55)
w(1,8,1,56,56)
w(444,1,1,57,57)
w(1,9,1,58,58)
w(6,2,1,59,59)
w(14,1,1,60,60)
w(0,24,1,61,61)
w(0,25,1,62,62)
w(5,7,1,63,63)
r(37,0,1,64,64)
w(67,1,1,65,65)
w(0,26,1,66,66)
r(6,2,1,67,67)
w(1,10,1,68,68)
w(90,1,1,69,69)
w(7,3,1,70,70)
r(0,26,1,71,71)
w(547,1,1,72,72)
w(16,1,1,73,73)
w(165,1,1,74,74)
w(279,1,1,75,75)
w(7,4,1,76,76)
w(2,10,1,77,77)
w(49,3,1,78,78)
w(3,12,1,79,79)
w(5,8,1,80,80)
w(13,4,1,81,81)
w(35,1,1,82,82)
w(111,1,1,83,83)
w(1,11,1,84,84)
w(140,1,1,85,85)
w(11,1,1,86,86)
w(4,5,1,87,87)
w(862,1,1,88,88)
w(44,1,1,89,89)
w(81,1,1,90,90)
w(15,2,1,91,91)
w(103,1,1,92,92)
w(13,5,1,93,93)
w(10,2,1,94,94)
w(600,1,1,95,95)
w(220,1,1,96,96)
w(5,9,1,97,97)
w(38,2,1,98,98)
w(12,2,1,99,99)
w(31,2,2,0,0)
w(80,1,2,1,1)
w(9,6,2,2,2)
w(276,1,2,3,3)
w(0,27,2,4,4)
w(29,1,2,5,5)
w(0,28,2,6,6)
w(1,12,2,7,7)
r(589,0,2,8,8)
w(54,1,2,9,9)
w(3,13,2,10,10)
w(1,13,2,11,11)
w(520,1,2,12,12)
w(127,1,2,13,13)
w(0,29,2,14,14)
w(0,30,2,15,15)
w(27,1,2,16,16)
w(57,3,2,17,17)
w(1,14,2,18,18)
w(53,2,2,19,19)
w(163,1,2,20,20)
w(153,1,2,21,21)
w(1,15,2,22,22)
w(5,10,2,23,23)
w(24,1,2,24,24)
w(16,2,2,25,25)
w(21,1,2,26,26)
w(44,2,2,27,27)
w(119,1,2,28,28)
r(175,0,2,29,29)
w(302,1,2,30,30)
w(59,1,2,31,31)
w(45,1,2,32,32)
w(0,31,2,33,33)
w(197,1,2,34,34)
w(3,14,2,35,35)
w(458,1,2,36,36)
w(274,1,2,37,37)
w(660,1,2,38,38)
w(2,11,2,39,39)
w(906,1,2,40,40)
w(65,1,2,41,41)
w(86,1,2,42,42)
w(24,2,2,43,43)
r(3,14,2,44,44)
w(129,2,2,45,45)
r(299,1,2,46,46)
w(31,3,2,47,47)
w(0,32,2,48,48)
w(123,1,2,49,49)
w(65,2,2,50,50)
w(188,1,2,51,51)
w(0,33,2,52,52)
r(400,0,2,53,53)
w(77,1,2,54,54)
w(43,2,2,55,55)
w(315,1,2,56,56)
r(117,0,2,57,57)
w(736,1,2,58,58)
w(229,1,2,59,59)
w(2,12,2,60,60)
w(0,34,2,61,61)
w(143,2,2,62,62)
w(3,15,2,63,63)
w(8,4,2,64,64)
w(8,5,2,65,65)
w(658,1,2,66,66)
w(724,1,2,67,67)
w(20,1,2,68,68)
w(37,1,2,69,69)
r(734,0,2,70,70)
w(0,35,2,71,71)
w(4,6,2,72,72)
w(1,16,2,73,73)
w(117,1,2,74,74)
w(0,36,2,75,75)
w(88,1,2,76,76)
r(0,36,2,77,77)
w(2,13,2,78,78)
w(115,1,2,79,79)
w(1,17,2,80,80)
w(5,11,2,81,81)
w(0,37,2,82,82)
w(3,16,2,83,83)
w(53,3,2,84,84)
w(15,3,2,85,85)
w(29,2,2,86,86)
w(158,1,2,87,87)
w(10,3,2,88,88)
w(734,1,2,89,89)
w(29,3,2,90,90)
w(3,17,2,91,91)
w(123,2,2,92,92)
w(2,14,2,93,93)
w(65,3,2,94,94)
w(3,18,2,95,95)
w(9,7,2,96,96)
w(3,19,2,97,97)
w(223,1,2,98,98)
w(16,3,2,99,99)
w(1,18,3,0,0)
w(962,1,3,1,1)
w(5,12,3,2,2)
w(3,20,3,3,3)
w(18,2,3,4,4)
r(10,3,3,5,5)
w(284,1,3,6,6)
w(15,4,3,7,7)
w(739,1,3,8,8)
w(410,1,3,9,9)
w(5,13,3,10,10)
w(60,3,3,11,11)
w(8,6,3,12,12)
w(293,1,3,13,13)
w(7,5,3,14,14)
w(0,38,3,15,15)
w(20,2,3,16,16)
r(500,0,3,17,17)
w(180,1,3,18,18)
w(0,39,3,19,19)
w(248,1,3,20,20)
w(2,15,3,21,21)
w(241,2,3,22,22)
w(0,40,3,23,23)
w(2,16,3,24,24)
w(2,17,3,25,25)
w(9,8,3,26,26)
w(36,2,3,27,27)
w(521,1,3,28,28)
w(4,7,3,29,29)
w(29,4,3,30,30)
w(1,19,3,31,31)
w(347,1,3,32,32)
w(6,3,3,33,33)
w(0,41,3,34,34)
w(96,1,3,35,35)
w(26,1,3,36,36)
w(32,1,3,37,37)
w(0,42,3,38,38)
w(2,18,3,39,39)
r(24,2,3,40,40)
w(800,1,3,41,41)
w(9,9,3,42,42)
r(1,19,3,43,43)
w(345,1,3,44,44)
w(155,1,3,45,45)
w(0,43,3,46,46)
w(2,19,3,47,47)
r(1,19,3,48,48)
w(760,1,3,49,49)
r(86,1,3,50,50)
w(148,2,3,51,51)
r(1,19,3,52,52)
w(1,20,3,53,53)
w(29,5,3,54,54)
w(431,1,3,55,55)
w(798,1,3,56,56)
w(1,21,3,57,57)
w(1,22,3,58,58)
r(0,43,3,59,59)
w(143,3,3,60,60)
w(2,20,3,61,61)
w(312,1,3,62,62)
w(4,8,3,63,63)
r(3,20,3,64,64)
w(16,4,3,65,65)
w(22,1,3,66,66)
r(15,4,3,67,67)
w(35,2,3,68,68)
w(0,44,3,69,69)
w(59,2,3,70,70)
w(85,1,3,71,71)
w(774,1,3,72,72)
w(104,1,3,73,73)
w(6,4,3,74,74)
w(1,23,3,75,75)
w(37,2,3,76,76)
w(261,1,3,77,77)
w(5,14,3,78,78)
w(26,2,3,79,79)
w(0,45,3,80,80)
w(49,4,3,81,81)
r(2,20,3,82,82)
w(16,5,3,83,83)
w(0,46,3,84,84)
w(25,3,3,85,85)
w(455,1,3,86,86)
w(159,1,3,87,87)
w(357,1,3,88,88)
r(1,23,3,89,89)
w(11,2,3,90,90)
w(319,1,3,91,91)
r(2,20,3,92,92)
w(50,1,3,93,93)
w(344,1,3,94,94)
w(268,1,3,95,95)
w(0,47,3,96,96)
w(701,1,3,97,97)
r(336,0,3,98,98)
w(1,24,3,99,99)
w(1,25,4,0,0)
r(86,1,4,1,1)
w(777,1,4,2,2)
r(0,47,4,3,3)
w(52,1,4,4,4)
w(14,2,4,5,5)
w(5,15,4,6,6)
w(20,3,4,7,7)
w(63,2,4,8,8)
w(6,5,4,9,9)
w(0,48,4,10,10)
w(3,21,4,11,11)
w(18,3,4,12,12)
w(9,10,4,13,13)
w(0,49,4,14,14)
w(2,21,4,15,15)
r(132,0,4,16,16)
w(52,2,4,17,17)
w(77,2,4,18,18)
r(0,49,4,19,19)
w(6,6,4,20,20)
w(0,50,4,21,21)
w(677,1,4,22,22)
w(14,3,4,23,23)
r(74,0,4,24,24)
w(2,22,4,25,25)
w(35,3,4,26,26)
w(12,3,4,27,27)
w(182,1,4,28,28)
w(0,51,4,29,29)
w(74,1,4,30,30)
w(150,1,4,31,31)
r(350,0,4,32,32)
w(9,11,4,33,33)
w(696,1,4,34,34)
w(418,1,4,35,35)
w(27,2,4,36,36)
w(224,1,4,37,37)
w(5,16,4,38,38)
w(879,1,4,39,39)
w(675,1,4,40,40)
w(64,1,4,41,41)
w(3,22,4,42,42)
r(7,5,4,43,43)
w(327,1,4,44,44)
w(28,1,4,45,45)
w(983,1,4,46,46)
w(59,3,4,47,47)
r(16,5,4,48,48)
w(0,52,4,49,49)
w(112,1,4,50,50)
w(0,53,4,51,51)
w(1,26,4,52,52)
r(5,16,4,53,53)
w(0,54,4,54,54)
r(36,2,4,55,55)
w(50,2,4,56,56)
w(0,55,4,57,57)
w(3,23,4,58,58)
w(9,12,4,59,59)
w(379,1,4,60,60)
w(130,1,4,61,61)
r(3,23,4,62,62)
w(258,1,4,63,63)
w(1,27,4,64,64)
w(1,28,4,65,65)
w(784,1,4,66,66)
w(4,9,4,67,67)
w(26,3,4,68,68)
w(144,1,4,69,69)
w(25,4,4,70,70)
w(503,1,4,71,71)
w(2,23,4,72,72)
w(281,1,4,73,73)
w(0,56,4,74,74)
w(930,1,4,75,75)
w(64,2,4,76,76)
w(31,4,4,77,77)
w(26,4,4,78,78)
w(12,4,4,79,79)
w(31,5,4,80,80)
w(17,1,4,81,81)
w(1,29,4,82,82)
r(89,0,4,83,83)
w(6,7,4,84,84)
w(0,57,4,85,85)
w(17,2,4,86,86)
w(4,10,4,87,87)
r(858,0,4,88,88)
w(904,1,4,89,89)
w(38,3,4,90,90)
w(2,24,4,91,91)
w(10,4,4,92,92)
w(28,2,4,93,93)
w(6,8,4,94,94)
w(1,30,4,95,95)
w(9,13,4,96,96)
r(1,30,4,97,97)
w(330,1,4,98,98)
r(36,2,4,99,99)
r(18,3,5,0,0)
w(76,1,5,1,1)
w(1,31,5,2,2)
w(5,17,5,3,3)
w(279,2,5,4,4)
w(2,25,5,5,5)
w(457,1,5,6,6)
w(493,1,5,7,7)
w(42,1,5,8,8)
w(27,3,5,9,9)
w(53,4,5,10,10)
w(408,1,5,11,11)
r(82,0,5,12,12)
w(200,3,5,13,13)
w(7,6,5,14,14)
w(1,32,5,15,15)
w(45,2,5,16,16)
w(60,4,5,17,17)
w(6,9,5,18,18)
w(9,14,5,19,19)
w(0,58,5,20,20)
w(847,1,5,21,21)
w(64,3,5,22,22)
w(140,2,5,23,23)
w(0,59,5,24,24)
w(7,7,5,25,25)
w(20,4,5,26,26)
w(61,1,5,27,27)
w(6,10,5,28,28)
w(4,11,5,29,29)
w(0,60,5,30,30)
w(796,1,5,31,31)
r(3,23,5,32,32)
w(17,3,5,33,33)
w(319,2,5,34,34)
w(2,26,5,35,35)
w(21,2,5,36,36)
w(45,3,5,37,37)
w(2,27,5,38,38)
w(25,5,5,39,39)
w(524,1,5,40,40)
w(74,2,5,41,41)
w(52,3,5,42,42)
r(0,60,5,43,43)
w(20,5,5,44,44)
w(15,5,5,45,45)
w(159,2,5,46,46)
w(0,61,5,47,47)
w(15,6,5,48,48)
w(1,33,5,49,49)
w(320,1,5,50,50)
w(43,3,5,51,51)
w(884,1,5,52,52)
w(45,4,5,53,53)
r(147,0,5,54,54)
r(15,6,5,55,55)
w(138,1,5,56,56)
w(107,1,5,57,57)
w(41,1,5,58,58)
w(1,34,5,59,59)
w(23,1,5,60,60)
w(632,1,5,61,61)
w(0,62,5,62,62)
w(0,63,5,63,63)
r(209,1,5,64,64)
w(760,2,5,65,65)
w(0,64,5,66,66)
w(210,1,5,67,67)
w(16,6,5,68,68)
r(4,11,5,69,69)
w(453,1,5,70,70)
w(451,1,5,71,71)
w(0,65,5,72,72)
r(582,0,5,73,73)
w(1,35,5,74,74)
w(12,5,5,75,75)
w(0,66,5,76,76)
r(856,0,5,77,77)
w(3,24,5,78,78)
w(99,2,5,79,79)
w(0,67,5,80,80)
w(1,36,5,81,81)
w(27,4,5,82,82)
w(16,7,5,83,83)
w(2,28,5,84,84)
w(9,15,5,85,85)
r(38,3,5,86,86)
w(116,1,5,87,87)
w(0,68,5,88,88)
w(299,2,5,89,89)
w(0,69,5,90,90)
w(37,3,5,91,91)
w(61,2,5,92,92)
w(747,1,5,93,93)
w(153,2,5,94,94)
w(0,70,5,95,95)
w(1,37,5,96,96)
w(6,11,5,97,97)
w(909,1,5,98,98)
w(0,71,5,99,99)
r(36,2,6,0,0)
w(3,25,6,1,1)
w(41,2,6,2,2)
w(918,1,6,3,3)
w(18,4,6,4,4)
w(845,1,6,5,5)
w(183,1,6,6,6)
w(3,26,6,7,7)
w(112,2,6,8,8)
w(0,72,6,9,9)
r(361,0,6,10,10)
w(564,1,6,11,11)
w(518,1,6,12,12)
w(11,3,6,13,13)
w(0,73,6,14,14)
w(195,2,6,15,15)
w(982,1,6,16,16)
w(853,1,6,17,17)
r(340,0,6,18,18)
r(0,73,6,19,19)
w(30,1,6,20,20)
w(10,5,6,21,21)
w(99,3,6,22,22)
w(34,1,6,23,23)
r(74,2,6,24,24)
w(71,2,6,25,25)
w(8,7,6,26,26)
w(22,2,6,27,27)
w(714,1,6,28,28)
w(261,2,6,29,29)
w(0,74,6,30,30)
w(0,75,6,31,31)
r(158,1,6,32,32)
w(263,1,6,33,33)
w(210,2,6,34,34)
w(2,29,6,35,35)
w(1,38,6,36,36)
w(984,1,6,37,37)
w(3,27,6,38,38)
w(10,6,6,39,39)
w(10,7,6,40,40)
r(5,17,6,41,41)
r(17,3,6,42,42)
w(18,5,6,43,43)
w(47,1,6,44,44)
w(226,2,6,45,45)
w(0,76,6,46,46)
w(98,1,6,47,47)
w(13,6,6,48,48)
w(2,30,6,49,49)
w(0,77,6,50,50)
w(28,3,6,51,51)
w(282,1,6,52,52)
w(21,3,6,53,53)
w(25,6,6,54,54)
w(0,78,6,55,55)
w(107,2,6,56,56)
w(502,1,6,57,57)
w(15,7,6,58,58)
w(5,18,6,59,59)
w(85,2,6,60,60)
w(77,3,6,61,61)
w(106,2,6,62,62)
w(373,1,6,63,63)
w(464,1,6,64,64)
w(235,1,6,65,65)
w(3,28,6,66,66)
r(0,78,6,67,67)
w(0,79,6,68,68)
r(0,79,6,69,69)
w(0,80,6,70,70)
w(129,3,6,71,71)
w(95,1,6,72,72)
w(112,3,6,73,73)
w(7,8,6,74,74)
w(28,4,6,75,75)
r(63,2,6,76,76)
w(26,5,6,77,77)
w(45,5,6,78,78)
w(0,81,6,79,79)
w(79,1,6,80,80)
w(305,1,6,81,81)
w(1,39,6,82,82)
w(37,4,6,83,83)
w(8,8,6,84,84)
w(0,82,6,85,85)
w(530,1,6,86,86)
w(0,83,6,87,87)
w(0,84,6,88,88)
r(174,0,6,89,89)
w(22,3,6,90,90)
w(2,31,6,91,91)
w(1,40,6,92,92)
w(957,1,6,93,93)
w(57,4,6,94,94)
w(3,29,6,95,95)
w(0,85,6,96,96)
w(0,86,6,97,97)
r(2,31,6,98,98)
w(42,2,6,99,99)
w(356,1,7,0,0)
w(408,2,7,1,1)
w(204,1,7,2,2)
w(19,1,7,3,3)
w(14,4,7,4,4)
w(30,2,7,5,5)
w(1,41,7,6,6)
r(648,0,7,7,7)
w(9,16,7,8,8)
r(0,86,7,9,9)
w(491,1,7,10,10)
w(1,42,7,11,11)
w(168,1,7,12,12)
w(1,43,7,13,13)
r(1,43,7,14,14)
w(205,1,7,15,15)
w(1,44,7,16,16)
w(303,1,7,17,17)
w(64,4,7,18,18)
w(1,45,7,19,19)
w(100,1,7,20,20)
w(10,8,7,21,21)
r(588,0,7,22,22)
w(1,46,7,23,23)
w(621,1,7,24,24)
w(25,7,7,25,25)
w(0,87,7,26,26)
w(11,4,7,27,27)
w(751,1,7,28,28)
w(12,6,7,29,29)
w(0,88,7,30,30)
w(444,2,7,31,31)
w(98,2,7,32,32)
w(0,89,7,33,33)
w(492,1,7,34,34)
w(12,7,7,35,35)
w(10,9,7,36,36)
w(923,1,7,37,37)
w(2,32,7,38,38)
r(2,32,7,39,39)
w(746,1,7,40,40)
w(8,9,7,41,41)
w(11,5,7,42,42)
w(359,1,7,43,43)
r(5,18,7,44,44)
w(39,3,7,45,45)
w(11,6,7,46,46)
w(0,90,7,47,47)
w(13,7,7,48,48)
w(211,1,7,49,49)
w(515,1,7,50,50)
w(29,6,7,51,51)
w(1,47,7,52,52)
w(3,30,7,53,53)
w(581,1,7,54,54)
w(260,1,7,55,55)
w(14,5,7,56,56)
w(5,19,7,57,57)
w(6,12,7,58,58)
w(11,7,7,59,59)
w(1,48,7,60,60)
w(4,12,7,61,61)
w(17,4,7,62,62)
r(8,9,7,63,63)
w(0,91,7,64,64)
w(649,1,7,65,65)
w(0,92,7,66,66)
w(670,1,7,67,67)
w(0,93,7,68,68)
w(154,1,7,69,69)
w(2,33,7,70,70)
w(3,31,7,71,71)
w(29,7,7,72,72)
w(2,34,7,73,73)
w(13,8,7,74,74)
w(0,94,7,75,75)
w(4,13,7,76,76)
r(0,94,7,77,77)
w(1,49,7,78,78)
w(472,1,7,79,79)
w(61,3,7,80,80)
w(3,32,7,81,81)
r(0,94,7,82,82)
w(368,2,7,83,83)
w(320,2,7,84,84)
w(0,95,7,85,85)
r(3,32,7,86,86)
r(0,95,7,87,87)
w(4,14,7,88,88)
w(802,1,7,89,89)
w(23,2,7,90,90)
w(0,96,7,91,91)
w(13,9,7,92,92)
w(326,1,7,93,93)
w(24,3,7,94,94)
w(149,1,7,95,95)
w(0,97,7,96,96)
w(612,1,7,97,97)
w(561,1,7,98,98)
w(336,1,7,99,99)
w(0,98,8,0,0)
w(8,10,8,1,1)
r(0,98,8,2,2)
w(216,1,8,3,3)
w(3,33,8,4,4)
w(2,35,8,5,5)
r(67,1,8,6,6)
w(58,1,8,7,7)
w(34,2,8,8,8)
w(297,2,8,9,9)
w(6,13,8,10,10)
w(74,3,8,11,11)
r(116,1,8,12,12)
w(188,2,8,13,13)
w(4,15,8,14,14)
w(5,20,8,15,15)
w(271,1,8,16,16)
r(19,1,8,17,17)
w(2,36,8,18,18)
w(33,2,8,19,19)
w(932,1,8,20,20)
w(51,1,8,21,21)
w(6,14,8,22,22)
w(924,1,8,23,23)
w(877,1,8,24,24)
w(13,10,8,25,25)
w(34,3,8,26,26)
w(131,1,8,27,27)
w(37,5,8,28,28)
w(850,1,8,29,29)
w(109,1,8,30,30)
w(71,3,8,31,31)
w(65,4,8,32,32)
w(0,99,8,33,33)
w(39,4,8,34,34)
w(412,1,8,35,35)
w(73,1,8,36,36)
w(225,1,8,37,37)
w(0,100,8,38,38)
w(1,50,8,39,39)
w(0,101,8,40,40)
w(225,2,8,41,41)
w(151,1,8,42,42)
w(0,102,8,43,43)
w(520,2,8,44,44)
w(749,1,8,45,45)
w(892,1,8,46,46)
w(621,2,8,47,47)
w(270,1,8,48,48)
w(46,1,8,49,49)
w(5,21,8,50,50)
w(3,34,8,51,51)
w(0,103,8,52,52)
w(2,37,8,53,53)
w(69,2,8,54,54)
w(20,6,8,55,55)
w(27,5,8,56,56)
w(231,1,8,57,57)
w(2,38,8,58,58)
w(1,51,8,59,59)
r(297,2,8,60,60)
w(71,4,8,61,61)
w(2,39,8,62,62)
w(0,104,8,63,63)
w(5,22,8,64,64)
w(18,6,8,65,65)
w(643,1,8,66,66)
w(7,9,8,67,67)
w(212,1,8,68,68)
w(75,1,8,69,69)
w(784,2,8,70,70)
w(319,3,8,71,71)
r(22,3,8,72,72)
w(246,1,8,73,73)
w(6,15,8,74,74)
w(0,105,8,75,75)
w(2,40,8,76,76)
w(823,1,8,77,77)
w(123,3,8,78,78)
w(73,2,8,79,79)
w(230,1,8,80,80)
r(29,7,8,81,81)
r(356,1,8,82,82)
w(302,2,8,83,83)
w(28,5,8,84,84)
w(0,106,8,85,85)
w(11,8,8,86,86)
w(347,2,8,87,87)
w(246,2,8,88,88)
w(5,23,8,89,89)
w(4,16,8,90,90)
w(4,17,8,91,91)
r(6,15,8,92,92)
w(17,5,8,93,93)
w(1,52,8,94,94)
w(10,10,8,95,95)
w(303,2,8,96,96)
w(61,4,8,97,97)
w(154,2,8,98,98)
w(49,5,8,99,99)
w(51,2,9,0,0)
w(2,41,9,1,1)
w(535,1,9,2,2)
w(25,8,9,3,3)
w(184,1,9,4,4)
w(626,1,9,5,5)
w(508,1,9,6,6)
w(52,4,9,7,7)
w(8,11,9,8,8)
w(0,107,9,9,9)
w(302,3,9,10,10)
w(332,1,9,11,11)
w(2,42,9,12,12)
w(3,35,9,13,13)
w(10,11,9,14,14)
w(272,1,9,15,15)
w(116,2,9,16,16)
w(0,108,9,17,17)
w(101,1,9,18,18)
w(25,9,9,19,19)
w(69,3,9,20,20)
w(145,1,9,21,21)
r(64,4,9,22,22)
w(0,109,9,23,23)
w(1,53,9,24,24)
w(25,10,9,25,25)
w(20,7,9,26,26)
w(0,110,9,27,27)
w(18,7,9,28,28)
w(747,2,9,29,29)
w(3,36,9,30,30)
w(4,18,9,31,31)
w(6,16,9,32,32)
w(93,1,9,33,33)
w(9,17,9,34,34)
w(3,37,9,35,35)
w(886,1,9,36,36)
w(23,3,9,37,37)
w(36,3,9,38,38)
w(27,6,9,39,39)
r(53,4,9,40,40)
r(74,3,9,41,41)
w(25,11,9,42,42)
w(288,1,9,43,43)
w(258,2,9,44,44)
w(25,12,9,45,45)
w(0,111,9,46,46)
w(0,112,9,47,47)
w(64,5,9,48,48)
w(3,38,9,49,49)
w(1,54,9,50,50)
w(635,1,9,51,51)
w(15,8,9,52,52)
r(99,3,9,53,53)
w(394,1,9,54,54)
w(128,2,9,55,55)
w(133,1,9,56,56)
w(2,43,9,57,57)
w(14,6,9,58,58)
w(1,55,9,59,59)
w(20,8,9,60,60)
w(78,1,9,61,61)
w(63,3,9,62,62)
w(136,1,9,63,63)
w(43,4,9,64,64)
w(1,56,9,65,65)
w(15,9,9,66,66)
w(0,113,9,67,67)
w(11,9,9,68,68)
w(332,2,9,69,69)
w(490,1,9,70,70)
r(1,56,9,71,71)
w(48,1,9,72,72)
w(1,57,9,73,73)
r(359,1,9,74,74)
r(774,1,9,75,75)
w(170,2,9,76,76)
w(2,44,9,77,77)
w(373,2,9,78,78)
w(5,24,9,79,79)
r(306,1,9,80,80)
w(320,3,9,81,81)
w(12,8,9,82,82)
w(69,4,9,83,83)
w(2,45,9,84,84)
w(1,58,9,85,85)
w(345,2,9,86,86)
w(0,114,9,87,87)
w(10,12,9,88,88)
r(345,2,9,89,89)
w(9,18,9,90,90)
w(98,3,9,91,91)
w(6,17,9,92,92)
w(1,59,9,93,93)
r(15,9,9,94,94)
w(4,19,9,95,95)
w(1,60,9,96,96)
w(2,46,9,97,97)
w(17,6,9,98,98)
w(0,115,9,99,99)
w(9,19,10,0,0)
w(20,9,10,1,1)
w(56,2,10,2,2)
w(1,61,10,3,3)
w(10,13,10,4,4)
r(2,46,10,5,5)
r(1,61,10,6,6)
w(515,2,10,7,7)
w(0,116,10,8,8)
w(263,2,10,9,9)
w(7,10,10,10,10)
w(745,1,10,11,11)
w(319,4,10,12,12)
w(6,18,10,13,13)
w(2,47,10,14,14)
r(41,2,10,15,15)
w(7,11,10,16,16)
w(1,62,10,17,17)
w(1,63,10,18,18)
w(88,2,10,19,19)
w(209,2,10,20,20)
w(131,2,10,21,21)
w(2,48,10,22,22)
w(133,2,10,23,23)
w(54,2,10,24,24)
w(40,2,10,25,25)
w(9,20,10,26,26)
w(5,25,10,27,27)
w(187,1,10,28,28)
w(2,49,10,29,29)
w(14,7,10,30,30)
w(2,50,10,31,31)
w(310,1,10,32,32)
w(42,3,10,33,33)
w(5,26,10,34,34)
w(5,27,10,35,35)
w(3,39,10,36,36)
w(2,51,10,37,37)
w(37,6,10,38,38)
w(76,2,10,39,39)
w(1,64,10,40,40)
w(930,2,10,41,41)
w(144,2,10,42,42)
w(196,1,10,43,43)
w(16,8,10,44,44)
w(0,117,10,45,45)
w(62,1,10,46,46)
w(2,52,10,47,47)
w(302,4,10,48,48)
w(39,5,10,49,49)
w(43,5,10,50,50)
w(10,14,10,51,51)
w(689,1,10,52,52)
w(3,40,10,53,53)
w(551,1,10,54,54)
w(333,1,10,55,55)
w(104,2,10,56,56)
w(2,53,10,57,57)
w(692,1,10,58,58)
w(359,2,10,59,59)
w(19,2,10,60,60)
w(67,2,10,61,61)
r(99,3,10,62,62)
r(231,1,10,63,63)
w(145,2,10,64,64)
w(511,1,10,65,65)
r(80,1,10,66,66)
w(18,8,10,67,67)
w(0,118,10,68,68)
w(0,119,10,69,69)
w(555,1,10,70,70)
w(28,6,10,71,71)
w(52,5,10,72,72)
w(14,8,10,73,73)
w(6,19,10,74,74)
r(2,53,10,75,75)
w(13,11,10,76,76)
w(0,120,10,77,77)
w(0,121,10,78,78)
w(3,41,10,79,79)
w(21,4,10,80,80)
r(5,27,10,81,81)
w(1,65,10,82,82)
w(0,122,10,83,83)
w(70,1,10,84,84)
w(7,12,10,85,85)
w(735,1,10,86,86)
r(111,1,10,87,87)
w(1,66,10,88,88)
w(58,2,10,89,89)
w(1,67,10,90,90)
w(190,1,10,91,91)
w(3,42,10,92,92)
w(857,1,10,93,93)
w(24,4,10,94,94)
w(69,5,10,95,95)
w(3,43,10,96,96)
w(965,1,10,97,97)
r(49,5,10,98,98)
w(12,9,10,99,99)
w(39,6,11,0,0)
w(0,123,11,1,1)
w(2,54,11,2,2)
r(239,0,11,3,3)
w(23,4,11,4,4)
w(0,124,11,5,5)
w(23,5,11,6,6)
r(206,0,11,7,7)
w(0,125,11,8,8)
r(967,0,11,9,9)
w(3,44,11,10,10)
r(0,125,11,11,11)
w(23,6,11,12,12)
w(530,2,11,13,13)
r(127,1,11,14,14)
w(0,126,11,15,15)
w(49,6,11,16,16)
w(237,1,11,17,17)
w(16,9,11,18,18)
w(943,1,11,19,19)
w(210,3,11,20,20)
w(1,68,11,21,21)
w(9,21,11,22,22)
w(3,45,11,23,23)
w(41,3,11,24,24)
w(5,28,11,25,25)
w(5,29,11,26,26)
w(902,1,11,27,27)
w(2,55,11,28,28)
w(40,3,11,29,29)
w(1,69,11,30,30)
w(96,2,11,31,31)
w(190,2,11,32,32)
w(433,1,11,33,33)
w(12,10,11,34,34)
w(31,6,11,35,35)
w(11,10,11,36,36)
w(4,20,11,37,37)
w(269,1,11,38,38)
w(6,20,11,39,39)
w(43,6,11,40,40)
w(37,7,11,41,41)
w(0,127,11,42,42)
w(0,128,11,43,43)
w(4,21,11,44,44)
r(0,128,11,45,45)
w(2,56,11,46,46)
w(0,129,11,47,47)
w(0,130,11,48,48)
w(1,70,11,49,49)
w(170,3,11,50,50)
w(5,30,11,51,51)
w(13,12,11,52,52)
w(0,131,11,53,53)
r(0,131,11,54,54)
r(9,21,11,55,55)
w(167,1,11,56,56)
w(1,71,11,57,57)
w(368,3,11,58,58)
w(0,132,11,59,59)
w(1,72,11,60,60)
w(24,5,11,61,61)
w(0,133,11,62,62)
w(15,10,11,63,63)
w(213,1,11,64,64)
r(92,0,11,65,65)
w(175,1,11,66,66)
w(0,134,11,67,67)
w(17,7,11,68,68)
w(1,73,11,69,69)
r(28,6,11,70,70)
w(31,7,11,71,71)
w(13,13,11,72,72)
w(364,1,11,73,73)
w(406,1,11,74,74)
w(118,1,11,75,75)
r(3,45,11,76,76)
w(254,1,11,77,77)
w(274,2,11,78,78)
w(0,135,11,79,79)
w(19,3,11,80,80)
w(233,1,11,81,81)
w(46,2,11,82,82)
w(10,15,11,83,83)
w(141,1,11,84,84)
w(53,5,11,85,85)
w(310,2,11,86,86)
w(3,46,11,87,87)
w(27,7,11,88,88)
w(42,4,11,89,89)
w(179,2,11,90,90)
r(25,12,11,91,91)
w(272,2,11,92,92)
w(0,136,11,93,93)
w(529,1,11,94,94)
w(94,1,11,95,95)
w(52,6,11,96,96)
w(289,2,11,97,97)
w(548,1,11,98,98)
w(29,8,11,99,99)
w(94,2,12,0,0)
w(403,2,12,1,1)
w(13,14,12,2,2)
w(962,2,12,3,3)
w(484,1,12,4,4)
w(0,137,12,5,5)
w(0,138,12,6,6)
w(502,2,12,7,7)
w(200,4,12,8,8)
w(539,1,12,9,9)
w(92,1,12,10,10)
w(96,3,12,11,11)
w(14,9,12,12,12)
r(113,1,12,13,13)
w(1,74,12,14,14)
w(880,1,12,15,15)
r(0,138,12,16,16)
w(244,1,12,17,17)
w(1,75,12,18,18)
w(5,31,12,19,19)
w(37,8,12,20,20)
r(15,10,12,21,21)
w(69,6,12,22,22)
w(886,2,12,23,23)
w(898,1,12,24,24)
w(1,76,12,25,25)
w(124,1,12,26,26)
w(7,13,12,27,27)
w(0,139,12,28,28)
w(1,77,12,29,29)
w(1,78,12,30,30)
w(51,3,12,31,31)
w(152,2,12,32,32)
w(108,3,12,33,33)
w(8,12,12,34,34)
w(122,1,12,35,35)
w(13,15,12,36,36)
w(1,79,12,37,37)
w(493,2,12,38,38)
w(96,4,12,39,39)
w(288,2,12,40,40)
w(4,22,12,41,41)
w(408,3,12,42,42)
w(41,4,12,43,43)
r(50,2,12,44,44)
w(74,4,12,45,45)
w(16,10,12,46,46)
w(187,2,12,47,47)
w(25,13,12,48,48)
w(450,1,12,49,49)
w(1,80,12,50,50)
r(2,56,12,51,51)
w(757,1,12,52,52)
w(1,81,12,53,53)
w(5,32,12,54,54)
w(0,140,12,55,55)
w(33,3,12,56,56)
w(629,1,12,57,57)
w(11,11,12,58,58)
w(511,2,12,59,59)
w(151,2,12,60,60)
w(2,57,12,61,61)
r(421,0,12,62,62)
w(1,82,12,63,63)
w(394,2,12,64,64)
w(419,1,12,65,65)
w(78,2,12,66,66)
w(1,83,12,67,67)
w(56,3,12,68,68)
w(81,2,12,69,69)
w(5,33,12,70,70)
w(22,4,12,71,71)
w(2,58,12,72,72)
w(0,141,12,73,73)
w(702,1,12,74,74)
w(1,84,12,75,75)
w(59,4,12,76,76)
w(1,85,12,77,77)
w(0,142,12,78,78)
w(0,143,12,79,79)
w(66,1,12,80,80)
w(2,59,12,81,81)
w(3,47,12,82,82)
w(75,2,12,83,83)
w(2,60,12,84,84)
w(0,144,12,85,85)
w(208,1,12,86,86)
w(4,23,12,87,87)
w(106,3,12,88,88)
w(112,4,12,89,89)
r(50,2,12,90,90)
r(4,23,12,91,91)
w(2,61,12,92,92)
w(858,1,12,93,93)
r(75,2,12,94,94)
w(7,14,12,95,95)
w(358,1,12,96,96)
w(422,1,12,97,97)
w(0,145,12,98,98)
w(212,2,12,99,99)
w(200,5,13,0,0)
w(32,2,13,1,1)
w(61,5,13,2,2)
w(1,86,13,3,3)
w(86,2,13,4,4)
w(0,146,13,5,5)
w(284,2,13,6,6)
w(102,1,13,7,7)
w(0,147,13,8,8)
w(0,148,13,9,9)
w(6,21,13,10,10)
r(270,1,13,11,11)
w(96,5,13,12,12)
w(486,1,13,13,13)
w(217,1,13,14,14)
w(16,11,13,15,15)
w(0,149,13,16,16)
w(2,62,13,17,17)
w(7,15,13,18,18)
r(52,6,13,19,19)
w(135,2,13,20,20)
w(0,150,13,21,21)
w(456,1,13,22,22)
w(861,1,13,23,23)
w(1,87,13,24,24)
w(309,1,13,25,25)
r(608,0,13,26,26)
w(0,151,13,27,27)
w(149,2,13,28,28)
r(12,10,13,29,29)
w(5,34,13,30,30)
w(0,152,13,31,31)
w(43,7,13,32,32)
w(1,88,13,33,33)
w(36,4,13,34,34)
w(4,24,13,35,35)
r(418,1,13,36,36)
r(174,0,13,37,37)
w(90,2,13,38,38)
w(6,22,13,39,39)
w(31,8,13,40,40)
w(0,153,13,41,41)
w(0,154,13,42,42)
w(4,25,13,43,43)
w(2,63,13,44,44)
w(173,1,13,45,45)
r(3,47,13,46,46)
w(0,155,13,47,47)
r(4,25,13,48,48)
w(44,3,13,49,49)
w(819,1,13,50,50)
w(0,156,13,51,51)
w(0,157,13,52,52)
w(223,2,13,53,53)
w(1,89,13,54,54)
w(37,9,13,55,55)
w(260,2,13,56,56)
w(57,5,13,57,57)
w(13,16,13,58,58)
w(2,64,13,59,59)
w(3,48,13,60,60)
w(122,2,13,61,61)
r(0,157,13,62,62)
w(2,65,13,63,63)
w(16,12,13,64,64)
w(0,158,13,65,65)
w(10,16,13,66,66)
w(0,159,13,67,67)
w(2,66,13,68,68)
w(13,17,13,69,69)
w(58,3,13,70,70)
w(0,160,13,71,71)
w(1,90,13,72,72)
w(454,1,13,73,73)
w(0,161,13,74,74)
w(2,67,13,75,75)
w(449,1,13,76,76)
w(964,1,13,77,77)
w(94,3,13,78,78)
w(167,2,13,79,79)
w(8,13,13,80,80)
w(2,68,13,81,81)
w(57,6,13,82,82)
w(93,2,13,83,83)
w(10,17,13,84,84)
w(909,2,13,85,85)
w(145,3,13,86,86)
w(3,49,13,87,87)
w(0,162,13,88,88)
w(47,2,13,89,89)
w(855,1,13,90,90)
w(2,69,13,91,91)
w(0,163,13,92,92)
r(257,0,13,93,93)
w(0,164,13,94,94)
w(415,1,13,95,95)
w(980,1,13,96,96)
w(1,91,13,97,97)
w(0,165,13,98,98)
w(4,26,13,99,99)
w(17,8,14,0,0)
w(42,5,14,1,1)
w(0,166,14,2,2)
w(2,70,14,3,3)
w(0,167,14,4,4)
w(313,1,14,5,5)
w(284,3,14,6,6)
w(661,1,14,7,7)
w(0,168,14,8,8)
w(1,92,14,9,9)
w(38,4,14,10,10)
w(60,5,14,11,11)
w(0,169,14,12,12)
w(133,3,14,13,13)
w(0,170,14,14,14)
w(10,18,14,15,15)
w(0,171,14,16,16)
r(0,171,14,17,17)
w(1,93,14,18,18)
w(1,94,14,19,19)
w(2,71,14,20,20)
w(0,172,14,21,21)
w(236,1,14,22,22)
w(616,1,14,23,23)
w(24,6,14,24,24)
w(109,2,14,25,25)
w(27,8,14,26,26)
w(0,173,14,27,27)
w(1,95,14,28,28)
w(7,16,14,29,29)
w(137,1,14,30,30)
w(34,4,14,31,31)
w(0,174,14,32,32)
w(13,18,14,33,33)
w(5,35,14,34,34)
w(20,10,14,35,35)
w(8,14,14,36,36)
w(27,9,14,37,37)
w(246,3,14,38,38)
w(74,5,14,39,39)
w(852,1,14,40,40)
w(10,19,14,41,41)
r(0,174,14,42,42)
w(1,96,14,43,43)
w(56,4,14,44,44)
w(17,9,14,45,45)
w(332,3,14,46,46)
w(20,11,14,47,47)
w(2,72,14,48,48)
w(26,6,14,49,49)
w(90,3,14,50,50)
w(6,23,14,51,51)
w(292,1,14,52,52)
w(990,1,14,53,53)
w(114,1,14,54,54)
w(6,24,14,55,55)
w(1,97,14,56,56)
w(0,175,14,57,57)
w(112,5,14,58,58)
r(31,8,14,59,59)
w(11,12,14,60,60)
w(0,176,14,61,61)
w(25,14,14,62,62)
r(104,2,14,63,63)
w(2,73,14,64,64)
w(221,1,14,65,65)
w(6,25,14,66,66)
w(208,2,14,67,67)
w(3,50,14,68,68)
w(3,51,14,69,69)
w(40,4,14,70,70)
w(133,4,14,71,71)
w(1,98,14,72,72)
w(54,3,14,73,73)
w(247,1,14,74,74)
w(161,1,14,75,75)
w(4,27,14,76,76)
w(90,4,14,77,77)
w(9,22,14,78,78)
w(0,177,14,79,79)
w(12,11,14,80,80)
w(115,2,14,81,81)
w(10,20,14,82,82)
w(37,10,14,83,83)
w(370,1,14,84,84)
w(0,178,14,85,85)
w(125,1,14,86,86)
w(4,28,14,87,87)
r(127,1,14,88,88)
w(7,17,14,89,89)
w(105,1,14,90,90)
w(0,179,14,91,91)
w(3,52,14,92,92)
w(11,13,14,93,93)
w(526,1,14,94,94)
w(13,19,14,95,95)
w(102,2,14,96,96)
w(412,2,14,97,97)
r(4,28,14,98,98)
w(3,53,14,99,99)
w(0,180,15,0,0)
w(68,1,15,1,1)
w(276,2,15,2,2)
r(1,98,15,3,3)
r(60,5,15,4,4)
w(40,5,15,5,5)
w(1,99,15,6,6)
w(206,1,15,7,7)
w(7,18,15,8,8)
w(1,100,15,9,9)
w(1,101,15,10,10)
w(4,29,15,11,11)
w(27,10,15,12,12)
w(41,5,15,13,13)
r(20,11,15,14,14)
r(3,53,15,15,15)
r(10,20,15,16,16)
w(1,102,15,17,17)
w(8,15,15,18,18)
w(41,6,15,19,19)
w(5,36,15,20,20)
w(0,181,15,21,21)
r(6,25,15,22,22)
w(10,21,15,23,23)
r(1,102,15,24,24)
w(966,1,15,25,25)
w(132,1,15,26,26)
r(22,4,15,27,27)
w(0,182,15,28,28)
r(84,0,15,29,29)
w(144,3,15,30,30)
w(3,54,15,31,31)
w(0,183,15,32,32)
w(53,6,15,33,33)
w(17,10,15,34,34)
r(3,54,15,35,35)
w(16,13,15,36,36)
w(61,6,15,37,37)
w(155,2,15,38,38)
w(6,26,15,39,39)
w(236,2,15,40,40)
w(165,2,15,41,41)
w(1,103,15,42,42)
w(4,30,15,43,43)
w(863,1,15,44,44)
w(14,10,15,45,45)
w(16,14,15,46,46)
w(2,74,15,47,47)
w(89,1,15,48,48)
w(24,7,15,49,49)
w(740,1,15,50,50)
w(0,184,15,51,51)
w(909,3,15,52,52)
w(1,104,15,53,53)
w(0,185,15,54,54)
w(0,186,15,55,55)
w(27,11,15,56,56)
w(155,3,15,57,57)
w(3,55,15,58,58)
w(3,56,15,59,59)
r(1,104,15,60,60)
w(0,187,15,61,61)
w(4,31,15,62,62)
r(151,2,15,63,63)
r(3,56,15,64,64)
w(615,1,15,65,65)
w(142,2,15,66,66)
w(17,11,15,67,67)
w(6,27,15,68,68)
w(24,8,15,69,69)
w(0,188,15,70,70)
w(11,14,15,71,71)
w(1,105,15,72,72)
w(1,106,15,73,73)
r(18,8,15,74,74)
w(13,20,15,75,75)
w(48,2,15,76,76)
w(0,189,15,77,77)
r(16,14,15,78,78)
w(88,3,15,79,79)
w(398,1,15,80,80)
w(3,57,15,81,81)
w(86,3,15,82,82)
w(305,2,15,83,83)
w(1,107,15,84,84)
w(0,190,15,85,85)
w(5,37,15,86,86)
w(2,75,15,87,87)
w(336,2,15,88,88)
w(157,1,15,89,89)
w(4,32,15,90,90)
w(2,76,15,91,91)
w(30,3,15,92,92)
w(698,1,15,93,93)
w(34,5,15,94,94)
w(8,16,15,95,95)
w(349,1,15,96,96)
w(1,108,15,97,97)
w(12,12,15,98,98)
w(38,5,15,99,99)
w(27,12,16,0,0)
w(120,1,16,1,1)
w(0,191,16,2,2)
w(34,6,16,3,3)
w(0,192,16,4,4)
w(1,109,16,5,5)
w(8,17,16,6,6)
w(3,58,16,7,7)
w(0,193,16,8,8)
w(10,22,16,9,9)
w(39,7,16,10,10)
w(1,110,16,11,11)
r(847,1,16,12,12)
w(0,194,16,13,13)
w(3,59,16,14,14)
w(661,2,16,15,15)
w(94,4,16,16,16)
w(1,111,16,17,17)
w(4,33,16,18,18)
w(76,3,16,19,19)
w(519,1,16,20,20)
r(70,1,16,21,21)
r(288,2,16,22,22)
w(896,1,16,23,23)
w(204,2,16,24,24)
w(362,1,16,25,25)
w(11,15,16,26,26)
w(17,12,16,27,27)
w(11,16,16,28,28)
w(40,6,16,29,29)
w(35,4,16,30,30)
w(10,23,16,31,31)
w(4,34,16,32,32)
w(158,2,16,33,33)
w(55,1,16,34,34)
w(24,9,16,35,35)
w(397,1,16,36,36)
w(140,3,16,37,37)
w(2,77,16,38,38)
w(10,24,16,39,39)
w(24,10,16,40,40)
w(11,17,16,41,41)
r(319,4,16,42,42)
r(97,0,16,43,43)
w(213,2,16,44,44)
w(551,2,16,45,45)
w(45,6,16,46,46)
w(2,78,16,47,47)
r(53,6,16,48,48)
w(964,2,16,49,49)
r(0,194,16,50,50)
w(4,35,16,51,51)
w(56,5,16,52,52)
w(246,4,16,53,53)
r(128,2,16,54,54)
w(2,79,16,55,55)
w(5,38,16,56,56)
w(87,1,16,57,57)
r(0,194,16,58,58)
w(1,112,16,59,59)
r(0,194,16,60,60)
w(0,195,16,61,61)
w(6,28,16,62,62)
w(0,196,16,63,63)
r(23,6,16,64,64)
w(0,197,16,65,65)
w(1,113,16,66,66)
w(33,4,16,67,67)
w(28,7,16,68,68)
w(1,114,16,69,69)
w(53,7,16,70,70)
w(820,1,16,71,71)
w(204,3,16,72,72)
w(2,80,16,73,73)
w(5,39,16,74,74)
w(4,36,16,75,75)
r(50,2,16,76,76)
w(0,198,16,77,77)
w(998,1,16,78,78)
w(69,7,16,79,79)
w(0,199,16,80,80)
w(10,25,16,81,81)
w(38,6,16,82,82)
w(48,3,16,83,83)
w(2,81,16,84,84)
w(672,1,16,85,85)
w(126,2,16,86,86)
w(2,82,16,87,87)
w(1,115,16,88,88)
w(579,1,16,89,89)
w(12,13,16,90,90)
r(334,0,16,91,91)
w(544,1,16,92,92)
w(18,9,16,93,93)
w(4,37,16,94,94)
w(6,29,16,95,95)
w(0,200,16,96,96)
w(1,116,16,97,97)
w(920,1,16,98,98)
w(18,10,16,99,99)
r(23,6,17,0,0)
w(1,117,17,1,1)
w(9,23,17,2,2)
r(408,3,17,3,3)
w(33,5,17,4,4)
w(41,7,17,5,5)
w(365,1,17,6,6)
w(280,1,17,7,7)
r(15,10,17,8,8)
w(12,14,17,9,9)
w(0,201,17,10,10)
w(15,11,17,11,11)
w(3,60,17,12,12)
r(0,201,17,13,13)
w(625,1,17,14,14)
w(21,5,17,15,15)
w(30,4,17,16,16)
w(26,7,17,17,17)
w(10,26,17,18,18)
w(817,1,17,19,19)
w(136,2,17,20,20)
w(0,202,17,21,21)
w(4,38,17,22,22)
w(21,6,17,23,23)
w(3,61,17,24,24)
w(962,3,17,25,25)
w(20,12,17,26,26)
w(0,203,17,27,27)
w(66,2,17,28,28)
w(101,2,17,29,29)
w(359,3,17,30,30)
w(634,1,17,31,31)
w(977,1,17,32,32)
w(11,18,17,33,33)
w(489,1,17,34,34)
r(79,1,17,35,35)
w(1,118,17,36,36)
w(637,1,17,37,37)
w(14,11,17,38,38)
w(1,119,17,39,39)
w(69,8,17,40,40)
w(18,11,17,41,41)
w(18,12,17,42,42)
w(0,204,17,43,43)
w(0,205,17,44,44)
r(10,26,17,45,45)
w(3,62,17,46,46)
w(0,206,17,47,47)
w(650,1,17,48,48)
w(97,1,17,49,49)
w(19,4,17,50,50)
w(8,18,17,51,51)
w(273,1,17,52,52)
r(10,26,17,53,53)
w(557,1,17,54,54)
w(152,3,17,55,55)
w(5,40,17,56,56)
w(6,30,17,57,57)
r(12,14,17,58,58)
w(764,1,17,59,59)
w(605,1,17,60,60)
w(0,207,17,61,61)
w(9,24,17,62,62)
w(272,3,17,63,63)
w(159,3,17,64,64)
w(8,19,17,65,65)
w(1,120,17,66,66)
w(71,5,17,67,67)
w(3,63,17,68,68)
w(134,1,17,69,69)
w(24,11,17,70,70)
w(104,3,17,71,71)
r(824,0,17,72,72)
w(0,208,17,73,73)
w(310,3,17,74,74)
w(44,4,17,75,75)
w(168,2,17,76,76)
w(10,27,17,77,77)
w(18,13,17,78,78)
w(9,25,17,79,79)
w(0,209,17,80,80)
w(298,1,17,81,81)
w(0,210,17,82,82)
w(36,5,17,83,83)
w(6,31,17,84,84)
w(6,32,17,85,85)
w(3,64,17,86,86)
w(131,3,17,87,87)
w(0,211,17,88,88)
r(47,2,17,89,89)
w(161,2,17,90,90)
r(0,211,17,91,91)
w(0,212,17,92,92)
w(379,2,17,93,93)
w(184,2,17,94,94)
r(0,212,17,95,95)
w(22,5,17,96,96)
w(1,121,17,97,97)
r(74,5,17,98,98)
w(652,1,17,99,99)
w(20,13,18,0,0)
r(3,64,18,1,1)
w(48,4,18,2,2)
w(20,14,18,3,3)
w(24,12,18,4,4)
w(0,213,18,5,5)
w(201,1,18,6,6)
r(0,213,18,7,7)
w(301,1,18,8,8)
w(4,39,18,9,9)
r(142,2,18,10,10)
w(29,9,18,11,11)
w(30,5,18,12,12)
w(0,214,18,13,13)
w(134,2,18,14,14)
w(27,13,18,15,15)
w(2,83,18,16,16)
w(762,1,18,17,17)
w(3,65,18,18,18)
w(5,41,18,19,19)
w(17,13,18,20,20)
w(28,8,18,21,21)
r(81,2,18,22,22)
w(115,3,18,23,23)
w(17,14,18,24,24)
w(789,1,18,25,25)
w(2,84,18,26,26)
r(62,1,18,27,27)
r(77,3,18,28,28)
w(57,7,18,29,29)
w(3,66,18,30,30)
w(23,7,18,31,31)
w(987,1,18,32,32)
w(0,215,18,33,33)
w(702,2,18,34,34)
w(17,15,18,35,35)
w(19,5,18,36,36)
r(3,66,18,37,37)
w(199,2,18,38,38)
w(157,2,18,39,39)
w(3,67,18,40,40)
w(2,85,18,41,41)
w(24,13,18,42,42)
w(9,26,18,43,43)
w(0,216,18,44,44)
w(32,3,18,45,45)
w(432,1,18,46,46)
w(6,33,18,47,47)
w(548,2,18,48,48)
w(20,15,18,49,49)
w(157,3,18,50,50)
w(1,122,18,51,51)
r(256,0,18,52,52)
w(491,2,18,53,53)
r(20,15,18,54,54)
w(42,6,18,55,55)
w(14,12,18,56,56)
w(0,217,18,57,57)
w(93,3,18,58,58)
w(3,68,18,59,59)
w(105,2,18,60,60)
w(10,28,18,61,61)
w(4,40,18,62,62)
w(223,3,18,63,63)
w(232,1,18,64,64)
w(22,6,18,65,65)
r(147,0,18,66,66)
w(464,2,18,67,67)
r(37,10,18,68,68)
w(793,1,18,69,69)
w(26,8,18,70,70)
w(61,7,18,71,71)
w(228,1,18,72,72)
w(16,15,18,73,73)
w(37,11,18,74,74)
w(1,123,18,75,75)
w(1,124,18,76,76)
w(0,218,18,77,77)
w(4,41,18,78,78)
w(18,14,18,79,79)
w(0,219,18,80,80)
w(21,7,18,81,81)
w(233,2,18,82,82)
w(10,29,18,83,83)
w(15,12,18,84,84)
w(112,6,18,85,85)
w(1,125,18,86,86)
w(589,1,18,87,87)
w(3,69,18,88,88)
w(51,4,18,89,89)
r(107,2,18,90,90)
w(10,30,18,91,91)
w(3,70,18,92,92)
r(92,1,18,93,93)
r(162,0,18,94,94)
w(0,220,18,95,95)
w(198,1,18,96,96)
w(6,34,18,97,97)
w(937,1,18,98,98)
w(127,2,18,99,99)
w(0,221,19,0,0)
w(0,222,19,1,1)
r(0,222,19,2,2)
w(5,42,19,3,3)
w(766,1,19,4,4)
w(21,8,19,5,5)
w(703,1,19,6,6)
w(17,16,19,7,7)
w(74,6,19,8,8)
r(475,0,19,9,9)
w(245,1,19,10,10)
w(4,42,19,11,11)
w(2,86,19,12,12)
w(2,87,19,13,13)
w(15,13,19,14,14)
w(0,223,19,15,15)
w(12,15,19,16,16)
w(9,27,19,17,17)
w(591,1,19,18,18)
w(928,1,19,19,19)
w(48,5,19,20,20)
w(37,12,19,21,21)
r(21,8,19,22,22)
w(60,6,19,23,23)
w(508,2,19,24,24)
w(13,21,19,25,25)
w(7,19,19,26,26)
w(156,1,19,27,27)
w(15,14,19,28,28)
r(1,125,19,29,29)
w(237,2,19,30,30)
w(0,224,19,31,31)
r(18,14,19,32,32)
w(136,3,19,33,33)
w(325,1,19,34,34)
w(3,71,19,35,35)
w(18,15,19,36,36)
w(791,1,19,37,37)
r(446,0,19,38,38)
r(78,2,19,39,39)
w(64,6,19,40,40)
w(0,225,19,41,41)
w(22,7,19,42,42)
w(193,1,19,43,43)
w(8,20,19,44,44)
r(6,34,19,45,45)
w(51,5,19,46,46)
w(107,3,19,47,47)
w(27,14,19,48,48)
w(395,1,19,49,49)
w(0,226,19,50,50)
r(570,0,19,51,51)
w(1,126,19,52,52)
w(64,7,19,53,53)
w(14,13,19,54,54)
w(2,88,19,55,55)
w(27,15,19,56,56)
w(265,1,19,57,57)
w(6,35,19,58,58)
w(35,5,19,59,59)
w(363,1,19,60,60)
w(11,19,19,61,61)
w(270,2,19,62,62)
w(63,4,19,63,63)
w(0,227,19,64,64)
w(59,5,19,65,65)
w(2,89,19,66,66)
w(49,7,19,67,67)
r(50,2,19,68,68)
w(21,9,19,69,69)
w(473,1,19,70,70)
w(4,43,19,71,71)
r(1,126,19,72,72)
w(11,20,19,73,73)
w(20,16,19,74,74)
w(793,2,19,75,75)
w(5,43,19,76,76)
w(250,1,19,77,77)
w(0,228,19,78,78)
w(204,4,19,79,79)
w(3,72,19,80,80)
w(0,229,19,81,81)
w(222,1,19,82,82)
w(7,20,19,83,83)
w(451,2,19,84,84)
w(16,16,19,85,85)
w(12,16,19,86,86)
w(311,1,19,87,87)
w(17,17,19,88,88)
w(21,10,19,89,89)
w(55,2,19,90,90)
w(22,8,19,91,91)
w(12,17,19,92,92)
w(1,127,19,93,93)
w(2,90,19,94,94)
w(0,230,19,95,95)
w(0,231,19,96,96)
w(1,128,19,97,97)
w(369,1,19,98,98)
w(370,2,19,99,99)
w(3,73,20,0,0)
w(19,6,20,1,1)
w(311,2,20,2,2)
w(34,7,20,3,3)
w(814,1,20,4,4)
w(1,129,20,5,5)
r(2,90,20,6,6)
w(162,1,20,7,7)
w(11,21,20,8,8)
w(169,1,20,9,9)
w(0,232,20,10,10)
w(6,36,20,11,11)
w(6,37,20,12,12)
w(170,4,20,13,13)
w(4,44,20,14,14)
w(359,4,20,15,15)
w(4,45,20,16,16)
w(0,233,20,17,17)
w(12,18,20,18,18)
w(74,7,20,19,19)
w(388,1,20,20,20)
w(3,74,20,21,21)
w(2,91,20,22,22)
r(78,2,20,23,23)
w(172,1,20,24,24)
w(93,4,20,25,25)
w(138,2,20,26,26)
w(10,31,20,27,27)
w(25,15,20,28,28)
w(17,18,20,29,29)
r(384,0,20,30,30)
w(22,9,20,31,31)
w(2,92,20,32,32)
w(674,1,20,33,33)
w(25,16,20,34,34)
w(52,7,20,35,35)
r(1,129,20,36,36)
w(0,234,20,37,37)
w(24,14,20,38,38)
w(268,2,20,39,39)
w(9,28,20,40,40)
w(698,2,20,41,41)
w(123,4,20,42,42)
w(226,3,20,43,43)
w(8,21,20,44,44)
w(9,29,20,45,45)
w(8,22,20,46,46)
w(4,46,20,47,47)
w(32,4,20,48,48)
r(0,234,20,49,49)
w(210,4,20,50,50)
w(8,23,20,51,51)
r(312,1,20,52,52)
w(7,21,20,53,53)
w(51,6,20,54,54)
w(1,130,20,55,55)
w(18,16,20,56,56)
w(4,47,20,57,57)
w(0,235,20,58,58)
w(513,1,20,59,59)
w(8,24,20,60,60)
w(15,15,20,61,61)
w(0,236,20,62,62)
w(28,9,20,63,63)
w(43,8,20,64,64)
w(3,75,20,65,65)
w(1,131,20,66,66)
w(179,3,20,67,67)
w(19,7,20,68,68)
w(0,237,20,69,69)
r(102,2,20,70,70)
w(0,238,20,71,71)
w(20,17,20,72,72)
w(5,44,20,73,73)
w(176,1,20,74,74)
w(1,132,20,75,75)
w(7,22,20,76,76)
w(958,1,20,77,77)
w(4,48,20,78,78)
w(48,6,20,79,79)
w(41,8,20,80,80)
w(864,1,20,81,81)
w(928,2,20,82,82)
w(0,239,20,83,83)
w(85,3,20,84,84)
w(0,240,20,85,85)
w(2,93,20,86,86)
w(231,2,20,87,87)
w(588,1,20,88,88)
w(21,11,20,89,89)
w(171,1,20,90,90)
w(2,94,20,91,91)
w(361,1,20,92,92)
w(23,8,20,93,93)
w(91,3,20,94,94)
w(0,241,20,95,95)
w(222,2,20,96,96)
w(563,1,20,97,97)
w(21,12,20,98,98)
w(2,95,20,99,99)
w(29,10,21,0,0)
w(19,8,21,1,1)
w(701,2,21,2,2)
w(143,4,21,3,3)
w(7,23,21,4,4)
w(1,133,21,5,5)
w(4,49,21,6,6)
r(3,75,21,7,7)
w(1,134,21,8,8)
w(1,135,21,9,9)
w(215,1,21,10,10)
w(3,76,21,11,11)
w(160,1,21,12,12)
w(28,10,21,13,13)
w(165,3,21,14,14)
w(5,45,21,15,15)
w(963,1,21,16,16)
w(209,3,21,17,17)
w(21,13,21,18,18)
w(80,2,21,19,19)
w(28,11,21,20,20)
w(281,2,21,21,21)
w(22,10,21,22,22)
w(173,2,21,23,23)
w(144,4,21,24,24)
w(15,16,21,25,25)
w(404,1,21,26,26)
w(1,136,21,27,27)
w(0,242,21,28,28)
w(46,3,21,29,29)
w(252,1,21,30,30)
w(137,2,21,31,31)
w(3,77,21,32,32)
w(0,243,21,33,33)
w(0,244,21,34,34)
w(51,7,21,35,35)
w(0,245,21,36,36)
w(0,246,21,37,37)
r(352,0,21,38,38)
w(402,1,21,39,39)
r(52,7,21,40,40)
r(22,10,21,41,41)
w(3,78,21,42,42)
w(791,2,21,43,43)
w(186,1,21,44,44)
w(2,96,21,45,45)
w(283,2,21,46,46)
w(441,1,21,47,47)
w(987,2,21,48,48)
w(15,17,21,49,49)
w(18,17,21,50,50)
w(3,79,21,51,51)
w(522,1,21,52,52)
w(2,97,21,53,53)
w(12,19,21,54,54)
w(113,2,21,55,55)
w(0,247,21,56,56)
w(39,8,21,57,57)
w(21,14,21,58,58)
w(25,17,21,59,59)
w(7,24,21,60,60)
w(134,3,21,61,61)
w(11,22,21,62,62)
w(18,18,21,63,63)
r(919,0,21,64,64)
w(905,1,21,65,65)
w(0,248,21,66,66)
w(2,98,21,67,67)
w(62,2,21,68,68)
r(3,79,21,69,69)
w(431,2,21,70,70)
w(214,1,21,71,71)
w(3,80,21,72,72)
w(7,25,21,73,73)
w(746,2,21,74,74)
w(6,38,21,75,75)
w(6,39,21,76,76)
w(14,14,21,77,77)
w(53,8,21,78,78)
r(0,248,21,79,79)
w(74,8,21,80,80)
w(335,1,21,81,81)
w(313,2,21,82,82)
w(59,6,21,83,83)
w(1,137,21,84,84)
r(4,49,21,85,85)
w(0,249,21,86,86)
r(286,0,21,87,87)
w(349,2,21,88,88)
r(118,1,21,89,89)
w(4,50,21,90,90)
w(11,23,21,91,91)
w(227,1,21,92,92)
w(102,3,21,93,93)
w(512,1,21,94,94)
w(288,3,21,95,95)
w(20,18,21,96,96)
w(29,11,21,97,97)
w(0,250,21,98,98)
w(5,46,21,99,99)
w(33,6,22,0,0)
w(601,1,22,1,1)
w(468,1,22,2,2)
w(0,251,22,3,3)
w(181,1,22,4,4)
w(0,252,22,5,5)
w(31,9,22,6,6)
r(77,3,22,7,7)
w(610,1,22,8,8)
w(813,1,22,9,9)
w(0,253,22,10,10)
w(533,1,22,11,11)
w(95,2,22,12,12)
w(2,99,22,13,13)
w(401,1,22,14,14)
w(15,18,22,15,15)
w(3,81,22,16,16)
w(15,19,22,17,17)
w(22,11,22,18,18)
w(20,19,22,19,19)
w(2,100,22,20,20)
w(138,3,22,21,21)
r(4,50,22,22,22)
w(13,22,22,23,23)
w(0,254,22,24,24)
w(46,4,22,25,25)
w(4,51,22,26,26)
w(9,30,22,27,27)
w(56,6,22,28,28)
w(47,3,22,29,29)
w(209,4,22,30,30)
w(116,3,22,31,31)
w(0,255,22,32,32)
w(0,256,22,33,33)
w(191,1,22,34,34)
r(253,0,22,35,35)
r(0,256,22,36,36)
r(26,8,22,37,37)
w(1,138,22,38,38)
w(9,31,22,39,39)
w(10,32,22,40,40)
w(913,1,22,41,41)
r(65,4,22,42,42)
w(655,1,22,43,43)
w(51,8,22,44,44)
w(6,40,22,45,45)
w(727,1,22,46,46)
w(117,2,22,47,47)
w(7,26,22,48,48)
w(0,257,22,49,49)
w(56,7,22,50,50)
r(4,51,22,51,51)
w(540,1,22,52,52)
w(20,20,22,53,53)
w(994,1,22,54,54)
w(2,101,22,55,55)
w(87,2,22,56,56)
w(68,2,22,57,57)
w(547,2,22,58,58)
w(0,258,22,59,59)
w(470,1,22,60,60)
w(662,1,22,61,61)
w(707,1,22,62,62)
w(1,139,22,63,63)
w(87,3,22,64,64)
w(56,8,22,65,65)
w(15,20,22,66,66)
w(6,41,22,67,67)
w(461,1,22,68,68)
w(1,140,22,69,69)
w(116,4,22,70,70)
w(75,3,22,71,71)
w(1,141,22,72,72)
w(1,142,22,73,73)
w(88,4,22,74,74)
w(17,19,22,75,75)
w(140,4,22,76,76)
w(229,2,22,77,77)
w(150,2,22,78,78)
w(3,82,22,79,79)
w(197,2,22,80,80)
w(25,18,22,81,81)
w(1,143,22,82,82)
w(242,1,22,83,83)
w(23,9,22,84,84)
w(163,2,22,85,85)
w(22,12,22,86,86)
w(382,1,22,87,87)
w(0,259,22,88,88)
w(3,83,22,89,89)
w(961,1,22,90,90)
w(437,1,22,91,91)
w(63,5,22,92,92)
w(24,15,22,93,93)
w(24,16,22,94,94)
w(190,3,22,95,95)
w(8,25,22,96,96)
w(11,24,22,97,97)
w(35,6,22,98,98)
w(621,3,22,99,99)
w(212,3,23,0,0)
w(0,260,23,1,1)
w(42,7,23,2,2)
r(130,1,23,3,3)
w(171,2,23,4,4)
w(16,17,23,5,5)
w(627,1,23,6,6)
w(906,2,23,7,7)
r(171,2,23,8,8)
w(871,1,23,9,9)
w(224,2,23,10,10)
w(1,144,23,11,11)
w(130,2,23,12,12)
r(1,144,23,13,13)
w(84,1,23,14,14)
w(8,26,23,15,15)
w(8,27,23,16,16)
w(154,3,23,17,17)
w(380,1,23,18,18)
w(11,25,23,19,19)
w(15,21,23,20,20)
w(3,84,23,21,21)
w(0,261,23,22,22)
w(7,27,23,23,23)
w(5,47,23,24,24)
r(3,84,23,25,25)
w(293,2,23,26,26)
w(13,23,23,27,27)
w(156,2,23,28,28)
w(0,262,23,29,29)
w(13,24,23,30,30)
w(822,1,23,31,31)
w(4,52,23,32,32)
w(48,7,23,33,33)
w(17,20,23,34,34)
w(326,2,23,35,35)
w(392,1,23,36,36)
w(7,28,23,37,37)
w(23,10,23,38,38)
w(1,145,23,39,39)
w(0,263,23,40,40)
w(599,1,23,41,41)
w(61,8,23,42,42)
r(1,145,23,43,43)
w(6,42,23,44,44)
w(97,2,23,45,45)
w(1,146,23,46,46)
w(5,48,23,47,47)
w(42,8,23,48,48)
w(91,4,23,49,49)
w(0,264,23,50,50)
w(49,8,23,51,51)
w(691,1,23,52,52)
w(27,16,23,53,53)
w(0,265,23,54,54)
w(1,147,23,55,55)
w(18,19,23,56,56)
w(308,1,23,57,57)
w(2,102,23,58,58)
w(0,266,23,59,59)
w(0,267,23,60,60)
w(11,26,23,61,61)
w(0,268,23,62,62)
w(20,21,23,63,63)
w(74,9,23,64,64)
w(11,27,23,65,65)
w(335,2,23,66,66)
w(204,5,23,67,67)
w(1,148,23,68,68)
w(17,21,23,69,69)
w(6,43,23,70,70)
w(13,25,23,71,71)
w(354,1,23,72,72)
r(2,102,23,73,73)
w(221,2,23,74,74)
w(0,269,23,75,75)
w(0,270,23,76,76)
r(975,0,23,77,77)
w(4,53,23,78,78)
w(71,6,23,79,79)
w(26,9,23,80,80)
w(736,2,23,81,81)
r(0,270,23,82,82)
w(284,4,23,83,83)
w(100,2,23,84,84)
w(1,149,23,85,85)
w(1,150,23,86,86)
w(5,49,23,87,87)
w(0,271,23,88,88)
w(10,33,23,89,89)
r(1,150,23,90,90)
w(237,3,23,91,91)
w(0,272,23,92,92)
w(25,19,23,93,93)
w(2,103,23,94,94)
w(41,9,23,95,95)
w(0,273,23,96,96)
w(0,274,23,97,97)
w(0,275,23,98,98)
w(0,276,23,99,99)
w(5,50,24,0,0)
w(349,3,24,1,1)
w(21,15,24,2,2)
w(975,1,24,3,3)
w(38,7,24,4,4)
w(84,2,24,5,5)
w(33,7,24,6,6)
w(181,2,24,7,7)
w(5,51,24,8,8)
w(0,277,24,9,9)
w(36,6,24,10,10)
w(0,278,24,11,11)
w(42,9,24,12,12)
w(58,4,24,13,13)
w(23,11,24,14,14)
w(0,279,24,15,15)
w(8,28,24,16,16)
w(42,10,24,17,17)
r(71,6,24,18,18)
w(0,280,24,19,19)
w(157,4,24,20,20)
w(6,44,24,21,21)
w(76,4,24,22,22)
w(0,281,24,23,23)
w(90,5,24,24,24)
w(128,3,24,25,25)
w(141,2,24,26,26)
w(0,282,24,27,27)
w(0,283,24,28,28)
w(10,34,24,29,29)
w(67,3,24,30,30)
w(6,45,24,31,31)
w(15,22,24,32,32)
w(3,85,24,33,33)
w(61,9,24,34,34)
w(1,151,24,35,35)
w(18,20,24,36,36)
w(38,8,24,37,37)
r(5,51,24,38,38)
w(6,46,24,39,39)
w(26,10,24,40,40)
w(789,2,24,41,41)
w(2,104,24,42,42)
w(8,29,24,43,43)
w(5,52,24,44,44)
w(0,284,24,45,45)
w(0,285,24,46,46)
w(2,105,24,47,47)
w(104,4,24,48,48)
w(197,3,24,49,49)
r(489,1,24,50,50)
w(5,53,24,51,51)
w(90,6,24,52,52)
w(0,286,24,53,53)
w(7,29,24,54,54)
w(701,3,24,55,55)
w(181,3,24,56,56)
w(9,32,24,57,57)
w(501,1,24,58,58)
w(5,54,24,59,59)
r(16,17,24,60,60)
w(9,33,24,61,61)
r(10,34,24,62,62)
w(1,152,24,63,63)
w(5,55,24,64,64)
w(5,56,24,65,65)
w(4,54,24,66,66)
w(10,35,24,67,67)
w(340,1,24,68,68)
w(42,11,24,69,69)
w(534,1,24,70,70)
w(1,153,24,71,71)
r(137,2,24,72,72)
w(147,1,24,73,73)
w(36,7,24,74,74)
w(4,55,24,75,75)
w(549,1,24,76,76)
w(252,2,24,77,77)
w(27,17,24,78,78)
w(445,1,24,79,79)
w(0,287,24,80,80)
w(1,154,24,81,81)
w(0,288,24,82,82)
w(10,36,24,83,83)
r(10,36,24,84,84)
w(0,289,24,85,85)
w(828,1,24,86,86)
w(8,30,24,87,87)
w(27,18,24,88,88)
w(244,2,24,89,89)
w(76,5,24,90,90)
w(10,37,24,91,91)
r(108,3,24,92,92)
w(113,3,24,93,93)
w(41,10,24,94,94)
w(0,290,24,95,95)
w(0,291,24,96,96)
r(97,2,24,97,97)
w(44,5,24,98,98)
w(159,4,24,99,99)
w(0,292,25,0,0)
w(767,1,25,1,1)
w(3,86,25,2,2)
w(3,87,25,3,3)
r(1,154,25,4,4)
w(21,16,25,5,5)
w(260,3,25,6,6)
w(211,2,25,7,7)
w(4,56,25,8,8)
w(0,293,25,9,9)
w(126,3,25,10,10)
w(5,57,25,11,11)
w(42,12,25,12,12)
w(3,88,25,13,13)
w(454,2,25,14,14)
w(14,15,25,15,15)
w(7,30,25,16,16)
w(6,47,25,17,17)
w(5,58,25,18,18)
w(0,294,25,19,19)
w(33,8,25,20,20)
w(2,106,25,21,21)
w(1,155,25,22,22)
w(155,4,25,23,23)
w(0,295,25,24,24)
w(417,1,25,25,25)
w(2,107,25,26,26)
w(220,2,25,27,27)
w(365,2,25,28,28)
w(91,5,25,29,29)
w(8,31,25,30,30)
w(2,108,25,31,31)
w(83,1,25,32,32)
w(49,9,25,33,33)
w(787,1,25,34,34)
w(961,2,25,35,35)
w(457,2,25,36,36)
w(296,1,25,37,37)
w(1,156,25,38,38)
w(355,1,25,39,39)
w(530,3,25,40,40)
w(0,296,25,41,41)
w(27,19,25,42,42)
w(12,20,25,43,43)
w(102,4,25,44,44)
w(135,3,25,45,45)
w(115,4,25,46,46)
w(0,297,25,47,47)
w(44,6,25,48,48)
w(11,28,25,49,49)
w(275,1,25,50,50)
w(643,2,25,51,51)
w(1,157,25,52,52)
w(2,109,25,53,53)
r(0,297,25,54,54)
w(98,4,25,55,55)
w(283,3,25,56,56)
w(58,5,25,57,57)
w(276,3,25,58,58)
w(12,21,25,59,59)
w(281,3,25,60,60)
w(1,158,25,61,61)
w(6,48,25,62,62)
w(4,57,25,63,63)
w(871,2,25,64,64)
w(14,16,25,65,65)
w(5,59,25,66,66)
w(728,1,25,67,67)
w(812,1,25,68,68)
w(708,1,25,69,69)
w(89,2,25,70,70)
w(0,298,25,71,71)
w(891,1,25,72,72)
w(456,2,25,73,73)
w(0,299,25,74,74)
w(0,300,25,75,75)
r(158,2,25,76,76)
w(632,2,25,77,77)
w(0,301,25,78,78)
w(1,159,25,79,79)
w(114,2,25,80,80)
w(18,21,25,81,81)
r(257,0,25,82,82)
w(5,60,25,83,83)
w(262,1,25,84,84)
w(1,160,25,85,85)
w(6,49,25,86,86)
w(289,3,25,87,87)
w(120,2,25,88,88)
w(57,8,25,89,89)
w(34,8,25,90,90)
w(544,2,25,91,91)
w(1,161,25,92,92)
w(51,9,25,93,93)
w(224,3,25,94,94)
w(8,32,25,95,95)
w(545,1,25,96,96)
w(390,1,25,97,97)
w(127,3,25,98,98)
w(106,4,25,99,99)
w(46,5,26,0,0)
w(94,5,26,1,1)
w(0,302,26,2,2)
w(85,4,26,3,3)
w(19,9,26,4,4)
w(0,303,26,5,5)
w(0,304,26,6,6)
r(97,2,26,7,7)
w(35,7,26,8,8)
w(1,162,26,9,9)
w(41,11,26,10,10)
w(718,1,26,11,11)
w(5,61,26,12,12)
r(11,28,26,13,13)
w(134,4,26,14,14)
w(329,1,26,15,15)
w(805,1,26,16,16)
r(524,1,26,17,17)
w(5,62,26,18,18)
w(16,18,26,19,19)
w(34,9,26,20,20)
w(0,305,26,21,21)
w(0,306,26,22,22)
r(563,1,26,23,23)
w(0,307,26,24,24)
r(92,1,26,25,25)
w(113,4,26,26,26)
w(203,1,26,27,27)
r(3,88,26,28,28)
w(6,50,26,29,29)
w(100,3,26,30,30)
w(65,5,26,31,31)
r(0,307,26,32,32)
w(149,3,26,33,33)
w(7,31,26,34,34)
w(325,2,26,35,35)
w(49,10,26,36,36)
w(329,2,26,37,37)
w(81,3,26,38,38)
w(198,2,26,39,39)
w(179,4,26,40,40)
w(8,33,26,41,41)
w(8,34,26,42,42)
w(64,8,26,43,43)
w(5,63,26,44,44)
w(6,51,26,45,45)
w(0,308,26,46,46)
w(6,52,26,47,47)
w(13,26,26,48,48)
w(91,6,26,49,49)
w(0,309,26,50,50)
w(17,22,26,51,51)
w(204,6,26,52,52)
r(64,8,26,53,53)
w(942,1,26,54,54)
w(984,2,26,55,55)
w(0,310,26,56,56)
w(0,311,26,57,57)
w(112,7,26,58,58)
w(21,17,26,59,59)
r(422,1,26,60,60)
w(62,3,26,61,61)
w(668,1,26,62,62)
w(1,163,26,63,63)
w(0,312,26,64,64)
w(195,3,26,65,65)
w(320,4,26,66,66)
w(336,3,26,67,67)
w(1,164,26,68,68)
w(54,4,26,69,69)
w(46,6,26,70,70)
w(787,2,26,71,71)
w(373,3,26,72,72)
w(0,313,26,73,73)
w(0,314,26,74,74)
w(3,89,26,75,75)
r(549,1,26,76,76)
w(139,2,26,77,77)
w(942,2,26,78,78)
w(2,110,26,79,79)
r(2,110,26,80,80)
r(9,33,26,81,81)
w(15,23,26,82,82)
w(664,1,26,83,83)
w(26,11,26,84,84)
w(102,5,26,85,85)
w(17,23,26,86,86)
w(12,22,26,87,87)
w(0,315,26,88,88)
w(931,1,26,89,89)
w(2,111,26,90,90)
w(1,165,26,91,91)
w(67,4,26,92,92)
r(49,10,26,93,93)
w(215,2,26,94,94)
w(866,1,26,95,95)
w(0,316,26,96,96)
w(124,2,26,97,97)
w(107,4,26,98,98)
w(146,2,26,99,99)
w(349,4,27,0,0)
w(0,317,27,1,1)
r(53,8,27,2,2)
w(55,3,27,3,3)
w(37,13,27,4,4)
w(11,29,27,5,5)
r(96,5,27,6,6)
w(268,3,27,7,7)
w(3,90,27,8,8)
r(76,5,27,9,9)
w(6,53,27,10,10)
w(98,5,27,11,11)
r(35,7,27,12,12)
w(0,318,27,13,13)
w(0,319,27,14,14)
w(950,1,27,15,15)
r(13,26,27,16,16)
w(421,1,27,17,17)
w(1,166,27,18,18)
r(0,319,27,19,19)
w(21,18,27,20,20)
w(31,10,27,21,21)
w(6,54,27,22,22)
w(23,12,27,23,23)
w(11,30,27,24,24)
w(142,3,27,25,25)
r(2,111,27,26,26)
w(82,1,27,27,27)
w(409,1,27,28,28)
w(711,1,27,29,29)
w(109,3,27,30,30)
w(3,91,27,31,31)
w(0,320,27,32,32)
w(22,13,27,33,33)
r(12,22,27,34,34)
w(4,58,27,35,35)
w(0,321,27,36,36)
w(130,3,27,37,37)
w(1,167,27,38,38)
w(299,3,27,39,39)
w(30,6,27,40,40)
w(93,5,27,41,41)
r(14,16,27,42,42)
w(412,3,27,43,43)
w(74,10,27,44,44)
w(1,168,27,45,45)
w(45,7,27,46,46)
w(896,2,27,47,47)
w(0,322,27,48,48)
w(373,4,27,49,49)
w(6,55,27,50,50)
w(43,9,27,51,51)
w(0,323,27,52,52)
w(752,1,27,53,53)
w(2,112,27,54,54)
w(135,4,27,55,55)
w(1,169,27,56,56)
w(14,17,27,57,57)
w(326,3,27,58,58)
w(1,170,27,59,59)
w(0,324,27,60,60)
w(0,325,27,61,61)
w(376,1,27,62,62)
w(238,1,27,63,63)
w(1,171,27,64,64)
w(228,2,27,65,65)
w(5,64,27,66,66)
w(102,6,27,67,67)
w(166,1,27,68,68)
w(24,17,27,69,69)
w(730,1,27,70,70)
w(15,24,27,71,71)
w(9,34,27,72,72)
w(115,5,27,73,73)
w(0,326,27,74,74)
w(4,59,27,75,75)
r(3,91,27,76,76)
w(8,35,27,77,77)
w(0,327,27,78,78)
w(907,1,27,79,79)
w(268,4,27,80,80)
w(88,5,27,81,81)
w(0,328,27,82,82)
w(37,14,27,83,83)
w(117,3,27,84,84)
w(478,1,27,85,85)
w(58,6,27,86,86)
r(242,1,27,87,87)
w(1,172,27,88,88)
w(2,113,27,89,89)
w(0,329,27,90,90)
w(13,27,27,91,91)
w(3,92,27,92,92)
w(12,23,27,93,93)
w(186,2,27,94,94)
w(5,65,27,95,95)
w(6,56,27,96,96)
w(198,3,27,97,97)
w(64,9,27,98,98)
w(36,8,27,99,99)
r(1,172,28,0,0)
w(0,330,28,1,1)
w(0,331,28,2,2)
w(4,60,28,3,3)
w(0,332,28,4,4)
w(101,3,28,5,5)
r(15,24,28,6,6)
w(7,32,28,7,7)
w(4,61,28,8,8)
w(49,11,28,9,9)
w(773,1,28,10,10)
w(33,9,28,11,11)
w(21,19,28,12,12)
w(3,93,28,13,13)
w(0,333,28,14,14)
w(140,5,28,15,15)
w(40,7,28,16,16)
r(0,333,28,17,17)
w(66,3,28,18,18)
w(4,62,28,19,19)
r(34,9,28,20,20)
w(6,57,28,21,21)
w(20,22,28,22,22)
w(261,3,28,23,23)
w(0,334,28,24,24)
w(27,20,28,25,25)
w(44,7,28,26,26)
w(0,335,28,27,27)
w(0,336,28,28,28)
w(3,94,28,29,29)
w(0,337,28,30,30)
w(5,66,28,31,31)
w(1,173,28,32,32)
w(0,338,28,33,33)
w(1,174,28,34,34)
w(0,339,28,35,35)
w(1,175,28,36,36)
w(6,58,28,37,37)
w(24,18,28,38,38)
w(150,3,28,39,39)
w(192,2,28,40,40)
w(4,63,28,41,41)
w(580,1,28,42,42)
w(150,4,28,43,43)
w(0,340,28,44,44)
w(369,2,28,45,45)
w(0,341,28,46,46)
r(55,3,28,47,47)
w(116,5,28,48,48)
w(2,114,28,49,49)
w(2,115,28,50,50)
w(382,2,28,51,51)
w(0,342,28,52,52)
r(3,94,28,53,53)
w(228,3,28,54,54)
w(0,343,28,55,55)
w(3,95,28,56,56)
w(25,20,28,57,57)
w(8,36,28,58,58)
w(91,7,28,59,59)
w(1,176,28,60,60)
w(13,28,28,61,61)
w(18,22,28,62,62)
w(86,4,28,63,63)
w(0,344,28,64,64)
w(791,3,28,65,65)
w(4,64,28,66,66)
w(0,345,28,67,67)
w(70,2,28,68,68)
w(0,346,28,69,69)
w(408,4,28,70,70)
w(5,67,28,71,71)
w(365,3,28,72,72)
w(5,68,28,73,73)
w(142,4,28,74,74)
w(5,69,28,75,75)
w(26,12,28,76,76)
w(0,347,28,77,77)
w(23,13,28,78,78)
w(80,3,28,79,79)
w(0,348,28,80,80)
w(437,2,28,81,81)
w(0,349,28,82,82)
w(7,33,28,83,83)
w(0,350,28,84,84)
w(3,96,28,85,85)
w(1,177,28,86,86)
w(39,9,28,87,87)
w(5,70,28,88,88)
w(234,1,28,89,89)
w(7,34,28,90,90)
w(7,35,28,91,91)
r(37,14,28,92,92)
w(46,7,28,93,93)
w(2,116,28,94,94)
w(942,3,28,95,95)
w(364,2,28,96,96)
w(64,10,28,97,97)
w(107,5,28,98,98)
w(8,37,28,99,99)
w(135,5,29,0,0)
r(9,34,29,1,1)
r(29,11,29,2,2)
w(32,5,29,3,3)
w(122,3,29,4,4)
w(14,18,29,5,5)
w(345,3,29,6,6)
w(2,117,29,7,7)
w(5,71,29,8,8)
w(12,24,29,9,9)
w(0,351,29,10,10)
w(24,19,29,11,11)
w(954,1,29,12,12)
w(0,352,29,13,13)
w(358,2,29,14,14)
w(3,97,29,15,15)
w(994,2,29,16,16)
w(19,10,29,17,17)
w(861,2,29,18,18)
w(4,65,29,19,19)
w(66,4,29,20,20)
w(115,6,29,21,21)
w(221,3,29,22,22)
w(6,59,29,23,23)
w(9,35,29,24,24)
w(500,1,29,25,25)
r(763,0,29,26,26)
w(64,11,29,27,27)
w(3,98,29,28,28)
w(971,1,29,29,29)
w(2,118,29,30,30)
w(0,353,29,31,31)
w(10,38,29,32,32)
w(169,2,29,33,33)
w(559,1,29,34,34)
w(146,3,29,35,35)
w(24,20,29,36,36)
w(153,3,29,37,37)
w(21,20,29,38,38)
w(38,9,29,39,39)
w(11,31,29,40,40)
w(37,15,29,41,41)
w(51,10,29,42,42)
w(25,21,29,43,43)
r(0,353,29,44,44)
w(145,4,29,45,45)
w(4,66,29,46,46)
r(90,6,29,47,47)
w(3,99,29,48,48)
w(5,72,29,49,49)
w(554,1,29,50,50)
w(0,354,29,51,51)
w(0,355,29,52,52)
w(111,2,29,53,53)
w(1,178,29,54,54)
r(15,24,29,55,55)
w(26,13,29,56,56)
w(2,119,29,57,57)
w(84,3,29,58,58)
w(337,1,29,59,59)
w(18,23,29,60,60)
r(253,0,29,61,61)
w(9,36,29,62,62)
w(13,29,29,63,63)
w(9,37,29,64,64)
r(70,2,29,65,65)
r(0,355,29,66,66)
w(63,6,29,67,67)
r(263,2,29,68,68)
w(63,7,29,69,69)
w(11,32,29,70,70)
w(62,4,29,71,71)
w(154,4,29,72,72)
w(3,100,29,73,73)
w(1,179,29,74,74)
r(0,355,29,75,75)
w(84,4,29,76,76)
w(482,1,29,77,77)
w(95,3,29,78,78)
w(5,73,29,79,79)
w(536,1,29,80,80)
w(55,4,29,81,81)
r(678,0,29,82,82)
w(8,38,29,83,83)
w(576,1,29,84,84)
w(302,5,29,85,85)
w(14,19,29,86,86)
w(391,1,29,87,87)
w(0,356,29,88,88)
r(6,59,29,89,89)
w(0,357,29,90,90)
w(179,5,29,91,91)
w(113,5,29,92,92)
w(2,120,29,93,93)
w(154,5,29,94,94)
w(112,8,29,95,95)
w(603,1,29,96,96)
w(96,6,29,97,97)
w(546,1,29,98,98)
r(1,179,29,99,99)
w(133,5,30,0,0)
w(12,25,30,1,1)
r(385,0,30,2,2)
w(0,358,30,3,3)
w(367,1,30,4,4)
w(371,1,30,5,5)
w(301,2,30,6,6)
w(22,14,30,7,7)
w(3,101,30,8,8)
w(0,359,30,9,9)
r(1,179,30,10,10)
w(35,8,30,11,11)
w(79,2,30,12,12)
w(683,1,30,13,13)
w(0,360,30,14,14)
w(340,2,30,15,15)
w(0,361,30,16,16)
w(900,1,30,17,17)
w(10,39,30,18,18)
w(2,121,30,19,19)
w(138,4,30,20,20)
w(166,2,30,21,21)
w(17,24,30,22,22)
w(6,60,30,23,23)
w(25,22,30,24,24)
w(1,180,30,25,25)
w(0,362,30,26,26)
w(134,5,30,27,27)
w(0,363,30,28,28)
w(18,24,30,29,29)
w(5,74,30,30,30)
w(12,26,30,31,31)
w(36,9,30,32,32)
w(77,4,30,33,33)
w(167,3,30,34,34)
w(132,2,30,35,35)
w(0,364,30,36,36)
w(0,365,30,37,37)
w(24,21,30,38,38)
r(387,1,30,39,39)
w(52,8,30,40,40)
w(13,30,30,41,41)
w(5,75,30,42,42)
w(258,3,30,43,43)
w(30,7,30,44,44)
w(0,366,30,45,45)
w(148,3,30,46,46)
w(152,4,30,47,47)
w(13,31,30,48,48)
w(8,39,30,49,49)
w(0,367,30,50,50)
w(8,40,30,51,51)
w(7,36,30,52,52)
w(3,102,30,53,53)
w(0,368,30,54,54)
w(2,122,30,55,55)
w(765,1,30,56,56)
w(199,3,30,57,57)
w(2,123,30,58,58)
w(98,6,30,59,59)
w(3,103,30,60,60)
w(296,2,30,61,61)
w(183,2,30,62,62)
w(55,5,30,63,63)
w(6,61,30,64,64)
w(164,1,30,65,65)
w(489,2,30,66,66)
w(0,369,30,67,67)
r(0,369,30,68,68)
w(6,62,30,69,69)
w(53,9,30,70,70)
w(15,25,30,71,71)
w(2,124,30,72,72)
w(1,181,30,73,73)
w(60,7,30,74,74)
w(35,9,30,75,75)
w(2,125,30,76,76)
w(41,12,30,77,77)
w(8,41,30,78,78)
w(2,126,30,79,79)
w(348,1,30,80,80)
w(96,7,30,81,81)
w(702,3,30,82,82)
w(19,11,30,83,83)
w(0,370,30,84,84)
w(0,371,30,85,85)
w(629,2,30,86,86)
w(38,10,30,87,87)
w(31,11,30,88,88)
w(0,372,30,89,89)
w(40,8,30,90,90)
w(1,182,30,91,91)
w(108,4,30,92,92)
w(34,10,30,93,93)
w(9,38,30,94,94)
w(4,67,30,95,95)
w(999,1,30,96,96)
w(42,13,30,97,97)
w(23,14,30,98,98)
w(30,8,30,99,99)
w(8,42,31,0,0)
w(486,2,31,1,1)
w(2,127,31,2,2)
w(8,43,31,3,3)
w(138,5,31,4,4)
w(81,4,31,5,5)
w(777,2,31,6,6)
w(7,37,31,7,7)
w(246,5,31,8,8)
w(0,373,31,9,9)
w(407,1,31,10,10)
w(165,4,31,11,11)
w(12,27,31,12,12)
w(50,3,31,13,13)
w(8,44,31,14,14)
w(0,374,31,15,15)
w(4,68,31,16,16)
w(502,3,31,17,17)
w(0,375,31,18,18)
w(1,183,31,19,19)
w(366,1,31,20,20)
w(3,104,31,21,21)
w(0,376,31,22,22)
w(9,39,31,23,23)
w(6,63,31,24,24)
w(0,377,31,25,25)
w(43,10,31,26,26)
w(0,378,31,27,27)
w(11,33,31,28,28)
r(6,63,31,29,29)
r(18,24,31,30,30)
w(42,14,31,31,31)
w(22,15,31,32,32)
w(82,2,31,33,33)
w(74,11,31,34,34)
r(0,378,31,35,35)
w(9,40,31,36,36)
w(212,4,31,37,37)
w(40,9,31,38,38)
w(18,25,31,39,39)
w(28,12,31,40,40)
w(124,3,31,41,41)
w(96,8,31,42,42)
r(123,4,31,43,43)
w(0,379,31,44,44)
w(0,380,31,45,45)
w(5,76,31,46,46)
w(786,1,31,47,47)
r(0,380,31,48,48)
w(108,5,31,49,49)
w(0,381,31,50,50)
w(17,25,31,51,51)
w(0,382,31,52,52)
w(330,2,31,53,53)
w(271,2,31,54,54)
w(303,3,31,55,55)
w(15,26,31,56,56)
w(90,7,31,57,57)
w(9,41,31,58,58)
w(71,7,31,59,59)
w(383,2,31,60,60)
w(20,23,31,61,61)
w(1,184,31,62,62)
w(0,383,31,63,63)
w(34,11,31,64,64)
w(452,1,31,65,65)
w(279,3,31,66,66)
w(52,9,31,67,67)
r(102,6,31,68,68)
w(80,4,31,69,69)
w(625,2,31,70,70)
w(327,2,31,71,71)
w(2,128,31,72,72)
w(17,26,31,73,73)
w(21,21,31,74,74)
w(7,38,31,75,75)
w(232,2,31,76,76)
w(70,3,31,77,77)
w(42,15,31,78,78)
r(44,7,31,79,79)
w(8,45,31,80,80)
w(0,384,31,81,81)
r(2,128,31,82,82)
w(29,12,31,83,83)
w(8,46,31,84,84)
w(1,185,31,85,85)
w(7,39,31,86,86)
w(46,8,31,87,87)
w(4,69,31,88,88)
w(8,47,31,89,89)
w(0,385,31,90,90)
w(22,16,31,91,91)
w(418,2,31,92,92)
w(54,5,31,93,93)
w(39,10,31,94,94)
w(2,129,31,95,95)
w(10,40,31,96,96)
r(162,1,31,97,97)
w(3,105,31,98,98)
w(2,130,31,99,99)
w(3,106,32,0,0)
w(20,24,32,1,1)
w(205,2,32,2,2)
w(635,2,32,3,3)
w(33,10,32,4,4)
w(63,8,32,5,5)
w(117,4,32,6,6)
w(188,3,32,7,7)
w(9,42,32,8,8)
w(0,386,32,9,9)
w(112,9,32,10,10)
w(0,387,32,11,11)
w(11,34,32,12,12)
w(259,1,32,13,13)
w(62,5,32,14,14)
w(2,131,32,15,15)
w(9,43,32,16,16)
w(38,11,32,17,17)
w(686,1,32,18,18)
w(4,70,32,19,19)
w(33,11,32,20,20)
w(118,2,32,21,21)
w(11,35,32,22,22)
w(16,19,32,23,23)
w(938,1,32,24,24)
w(53,10,32,25,25)
w(367,2,32,26,26)
w(0,388,32,27,27)
w(5,77,32,28,28)
r(5,77,32,29,29)
w(474,1,32,30,30)
w(452,2,32,31,31)
r(12,27,32,32,32)
w(179,6,32,33,33)
w(784,3,32,34,34)
w(543,1,32,35,35)
w(802,2,32,36,36)
w(189,1,32,37,37)
r(1,185,32,38,38)
r(1,185,32,39,39)
w(59,7,32,40,40)
r(146,3,32,41,41)
w(8,48,32,42,42)
w(0,389,32,43,43)
w(23,15,32,44,44)
r(26,13,32,45,45)
w(0,390,32,46,46)
w(5,78,32,47,47)
w(49,12,32,48,48)
w(3,107,32,49,49)
w(15,27,32,50,50)
w(215,3,32,51,51)
w(0,391,32,52,52)
w(921,1,32,53,53)
w(2,132,32,54,54)
w(451,3,32,55,55)
w(7,40,32,56,56)
r(157,4,32,57,57)
r(5,78,32,58,58)
w(0,392,32,59,59)
w(463,1,32,60,60)
w(75,4,32,61,61)
w(86,5,32,62,62)
w(290,1,32,63,63)
w(0,393,32,64,64)
w(21,22,32,65,65)
w(32,6,32,66,66)
w(18,26,32,67,67)
w(38,12,32,68,68)
r(0,393,32,69,69)
w(180,2,32,70,70)
w(0,394,32,71,71)
w(4,71,32,72,72)
w(48,8,32,73,73)
r(17,26,32,74,74)
w(10,41,32,75,75)
w(8,49,32,76,76)
w(156,3,32,77,77)
w(380,2,32,78,78)
w(44,8,32,79,79)
r(433,1,32,80,80)
w(5,79,32,81,81)
w(456,3,32,82,82)
w(217,2,32,83,83)
w(6,64,32,84,84)
w(83,2,32,85,85)
w(57,9,32,86,86)
w(3,108,32,87,87)
w(3,109,32,88,88)
w(142,5,32,89,89)
w(50,4,32,90,90)
w(4,72,32,91,91)
w(0,395,32,92,92)
w(120,3,32,93,93)
w(468,2,32,94,94)
w(10,42,32,95,95)
w(159,5,32,96,96)
w(248,2,32,97,97)
w(200,6,32,98,98)
w(53,11,32,99,99)
w(805,2,33,0,0)
w(77,5,33,1,1)
w(596,1,33,2,2)
w(14,20,33,3,3)
w(452,3,33,4,4)
w(3,110,33,5,5)
w(8,50,33,6,6)
w(26,14,33,7,7)
w(2,133,33,8,8)
w(0,396,33,9,9)
w(196,2,33,10,10)
w(0,397,33,11,11)
w(1,186,33,12,12)
r(270,2,33,13,13)
w(0,398,33,14,14)
w(16,20,33,15,15)
w(3,111,33,16,16)
w(1,187,33,17,17)
w(905,2,33,18,18)
w(0,399,33,19,19)
w(10,43,33,20,20)
w(228,4,33,21,21)
w(43,11,33,22,22)
w(6,65,33,23,23)
w(5,80,33,24,24)
w(0,400,33,25,25)
w(1,188,33,26,26)
w(127,4,33,27,27)
w(99,4,33,28,28)
w(95,4,33,29,29)
w(113,6,33,30,30)
w(74,12,33,31,31)
w(0,401,33,32,32)
w(27,21,33,33,33)
w(1,189,33,34,34)
w(113,7,33,35,35)
w(25,23,33,36,36)
w(610,2,33,37,37)
w(5,81,33,38,38)
w(364,3,33,39,39)
r(0,401,33,40,40)
w(4,73,33,41,41)
w(155,5,33,42,42)
r(1,189,33,43,43)
w(279,4,33,44,44)
w(308,2,33,45,45)
w(2,134,33,46,46)
w(5,82,33,47,47)
r(0,401,33,48,48)
w(129,4,33,49,49)
w(236,3,33,50,50)
w(58,7,33,51,51)
w(42,16,33,52,52)
w(13,32,33,53,53)
w(324,1,33,54,54)
w(2,135,33,55,55)
w(614,1,33,56,56)
w(6,66,33,57,57)
r(18,26,33,58,58)
w(1,190,33,59,59)
w(8,51,33,60,60)
w(0,402,33,61,61)
w(60,8,33,62,62)
w(314,1,33,63,63)
w(5,83,33,64,64)
w(299,4,33,65,65)
r(9,43,33,66,66)
w(176,2,33,67,67)
w(13,33,33,68,68)
w(5,84,33,69,69)
w(0,403,33,70,70)
w(216,2,33,71,71)
w(190,4,33,72,72)
r(1,190,33,73,73)
w(5,85,33,74,74)
w(5,86,33,75,75)
w(0,404,33,76,76)
w(129,5,33,77,77)
w(1,191,33,78,78)
w(786,2,33,79,79)
w(5,87,33,80,80)
w(300,1,33,81,81)
w(285,1,33,82,82)
r(22,16,33,83,83)
w(0,405,33,84,84)
w(9,44,33,85,85)
w(0,406,33,86,86)
w(37,16,33,87,87)
w(24,22,33,88,88)
w(6,67,33,89,89)
w(113,8,33,90,90)
w(0,407,33,91,91)
w(1,192,33,92,92)
w(23,16,33,93,93)
w(843,1,33,94,94)
w(140,6,33,95,95)
w(2,136,33,96,96)
w(11,36,33,97,97)
r(5,87,33,98,98)
w(0,408,33,99,99)
w(0,409,34,0,0)
w(2,137,34,1,1)
w(2,138,34,2,2)
w(847,2,34,3,3)
w(201,2,34,4,4)
w(0,410,34,5,5)
r(56,8,34,6,6)
w(346,1,34,7,7)
r(29,12,34,8,8)
w(128,4,34,9,9)
w(470,2,34,10,10)
w(1,193,34,11,11)
w(70,4,34,12,12)
w(2,139,34,13,13)
w(4,74,34,14,14)
r(58,7,34,15,15)
w(2,140,34,16,16)
w(50,5,34,17,17)
w(14,21,34,18,18)
w(1,194,34,19,19)
w(48,9,34,20,20)
w(913,2,34,21,21)
w(903,1,34,22,22)
w(22,17,34,23,23)
w(237,4,34,24,24)
w(30,9,34,25,25)
w(601,2,34,26,26)
w(0,411,34,27,27)
r(55,5,34,28,28)
r(3,111,34,29,29)
w(280,2,34,30,30)
w(56,9,34,31,31)
w(915,1,34,32,32)
w(1,195,34,33,33)
w(61,10,34,34,34)
w(5,88,34,35,35)
w(1,196,34,36,36)
r(209,4,34,37,37)
w(0,412,34,38,38)
w(8,52,34,39,39)
w(300,2,34,40,40)
r(13,33,34,41,41)
w(10,44,34,42,42)
w(187,3,34,43,43)
w(14,22,34,44,44)
w(0,413,34,45,45)
w(5,89,34,46,46)
r(16,20,34,47,47)
w(0,414,34,48,48)
w(8,53,34,49,49)
w(7,41,34,50,50)
w(9,45,34,51,51)
w(273,2,34,52,52)
w(34,12,34,53,53)
w(238,2,34,54,54)
r(0,414,34,55,55)
w(206,2,34,56,56)
w(6,68,34,57,57)
w(7,42,34,58,58)
w(1,197,34,59,59)
w(0,415,34,60,60)
w(18,27,34,61,61)
w(54,6,34,62,62)
w(0,416,34,63,63)
w(2,141,34,64,64)
w(3,112,34,65,65)
w(0,417,34,66,66)
w(2,142,34,67,67)
w(65,6,34,68,68)
w(329,3,34,69,69)
w(330,3,34,70,70)
r(9,45,34,71,71)
w(47,4,34,72,72)
w(106,5,34,73,73)
w(686,2,34,74,74)
w(1,198,34,75,75)
w(0,418,34,76,76)
w(359,5,34,77,77)
w(6,69,34,78,78)
r(1,198,34,79,79)
w(247,2,34,80,80)
r(0,418,34,81,81)
r(16,20,34,82,82)
w(28,13,34,83,83)
w(80,5,34,84,84)
w(15,28,34,85,85)
w(3,113,34,86,86)
w(63,9,34,87,87)
w(3,114,34,88,88)
w(0,419,34,89,89)
r(5,89,34,90,90)
r(67,4,34,91,91)
w(11,37,34,92,92)
w(17,27,34,93,93)
w(197,4,34,94,94)
w(11,38,34,95,95)
w(258,4,34,96,96)
w(182,2,34,97,97)
w(45,8,34,98,98)
r(49,12,34,99,99)
r(79,2,35,0,0)
w(11,39,35,1,1)
r(1,198,35,2,2)
w(24,23,35,3,3)
w(2,143,35,4,4)
w(2,144,35,5,5)
w(983,2,35,6,6)
w(602,1,35,7,7)
w(26,15,35,8,8)
w(0,420,35,9,9)
w(3,115,35,10,10)
r(0,420,35,11,11)
w(289,4,35,12,12)
w(6,70,35,13,13)
w(86,6,35,14,14)
w(59,8,35,15,15)
w(0,421,35,16,16)
w(8,54,35,17,17)
w(7,43,35,18,18)
w(1,199,35,19,19)
w(155,6,35,20,20)
w(8,55,35,21,21)
w(114,3,35,22,22)
w(0,422,35,23,23)
w(32,7,35,24,24)
w(115,7,35,25,25)
r(63,9,35,26,26)
r(7,43,35,27,27)
w(36,10,35,28,28)
w(28,14,35,29,29)
w(3,116,35,30,30)
w(0,423,35,31,31)
w(6,71,35,32,32)
w(16,21,35,33,33)
w(0,424,35,34,34)
w(4,75,35,35,35)
w(975,2,35,36,36)
w(3,117,35,37,37)
w(98,7,35,38,38)
w(0,425,35,39,39)
w(0,426,35,40,40)
w(984,3,35,41,41)
r(228,4,35,42,42)
w(273,3,35,43,43)
w(28,15,35,44,44)
w(118,3,35,45,45)
r(1,199,35,46,46)
w(0,427,35,47,47)
w(997,1,35,48,48)
r(44,8,35,49,49)
w(0,428,35,50,50)
w(8,56,35,51,51)
w(16,22,35,52,52)
w(904,2,35,53,53)
w(164,2,35,54,54)
w(30,10,35,55,55)
w(10,45,35,56,56)
w(12,28,35,57,57)
w(236,4,35,58,58)
w(964,3,35,59,59)
w(3,118,35,60,60)
w(5,90,35,61,61)
w(5,91,35,62,62)
w(6,72,35,63,63)
w(20,25,35,64,64)
w(2,145,35,65,65)
w(109,4,35,66,66)
r(0,428,35,67,67)
w(28,16,35,68,68)
r(238,2,35,69,69)
w(645,1,35,70,70)
w(125,2,35,71,71)
w(9,46,35,72,72)
r(0,428,35,73,73)
w(53,12,35,74,74)
r(155,6,35,75,75)
w(1,200,35,76,76)
w(45,9,35,77,77)
w(17,28,35,78,78)
w(79,3,35,79,79)
w(306,2,35,80,80)
w(570,1,35,81,81)
w(155,7,35,82,82)
w(124,4,35,83,83)
w(929,1,35,84,84)
w(5,92,35,85,85)
w(8,57,35,86,86)
w(749,2,35,87,87)
w(993,1,35,88,88)
w(55,6,35,89,89)
w(378,1,35,90,90)
w(180,3,35,91,91)
w(125,3,35,92,92)
w(745,2,35,93,93)
w(6,73,35,94,94)
w(6,74,35,95,95)
w(0,429,35,96,96)
w(14,23,35,97,97)
w(23,17,35,98,98)
r(1,200,35,99,99)
w(3,119,36,0,0)
w(146,4,36,1,1)
w(19,12,36,2,2)
w(3,120,36,3,3)
w(9,47,36,4,4)
w(154,6,36,5,5)
w(34,13,36,6,6)
w(787,3,36,7,7)
w(9,48,36,8,8)
w(168,3,36,9,9)
w(354,2,36,10,10)
w(8,58,36,11,11)
w(0,430,36,12,12)
w(25,24,36,13,13)
w(94,6,36,14,14)
w(194,1,36,15,15)
w(38,13,36,16,16)
w(47,5,36,17,17)
w(0,431,36,18,18)
w(17,29,36,19,19)
w(37,17,36,20,20)
w(5,93,36,21,21)
w(161,3,36,22,22)
w(1,201,36,23,23)
w(0,432,36,24,24)
w(145,5,36,25,25)
w(95,5,36,26,26)
w(453,2,36,27,27)
w(108,6,36,28,28)
w(32,8,36,29,29)
w(1,202,36,30,30)
w(3,121,36,31,31)
w(932,2,36,32,32)
w(193,2,36,33,33)
w(0,433,36,34,34)
w(0,434,36,35,35)
w(111,3,36,36,36)
w(353,1,36,37,37)
w(0,435,36,38,38)
w(81,5,36,39,39)
w(6,75,36,40,40)
r(0,435,36,41,41)
w(1,203,36,42,42)
w(4,76,36,43,43)
w(127,5,36,44,44)
w(42,17,36,45,45)
w(117,5,36,46,46)
w(0,436,36,47,47)
r(741,0,36,48,48)
w(7,44,36,49,49)
w(14,24,36,50,50)
w(505,1,36,51,51)
w(0,437,36,52,52)
r(4,76,36,53,53)
r(23,17,36,54,54)
w(140,7,36,55,55)
w(2,146,36,56,56)
w(18,28,36,57,57)
w(837,1,36,58,58)
w(4,77,36,59,59)
w(0,438,36,60,60)
w(2,147,36,61,61)
r(390,1,36,62,62)
r(0,438,36,63,63)
w(123,5,36,64,64)
w(395,2,36,65,65)
w(223,4,36,66,66)
r(6,75,36,67,67)
r(356,1,36,68,68)
w(2,148,36,69,69)
w(843,2,36,70,70)
w(1,204,36,71,71)
w(2,149,36,72,72)
w(3,122,36,73,73)
w(10,46,36,74,74)
w(11,40,36,75,75)
w(1,205,36,76,76)
w(11,41,36,77,77)
r(295,0,36,78,78)
w(0,439,36,79,79)
w(768,1,36,80,80)
r(6,75,36,81,81)
w(18,29,36,82,82)
r(241,2,36,83,83)
w(211,3,36,84,84)
w(24,24,36,85,85)
w(5,94,36,86,86)
w(767,2,36,87,87)
w(13,34,36,88,88)
w(42,18,36,89,89)
r(24,24,36,90,90)
w(268,5,36,91,91)
r(359,5,36,92,92)
w(89,3,36,93,93)
w(106,6,36,94,94)
w(175,2,36,95,95)
w(7,45,36,96,96)
r(106,6,36,97,97)
w(13,35,36,98,98)
r(151,2,36,99,99)
w(29,13,37,0,0)
w(880,2,37,1,1)
w(0,440,37,2,2)
w(436,1,37,3,3)
w(3,123,37,4,4)
r(902,1,37,5,5)
w(1,206,37,6,6)
r(2,149,37,7,7)
w(0,441,37,8,8)
w(71,8,37,9,9)
w(50,6,37,10,10)
w(0,442,37,11,11)
w(3,124,37,12,12)
w(2,150,37,13,13)
w(600,2,37,14,14)
w(1,207,37,15,15)
w(37,18,37,16,16)
w(19,13,37,17,17)
r(235,1,37,18,18)
w(705,1,37,19,19)
w(449,2,37,20,20)
w(980,2,37,21,21)
w(0,443,37,22,22)
w(5,95,37,23,23)
w(127,6,37,24,24)
w(3,125,37,25,25)
w(35,10,37,26,26)
w(889,1,37,27,27)
w(184,3,37,28,28)
w(139,3,37,29,29)
r(56,9,37,30,30)
r(17,29,37,31,31)
w(417,2,37,32,32)
w(81,6,37,33,33)
w(435,1,37,34,34)
w(687,1,37,35,35)
w(11,42,37,36,36)
w(25,25,37,37,37)
r(361,1,37,38,38)
w(119,2,37,39,39)
w(28,17,37,40,40)
w(2,151,37,41,41)
w(24,25,37,42,42)
w(8,59,37,43,43)
w(4,78,37,44,44)
w(1,208,37,45,45)
r(562,0,37,46,46)
w(0,444,37,47,47)
w(373,5,37,48,48)
w(0,445,37,49,49)
w(141,3,37,50,50)
w(396,1,37,51,51)
w(234,2,37,52,52)
w(397,2,37,53,53)
w(398,2,37,54,54)
w(250,2,37,55,55)
w(8,60,37,56,56)
w(3,126,37,57,57)
w(1,209,37,58,58)
w(27,22,37,59,59)
w(0,446,37,60,60)
w(596,2,37,61,61)
w(182,3,37,62,62)
w(1,210,37,63,63)
w(87,4,37,64,64)
w(824,1,37,65,65)
w(33,12,37,66,66)
w(0,447,37,67,67)
w(179,7,37,68,68)
w(4,79,37,69,69)
w(13,36,37,70,70)
w(6,76,37,71,71)
w(2,152,37,72,72)
w(0,448,37,73,73)
w(28,18,37,74,74)
w(16,23,37,75,75)
r(213,2,37,76,76)
w(339,1,37,77,77)
w(38,14,37,78,78)
w(0,449,37,79,79)
w(1,211,37,80,80)
w(8,61,37,81,81)
r(2,152,37,82,82)
w(96,9,37,83,83)
w(565,1,37,84,84)
w(7,46,37,85,85)
w(233,3,37,86,86)
w(496,1,37,87,87)
w(13,37,37,88,88)
w(93,6,37,89,89)
w(0,450,37,90,90)
r(0,450,37,91,91)
w(3,127,37,92,92)
w(145,6,37,93,93)
w(0,451,37,94,94)
w(6,77,37,95,95)
w(1,212,37,96,96)
w(600,3,37,97,97)
w(358,3,37,98,98)
w(2,153,37,99,99)
w(239,1,38,0,0)
w(0,452,38,1,1)
w(2,154,38,2,2)
w(619,1,38,3,3)
w(8,62,38,4,4)
w(1,213,38,5,5)
w(2,155,38,6,6)
w(117,6,38,7,7)
w(778,1,38,8,8)
w(3,128,38,9,9)
w(117,7,38,10,10)
w(1,214,38,11,11)
w(1,215,38,12,12)
w(158,3,38,13,13)
w(8,63,38,14,14)
r(0,452,38,15,15)
w(113,9,38,16,16)
w(879,2,38,17,17)
w(59,9,38,18,18)
w(86,7,38,19,19)
w(0,453,38,20,20)
w(7,47,38,21,21)
w(1,216,38,22,22)
w(7,48,38,23,23)
w(2,156,38,24,24)
w(11,43,38,25,25)
w(0,454,38,26,26)
w(31,12,38,27,27)
w(14,25,38,28,28)
w(6,78,38,29,29)
w(476,1,38,30,30)
w(2,157,38,31,31)
w(1,217,38,32,32)
w(16,24,38,33,33)
w(8,64,38,34,34)
r(729,0,38,35,35)
w(1,218,38,36,36)
w(179,8,38,37,37)
r(31,12,38,38,38)
w(31,13,38,39,39)
w(87,5,38,40,40)
w(3,129,38,41,41)
w(2,158,38,42,42)
w(1,219,38,43,43)
w(52,10,38,44,44)
w(0,455,38,45,45)
r(0,455,38,46,46)
w(131,4,38,47,47)
w(17,30,38,48,48)
r(31,13,38,49,49)
w(0,456,38,50,50)
w(43,12,38,51,51)
w(932,3,38,52,52)
w(562,1,38,53,53)
w(8,65,38,54,54)
w(14,26,38,55,55)
w(1,220,38,56,56)
w(92,2,38,57,57)
w(16,25,38,58,58)
w(0,457,38,59,59)
w(0,458,38,60,60)
w(9,49,38,61,61)
w(520,3,38,62,62)
w(13,38,38,63,63)
w(244,3,38,64,64)
r(20,25,38,65,65)
w(17,31,38,66,66)
r(66,4,38,67,67)
w(217,3,38,68,68)
w(4,80,38,69,69)
w(9,50,38,70,70)
w(1,221,38,71,71)
w(795,1,38,72,72)
w(474,2,38,73,73)
w(56,10,38,74,74)
w(243,1,38,75,75)
w(854,1,38,76,76)
w(5,96,38,77,77)
w(78,3,38,78,78)
w(0,459,38,79,79)
w(0,460,38,80,80)
w(27,23,38,81,81)
w(710,1,38,82,82)
r(66,4,38,83,83)
w(0,461,38,84,84)
r(490,1,38,85,85)
w(8,66,38,86,86)
w(7,49,38,87,87)
w(3,130,38,88,88)
w(58,8,38,89,89)
w(1,222,38,90,90)
w(215,4,38,91,91)
w(254,2,38,92,92)
w(107,6,38,93,93)
w(17,32,38,94,94)
w(87,6,38,95,95)
w(21,23,38,96,96)
w(153,4,38,97,97)
w(5,97,38,98,98)
w(4,81,38,99,99)
w(289,5,39,0,0)
w(918,2,39,1,1)
w(3,131,39,2,2)
w(6,79,39,3,3)
w(36,11,39,4,4)
w(13,39,39,5,5)
w(255,1,39,6,6)
w(740,2,39,7,7)
w(98,8,39,8,8)
w(15,29,39,9,9)
w(29,14,39,10,10)
r(7,49,39,11,11)
w(2,159,39,12,12)
r(1,222,39,13,13)
w(44,9,39,14,14)
w(989,1,39,15,15)
w(1,223,39,16,16)
w(138,6,39,17,17)
w(417,3,39,18,18)
w(27,24,39,19,19)
w(0,462,39,20,20)
w(8,67,39,21,21)
w(3,132,39,22,22)
w(582,1,39,23,23)
w(2,160,39,24,24)
w(5,98,39,25,25)
w(5,99,39,26,26)
w(1,224,39,27,27)
w(0,463,39,28,28)
w(2,161,39,29,29)
r(221,3,39,30,30)
w(67,5,39,31,31)
w(396,2,39,32,32)
w(105,3,39,33,33)
w(225,3,39,34,34)
w(214,2,39,35,35)
w(57,10,39,36,36)
w(1,225,39,37,37)
w(0,464,39,38,38)
w(25,26,39,39,39)
w(102,7,39,40,40)
r(581,1,39,41,41)
w(0,465,39,42,42)
w(10,47,39,43,43)
w(177,2,39,44,44)
w(291,1,39,45,45)
w(0,466,39,46,46)
w(4,82,39,47,47)
w(2,162,39,48,48)
w(56,11,39,49,49)
r(0,466,39,50,50)
w(108,7,39,51,51)
w(47,6,39,52,52)
w(112,10,39,53,53)
w(286,1,39,54,54)
w(121,2,39,55,55)
w(231,3,39,56,56)
w(55,7,39,57,57)
w(15,30,39,58,58)
w(0,467,39,59,59)
w(475,1,39,60,60)
w(0,468,39,61,61)
w(115,8,39,62,62)
w(23,18,39,63,63)
w(7,50,39,64,64)
w(26,16,39,65,65)
r(0,468,39,66,66)
w(17,33,39,67,67)
w(358,4,39,68,68)
w(0,469,39,69,69)
w(29,15,39,70,70)
w(43,13,39,71,71)
w(103,2,39,72,72)
r(0,469,39,73,73)
w(22,18,39,74,74)
w(152,5,39,75,75)
w(54,7,39,76,76)
r(0,469,39,77,77)
w(185,1,39,78,78)
w(357,2,39,79,79)
w(7,51,39,80,80)
w(52,11,39,81,81)
w(158,4,39,82,82)
w(11,44,39,83,83)
w(0,470,39,84,84)
r(5,99,39,85,85)
w(39,11,39,86,86)
w(31,14,39,87,87)
w(7,52,39,88,88)
w(18,30,39,89,89)
w(982,2,39,90,90)
w(74,13,39,91,91)
w(27,25,39,92,92)
w(79,4,39,93,93)
w(0,471,39,94,94)
w(82,3,39,95,95)
w(98,9,39,96,96)
w(105,4,39,97,97)
w(7,53,39,98,98)
w(105,5,39,99,99)
