w(136,1,0,0,0)
w(2,1,0,1,1)
w(0,1,0,2,2)
w(4,1,0,3,3)
w(1,1,0,4,4)
w(42,1,0,5,5)
w(1,2,0,6,6)
w(7,1,0,7,7)
w(18,1,0,8,8)
w(6,1,0,9,9)
w(7,2,0,10,10)
w(0,2,0,11,11)
r(12,0,0,12,12)
w(157,1,0,13,13)
w(331,1,0,14,14)
r(1,2,0,15,15)
w(131,1,0,16,16)
w(135,1,0,17,17)
w(20,1,0,18,18)
w(2,2,0,19,19)
w(6,2,0,20,20)
w(8,1,0,21,21)
w(2,3,0,22,22)
w(9,1,0,23,23)
w(5,1,0,24,24)
r(131,1,0,25,25)
w(0,3,0,26,26)
w(18,2,0,27,27)
w(14,1,0,28,28)
w(2,4,0,29,29)
w(0,4,0,30,30)
w(12,1,0,31,31)
w(602,1,0,32,32)
w(4,2,0,33,33)
w(0,5,0,34,34)
w(60,1,0,35,35)
r(1,2,0,36,36)
w(7,3,0,37,37)
w(14,2,0,38,38)
w(9,2,0,39,39)
w(58,1,0,40,40)
r(41,0,0,41,41)
w(1,3,0,42,42)
w(10,1,0,43,43)
w(2,5,0,44,44)
w(3,1,0,45,45)
w(0,6,0,46,46)
r(5,1,0,47,47)
w(196,1,0,48,48)
w(628,1,0,49,49)
w(0,7,0,50,50)
w(0,8,0,51,51)
w(113,1,0,52,52)
w(6,3,0,53,53)
w(146,1,0,54,54)
w(101,1,0,55,55)
w(122,1,0,56,56)
w(606,1,0,57,57)
w(1,4,0,58,58)
w(36,1,0,59,59)
w(4,3,0,60,60)
w(274,1,0,61,61)
w(257,1,0,62,62)
w(4,4,0,63,63)
w(4,5,0,64,64)
w(144,1,0,65,65)
w(8,2,0,66,66)
w(1,5,0,67,67)
w(1,6,0,68,68)
w(22,1,0,69,69)
r(976,0,0,70,70)
w(215,1,0,71,71)
w(0,9,0,72,72)
w(2,6,0,73,73)
w(1,7,0,74,74)
w(4,6,0,75,75)
w(0,10,0,76,76)
w(5,2,0,77,77)
r(4,6,0,78,78)
w(990,1,0,79,79)
w(94,1,0,80,80)
w(2,7,0,81,81)
w(31,1,0,82,82)
w(5,3,0,83,83)
w(108,1,0,84,84)
w(5,4,0,85,85)
w(0,11,0,86,86)
w(190,1,0,87,87)
w(1,8,0,88,88)
w(139,1,0,89,89)
w(1,9,0,90,90)
w(28,1,0,91,91)
w(635,1,0,92,92)
w(71,1,0,93,93)
w(0,12,0,94,94)
w(20,2,0,95,95)
w(43,1,0,96,96)
w(2,8,0,97,97)
w(50,1,0,98,98)
w(0,13,0,99,99)
w(0,14,1,0,0)
w(1,10,1,1,1)
w(0,15,1,2,2)
w(339,1,1,3,3)
w(50,2,1,4,4)
w(23,1,1,5,5)
w(0,16,1,6,6)
w(160,1,1,7,7)
w(22,2,1,8,8)
w(21,1,1,9,9)
w(239,1,1,10,10)
w(624,1,1,11,11)
w(164,1,1,12,12)
w(78,1,1,13,13)
r(3,1,1,14,14)
w(4,7,1,15,15)
w(3,2,1,16,16)
w(961,1,1,17,17)
w(47,1,1,18,18)
w(463,1,1,19,19)
w(32,1,1,20,20)
w(644,1,1,21,21)
w(10,2,1,22,22)
w(8,3,1,23,23)
w(0,17,1,24,24)
w(24,1,1,25,25)
r(2,8,1,26,26)
w(242,1,1,27,27)
w(2,9,1,28,28)
w(6,4,1,29,29)
r(4,7,1,30,30)
w(39,1,1,31,31)
w(0,18,1,32,32)
w(100,1,1,33,33)
w(143,1,1,34,34)
w(142,1,1,35,35)
w(3,3,1,36,36)
w(536,1,1,37,37)
w(209,1,1,38,38)
w(29,1,1,39,39)
w(941,1,1,40,40)
w(53,1,1,41,41)
w(14,3,1,42,42)
w(15,1,1,43,43)
w(2,10,1,44,44)
w(34,1,1,45,45)
w(0,19,1,46,46)
r(2,10,1,47,47)
w(30,1,1,48,48)
w(172,1,1,49,49)
w(9,3,1,50,50)
w(548,1,1,51,51)
w(7,4,1,52,52)
w(8,4,1,53,53)
w(25,1,1,54,54)
w(55,1,1,55,55)
w(1,11,1,56,56)
w(1,12,1,57,57)
w(81,1,1,58,58)
w(5,5,1,59,59)
w(0,20,1,60,60)
w(19,1,1,61,61)
w(40,1,1,62,62)
w(210,1,1,63,63)
w(848,1,1,64,64)
w(255,1,1,65,65)
w(433,1,1,66,66)
w(0,21,1,67,67)
w(519,1,1,68,68)
w(151,1,1,69,69)
w(65,1,1,70,70)
w(0,22,1,71,71)
w(8,5,1,72,72)
w(1,13,1,73,73)
r(4,7,1,74,74)
w(20,3,1,75,75)
w(40,2,1,76,76)
w(76,1,1,77,77)
w(43,2,1,78,78)
w(0,23,1,79,79)
w(76,2,1,80,80)
w(726,1,1,81,81)
w(10,3,1,82,82)
w(6,5,1,83,83)
w(11,1,1,84,84)
w(3,4,1,85,85)
r(93,0,1,86,86)
w(58,2,1,87,87)
w(25,2,1,88,88)
w(174,1,1,89,89)
r(157,1,1,90,90)
w(5,6,1,91,91)
w(0,24,1,92,92)
w(5,7,1,93,93)
w(6,6,1,94,94)
w(1,14,1,95,95)
w(0,25,1,96,96)
w(13,1,1,97,97)
w(759,1,1,98,98)
w(152,1,1,99,99)
w(126,1,2,0,0)
r(0,25,2,1,1)
w(2,11,2,2,2)
w(443,1,2,3,3)
w(9,4,2,4,4)
w(0,26,2,5,5)
w(430,1,2,6,6)
w(798,1,2,7,7)
w(620,1,2,8,8)
w(68,1,2,9,9)
w(15,2,2,10,10)
w(3,5,2,11,11)
w(7,5,2,12,12)
w(242,2,2,13,13)
w(21,2,2,14,14)
w(0,27,2,15,15)
w(2,12,2,16,16)
r(40,2,2,17,17)
w(55,2,2,18,18)
r(147,0,2,19,19)
w(0,28,2,20,20)
w(1,15,2,21,21)
w(175,1,2,22,22)
w(2,13,2,23,23)
w(21,3,2,24,24)
w(0,29,2,25,25)
w(38,1,2,26,26)
w(4,8,2,27,27)
w(357,1,2,28,28)
w(537,1,2,29,29)
w(83,1,2,30,30)
w(4,9,2,31,31)
w(1,16,2,32,32)
w(0,30,2,33,33)
w(17,1,2,34,34)
w(158,1,2,35,35)
w(59,1,2,36,36)
w(276,1,2,37,37)
w(0,31,2,38,38)
w(3,6,2,39,39)
w(802,1,2,40,40)
w(3,7,2,41,41)
r(0,31,2,42,42)
w(231,1,2,43,43)
w(0,32,2,44,44)
w(0,33,2,45,45)
w(1,17,2,46,46)
w(1,18,2,47,47)
w(0,34,2,48,48)
w(0,35,2,49,49)
w(397,1,2,50,50)
w(576,1,2,51,51)
w(229,1,2,52,52)
w(311,1,2,53,53)
w(14,4,2,54,54)
w(3,8,2,55,55)
w(26,1,2,56,56)
w(1,19,2,57,57)
w(11,2,2,58,58)
w(46,1,2,59,59)
r(141,0,2,60,60)
w(10,4,2,61,61)
w(108,2,2,62,62)
w(261,1,2,63,63)
w(3,9,2,64,64)
w(3,10,2,65,65)
w(0,36,2,66,66)
w(0,37,2,67,67)
w(0,38,2,68,68)
w(47,2,2,69,69)
w(8,6,2,70,70)
w(0,39,2,71,71)
r(10,4,2,72,72)
w(0,40,2,73,73)
w(715,1,2,74,74)
w(65,2,2,75,75)
w(468,1,2,76,76)
w(1,20,2,77,77)
w(55,3,2,78,78)
w(5,8,2,79,79)
w(307,1,2,80,80)
w(5,9,2,81,81)
w(10,5,2,82,82)
w(0,41,2,83,83)
r(0,41,2,84,84)
w(1,21,2,85,85)
w(16,1,2,86,86)
r(0,41,2,87,87)
w(0,42,2,88,88)
w(1,22,2,89,89)
w(10,6,2,90,90)
w(0,43,2,91,91)
w(50,3,2,92,92)
w(805,1,2,93,93)
w(7,6,2,94,94)
w(0,44,2,95,95)
w(0,45,2,96,96)
w(2,14,2,97,97)
w(3,11,2,98,98)
w(6,7,2,99,99)
w(0,46,3,0,0)
w(1,23,3,1,1)
w(7,7,3,2,2)
w(64,1,3,3,3)
w(43,3,3,4,4)
w(247,1,3,5,5)
w(49,1,3,6,6)
w(185,1,3,7,7)
w(0,47,3,8,8)
w(28,2,3,9,9)
r(0,47,3,10,10)
r(459,0,3,11,11)
w(12,2,3,12,12)
w(1,24,3,13,13)
w(0,48,3,14,14)
r(1,24,3,15,15)
w(525,1,3,16,16)
w(479,1,3,17,17)
w(1,25,3,18,18)
w(33,1,3,19,19)
w(0,49,3,20,20)
w(368,1,3,21,21)
w(980,1,3,22,22)
w(4,10,3,23,23)
w(0,50,3,24,24)
w(9,5,3,25,25)
w(8,7,3,26,26)
w(0,51,3,27,27)
w(7,8,3,28,28)
r(91,0,3,29,29)
w(201,1,3,30,30)
w(92,1,3,31,31)
w(25,3,3,32,32)
w(5,10,3,33,33)
w(242,3,3,34,34)
r(30,1,3,35,35)
w(4,11,3,36,36)
w(0,52,3,37,37)
w(80,1,3,38,38)
w(758,1,3,39,39)
w(350,1,3,40,40)
r(0,52,3,41,41)
w(2,15,3,42,42)
w(36,2,3,43,43)
w(425,1,3,44,44)
w(0,53,3,45,45)
w(15,3,3,46,46)
w(65,3,3,47,47)
w(9,6,3,48,48)
w(1,26,3,49,49)
w(0,54,3,50,50)
w(65,4,3,51,51)
w(628,2,3,52,52)
w(64,2,3,53,53)
w(5,11,3,54,54)
w(132,1,3,55,55)
w(31,2,3,56,56)
w(84,1,3,57,57)
w(25,4,3,58,58)
w(0,55,3,59,59)
w(381,1,3,60,60)
w(621,1,3,61,61)
r(8,7,3,62,62)
w(293,1,3,63,63)
w(540,1,3,64,64)
w(7,9,3,65,65)
w(814,1,3,66,66)
w(3,12,3,67,67)
w(684,1,3,68,68)
w(770,1,3,69,69)
w(246,1,3,70,70)
w(0,56,3,71,71)
w(17,2,3,72,72)
w(0,57,3,73,73)
w(11,3,3,74,74)
w(59,2,3,75,75)
w(41,1,3,76,76)
w(42,2,3,77,77)
w(346,1,3,78,78)
w(2,16,3,79,79)
w(159,1,3,80,80)
w(167,1,3,81,81)
w(37,1,3,82,82)
w(12,3,3,83,83)
w(0,58,3,84,84)
w(13,2,3,85,85)
w(532,1,3,86,86)
w(59,3,3,87,87)
w(630,1,3,88,88)
r(97,0,3,89,89)
w(157,2,3,90,90)
w(67,1,3,91,91)
w(2,17,3,92,92)
w(84,2,3,93,93)
w(732,1,3,94,94)
w(23,2,3,95,95)
r(5,11,3,96,96)
w(19,2,3,97,97)
w(206,1,3,98,98)
w(0,59,3,99,99)
w(1,27,4,0,0)
w(42,3,4,1,1)
w(1,28,4,2,2)
w(4,12,4,3,3)
w(49,2,4,4,4)
w(0,60,4,5,5)
w(65,5,4,6,6)
r(2,17,4,7,7)
w(13,3,4,8,8)
w(0,61,4,9,9)
w(49,3,4,10,10)
w(9,7,4,11,11)
w(1,29,4,12,12)
w(131,2,4,13,13)
w(26,2,4,14,14)
w(427,1,4,15,15)
w(281,1,4,16,16)
w(487,1,4,17,17)
w(122,2,4,18,18)
w(2,18,4,19,19)
w(219,1,4,20,20)
w(170,1,4,21,21)
w(23,3,4,22,22)
w(75,1,4,23,23)
w(712,1,4,24,24)
r(1,29,4,25,25)
w(29,2,4,26,26)
w(0,62,4,27,27)
w(171,1,4,28,28)
w(0,63,4,29,29)
w(360,1,4,30,30)
w(498,1,4,31,31)
r(0,63,4,32,32)
w(9,8,4,33,33)
w(70,1,4,34,34)
w(0,64,4,35,35)
w(4,13,4,36,36)
w(9,9,4,37,37)
w(12,4,4,38,38)
w(228,1,4,39,39)
w(7,10,4,40,40)
w(7,11,4,41,41)
w(315,1,4,42,42)
w(271,1,4,43,43)
w(167,2,4,44,44)
w(14,5,4,45,45)
w(863,1,4,46,46)
w(898,1,4,47,47)
w(124,1,4,48,48)
w(2,19,4,49,49)
w(7,12,4,50,50)
w(760,1,4,51,51)
r(14,5,4,52,52)
w(0,65,4,53,53)
w(9,10,4,54,54)
w(788,1,4,55,55)
r(279,0,4,56,56)
w(0,66,4,57,57)
w(73,1,4,58,58)
w(5,12,4,59,59)
w(2,20,4,60,60)
w(4,14,4,61,61)
w(586,1,4,62,62)
w(16,2,4,63,63)
w(9,11,4,64,64)
w(215,2,4,65,65)
w(5,13,4,66,66)
w(350,2,4,67,67)
w(546,1,4,68,68)
w(26,3,4,69,69)
w(4,15,4,70,70)
w(33,2,4,71,71)
w(15,4,4,72,72)
w(673,1,4,73,73)
w(92,2,4,74,74)
w(0,67,4,75,75)
w(58,3,4,76,76)
w(0,68,4,77,77)
w(32,2,4,78,78)
w(0,69,4,79,79)
r(40,2,4,80,80)
w(60,2,4,81,81)
w(13,4,4,82,82)
w(26,4,4,83,83)
w(0,70,4,84,84)
w(148,1,4,85,85)
w(23,4,4,86,86)
w(3,13,4,87,87)
w(645,1,4,88,88)
w(395,1,4,89,89)
w(9,12,4,90,90)
w(9,13,4,91,91)
r(1,29,4,92,92)
w(165,1,4,93,93)
w(3,14,4,94,94)
w(11,4,4,95,95)
w(1,30,4,96,96)
r(5,13,4,97,97)
w(3,15,4,98,98)
w(2,21,4,99,99)
w(29,3,5,0,0)
w(7,13,5,1,1)
w(92,3,5,2,2)
w(33,3,5,3,3)
w(948,1,5,4,4)
w(6,8,5,5,5)
w(2,22,5,6,6)
w(0,71,5,7,7)
w(70,2,5,8,8)
r(9,13,5,9,9)
w(1,31,5,10,10)
r(350,2,5,11,11)
w(525,2,5,12,12)
w(306,1,5,13,13)
w(1,32,5,14,14)
w(15,5,5,15,15)
r(18,2,5,16,16)
w(19,3,5,17,17)
w(1,33,5,18,18)
w(28,3,5,19,19)
w(0,72,5,20,20)
w(7,14,5,21,21)
r(0,72,5,22,22)
w(59,4,5,23,23)
w(0,73,5,24,24)
w(1,34,5,25,25)
w(1,35,5,26,26)
w(174,2,5,27,27)
w(168,1,5,28,28)
w(231,2,5,29,29)
w(12,5,5,30,30)
w(26,5,5,31,31)
w(0,74,5,32,32)
w(4,16,5,33,33)
r(126,1,5,34,34)
w(4,17,5,35,35)
w(10,7,5,36,36)
w(12,6,5,37,37)
w(0,75,5,38,38)
w(887,1,5,39,39)
w(3,16,5,40,40)
w(43,4,5,41,41)
w(0,76,5,42,42)
w(26,6,5,43,43)
w(62,1,5,44,44)
w(3,17,5,45,45)
w(66,1,5,46,46)
w(5,14,5,47,47)
w(277,1,5,48,48)
w(77,1,5,49,49)
w(674,1,5,50,50)
w(100,2,5,51,51)
w(3,18,5,52,52)
w(956,1,5,53,53)
w(390,1,5,54,54)
w(0,77,5,55,55)
r(10,7,5,56,56)
w(0,78,5,57,57)
w(0,79,5,58,58)
w(15,6,5,59,59)
w(1,36,5,60,60)
w(844,1,5,61,61)
w(1,37,5,62,62)
w(262,1,5,63,63)
w(150,1,5,64,64)
w(154,1,5,65,65)
w(1,38,5,66,66)
w(84,3,5,67,67)
w(186,1,5,68,68)
w(0,80,5,69,69)
w(16,3,5,70,70)
w(436,1,5,71,71)
w(28,4,5,72,72)
w(346,2,5,73,73)
r(231,2,5,74,74)
w(0,81,5,75,75)
w(121,1,5,76,76)
w(0,82,5,77,77)
w(528,1,5,78,78)
w(22,3,5,79,79)
w(5,15,5,80,80)
w(9,14,5,81,81)
r(1,38,5,82,82)
w(3,19,5,83,83)
w(548,2,5,84,84)
w(1,39,5,85,85)
r(1,39,5,86,86)
w(726,2,5,87,87)
w(4,18,5,88,88)
w(66,2,5,89,89)
w(305,1,5,90,90)
w(1,40,5,91,91)
w(2,23,5,92,92)
r(8,7,5,93,93)
w(3,20,5,94,94)
w(82,1,5,95,95)
w(933,1,5,96,96)
w(37,2,5,97,97)
w(288,1,5,98,98)
w(0,83,5,99,99)
w(114,1,6,0,0)
w(329,1,6,1,1)
w(2,24,6,2,2)
w(14,6,6,3,3)
w(0,84,6,4,4)
w(17,3,6,5,5)
r(177,0,6,6,6)
w(14,7,6,7,7)
w(2,25,6,8,8)
w(0,85,6,9,9)
w(5,16,6,10,10)
w(7,15,6,11,11)
w(392,1,6,12,12)
w(970,1,6,13,13)
w(334,1,6,14,14)
w(0,86,6,15,15)
w(0,87,6,16,16)
w(2,26,6,17,17)
w(943,1,6,18,18)
w(261,2,6,19,19)
r(305,1,6,20,20)
w(234,1,6,21,21)
r(44,0,6,22,22)
w(243,1,6,23,23)
w(4,19,6,24,24)
w(127,1,6,25,25)
w(49,4,6,26,26)
w(175,2,6,27,27)
w(30,2,6,28,28)
w(33,4,6,29,29)
r(11,4,6,30,30)
r(392,1,6,31,31)
w(30,3,6,32,32)
w(20,4,6,33,33)
r(629,0,6,34,34)
w(376,1,6,35,35)
r(285,0,6,36,36)
w(37,3,6,37,37)
w(649,1,6,38,38)
w(7,16,6,39,39)
w(19,4,6,40,40)
w(1,41,6,41,41)
w(158,2,6,42,42)
w(35,1,6,43,43)
w(19,5,6,44,44)
w(250,1,6,45,45)
w(39,2,6,46,46)
w(257,2,6,47,47)
w(304,1,6,48,48)
w(256,1,6,49,49)
w(14,8,6,50,50)
w(138,1,6,51,51)
r(57,0,6,52,52)
w(7,17,6,53,53)
w(25,5,6,54,54)
w(611,1,6,55,55)
r(36,2,6,56,56)
w(0,88,6,57,57)
w(0,89,6,58,58)
w(618,1,6,59,59)
w(0,90,6,60,60)
w(24,2,6,61,61)
w(0,91,6,62,62)
w(995,1,6,63,63)
w(683,1,6,64,64)
w(9,15,6,65,65)
r(20,4,6,66,66)
w(30,4,6,67,67)
r(0,91,6,68,68)
w(0,92,6,69,69)
w(1,42,6,70,70)
w(6,9,6,71,71)
w(61,1,6,72,72)
r(2,26,6,73,73)
r(2,26,6,74,74)
w(264,1,6,75,75)
w(137,1,6,76,76)
w(10,8,6,77,77)
w(414,1,6,78,78)
w(349,1,6,79,79)
w(1,43,6,80,80)
w(45,1,6,81,81)
w(13,5,6,82,82)
w(15,7,6,83,83)
w(6,10,6,84,84)
w(209,2,6,85,85)
r(18,2,6,86,86)
w(5,17,6,87,87)
r(1,43,6,88,88)
w(173,1,6,89,89)
w(2,27,6,90,90)
w(73,2,6,91,91)
w(5,18,6,92,92)
w(12,7,6,93,93)
w(76,3,6,94,94)
w(49,5,6,95,95)
r(224,0,6,96,96)
w(31,3,6,97,97)
w(13,6,6,98,98)
r(0,92,6,99,99)
w(4,20,7,0,0)
w(12,8,7,1,1)
w(698,1,7,2,2)
w(155,1,7,3,3)
w(100,3,7,4,4)
w(1,44,7,5,5)
r(183,0,7,6,6)
w(641,1,7,7,7)
w(35,2,7,8,8)
w(2,28,7,9,9)
w(167,3,7,10,10)
w(433,2,7,11,11)
w(14,9,7,12,12)
w(314,1,7,13,13)
w(1,45,7,14,14)
w(149,1,7,15,15)
w(641,2,7,16,16)
r(34,1,7,17,17)
w(37,4,7,18,18)
w(88,1,7,19,19)
w(4,21,7,20,20)
w(41,2,7,21,21)
w(1,46,7,22,22)
w(1,47,7,23,23)
w(37,5,7,24,24)
w(3,21,7,25,25)
w(10,9,7,26,26)
w(10,10,7,27,27)
w(0,93,7,28,28)
w(0,94,7,29,29)
w(620,2,7,30,30)
w(0,95,7,31,31)
r(0,95,7,32,32)
r(291,0,7,33,33)
w(12,9,7,34,34)
w(44,1,7,35,35)
w(0,96,7,36,36)
w(1,48,7,37,37)
w(90,1,7,38,38)
w(4,22,7,39,39)
w(6,11,7,40,40)
w(708,1,7,41,41)
w(13,7,7,42,42)
w(28,5,7,43,43)
w(1,49,7,44,44)
w(215,3,7,45,45)
w(0,97,7,46,46)
w(6,12,7,47,47)
w(5,19,7,48,48)
r(91,0,7,49,49)
w(72,1,7,50,50)
r(881,0,7,51,51)
w(1,50,7,52,52)
w(7,18,7,53,53)
w(0,98,7,54,54)
w(164,2,7,55,55)
w(0,99,7,56,56)
w(5,20,7,57,57)
r(0,99,7,58,58)
w(4,23,7,59,59)
w(0,100,7,60,60)
w(29,4,7,61,61)
w(0,101,7,62,62)
w(879,1,7,63,63)
w(1,51,7,64,64)
w(77,2,7,65,65)
r(55,3,7,66,66)
r(23,4,7,67,67)
w(5,21,7,68,68)
w(3,22,7,69,69)
w(155,2,7,70,70)
w(0,102,7,71,71)
w(50,4,7,72,72)
r(3,22,7,73,73)
w(3,23,7,74,74)
w(12,10,7,75,75)
r(161,0,7,76,76)
w(2,29,7,77,77)
w(1,52,7,78,78)
w(161,1,7,79,79)
w(784,1,7,80,80)
w(450,1,7,81,81)
w(871,1,7,82,82)
w(0,103,7,83,83)
w(24,3,7,84,84)
w(11,5,7,85,85)
w(961,2,7,86,86)
w(159,2,7,87,87)
w(2,30,7,88,88)
w(1,53,7,89,89)
r(4,23,7,90,90)
w(1,54,7,91,91)
w(2,31,7,92,92)
w(4,24,7,93,93)
w(4,25,7,94,94)
w(18,3,7,95,95)
w(0,104,7,96,96)
w(507,1,7,97,97)
r(246,1,7,98,98)
w(809,1,7,99,99)
w(95,1,8,0,0)
w(1,55,8,1,1)
w(60,3,8,2,2)
w(450,2,8,3,3)
w(2,32,8,4,4)
w(37,6,8,5,5)
w(1,56,8,6,6)
w(724,1,8,7,7)
w(130,1,8,8,8)
r(2,32,8,9,9)
w(17,4,8,10,10)
w(0,105,8,11,11)
r(91,0,8,12,12)
w(924,1,8,13,13)
w(14,10,8,14,14)
r(941,1,8,15,15)
r(197,0,8,16,16)
w(6,13,8,17,17)
w(1,57,8,18,18)
w(115,1,8,19,19)
w(433,3,8,20,20)
w(0,106,8,21,21)
w(98,1,8,22,22)
w(7,19,8,23,23)
w(13,8,8,24,24)
w(259,1,8,25,25)
w(185,2,8,26,26)
w(56,1,8,27,27)
w(8,8,8,28,28)
w(16,4,8,29,29)
w(29,5,8,30,30)
w(24,4,8,31,31)
w(543,1,8,32,32)
w(15,8,8,33,33)
w(57,1,8,34,34)
r(8,8,8,35,35)
w(397,2,8,36,36)
w(512,1,8,37,37)
w(12,11,8,38,38)
w(20,5,8,39,39)
w(309,1,8,40,40)
w(0,107,8,41,41)
w(8,9,8,42,42)
w(1,58,8,43,43)
w(888,1,8,44,44)
w(0,108,8,45,45)
w(142,2,8,46,46)
w(342,1,8,47,47)
r(4,25,8,48,48)
w(7,20,8,49,49)
w(791,1,8,50,50)
w(58,4,8,51,51)
w(823,1,8,52,52)
w(1,59,8,53,53)
w(68,2,8,54,54)
w(241,1,8,55,55)
w(4,26,8,56,56)
w(205,1,8,57,57)
w(7,21,8,58,58)
w(1,60,8,59,59)
w(36,3,8,60,60)
w(962,1,8,61,61)
w(411,1,8,62,62)
w(7,22,8,63,63)
w(61,2,8,64,64)
w(18,4,8,65,65)
w(3,24,8,66,66)
w(114,2,8,67,67)
w(23,5,8,68,68)
w(155,3,8,69,69)
w(134,1,8,70,70)
w(32,3,8,71,71)
w(1,61,8,72,72)
w(36,4,8,73,73)
w(7,23,8,74,74)
w(9,16,8,75,75)
w(4,27,8,76,76)
r(142,2,8,77,77)
w(20,6,8,78,78)
w(71,2,8,79,79)
w(58,5,8,80,80)
w(2,33,8,81,81)
w(49,6,8,82,82)
r(3,24,8,83,83)
w(577,1,8,84,84)
w(1,62,8,85,85)
w(2,34,8,86,86)
w(0,109,8,87,87)
w(860,1,8,88,88)
w(2,35,8,89,89)
w(875,1,8,90,90)
w(826,1,8,91,91)
w(5,22,8,92,92)
w(1,63,8,93,93)
w(27,1,8,94,94)
w(2,36,8,95,95)
w(1,64,8,96,96)
w(1,65,8,97,97)
w(539,1,8,98,98)
w(53,2,8,99,99)
w(2,37,9,0,0)
w(1,66,9,1,1)
w(730,1,9,2,2)
r(20,6,9,3,3)
w(1,67,9,4,4)
w(43,5,9,5,5)
w(9,17,9,6,6)
w(4,28,9,7,7)
w(0,110,9,8,8)
w(184,1,9,9,9)
w(19,6,9,10,10)
w(43,6,9,11,11)
w(62,2,9,12,12)
w(0,111,9,13,13)
w(0,112,9,14,14)
w(21,4,9,15,15)
w(197,1,9,16,16)
w(0,113,9,17,17)
w(32,4,9,18,18)
w(1,68,9,19,19)
w(43,7,9,20,20)
w(456,1,9,21,21)
w(567,1,9,22,22)
w(732,2,9,23,23)
w(0,114,9,24,24)
w(0,115,9,25,25)
w(402,1,9,26,26)
w(38,2,9,27,27)
r(526,0,9,28,28)
w(104,1,9,29,29)
w(52,1,9,30,30)
w(696,1,9,31,31)
w(1,69,9,32,32)
w(15,9,9,33,33)
w(13,9,9,34,34)
w(3,25,9,35,35)
w(186,2,9,36,36)
w(0,116,9,37,37)
w(11,6,9,38,38)
r(73,2,9,39,39)
w(536,2,9,40,40)
w(25,6,9,41,41)
w(1,70,9,42,42)
w(94,2,9,43,43)
w(463,2,9,44,44)
w(244,1,9,45,45)
w(34,2,9,46,46)
w(2,38,9,47,47)
r(274,1,9,48,48)
w(7,24,9,49,49)
w(1,71,9,50,50)
w(66,3,9,51,51)
w(39,3,9,52,52)
w(0,117,9,53,53)
w(1,72,9,54,54)
w(15,10,9,55,55)
w(0,118,9,56,56)
w(0,119,9,57,57)
r(0,119,9,58,58)
w(0,120,9,59,59)
w(0,121,9,60,60)
r(332,0,9,61,61)
w(269,1,9,62,62)
r(0,121,9,63,63)
w(59,5,9,64,64)
r(302,0,9,65,65)
w(0,122,9,66,66)
w(0,123,9,67,67)
w(2,39,9,68,68)
w(34,3,9,69,69)
w(426,1,9,70,70)
w(0,124,9,71,71)
w(0,125,9,72,72)
w(1,73,9,73,73)
w(0,126,9,74,74)
w(0,127,9,75,75)
w(7,25,9,76,76)
w(0,128,9,77,77)
r(1,73,9,78,78)
w(13,10,9,79,79)
w(127,2,9,80,80)
w(323,1,9,81,81)
w(11,7,9,82,82)
w(4,29,9,83,83)
w(61,3,9,84,84)
w(131,3,9,85,85)
w(0,129,9,86,86)
w(297,1,9,87,87)
w(532,2,9,88,88)
w(0,130,9,89,89)
w(23,6,9,90,90)
r(33,4,9,91,91)
r(4,29,9,92,92)
w(4,30,9,93,93)
w(13,11,9,94,94)
w(51,1,9,95,95)
w(0,131,9,96,96)
w(0,132,9,97,97)
w(3,26,9,98,98)
r(0,132,9,99,99)
w(29,6,10,0,0)
w(1,74,10,1,1)
w(0,133,10,2,2)
w(132,2,10,3,3)
w(218,1,10,4,4)
w(0,134,10,5,5)
w(7,26,10,6,6)
w(2,40,10,7,7)
w(15,11,10,8,8)
w(1,75,10,9,9)
w(35,3,10,10,10)
w(21,5,10,11,11)
w(0,135,10,12,12)
w(0,136,10,13,13)
w(0,137,10,14,14)
w(19,7,10,15,15)
r(3,26,10,16,16)
w(144,2,10,17,17)
w(0,138,10,18,18)
r(0,138,10,19,19)
w(507,2,10,20,20)
w(940,1,10,21,21)
w(12,12,10,22,22)
w(336,1,10,23,23)
w(7,27,10,24,24)
r(7,27,10,25,25)
w(13,12,10,26,26)
w(277,2,10,27,27)
w(8,10,10,28,28)
w(1,76,10,29,29)
w(30,5,10,30,30)
r(411,1,10,31,31)
r(403,0,10,32,32)
w(369,1,10,33,33)
w(190,2,10,34,34)
w(218,2,10,35,35)
w(8,11,10,36,36)
w(0,139,10,37,37)
w(21,6,10,38,38)
w(12,13,10,39,39)
w(21,7,10,40,40)
w(289,1,10,41,41)
w(220,1,10,42,42)
w(221,1,10,43,43)
w(167,4,10,44,44)
w(933,2,10,45,45)
w(268,1,10,46,46)
w(1,77,10,47,47)
w(5,23,10,48,48)
w(9,18,10,49,49)
w(109,1,10,50,50)
w(128,1,10,51,51)
w(18,5,10,52,52)
w(39,4,10,53,53)
w(3,27,10,54,54)
w(220,2,10,55,55)
w(75,2,10,56,56)
w(0,140,10,57,57)
w(16,5,10,58,58)
w(268,2,10,59,59)
w(230,1,10,60,60)
r(81,1,10,61,61)
w(19,8,10,62,62)
w(4,31,10,63,63)
w(12,14,10,64,64)
w(504,1,10,65,65)
w(935,1,10,66,66)
w(95,2,10,67,67)
w(8,12,10,68,68)
w(75,3,10,69,69)
w(757,1,10,70,70)
r(35,3,10,71,71)
w(101,2,10,72,72)
w(47,3,10,73,73)
r(0,140,10,74,74)
w(11,8,10,75,75)
w(710,1,10,76,76)
w(706,1,10,77,77)
w(14,11,10,78,78)
w(138,2,10,79,79)
w(22,4,10,80,80)
w(427,2,10,81,81)
w(15,12,10,82,82)
w(616,1,10,83,83)
w(1,78,10,84,84)
w(221,2,10,85,85)
w(615,1,10,86,86)
w(0,141,10,87,87)
w(526,1,10,88,88)
w(1,79,10,89,89)
w(2,41,10,90,90)
w(45,2,10,91,91)
w(3,28,10,92,92)
w(8,13,10,93,93)
w(1,80,10,94,94)
w(1,81,10,95,95)
w(0,142,10,96,96)
w(23,7,10,97,97)
w(0,143,10,98,98)
w(47,4,10,99,99)
w(40,3,11,0,0)
w(0,144,11,1,1)
w(12,15,11,2,2)
w(668,1,11,3,3)
w(3,29,11,4,4)
w(4,32,11,5,5)
r(901,0,11,6,6)
w(15,13,11,7,7)
w(26,7,11,8,8)
w(910,1,11,9,9)
w(231,3,11,10,10)
w(178,1,11,11,11)
w(1,82,11,12,12)
w(2,42,11,13,13)
w(0,145,11,14,14)
w(1,83,11,15,15)
r(25,6,11,16,16)
w(0,146,11,17,17)
w(309,2,11,18,18)
w(4,33,11,19,19)
w(9,19,11,20,20)
w(35,4,11,21,21)
w(141,1,11,22,22)
w(37,7,11,23,23)
w(713,1,11,24,24)
w(0,147,11,25,25)
w(786,1,11,26,26)
r(51,1,11,27,27)
w(808,1,11,28,28)
w(2,43,11,29,29)
r(8,13,11,30,30)
w(0,148,11,31,31)
w(1,84,11,32,32)
w(40,4,11,33,33)
r(365,0,11,34,34)
w(30,6,11,35,35)
w(4,34,11,36,36)
w(854,1,11,37,37)
w(8,14,11,38,38)
w(0,149,11,39,39)
w(28,6,11,40,40)
w(589,1,11,41,41)
w(39,5,11,42,42)
w(5,24,11,43,43)
w(576,2,11,44,44)
w(1,85,11,45,45)
w(0,150,11,46,46)
w(25,7,11,47,47)
w(11,9,11,48,48)
w(43,8,11,49,49)
w(0,151,11,50,50)
w(49,7,11,51,51)
w(0,152,11,52,52)
r(6,13,11,53,53)
w(66,4,11,54,54)
w(97,1,11,55,55)
w(3,30,11,56,56)
r(0,152,11,57,57)
w(5,25,11,58,58)
w(9,20,11,59,59)
w(67,2,11,60,60)
w(569,1,11,61,61)
r(33,4,11,62,62)
r(489,0,11,63,63)
w(18,6,11,64,64)
w(249,1,11,65,65)
w(15,14,11,66,66)
w(4,35,11,67,67)
w(512,2,11,68,68)
w(18,7,11,69,69)
w(80,2,11,70,70)
w(9,21,11,71,71)
w(38,3,11,72,72)
w(21,8,11,73,73)
w(679,1,11,74,74)
w(16,6,11,75,75)
w(567,2,11,76,76)
w(69,1,11,77,77)
w(99,1,11,78,78)
w(25,8,11,79,79)
w(7,28,11,80,80)
w(9,22,11,81,81)
r(5,25,11,82,82)
w(8,15,11,83,83)
w(98,2,11,84,84)
w(202,1,11,85,85)
w(46,2,11,86,86)
w(30,7,11,87,87)
w(0,153,11,88,88)
w(19,9,11,89,89)
w(7,29,11,90,90)
w(3,31,11,91,91)
w(0,154,11,92,92)
w(106,1,11,93,93)
w(31,4,11,94,94)
w(87,1,11,95,95)
w(5,26,11,96,96)
w(115,2,11,97,97)
w(0,155,11,98,98)
w(10,11,11,99,99)
w(0,156,12,0,0)
w(1,86,12,1,1)
w(243,2,12,2,2)
w(17,5,12,3,3)
w(7,30,12,4,4)
w(0,157,12,5,5)
w(4,36,12,6,6)
w(21,9,12,7,7)
w(2,44,12,8,8)
w(42,4,12,9,9)
w(446,1,12,10,10)
w(6,14,12,11,11)
w(0,158,12,12,12)
w(4,37,12,13,13)
w(0,159,12,14,14)
w(23,8,12,15,15)
w(229,2,12,16,16)
w(449,1,12,17,17)
w(1,87,12,18,18)
w(1,88,12,19,19)
w(3,32,12,20,20)
w(7,31,12,21,21)
r(136,1,12,22,22)
w(1,89,12,23,23)
w(4,38,12,24,24)
w(965,1,12,25,25)
r(0,159,12,26,26)
w(5,27,12,27,27)
w(74,1,12,28,28)
w(352,1,12,29,29)
w(38,4,12,30,30)
w(66,5,12,31,31)
w(213,1,12,32,32)
w(0,160,12,33,33)
w(35,5,12,34,34)
w(66,6,12,35,35)
r(3,32,12,36,36)
w(38,5,12,37,37)
w(0,161,12,38,38)
w(188,1,12,39,39)
w(9,23,12,40,40)
w(581,1,12,41,41)
w(84,4,12,42,42)
r(1,89,12,43,43)
w(190,3,12,44,44)
w(728,1,12,45,45)
w(0,162,12,46,46)
w(15,15,12,47,47)
w(28,7,12,48,48)
w(72,2,12,49,49)
w(765,1,12,50,50)
r(237,0,12,51,51)
w(137,2,12,52,52)
r(0,162,12,53,53)
w(29,7,12,54,54)
w(0,163,12,55,55)
w(818,1,12,56,56)
w(399,1,12,57,57)
w(304,2,12,58,58)
w(2,45,12,59,59)
w(2,46,12,60,60)
w(68,3,12,61,61)
w(974,1,12,62,62)
w(512,3,12,63,63)
w(3,33,12,64,64)
w(15,16,12,65,65)
w(23,9,12,66,66)
w(2,47,12,67,67)
w(121,2,12,68,68)
w(438,1,12,69,69)
r(3,33,12,70,70)
w(12,16,12,71,71)
w(264,2,12,72,72)
w(102,1,12,73,73)
w(109,2,12,74,74)
w(15,17,12,75,75)
w(2,48,12,76,76)
w(0,164,12,77,77)
w(1,90,12,78,78)
w(8,16,12,79,79)
w(1,91,12,80,80)
w(325,1,12,81,81)
w(790,1,12,82,82)
w(11,10,12,83,83)
w(742,1,12,84,84)
w(0,165,12,85,85)
r(0,165,12,86,86)
w(0,166,12,87,87)
w(11,11,12,88,88)
w(230,2,12,89,89)
w(29,8,12,90,90)
w(14,12,12,91,91)
w(350,3,12,92,92)
w(836,1,12,93,93)
w(35,6,12,94,94)
w(72,3,12,95,95)
w(36,5,12,96,96)
w(15,18,12,97,97)
w(28,8,12,98,98)
w(7,32,12,99,99)
w(0,167,13,0,0)
w(1,92,13,1,1)
w(0,168,13,2,2)
w(0,169,13,3,3)
w(650,1,13,4,4)
w(5,28,13,5,5)
w(36,6,13,6,6)
w(16,7,13,7,7)
w(371,1,13,8,8)
w(35,7,13,9,9)
w(2,49,13,10,10)
w(20,7,13,11,11)
w(91,1,13,12,12)
w(92,4,13,13,13)
w(30,8,13,14,14)
w(0,170,13,15,15)
w(11,12,13,16,16)
w(5,29,13,17,17)
w(1,93,13,18,18)
w(0,171,13,19,19)
w(0,172,13,20,20)
w(6,15,13,21,21)
w(26,8,13,22,22)
w(2,50,13,23,23)
w(304,3,13,24,24)
w(536,3,13,25,25)
w(15,19,13,26,26)
w(6,16,13,27,27)
w(35,8,13,28,28)
r(44,1,13,29,29)
w(10,12,13,30,30)
w(23,10,13,31,31)
r(703,0,13,32,32)
w(5,30,13,33,33)
w(925,1,13,34,34)
w(97,2,13,35,35)
w(171,2,13,36,36)
w(2,51,13,37,37)
w(1,94,13,38,38)
r(4,38,13,39,39)
w(1,95,13,40,40)
w(768,1,13,41,41)
w(399,2,13,42,42)
w(0,173,13,43,43)
r(321,0,13,44,44)
w(52,2,13,45,45)
w(37,8,13,46,46)
w(123,1,13,47,47)
w(1,96,13,48,48)
w(0,174,13,49,49)
r(0,174,13,50,50)
r(753,0,13,51,51)
w(2,52,13,52,52)
w(16,8,13,53,53)
w(22,5,13,54,54)
w(19,10,13,55,55)
w(2,53,13,56,56)
w(709,1,13,57,57)
w(182,1,13,58,58)
w(0,175,13,59,59)
w(813,1,13,60,60)
w(31,5,13,61,61)
w(15,20,13,62,62)
r(10,12,13,63,63)
w(519,2,13,64,64)
w(244,2,13,65,65)
w(0,176,13,66,66)
w(234,2,13,67,67)
w(0,177,13,68,68)
w(0,178,13,69,69)
w(14,13,13,70,70)
w(16,9,13,71,71)
w(238,1,13,72,72)
w(13,13,13,73,73)
w(0,179,13,74,74)
w(9,24,13,75,75)
w(5,31,13,76,76)
w(4,39,13,77,77)
w(12,17,13,78,78)
w(1,97,13,79,79)
w(6,17,13,80,80)
w(3,34,13,81,81)
w(81,2,13,82,82)
w(3,35,13,83,83)
w(14,14,13,84,84)
w(1,98,13,85,85)
w(50,5,13,86,86)
w(84,5,13,87,87)
w(16,10,13,88,88)
w(18,8,13,89,89)
w(0,180,13,90,90)
r(0,180,13,91,91)
w(3,36,13,92,92)
w(383,1,13,93,93)
w(0,181,13,94,94)
w(52,3,13,95,95)
w(14,15,13,96,96)
w(163,1,13,97,97)
w(231,4,13,98,98)
w(63,1,13,99,99)
w(20,8,14,0,0)
w(29,9,14,1,1)
w(175,3,14,2,2)
w(72,4,14,3,3)
w(0,182,14,4,4)
w(0,183,14,5,5)
w(71,3,14,6,6)
w(4,40,14,7,7)
w(18,9,14,8,8)
w(12,18,14,9,9)
w(392,2,14,10,10)
w(84,6,14,11,11)
w(0,184,14,12,12)
r(3,36,14,13,13)
w(7,33,14,14,14)
w(67,3,14,15,15)
w(157,3,14,16,16)
w(0,185,14,17,17)
w(145,1,14,18,18)
w(7,34,14,19,19)
w(6,18,14,20,20)
w(78,2,14,21,21)
w(2,54,14,22,22)
w(178,2,14,23,23)
w(158,3,14,24,24)
w(400,1,14,25,25)
w(6,19,14,26,26)
r(44,1,14,27,27)
w(226,1,14,28,28)
w(1,99,14,29,29)
w(403,1,14,30,30)
w(18,10,14,31,31)
w(64,3,14,32,32)
w(335,1,14,33,33)
w(15,21,14,34,34)
w(18,11,14,35,35)
w(70,3,14,36,36)
w(154,2,14,37,37)
w(204,1,14,38,38)
w(34,4,14,39,39)
w(36,7,14,40,40)
w(442,1,14,41,41)
w(2,55,14,42,42)
w(0,186,14,43,43)
w(6,20,14,44,44)
w(18,12,14,45,45)
w(376,2,14,46,46)
w(7,35,14,47,47)
w(1,100,14,48,48)
w(630,2,14,49,49)
r(315,1,14,50,50)
w(0,187,14,51,51)
w(31,6,14,52,52)
w(372,1,14,53,53)
w(276,2,14,54,54)
w(23,11,14,55,55)
w(3,37,14,56,56)
w(239,2,14,57,57)
w(1,101,14,58,58)
w(226,2,14,59,59)
r(71,3,14,60,60)
w(3,38,14,61,61)
w(514,1,14,62,62)
w(312,1,14,63,63)
w(256,2,14,64,64)
w(517,1,14,65,65)
w(72,5,14,66,66)
w(0,188,14,67,67)
w(2,56,14,68,68)
r(511,0,14,69,69)
w(554,1,14,70,70)
w(29,10,14,71,71)
w(244,3,14,72,72)
w(21,10,14,73,73)
w(10,13,14,74,74)
w(20,9,14,75,75)
w(3,39,14,76,76)
w(0,189,14,77,77)
w(411,2,14,78,78)
w(21,11,14,79,79)
w(5,32,14,80,80)
w(30,9,14,81,81)
w(2,57,14,82,82)
w(89,1,14,83,83)
w(195,1,14,84,84)
r(60,3,14,85,85)
w(3,40,14,86,86)
w(5,33,14,87,87)
w(5,34,14,88,88)
w(2,58,14,89,89)
w(98,3,14,90,90)
r(3,40,14,91,91)
w(36,8,14,92,92)
w(5,35,14,93,93)
w(0,190,14,94,94)
w(1,102,14,95,95)
w(9,25,14,96,96)
w(8,17,14,97,97)
w(12,19,14,98,98)
w(7,36,14,99,99)
w(415,1,15,0,0)
w(16,11,15,1,1)
w(0,191,15,2,2)
w(50,6,15,3,3)
w(102,2,15,4,4)
r(5,35,15,5,5)
w(617,1,15,6,6)
w(227,1,15,7,7)
w(527,1,15,8,8)
w(370,1,15,9,9)
w(23,12,15,10,10)
w(7,37,15,11,11)
w(2,59,15,12,12)
w(59,6,15,13,13)
w(3,41,15,14,14)
w(1,103,15,15,15)
w(4,41,15,16,16)
w(146,2,15,17,17)
w(287,1,15,18,18)
w(1,104,15,19,19)
r(1,104,15,20,20)
w(79,1,15,21,21)
w(95,3,15,22,22)
w(13,14,15,23,23)
r(0,191,15,24,24)
r(834,0,15,25,25)
w(217,1,15,26,26)
r(412,0,15,27,27)
w(0,192,15,28,28)
w(8,18,15,29,29)
w(3,42,15,30,30)
w(865,1,15,31,31)
w(2,60,15,32,32)
w(339,2,15,33,33)
w(164,3,15,34,34)
w(10,14,15,35,35)
w(623,1,15,36,36)
w(1,105,15,37,37)
r(71,3,15,38,38)
r(0,192,15,39,39)
w(3,43,15,40,40)
w(457,1,15,41,41)
w(685,1,15,42,42)
w(0,193,15,43,43)
w(259,2,15,44,44)
w(72,6,15,45,45)
w(80,3,15,46,46)
w(45,3,15,47,47)
w(2,61,15,48,48)
w(346,3,15,49,49)
w(8,19,15,50,50)
w(8,20,15,51,51)
w(0,194,15,52,52)
w(0,195,15,53,53)
w(0,196,15,54,54)
r(4,41,15,55,55)
w(0,197,15,56,56)
w(3,44,15,57,57)
w(240,1,15,58,58)
w(7,38,15,59,59)
w(1,106,15,60,60)
w(246,2,15,61,61)
w(0,198,15,62,62)
w(370,2,15,63,63)
w(0,199,15,64,64)
w(852,1,15,65,65)
w(913,1,15,66,66)
w(817,1,15,67,67)
w(453,1,15,68,68)
w(249,2,15,69,69)
w(12,20,15,70,70)
w(94,3,15,71,71)
w(0,200,15,72,72)
w(0,201,15,73,73)
w(0,202,15,74,74)
w(816,1,15,75,75)
w(0,203,15,76,76)
w(5,36,15,77,77)
w(21,12,15,78,78)
w(328,1,15,79,79)
w(40,5,15,80,80)
w(0,204,15,81,81)
r(7,38,15,82,82)
w(4,42,15,83,83)
w(16,12,15,84,84)
w(1,107,15,85,85)
r(163,1,15,86,86)
r(23,12,15,87,87)
w(5,37,15,88,88)
w(4,43,15,89,89)
r(57,1,15,90,90)
r(1,107,15,91,91)
w(420,1,15,92,92)
w(404,1,15,93,93)
w(6,21,15,94,94)
w(118,1,15,95,95)
w(5,38,15,96,96)
w(166,1,15,97,97)
w(466,1,15,98,98)
w(262,2,15,99,99)
r(12,20,16,0,0)
r(383,1,16,1,1)
w(394,1,16,2,2)
w(874,1,16,3,3)
w(1,108,16,4,4)
w(259,3,16,5,5)
w(15,22,16,6,6)
w(173,2,16,7,7)
w(512,4,16,8,8)
w(0,205,16,9,9)
w(893,1,16,10,10)
r(10,14,16,11,11)
w(97,3,16,12,12)
r(405,0,16,13,13)
w(35,9,16,14,14)
w(15,23,16,15,15)
r(250,1,16,16,16)
w(34,5,16,17,17)
w(16,13,16,18,18)
w(6,22,16,19,19)
w(6,23,16,20,20)
w(15,24,16,21,21)
w(484,1,16,22,22)
w(1,109,16,23,23)
w(10,15,16,24,24)
w(446,2,16,25,25)
w(1,110,16,26,26)
w(0,206,16,27,27)
r(563,0,16,28,28)
w(784,2,16,29,29)
w(111,1,16,30,30)
r(195,1,16,31,31)
w(249,3,16,32,32)
w(1,111,16,33,33)
w(45,4,16,34,34)
r(515,0,16,35,35)
w(21,13,16,36,36)
w(1,112,16,37,37)
r(7,38,16,38,38)
w(29,11,16,39,39)
w(225,1,16,40,40)
w(109,3,16,41,41)
w(397,3,16,42,42)
w(258,1,16,43,43)
w(64,4,16,44,44)
w(1,113,16,45,45)
w(64,5,16,46,46)
w(1,114,16,47,47)
w(58,6,16,48,48)
r(0,206,16,49,49)
w(694,1,16,50,50)
w(135,2,16,51,51)
w(5,39,16,52,52)
w(2,62,16,53,53)
w(387,1,16,54,54)
w(321,1,16,55,55)
w(137,3,16,56,56)
w(805,2,16,57,57)
r(141,1,16,58,58)
w(1,115,16,59,59)
w(0,207,16,60,60)
w(28,9,16,61,61)
r(1,115,16,62,62)
w(18,13,16,63,63)
w(6,24,16,64,64)
w(11,13,16,65,65)
w(3,45,16,66,66)
w(0,208,16,67,67)
w(0,209,16,68,68)
r(0,209,16,69,69)
w(4,44,16,70,70)
w(1,116,16,71,71)
w(20,10,16,72,72)
w(78,3,16,73,73)
w(284,1,16,74,74)
w(568,1,16,75,75)
w(0,210,16,76,76)
w(0,211,16,77,77)
w(394,2,16,78,78)
w(543,2,16,79,79)
w(17,6,16,80,80)
w(848,2,16,81,81)
w(8,21,16,82,82)
w(459,1,16,83,83)
w(310,1,16,84,84)
r(289,1,16,85,85)
w(4,45,16,86,86)
w(43,9,16,87,87)
w(4,46,16,88,88)
w(86,1,16,89,89)
w(19,11,16,90,90)
w(253,1,16,91,91)
w(2,63,16,92,92)
r(1,116,16,93,93)
w(622,1,16,94,94)
w(0,212,16,95,95)
w(210,2,16,96,96)
w(528,2,16,97,97)
w(3,46,16,98,98)
w(6,25,16,99,99)
w(159,3,17,0,0)
w(546,2,17,1,1)
w(7,39,17,2,2)
r(0,212,17,3,3)
w(880,1,17,4,4)
w(3,47,17,5,5)
w(174,3,17,6,6)
w(16,14,17,7,7)
w(1,117,17,8,8)
r(2,63,17,9,9)
w(0,213,17,10,10)
r(777,0,17,11,11)
w(327,1,17,12,12)
w(35,10,17,13,13)
w(31,7,17,14,14)
r(2,63,17,15,15)
w(3,48,17,16,16)
r(7,39,17,17,17)
w(2,64,17,18,18)
w(242,4,17,19,19)
w(469,1,17,20,20)
w(61,4,17,21,21)
w(15,25,17,22,22)
w(216,1,17,23,23)
w(23,13,17,24,24)
w(415,2,17,25,25)
w(6,26,17,26,26)
w(153,1,17,27,27)
r(179,0,17,28,28)
w(29,12,17,29,29)
w(0,214,17,30,30)
w(601,1,17,31,31)
w(0,215,17,32,32)
w(3,49,17,33,33)
w(0,216,17,34,34)
w(0,217,17,35,35)
w(0,218,17,36,36)
w(17,7,17,37,37)
w(31,8,17,38,38)
w(582,1,17,39,39)
w(231,5,17,40,40)
r(123,1,17,41,41)
w(55,4,17,42,42)
w(85,1,17,43,43)
w(2,65,17,44,44)
w(79,2,17,45,45)
w(5,40,17,46,46)
w(26,9,17,47,47)
w(0,219,17,48,48)
r(4,46,17,49,49)
w(85,2,17,50,50)
w(655,1,17,51,51)
r(593,0,17,52,52)
w(327,2,17,53,53)
w(2,66,17,54,54)
r(38,5,17,55,55)
w(11,14,17,56,56)
w(4,47,17,57,57)
w(87,2,17,58,58)
w(0,220,17,59,59)
w(13,15,17,60,60)
w(3,50,17,61,61)
w(138,3,17,62,62)
w(82,2,17,63,63)
w(0,221,17,64,64)
w(19,12,17,65,65)
w(269,2,17,66,66)
w(86,2,17,67,67)
w(3,51,17,68,68)
w(3,52,17,69,69)
w(218,3,17,70,70)
w(28,10,17,71,71)
w(7,40,17,72,72)
w(9,26,17,73,73)
w(73,3,17,74,74)
w(178,3,17,75,75)
w(123,2,17,76,76)
r(4,47,17,77,77)
w(43,10,17,78,78)
w(38,6,17,79,79)
w(26,10,17,80,80)
r(3,52,17,81,81)
w(16,15,17,82,82)
w(18,14,17,83,83)
w(0,222,17,84,84)
w(11,15,17,85,85)
w(5,41,17,86,86)
w(14,16,17,87,87)
w(62,3,17,88,88)
w(6,27,17,89,89)
w(3,53,17,90,90)
w(3,54,17,91,91)
w(162,1,17,92,92)
r(3,54,17,93,93)
w(968,1,17,94,94)
w(9,27,17,95,95)
w(235,1,17,96,96)
w(889,1,17,97,97)
w(28,11,17,98,98)
w(218,4,17,99,99)
w(327,3,18,0,0)
r(1,117,18,1,1)
r(19,12,18,2,2)
w(5,42,18,3,3)
w(709,2,18,4,4)
w(2,67,18,5,5)
w(715,2,18,6,6)
w(260,1,18,7,7)
w(5,43,18,8,8)
w(28,12,18,9,9)
w(2,68,18,10,10)
w(2,69,18,11,11)
w(1,118,18,12,12)
w(11,16,18,13,13)
w(25,9,18,14,14)
r(125,0,18,15,15)
r(828,0,18,16,16)
w(4,48,18,17,17)
w(0,223,18,18,18)
w(3,55,18,19,19)
w(7,41,18,20,20)
w(0,224,18,21,21)
r(0,224,18,22,22)
w(4,49,18,23,23)
r(164,3,18,24,24)
w(842,1,18,25,25)
r(13,15,18,26,26)
w(117,1,18,27,27)
w(22,6,18,28,28)
w(398,1,18,29,29)
r(27,1,18,30,30)
w(8,22,18,31,31)
w(383,2,18,32,32)
w(844,2,18,33,33)
w(0,225,18,34,34)
w(31,9,18,35,35)
w(13,16,18,36,36)
w(779,1,18,37,37)
w(1,119,18,38,38)
w(761,1,18,39,39)
w(339,3,18,40,40)
w(177,1,18,41,41)
w(0,226,18,42,42)
w(0,227,18,43,43)
w(949,1,18,44,44)
w(216,2,18,45,45)
w(373,1,18,46,46)
w(0,228,18,47,47)
w(84,7,18,48,48)
w(430,2,18,49,49)
w(702,1,18,50,50)
w(555,1,18,51,51)
w(0,229,18,52,52)
w(680,1,18,53,53)
w(501,1,18,54,54)
w(0,230,18,55,55)
w(7,42,18,56,56)
r(40,5,18,57,57)
w(0,231,18,58,58)
w(0,232,18,59,59)
w(1,120,18,60,60)
w(162,2,18,61,61)
w(150,2,18,62,62)
w(626,1,18,63,63)
w(8,23,18,64,64)
w(2,70,18,65,65)
w(0,233,18,66,66)
w(31,10,18,67,67)
w(363,1,18,68,68)
w(91,2,18,69,69)
w(10,16,18,70,70)
r(46,2,18,71,71)
w(136,2,18,72,72)
w(11,17,18,73,73)
r(776,0,18,74,74)
w(0,234,18,75,75)
w(4,50,18,76,76)
w(955,1,18,77,77)
r(39,5,18,78,78)
w(315,2,18,79,79)
w(162,3,18,80,80)
w(6,28,18,81,81)
w(7,43,18,82,82)
w(253,2,18,83,83)
w(578,1,18,84,84)
r(4,50,18,85,85)
r(21,13,18,86,86)
w(5,44,18,87,87)
w(242,5,18,88,88)
w(7,44,18,89,89)
w(13,17,18,90,90)
w(348,1,18,91,91)
w(69,2,18,92,92)
r(5,44,18,93,93)
w(1,121,18,94,94)
w(653,1,18,95,95)
w(24,5,18,96,96)
w(0,235,18,97,97)
w(0,236,18,98,98)
w(22,7,18,99,99)
w(24,6,19,0,0)
w(10,17,19,1,1)
w(6,29,19,2,2)
w(0,237,19,3,3)
w(120,1,19,4,4)
w(14,17,19,5,5)
w(12,21,19,6,6)
w(16,16,19,7,7)
w(2,71,19,8,8)
r(404,1,19,9,9)
w(37,9,19,10,10)
w(9,28,19,11,11)
w(0,238,19,12,12)
w(1,122,19,13,13)
w(17,8,19,14,14)
w(106,2,19,15,15)
w(491,1,19,16,16)
w(367,1,19,17,17)
w(4,51,19,18,18)
w(92,5,19,19,19)
w(217,2,19,20,20)
w(162,4,19,21,21)
w(82,3,19,22,22)
r(0,238,19,23,23)
r(1,122,19,24,24)
w(27,2,19,25,25)
w(948,2,19,26,26)
w(5,45,19,27,27)
w(12,22,19,28,28)
w(26,11,19,29,29)
w(4,52,19,30,30)
w(9,29,19,31,31)
w(278,1,19,32,32)
w(13,18,19,33,33)
w(0,239,19,34,34)
w(365,1,19,35,35)
w(833,1,19,36,36)
w(3,56,19,37,37)
w(114,3,19,38,38)
w(797,1,19,39,39)
w(411,3,19,40,40)
w(454,1,19,41,41)
w(1,123,19,42,42)
w(0,240,19,43,43)
w(0,241,19,44,44)
r(479,1,19,45,45)
w(327,4,19,46,46)
w(0,242,19,47,47)
w(49,8,19,48,48)
w(22,8,19,49,49)
w(32,5,19,50,50)
w(162,5,19,51,51)
w(20,11,19,52,52)
w(418,1,19,53,53)
w(17,9,19,54,54)
r(200,0,19,55,55)
w(26,12,19,56,56)
w(7,45,19,57,57)
w(0,243,19,58,58)
w(3,57,19,59,59)
w(9,30,19,60,60)
w(941,2,19,61,61)
w(23,14,19,62,62)
w(0,244,19,63,63)
w(0,245,19,64,64)
w(1,124,19,65,65)
w(34,6,19,66,66)
w(268,3,19,67,67)
w(0,246,19,68,68)
r(0,246,19,69,69)
w(669,1,19,70,70)
w(0,247,19,71,71)
w(7,46,19,72,72)
w(36,9,19,73,73)
w(0,248,19,74,74)
w(3,58,19,75,75)
w(150,3,19,76,76)
w(119,1,19,77,77)
w(5,46,19,78,78)
w(34,7,19,79,79)
w(17,10,19,80,80)
w(54,1,19,81,81)
w(6,30,19,82,82)
w(0,249,19,83,83)
w(93,1,19,84,84)
w(591,1,19,85,85)
w(0,250,19,86,86)
w(6,31,19,87,87)
w(0,251,19,88,88)
w(1,125,19,89,89)
w(471,1,19,90,90)
w(1,126,19,91,91)
w(3,59,19,92,92)
w(963,1,19,93,93)
w(324,1,19,94,94)
w(0,252,19,95,95)
w(0,253,19,96,96)
w(324,2,19,97,97)
w(0,254,19,98,98)
w(312,2,19,99,99)
w(20,12,20,0,0)
w(432,1,20,1,1)
w(3,60,20,2,2)
w(12,23,20,3,3)
w(39,6,20,4,4)
w(16,17,20,5,5)
w(83,2,20,6,6)
w(588,1,20,7,7)
w(382,1,20,8,8)
w(168,2,20,9,9)
w(689,1,20,10,10)
w(13,19,20,11,11)
w(11,18,20,12,12)
w(5,47,20,13,13)
w(1,127,20,14,14)
w(35,11,20,15,15)
w(61,5,20,16,16)
w(9,31,20,17,17)
r(94,3,20,18,18)
w(2,72,20,19,19)
r(41,2,20,20,20)
w(206,2,20,21,21)
w(8,24,20,22,22)
r(46,2,20,23,23)
w(13,20,20,24,24)
w(0,255,20,25,25)
r(99,1,20,26,26)
w(429,1,20,27,27)
w(377,1,20,28,28)
w(28,13,20,29,29)
w(159,4,20,30,30)
w(185,3,20,31,31)
r(251,0,20,32,32)
w(99,2,20,33,33)
w(121,3,20,34,34)
w(64,6,20,35,35)
w(13,21,20,36,36)
r(383,2,20,37,37)
w(8,25,20,38,38)
r(270,0,20,39,39)
w(390,2,20,40,40)
w(6,32,20,41,41)
w(340,1,20,42,42)
r(218,4,20,43,43)
w(11,19,20,44,44)
w(134,2,20,45,45)
w(60,4,20,46,46)
w(3,61,20,47,47)
w(14,18,20,48,48)
w(224,1,20,49,49)
w(484,2,20,50,50)
r(1,127,20,51,51)
w(0,256,20,52,52)
w(0,257,20,53,53)
w(6,33,20,54,54)
w(39,7,20,55,55)
w(9,32,20,56,56)
w(5,48,20,57,57)
w(150,4,20,58,58)
w(3,62,20,59,59)
r(5,48,20,60,60)
w(1,128,20,61,61)
w(11,20,20,62,62)
w(119,2,20,63,63)
w(554,2,20,64,64)
w(1,129,20,65,65)
r(128,1,20,66,66)
w(41,3,20,67,67)
w(25,10,20,68,68)
w(161,2,20,69,69)
w(15,26,20,70,70)
r(2,72,20,71,71)
w(325,2,20,72,72)
w(0,258,20,73,73)
w(94,4,20,74,74)
w(52,4,20,75,75)
w(56,2,20,76,76)
w(8,26,20,77,77)
w(0,259,20,78,78)
w(21,14,20,79,79)
r(5,48,20,80,80)
w(2,73,20,81,81)
w(21,15,20,82,82)
w(0,260,20,83,83)
r(49,8,20,84,84)
w(243,3,20,85,85)
r(26,12,20,86,86)
r(22,8,20,87,87)
w(0,261,20,88,88)
w(59,7,20,89,89)
w(802,2,20,90,90)
w(581,2,20,91,91)
w(0,262,20,92,92)
w(69,3,20,93,93)
w(2,74,20,94,94)
w(243,4,20,95,95)
w(6,34,20,96,96)
w(9,33,20,97,97)
w(104,2,20,98,98)
w(729,1,20,99,99)
r(2,74,21,0,0)
w(100,4,21,1,1)
w(52,5,21,2,2)
w(51,2,21,3,3)
r(1,129,21,4,4)
w(6,35,21,5,5)
w(75,4,21,6,6)
r(42,4,21,7,7)
w(6,36,21,8,8)
w(556,1,21,9,9)
r(351,0,21,10,10)
w(21,16,21,11,11)
w(219,2,21,12,12)
w(44,2,21,13,13)
w(1,130,21,14,14)
w(9,34,21,15,15)
w(35,12,21,16,16)
w(702,2,21,17,17)
w(51,3,21,18,18)
w(45,5,21,19,19)
w(304,4,21,20,20)
w(0,263,21,21,21)
w(22,9,21,22,22)
w(165,2,21,23,23)
w(9,35,21,24,24)
w(0,264,21,25,25)
w(9,36,21,26,26)
w(0,265,21,27,27)
r(12,23,21,28,28)
w(573,1,21,29,29)
w(45,6,21,30,30)
w(0,266,21,31,31)
w(497,1,21,32,32)
r(89,1,21,33,33)
w(16,18,21,34,34)
w(14,19,21,35,35)
w(4,53,21,36,36)
w(626,2,21,37,37)
w(9,37,21,38,38)
r(0,266,21,39,39)
w(32,6,21,40,40)
r(3,62,21,41,41)
w(438,2,21,42,42)
w(421,1,21,43,43)
w(2,75,21,44,44)
w(85,3,21,45,45)
w(1,131,21,46,46)
w(5,49,21,47,47)
w(39,8,21,48,48)
w(19,13,21,49,49)
r(812,0,21,50,50)
w(5,50,21,51,51)
w(130,2,21,52,52)
w(664,1,21,53,53)
w(309,3,21,54,54)
w(21,17,21,55,55)
w(189,1,21,56,56)
r(468,1,21,57,57)
w(714,1,21,58,58)
w(1,132,21,59,59)
w(665,1,21,60,60)
w(868,1,21,61,61)
w(5,51,21,62,62)
w(31,11,21,63,63)
w(221,3,21,64,64)
w(150,5,21,65,65)
w(10,18,21,66,66)
w(0,267,21,67,67)
r(39,8,21,68,68)
w(0,268,21,69,69)
w(281,2,21,70,70)
w(36,10,21,71,71)
w(641,3,21,72,72)
w(0,269,21,73,73)
w(3,63,21,74,74)
w(3,64,21,75,75)
w(115,3,21,76,76)
w(11,21,21,77,77)
w(27,3,21,78,78)
w(0,270,21,79,79)
w(701,1,21,80,80)
w(57,2,21,81,81)
w(30,10,21,82,82)
w(12,24,21,83,83)
w(456,2,21,84,84)
w(4,54,21,85,85)
r(464,0,21,86,86)
w(498,2,21,87,87)
w(147,1,21,88,88)
w(85,4,21,89,89)
w(2,76,21,90,90)
w(0,271,21,91,91)
r(149,1,21,92,92)
w(111,2,21,93,93)
w(56,3,21,94,94)
w(284,2,21,95,95)
w(1,133,21,96,96)
w(158,4,21,97,97)
w(145,2,21,98,98)
w(1,134,21,99,99)
w(67,4,22,0,0)
r(250,1,22,1,1)
w(3,65,22,2,2)
w(3,66,22,3,3)
w(15,27,22,4,4)
w(0,272,22,5,5)
w(8,27,22,6,6)
r(643,0,22,7,7)
w(9,38,22,8,8)
w(16,19,22,9,9)
w(67,5,22,10,10)
r(0,272,22,11,11)
w(3,67,22,12,12)
w(88,2,22,13,13)
w(359,1,22,14,14)
w(2,77,22,15,15)
w(203,1,22,16,16)
r(0,272,22,17,17)
w(219,3,22,18,18)
w(63,2,22,19,19)
w(0,273,22,20,20)
w(124,2,22,21,21)
w(2,78,22,22,22)
w(54,2,22,23,23)
w(634,1,22,24,24)
w(474,1,22,25,25)
w(6,37,22,26,26)
w(119,3,22,27,27)
w(276,3,22,28,28)
w(1,135,22,29,29)
w(1,136,22,30,30)
w(10,19,22,31,31)
w(2,79,22,32,32)
w(212,1,22,33,33)
w(306,2,22,34,34)
w(48,1,22,35,35)
w(581,3,22,36,36)
w(0,274,22,37,37)
w(985,1,22,38,38)
w(913,2,22,39,39)
w(293,2,22,40,40)
w(9,39,22,41,41)
w(0,275,22,42,42)
w(104,3,22,43,43)
w(2,80,22,44,44)
r(5,51,22,45,45)
w(0,276,22,46,46)
w(56,4,22,47,47)
w(640,1,22,48,48)
w(0,277,22,49,49)
w(6,38,22,50,50)
w(13,22,22,51,51)
w(507,3,22,52,52)
w(11,22,22,53,53)
w(77,3,22,54,54)
w(576,3,22,55,55)
w(0,278,22,56,56)
w(53,3,22,57,57)
w(1,137,22,58,58)
w(1,138,22,59,59)
w(8,28,22,60,60)
w(264,3,22,61,61)
w(0,279,22,62,62)
w(10,20,22,63,63)
w(3,68,22,64,64)
w(0,280,22,65,65)
w(898,2,22,66,66)
w(1,139,22,67,67)
w(1,140,22,68,68)
r(860,1,22,69,69)
w(39,9,22,70,70)
w(822,1,22,71,71)
w(3,69,22,72,72)
r(222,0,22,73,73)
w(744,1,22,74,74)
r(8,28,22,75,75)
r(10,20,22,76,76)
r(18,14,22,77,77)
w(114,4,22,78,78)
w(0,281,22,79,79)
w(17,11,22,80,80)
w(523,1,22,81,81)
w(37,10,22,82,82)
w(5,52,22,83,83)
w(12,25,22,84,84)
r(88,2,22,85,85)
w(2,81,22,86,86)
w(49,9,22,87,87)
w(373,2,22,88,88)
w(0,282,22,89,89)
w(1,141,22,90,90)
w(2,82,22,91,91)
w(1,142,22,92,92)
w(1,143,22,93,93)
w(7,47,22,94,94)
w(27,4,22,95,95)
w(8,29,22,96,96)
w(49,10,22,97,97)
w(235,2,22,98,98)
w(0,283,22,99,99)
w(105,1,23,0,0)
r(29,12,23,1,1)
w(120,2,23,2,2)
w(9,40,23,3,3)
w(916,1,23,4,4)
w(404,2,23,5,5)
w(0,284,23,6,6)
w(0,285,23,7,7)
w(13,23,23,8,8)
w(8,30,23,9,9)
w(834,1,23,10,10)
w(8,31,23,11,11)
w(1,144,23,12,12)
w(60,5,23,13,13)
w(117,2,23,14,14)
w(16,20,23,15,15)
w(5,53,23,16,16)
w(845,1,23,17,17)
w(144,3,23,18,18)
w(230,3,23,19,19)
w(1,145,23,20,20)
w(5,54,23,21,21)
w(29,13,23,22,22)
w(0,286,23,23,23)
w(0,287,23,24,24)
w(0,288,23,25,25)
r(231,5,23,26,26)
w(9,41,23,27,27)
w(7,48,23,28,28)
w(0,289,23,29,29)
w(173,3,23,30,30)
w(30,11,23,31,31)
r(722,0,23,32,32)
w(436,2,23,33,33)
r(3,69,23,34,34)
w(23,15,23,35,35)
w(72,7,23,36,36)
w(28,14,23,37,37)
w(327,5,23,38,38)
w(364,1,23,39,39)
w(11,23,23,40,40)
w(79,3,23,41,41)
w(55,5,23,42,42)
w(0,290,23,43,43)
w(47,5,23,44,44)
w(6,39,23,45,45)
w(0,291,23,46,46)
w(87,3,23,47,47)
w(287,2,23,48,48)
w(71,4,23,49,49)
r(836,1,23,50,50)
w(318,1,23,51,51)
w(374,1,23,52,52)
w(6,40,23,53,53)
w(6,41,23,54,54)
w(217,3,23,55,55)
r(117,2,23,56,56)
w(1,146,23,57,57)
w(9,42,23,58,58)
w(0,292,23,59,59)
w(32,7,23,60,60)
w(193,1,23,61,61)
w(0,293,23,62,62)
w(0,294,23,63,63)
w(53,4,23,64,64)
w(411,4,23,65,65)
w(4,55,23,66,66)
w(59,8,23,67,67)
w(594,1,23,68,68)
w(1,147,23,69,69)
r(92,5,23,70,70)
w(152,2,23,71,71)
r(2,82,23,72,72)
w(45,7,23,73,73)
w(3,70,23,74,74)
w(51,4,23,75,75)
r(432,1,23,76,76)
w(1,148,23,77,77)
r(5,54,23,78,78)
w(2,83,23,79,79)
w(14,20,23,80,80)
w(184,2,23,81,81)
w(0,295,23,82,82)
w(7,49,23,83,83)
w(4,56,23,84,84)
w(308,1,23,85,85)
w(0,296,23,86,86)
w(355,1,23,87,87)
r(1,148,23,88,88)
w(240,2,23,89,89)
r(195,1,23,90,90)
w(296,1,23,91,91)
w(9,43,23,92,92)
w(1,149,23,93,93)
w(59,9,23,94,94)
w(0,297,23,95,95)
w(4,57,23,96,96)
w(10,21,23,97,97)
w(187,1,23,98,98)
w(596,1,23,99,99)
w(1,150,24,0,0)
w(24,7,24,1,1)
w(532,3,24,2,2)
w(1,151,24,3,3)
w(318,2,24,4,4)
w(734,1,24,5,5)
w(0,298,24,6,6)
w(6,42,24,7,7)
w(2,84,24,8,8)
w(14,21,24,9,9)
r(192,0,24,10,10)
w(8,32,24,11,11)
w(51,5,24,12,12)
w(1,152,24,13,13)
w(11,24,24,14,14)
w(9,44,24,15,15)
w(5,55,24,16,16)
w(64,7,24,17,17)
w(90,2,24,18,18)
w(203,2,24,19,19)
w(0,299,24,20,20)
w(5,56,24,21,21)
w(3,71,24,22,22)
w(2,85,24,23,23)
w(36,11,24,24,24)
w(1,153,24,25,25)
r(40,5,24,26,26)
w(0,300,24,27,27)
w(20,13,24,28,28)
w(91,3,24,29,29)
w(4,58,24,30,30)
w(0,301,24,31,31)
w(34,8,24,32,32)
w(16,21,24,33,33)
w(1,154,24,34,34)
r(115,3,24,35,35)
w(260,2,24,36,36)
w(678,1,24,37,37)
w(0,302,24,38,38)
w(5,57,24,39,39)
w(289,2,24,40,40)
w(651,1,24,41,41)
w(120,3,24,42,42)
w(229,3,24,43,43)
w(37,11,24,44,44)
w(150,6,24,45,45)
w(68,4,24,46,46)
w(0,303,24,47,47)
w(231,6,24,48,48)
w(345,1,24,49,49)
w(33,5,24,50,50)
w(929,1,24,51,51)
w(98,4,24,52,52)
w(8,33,24,53,53)
r(78,3,24,54,54)
w(31,12,24,55,55)
w(264,4,24,56,56)
w(597,1,24,57,57)
w(39,10,24,58,58)
w(18,15,24,59,59)
w(67,6,24,60,60)
r(10,21,24,61,61)
w(0,304,24,62,62)
w(631,1,24,63,63)
r(163,1,24,64,64)
w(93,2,24,65,65)
w(11,25,24,66,66)
w(160,2,24,67,67)
w(0,305,24,68,68)
w(6,43,24,69,69)
w(116,1,24,70,70)
w(1,155,24,71,71)
w(64,8,24,72,72)
w(3,72,24,73,73)
w(12,26,24,74,74)
w(1,156,24,75,75)
w(660,1,24,76,76)
w(53,5,24,77,77)
w(565,1,24,78,78)
w(22,10,24,79,79)
w(119,4,24,80,80)
w(42,5,24,81,81)
w(55,6,24,82,82)
r(36,11,24,83,83)
w(431,1,24,84,84)
w(22,11,24,85,85)
w(1,157,24,86,86)
w(25,11,24,87,87)
w(0,306,24,88,88)
w(4,59,24,89,89)
w(198,1,24,90,90)
w(113,2,24,91,91)
w(352,2,24,92,92)
w(76,4,24,93,93)
w(0,307,24,94,94)
r(160,2,24,95,95)
w(50,7,24,96,96)
w(3,73,24,97,97)
w(207,1,24,98,98)
w(234,3,24,99,99)
w(336,2,25,0,0)
w(294,1,25,1,1)
w(2,86,25,2,2)
w(6,44,25,3,3)
w(202,2,25,4,4)
w(273,1,25,5,5)
w(443,2,25,6,6)
w(221,4,25,7,7)
w(0,308,25,8,8)
w(893,2,25,9,9)
w(272,1,25,10,10)
w(109,4,25,11,11)
w(21,18,25,12,12)
w(7,50,25,13,13)
w(712,2,25,14,14)
w(21,19,25,15,15)
w(204,2,25,16,16)
w(0,309,25,17,17)
w(5,58,25,18,18)
w(4,60,25,19,19)
w(15,28,25,20,20)
r(294,1,25,21,21)
w(0,310,25,22,22)
w(873,1,25,23,23)
w(641,4,25,24,24)
w(894,1,25,25,25)
w(125,1,25,26,26)
w(97,4,25,27,27)
w(27,5,25,28,28)
w(7,51,25,29,29)
r(2,86,25,30,30)
r(432,1,25,31,31)
w(0,311,25,32,32)
w(1,158,25,33,33)
w(281,3,25,34,34)
w(2,87,25,35,35)
w(458,1,25,36,36)
w(118,2,25,37,37)
w(2,88,25,38,38)
w(5,59,25,39,39)
w(0,312,25,40,40)
w(13,24,25,41,41)
w(547,1,25,42,42)
w(0,313,25,43,43)
w(9,45,25,44,44)
w(0,314,25,45,45)
w(68,5,25,46,46)
w(59,10,25,47,47)
w(30,12,25,48,48)
w(0,315,25,49,49)
w(21,20,25,50,50)
w(6,45,25,51,51)
w(23,16,25,52,52)
w(241,2,25,53,53)
w(0,316,25,54,54)
w(395,2,25,55,55)
w(427,3,25,56,56)
w(323,2,25,57,57)
w(4,61,25,58,58)
r(146,2,25,59,59)
w(0,317,25,60,60)
w(12,27,25,61,61)
w(792,1,25,62,62)
w(20,14,25,63,63)
w(2,89,25,64,64)
r(0,317,25,65,65)
w(0,318,25,66,66)
r(277,2,25,67,67)
w(4,62,25,68,68)
r(2,89,25,69,69)
r(397,3,25,70,70)
w(3,74,25,71,71)
w(43,11,25,72,72)
w(35,13,25,73,73)
w(0,319,25,74,74)
w(2,90,25,75,75)
w(0,320,25,76,76)
w(0,321,25,77,77)
w(4,63,25,78,78)
r(9,45,25,79,79)
w(11,26,25,80,80)
w(934,1,25,81,81)
w(0,322,25,82,82)
w(8,34,25,83,83)
r(11,26,25,84,84)
w(21,21,25,85,85)
w(1,159,25,86,86)
w(176,1,25,87,87)
w(3,75,25,88,88)
w(67,7,25,89,89)
w(2,91,25,90,90)
r(0,322,25,91,91)
w(256,3,25,92,92)
w(135,3,25,93,93)
w(222,1,25,94,94)
w(738,1,25,95,95)
w(115,4,25,96,96)
w(1,160,25,97,97)
w(0,323,25,98,98)
w(109,5,25,99,99)
w(165,3,26,0,0)
w(48,2,26,1,1)
w(4,64,26,2,2)
w(14,22,26,3,3)
w(0,324,26,4,4)
r(88,2,26,5,5)
w(64,9,26,6,6)
w(2,92,26,7,7)
w(117,3,26,8,8)
w(2,93,26,9,9)
w(1,161,26,10,10)
r(28,14,26,11,11)
w(0,325,26,12,12)
r(414,1,26,13,13)
w(0,326,26,14,14)
w(128,2,26,15,15)
w(139,2,26,16,16)
w(11,27,26,17,17)
w(834,2,26,18,18)
w(20,15,26,19,19)
w(2,94,26,20,20)
w(0,327,26,21,21)
w(0,328,26,22,22)
w(1,162,26,23,23)
w(0,329,26,24,24)
r(127,2,26,25,25)
w(2,95,26,26,26)
w(61,6,26,27,27)
r(47,5,26,28,28)
w(7,52,26,29,29)
w(4,65,26,30,30)
w(14,23,26,31,31)
w(17,12,26,32,32)
w(0,330,26,33,33)
w(18,16,26,34,34)
w(33,6,26,35,35)
r(39,10,26,36,36)
w(3,76,26,37,37)
r(3,76,26,38,38)
w(0,331,26,39,39)
w(186,3,26,40,40)
w(51,6,26,41,41)
w(19,14,26,42,42)
w(241,3,26,43,43)
w(1,163,26,44,44)
w(21,22,26,45,45)
w(187,2,26,46,46)
w(444,1,26,47,47)
r(24,7,26,48,48)
w(23,17,26,49,49)
w(6,46,26,50,50)
w(112,1,26,51,51)
w(59,11,26,52,52)
w(0,332,26,53,53)
w(977,1,26,54,54)
r(95,3,26,55,55)
w(0,333,26,56,56)
w(93,3,26,57,57)
w(3,77,26,58,58)
w(546,3,26,59,59)
w(1,164,26,60,60)
w(104,4,26,61,61)
w(0,334,26,62,62)
w(49,11,26,63,63)
r(4,65,26,64,64)
w(1,165,26,65,65)
w(682,1,26,66,66)
w(456,3,26,67,67)
r(262,2,26,68,68)
w(10,22,26,69,69)
w(23,18,26,70,70)
w(49,12,26,71,71)
w(99,3,26,72,72)
w(3,78,26,73,73)
w(8,35,26,74,74)
w(666,1,26,75,75)
r(3,78,26,76,76)
w(55,7,26,77,77)
w(18,17,26,78,78)
w(10,23,26,79,79)
w(161,3,26,80,80)
r(28,14,26,81,81)
w(1,166,26,82,82)
w(41,4,26,83,83)
w(0,335,26,84,84)
w(1,167,26,85,85)
r(405,0,26,86,86)
w(1,168,26,87,87)
w(187,3,26,88,88)
w(844,3,26,89,89)
w(67,8,26,90,90)
w(0,336,26,91,91)
w(0,337,26,92,92)
r(2,95,26,93,93)
w(284,3,26,94,94)
w(8,36,26,95,95)
w(2,96,26,96,96)
w(222,2,26,97,97)
w(1,169,26,98,98)
w(234,4,26,99,99)
w(648,1,27,0,0)
w(240,3,27,1,1)
w(713,2,27,2,2)
w(112,2,27,3,3)
w(455,1,27,4,4)
w(52,6,27,5,5)
w(0,338,27,6,6)
w(242,6,27,7,7)
w(59,12,27,8,8)
w(2,97,27,9,9)
w(348,2,27,10,10)
w(335,2,27,11,11)
w(38,7,27,12,12)
w(317,1,27,13,13)
w(656,1,27,14,14)
w(489,1,27,15,15)
w(302,1,27,16,16)
w(0,339,27,17,17)
w(7,53,27,18,18)
w(244,4,27,19,19)
w(808,2,27,20,20)
w(7,54,27,21,21)
r(11,27,27,22,22)
w(428,1,27,23,23)
w(29,14,27,24,24)
w(207,2,27,25,25)
w(41,5,27,26,26)
w(2,98,27,27,27)
w(0,340,27,28,28)
w(936,1,27,29,29)
w(777,1,27,30,30)
w(174,4,27,31,31)
w(194,1,27,32,32)
w(295,1,27,33,33)
w(598,1,27,34,34)
w(10,24,27,35,35)
w(64,10,27,36,36)
w(69,4,27,37,37)
w(281,4,27,38,38)
w(47,6,27,39,39)
w(1,170,27,40,40)
r(128,2,27,41,41)
r(697,0,27,42,42)
w(1,171,27,43,43)
w(127,3,27,44,44)
r(149,1,27,45,45)
r(1,171,27,46,46)
w(0,341,27,47,47)
w(77,4,27,48,48)
w(28,15,27,49,49)
w(18,18,27,50,50)
w(5,60,27,51,51)
w(0,342,27,52,52)
w(95,4,27,53,53)
w(148,2,27,54,54)
r(400,1,27,55,55)
w(6,47,27,56,56)
w(1,172,27,57,57)
w(26,13,27,58,58)
w(442,2,27,59,59)
w(227,2,27,60,60)
w(13,25,27,61,61)
w(0,343,27,62,62)
w(8,37,27,63,63)
w(641,5,27,64,64)
w(47,7,27,65,65)
w(7,55,27,66,66)
w(0,344,27,67,67)
w(0,345,27,68,68)
w(18,19,27,69,69)
w(13,26,27,70,70)
w(539,2,27,71,71)
w(0,346,27,72,72)
w(7,56,27,73,73)
w(4,66,27,74,74)
w(1,173,27,75,75)
w(179,1,27,76,76)
w(0,347,27,77,77)
w(108,3,27,78,78)
w(2,99,27,79,79)
r(88,2,27,80,80)
w(0,348,27,81,81)
w(1,174,27,82,82)
w(2,100,27,83,83)
r(6,47,27,84,84)
w(46,3,27,85,85)
w(23,19,27,86,86)
w(48,3,27,87,87)
w(212,2,27,88,88)
w(29,15,27,89,89)
w(172,2,27,90,90)
w(380,1,27,91,91)
w(61,7,27,92,92)
w(134,3,27,93,93)
w(2,101,27,94,94)
r(578,1,27,95,95)
w(4,67,27,96,96)
w(477,1,27,97,97)
w(5,61,27,98,98)
w(478,1,27,99,99)
w(3,79,28,0,0)
w(140,1,28,1,1)
w(0,349,28,2,2)
r(20,15,28,3,3)
w(16,22,28,4,4)
w(99,4,28,5,5)
w(0,350,28,6,6)
w(499,1,28,7,7)
w(52,7,28,8,8)
w(1,175,28,9,9)
w(46,4,28,10,10)
r(892,0,28,11,11)
w(5,62,28,12,12)
w(2,102,28,13,13)
w(1,176,28,14,14)
w(807,1,28,15,15)
w(71,5,28,16,16)
w(37,12,28,17,17)
w(63,3,28,18,18)
w(11,28,28,19,19)
w(626,3,28,20,20)
w(439,1,28,21,21)
r(135,3,28,22,22)
w(12,28,28,23,23)
w(2,103,28,24,24)
w(2,104,28,25,25)
w(1,177,28,26,26)
w(8,38,28,27,27)
r(10,24,28,28,28)
w(422,1,28,29,29)
w(5,63,28,30,30)
w(29,16,28,31,31)
r(2,104,28,32,32)
w(0,351,28,33,33)
w(394,3,28,34,34)
w(5,64,28,35,35)
w(5,65,28,36,36)
w(2,105,28,37,37)
w(65,6,28,38,38)
w(17,13,28,39,39)
w(0,352,28,40,40)
w(2,106,28,41,41)
w(233,1,28,42,42)
w(174,5,28,43,43)
w(1,178,28,44,44)
w(3,80,28,45,45)
w(142,3,28,46,46)
w(2,107,28,47,47)
w(606,2,28,48,48)
w(920,1,28,49,49)
w(902,1,28,50,50)
w(345,2,28,51,51)
w(75,5,28,52,52)
w(213,2,28,53,53)
w(926,1,28,54,54)
w(415,3,28,55,55)
w(4,68,28,56,56)
w(1,179,28,57,57)
w(12,29,28,58,58)
w(581,4,28,59,59)
w(0,353,28,60,60)
w(0,354,28,61,61)
w(234,5,28,62,62)
w(66,7,28,63,63)
w(546,4,28,64,64)
w(1,180,28,65,65)
w(63,4,28,66,66)
w(25,12,28,67,67)
w(17,14,28,68,68)
w(6,48,28,69,69)
w(2,108,28,70,70)
w(30,13,28,71,71)
r(0,354,28,72,72)
w(319,1,28,73,73)
r(769,0,28,74,74)
w(161,4,28,75,75)
r(0,354,28,76,76)
w(1,181,28,77,77)
w(116,2,28,78,78)
w(0,355,28,79,79)
w(2,109,28,80,80)
r(0,355,28,81,81)
w(507,4,28,82,82)
w(0,356,28,83,83)
w(710,2,28,84,84)
w(42,6,28,85,85)
w(41,6,28,86,86)
w(5,66,28,87,87)
w(21,23,28,88,88)
w(167,5,28,89,89)
w(891,1,28,90,90)
w(375,1,28,91,91)
w(1,182,28,92,92)
w(6,49,28,93,93)
r(6,49,28,94,94)
w(11,29,28,95,95)
w(4,69,28,96,96)
w(728,2,28,97,97)
w(130,3,28,98,98)
w(15,29,28,99,99)
w(90,3,29,0,0)
w(392,3,29,1,1)
w(0,357,29,2,2)
w(10,25,29,3,3)
r(5,66,29,4,4)
w(1,183,29,5,5)
w(53,6,29,6,6)
r(875,1,29,7,7)
w(4,70,29,8,8)
w(131,4,29,9,9)
w(2,110,29,10,10)
w(8,39,29,11,11)
w(565,2,29,12,12)
w(35,14,29,13,13)
w(1,184,29,14,14)
w(6,50,29,15,15)
w(0,358,29,16,16)
w(23,20,29,17,17)
w(117,4,29,18,18)
w(0,359,29,19,19)
w(11,30,29,20,20)
w(4,71,29,21,21)
w(11,31,29,22,22)
w(268,4,29,23,23)
w(347,1,29,24,24)
w(409,1,29,25,25)
w(1,185,29,26,26)
w(503,1,29,27,27)
w(96,1,29,28,28)
w(716,1,29,29,29)
w(205,2,29,30,30)
w(36,12,29,31,31)
w(31,13,29,32,32)
w(64,11,29,33,33)
w(0,360,29,34,34)
w(17,15,29,35,35)
r(23,20,29,36,36)
w(0,361,29,37,37)
w(413,1,29,38,38)
w(5,67,29,39,39)
w(317,2,29,40,40)
w(6,51,29,41,41)
w(698,2,29,42,42)
w(0,362,29,43,43)
w(67,9,29,44,44)
w(117,5,29,45,45)
w(158,5,29,46,46)
w(304,5,29,47,47)
w(3,81,29,48,48)
w(2,111,29,49,49)
w(721,1,29,50,50)
w(14,24,29,51,51)
r(2,111,29,52,52)
w(924,2,29,53,53)
r(382,1,29,54,54)
r(8,39,29,55,55)
w(322,1,29,56,56)
w(85,5,29,57,57)
w(61,8,29,58,58)
w(1,186,29,59,59)
w(0,363,29,60,60)
w(17,16,29,61,61)
w(0,364,29,62,62)
w(29,17,29,63,63)
w(252,1,29,64,64)
w(1,187,29,65,65)
w(200,1,29,66,66)
w(9,46,29,67,67)
r(25,12,29,68,68)
w(517,2,29,69,69)
w(276,4,29,70,70)
w(49,13,29,71,71)
w(7,57,29,72,72)
r(20,15,29,73,73)
w(521,1,29,74,74)
w(7,58,29,75,75)
w(1,188,29,76,76)
w(7,59,29,77,77)
w(1,189,29,78,78)
r(596,1,29,79,79)
r(3,81,29,80,80)
w(193,2,29,81,81)
w(1,190,29,82,82)
w(155,4,29,83,83)
w(12,30,29,84,84)
w(4,72,29,85,85)
w(51,7,29,86,86)
w(2,112,29,87,87)
w(14,25,29,88,88)
r(14,25,29,89,89)
w(7,60,29,90,90)
w(1,191,29,91,91)
w(2,113,29,92,92)
w(0,365,29,93,93)
w(0,366,29,94,94)
w(25,13,29,95,95)
w(1,192,29,96,96)
w(45,8,29,97,97)
w(242,7,29,98,98)
w(2,114,29,99,99)
w(0,367,30,0,0)
r(1,192,30,1,1)
w(21,24,30,2,2)
w(1,193,30,3,3)
w(263,1,30,4,4)
w(335,3,30,5,5)
w(0,368,30,6,6)
w(786,2,30,7,7)
w(115,5,30,8,8)
w(17,17,30,9,9)
w(8,40,30,10,10)
w(303,1,30,11,11)
w(11,32,30,12,12)
w(2,115,30,13,13)
w(6,52,30,14,14)
w(59,13,30,15,15)
w(2,116,30,16,16)
w(3,82,30,17,17)
w(15,30,30,18,18)
w(10,26,30,19,19)
w(2,117,30,20,20)
w(719,1,30,21,21)
w(810,1,30,22,22)
w(948,3,30,23,23)
w(1,194,30,24,24)
w(830,1,30,25,25)
r(8,40,30,26,26)
r(46,4,30,27,27)
r(0,368,30,28,28)
w(60,6,30,29,29)
w(30,14,30,30,30)
w(491,2,30,31,31)
w(2,118,30,32,32)
w(5,68,30,33,33)
r(16,22,30,34,34)
w(849,1,30,35,35)
w(208,1,30,36,36)
w(190,4,30,37,37)
w(134,4,30,38,38)
r(3,82,30,39,39)
w(3,83,30,40,40)
w(66,8,30,41,41)
w(4,73,30,42,42)
w(584,1,30,43,43)
r(2,118,30,44,44)
w(135,4,30,45,45)
w(22,12,30,46,46)
w(85,6,30,47,47)
r(0,368,30,48,48)
w(48,4,30,49,49)
w(3,84,30,50,50)
w(388,1,30,51,51)
w(18,20,30,52,52)
w(2,119,30,53,53)
w(3,85,30,54,54)
r(8,40,30,55,55)
w(532,4,30,56,56)
w(860,2,30,57,57)
w(26,14,30,58,58)
w(0,369,30,59,59)
w(0,370,30,60,60)
w(3,86,30,61,61)
w(0,371,30,62,62)
w(455,2,30,63,63)
w(15,31,30,64,64)
w(105,2,30,65,65)
w(0,372,30,66,66)
w(7,61,30,67,67)
r(100,4,30,68,68)
w(2,120,30,69,69)
w(0,373,30,70,70)
w(665,2,30,71,71)
r(489,1,30,72,72)
r(8,40,30,73,73)
w(424,1,30,74,74)
w(175,4,30,75,75)
w(484,3,30,76,76)
w(26,15,30,77,77)
w(3,87,30,78,78)
w(289,3,30,79,79)
w(16,23,30,80,80)
w(30,15,30,81,81)
w(19,15,30,82,82)
r(13,26,30,83,83)
w(31,14,30,84,84)
w(2,121,30,85,85)
w(5,69,30,86,86)
w(18,21,30,87,87)
r(76,4,30,88,88)
w(234,6,30,89,89)
w(33,7,30,90,90)
w(14,26,30,91,91)
w(160,3,30,92,92)
w(92,6,30,93,93)
w(124,3,30,94,94)
w(0,374,30,95,95)
w(38,8,30,96,96)
w(3,88,30,97,97)
w(10,27,30,98,98)
w(44,3,30,99,99)
w(768,2,31,0,0)
w(8,41,31,1,1)
w(31,15,31,2,2)
w(14,27,31,3,3)
w(98,5,31,4,4)
r(80,3,31,5,5)
w(281,5,31,6,6)
w(2,122,31,7,7)
r(505,0,31,8,8)
w(1,195,31,9,9)
w(41,7,31,10,10)
w(74,2,31,11,11)
w(93,4,31,12,12)
w(3,89,31,13,13)
w(1,196,31,14,14)
w(8,42,31,15,15)
w(3,90,31,16,16)
w(3,91,31,17,17)
w(277,3,31,18,18)
w(33,8,31,19,19)
w(7,62,31,20,20)
w(214,1,31,21,21)
w(14,28,31,22,22)
w(181,1,31,23,23)
w(472,1,31,24,24)
w(126,2,31,25,25)
w(304,6,31,26,26)
w(176,2,31,27,27)
w(1,197,31,28,28)
r(91,3,31,29,29)
w(15,32,31,30,30)
w(2,123,31,31,31)
w(0,375,31,32,32)
w(451,1,31,33,33)
w(0,376,31,34,34)
w(6,53,31,35,35)
w(474,2,31,36,36)
w(158,6,31,37,37)
r(275,0,31,38,38)
w(186,4,31,39,39)
w(16,24,31,40,40)
w(2,124,31,41,41)
w(110,1,31,42,42)
w(9,47,31,43,43)
w(3,92,31,44,44)
w(0,377,31,45,45)
w(692,1,31,46,46)
w(1,198,31,47,47)
w(0,378,31,48,48)
w(0,379,31,49,49)
w(43,12,31,50,50)
r(52,7,31,51,51)
w(53,7,31,52,52)
w(0,380,31,53,53)
r(294,1,31,54,54)
w(92,7,31,55,55)
w(63,5,31,56,56)
w(112,3,31,57,57)
w(5,70,31,58,58)
w(13,27,31,59,59)
w(0,381,31,60,60)
w(6,54,31,61,61)
w(3,93,31,62,62)
w(160,4,31,63,63)
w(9,48,31,64,64)
w(168,3,31,65,65)
r(17,17,31,66,66)
w(161,5,31,67,67)
w(16,25,31,68,68)
w(2,125,31,69,69)
w(26,16,31,70,70)
w(904,1,31,71,71)
w(974,2,31,72,72)
w(302,2,31,73,73)
w(82,4,31,74,74)
w(10,28,31,75,75)
w(58,7,31,76,76)
w(150,7,31,77,77)
w(1,199,31,78,78)
w(889,2,31,79,79)
w(5,71,31,80,80)
r(1,199,31,81,81)
w(343,1,31,82,82)
w(0,382,31,83,83)
w(572,1,31,84,84)
w(8,43,31,85,85)
w(947,1,31,86,86)
w(17,18,31,87,87)
r(43,12,31,88,88)
w(222,3,31,89,89)
w(0,383,31,90,90)
w(0,384,31,91,91)
w(172,3,31,92,92)
w(0,385,31,93,93)
w(0,386,31,94,94)
w(224,2,31,95,95)
w(230,4,31,96,96)
w(0,387,31,97,97)
w(49,14,31,98,98)
r(48,4,31,99,99)
w(31,16,32,0,0)
w(38,9,32,1,1)
w(94,5,32,2,2)
w(219,4,32,3,3)
w(15,33,32,4,4)
w(13,28,32,5,5)
r(23,20,32,6,6)
w(6,55,32,7,7)
w(16,26,32,8,8)
w(11,33,32,9,9)
w(10,29,32,10,10)
w(77,5,32,11,11)
w(2,126,32,12,12)
w(3,94,32,13,13)
w(13,29,32,14,14)
w(0,388,32,15,15)
w(13,30,32,16,16)
w(182,2,32,17,17)
w(2,127,32,18,18)
w(7,63,32,19,19)
w(13,31,32,20,20)
w(0,389,32,21,21)
w(0,390,32,22,22)
w(7,64,32,23,23)
r(42,6,32,24,24)
w(252,2,32,25,25)
w(750,1,32,26,26)
w(34,9,32,27,27)
w(1,200,32,28,28)
w(3,95,32,29,29)
w(433,4,32,30,30)
w(3,96,32,31,31)
r(349,1,32,32,32)
w(335,4,32,33,33)
w(696,2,32,34,34)
w(1,201,32,35,35)
w(16,27,32,36,36)
w(134,5,32,37,37)
w(46,5,32,38,38)
w(59,14,32,39,39)
w(17,19,32,40,40)
w(116,3,32,41,41)
w(1,202,32,42,42)
w(17,20,32,43,43)
w(615,2,32,44,44)
w(78,4,32,45,45)
w(0,391,32,46,46)
w(254,1,32,47,47)
r(3,96,32,48,48)
w(2,128,32,49,49)
w(1,203,32,50,50)
w(72,8,32,51,51)
w(240,4,32,52,52)
w(9,49,32,53,53)
w(232,1,32,54,54)
w(17,21,32,55,55)
w(142,4,32,56,56)
w(1,204,32,57,57)
w(1,205,32,58,58)
w(25,14,32,59,59)
w(16,28,32,60,60)
w(0,392,32,61,61)
w(619,1,32,62,62)
w(17,22,32,63,63)
r(6,55,32,64,64)
w(93,5,32,65,65)
w(875,2,32,66,66)
w(10,30,32,67,67)
w(1,206,32,68,68)
w(7,65,32,69,69)
w(188,2,32,70,70)
w(291,1,32,71,71)
w(19,16,32,72,72)
w(145,3,32,73,73)
w(4,74,32,74,74)
w(2,129,32,75,75)
w(198,2,32,76,76)
w(0,393,32,77,77)
r(9,49,32,78,78)
w(625,1,32,79,79)
w(8,44,32,80,80)
w(0,394,32,81,81)
w(494,1,32,82,82)
w(4,75,32,83,83)
w(247,2,32,84,84)
r(10,30,32,85,85)
w(91,4,32,86,86)
w(222,4,32,87,87)
w(2,130,32,88,88)
w(723,1,32,89,89)
w(1,207,32,90,90)
w(380,2,32,91,91)
w(22,13,32,92,92)
w(1,208,32,93,93)
w(1,209,32,94,94)
w(4,76,32,95,95)
r(5,71,32,96,96)
w(0,395,32,97,97)
w(13,32,32,98,98)
w(16,29,32,99,99)
w(125,2,33,0,0)
w(0,396,33,1,1)
w(58,8,33,2,2)
w(216,3,33,3,3)
w(1,210,33,4,4)
w(0,397,33,5,5)
w(0,398,33,6,6)
w(3,97,33,7,7)
w(1,211,33,8,8)
w(0,399,33,9,9)
w(18,22,33,10,10)
w(311,2,33,11,11)
w(44,4,33,12,12)
w(276,5,33,13,13)
w(0,400,33,14,14)
w(5,72,33,15,15)
w(12,31,33,16,16)
w(324,3,33,17,17)
r(30,15,33,18,18)
w(0,401,33,19,19)
w(50,8,33,20,20)
w(193,3,33,21,21)
w(15,34,33,22,22)
r(2,130,33,23,23)
w(0,402,33,24,24)
w(668,2,33,25,25)
w(16,30,33,26,26)
w(957,1,33,27,27)
w(0,403,33,28,28)
r(750,1,33,29,29)
w(381,2,33,30,30)
w(0,404,33,31,31)
w(28,16,33,32,32)
r(117,5,33,33,33)
w(0,405,33,34,34)
w(7,66,33,35,35)
w(0,406,33,36,36)
w(37,13,33,37,37)
w(0,407,33,38,38)
w(1,212,33,39,39)
w(47,8,33,40,40)
w(620,3,33,41,41)
w(34,10,33,42,42)
w(244,5,33,43,43)
w(0,408,33,44,44)
w(0,409,33,45,45)
w(129,1,33,46,46)
r(0,409,33,47,47)
r(820,0,33,48,48)
w(0,410,33,49,49)
w(13,33,33,50,50)
r(33,8,33,51,51)
w(31,17,33,52,52)
w(0,411,33,53,53)
w(360,2,33,54,54)
w(0,412,33,55,55)
w(0,413,33,56,56)
w(3,98,33,57,57)
w(72,9,33,58,58)
w(130,4,33,59,59)
w(13,34,33,60,60)
w(703,1,33,61,61)
w(6,56,33,62,62)
w(0,414,33,63,63)
w(19,17,33,64,64)
w(678,2,33,65,65)
w(35,15,33,66,66)
r(15,34,33,67,67)
w(140,2,33,68,68)
w(248,1,33,69,69)
w(2,131,33,70,70)
r(0,414,33,71,71)
w(7,67,33,72,72)
w(32,8,33,73,73)
w(20,16,33,74,74)
w(83,3,33,75,75)
w(3,99,33,76,76)
w(766,1,33,77,77)
r(120,3,33,78,78)
w(1,213,33,79,79)
w(332,1,33,80,80)
r(2,131,33,81,81)
w(16,31,33,82,82)
w(0,415,33,83,83)
w(7,68,33,84,84)
w(86,3,33,85,85)
w(659,1,33,86,86)
w(4,77,33,87,87)
w(2,132,33,88,88)
w(549,1,33,89,89)
w(368,2,33,90,90)
w(26,17,33,91,91)
w(43,13,33,92,92)
w(29,18,33,93,93)
r(617,1,33,94,94)
w(0,416,33,95,95)
w(327,6,33,96,96)
r(707,0,33,97,97)
w(2,133,33,98,98)
w(4,78,33,99,99)
w(361,1,34,0,0)
w(238,2,34,1,1)
w(4,79,34,2,2)
w(38,10,34,3,3)
w(16,32,34,4,4)
w(1,214,34,5,5)
w(305,2,34,6,6)
w(1,215,34,7,7)
w(473,1,34,8,8)
w(7,69,34,9,9)
w(15,35,34,10,10)
w(0,417,34,11,11)
w(177,2,34,12,12)
w(2,134,34,13,13)
w(66,9,34,14,14)
w(9,50,34,15,15)
w(7,70,34,16,16)
w(21,25,34,17,17)
w(119,5,34,18,18)
r(779,1,34,19,19)
w(11,34,34,20,20)
w(631,2,34,21,21)
w(2,135,34,22,22)
w(528,3,34,23,23)
w(12,32,34,24,24)
w(36,13,34,25,25)
w(24,8,34,26,26)
w(358,1,34,27,27)
w(789,1,34,28,28)
w(68,6,34,29,29)
w(2,136,34,30,30)
w(10,31,34,31,31)
w(0,418,34,32,32)
w(5,73,34,33,33)
w(0,419,34,34,34)
w(5,74,34,35,35)
w(18,23,34,36,36)
w(0,420,34,37,37)
w(13,35,34,38,38)
w(749,1,34,39,39)
w(3,100,34,40,40)
r(38,10,34,41,41)
w(234,7,34,42,42)
w(2,137,34,43,43)
w(40,6,34,44,44)
w(834,3,34,45,45)
w(0,421,34,46,46)
w(10,32,34,47,47)
w(3,101,34,48,48)
w(56,5,34,49,49)
w(259,4,34,50,50)
w(3,102,34,51,51)
r(1,215,34,52,52)
w(79,4,34,53,53)
r(387,1,34,54,54)
r(90,3,34,55,55)
w(942,1,34,56,56)
w(2,138,34,57,57)
w(18,24,34,58,58)
w(0,422,34,59,59)
w(636,1,34,60,60)
w(33,9,34,61,61)
w(51,8,34,62,62)
w(2,139,34,63,63)
w(80,4,34,64,64)
w(10,33,34,65,65)
w(7,71,34,66,66)
w(0,423,34,67,67)
r(20,16,34,68,68)
w(8,45,34,69,69)
w(521,2,34,70,70)
w(97,5,34,71,71)
w(553,1,34,72,72)
w(209,3,34,73,73)
w(932,1,34,74,74)
r(391,0,34,75,75)
w(0,424,34,76,76)
w(6,57,34,77,77)
w(715,3,34,78,78)
w(397,4,34,79,79)
w(523,2,34,80,80)
w(0,425,34,81,81)
w(55,8,34,82,82)
w(25,15,34,83,83)
w(19,18,34,84,84)
w(1,216,34,85,85)
w(138,4,34,86,86)
w(3,103,34,87,87)
w(46,6,34,88,88)
w(1,217,34,89,89)
r(2,139,34,90,90)
w(364,2,34,91,91)
w(3,104,34,92,92)
w(60,7,34,93,93)
w(40,7,34,94,94)
w(16,33,34,95,95)
w(1,218,34,96,96)
w(0,426,34,97,97)
w(20,17,34,98,98)
w(0,427,34,99,99)
w(0,428,35,0,0)
w(41,8,35,1,1)
w(96,2,35,2,2)
w(8,46,35,3,3)
w(35,16,35,4,4)
w(131,5,35,5,5)
w(118,3,35,6,6)
w(4,80,35,7,7)
w(39,11,35,8,8)
r(140,2,35,9,9)
w(1,219,35,10,10)
w(123,3,35,11,11)
w(52,8,35,12,12)
r(227,2,35,13,13)
w(777,2,35,14,14)
w(19,19,35,15,15)
w(2,140,35,16,16)
r(22,13,35,17,17)
w(1,220,35,18,18)
w(362,1,35,19,19)
w(5,75,35,20,20)
w(22,14,35,21,21)
w(3,105,35,22,22)
w(262,3,35,23,23)
w(44,5,35,24,24)
w(44,6,35,25,25)
w(3,106,35,26,26)
w(3,107,35,27,27)
w(432,2,35,28,28)
w(5,76,35,29,29)
w(0,429,35,30,30)
w(225,2,35,31,31)
w(417,1,35,32,32)
w(30,16,35,33,33)
w(31,18,35,34,34)
w(2,141,35,35,35)
w(0,430,35,36,36)
w(505,1,35,37,37)
w(43,14,35,38,38)
w(3,108,35,39,39)
w(209,4,35,40,40)
w(4,81,35,41,41)
w(130,5,35,42,42)
r(656,1,35,43,43)
w(3,109,35,44,44)
w(7,72,35,45,45)
r(5,76,35,46,46)
w(284,4,35,47,47)
w(3,110,35,48,48)
w(132,3,35,49,49)
w(0,431,35,50,50)
w(6,58,35,51,51)
r(0,431,35,52,52)
w(51,9,35,53,53)
w(26,18,35,54,54)
w(1,221,35,55,55)
w(79,5,35,56,56)
w(2,142,35,57,57)
w(0,432,35,58,58)
w(50,9,35,59,59)
w(29,19,35,60,60)
w(10,34,35,61,61)
w(141,2,35,62,62)
w(44,7,35,63,63)
w(22,15,35,64,64)
w(0,433,35,65,65)
r(50,9,35,66,66)
w(6,59,35,67,67)
w(824,1,35,68,68)
r(268,4,35,69,69)
w(1,222,35,70,70)
w(0,434,35,71,71)
w(195,2,35,72,72)
w(1,223,35,73,73)
r(19,19,35,74,74)
w(323,3,35,75,75)
w(292,1,35,76,76)
w(5,77,35,77,77)
r(138,4,35,78,78)
w(0,435,35,79,79)
w(311,3,35,80,80)
w(20,18,35,81,81)
w(11,35,35,82,82)
r(39,11,35,83,83)
w(215,4,35,84,84)
r(8,46,35,85,85)
r(60,7,35,86,86)
w(87,4,35,87,87)
w(136,3,35,88,88)
w(57,3,35,89,89)
w(572,2,35,90,90)
w(0,436,35,91,91)
w(98,6,35,92,92)
w(123,4,35,93,93)
w(102,3,35,94,94)
w(45,9,35,95,95)
w(380,3,35,96,96)
w(317,3,35,97,97)
w(0,437,35,98,98)
w(1,224,35,99,99)
w(5,78,36,0,0)
w(0,438,36,1,1)
w(33,10,36,2,2)
w(6,60,36,3,3)
w(0,439,36,4,4)
w(47,9,36,5,5)
w(51,10,36,6,6)
w(1,225,36,7,7)
w(13,36,36,8,8)
w(1,226,36,9,9)
w(253,3,36,10,10)
w(485,1,36,11,11)
w(481,1,36,12,12)
r(48,4,36,13,13)
w(703,2,36,14,14)
w(29,20,36,15,15)
w(4,82,36,16,16)
w(46,7,36,17,17)
w(57,4,36,18,18)
w(33,11,36,19,19)
w(0,440,36,20,20)
w(0,441,36,21,21)
r(92,7,36,22,22)
w(42,7,36,23,23)
w(8,47,36,24,24)
w(0,442,36,25,25)
w(3,111,36,26,26)
w(87,5,36,27,27)
w(20,19,36,28,28)
r(114,4,36,29,29)
w(201,2,36,30,30)
w(191,1,36,31,31)
w(75,6,36,32,32)
w(2,143,36,33,33)
w(769,1,36,34,34)
w(24,9,36,35,35)
w(291,2,36,36,36)
w(0,443,36,37,37)
w(91,5,36,38,38)
w(0,444,36,39,39)
r(140,2,36,40,40)
w(531,1,36,41,41)
w(751,1,36,42,42)
w(289,4,36,43,43)
w(339,4,36,44,44)
w(53,8,36,45,45)
w(52,9,36,46,46)
w(399,3,36,47,47)
w(4,83,36,48,48)
w(628,3,36,49,49)
w(8,48,36,50,50)
w(0,445,36,51,51)
w(18,25,36,52,52)
w(23,21,36,53,53)
w(14,29,36,54,54)
w(223,1,36,55,55)
w(10,35,36,56,56)
w(1,227,36,57,57)
w(4,84,36,58,58)
w(57,5,36,59,59)
w(1,228,36,60,60)
w(0,446,36,61,61)
w(309,4,36,62,62)
w(4,85,36,63,63)
w(1,229,36,64,64)
w(1,230,36,65,65)
r(1,230,36,66,66)
w(18,26,36,67,67)
w(27,6,36,68,68)
w(139,3,36,69,69)
w(641,6,36,70,70)
w(97,6,36,71,71)
w(0,447,36,72,72)
w(41,9,36,73,73)
w(0,448,36,74,74)
w(26,19,36,75,75)
w(5,79,36,76,76)
w(293,3,36,77,77)
w(0,449,36,78,78)
w(47,10,36,79,79)
r(0,449,36,80,80)
w(0,450,36,81,81)
w(296,2,36,82,82)
w(151,2,36,83,83)
w(136,4,36,84,84)
w(8,49,36,85,85)
w(604,1,36,86,86)
w(6,61,36,87,87)
w(127,4,36,88,88)
w(136,5,36,89,89)
r(94,5,36,90,90)
w(44,8,36,91,91)
w(621,2,36,92,92)
w(23,22,36,93,93)
w(26,20,36,94,94)
w(1,231,36,95,95)
w(5,80,36,96,96)
w(31,19,36,97,97)
w(330,1,36,98,98)
w(0,451,36,99,99)
w(976,1,37,0,0)
w(90,4,37,1,1)
w(17,23,37,2,2)
w(3,112,37,3,3)
w(2,144,37,4,4)
w(94,6,37,5,5)
w(0,452,37,6,6)
r(44,8,37,7,7)
w(354,1,37,8,8)
w(267,1,37,9,9)
w(315,3,37,10,10)
w(0,453,37,11,11)
r(0,453,37,12,12)
w(3,113,37,13,13)
w(80,5,37,14,14)
w(32,9,37,15,15)
w(0,454,37,16,16)
w(0,455,37,17,17)
w(397,5,37,18,18)
w(45,10,37,19,19)
w(661,1,37,20,20)
w(2,145,37,21,21)
r(51,10,37,22,22)
w(47,11,37,23,23)
w(4,86,37,24,24)
w(172,4,37,25,25)
w(1,232,37,26,26)
w(4,87,37,27,27)
w(87,6,37,28,28)
w(0,456,37,29,29)
w(118,4,37,30,30)
r(523,2,37,31,31)
w(192,1,37,32,32)
w(392,4,37,33,33)
w(46,8,37,34,34)
w(129,2,37,35,35)
w(20,20,37,36,36)
w(66,10,37,37,37)
w(96,3,37,38,38)
w(24,10,37,39,39)
w(25,16,37,40,40)
w(4,88,37,41,41)
w(226,3,37,42,42)
w(471,2,37,43,43)
w(294,2,37,44,44)
w(11,36,37,45,45)
w(2,146,37,46,46)
w(148,3,37,47,47)
r(4,88,37,48,48)
w(0,457,37,49,49)
w(343,2,37,50,50)
w(217,4,37,51,51)
w(8,50,37,52,52)
w(271,2,37,53,53)
w(8,51,37,54,54)
w(80,6,37,55,55)
w(1,233,37,56,56)
w(4,89,37,57,57)
w(93,6,37,58,58)
w(636,2,37,59,59)
w(691,1,37,60,60)
w(14,30,37,61,61)
w(0,458,37,62,62)
w(0,459,37,63,63)
r(26,20,37,64,64)
w(6,62,37,65,65)
w(107,1,37,66,66)
w(30,17,37,67,67)
w(124,4,37,68,68)
w(0,460,37,69,69)
w(17,24,37,70,70)
w(1,234,37,71,71)
w(14,31,37,72,72)
w(638,1,37,73,73)
w(12,33,37,74,74)
r(4,89,37,75,75)
r(344,0,37,76,76)
w(28,17,37,77,77)
w(2,147,37,78,78)
w(8,52,37,79,79)
r(242,7,37,80,80)
w(412,1,37,81,81)
w(78,5,37,82,82)
w(553,2,37,83,83)
w(45,11,37,84,84)
w(0,461,37,85,85)
r(3,113,37,86,86)
w(3,114,37,87,87)
w(1,235,37,88,88)
w(5,81,37,89,89)
w(1,236,37,90,90)
w(219,5,37,91,91)
w(985,2,37,92,92)
w(0,462,37,93,93)
w(199,1,37,94,94)
w(13,37,37,95,95)
w(771,1,37,96,96)
r(3,114,37,97,97)
w(5,82,37,98,98)
w(0,463,37,99,99)
w(20,21,38,0,0)
w(442,3,38,1,1)
w(0,464,38,2,2)
r(14,31,38,3,3)
w(227,3,38,4,4)
w(1,237,38,5,5)
w(74,3,38,6,6)
w(4,90,38,7,7)
w(54,3,38,8,8)
w(151,3,38,9,9)
w(2,148,38,10,10)
r(5,82,38,11,11)
w(5,83,38,12,12)
w(6,63,38,13,13)
w(1,238,38,14,14)
w(2,149,38,15,15)
r(5,83,38,16,16)
w(935,2,38,17,17)
w(4,91,38,18,18)
w(17,25,38,19,19)
w(810,2,38,20,20)
w(943,2,38,21,21)
w(0,465,38,22,22)
w(376,3,38,23,23)
w(25,17,38,24,24)
w(420,2,38,25,25)
w(1,239,38,26,26)
w(2,150,38,27,27)
w(49,15,38,28,28)
r(0,465,38,29,29)
w(1,240,38,30,30)
w(4,92,38,31,31)
r(90,4,38,32,32)
w(738,2,38,33,33)
w(43,15,38,34,34)
w(938,1,38,35,35)
w(0,466,38,36,36)
w(25,18,38,37,37)
w(0,467,38,38,38)
r(8,52,38,39,39)
w(234,8,38,40,40)
w(29,21,38,41,41)
w(0,468,38,42,42)
w(847,1,38,43,43)
w(182,3,38,44,44)
w(0,469,38,45,45)
w(70,4,38,46,46)
w(2,151,38,47,47)
w(225,3,38,48,48)
w(174,6,38,49,49)
w(213,3,38,50,50)
w(24,11,38,51,51)
w(2,152,38,52,52)
w(21,26,38,53,53)
w(11,37,38,54,54)
w(302,3,38,55,55)
w(9,51,38,56,56)
w(1,241,38,57,57)
w(423,1,38,58,58)
r(12,33,38,59,59)
w(0,470,38,60,60)
w(5,84,38,61,61)
w(2,153,38,62,62)
w(322,2,38,63,63)
w(2,154,38,64,64)
w(309,5,38,65,65)
w(3,115,38,66,66)
w(1,242,38,67,67)
w(0,471,38,68,68)
w(120,4,38,69,69)
w(529,1,38,70,70)
w(223,2,38,71,71)
r(4,92,38,72,72)
w(0,472,38,73,73)
w(8,53,38,74,74)
w(1,243,38,75,75)
w(70,5,38,76,76)
w(672,1,38,77,77)
w(0,473,38,78,78)
w(0,474,38,79,79)
w(15,36,38,80,80)
w(908,1,38,81,81)
w(56,6,38,82,82)
w(186,5,38,83,83)
w(2,155,38,84,84)
w(4,93,38,85,85)
w(8,54,38,86,86)
w(311,4,38,87,87)
w(4,94,38,88,88)
w(239,3,38,89,89)
r(51,10,38,90,90)
w(522,1,38,91,91)
w(8,55,38,92,92)
w(24,12,38,93,93)
w(202,3,38,94,94)
w(276,6,38,95,95)
w(0,475,38,96,96)
r(47,11,38,97,97)
w(45,12,38,98,98)
w(23,23,38,99,99)
r(22,15,39,0,0)
w(10,36,39,1,1)
w(71,6,39,2,2)
w(57,6,39,3,3)
r(2,155,39,4,4)
w(10,37,39,5,5)
w(889,3,39,6,6)
w(256,4,39,7,7)
w(78,6,39,8,8)
w(973,1,39,9,9)
r(12,33,39,10,10)
w(0,476,39,11,11)
w(683,2,39,12,12)
w(863,2,39,13,13)
w(0,477,39,14,14)
w(1,244,39,15,15)
w(103,1,39,16,16)
w(202,4,39,17,17)
r(188,2,39,18,18)
r(5,84,39,19,19)
w(15,37,39,20,20)
w(199,2,39,21,21)
w(0,478,39,22,22)
w(231,7,39,23,23)
w(72,10,39,24,24)
w(44,9,39,25,25)
w(198,3,39,26,26)
w(42,8,39,27,27)
r(1,244,39,28,28)
w(743,1,39,29,29)
r(901,0,39,30,30)
w(27,7,39,31,31)
w(9,52,39,32,32)
w(0,479,39,33,33)
w(41,10,39,34,34)
w(14,32,39,35,35)
w(400,2,39,36,36)
w(128,3,39,37,37)
r(26,20,39,38,38)
w(2,156,39,39,39)
w(0,480,39,40,40)
w(0,481,39,41,41)
w(45,13,39,42,42)
w(4,95,39,43,43)
w(661,2,39,44,44)
w(0,482,39,45,45)
w(50,10,39,46,46)
w(31,20,39,47,47)
w(1,245,39,48,48)
w(457,2,39,49,49)
w(866,1,39,50,50)
w(393,1,39,51,51)
w(735,1,39,52,52)
w(30,18,39,53,53)
w(0,483,39,54,54)
w(893,3,39,55,55)
w(360,3,39,56,56)
r(3,115,39,57,57)
w(23,24,39,58,58)
w(419,1,39,59,59)
w(11,38,39,60,60)
w(8,56,39,61,61)
w(309,6,39,62,62)
w(253,4,39,63,63)
w(549,2,39,64,64)
w(1,246,39,65,65)
w(20,22,39,66,66)
w(35,17,39,67,67)
w(98,7,39,68,68)
w(966,1,39,69,69)
w(62,4,39,70,70)
w(13,38,39,71,71)
w(3,116,39,72,72)
w(66,11,39,73,73)
r(1,246,39,74,74)
w(1,247,39,75,75)
w(1,248,39,76,76)
w(5,85,39,77,77)
w(37,14,39,78,78)
w(0,484,39,79,79)
w(5,86,39,80,80)
w(8,57,39,81,81)
w(13,39,39,82,82)
r(0,484,39,83,83)
w(1,249,39,84,84)
w(6,64,39,85,85)
w(49,16,39,86,86)
w(829,1,39,87,87)
w(19,20,39,88,88)
w(283,1,39,89,89)
r(39,11,39,90,90)
w(65,7,39,91,91)
w(0,485,39,92,92)
w(2,157,39,93,93)
w(8,58,39,94,94)
w(7,73,39,95,95)
w(1,250,39,96,96)
r(221,4,39,97,97)
r(295,1,39,98,98)
w(39,12,39,99,99)
