r(5164,0,0,0,0)
r(498,0,0,1,1)
r(7559,0,0,2,2)
w(2787,1,0,3,3)
w(6386,1,0,4,4)
r(6354,0,0,5,5)
r(1634,0,0,6,6)
w(3487,1,0,7,7)
r(9536,0,0,8,8)
w(1273,1,0,9,9)
w(1886,1,0,10,10)
w(6397,1,0,11,11)
r(6879,0,0,12,12)
r(2206,0,0,13,13)
r(814,0,0,14,14)
r(5890,0,0,15,15)
w(8198,1,0,16,16)
w(2574,1,0,17,17)
r(6874,0,0,18,18)
r(5566,0,0,19,19)
w(6148,1,0,20,20)
r(918,0,0,21,21)
r(8097,0,0,22,22)
r(4528,0,0,23,23)
w(3481,1,0,24,24)
w(3431,1,0,25,25)
w(5884,1,0,26,26)
w(2463,1,0,27,27)
r(2616,0,0,28,28)
w(3620,1,0,29,29)
r(1096,0,0,30,30)
w(7216,1,0,31,31)
r(3121,0,0,32,32)
w(8617,1,0,33,33)
r(6529,0,0,34,34)
r(782,0,0,35,35)
r(6569,0,0,36,36)
r(7128,0,0,37,37)
w(9345,1,0,38,38)
r(2551,0,0,39,39)
r(1595,0,0,40,40)
r(346,0,0,41,41)
r(8215,0,0,42,42)
w(507,1,0,43,43)
r(1432,0,0,44,44)
r(9660,0,0,45,45)
r(5690,0,0,46,46)
r(5095,0,0,47,47)
r(4236,0,0,48,48)
w(2426,1,0,49,49)
r(3237,0,0,50,50)
r(140,0,0,51,51)
r(6435,0,0,52,52)
r(4955,0,0,53,53)
w(2900,1,0,54,54)
r(2144,0,0,55,55)
r(612,0,0,56,56)
w(7381,1,0,57,57)
r(4349,0,0,58,58)
r(8782,0,0,59,59)
w(5112,1,0,60,60)
w(3174,1,0,61,61)
w(6251,1,0,62,62)
r(5215,0,0,63,63)
r(9456,0,0,64,64)
r(1262,0,0,65,65)
w(6967,1,0,66,66)
r(9650,0,0,67,67)
r(8970,0,0,68,68)
r(8590,0,0,69,69)
r(6748,0,0,70,70)
w(5673,1,0,71,71)
w(7413,1,0,72,72)
r(4294,0,0,73,73)
w(4644,1,0,74,74)
r(6940,0,0,75,75)
r(9226,0,0,76,76)
r(4154,0,0,77,77)
r(5784,0,0,78,78)
r(9478,0,0,79,79)
w(2424,1,0,80,80)
w(8495,1,0,81,81)
w(9699,1,0,82,82)
w(2297,1,0,83,83)
w(2225,1,0,84,84)
w(2989,1,0,85,85)
r(2236,0,0,86,86)
r(6263,0,0,87,87)
r(7483,0,0,88,88)
w(675,1,0,89,89)
r(3580,0,0,90,90)
w(3471,1,0,91,91)
w(9089,1,0,92,92)
w(5518,1,0,93,93)
r(3138,0,0,94,94)
r(6184,0,0,95,95)
r(1709,0,0,96,96)
w(1188,1,0,97,97)
w(7264,1,0,98,98)
r(5235,0,0,99,99)
r(8354,0,0,100,100)
w(7586,1,0,101,101)
w(2175,1,0,102,102)
w(8886,1,0,103,103)
w(5132,1,0,104,104)
w(7595,1,0,105,105)
r(9098,0,0,106,106)
w(2258,1,0,107,107)
w(4302,1,0,108,108)
r(9797,0,0,109,109)
w(500,1,0,110,110)
r(8968,0,0,111,111)
w(42,1,0,112,112)
r(8774,0,0,113,113)
w(9764,1,0,114,114)
w(1350,1,0,115,115)
r(1249,0,0,116,116)
r(4403,0,0,117,117)
r(4892,0,0,118,118)
r(9602,0,0,119,119)
w(8252,1,0,120,120)
w(6457,1,0,121,121)
w(4650,1,0,122,122)
r(1145,0,0,123,123)
r(9907,0,0,124,124)
r(9726,0,0,125,125)
w(8597,1,0,126,126)
r(6934,0,0,127,127)
r(7365,0,0,128,128)
w(8083,1,0,129,129)
r(2646,0,0,130,130)
r(3560,0,0,131,131)
w(2714,1,0,132,132)
w(5075,1,0,133,133)
w(211,1,0,134,134)
r(5658,0,0,135,135)
w(4843,1,0,136,136)
w(3344,1,0,137,137)
w(3573,1,0,138,138)
r(7749,0,0,139,139)
r(4191,0,0,140,140)
r(6280,0,0,141,141)
w(2815,1,0,142,142)
w(6340,1,0,143,143)
r(4284,0,0,144,144)
w(8325,1,0,145,145)
r(9459,0,0,146,146)
w(5009,1,0,147,147)
r(1171,0,0,148,148)
r(2360,0,0,149,149)
w(5624,1,0,150,150)
w(7640,1,0,151,151)
r(2758,0,0,152,152)
w(558,1,0,153,153)
w(3950,1,0,154,154)
r(1528,0,0,155,155)
w(4703,1,0,156,156)
r(131,0,0,157,157)
w(5379,1,0,158,158)
r(2380,0,0,159,159)
w(2250,1,0,160,160)
r(2605,0,0,161,161)
w(7968,1,0,162,162)
r(9369,0,0,163,163)
r(9456,0,0,164,164)
w(1973,1,0,165,165)
w(2493,1,0,166,166)
r(298,0,0,167,167)
w(2967,1,0,168,168)
w(6704,1,0,169,169)
w(5679,1,0,170,170)
w(7956,1,0,171,171)
w(3903,1,0,172,172)
w(8020,1,0,173,173)
r(2349,0,0,174,174)
r(5513,0,0,175,175)
r(7051,0,0,176,176)
r(3203,0,0,177,177)
w(1716,1,0,178,178)
r(3753,0,0,179,179)
r(4239,0,0,180,180)
r(8437,0,0,181,181)
r(9295,0,0,182,182)
r(8006,0,0,183,183)
r(7637,0,0,184,184)
w(1120,1,0,185,185)
r(1137,0,0,186,186)
w(838,1,0,187,187)
r(5349,0,0,188,188)
w(2842,1,0,189,189)
w(1960,1,0,190,190)
w(1192,1,0,191,191)
r(9375,0,0,192,192)
w(9729,1,0,193,193)
r(837,0,0,194,194)
w(6108,1,0,195,195)
w(8755,1,0,196,196)
r(2400,0,0,197,197)
r(9986,0,0,198,198)
w(4109,1,0,199,199)
w(1493,1,1,0,0)
w(4675,1,1,1,1)
r(9185,0,1,2,2)
r(9378,0,1,3,3)
r(495,0,1,4,4)
w(7006,1,1,5,5)
r(8978,0,1,6,6)
r(3534,0,1,7,7)
w(5202,1,1,8,8)
w(5347,1,1,9,9)
r(844,0,1,10,10)
w(301,1,1,11,11)
r(1171,0,1,12,12)
w(191,1,1,13,13)
r(2210,0,1,14,14)
r(1960,1,1,15,15)
w(8675,1,1,16,16)
w(6937,1,1,17,17)
r(4928,0,1,18,18)
w(4311,1,1,19,19)
w(4338,1,1,20,20)
w(163,1,1,21,21)
r(1054,0,1,22,22)
r(4705,0,1,23,23)
w(4649,1,1,24,24)
w(7190,1,1,25,25)
r(6380,0,1,26,26)
w(3540,1,1,27,27)
r(4554,0,1,28,28)
w(9504,1,1,29,29)
r(9801,0,1,30,30)
r(5278,0,1,31,31)
r(6641,0,1,32,32)
r(8528,0,1,33,33)
w(1,1,1,34,34)
r(3008,0,1,35,35)
w(5883,1,1,36,36)
r(3346,0,1,37,37)
r(990,0,1,38,38)
w(6140,1,1,39,39)
w(4055,1,1,40,40)
w(7360,1,1,41,41)
w(772,1,1,42,42)
w(2373,1,1,43,43)
r(6882,0,1,44,44)
w(8834,1,1,45,45)
r(8974,0,1,46,46)
r(774,0,1,47,47)
w(3791,1,1,48,48)
r(9228,0,1,49,49)
r(7990,0,1,50,50)
r(9575,0,1,51,51)
r(3049,0,1,52,52)
r(7712,0,1,53,53)
r(5638,0,1,54,54)
r(5762,0,1,55,55)
r(7689,0,1,56,56)
w(8879,1,1,57,57)
w(6966,1,1,58,58)
w(9486,1,1,59,59)
w(5050,1,1,60,60)
w(2346,1,1,61,61)
r(6776,0,1,62,62)
w(5666,1,1,63,63)
r(7877,0,1,64,64)
r(5531,0,1,65,65)
w(1645,1,1,66,66)
r(7571,0,1,67,67)
r(3224,0,1,68,68)
r(6967,1,1,69,69)
w(1961,1,1,70,70)
w(9855,1,1,71,71)
w(9369,1,1,72,72)
r(4373,0,1,73,73)
w(5184,1,1,74,74)
r(7427,0,1,75,75)
r(5582,0,1,76,76)
w(790,1,1,77,77)
w(7813,1,1,78,78)
r(6031,0,1,79,79)
w(8627,1,1,80,80)
r(6343,0,1,81,81)
r(4094,0,1,82,82)
r(7712,0,1,83,83)
r(1021,0,1,84,84)
r(6961,0,1,85,85)
w(120,1,1,86,86)
w(7236,1,1,87,87)
w(9734,1,1,88,88)
w(69,1,1,89,89)
r(581,0,1,90,90)
r(7683,0,1,91,91)
r(44,0,1,92,92)
r(278,0,1,93,93)
w(9666,1,1,94,94)
w(862,1,1,95,95)
w(5080,1,1,96,96)
r(1224,0,1,97,97)
r(3653,0,1,98,98)
w(9545,1,1,99,99)
w(1724,1,1,100,100)
r(3424,0,1,101,101)
r(1399,0,1,102,102)
r(9551,0,1,103,103)
r(4551,0,1,104,104)
w(5063,1,1,105,105)
r(8337,0,1,106,106)
r(9023,0,1,107,107)
r(4010,0,1,108,108)
r(4443,0,1,109,109)
w(8489,1,1,110,110)
r(2833,0,1,111,111)
w(476,1,1,112,112)
w(1590,1,1,113,113)
w(2233,1,1,114,114)
r(4168,0,1,115,115)
w(8527,1,1,116,116)
w(5967,1,1,117,117)
r(5909,0,1,118,118)
w(6764,1,1,119,119)
w(7609,1,1,120,120)
w(9457,1,1,121,121)
r(4387,0,1,122,122)
r(4763,0,1,123,123)
r(2647,0,1,124,124)
r(6324,0,1,125,125)
r(8800,0,1,126,126)
w(9958,1,1,127,127)
r(7247,0,1,128,128)
r(6279,0,1,129,129)
w(1417,1,1,130,130)
w(3346,1,1,131,131)
w(7630,1,1,132,132)
r(5117,0,1,133,133)
w(4694,1,1,134,134)
w(9713,1,1,135,135)
r(538,0,1,136,136)
w(6032,1,1,137,137)
w(3616,1,1,138,138)
r(6944,0,1,139,139)
w(9197,1,1,140,140)
w(6179,1,1,141,141)
w(8844,1,1,142,142)
r(9865,0,1,143,143)
w(2492,1,1,144,144)
r(2189,0,1,145,145)
w(1333,1,1,146,146)
w(984,1,1,147,147)
r(377,0,1,148,148)
r(6086,0,1,149,149)
r(7691,0,1,150,150)
r(9871,0,1,151,151)
w(5352,1,1,152,152)
w(5308,1,1,153,153)
w(384,1,1,154,154)
r(4459,0,1,155,155)
r(4695,0,1,156,156)
r(1691,0,1,157,157)
w(6974,1,1,158,158)
w(4063,1,1,159,159)
w(3348,1,1,160,160)
r(1889,0,1,161,161)
w(9481,1,1,162,162)
r(4741,0,1,163,163)
r(1035,0,1,164,164)
w(2436,1,1,165,165)
r(4366,0,1,166,166)
w(9984,1,1,167,167)
w(4547,1,1,168,168)
r(8299,0,1,169,169)
w(2171,1,1,170,170)
r(2032,0,1,171,171)
r(5505,0,1,172,172)
w(5814,1,1,173,173)
w(4896,1,1,174,174)
r(4922,0,1,175,175)
w(2413,1,1,176,176)
r(8858,0,1,177,177)
r(7381,1,1,178,178)
r(452,0,1,179,179)
r(8898,0,1,180,180)
w(9628,1,1,181,181)
w(1363,1,1,182,182)
r(2731,0,1,183,183)
w(988,1,1,184,184)
w(2870,1,1,185,185)
w(7892,1,1,186,186)
w(4871,1,1,187,187)
w(4058,1,1,188,188)
r(8936,0,1,189,189)
r(6324,0,1,190,190)
r(4630,0,1,191,191)
w(745,1,1,192,192)
w(9874,1,1,193,193)
w(9851,1,1,194,194)
r(9280,0,1,195,195)
w(7784,1,1,196,196)
r(7225,0,1,197,197)
r(9660,0,1,198,198)
w(3423,1,1,199,199)
w(4561,1,2,0,0)
r(108,0,2,1,1)
w(3415,1,2,2,2)
r(3743,0,2,3,3)
w(1127,1,2,4,4)
w(2935,1,2,5,5)
r(7259,0,2,6,6)
w(6297,1,2,7,7)
r(2497,0,2,8,8)
r(6759,0,2,9,9)
w(4031,1,2,10,10)
r(1693,0,2,11,11)
r(7835,0,2,12,12)
r(9216,0,2,13,13)
r(2780,0,2,14,14)
w(7687,1,2,15,15)
r(9346,0,2,16,16)
r(2126,0,2,17,17)
r(6006,0,2,18,18)
w(2874,1,2,19,19)
w(5948,1,2,20,20)
w(7929,1,2,21,21)
w(5960,1,2,22,22)
r(5499,0,2,23,23)
w(8802,1,2,24,24)
w(8227,1,2,25,25)
w(8094,1,2,26,26)
w(998,1,2,27,27)
w(1228,1,2,28,28)
w(8557,1,2,29,29)
r(9285,0,2,30,30)
w(6443,1,2,31,31)
w(6247,1,2,32,32)
w(7312,1,2,33,33)
w(145,1,2,34,34)
w(9630,1,2,35,35)
w(3668,1,2,36,36)
r(4507,0,2,37,37)
r(2599,0,2,38,38)
r(2401,0,2,39,39)
w(9008,1,2,40,40)
w(8110,1,2,41,41)
w(7420,1,2,42,42)
r(503,0,2,43,43)
r(5361,0,2,44,44)
r(8856,0,2,45,45)
r(4831,0,2,46,46)
w(4121,1,2,47,47)
w(2794,1,2,48,48)
w(849,1,2,49,49)
r(5364,0,2,50,50)
w(8809,1,2,51,51)
w(592,1,2,52,52)
r(3635,0,2,53,53)
r(1667,0,2,54,54)
r(614,0,2,55,55)
r(919,0,2,56,56)
w(582,1,2,57,57)
r(3258,0,2,58,58)
w(8069,1,2,59,59)
w(4564,1,2,60,60)
w(4658,1,2,61,61)
w(8134,1,2,62,62)
w(9712,1,2,63,63)
r(1433,0,2,64,64)
w(5113,1,2,65,65)
w(5700,1,2,66,66)
w(5351,1,2,67,67)
r(917,0,2,68,68)
r(8644,0,2,69,69)
w(5731,1,2,70,70)
r(2180,0,2,71,71)
w(7026,1,2,72,72)
r(6422,0,2,73,73)
r(2841,0,2,74,74)
w(4616,1,2,75,75)
w(4239,1,2,76,76)
r(8442,0,2,77,77)
r(7577,0,2,78,78)
w(7463,1,2,79,79)
r(8534,0,2,80,80)
r(8749,0,2,81,81)
r(2869,0,2,82,82)
w(1152,1,2,83,83)
r(6816,0,2,84,84)
w(8854,1,2,85,85)
w(2174,1,2,86,86)
w(8164,1,2,87,87)
w(6133,1,2,88,88)
r(1436,0,2,89,89)
r(5643,0,2,90,90)
r(7875,0,2,91,91)
w(252,1,2,92,92)
w(9674,1,2,93,93)
r(5321,0,2,94,94)
w(4288,1,2,95,95)
r(1653,0,2,96,96)
r(5502,0,2,97,97)
r(7283,0,2,98,98)
w(5770,1,2,99,99)
r(7805,0,2,100,100)
w(7975,1,2,101,101)
r(1175,0,2,102,102)
r(9871,0,2,103,103)
w(7980,1,2,104,104)
r(2280,0,2,105,105)
r(5891,0,2,106,106)
r(1051,0,2,107,107)
r(6824,0,2,108,108)
r(679,0,2,109,109)
w(7067,1,2,110,110)
r(9120,0,2,111,111)
w(510,1,2,112,112)
r(9013,0,2,113,113)
w(3560,1,2,114,114)
r(8394,0,2,115,115)
w(6801,1,2,116,116)
r(8466,0,2,117,117)
r(2412,0,2,118,118)
w(9490,1,2,119,119)
w(627,1,2,120,120)
r(1043,0,2,121,121)
w(3378,1,2,122,122)
w(390,1,2,123,123)
r(6310,0,2,124,124)
w(4492,1,2,125,125)
w(5496,1,2,126,126)
r(2093,0,2,127,127)
w(4138,1,2,128,128)
r(9037,0,2,129,129)
w(1114,1,2,130,130)
w(4034,1,2,131,131)
r(2832,0,2,132,132)
r(3541,0,2,133,133)
r(4666,0,2,134,134)
r(4578,0,2,135,135)
r(5568,0,2,136,136)
w(2696,1,2,137,137)
w(8463,1,2,138,138)
r(2883,0,2,139,139)
r(611,0,2,140,140)
w(4092,1,2,141,141)
w(4888,1,2,142,142)
w(5431,1,2,143,143)
w(7710,1,2,144,144)
w(2826,1,2,145,145)
w(2017,1,2,146,146)
w(6253,1,2,147,147)
r(9706,0,2,148,148)
w(2037,1,2,149,149)
w(6598,1,2,150,150)
w(3450,1,2,151,151)
w(9451,1,2,152,152)
w(2822,1,2,153,153)
r(3853,0,2,154,154)
w(1538,1,2,155,155)
r(8904,0,2,156,156)
w(2938,1,2,157,157)
w(7445,1,2,158,158)
r(7774,0,2,159,159)
r(4207,0,2,160,160)
w(7032,1,2,161,161)
r(7448,0,2,162,162)
r(5217,0,2,163,163)
w(9940,1,2,164,164)
w(1662,1,2,165,165)
w(630,1,2,166,166)
r(9696,0,2,167,167)
w(1279,1,2,168,168)
w(8690,1,2,169,169)
r(3874,0,2,170,170)
w(8912,1,2,171,171)
w(4036,1,2,172,172)
w(946,1,2,173,173)
r(3839,0,2,174,174)
r(1429,0,2,175,175)
r(748,0,2,176,176)
r(1795,0,2,177,177)
r(609,0,2,178,178)
w(1427,1,2,179,179)
r(8674,0,2,180,180)
r(5992,0,2,181,181)
r(6947,0,2,182,182)
w(3829,1,2,183,183)
w(235,1,2,184,184)
w(6160,1,2,185,185)
r(4954,0,2,186,186)
r(412,0,2,187,187)
r(5094,0,2,188,188)
w(820,1,2,189,189)
r(218,0,2,190,190)
w(1849,1,2,191,191)
r(993,0,2,192,192)
r(9864,0,2,193,193)
w(8737,1,2,194,194)
w(7959,1,2,195,195)
w(2400,1,2,196,196)
w(3313,1,2,197,197)
r(4004,0,2,198,198)
w(8822,1,2,199,199)
r(8435,0,3,0,0)
r(5164,0,3,1,1)
r(7283,0,3,2,2)
r(9706,0,3,3,3)
w(436,1,3,4,4)
w(1490,1,3,5,5)
r(250,0,3,6,6)
w(6832,1,3,7,7)
r(3934,0,3,8,8)
w(5257,1,3,9,9)
r(7416,0,3,10,10)
w(7903,1,3,11,11)
w(4784,1,3,12,12)
w(3494,1,3,13,13)
w(3197,1,3,14,14)
w(4007,1,3,15,15)
r(1369,0,3,16,16)
r(3866,0,3,17,17)
r(1554,0,3,18,18)
r(2833,0,3,19,19)
w(3783,1,3,20,20)
r(1132,0,3,21,21)
r(4370,0,3,22,22)
r(1157,0,3,23,23)
w(5633,1,3,24,24)
w(2507,1,3,25,25)
r(3435,0,3,26,26)
r(4769,0,3,27,27)
w(2682,1,3,28,28)
r(2338,0,3,29,29)
w(8401,1,3,30,30)
r(5021,0,3,31,31)
r(7939,0,3,32,32)
r(7372,0,3,33,33)
r(2014,0,3,34,34)
w(4297,1,3,35,35)
w(2288,1,3,36,36)
w(5487,1,3,37,37)
w(7918,1,3,38,38)
w(7598,1,3,39,39)
w(8091,1,3,40,40)
r(5223,0,3,41,41)
w(5669,1,3,42,42)
r(1396,0,3,43,43)
w(1700,1,3,44,44)
r(9120,0,3,45,45)
w(9377,1,3,46,46)
r(8372,0,3,47,47)
w(9244,1,3,48,48)
w(2610,1,3,49,49)
r(6283,0,3,50,50)
r(3398,0,3,51,51)
r(8207,0,3,52,52)
r(8191,0,3,53,53)
w(5326,1,3,54,54)
w(4233,1,3,55,55)
r(1483,0,3,56,56)
w(7612,1,3,57,57)
r(2107,0,3,58,58)
r(9253,0,3,59,59)
w(6302,1,3,60,60)
r(527,0,3,61,61)
w(3441,1,3,62,62)
w(7062,1,3,63,63)
w(882,1,3,64,64)
w(9073,1,3,65,65)
r(5946,0,3,66,66)
w(4118,1,3,67,67)
r(2598,0,3,68,68)
r(5257,1,3,69,69)
r(4377,0,3,70,70)
w(2145,1,3,71,71)
r(5215,0,3,72,72)
r(4215,0,3,73,73)
r(1465,0,3,74,74)
w(5887,1,3,75,75)
w(7169,1,3,76,76)
r(3773,0,3,77,77)
r(7613,0,3,78,78)
r(6125,0,3,79,79)
r(8471,0,3,80,80)
r(8172,0,3,81,81)
r(160,0,3,82,82)
r(8592,0,3,83,83)
r(3414,0,3,84,84)
w(6909,1,3,85,85)
r(3528,0,3,86,86)
r(7211,0,3,87,87)
w(619,1,3,88,88)
r(1157,0,3,89,89)
w(9789,1,3,90,90)
w(876,1,3,91,91)
w(3730,1,3,92,92)
r(917,0,3,93,93)
w(3083,1,3,94,94)
w(6626,1,3,95,95)
w(9083,1,3,96,96)
w(6687,1,3,97,97)
w(2395,1,3,98,98)
w(9716,1,3,99,99)
r(8688,0,3,100,100)
r(8559,0,3,101,101)
w(4922,1,3,102,102)
w(2584,1,3,103,103)
w(2965,1,3,104,104)
w(8931,1,3,105,105)
w(6518,1,3,106,106)
w(8366,1,3,107,107)
r(4733,0,3,108,108)
w(6547,1,3,109,109)
w(5866,1,3,110,110)
r(6780,0,3,111,111)
r(4245,0,3,112,112)
r(1131,0,3,113,113)
w(705,1,3,114,114)
r(2731,0,3,115,115)
r(7307,0,3,116,116)
w(2480,1,3,117,117)
w(1466,1,3,118,118)
r(4841,0,3,119,119)
r(833,0,3,120,120)
w(1189,1,3,121,121)
r(4147,0,3,122,122)
r(9160,0,3,123,123)
r(7097,0,3,124,124)
r(6745,0,3,125,125)
r(4183,0,3,126,126)
r(5752,0,3,127,127)
r(7492,0,3,128,128)
w(5439,1,3,129,129)
r(6606,0,3,130,130)
w(9358,1,3,131,131)
r(5276,0,3,132,132)
r(6834,0,3,133,133)
r(840,0,3,134,134)
r(216,0,3,135,135)
r(5039,0,3,136,136)
w(9690,1,3,137,137)
w(4227,1,3,138,138)
r(2994,0,3,139,139)
w(6659,1,3,140,140)
r(8205,0,3,141,141)
w(3824,1,3,142,142)
w(2303,1,3,143,143)
w(5903,1,3,144,144)
r(4631,0,3,145,145)
r(9599,0,3,146,146)
r(5691,0,3,147,147)
w(5693,1,3,148,148)
r(303,0,3,149,149)
r(7999,0,3,150,150)
w(3096,1,3,151,151)
w(5825,1,3,152,152)
r(244,0,3,153,153)
w(7591,1,3,154,154)
w(231,1,3,155,155)
r(2726,0,3,156,156)
r(2333,0,3,157,157)
w(796,1,3,158,158)
r(1867,0,3,159,159)
w(5773,1,3,160,160)
r(9506,0,3,161,161)
r(5984,0,3,162,162)
r(8280,0,3,163,163)
w(5595,1,3,164,164)
w(2039,1,3,165,165)
r(8940,0,3,166,166)
r(1074,0,3,167,167)
w(4589,1,3,168,168)
r(2708,0,3,169,169)
w(172,1,3,170,170)
r(6695,0,3,171,171)
r(1567,0,3,172,172)
w(1182,1,3,173,173)
w(3638,1,3,174,174)
r(6920,0,3,175,175)
r(5491,0,3,176,176)
w(5584,1,3,177,177)
w(5675,1,3,178,178)
r(9678,0,3,179,179)
w(2311,1,3,180,180)
w(4095,1,3,181,181)
w(4180,1,3,182,182)
r(2531,0,3,183,183)
r(1613,0,3,184,184)
r(1402,0,3,185,185)
r(7914,0,3,186,186)
w(5257,2,3,187,187)
r(690,0,3,188,188)
w(1681,1,3,189,189)
w(1210,1,3,190,190)
w(9244,2,3,191,191)
r(41,0,3,192,192)
w(574,1,3,193,193)
w(718,1,3,194,194)
w(6195,1,3,195,195)
w(6672,1,3,196,196)
r(8731,0,3,197,197)
w(5506,1,3,198,198)
w(6856,1,3,199,199)
r(3349,0,4,0,0)
r(2089,0,4,1,1)
r(8762,0,4,2,2)
w(6173,1,4,3,3)
r(7179,0,4,4,4)
w(6532,1,4,5,5)
w(7393,1,4,6,6)
r(3600,0,4,7,7)
r(27,0,4,8,8)
r(1107,0,4,9,9)
r(4913,0,4,10,10)
r(3653,0,4,11,11)
r(2601,0,4,12,12)
r(9604,0,4,13,13)
w(6487,1,4,14,14)
w(8296,1,4,15,15)
w(4955,1,4,16,16)
w(263,1,4,17,17)
r(9875,0,4,18,18)
r(1968,0,4,19,19)
w(3069,1,4,20,20)
r(1758,0,4,21,21)
w(1684,1,4,22,22)
r(4716,0,4,23,23)
r(9480,0,4,24,24)
r(1048,0,4,25,25)
r(5361,0,4,26,26)
r(5611,0,4,27,27)
r(3586,0,4,28,28)
r(3840,0,4,29,29)
w(6607,1,4,30,30)
r(4702,0,4,31,31)
r(1444,0,4,32,32)
w(2384,1,4,33,33)
w(4743,1,4,34,34)
w(3414,1,4,35,35)
r(3935,0,4,36,36)
r(9847,0,4,37,37)
w(7981,1,4,38,38)
w(1226,1,4,39,39)
r(7213,0,4,40,40)
w(7837,1,4,41,41)
r(3992,0,4,42,42)
r(3185,0,4,43,43)
r(1292,0,4,44,44)
w(5191,1,4,45,45)
w(8138,1,4,46,46)
w(7296,1,4,47,47)
r(8405,0,4,48,48)
w(6085,1,4,49,49)
w(687,1,4,50,50)
w(7274,1,4,51,51)
r(9626,0,4,52,52)
r(5311,0,4,53,53)
r(74,0,4,54,54)
w(4559,1,4,55,55)
w(2215,1,4,56,56)
r(2413,1,4,57,57)
w(6072,1,4,58,58)
r(4878,0,4,59,59)
w(2188,1,4,60,60)
r(293,0,4,61,61)
r(135,0,4,62,62)
r(835,0,4,63,63)
r(9162,0,4,64,64)
w(2332,1,4,65,65)
r(1437,0,4,66,66)
r(3308,0,4,67,67)
w(5199,1,4,68,68)
r(4638,0,4,69,69)
w(737,1,4,70,70)
r(9549,0,4,71,71)
r(9067,0,4,72,72)
w(2264,1,4,73,73)
w(5395,1,4,74,74)
r(6006,0,4,75,75)
w(3853,1,4,76,76)
r(9328,0,4,77,77)
r(5968,0,4,78,78)
w(5330,1,4,79,79)
r(8242,0,4,80,80)
r(5646,0,4,81,81)
r(1162,0,4,82,82)
w(9806,1,4,83,83)
r(9321,0,4,84,84)
w(707,1,4,85,85)
r(2416,0,4,86,86)
r(773,0,4,87,87)
r(7216,1,4,88,88)
w(2856,1,4,89,89)
r(334,0,4,90,90)
r(4523,0,4,91,91)
r(8217,0,4,92,92)
w(8268,1,4,93,93)
r(9443,0,4,94,94)
r(6535,0,4,95,95)
r(7144,0,4,96,96)
w(3635,1,4,97,97)
r(8537,0,4,98,98)
w(219,1,4,99,99)
w(523,1,4,100,100)
r(8845,0,4,101,101)
r(4867,0,4,102,102)
r(5737,0,4,103,103)
r(9993,0,4,104,104)
r(3422,0,4,105,105)
w(6279,1,4,106,106)
r(2132,0,4,107,107)
w(6653,1,4,108,108)
w(1374,1,4,109,109)
r(5285,0,4,110,110)
w(9070,1,4,111,111)
w(467,1,4,112,112)
r(6404,0,4,113,113)
r(7988,0,4,114,114)
r(7957,0,4,115,115)
w(2964,1,4,116,116)
w(2438,1,4,117,117)
w(3648,1,4,118,118)
w(3705,1,4,119,119)
w(8866,1,4,120,120)
w(4331,1,4,121,121)
w(4609,1,4,122,122)
r(6973,0,4,123,123)
r(6975,0,4,124,124)
w(6940,1,4,125,125)
r(9612,0,4,126,126)
w(4797,1,4,127,127)
r(5266,0,4,128,128)
w(6505,1,4,129,129)
r(1338,0,4,130,130)
r(9700,0,4,131,131)
r(2739,0,4,132,132)
r(3675,0,4,133,133)
r(4179,0,4,134,134)
r(914,0,4,135,135)
w(2392,1,4,136,136)
w(8694,1,4,137,137)
w(6206,1,4,138,138)
r(7819,0,4,139,139)
w(6136,1,4,140,140)
w(5859,1,4,141,141)
w(2032,1,4,142,142)
w(4092,2,4,143,143)
r(2686,0,4,144,144)
r(2467,0,4,145,145)
r(3906,0,4,146,146)
w(8464,1,4,147,147)
w(3093,1,4,148,148)
r(420,0,4,149,149)
w(2591,1,4,150,150)
r(7347,0,4,151,151)
r(3140,0,4,152,152)
w(7058,1,4,153,153)
w(7294,1,4,154,154)
r(8438,0,4,155,155)
r(3469,0,4,156,156)
r(9975,0,4,157,157)
r(8687,0,4,158,158)
w(996,1,4,159,159)
r(7929,1,4,160,160)
w(7047,1,4,161,161)
w(2911,1,4,162,162)
w(4882,1,4,163,163)
w(4649,2,4,164,164)
w(4140,1,4,165,165)
r(1287,0,4,166,166)
r(82,0,4,167,167)
w(702,1,4,168,168)
w(1780,1,4,169,169)
r(5932,0,4,170,170)
w(4109,2,4,171,171)
w(9815,1,4,172,172)
r(353,0,4,173,173)
r(742,0,4,174,174)
w(2218,1,4,175,175)
w(3400,1,4,176,176)
r(6958,0,4,177,177)
w(9114,1,4,178,178)
w(1670,1,4,179,179)
w(1273,2,4,180,180)
w(4804,1,4,181,181)
r(7652,0,4,182,182)
r(9310,0,4,183,183)
w(1635,1,4,184,184)
r(6169,0,4,185,185)
r(5019,0,4,186,186)
r(280,0,4,187,187)
r(6258,0,4,188,188)
r(5752,0,4,189,189)
r(3131,0,4,190,190)
w(8743,1,4,191,191)
r(7820,0,4,192,192)
r(7417,0,4,193,193)
w(5342,1,4,194,194)
r(2258,1,4,195,195)
w(1562,1,4,196,196)
r(7204,0,4,197,197)
w(8163,1,4,198,198)
w(1862,1,4,199,199)
w(4010,1,5,0,0)
w(5883,2,5,1,1)
r(1920,0,5,2,2)
r(6774,0,5,3,3)
r(8216,0,5,4,4)
w(2045,1,5,5,5)
w(2827,1,5,6,6)
r(1892,0,5,7,7)
r(6422,0,5,8,8)
w(6891,1,5,9,9)
w(4767,1,5,10,10)
w(6117,1,5,11,11)
w(7882,1,5,12,12)
w(4546,1,5,13,13)
r(9940,1,5,14,14)
r(9988,0,5,15,15)
r(9309,0,5,16,16)
w(4749,1,5,17,17)
r(4092,2,5,18,18)
w(4476,1,5,19,19)
w(437,1,5,20,20)
w(4272,1,5,21,21)
r(6543,0,5,22,22)
r(7893,0,5,23,23)
r(7468,0,5,24,24)
w(6617,1,5,25,25)
r(2896,0,5,26,26)
r(813,0,5,27,27)
r(6583,0,5,28,28)
w(9984,2,5,29,29)
w(7137,1,5,30,30)
w(1874,1,5,31,31)
w(1197,1,5,32,32)
r(8466,0,5,33,33)
r(1052,0,5,34,34)
r(2439,0,5,35,35)
r(8145,0,5,36,36)
r(7160,0,5,37,37)
w(6731,1,5,38,38)
r(2591,1,5,39,39)
w(2044,1,5,40,40)
w(501,1,5,41,41)
r(9732,0,5,42,42)
r(135,0,5,43,43)
r(1555,0,5,44,44)
r(2831,0,5,45,45)
r(6644,0,5,46,46)
r(349,0,5,47,47)
r(4280,0,5,48,48)
r(434,0,5,49,49)
r(900,0,5,50,50)
w(5448,1,5,51,51)
r(9541,0,5,52,52)
r(5526,0,5,53,53)
w(8764,1,5,54,54)
w(1141,1,5,55,55)
w(3423,2,5,56,56)
r(695,0,5,57,57)
r(1141,1,5,58,58)
w(628,1,5,59,59)
r(5076,0,5,60,60)
r(888,0,5,61,61)
r(2535,0,5,62,62)
r(945,0,5,63,63)
r(4960,0,5,64,64)
r(2472,0,5,65,65)
w(791,1,5,66,66)
w(8740,1,5,67,67)
r(3586,0,5,68,68)
w(315,1,5,69,69)
w(7391,1,5,70,70)
w(7152,1,5,71,71)
w(6261,1,5,72,72)
r(101,0,5,73,73)
r(4930,0,5,74,74)
r(5104,0,5,75,75)
r(2910,0,5,76,76)
w(2072,1,5,77,77)
r(2759,0,5,78,78)
w(1955,1,5,79,79)
r(5630,0,5,80,80)
r(474,0,5,81,81)
w(5232,1,5,82,82)
r(9071,0,5,83,83)
w(573,1,5,84,84)
w(4901,1,5,85,85)
r(8230,0,5,86,86)
w(2694,1,5,87,87)
r(9053,0,5,88,88)
r(6471,0,5,89,89)
w(2811,1,5,90,90)
w(221,1,5,91,91)
r(1439,0,5,92,92)
r(4143,0,5,93,93)
w(3044,1,5,94,94)
r(2370,0,5,95,95)
r(610,0,5,96,96)
w(4330,1,5,97,97)
r(9904,0,5,98,98)
w(5117,1,5,99,99)
r(3498,0,5,100,100)
r(492,0,5,101,101)
w(3230,1,5,102,102)
w(594,1,5,103,103)
w(5342,2,5,104,104)
r(5023,0,5,105,105)
r(6969,0,5,106,106)
r(119,0,5,107,107)
w(5913,1,5,108,108)
w(5596,1,5,109,109)
w(3546,1,5,110,110)
w(3659,1,5,111,111)
r(932,0,5,112,112)
w(1829,1,5,113,113)
r(4491,0,5,114,114)
w(6480,1,5,115,115)
w(8836,1,5,116,116)
r(9299,0,5,117,117)
r(8245,0,5,118,118)
r(1323,0,5,119,119)
r(3114,0,5,120,120)
r(965,0,5,121,121)
w(915,1,5,122,122)
r(6533,0,5,123,123)
r(5526,0,5,124,124)
r(6754,0,5,125,125)
r(443,0,5,126,126)
w(6931,1,5,127,127)
w(2721,1,5,128,128)
r(8418,0,5,129,129)
r(6563,0,5,130,130)
w(5904,1,5,131,131)
r(8473,0,5,132,132)
r(4010,1,5,133,133)
w(563,1,5,134,134)
r(3497,0,5,135,135)
w(4309,1,5,136,136)
r(506,0,5,137,137)
w(6692,1,5,138,138)
w(9708,1,5,139,139)
w(3435,1,5,140,140)
r(1160,0,5,141,141)
w(6363,1,5,142,142)
w(4030,1,5,143,143)
w(5333,1,5,144,144)
r(6648,0,5,145,145)
r(8818,0,5,146,146)
r(6873,0,5,147,147)
w(1165,1,5,148,148)
r(516,0,5,149,149)
w(1198,1,5,150,150)
r(6540,0,5,151,151)
w(9873,1,5,152,152)
w(1749,1,5,153,153)
r(6777,0,5,154,154)
r(6189,0,5,155,155)
w(9050,1,5,156,156)
r(1492,0,5,157,157)
r(4376,0,5,158,158)
r(8801,0,5,159,159)
r(218,0,5,160,160)
w(2560,1,5,161,161)
r(9998,0,5,162,162)
r(1689,0,5,163,163)
r(8673,0,5,164,164)
r(7573,0,5,165,165)
w(9913,1,5,166,166)
w(8758,1,5,167,167)
w(2495,1,5,168,168)
r(2177,0,5,169,169)
w(8566,1,5,170,170)
w(9175,1,5,171,171)
r(4002,0,5,172,172)
w(112,1,5,173,173)
r(1732,0,5,174,174)
w(5766,1,5,175,175)
w(7530,1,5,176,176)
w(2758,1,5,177,177)
w(600,1,5,178,178)
r(7645,0,5,179,179)
w(5696,1,5,180,180)
w(2309,1,5,181,181)
w(635,1,5,182,182)
r(6198,0,5,183,183)
r(7909,0,5,184,184)
w(4349,1,5,185,185)
r(6725,0,5,186,186)
w(6343,1,5,187,187)
r(6719,0,5,188,188)
w(1618,1,5,189,189)
w(1960,2,5,190,190)
w(220,1,5,191,191)
w(2878,1,5,192,192)
r(5688,0,5,193,193)
r(4656,0,5,194,194)
r(4065,0,5,195,195)
r(9914,0,5,196,196)
r(5280,0,5,197,197)
w(4014,1,5,198,198)
r(1349,0,5,199,199)
w(3261,1,6,0,0)
w(7558,1,6,1,1)
w(5966,1,6,2,2)
r(297,0,6,3,3)
r(1891,0,6,4,4)
r(5055,0,6,5,5)
r(5674,0,6,6,6)
w(9814,1,6,7,7)
r(5596,1,6,8,8)
w(6429,1,6,9,9)
w(8067,1,6,10,10)
r(1715,0,6,11,11)
w(7296,2,6,12,12)
r(7527,0,6,13,13)
r(7026,1,6,14,14)
w(4627,1,6,15,15)
r(3661,0,6,16,16)
w(4859,1,6,17,17)
w(6800,1,6,18,18)
r(436,1,6,19,19)
w(8747,1,6,20,20)
r(50,0,6,21,21)
r(2172,0,6,22,22)
w(5830,1,6,23,23)
r(8072,0,6,24,24)
r(7055,0,6,25,25)
r(4505,0,6,26,26)
r(2503,0,6,27,27)
r(2552,0,6,28,28)
r(4034,1,6,29,29)
w(1749,2,6,30,30)
w(918,1,6,31,31)
w(3382,1,6,32,32)
w(4029,1,6,33,33)
r(9033,0,6,34,34)
r(1598,0,6,35,35)
w(2018,1,6,36,36)
w(4375,1,6,37,37)
r(3523,0,6,38,38)
r(4174,0,6,39,39)
r(4647,0,6,40,40)
r(6500,0,6,41,41)
r(9988,0,6,42,42)
r(5233,0,6,43,43)
w(8680,1,6,44,44)
r(4871,1,6,45,45)
r(9303,0,6,46,46)
w(277,1,6,47,47)
w(57,1,6,48,48)
r(6854,0,6,49,49)
r(7520,0,6,50,50)
r(6113,0,6,51,51)
w(1948,1,6,52,52)
w(4743,2,6,53,53)
r(4794,0,6,54,54)
r(3256,0,6,55,55)
r(4304,0,6,56,56)
w(5721,1,6,57,57)
w(8819,1,6,58,58)
w(9431,1,6,59,59)
r(9447,0,6,60,60)
r(3857,0,6,61,61)
r(842,0,6,62,62)
w(5732,1,6,63,63)
r(4680,0,6,64,64)
w(5789,1,6,65,65)
r(8954,0,6,66,66)
w(1191,1,6,67,67)
r(2471,0,6,68,68)
r(8844,1,6,69,69)
r(9554,0,6,70,70)
w(8185,1,6,71,71)
r(1175,0,6,72,72)
w(1667,1,6,73,73)
r(7246,0,6,74,74)
w(58,1,6,75,75)
w(3908,1,6,76,76)
w(3916,1,6,77,77)
w(3533,1,6,78,78)
r(1719,0,6,79,79)
r(8680,1,6,80,80)
r(1907,0,6,81,81)
r(9746,0,6,82,82)
w(5459,1,6,83,83)
w(274,1,6,84,84)
w(5802,1,6,85,85)
w(6355,1,6,86,86)
w(3540,2,6,87,87)
r(8625,0,6,88,88)
w(6462,1,6,89,89)
r(7866,0,6,90,90)
w(2294,1,6,91,91)
r(6635,0,6,92,92)
r(8222,0,6,93,93)
w(2381,1,6,94,94)
r(1370,0,6,95,95)
r(2071,0,6,96,96)
r(6401,0,6,97,97)
r(6742,0,6,98,98)
r(4134,0,6,99,99)
r(639,0,6,100,100)
r(5439,1,6,101,101)
r(3378,1,6,102,102)
w(9131,1,6,103,103)
w(7370,1,6,104,104)
w(1261,1,6,105,105)
w(5483,1,6,106,106)
w(6923,1,6,107,107)
r(5468,0,6,108,108)
w(13,1,6,109,109)
w(3542,1,6,110,110)
r(6710,0,6,111,111)
w(2946,1,6,112,112)
r(5400,0,6,113,113)
w(7874,1,6,114,114)
r(7595,1,6,115,115)
r(7823,0,6,116,116)
r(6169,0,6,117,117)
r(268,0,6,118,118)
r(5019,0,6,119,119)
r(6236,0,6,120,120)
r(6881,0,6,121,121)
r(5824,0,6,122,122)
w(8673,1,6,123,123)
r(4942,0,6,124,124)
w(6208,1,6,125,125)
r(7294,1,6,126,126)
w(9565,1,6,127,127)
r(5424,0,6,128,128)
w(9206,1,6,129,129)
w(2565,1,6,130,130)
r(1479,0,6,131,131)
w(6889,1,6,132,132)
r(8727,0,6,133,133)
r(2226,0,6,134,134)
r(5469,0,6,135,135)
r(6293,0,6,136,136)
r(8233,0,6,137,137)
w(7088,1,6,138,138)
r(3547,0,6,139,139)
r(4341,0,6,140,140)
w(3822,1,6,141,141)
r(7606,0,6,142,142)
r(9977,0,6,143,143)
r(5798,0,6,144,144)
w(8413,1,6,145,145)
r(4755,0,6,146,146)
r(6519,0,6,147,147)
w(964,1,6,148,148)
r(626,0,6,149,149)
w(6968,1,6,150,150)
r(305,0,6,151,151)
w(5758,1,6,152,152)
w(2543,1,6,153,153)
r(9328,0,6,154,154)
r(2487,0,6,155,155)
r(1451,0,6,156,156)
w(8390,1,6,157,157)
w(5999,1,6,158,158)
r(4246,0,6,159,159)
w(7859,1,6,160,160)
w(4247,1,6,161,161)
r(4085,0,6,162,162)
r(5218,0,6,163,163)
r(8939,0,6,164,164)
w(4844,1,6,165,165)
r(884,0,6,166,166)
w(1196,1,6,167,167)
w(4400,1,6,168,168)
r(8131,0,6,169,169)
w(5201,1,6,170,170)
w(6634,1,6,171,171)
r(5874,0,6,172,172)
r(8676,0,6,173,173)
w(9021,1,6,174,174)
r(616,0,6,175,175)
w(2649,1,6,176,176)
w(7175,1,6,177,177)
r(9225,0,6,178,178)
w(2506,1,6,179,179)
w(1256,1,6,180,180)
r(4500,0,6,181,181)
r(3391,0,6,182,182)
w(4473,1,6,183,183)
w(6482,1,6,184,184)
r(7468,0,6,185,185)
w(823,1,6,186,186)
r(2918,0,6,187,187)
r(1816,0,6,188,188)
r(1752,0,6,189,189)
w(6621,1,6,190,190)
w(3985,1,6,191,191)
r(8751,0,6,192,192)
r(154,0,6,193,193)
w(3607,1,6,194,194)
r(882,1,6,195,195)
r(8815,0,6,196,196)
w(4913,1,6,197,197)
r(6041,0,6,198,198)
r(3712,0,6,199,199)
w(8876,1,7,0,0)
w(5260,1,7,1,1)
w(5680,1,7,2,2)
w(1945,1,7,3,3)
w(6136,2,7,4,4)
w(544,1,7,5,5)
r(8112,0,7,6,6)
w(7420,2,7,7,7)
r(1164,0,7,8,8)
w(2974,1,7,9,9)
w(522,1,7,10,10)
r(8148,0,7,11,11)
w(1715,1,7,12,12)
w(4605,1,7,13,13)
w(8601,1,7,14,14)
w(8808,1,7,15,15)
r(1054,0,7,16,16)
w(3586,1,7,17,17)
w(8039,1,7,18,18)
r(9829,0,7,19,19)
w(841,1,7,20,20)
r(2512,0,7,21,21)
r(6455,0,7,22,22)
r(6257,0,7,23,23)
w(5357,1,7,24,24)
w(2478,1,7,25,25)
w(9710,1,7,26,26)
w(5783,1,7,27,27)
r(3183,0,7,28,28)
r(7471,0,7,29,29)
w(5073,1,7,30,30)
w(3053,1,7,31,31)
r(139,0,7,32,32)
r(3595,0,7,33,33)
w(108,1,7,34,34)
r(1256,1,7,35,35)
w(7747,1,7,36,36)
w(7536,1,7,37,37)
w(8653,1,7,38,38)
r(8789,0,7,39,39)
w(8469,1,7,40,40)
r(7511,0,7,41,41)
w(7272,1,7,42,42)
r(362,0,7,43,43)
r(8352,0,7,44,44)
r(8394,0,7,45,45)
w(9137,1,7,46,46)
r(1819,0,7,47,47)
r(2809,0,7,48,48)
w(2272,1,7,49,49)
r(6324,0,7,50,50)
r(7635,0,7,51,51)
w(7686,1,7,52,52)
w(1820,1,7,53,53)
r(846,0,7,54,54)
w(8073,1,7,55,55)
w(4722,1,7,56,56)
r(3231,0,7,57,57)
r(7182,0,7,58,58)
r(8164,1,7,59,59)
r(4321,0,7,60,60)
w(3315,1,7,61,61)
r(6588,0,7,62,62)
r(2861,0,7,63,63)
r(7891,0,7,64,64)
w(5976,1,7,65,65)
r(6638,0,7,66,66)
w(6626,2,7,67,67)
w(1668,1,7,68,68)
r(5402,0,7,69,69)
r(2292,0,7,70,70)
r(6512,0,7,71,71)
w(1445,1,7,72,72)
w(5302,1,7,73,73)
w(3464,1,7,74,74)
r(7390,0,7,75,75)
r(298,0,7,76,76)
w(521,1,7,77,77)
w(8724,1,7,78,78)
r(5542,0,7,79,79)
r(222,0,7,80,80)
r(4681,0,7,81,81)
r(7724,0,7,82,82)
r(4076,0,7,83,83)
r(4872,0,7,84,84)
w(9787,1,7,85,85)
w(9558,1,7,86,86)
w(3206,1,7,87,87)
r(2940,0,7,88,88)
w(3878,1,7,89,89)
r(6928,0,7,90,90)
w(5630,1,7,91,91)
w(9694,1,7,92,92)
r(7265,0,7,93,93)
r(5759,0,7,94,94)
r(9926,0,7,95,95)
r(6720,0,7,96,96)
w(3887,1,7,97,97)
w(9020,1,7,98,98)
r(7005,0,7,99,99)
r(3087,0,7,100,100)
r(4444,0,7,101,101)
r(7459,0,7,102,102)
r(5930,0,7,103,103)
w(8147,1,7,104,104)
r(9780,0,7,105,105)
r(9485,0,7,106,106)
r(6596,0,7,107,107)
r(3629,0,7,108,108)
w(4831,1,7,109,109)
r(8255,0,7,110,110)
r(9447,0,7,111,111)
w(4022,1,7,112,112)
r(9809,0,7,113,113)
w(7112,1,7,114,114)
w(5329,1,7,115,115)
r(3003,0,7,116,116)
r(4083,0,7,117,117)
r(7234,0,7,118,118)
r(9210,0,7,119,119)
w(3827,1,7,120,120)
r(529,0,7,121,121)
r(8997,0,7,122,122)
r(3255,0,7,123,123)
r(1408,0,7,124,124)
w(5902,1,7,125,125)
w(7805,1,7,126,126)
w(4595,1,7,127,127)
r(8566,1,7,128,128)
r(4311,1,7,129,129)
r(5505,0,7,130,130)
w(2327,1,7,131,131)
w(1559,1,7,132,132)
w(6987,1,7,133,133)
w(2649,2,7,134,134)
r(8290,0,7,135,135)
w(939,1,7,136,136)
w(1673,1,7,137,137)
r(7777,0,7,138,138)
r(4676,0,7,139,139)
r(2639,0,7,140,140)
r(1933,0,7,141,141)
r(2319,0,7,142,142)
r(4282,0,7,143,143)
r(203,0,7,144,144)
r(120,1,7,145,145)
w(8438,1,7,146,146)
r(8587,0,7,147,147)
w(5909,1,7,148,148)
r(4387,0,7,149,149)
r(7657,0,7,150,150)
r(8210,0,7,151,151)
w(7054,1,7,152,152)
r(5617,0,7,153,153)
w(8440,1,7,154,154)
r(9576,0,7,155,155)
r(1124,0,7,156,156)
r(1201,0,7,157,157)
w(4708,1,7,158,158)
r(8626,0,7,159,159)
w(9659,1,7,160,160)
w(2856,2,7,161,161)
w(8769,1,7,162,162)
w(455,1,7,163,163)
r(4212,0,7,164,164)
r(9066,0,7,165,165)
r(6742,0,7,166,166)
r(9898,0,7,167,167)
w(6634,2,7,168,168)
w(2156,1,7,169,169)
w(7770,1,7,170,170)
r(3839,0,7,171,171)
r(1153,0,7,172,172)
w(1743,1,7,173,173)
r(5035,0,7,174,174)
r(2058,0,7,175,175)
r(3580,0,7,176,176)
r(4355,0,7,177,177)
w(253,1,7,178,178)
w(5575,1,7,179,179)
r(3811,0,7,180,180)
r(6787,0,7,181,181)
r(5315,0,7,182,182)
r(2486,0,7,183,183)
r(5643,0,7,184,184)
w(7345,1,7,185,185)
w(3579,1,7,186,186)
w(8977,1,7,187,187)
w(3488,1,7,188,188)
w(5466,1,7,189,189)
w(3623,1,7,190,190)
r(3263,0,7,191,191)
r(1160,0,7,192,192)
r(8325,1,7,193,193)
w(2629,1,7,194,194)
r(7443,0,7,195,195)
r(5138,0,7,196,196)
r(4288,1,7,197,197)
w(9170,1,7,198,198)
w(1097,1,7,199,199)
r(7140,0,8,0,0)
r(4910,0,8,1,1)
r(4822,0,8,2,2)
r(1188,1,8,3,3)
w(6607,2,8,4,4)
w(6183,1,8,5,5)
r(3076,0,8,6,6)
w(8577,1,8,7,7)
r(1539,0,8,8,8)
w(4629,1,8,9,9)
w(6396,1,8,10,10)
w(264,1,8,11,11)
r(2303,1,8,12,12)
r(2177,0,8,13,13)
w(8482,1,8,14,14)
w(7523,1,8,15,15)
r(8588,0,8,16,16)
w(9722,1,8,17,17)
r(3709,0,8,18,18)
w(5669,2,8,19,19)
w(6690,1,8,20,20)
w(2444,1,8,21,21)
r(1211,0,8,22,22)
w(7542,1,8,23,23)
w(7681,1,8,24,24)
w(5020,1,8,25,25)
w(1694,1,8,26,26)
w(9481,2,8,27,27)
w(1131,1,8,28,28)
w(8235,1,8,29,29)
r(9311,0,8,30,30)
w(6873,1,8,31,31)
w(1951,1,8,32,32)
r(2719,0,8,33,33)
w(4873,1,8,34,34)
w(2588,1,8,35,35)
w(8887,1,8,36,36)
r(8554,0,8,37,37)
r(2781,0,8,38,38)
r(8203,0,8,39,39)
r(7252,0,8,40,40)
w(5777,1,8,41,41)
r(8066,0,8,42,42)
r(5799,0,8,43,43)
w(2613,1,8,44,44)
r(1160,0,8,45,45)
r(1587,0,8,46,46)
w(7868,1,8,47,47)
w(5513,1,8,48,48)
w(6460,1,8,49,49)
r(7396,0,8,50,50)
w(1959,1,8,51,51)
r(4945,0,8,52,52)
w(7816,1,8,53,53)
w(9891,1,8,54,54)
r(9724,0,8,55,55)
w(3965,1,8,56,56)
r(8064,0,8,57,57)
w(6077,1,8,58,58)
r(538,0,8,59,59)
w(2935,2,8,60,60)
w(3793,1,8,61,61)
w(5961,1,8,62,62)
w(5647,1,8,63,63)
r(5149,0,8,64,64)
r(2086,0,8,65,65)
w(2539,1,8,66,66)
r(4449,0,8,67,67)
w(3228,1,8,68,68)
w(7417,1,8,69,69)
r(6366,0,8,70,70)
w(4108,1,8,71,71)
r(4606,0,8,72,72)
w(5586,1,8,73,73)
r(2634,0,8,74,74)
r(7975,1,8,75,75)
r(3855,0,8,76,76)
w(9030,1,8,77,77)
w(5841,1,8,78,78)
r(8756,0,8,79,79)
w(6550,1,8,80,80)
w(9095,1,8,81,81)
r(6219,0,8,82,82)
w(6983,1,8,83,83)
w(1253,1,8,84,84)
r(9376,0,8,85,85)
r(9135,0,8,86,86)
w(4850,1,8,87,87)
r(3843,0,8,88,88)
w(7091,1,8,89,89)
w(1778,1,8,90,90)
w(1041,1,8,91,91)
r(6835,0,8,92,92)
r(4716,0,8,93,93)
w(7302,1,8,94,94)
w(9694,2,8,95,95)
w(8028,1,8,96,96)
r(6645,0,8,97,97)
r(8802,1,8,98,98)
r(8364,0,8,99,99)
w(8054,1,8,100,100)
r(6382,0,8,101,101)
r(6068,0,8,102,102)
r(2353,0,8,103,103)
w(7475,1,8,104,104)
w(5429,1,8,105,105)
r(5235,0,8,106,106)
w(6700,1,8,107,107)
r(5557,0,8,108,108)
r(5530,0,8,109,109)
w(2885,1,8,110,110)
w(8479,1,8,111,111)
r(7396,0,8,112,112)
r(3511,0,8,113,113)
r(7936,0,8,114,114)
r(3059,0,8,115,115)
r(4151,0,8,116,116)
w(7028,1,8,117,117)
r(2248,0,8,118,118)
r(4152,0,8,119,119)
w(5544,1,8,120,120)
w(7328,1,8,121,121)
r(5412,0,8,122,122)
r(2106,0,8,123,123)
r(8621,0,8,124,124)
w(512,1,8,125,125)
w(3647,1,8,126,126)
r(1713,0,8,127,127)
w(8185,2,8,128,128)
w(5815,1,8,129,129)
w(1135,1,8,130,130)
w(1137,1,8,131,131)
r(6249,0,8,132,132)
r(343,0,8,133,133)
r(9403,0,8,134,134)
w(6065,1,8,135,135)
w(9431,2,8,136,136)
r(8142,0,8,137,137)
w(4272,2,8,138,138)
r(561,0,8,139,139)
r(5382,0,8,140,140)
w(2853,1,8,141,141)
w(6920,1,8,142,142)
r(1380,0,8,143,143)
w(4858,1,8,144,144)
w(6905,1,8,145,145)
r(3009,0,8,146,146)
w(9986,1,8,147,147)
w(4532,1,8,148,148)
w(7149,1,8,149,149)
w(3039,1,8,150,150)
r(5359,0,8,151,151)
w(1631,1,8,152,152)
r(4176,0,8,153,153)
w(6651,1,8,154,154)
w(8744,1,8,155,155)
w(1869,1,8,156,156)
r(9377,1,8,157,157)
r(6576,0,8,158,158)
r(6281,0,8,159,159)
w(4548,1,8,160,160)
w(2116,1,8,161,161)
r(7790,0,8,162,162)
r(5414,0,8,163,163)
w(5005,1,8,164,164)
r(2021,0,8,165,165)
r(768,0,8,166,166)
r(2322,0,8,167,167)
r(3971,0,8,168,168)
r(8779,0,8,169,169)
r(8271,0,8,170,170)
w(4067,1,8,171,171)
w(5965,1,8,172,172)
r(8569,0,8,173,173)
r(726,0,8,174,174)
w(8132,1,8,175,175)
w(530,1,8,176,176)
r(1617,0,8,177,177)
r(2209,0,8,178,178)
r(1510,0,8,179,179)
r(8629,0,8,180,180)
w(3902,1,8,181,181)
w(9101,1,8,182,182)
w(6503,1,8,183,183)
r(2429,0,8,184,184)
w(3128,1,8,185,185)
r(3222,0,8,186,186)
w(7928,1,8,187,187)
r(651,0,8,188,188)
r(2828,0,8,189,189)
r(8269,0,8,190,190)
r(2394,0,8,191,191)
r(8877,0,8,192,192)
r(6078,0,8,193,193)
r(9940,1,8,194,194)
w(5758,2,8,195,195)
r(150,0,8,196,196)
w(369,1,8,197,197)
r(4410,0,8,198,198)
r(8958,0,8,199,199)
w(5669,3,9,0,0)
w(3941,1,9,1,1)
w(9108,1,9,2,2)
r(2235,0,9,3,3)
w(8447,1,9,4,4)
r(6617,1,9,5,5)
r(2904,0,9,6,6)
r(8165,0,9,7,7)
r(4608,0,9,8,8)
r(6500,0,9,9,9)
r(1009,0,9,10,10)
w(4801,1,9,11,11)
w(6561,1,9,12,12)
w(2525,1,9,13,13)
r(2692,0,9,14,14)
w(6545,1,9,15,15)
r(62,0,9,16,16)
w(4951,1,9,17,17)
w(5169,1,9,18,18)
w(8316,1,9,19,19)
w(1201,1,9,20,20)
r(1897,0,9,21,21)
w(3972,1,9,22,22)
w(6039,1,9,23,23)
r(9579,0,9,24,24)
r(3237,0,9,25,25)
w(9249,1,9,26,26)
r(1976,0,9,27,27)
w(6828,1,9,28,28)
w(6064,1,9,29,29)
w(7080,1,9,30,30)
r(8026,0,9,31,31)
w(5490,1,9,32,32)
w(4999,1,9,33,33)
r(3127,0,9,34,34)
r(7237,0,9,35,35)
w(1696,1,9,36,36)
w(4562,1,9,37,37)
w(3415,2,9,38,38)
w(2972,1,9,39,39)
w(7311,1,9,40,40)
w(3745,1,9,41,41)
r(7680,0,9,42,42)
r(3697,0,9,43,43)
w(4881,1,9,44,44)
w(1507,1,9,45,45)
w(5571,1,9,46,46)
w(7584,1,9,47,47)
r(8180,0,9,48,48)
r(7948,0,9,49,49)
w(8685,1,9,50,50)
r(9177,0,9,51,51)
w(9986,2,9,52,52)
r(6906,0,9,53,53)
r(4275,0,9,54,54)
r(5580,0,9,55,55)
r(3932,0,9,56,56)
w(5469,1,9,57,57)
w(3845,1,9,58,58)
w(9466,1,9,59,59)
r(2130,0,9,60,60)
w(4861,1,9,61,61)
r(5827,0,9,62,62)
r(2899,0,9,63,63)
w(9628,2,9,64,64)
w(6867,1,9,65,65)
w(4858,2,9,66,66)
r(6646,0,9,67,67)
w(3552,1,9,68,68)
r(7859,1,9,69,69)
r(9225,0,9,70,70)
r(5635,0,9,71,71)
w(414,1,9,72,72)
w(8286,1,9,73,73)
r(6129,0,9,74,74)
r(3350,0,9,75,75)
r(9186,0,9,76,76)
r(7515,0,9,77,77)
w(3514,1,9,78,78)
r(8338,0,9,79,79)
w(3527,1,9,80,80)
r(5212,0,9,81,81)
r(9728,0,9,82,82)
w(5188,1,9,83,83)
r(843,0,9,84,84)
r(9973,0,9,85,85)
w(8861,1,9,86,86)
r(5144,0,9,87,87)
r(2602,0,9,88,88)
w(7680,1,9,89,89)
r(1127,1,9,90,90)
r(9963,0,9,91,91)
w(2395,2,9,92,92)
r(652,0,9,93,93)
r(3121,0,9,94,94)
w(9759,1,9,95,95)
w(5024,1,9,96,96)
w(1670,2,9,97,97)
w(6181,1,9,98,98)
r(1733,0,9,99,99)
r(6864,0,9,100,100)
w(1379,1,9,101,101)
r(9047,0,9,102,102)
r(8287,0,9,103,103)
w(9442,1,9,104,104)
w(1641,1,9,105,105)
r(7620,0,9,106,106)
w(8731,1,9,107,107)
r(5896,0,9,108,108)
r(1969,0,9,109,109)
r(9999,0,9,110,110)
r(863,0,9,111,111)
w(3261,2,9,112,112)
w(5870,1,9,113,113)
r(6723,0,9,114,114)
w(487,1,9,115,115)
w(905,1,9,116,116)
w(4727,1,9,117,117)
r(5543,0,9,118,118)
r(7927,0,9,119,119)
w(3287,1,9,120,120)
w(9411,1,9,121,121)
w(754,1,9,122,122)
w(426,1,9,123,123)
r(3315,1,9,124,124)
r(3940,0,9,125,125)
r(3916,1,9,126,126)
r(356,0,9,127,127)
w(6705,1,9,128,128)
r(7991,0,9,129,129)
r(7315,0,9,130,130)
r(6816,0,9,131,131)
r(5707,0,9,132,132)
w(2547,1,9,133,133)
r(3151,0,9,134,134)
w(1087,1,9,135,135)
w(8418,1,9,136,136)
r(8414,0,9,137,137)
r(6433,0,9,138,138)
w(8037,1,9,139,139)
r(7292,0,9,140,140)
w(786,1,9,141,141)
w(5051,1,9,142,142)
w(2759,1,9,143,143)
w(118,1,9,144,144)
w(4783,1,9,145,145)
r(6932,0,9,146,146)
w(2969,1,9,147,147)
r(3695,0,9,148,148)
w(5780,1,9,149,149)
w(941,1,9,150,150)
r(3347,0,9,151,151)
w(4444,1,9,152,152)
r(3313,1,9,153,153)
r(6398,0,9,154,154)
r(4549,0,9,155,155)
w(1813,1,9,156,156)
r(369,1,9,157,157)
w(7131,1,9,158,158)
r(1683,0,9,159,159)
w(7095,1,9,160,160)
r(2082,0,9,161,161)
r(4633,0,9,162,162)
w(3913,1,9,163,163)
w(8799,1,9,164,164)
r(4199,0,9,165,165)
r(2169,0,9,166,166)
w(1434,1,9,167,167)
r(9821,0,9,168,168)
w(2707,1,9,169,169)
r(8988,0,9,170,170)
w(1563,1,9,171,171)
w(9298,1,9,172,172)
w(3349,1,9,173,173)
w(9876,1,9,174,174)
w(4462,1,9,175,175)
w(9322,1,9,176,176)
w(5013,1,9,177,177)
w(3694,1,9,178,178)
r(7426,0,9,179,179)
w(551,1,9,180,180)
w(5713,1,9,181,181)
w(6203,1,9,182,182)
w(3112,1,9,183,183)
w(2986,1,9,184,184)
r(9587,0,9,185,185)
r(2493,1,9,186,186)
w(7326,1,9,187,187)
r(1537,0,9,188,188)
w(9527,1,9,189,189)
w(2556,1,9,190,190)
w(4005,1,9,191,191)
w(2995,1,9,192,192)
w(3824,2,9,193,193)
w(9712,2,9,194,194)
r(8729,0,9,195,195)
r(4056,0,9,196,196)
r(9060,0,9,197,197)
w(842,1,9,198,198)
w(8877,1,9,199,199)
w(7176,1,10,0,0)
w(9907,1,10,1,1)
w(7431,1,10,2,2)
w(2589,1,10,3,3)
r(7353,0,10,4,4)
w(5098,1,10,5,5)
r(2414,0,10,6,6)
w(5109,1,10,7,7)
r(628,1,10,8,8)
w(3929,1,10,9,9)
r(5082,0,10,10,10)
w(4963,1,10,11,11)
r(7239,0,10,12,12)
r(6030,0,10,13,13)
w(1883,1,10,14,14)
r(2176,0,10,15,15)
r(4403,0,10,16,16)
r(2274,0,10,17,17)
w(1332,1,10,18,18)
w(8963,1,10,19,19)
w(9560,1,10,20,20)
r(3634,0,10,21,21)
w(5080,2,10,22,22)
r(1969,0,10,23,23)
w(7674,1,10,24,24)
w(4687,1,10,25,25)
r(3408,0,10,26,26)
r(9885,0,10,27,27)
r(1157,0,10,28,28)
r(9059,0,10,29,29)
r(6657,0,10,30,30)
w(5195,1,10,31,31)
w(3427,1,10,32,32)
w(5268,1,10,33,33)
w(4838,1,10,34,34)
r(4701,0,10,35,35)
w(8393,1,10,36,36)
r(9136,0,10,37,37)
r(8530,0,10,38,38)
w(5264,1,10,39,39)
w(4487,1,10,40,40)
r(8772,0,10,41,41)
r(3644,0,10,42,42)
w(2334,1,10,43,43)
r(4226,0,10,44,44)
r(7595,1,10,45,45)
r(9912,0,10,46,46)
r(116,0,10,47,47)
r(9127,0,10,48,48)
r(1288,0,10,49,49)
w(7753,1,10,50,50)
r(4654,0,10,51,51)
r(540,0,10,52,52)
r(7603,0,10,53,53)
r(5662,0,10,54,54)
w(4304,1,10,55,55)
w(9681,1,10,56,56)
r(1068,0,10,57,57)
r(7064,0,10,58,58)
r(7471,0,10,59,59)
r(1257,0,10,60,60)
r(283,0,10,61,61)
w(3312,1,10,62,62)
r(404,0,10,63,63)
w(6952,1,10,64,64)
r(1910,0,10,65,65)
r(7157,0,10,66,66)
r(7583,0,10,67,67)
r(3045,0,10,68,68)
w(270,1,10,69,69)
w(8580,1,10,70,70)
r(5131,0,10,71,71)
r(134,0,10,72,72)
w(1874,2,10,73,73)
r(4230,0,10,74,74)
r(6292,0,10,75,75)
r(9929,0,10,76,76)
r(3524,0,10,77,77)
r(5267,0,10,78,78)
w(5427,1,10,79,79)
w(2448,1,10,80,80)
r(6363,1,10,81,81)
w(9,1,10,82,82)
r(5845,0,10,83,83)
w(1514,1,10,84,84)
w(4751,1,10,85,85)
r(2413,1,10,86,86)
w(4015,1,10,87,87)
w(1010,1,10,88,88)
w(3451,1,10,89,89)
r(2544,0,10,90,90)
w(3115,1,10,91,91)
w(4981,1,10,92,92)
r(279,0,10,93,93)
w(4638,1,10,94,94)
w(9323,1,10,95,95)
w(4087,1,10,96,96)
r(3068,0,10,97,97)
w(6378,1,10,98,98)
w(1599,1,10,99,99)
w(9234,1,10,100,100)
w(6118,1,10,101,101)
w(3938,1,10,102,102)
r(2223,0,10,103,103)
r(1213,0,10,104,104)
r(9224,0,10,105,105)
r(8101,0,10,106,106)
r(9720,0,10,107,107)
w(3442,1,10,108,108)
w(6783,1,10,109,109)
w(2492,2,10,110,110)
w(787,1,10,111,111)
w(4381,1,10,112,112)
r(2704,0,10,113,113)
w(1459,1,10,114,114)
r(4131,0,10,115,115)
w(2782,1,10,116,116)
r(509,0,10,117,117)
r(3691,0,10,118,118)
w(890,1,10,119,119)
w(6740,1,10,120,120)
w(458,1,10,121,121)
r(3851,0,10,122,122)
w(8648,1,10,123,123)
w(2592,1,10,124,124)
r(9449,0,10,125,125)
r(6735,0,10,126,126)
w(7507,1,10,127,127)
r(5826,0,10,128,128)
w(9095,2,10,129,129)
w(553,1,10,130,130)
r(0,0,10,131,131)
r(8141,0,10,132,132)
r(2419,0,10,133,133)
r(9593,0,10,134,134)
w(4685,1,10,135,135)
w(1884,1,10,136,136)
w(750,1,10,137,137)
w(8850,1,10,138,138)
r(9979,0,10,139,139)
r(5181,0,10,140,140)
r(2040,0,10,141,141)
w(7025,1,10,142,142)
r(1621,0,10,143,143)
w(8636,1,10,144,144)
w(1339,1,10,145,145)
w(8137,1,10,146,146)
w(9273,1,10,147,147)
w(4114,1,10,148,148)
r(1222,0,10,149,149)
r(6208,1,10,150,150)
r(2302,0,10,151,151)
w(8448,1,10,152,152)
r(1660,0,10,153,153)
w(4280,1,10,154,154)
r(7088,1,10,155,155)
w(11,1,10,156,156)
r(6279,1,10,157,157)
r(1996,0,10,158,158)
r(4215,0,10,159,159)
r(8705,0,10,160,160)
r(434,0,10,161,161)
r(7115,0,10,162,162)
r(3857,0,10,163,163)
r(8871,0,10,164,164)
r(7067,1,10,165,165)
w(5163,1,10,166,166)
r(6675,0,10,167,167)
r(8686,0,10,168,168)
w(3028,1,10,169,169)
w(3606,1,10,170,170)
r(9828,0,10,171,171)
r(8380,0,10,172,172)
w(1243,1,10,173,173)
w(4852,1,10,174,174)
w(4811,1,10,175,175)
r(5838,0,10,176,176)
r(4161,0,10,177,177)
w(1392,1,10,178,178)
r(546,0,10,179,179)
r(887,0,10,180,180)
r(3661,0,10,181,181)
r(7158,0,10,182,182)
w(4822,1,10,183,183)
r(9432,0,10,184,184)
w(5884,2,10,185,185)
w(2831,1,10,186,186)
w(5609,1,10,187,187)
r(6031,0,10,188,188)
w(5057,1,10,189,189)
r(8842,0,10,190,190)
w(8605,1,10,191,191)
r(1758,0,10,192,192)
w(2559,1,10,193,193)
r(58,1,10,194,194)
r(1909,0,10,195,195)
w(9903,1,10,196,196)
w(5355,1,10,197,197)
r(9981,0,10,198,198)
r(2088,0,10,199,199)
w(1481,1,11,0,0)
w(4191,1,11,1,1)
w(8907,1,11,2,2)
w(3779,1,11,3,3)
w(5049,1,11,4,4)
w(2736,1,11,5,5)
w(4977,1,11,6,6)
r(736,0,11,7,7)
w(9964,1,11,8,8)
w(6463,1,11,9,9)
r(6594,0,11,10,10)
w(9381,1,11,11,11)
r(5791,0,11,12,12)
r(2983,0,11,13,13)
r(4054,0,11,14,14)
w(6720,1,11,15,15)
r(7828,0,11,16,16)
r(8235,1,11,17,17)
w(918,2,11,18,18)
w(7866,1,11,19,19)
r(8388,0,11,20,20)
w(3649,1,11,21,21)
r(1199,0,11,22,22)
r(3827,1,11,23,23)
r(7791,0,11,24,24)
r(5741,0,11,25,25)
r(9468,0,11,26,26)
r(9063,0,11,27,27)
r(531,0,11,28,28)
w(833,1,11,29,29)
r(4746,0,11,30,30)
w(2935,3,11,31,31)
w(1492,1,11,32,32)
w(5437,1,11,33,33)
w(8577,2,11,34,34)
w(2864,1,11,35,35)
w(2783,1,11,36,36)
r(6023,0,11,37,37)
w(3876,1,11,38,38)
w(5362,1,11,39,39)
w(6827,1,11,40,40)
w(4507,1,11,41,41)
w(8206,1,11,42,42)
r(1256,1,11,43,43)
r(9881,0,11,44,44)
w(9425,1,11,45,45)
r(2458,0,11,46,46)
w(822,1,11,47,47)
w(862,2,11,48,48)
r(8002,0,11,49,49)
w(5951,1,11,50,50)
r(3622,0,11,51,51)
w(6484,1,11,52,52)
w(2383,1,11,53,53)
r(5760,0,11,54,54)
r(7364,0,11,55,55)
r(9804,0,11,56,56)
w(4815,1,11,57,57)
w(490,1,11,58,58)
w(5057,2,11,59,59)
r(1340,0,11,60,60)
w(360,1,11,61,61)
w(4008,1,11,62,62)
w(1758,1,11,63,63)
w(6331,1,11,64,64)
r(939,1,11,65,65)
w(2177,1,11,66,66)
w(501,2,11,67,67)
w(3873,1,11,68,68)
w(2526,1,11,69,69)
r(6155,0,11,70,70)
r(8698,0,11,71,71)
w(335,1,11,72,72)
r(9704,0,11,73,73)
r(6835,0,11,74,74)
w(3297,1,11,75,75)
r(3480,0,11,76,76)
r(3240,0,11,77,77)
r(6874,0,11,78,78)
w(7549,1,11,79,79)
r(5443,0,11,80,80)
w(2232,1,11,81,81)
w(6108,2,11,82,82)
r(1344,0,11,83,83)
r(9317,0,11,84,84)
r(7855,0,11,85,85)
r(6403,0,11,86,86)
w(9789,2,11,87,87)
w(1176,1,11,88,88)
w(2681,1,11,89,89)
r(5108,0,11,90,90)
w(1645,2,11,91,91)
r(8208,0,11,92,92)
r(7000,0,11,93,93)
w(8643,1,11,94,94)
w(3240,1,11,95,95)
r(9944,0,11,96,96)
r(795,0,11,97,97)
r(5105,0,11,98,98)
w(464,1,11,99,99)
w(2565,2,11,100,100)
r(296,0,11,101,101)
w(3404,1,11,102,102)
r(9538,0,11,103,103)
w(8449,1,11,104,104)
w(8267,1,11,105,105)
w(3026,1,11,106,106)
w(4511,1,11,107,107)
w(1896,1,11,108,108)
r(7792,0,11,109,109)
r(8209,0,11,110,110)
r(4765,0,11,111,111)
w(1331,1,11,112,112)
w(3807,1,11,113,113)
r(5633,1,11,114,114)
w(9690,2,11,115,115)
w(8985,1,11,116,116)
w(847,1,11,117,117)
r(5808,0,11,118,118)
w(6049,1,11,119,119)
w(9238,1,11,120,120)
w(7513,1,11,121,121)
r(1196,1,11,122,122)
r(7025,1,11,123,123)
r(3359,0,11,124,124)
w(2875,1,11,125,125)
r(5900,0,11,126,126)
r(1788,0,11,127,127)
w(5115,1,11,128,128)
r(4424,0,11,129,129)
r(4178,0,11,130,130)
w(8336,1,11,131,131)
r(70,0,11,132,132)
w(9971,1,11,133,133)
r(5538,0,11,134,134)
w(2660,1,11,135,135)
w(9379,1,11,136,136)
w(8190,1,11,137,137)
w(9312,1,11,138,138)
r(9681,1,11,139,139)
w(3438,1,11,140,140)
r(2081,0,11,141,141)
r(6454,0,11,142,142)
r(9192,0,11,143,143)
r(3065,0,11,144,144)
r(2605,0,11,145,145)
r(6359,0,11,146,146)
r(9915,0,11,147,147)
w(3039,2,11,148,148)
w(4769,1,11,149,149)
w(6243,1,11,150,150)
r(5435,0,11,151,151)
w(4202,1,11,152,152)
r(8028,1,11,153,153)
r(133,0,11,154,154)
r(5526,0,11,155,155)
r(3001,0,11,156,156)
r(4915,0,11,157,157)
w(3057,1,11,158,158)
r(790,1,11,159,159)
w(5334,1,11,160,160)
r(1101,0,11,161,161)
w(7134,1,11,162,162)
r(1530,0,11,163,163)
w(7602,1,11,164,164)
w(5995,1,11,165,165)
r(5958,0,11,166,166)
w(2252,1,11,167,167)
r(2888,0,11,168,168)
w(2694,2,11,169,169)
w(106,1,11,170,170)
r(4155,0,11,171,171)
r(7594,0,11,172,172)
r(3113,0,11,173,173)
r(5807,0,11,174,174)
w(1091,1,11,175,175)
w(7437,1,11,176,176)
w(7141,1,11,177,177)
r(6425,0,11,178,178)
w(2459,1,11,179,179)
w(1235,1,11,180,180)
w(5045,1,11,181,181)
r(3177,0,11,182,182)
r(1555,0,11,183,183)
w(6634,3,11,184,184)
r(3947,0,11,185,185)
w(9924,1,11,186,186)
w(7352,1,11,187,187)
r(4887,0,11,188,188)
r(5170,0,11,189,189)
r(9983,0,11,190,190)
r(3840,0,11,191,191)
r(1877,0,11,192,192)
r(2973,0,11,193,193)
w(6250,1,11,194,194)
w(7588,1,11,195,195)
r(4503,0,11,196,196)
r(7407,0,11,197,197)
w(1873,1,11,198,198)
r(3344,1,11,199,199)
w(6802,1,12,0,0)
r(5095,0,12,1,1)
w(5141,1,12,2,2)
w(9465,1,12,3,3)
r(2246,0,12,4,4)
r(8638,0,12,5,5)
r(8152,0,12,6,6)
w(4900,1,12,7,7)
r(7268,0,12,8,8)
r(6317,0,12,9,9)
w(9614,1,12,10,10)
w(634,1,12,11,11)
r(116,0,12,12,12)
w(7565,1,12,13,13)
r(598,0,12,14,14)
w(823,2,12,15,15)
r(8465,0,12,16,16)
w(1910,1,12,17,17)
r(4007,1,12,18,18)
r(4932,0,12,19,19)
r(8135,0,12,20,20)
w(1946,1,12,21,21)
r(6211,0,12,22,22)
w(9723,1,12,23,23)
r(9860,0,12,24,24)
r(8584,0,12,25,25)
w(1518,1,12,26,26)
r(4955,1,12,27,27)
r(3733,0,12,28,28)
r(7378,0,12,29,29)
w(5016,1,12,30,30)
r(6122,0,12,31,31)
r(8471,0,12,32,32)
w(9258,1,12,33,33)
r(4402,0,12,34,34)
w(1091,2,12,35,35)
r(7023,0,12,36,36)
r(1894,0,12,37,37)
r(9955,0,12,38,38)
w(2752,1,12,39,39)
w(8817,1,12,40,40)
r(4992,0,12,41,41)
w(8099,1,12,42,42)
r(4116,0,12,43,43)
w(9911,1,12,44,44)
w(5151,1,12,45,45)
r(6971,0,12,46,46)
w(2507,2,12,47,47)
r(4775,0,12,48,48)
r(4305,0,12,49,49)
w(6637,1,12,50,50)
r(4735,0,12,51,51)
w(6336,1,12,52,52)
w(3589,1,12,53,53)
w(3795,1,12,54,54)
w(7733,1,12,55,55)
w(5908,1,12,56,56)
r(7483,0,12,57,57)
r(7067,1,12,58,58)
r(2051,0,12,59,59)
r(2141,0,12,60,60)
w(4818,1,12,61,61)
w(9808,1,12,62,62)
r(7220,0,12,63,63)
w(8891,1,12,64,64)
r(8719,0,12,65,65)
w(921,1,12,66,66)
w(3396,1,12,67,67)
r(3271,0,12,68,68)
w(1798,1,12,69,69)
r(1545,0,12,70,70)
w(5210,1,12,71,71)
r(2302,0,12,72,72)
w(6046,1,12,73,73)
r(8558,0,12,74,74)
r(2342,0,12,75,75)
r(2081,0,12,76,76)
w(133,1,12,77,77)
r(5146,0,12,78,78)
w(3626,1,12,79,79)
r(7312,1,12,80,80)
r(3356,0,12,81,81)
w(2483,1,12,82,82)
w(1177,1,12,83,83)
r(3247,0,12,84,84)
w(8975,1,12,85,85)
r(8635,0,12,86,86)
w(5960,2,12,87,87)
w(1412,1,12,88,88)
w(4974,1,12,89,89)
w(1039,1,12,90,90)
w(1229,1,12,91,91)
w(2774,1,12,92,92)
w(563,2,12,93,93)
r(9840,0,12,94,94)
r(600,1,12,95,95)
r(977,0,12,96,96)
r(322,0,12,97,97)
r(1415,0,12,98,98)
r(700,0,12,99,99)
w(9061,1,12,100,100)
w(665,1,12,101,101)
w(4304,2,12,102,102)
w(1293,1,12,103,103)
w(9292,1,12,104,104)
r(3671,0,12,105,105)
w(4335,1,12,106,106)
r(7446,0,12,107,107)
w(8119,1,12,108,108)
w(7062,2,12,109,109)
w(1865,1,12,110,110)
r(3036,0,12,111,111)
w(188,1,12,112,112)
r(815,0,12,113,113)
w(6266,1,12,114,114)
w(445,1,12,115,115)
w(3431,2,12,116,116)
w(4862,1,12,117,117)
w(3408,1,12,118,118)
r(1410,0,12,119,119)
r(4336,0,12,120,120)
w(819,1,12,121,121)
r(7603,0,12,122,122)
w(4684,1,12,123,123)
w(9664,1,12,124,124)
r(7723,0,12,125,125)
w(4865,1,12,126,126)
r(693,0,12,127,127)
w(7197,1,12,128,128)
w(131,1,12,129,129)
r(6363,1,12,130,130)
w(8369,1,12,131,131)
r(7248,0,12,132,132)
w(8763,1,12,133,133)
r(6777,0,12,134,134)
r(8912,1,12,135,135)
w(5906,1,12,136,136)
r(9487,0,12,137,137)
r(1371,0,12,138,138)
r(804,0,12,139,139)
w(3813,1,12,140,140)
w(5878,1,12,141,141)
w(5004,1,12,142,142)
r(5234,0,12,143,143)
w(7080,2,12,144,144)
w(8028,2,12,145,145)
w(7438,1,12,146,146)
w(318,1,12,147,147)
w(1267,1,12,148,148)
r(9164,0,12,149,149)
w(8157,1,12,150,150)
w(7274,2,12,151,151)
r(9220,0,12,152,152)
r(5510,0,12,153,153)
w(2974,2,12,154,154)
w(6184,1,12,155,155)
w(6854,1,12,156,156)
w(9462,1,12,157,157)
r(4614,0,12,158,158)
w(9418,1,12,159,159)
r(6337,0,12,160,160)
r(7411,0,12,161,161)
r(3930,0,12,162,162)
r(9151,0,12,163,163)
r(5023,0,12,164,164)
w(2728,1,12,165,165)
w(4923,1,12,166,166)
r(6277,0,12,167,167)
w(7592,1,12,168,168)
r(3112,1,12,169,169)
r(751,0,12,170,170)
w(7139,1,12,171,171)
w(8317,1,12,172,172)
w(9329,1,12,173,173)
r(3250,0,12,174,174)
w(6645,1,12,175,175)
w(2458,1,12,176,176)
r(3447,0,12,177,177)
w(6310,1,12,178,178)
w(8743,2,12,179,179)
w(4345,1,12,180,180)
r(2784,0,12,181,181)
w(7120,1,12,182,182)
r(4346,0,12,183,183)
r(3921,0,12,184,184)
w(3614,1,12,185,185)
r(4189,0,12,186,186)
w(153,1,12,187,187)
r(5232,1,12,188,188)
w(8307,1,12,189,189)
w(7250,1,12,190,190)
w(876,2,12,191,191)
r(4063,1,12,192,192)
w(6566,1,12,193,193)
r(1501,0,12,194,194)
w(8035,1,12,195,195)
w(8132,2,12,196,196)
w(4481,1,12,197,197)
w(7101,1,12,198,198)
r(442,0,12,199,199)
r(1864,0,13,0,0)
r(2008,0,13,1,1)
w(1249,1,13,2,2)
r(4829,0,13,3,3)
r(3839,0,13,4,4)
w(3056,1,13,5,5)
w(6773,1,13,6,6)
r(233,0,13,7,7)
r(7289,0,13,8,8)
r(6335,0,13,9,9)
r(9984,2,13,10,10)
r(5513,1,13,11,11)
w(3074,1,13,12,12)
w(2078,1,13,13,13)
w(5707,1,13,14,14)
w(1662,2,13,15,15)
w(2317,1,13,16,16)
r(7317,0,13,17,17)
w(351,1,13,18,18)
w(544,2,13,19,19)
r(9162,0,13,20,20)
r(9767,0,13,21,21)
w(5777,2,13,22,22)
r(1808,0,13,23,23)
r(9650,0,13,24,24)
r(9484,0,13,25,25)
r(7511,0,13,26,26)
r(3193,0,13,27,27)
w(9994,1,13,28,28)
w(2413,2,13,29,29)
r(1996,0,13,30,30)
w(8042,1,13,31,31)
w(4546,2,13,32,32)
r(5202,1,13,33,33)
w(5775,1,13,34,34)
w(7426,1,13,35,35)
w(7132,1,13,36,36)
w(5463,1,13,37,37)
r(4167,0,13,38,38)
w(5492,1,13,39,39)
r(7305,0,13,40,40)
w(781,1,13,41,41)
r(7088,1,13,42,42)
w(6582,1,13,43,43)
r(1859,0,13,44,44)
r(8946,0,13,45,45)
r(8341,0,13,46,46)
w(6666,1,13,47,47)
r(9737,0,13,48,48)
r(5150,0,13,49,49)
r(5112,1,13,50,50)
w(2580,1,13,51,51)
r(7508,0,13,52,52)
w(8387,1,13,53,53)
r(1373,0,13,54,54)
w(9254,1,13,55,55)
w(253,2,13,56,56)
w(1833,1,13,57,57)
r(7764,0,13,58,58)
w(7678,1,13,59,59)
w(9909,1,13,60,60)
w(7182,1,13,61,61)
w(5617,1,13,62,62)
w(4596,1,13,63,63)
r(5239,0,13,64,64)
r(3439,0,13,65,65)
w(9333,1,13,66,66)
w(8387,2,13,67,67)
w(987,1,13,68,68)
r(1647,0,13,69,69)
r(3427,1,13,70,70)
w(6360,1,13,71,71)
w(1135,2,13,72,72)
w(6470,1,13,73,73)
r(7112,1,13,74,74)
r(2379,0,13,75,75)
w(8784,1,13,76,76)
r(437,1,13,77,77)
w(2353,1,13,78,78)
w(1221,1,13,79,79)
w(9989,1,13,80,80)
w(7441,1,13,81,81)
w(9369,2,13,82,82)
w(4296,1,13,83,83)
w(2400,2,13,84,84)
w(5806,1,13,85,85)
w(2706,1,13,86,86)
r(288,0,13,87,87)
w(6147,1,13,88,88)
w(6110,1,13,89,89)
w(2958,1,13,90,90)
w(3456,1,13,91,91)
w(7120,2,13,92,92)
w(6768,1,13,93,93)
r(1964,0,13,94,94)
r(3883,0,13,95,95)
w(1284,1,13,96,96)
r(7204,0,13,97,97)
w(4547,2,13,98,98)
w(8014,1,13,99,99)
w(7053,1,13,100,100)
w(943,1,13,101,101)
w(9062,1,13,102,102)
w(4519,1,13,103,103)
r(4245,0,13,104,104)
w(9293,1,13,105,105)
w(3227,1,13,106,106)
r(7728,0,13,107,107)
r(6436,0,13,108,108)
w(8600,1,13,109,109)
w(1495,1,13,110,110)
w(6155,1,13,111,111)
r(7211,0,13,112,112)
w(9397,1,13,113,113)
w(3428,1,13,114,114)
w(3173,1,13,115,115)
w(5275,1,13,116,116)
r(2008,0,13,117,117)
r(1750,0,13,118,118)
r(929,0,13,119,119)
r(4601,0,13,120,120)
w(286,1,13,121,121)
r(473,0,13,122,122)
r(3363,0,13,123,123)
w(2526,2,13,124,124)
r(8428,0,13,125,125)
w(8131,1,13,126,126)
r(3502,0,13,127,127)
w(378,1,13,128,128)
w(5753,1,13,129,129)
w(413,1,13,130,130)
w(4245,1,13,131,131)
r(2896,0,13,132,132)
r(8920,0,13,133,133)
w(8518,1,13,134,134)
r(7644,0,13,135,135)
w(4666,1,13,136,136)
w(272,1,13,137,137)
w(8169,1,13,138,138)
w(4763,1,13,139,139)
w(7850,1,13,140,140)
w(1787,1,13,141,141)
w(268,1,13,142,142)
r(9522,0,13,143,143)
w(6319,1,13,144,144)
r(4353,0,13,145,145)
w(5336,1,13,146,146)
r(102,0,13,147,147)
r(7092,0,13,148,148)
w(5019,1,13,149,149)
w(1946,2,13,150,150)
w(5993,1,13,151,151)
r(215,0,13,152,152)
w(3300,1,13,153,153)
w(3982,1,13,154,154)
r(4473,1,13,155,155)
w(5333,2,13,156,156)
w(1572,1,13,157,157)
r(3439,0,13,158,158)
w(6704,2,13,159,159)
r(6811,0,13,160,160)
r(2671,0,13,161,161)
r(8891,1,13,162,162)
r(1114,1,13,163,163)
r(2015,0,13,164,164)
r(7854,0,13,165,165)
w(2599,1,13,166,166)
w(5194,1,13,167,167)
w(6273,1,13,168,168)
w(9275,1,13,169,169)
w(7097,1,13,170,170)
w(6993,1,13,171,171)
w(7391,2,13,172,172)
w(3945,1,13,173,173)
w(3720,1,13,174,174)
r(6730,0,13,175,175)
r(6228,0,13,176,176)
r(4745,0,13,177,177)
r(4435,0,13,178,178)
w(8951,1,13,179,179)
w(1751,1,13,180,180)
r(4299,0,13,181,181)
w(5802,2,13,182,182)
r(3928,0,13,183,183)
w(9805,1,13,184,184)
w(9187,1,13,185,185)
w(6991,1,13,186,186)
r(7579,0,13,187,187)
r(3119,0,13,188,188)
w(8309,1,13,189,189)
w(1298,1,13,190,190)
r(6022,0,13,191,191)
w(6386,2,13,192,192)
r(7720,0,13,193,193)
w(4308,1,13,194,194)
r(6045,0,13,195,195)
w(4605,2,13,196,196)
r(9563,0,13,197,197)
w(7077,1,13,198,198)
r(7607,0,13,199,199)
w(7965,1,14,0,0)
r(7177,0,14,1,1)
r(6286,0,14,2,2)
w(3581,1,14,3,3)
r(4542,0,14,4,4)
w(6552,1,14,5,5)
r(8098,0,14,6,6)
w(6052,1,14,7,7)
w(2719,1,14,8,8)
r(3186,0,14,9,9)
w(2479,1,14,10,10)
w(9365,1,14,11,11)
w(7087,1,14,12,12)
r(7286,0,14,13,13)
r(852,0,14,14,14)
r(2092,0,14,15,15)
r(8154,0,14,16,16)
r(5264,1,14,17,17)
w(6086,1,14,18,18)
r(4130,0,14,19,19)
r(9781,0,14,20,20)
r(4399,0,14,21,21)
r(3415,2,14,22,22)
w(4187,1,14,23,23)
w(4226,1,14,24,24)
w(9849,1,14,25,25)
w(4529,1,14,26,26)
w(7718,1,14,27,27)
w(7531,1,14,28,28)
r(3827,1,14,29,29)
r(5900,0,14,30,30)
r(3283,0,14,31,31)
w(9951,1,14,32,32)
w(1696,2,14,33,33)
r(7317,0,14,34,34)
w(2020,1,14,35,35)
r(1813,1,14,36,36)
r(8390,1,14,37,37)
w(4889,1,14,38,38)
w(37,1,14,39,39)
w(8533,1,14,40,40)
r(427,0,14,41,41)
r(7759,0,14,42,42)
w(8100,1,14,43,43)
w(7276,1,14,44,44)
r(8239,0,14,45,45)
w(7108,1,14,46,46)
r(9007,0,14,47,47)
r(2937,0,14,48,48)
w(5000,1,14,49,49)
r(9602,0,14,50,50)
r(4812,0,14,51,51)
w(4568,1,14,52,52)
w(7057,1,14,53,53)
w(2,1,14,54,54)
r(4265,0,14,55,55)
r(9665,0,14,56,56)
r(6777,0,14,57,57)
r(7949,0,14,58,58)
w(6263,1,14,59,59)
w(4021,1,14,60,60)
w(2030,1,14,61,61)
r(8072,0,14,62,62)
r(703,0,14,63,63)
r(6243,1,14,64,64)
w(2304,1,14,65,65)
w(7303,1,14,66,66)
w(5032,1,14,67,67)
r(4912,0,14,68,68)
r(5108,0,14,69,69)
w(735,1,14,70,70)
r(513,0,14,71,71)
r(858,0,14,72,72)
r(9431,2,14,73,73)
r(3355,0,14,74,74)
r(4316,0,14,75,75)
w(5320,1,14,76,76)
r(7837,1,14,77,77)
w(5446,1,14,78,78)
r(1981,0,14,79,79)
r(7984,0,14,80,80)
w(6309,1,14,81,81)
w(3567,1,14,82,82)
r(1283,0,14,83,83)
w(7500,1,14,84,84)
r(5877,0,14,85,85)
w(1353,1,14,86,86)
w(1025,1,14,87,87)
r(4853,0,14,88,88)
w(2780,1,14,89,89)
r(4680,0,14,90,90)
w(7457,1,14,91,91)
w(7347,1,14,92,92)
r(3511,0,14,93,93)
w(4656,1,14,94,94)
r(2485,0,14,95,95)
w(2248,1,14,96,96)
w(5663,1,14,97,97)
r(6747,0,14,98,98)
r(5171,0,14,99,99)
w(7197,2,14,100,100)
w(6642,1,14,101,101)
w(3388,1,14,102,102)
w(2494,1,14,103,103)
r(2403,0,14,104,104)
w(7965,2,14,105,105)
r(9111,0,14,106,106)
r(3643,0,14,107,107)
w(5965,2,14,108,108)
r(6837,0,14,109,109)
w(1775,1,14,110,110)
r(4249,0,14,111,111)
r(717,0,14,112,112)
r(2270,0,14,113,113)
r(5879,0,14,114,114)
r(363,0,14,115,115)
r(9582,0,14,116,116)
r(9996,0,14,117,117)
r(6545,1,14,118,118)
w(7524,1,14,119,119)
w(9656,1,14,120,120)
r(6399,0,14,121,121)
w(8104,1,14,122,122)
r(5903,1,14,123,123)
r(9149,0,14,124,124)
w(4816,1,14,125,125)
w(7245,1,14,126,126)
w(5709,1,14,127,127)
r(6687,1,14,128,128)
r(5194,1,14,129,129)
r(3124,0,14,130,130)
r(4837,0,14,131,131)
w(4215,1,14,132,132)
w(9764,2,14,133,133)
r(7624,0,14,134,134)
w(4302,2,14,135,135)
w(3727,1,14,136,136)
w(2902,1,14,137,137)
w(1363,2,14,138,138)
r(4700,0,14,139,139)
r(1192,1,14,140,140)
r(8823,0,14,141,141)
r(5659,0,14,142,142)
r(3567,1,14,143,143)
w(9222,1,14,144,144)
w(3709,1,14,145,145)
w(2878,2,14,146,146)
r(5982,0,14,147,147)
w(484,1,14,148,148)
w(3554,1,14,149,149)
w(6912,1,14,150,150)
w(1129,1,14,151,151)
r(1642,0,14,152,152)
r(3342,0,14,153,153)
w(4109,3,14,154,154)
r(2756,0,14,155,155)
r(9894,0,14,156,156)
r(4148,0,14,157,157)
r(2478,1,14,158,158)
r(6136,2,14,159,159)
r(7444,0,14,160,160)
r(7954,0,14,161,161)
w(4076,1,14,162,162)
w(5794,1,14,163,163)
w(1489,1,14,164,164)
w(9293,2,14,165,165)
r(8487,0,14,166,166)
r(7403,0,14,167,167)
r(1571,0,14,168,168)
r(2483,1,14,169,169)
r(5216,0,14,170,170)
r(7062,2,14,171,171)
r(1872,0,14,172,172)
w(7314,1,14,173,173)
w(3417,1,14,174,174)
r(5307,0,14,175,175)
w(3792,1,14,176,176)
r(2368,0,14,177,177)
w(105,1,14,178,178)
w(3405,1,14,179,179)
r(1410,0,14,180,180)
w(9208,1,14,181,181)
w(5543,1,14,182,182)
r(4022,1,14,183,183)
w(7360,2,14,184,184)
r(4441,0,14,185,185)
w(5150,1,14,186,186)
w(6334,1,14,187,187)
r(9477,0,14,188,188)
w(2055,1,14,189,189)
w(476,2,14,190,190)
w(6228,1,14,191,191)
r(2320,0,14,192,192)
r(8897,0,14,193,193)
r(7055,0,14,194,194)
w(3451,2,14,195,195)
r(504,0,14,196,196)
r(6880,0,14,197,197)
r(2714,1,14,198,198)
r(9635,0,14,199,199)
r(8176,0,15,0,0)
w(6554,1,15,1,1)
r(3236,0,15,2,2)
r(6472,0,15,3,3)
w(3931,1,15,4,4)
w(2911,2,15,5,5)
r(5866,1,15,6,6)
r(1021,0,15,7,7)
w(4716,1,15,8,8)
r(7135,0,15,9,9)
w(132,1,15,10,10)
r(4895,0,15,11,11)
w(9796,1,15,12,12)
r(83,0,15,13,13)
r(7619,0,15,14,14)
r(7260,0,15,15,15)
r(226,0,15,16,16)
r(7490,0,15,17,17)
w(4411,1,15,18,18)
r(5021,0,15,19,19)
w(8449,2,15,20,20)
r(1178,0,15,21,21)
r(955,0,15,22,22)
r(5601,0,15,23,23)
w(6794,1,15,24,24)
w(4525,1,15,25,25)
r(6845,0,15,26,26)
r(4985,0,15,27,27)
r(1378,0,15,28,28)
w(2514,1,15,29,29)
w(9811,1,15,30,30)
w(6572,1,15,31,31)
r(8449,2,15,32,32)
r(5290,0,15,33,33)
w(2643,1,15,34,34)
w(9372,1,15,35,35)
w(3445,1,15,36,36)
r(9779,0,15,37,37)
w(6808,1,15,38,38)
w(1762,1,15,39,39)
r(2374,0,15,40,40)
r(8841,0,15,41,41)
w(3564,1,15,42,42)
r(3212,0,15,43,43)
r(4335,1,15,44,44)
r(5712,0,15,45,45)
r(8184,0,15,46,46)
w(7580,1,15,47,47)
r(5770,1,15,48,48)
w(527,1,15,49,49)
r(4568,1,15,50,50)
w(4405,1,15,51,51)
r(3512,0,15,52,52)
r(828,0,15,53,53)
r(8112,0,15,54,54)
w(1346,1,15,55,55)
r(8596,0,15,56,56)
w(7725,1,15,57,57)
w(3024,1,15,58,58)
w(6776,1,15,59,59)
r(6795,0,15,60,60)
r(7447,0,15,61,61)
r(5519,0,15,62,62)
w(5475,1,15,63,63)
r(9931,0,15,64,64)
w(5069,1,15,65,65)
r(6477,0,15,66,66)
r(2907,0,15,67,67)
w(7807,1,15,68,68)
r(7664,0,15,69,69)
r(7012,0,15,70,70)
r(7287,0,15,71,71)
r(1377,0,15,72,72)
w(9266,1,15,73,73)
r(1688,0,15,74,74)
w(2968,1,15,75,75)
r(9506,0,15,76,76)
r(9740,0,15,77,77)
w(1101,1,15,78,78)
w(6132,1,15,79,79)
r(5095,0,15,80,80)
r(6905,1,15,81,81)
r(6687,1,15,82,82)
r(8120,0,15,83,83)
r(8489,1,15,84,84)
w(6028,1,15,85,85)
w(2139,1,15,86,86)
r(6763,0,15,87,87)
w(8000,1,15,88,88)
w(6584,1,15,89,89)
w(5041,1,15,90,90)
r(6127,0,15,91,91)
r(506,0,15,92,92)
r(1283,0,15,93,93)
w(8940,1,15,94,94)
r(690,0,15,95,95)
w(69,2,15,96,96)
r(1188,1,15,97,97)
r(1166,0,15,98,98)
w(3468,1,15,99,99)
w(8901,1,15,100,100)
r(8344,0,15,101,101)
r(8396,0,15,102,102)
w(7115,1,15,103,103)
r(6351,0,15,104,104)
w(9889,1,15,105,105)
r(1544,0,15,106,106)
w(4177,1,15,107,107)
w(5123,1,15,108,108)
w(7795,1,15,109,109)
r(8539,0,15,110,110)
w(5205,1,15,111,111)
w(2525,2,15,112,112)
r(9430,0,15,113,113)
w(4118,2,15,114,114)
r(5678,0,15,115,115)
w(4567,1,15,116,116)
r(6530,0,15,117,117)
w(8638,1,15,118,118)
w(7941,1,15,119,119)
w(1629,1,15,120,120)
w(1500,1,15,121,121)
r(7216,1,15,122,122)
w(4001,1,15,123,123)
r(6267,0,15,124,124)
w(9507,1,15,125,125)
r(7852,0,15,126,126)
r(128,0,15,127,127)
w(9560,2,15,128,128)
r(5094,0,15,129,129)
w(687,2,15,130,130)
w(2090,1,15,131,131)
r(7111,0,15,132,132)
w(2624,1,15,133,133)
r(5774,0,15,134,134)
r(1015,0,15,135,135)
w(1127,2,15,136,136)
w(3348,2,15,137,137)
r(8346,0,15,138,138)
w(2431,1,15,139,139)
w(7363,1,15,140,140)
r(5635,0,15,141,141)
r(7958,0,15,142,142)
w(6714,1,15,143,143)
r(4826,0,15,144,144)
r(467,1,15,145,145)
r(4657,0,15,146,146)
w(2584,2,15,147,147)
r(2828,0,15,148,148)
w(1959,2,15,149,149)
r(6430,0,15,150,150)
w(3513,1,15,151,151)
r(8894,0,15,152,152)
w(3702,1,15,153,153)
w(3809,1,15,154,154)
w(607,1,15,155,155)
r(9768,0,15,156,156)
w(4110,1,15,157,157)
w(9379,2,15,158,158)
r(5843,0,15,159,159)
w(8588,1,15,160,160)
w(8284,1,15,161,161)
w(5995,2,15,162,162)
w(6136,3,15,163,163)
r(2864,1,15,164,164)
r(954,0,15,165,165)
w(6152,1,15,166,166)
r(6944,0,15,167,167)
w(3169,1,15,168,168)
w(4769,2,15,169,169)
w(3315,2,15,170,170)
w(7991,1,15,171,171)
w(9235,1,15,172,172)
w(5928,1,15,173,173)
w(8874,1,15,174,174)
w(5287,1,15,175,175)
r(1351,0,15,176,176)
w(8404,1,15,177,177)
r(946,1,15,178,178)
r(498,0,15,179,179)
w(2344,1,15,180,180)
w(4755,1,15,181,181)
w(5463,2,15,182,182)
r(4609,1,15,183,183)
r(2912,0,15,184,184)
w(1236,1,15,185,185)
r(3715,0,15,186,186)
r(3019,0,15,187,187)
r(3804,0,15,188,188)
w(6655,1,15,189,189)
r(8514,0,15,190,190)
w(3398,1,15,191,191)
r(1125,0,15,192,192)
w(9511,1,15,193,193)
w(2492,3,15,194,194)
w(6516,1,15,195,195)
w(7864,1,15,196,196)
r(3481,1,15,197,197)
w(4037,1,15,198,198)
r(5068,0,15,199,199)
r(6842,0,16,0,0)
w(8156,1,16,1,1)
w(5595,2,16,2,2)
w(8872,1,16,3,3)
r(2011,0,16,4,4)
w(2729,1,16,5,5)
r(8819,1,16,6,6)
w(4091,1,16,7,7)
r(8225,0,16,8,8)
w(6912,2,16,9,9)
r(1256,1,16,10,10)
r(520,0,16,11,11)
w(5858,1,16,12,12)
r(2626,0,16,13,13)
r(9530,0,16,14,14)
w(6854,2,16,15,15)
r(6876,0,16,16,16)
r(8133,0,16,17,17)
r(9659,1,16,18,18)
w(639,1,16,19,19)
w(8145,1,16,20,20)
r(7090,0,16,21,21)
r(3898,0,16,22,22)
w(3800,1,16,23,23)
w(2276,1,16,24,24)
r(8153,0,16,25,25)
w(5772,1,16,26,26)
r(5330,1,16,27,27)
w(5607,1,16,28,28)
w(4137,1,16,29,29)
r(4938,0,16,30,30)
r(9261,0,16,31,31)
r(2478,1,16,32,32)
w(1056,1,16,33,33)
w(9609,1,16,34,34)
w(5546,1,16,35,35)
r(1208,0,16,36,36)
w(7731,1,16,37,37)
r(525,0,16,38,38)
r(4617,0,16,39,39)
w(944,1,16,40,40)
r(2719,1,16,41,41)
w(8844,2,16,42,42)
w(4945,1,16,43,43)
r(9446,0,16,44,44)
w(3297,2,16,45,45)
r(5454,0,16,46,46)
r(5475,1,16,47,47)
w(9002,1,16,48,48)
w(5510,1,16,49,49)
r(9132,0,16,50,50)
r(7744,0,16,51,51)
r(1052,0,16,52,52)
r(6553,0,16,53,53)
w(9912,1,16,54,54)
r(9491,0,16,55,55)
w(9606,1,16,56,56)
r(7039,0,16,57,57)
w(4881,2,16,58,58)
r(9712,2,16,59,59)
w(35,1,16,60,60)
r(7651,0,16,61,61)
r(9019,0,16,62,62)
w(6870,1,16,63,63)
r(1559,1,16,64,64)
w(6587,1,16,65,65)
w(2475,1,16,66,66)
r(3162,0,16,67,67)
w(8527,2,16,68,68)
r(1929,0,16,69,69)
r(4497,0,16,70,70)
w(2705,1,16,71,71)
r(436,1,16,72,72)
r(9902,0,16,73,73)
r(7196,0,16,74,74)
r(926,0,16,75,75)
w(763,1,16,76,76)
w(2541,1,16,77,77)
w(7656,1,16,78,78)
r(7061,0,16,79,79)
w(4370,1,16,80,80)
w(8061,1,16,81,81)
w(5321,1,16,82,82)
r(9394,0,16,83,83)
w(3939,1,16,84,84)
r(6743,0,16,85,85)
r(6475,0,16,86,86)
r(2254,0,16,87,87)
r(4994,0,16,88,88)
w(3457,1,16,89,89)
r(2831,1,16,90,90)
w(4827,1,16,91,91)
w(3741,1,16,92,92)
w(638,1,16,93,93)
w(9243,1,16,94,94)
r(2379,0,16,95,95)
r(22,0,16,96,96)
r(5821,0,16,97,97)
w(692,1,16,98,98)
w(7462,1,16,99,99)
w(4544,1,16,100,100)
r(9594,0,16,101,101)
r(1743,1,16,102,102)
w(272,2,16,103,103)
w(1466,2,16,104,104)
w(8549,1,16,105,105)
w(9157,1,16,106,106)
w(2757,1,16,107,107)
w(7770,2,16,108,108)
w(2032,2,16,109,109)
w(1425,1,16,110,110)
w(8122,1,16,111,111)
r(5025,0,16,112,112)
w(5163,2,16,113,113)
r(3244,0,16,114,114)
r(4135,0,16,115,115)
w(2660,2,16,116,116)
r(952,0,16,117,117)
w(7646,1,16,118,118)
w(3124,1,16,119,119)
r(6806,0,16,120,120)
w(9665,1,16,121,121)
r(8033,0,16,122,122)
w(3886,1,16,123,123)
r(1403,0,16,124,124)
w(5584,2,16,125,125)
w(5028,1,16,126,126)
w(7633,1,16,127,127)
r(8841,0,16,128,128)
w(4110,2,16,129,129)
r(3463,0,16,130,130)
w(8563,1,16,131,131)
r(932,0,16,132,132)
r(4759,0,16,133,133)
r(2144,0,16,134,134)
r(4595,1,16,135,135)
w(2707,2,16,136,136)
r(2316,0,16,137,137)
r(6364,0,16,138,138)
w(4906,1,16,139,139)
w(7040,1,16,140,140)
r(1295,0,16,141,141)
w(1712,1,16,142,142)
w(8492,1,16,143,143)
r(9189,0,16,144,144)
w(4039,1,16,145,145)
w(6172,1,16,146,146)
r(2589,1,16,147,147)
w(369,2,16,148,148)
w(3979,1,16,149,149)
w(8798,1,16,150,150)
r(9745,0,16,151,151)
r(2568,0,16,152,152)
r(7136,0,16,153,153)
r(155,0,16,154,154)
r(5873,0,16,155,155)
w(1625,1,16,156,156)
w(5362,2,16,157,157)
r(344,0,16,158,158)
w(8874,2,16,159,159)
r(209,0,16,160,160)
r(4915,0,16,161,161)
w(5939,1,16,162,162)
r(556,0,16,163,163)
w(9631,1,16,164,164)
w(6261,2,16,165,165)
r(5297,0,16,166,166)
w(825,1,16,167,167)
r(5486,0,16,168,168)
w(7019,1,16,169,169)
w(3921,1,16,170,170)
w(7121,1,16,171,171)
w(8785,1,16,172,172)
r(3055,0,16,173,173)
w(1500,2,16,174,174)
w(6538,1,16,175,175)
r(6281,0,16,176,176)
r(3004,0,16,177,177)
r(3511,0,16,178,178)
r(1672,0,16,179,179)
r(3106,0,16,180,180)
r(7173,0,16,181,181)
w(962,1,16,182,182)
w(2094,1,16,183,183)
r(5557,0,16,184,184)
r(175,0,16,185,185)
r(1880,0,16,186,186)
r(4899,0,16,187,187)
w(9827,1,16,188,188)
w(2788,1,16,189,189)
r(6834,0,16,190,190)
w(5301,1,16,191,191)
w(1234,1,16,192,192)
r(5924,0,16,193,193)
w(8231,1,16,194,194)
w(2862,1,16,195,195)
r(2496,0,16,196,196)
w(7330,1,16,197,197)
r(4488,0,16,198,198)
r(6122,0,16,199,199)
r(8085,0,17,0,0)
r(8613,0,17,1,1)
r(1529,0,17,2,2)
w(716,1,17,3,3)
r(6981,0,17,4,4)
r(8687,0,17,5,5)
r(5302,1,17,6,6)
w(2909,1,17,7,7)
w(9945,1,17,8,8)
w(9724,1,17,9,9)
w(8793,1,17,10,10)
r(1955,1,17,11,11)
r(6019,0,17,12,12)
w(2088,1,17,13,13)
w(5210,2,17,14,14)
r(2153,0,17,15,15)
w(7202,1,17,16,16)
w(3449,1,17,17,17)
r(6287,0,17,18,18)
r(6147,1,17,19,19)
w(6941,1,17,20,20)
w(5069,2,17,21,21)
r(7473,0,17,22,22)
w(7146,1,17,23,23)
w(6121,1,17,24,24)
w(7731,2,17,25,25)
r(9897,0,17,26,26)
r(7904,0,17,27,27)
r(7232,0,17,28,28)
w(3838,1,17,29,29)
w(4942,1,17,30,30)
r(6389,0,17,31,31)
w(1519,1,17,32,32)
w(1693,1,17,33,33)
r(9357,0,17,34,34)
w(3770,1,17,35,35)
w(6775,1,17,36,36)
r(1102,0,17,37,37)
w(3925,1,17,38,38)
w(6249,1,17,39,39)
w(4338,2,17,40,40)
w(5174,1,17,41,41)
r(7617,0,17,42,42)
w(4944,1,17,43,43)
r(1941,0,17,44,44)
w(833,2,17,45,45)
r(2075,0,17,46,46)
w(3683,1,17,47,47)
r(6913,0,17,48,48)
r(2858,0,17,49,49)
r(6926,0,17,50,50)
w(5876,1,17,51,51)
w(675,2,17,52,52)
r(4838,1,17,53,53)
r(184,0,17,54,54)
r(2755,0,17,55,55)
w(595,1,17,56,56)
r(5514,0,17,57,57)
r(9867,0,17,58,58)
w(1954,1,17,59,59)
r(2054,0,17,60,60)
r(3942,0,17,61,61)
w(2124,1,17,62,62)
w(7900,1,17,63,63)
w(6586,1,17,64,64)
w(4925,1,17,65,65)
w(3452,1,17,66,66)
w(1149,1,17,67,67)
w(1759,1,17,68,68)
w(2215,2,17,69,69)
w(3962,1,17,70,70)
r(1162,0,17,71,71)
r(331,0,17,72,72)
w(3464,2,17,73,73)
w(8941,1,17,74,74)
w(6869,1,17,75,75)
w(4418,1,17,76,76)
w(5873,1,17,77,77)
w(8439,1,17,78,78)
r(8763,1,17,79,79)
r(8194,0,17,80,80)
r(5606,0,17,81,81)
w(599,1,17,82,82)
w(8342,1,17,83,83)
r(1332,1,17,84,84)
r(251,0,17,85,85)
r(7530,1,17,86,86)
r(5912,0,17,87,87)
r(7148,0,17,88,88)
r(5564,0,17,89,89)
r(1446,0,17,90,90)
r(8041,0,17,91,91)
w(7862,1,17,92,92)
w(7556,1,17,93,93)
w(9270,1,17,94,94)
w(6757,1,17,95,95)
w(3894,1,17,96,96)
w(41,1,17,97,97)
r(7443,0,17,98,98)
w(6233,1,17,99,99)
w(3189,1,17,100,100)
w(45,1,17,101,101)
w(7294,2,17,102,102)
r(5959,0,17,103,103)
r(2159,0,17,104,104)
w(9808,2,17,105,105)
r(6517,0,17,106,106)
r(5632,0,17,107,107)
w(3994,1,17,108,108)
w(6868,1,17,109,109)
r(512,1,17,110,110)
r(2282,0,17,111,111)
w(7229,1,17,112,112)
w(5839,1,17,113,113)
r(9657,0,17,114,114)
w(7635,1,17,115,115)
r(989,0,17,116,116)
r(7606,0,17,117,117)
w(1824,1,17,118,118)
r(5181,0,17,119,119)
w(9037,1,17,120,120)
w(2174,2,17,121,121)
r(5664,0,17,122,122)
r(4827,1,17,123,123)
r(1852,0,17,124,124)
w(5380,1,17,125,125)
w(5380,2,17,126,126)
r(7540,0,17,127,127)
w(9121,1,17,128,128)
w(4811,2,17,129,129)
w(1575,1,17,130,130)
r(5071,0,17,131,131)
w(7229,2,17,132,132)
w(1978,1,17,133,133)
r(4099,0,17,134,134)
r(2446,0,17,135,135)
w(6848,1,17,136,136)
w(41,2,17,137,137)
r(5127,0,17,138,138)
w(1177,2,17,139,139)
r(5092,0,17,140,140)
w(6827,2,17,141,141)
r(4585,0,17,142,142)
r(5640,0,17,143,143)
r(7943,0,17,144,144)
r(5859,1,17,145,145)
w(4936,1,17,146,146)
r(497,0,17,147,147)
w(7470,1,17,148,148)
w(923,1,17,149,149)
w(4363,1,17,150,150)
r(4945,1,17,151,151)
w(8228,1,17,152,152)
w(6212,1,17,153,153)
r(8723,0,17,154,154)
w(9634,1,17,155,155)
w(4011,1,17,156,156)
w(3864,1,17,157,157)
w(3110,1,17,158,158)
w(4384,1,17,159,159)
r(2251,0,17,160,160)
r(4801,1,17,161,161)
r(2377,0,17,162,162)
r(5737,0,17,163,163)
r(6140,1,17,164,164)
w(4578,1,17,165,165)
w(4802,1,17,166,166)
w(7414,1,17,167,167)
r(7218,0,17,168,168)
r(6627,0,17,169,169)
w(4359,1,17,170,170)
w(3324,1,17,171,171)
w(6310,2,17,172,172)
w(2899,1,17,173,173)
w(6382,1,17,174,174)
w(8316,2,17,175,175)
w(907,1,17,176,176)
r(4471,0,17,177,177)
r(7064,0,17,178,178)
r(2392,1,17,179,179)
r(5037,0,17,180,180)
r(407,0,17,181,181)
r(1651,0,17,182,182)
r(8477,0,17,183,183)
r(5988,0,17,184,184)
r(6574,0,17,185,185)
w(2189,1,17,186,186)
w(7900,2,17,187,187)
r(2349,0,17,188,188)
r(3094,0,17,189,189)
r(8963,1,17,190,190)
w(3309,1,17,191,191)
w(8239,1,17,192,192)
w(3577,1,17,193,193)
r(2719,1,17,194,194)
w(8415,1,17,195,195)
w(9301,1,17,196,196)
w(9276,1,17,197,197)
w(3163,1,17,198,198)
w(7364,1,17,199,199)
r(1056,1,18,0,0)
w(8260,1,18,1,1)
w(899,1,18,2,2)
r(8606,0,18,3,3)
r(1635,1,18,4,4)
r(4759,0,18,5,5)
w(8500,1,18,6,6)
r(2022,0,18,7,7)
w(5641,1,18,8,8)
r(583,0,18,9,9)
w(2202,1,18,10,10)
w(7718,2,18,11,11)
r(1324,0,18,12,12)
w(3017,1,18,13,13)
r(3707,0,18,14,14)
w(2332,2,18,15,15)
w(2250,2,18,16,16)
r(6678,0,18,17,17)
w(7182,2,18,18,18)
w(5044,1,18,19,19)
w(1342,1,18,20,20)
r(7775,0,18,21,21)
w(4715,1,18,22,22)
r(2283,0,18,23,23)
r(2057,0,18,24,24)
r(8684,0,18,25,25)
w(8529,1,18,26,26)
w(6901,1,18,27,27)
r(9561,0,18,28,28)
r(4190,0,18,29,29)
r(6878,0,18,30,30)
r(6269,0,18,31,31)
w(1744,1,18,32,32)
r(6788,0,18,33,33)
r(7519,0,18,34,34)
w(2593,1,18,35,35)
w(0,1,18,36,36)
r(4862,1,18,37,37)
w(9255,1,18,38,38)
r(7655,0,18,39,39)
w(4574,1,18,40,40)
r(7493,0,18,41,41)
w(3728,1,18,42,42)
r(89,0,18,43,43)
r(8601,1,18,44,44)
r(6513,0,18,45,45)
r(2916,0,18,46,46)
r(9890,0,18,47,47)
w(1841,1,18,48,48)
r(8151,0,18,49,49)
r(6013,0,18,50,50)
w(7854,1,18,51,51)
r(7667,0,18,52,52)
w(5514,1,18,53,53)
w(9302,1,18,54,54)
w(2627,1,18,55,55)
r(928,0,18,56,56)
r(9164,0,18,57,57)
r(3782,0,18,58,58)
r(4513,0,18,59,59)
r(2887,0,18,60,60)
r(9732,0,18,61,61)
r(5909,1,18,62,62)
w(275,1,18,63,63)
r(8066,0,18,64,64)
w(8708,1,18,65,65)
w(6363,2,18,66,66)
r(9720,0,18,67,67)
w(3180,1,18,68,68)
r(541,0,18,69,69)
r(7062,2,18,70,70)
w(1294,1,18,71,71)
r(6176,0,18,72,72)
r(7568,0,18,73,73)
w(8433,1,18,74,74)
w(592,2,18,75,75)
w(9068,1,18,76,76)
w(9211,1,18,77,77)
w(2345,1,18,78,78)
r(3023,0,18,79,79)
w(8023,1,18,80,80)
w(6825,1,18,81,81)
w(4721,1,18,82,82)
w(1091,3,18,83,83)
r(9461,0,18,84,84)
r(1043,0,18,85,85)
w(19,1,18,86,86)
r(9892,0,18,87,87)
r(7311,1,18,88,88)
r(6193,0,18,89,89)
r(929,0,18,90,90)
r(9426,0,18,91,91)
r(1927,0,18,92,92)
w(3445,2,18,93,93)
r(4819,0,18,94,94)
r(8153,0,18,95,95)
w(9169,1,18,96,96)
r(4072,0,18,97,97)
r(4036,1,18,98,98)
r(5884,2,18,99,99)
r(6102,0,18,100,100)
w(3674,1,18,101,101)
r(833,2,18,102,102)
r(759,0,18,103,103)
w(9770,1,18,104,104)
w(2610,2,18,105,105)
r(9748,0,18,106,106)
r(4062,0,18,107,107)
w(8747,2,18,108,108)
w(8269,1,18,109,109)
w(1150,1,18,110,110)
w(6537,1,18,111,111)
w(5872,1,18,112,112)
r(9189,0,18,113,113)
r(5400,0,18,114,114)
w(9704,1,18,115,115)
r(8037,1,18,116,116)
r(4993,0,18,117,117)
r(4423,0,18,118,118)
w(1860,1,18,119,119)
r(4807,0,18,120,120)
r(1932,0,18,121,121)
r(8613,0,18,122,122)
r(5626,0,18,123,123)
w(4384,2,18,124,124)
w(6785,1,18,125,125)
w(8428,1,18,126,126)
r(7997,0,18,127,127)
w(5519,1,18,128,128)
r(5114,0,18,129,129)
r(2424,1,18,130,130)
r(4196,0,18,131,131)
w(5033,1,18,132,132)
r(4561,1,18,133,133)
w(2883,1,18,134,134)
r(3825,0,18,135,135)
w(414,2,18,136,136)
w(2456,1,18,137,137)
w(1607,1,18,138,138)
w(9218,1,18,139,139)
w(1104,1,18,140,140)
r(3234,0,18,141,141)
r(401,0,18,142,142)
w(9093,1,18,143,143)
w(6810,1,18,144,144)
w(7441,2,18,145,145)
w(7900,3,18,146,146)
r(3,0,18,147,147)
w(7269,1,18,148,148)
w(6173,2,18,149,149)
r(7811,0,18,150,150)
w(7603,1,18,151,151)
w(6775,2,18,152,152)
r(9517,0,18,153,153)
r(8851,0,18,154,154)
r(5744,0,18,155,155)
w(6295,1,18,156,156)
r(5020,1,18,157,157)
r(9602,0,18,158,158)
r(8725,0,18,159,159)
r(67,0,18,160,160)
r(9137,1,18,161,161)
w(3914,1,18,162,162)
r(3858,0,18,163,163)
w(1832,1,18,164,164)
r(6692,1,18,165,165)
r(6757,1,18,166,166)
w(4140,2,18,167,167)
r(1855,0,18,168,168)
r(5253,0,18,169,169)
w(191,2,18,170,170)
r(5260,1,18,171,171)
r(6545,1,18,172,172)
r(5882,0,18,173,173)
r(4090,0,18,174,174)
w(4082,1,18,175,175)
w(8693,1,18,176,176)
r(2326,0,18,177,177)
w(4475,1,18,178,178)
r(4826,0,18,179,179)
w(5620,1,18,180,180)
r(8007,0,18,181,181)
w(7519,1,18,182,182)
r(4136,0,18,183,183)
w(4912,1,18,184,184)
r(5841,1,18,185,185)
r(981,0,18,186,186)
r(8934,0,18,187,187)
w(1821,1,18,188,188)
w(7907,1,18,189,189)
w(5149,1,18,190,190)
r(7829,0,18,191,191)
w(1071,1,18,192,192)
w(4717,1,18,193,193)
r(2973,0,18,194,194)
r(8025,0,18,195,195)
r(6211,0,18,196,196)
w(5930,1,18,197,197)
w(2502,1,18,198,198)
r(8384,0,18,199,199)
w(4357,1,19,0,0)
w(9639,1,19,1,1)
w(1206,1,19,2,2)
w(7834,1,19,3,3)
w(564,1,19,4,4)
r(3851,0,19,5,5)
r(2947,0,19,6,6)
r(2770,0,19,7,7)
r(5192,0,19,8,8)
w(9498,1,19,9,9)
r(8026,0,19,10,10)
w(5271,1,19,11,11)
w(9735,1,19,12,12)
w(7803,1,19,13,13)
w(4612,1,19,14,14)
r(870,0,19,15,15)
w(4178,1,19,16,16)
r(1099,0,19,17,17)
w(9566,1,19,18,18)
w(1216,1,19,19,19)
r(7395,0,19,20,20)
r(6253,1,19,21,21)
w(2099,1,19,22,22)
w(7889,1,19,23,23)
r(4754,0,19,24,24)
w(8299,1,19,25,25)
w(4735,1,19,26,26)
w(7474,1,19,27,27)
w(5779,1,19,28,28)
w(1558,1,19,29,29)
w(7079,1,19,30,30)
w(4909,1,19,31,31)
r(4400,1,19,32,32)
r(9115,0,19,33,33)
w(9184,1,19,34,34)
r(734,0,19,35,35)
r(2982,0,19,36,36)
w(5386,1,19,37,37)
w(2347,1,19,38,38)
r(9064,0,19,39,39)
r(8173,0,19,40,40)
w(517,1,19,41,41)
w(8115,1,19,42,42)
r(5431,1,19,43,43)
w(625,1,19,44,44)
w(4003,1,19,45,45)
r(3035,0,19,46,46)
r(5284,0,19,47,47)
w(6573,1,19,48,48)
w(8868,1,19,49,49)
w(2114,1,19,50,50)
w(6605,1,19,51,51)
r(3788,0,19,52,52)
r(2810,0,19,53,53)
w(463,1,19,54,54)
r(8172,0,19,55,55)
w(4871,2,19,56,56)
r(3515,0,19,57,57)
r(8476,0,19,58,58)
w(6197,1,19,59,59)
w(5872,2,19,60,60)
w(9526,1,19,61,61)
w(8079,1,19,62,62)
w(4940,1,19,63,63)
r(4553,0,19,64,64)
w(3367,1,19,65,65)
r(1949,0,19,66,66)
r(8135,0,19,67,67)
w(526,1,19,68,68)
r(395,0,19,69,69)
r(1244,0,19,70,70)
r(5373,0,19,71,71)
w(6097,1,19,72,72)
w(4129,1,19,73,73)
w(3355,1,19,74,74)
w(3653,1,19,75,75)
w(6342,1,19,76,76)
w(3014,1,19,77,77)
w(6823,1,19,78,78)
w(8090,1,19,79,79)
w(5072,1,19,80,80)
w(58,2,19,81,81)
w(2168,1,19,82,82)
r(9037,1,19,83,83)
r(4829,0,19,84,84)
w(8430,1,19,85,85)
r(6076,0,19,86,86)
r(5370,0,19,87,87)
r(6749,0,19,88,88)
w(4878,1,19,89,89)
w(4283,1,19,90,90)
w(3665,1,19,91,91)
r(7918,1,19,92,92)
r(9174,0,19,93,93)
r(8754,0,19,94,94)
r(3092,0,19,95,95)
r(4600,0,19,96,96)
w(5560,1,19,97,97)
r(6879,0,19,98,98)
w(3672,1,19,99,99)
w(3145,1,19,100,100)
w(6979,1,19,101,101)
w(9199,1,19,102,102)
r(8285,0,19,103,103)
r(1173,0,19,104,104)
w(1647,1,19,105,105)
w(6569,1,19,106,106)
r(6528,0,19,107,107)
r(7898,0,19,108,108)
w(2091,1,19,109,109)
w(665,2,19,110,110)
r(3529,0,19,111,111)
w(2933,1,19,112,112)
r(9065,0,19,113,113)
w(1524,1,19,114,114)
r(6712,0,19,115,115)
r(2494,1,19,116,116)
w(1546,1,19,117,117)
w(5043,1,19,118,118)
w(2064,1,19,119,119)
r(8408,0,19,120,120)
r(9325,0,19,121,121)
r(9497,0,19,122,122)
w(8880,1,19,123,123)
w(576,1,19,124,124)
w(2300,1,19,125,125)
w(9420,1,19,126,126)
w(5927,1,19,127,127)
r(3999,0,19,128,128)
w(5634,1,19,129,129)
r(9354,0,19,130,130)
r(7703,0,19,131,131)
w(1667,2,19,132,132)
r(6063,0,19,133,133)
w(7397,1,19,134,134)
r(3046,0,19,135,135)
w(4164,1,19,136,136)
r(5357,1,19,137,137)
r(8843,0,19,138,138)
w(4383,1,19,139,139)
r(4080,0,19,140,140)
r(2600,0,19,141,141)
r(1728,0,19,142,142)
r(2356,0,19,143,143)
w(5799,1,19,144,144)
r(4449,0,19,145,145)
w(7370,2,19,146,146)
r(395,0,19,147,147)
w(6151,1,19,148,148)
w(2827,2,19,149,149)
w(9554,1,19,150,150)
r(3090,0,19,151,151)
r(2564,0,19,152,152)
w(4119,1,19,153,153)
r(9679,0,19,154,154)
r(1869,1,19,155,155)
r(4498,0,19,156,156)
r(8406,0,19,157,157)
w(8105,1,19,158,158)
w(7309,1,19,159,159)
r(512,1,19,160,160)
w(6150,1,19,161,161)
r(9687,0,19,162,162)
r(741,0,19,163,163)
r(3727,1,19,164,164)
w(3320,1,19,165,165)
w(9132,1,19,166,166)
w(3764,1,19,167,167)
w(3841,1,19,168,168)
w(7091,2,19,169,169)
r(4307,0,19,170,170)
w(9820,1,19,171,171)
r(2690,0,19,172,172)
w(6272,1,19,173,173)
r(3163,1,19,174,174)
r(2509,0,19,175,175)
r(6831,0,19,176,176)
r(6711,0,19,177,177)
w(320,1,19,178,178)
r(3548,0,19,179,179)
r(3617,0,19,180,180)
r(3915,0,19,181,181)
w(8090,2,19,182,182)
r(1280,0,19,183,183)
w(4894,1,19,184,184)
r(7107,0,19,185,185)
r(9555,0,19,186,186)
r(4223,0,19,187,187)
r(4778,0,19,188,188)
r(8656,0,19,189,189)
r(6306,0,19,190,190)
r(7631,0,19,191,191)
w(9893,1,19,192,192)
r(1889,0,19,193,193)
w(4224,1,19,194,194)
w(3940,1,19,195,195)
r(8419,0,19,196,196)
w(7127,1,19,197,197)
w(4134,1,19,198,198)
w(9971,2,19,199,199)
