w(995,1,0,0,0)
w(928,1,0,1,1)
w(512,1,0,2,2)
w(812,1,0,3,3)
r(815,0,0,4,4)
w(814,1,0,5,5)
w(116,1,0,6,6)
w(778,1,0,7,7)
r(49,0,0,8,8)
w(591,1,0,9,9)
w(430,1,0,10,10)
w(239,1,0,11,11)
w(281,1,0,12,12)
w(23,1,0,13,13)
r(592,0,0,14,14)
r(168,0,0,15,15)
w(103,1,0,16,16)
w(835,1,0,17,17)
w(724,1,0,18,18)
w(552,1,0,19,19)
w(281,2,0,20,20)
w(247,1,0,21,21)
w(742,1,0,22,22)
w(936,1,0,23,23)
w(306,1,0,24,24)
w(407,1,0,25,25)
w(593,1,0,26,26)
w(222,1,0,27,27)
w(499,1,0,28,28)
w(968,1,0,29,29)
w(606,1,0,30,30)
w(540,1,0,31,31)
w(27,1,0,32,32)
w(148,1,0,33,33)
w(284,1,0,34,34)
w(400,1,0,35,35)
w(460,1,0,36,36)
w(614,1,0,37,37)
w(303,1,0,38,38)
w(48,1,0,39,39)
w(323,1,0,40,40)
w(340,1,0,41,41)
w(70,1,0,42,42)
w(11,1,0,43,43)
w(449,1,0,44,44)
w(488,1,0,45,45)
w(698,1,0,46,46)
w(774,1,0,47,47)
w(377,1,0,48,48)
w(466,1,0,49,49)
w(494,1,0,50,50)
w(845,1,0,51,51)
w(556,1,0,52,52)
w(263,1,0,53,53)
w(296,1,0,54,54)
w(405,1,0,55,55)
w(823,1,0,56,56)
w(98,1,0,57,57)
w(976,1,0,58,58)
w(364,1,0,59,59)
w(982,1,0,60,60)
w(456,1,0,61,61)
w(890,1,0,62,62)
w(59,1,0,63,63)
w(680,1,0,64,64)
w(979,1,0,65,65)
w(669,1,0,66,66)
r(685,0,0,67,67)
w(79,1,0,68,68)
w(442,1,0,69,69)
w(28,1,0,70,70)
w(546,1,0,71,71)
w(180,1,0,72,72)
w(501,1,0,73,73)
w(626,1,0,74,74)
w(397,1,0,75,75)
w(180,2,0,76,76)
w(776,1,0,77,77)
w(9,1,0,78,78)
w(13,1,0,79,79)
w(599,1,0,80,80)
w(177,1,0,81,81)
w(927,1,0,82,82)
w(323,2,0,83,83)
r(423,0,0,84,84)
w(237,1,0,85,85)
w(825,1,0,86,86)
w(974,1,0,87,87)
w(242,1,0,88,88)
w(500,1,0,89,89)
w(408,1,0,90,90)
w(798,1,0,91,91)
w(166,1,0,92,92)
w(976,2,0,93,93)
w(440,1,0,94,94)
w(790,1,0,95,95)
w(23,2,0,96,96)
w(403,1,0,97,97)
w(506,1,0,98,98)
w(417,1,0,99,99)
w(177,2,0,100,100)
w(755,1,0,101,101)
w(782,1,0,102,102)
w(621,1,0,103,103)
r(549,0,0,104,104)
w(888,1,0,105,105)
w(107,1,0,106,106)
r(475,0,0,107,107)
w(683,1,0,108,108)
w(96,1,0,109,109)
w(211,1,0,110,110)
w(280,1,0,111,111)
w(800,1,0,112,112)
w(495,1,0,113,113)
w(796,1,0,114,114)
w(747,1,0,115,115)
w(682,1,0,116,116)
w(102,1,0,117,117)
w(38,1,0,118,118)
r(308,0,0,119,119)
w(906,1,0,120,120)
w(321,1,0,121,121)
r(851,0,0,122,122)
w(986,1,0,123,123)
r(383,0,0,124,124)
w(450,1,0,125,125)
w(713,1,0,126,126)
w(834,1,0,127,127)
w(617,1,0,128,128)
w(886,1,0,129,129)
r(679,0,0,130,130)
w(771,1,0,131,131)
r(313,0,0,132,132)
r(5,0,0,133,133)
w(304,1,0,134,134)
w(690,1,0,135,135)
w(83,1,0,136,136)
r(586,0,0,137,137)
w(740,1,0,138,138)
w(85,1,0,139,139)
r(108,0,0,140,140)
r(819,0,0,141,141)
w(393,1,0,142,142)
w(160,1,0,143,143)
w(156,1,0,144,144)
w(988,1,0,145,145)
w(687,1,0,146,146)
w(911,1,0,147,147)
w(60,1,0,148,148)
w(551,1,0,149,149)
w(193,1,0,150,150)
w(832,1,0,151,151)
r(122,0,0,152,152)
r(661,0,0,153,153)
w(214,1,0,154,154)
w(900,1,0,155,155)
w(618,1,0,156,156)
w(351,1,0,157,157)
w(327,1,0,158,158)
w(501,2,0,159,159)
w(843,1,0,160,160)
w(504,1,0,161,161)
w(682,2,0,162,162)
w(135,1,0,163,163)
w(472,1,0,164,164)
w(341,1,0,165,165)
w(168,1,0,166,166)
w(769,1,0,167,167)
r(660,0,0,168,168)
w(378,1,0,169,169)
w(108,1,0,170,170)
w(562,1,0,171,171)
r(555,0,0,172,172)
w(411,1,0,173,173)
r(237,1,0,174,174)
w(155,1,0,175,175)
r(757,0,0,176,176)
w(206,1,0,177,177)
w(120,1,0,178,178)
w(778,2,0,179,179)
w(967,1,0,180,180)
w(950,1,0,181,181)
r(638,0,0,182,182)
r(468,0,0,183,183)
w(508,1,0,184,184)
w(943,1,0,185,185)
r(553,0,0,186,186)
w(531,1,0,187,187)
w(138,1,0,188,188)
w(72,1,0,189,189)
w(80,1,0,190,190)
w(815,1,0,191,191)
w(826,1,0,192,192)
r(108,1,0,193,193)
w(886,2,0,194,194)
w(233,1,0,195,195)
w(121,1,0,196,196)
w(413,1,0,197,197)
w(217,1,0,198,198)
w(175,1,0,199,199)
w(982,2,1,0,0)
w(142,1,1,1,1)
w(430,2,1,2,2)
w(480,1,1,3,3)
w(224,1,1,4,4)
w(810,1,1,5,5)
w(884,1,1,6,6)
r(869,0,1,7,7)
w(756,1,1,8,8)
w(50,1,1,9,9)
w(540,2,1,10,10)
w(647,1,1,11,11)
w(918,1,1,12,12)
w(889,1,1,13,13)
w(211,2,1,14,14)
w(486,1,1,15,15)
w(292,1,1,16,16)
r(556,1,1,17,17)
w(350,1,1,18,18)
r(278,0,1,19,19)
w(818,1,1,20,20)
w(7,1,1,21,21)
w(828,1,1,22,22)
w(907,1,1,23,23)
w(966,1,1,24,24)
w(115,1,1,25,25)
w(324,1,1,26,26)
w(138,2,1,27,27)
w(604,1,1,28,28)
w(237,2,1,29,29)
w(632,1,1,30,30)
w(179,1,1,31,31)
w(562,2,1,32,32)
w(814,2,1,33,33)
w(812,2,1,34,34)
w(149,1,1,35,35)
w(411,2,1,36,36)
w(184,1,1,37,37)
w(798,2,1,38,38)
w(517,1,1,39,39)
w(556,2,1,40,40)
w(464,1,1,41,41)
r(296,1,1,42,42)
w(844,1,1,43,43)
w(834,2,1,44,44)
w(357,1,1,45,45)
w(575,1,1,46,46)
w(808,1,1,47,47)
w(858,1,1,48,48)
w(566,1,1,49,49)
w(618,2,1,50,50)
w(969,1,1,51,51)
w(280,2,1,52,52)
w(33,1,1,53,53)
w(445,1,1,54,54)
w(547,1,1,55,55)
w(303,2,1,56,56)
w(172,1,1,57,57)
w(88,1,1,58,58)
w(823,2,1,59,59)
w(464,2,1,60,60)
w(30,1,1,61,61)
w(203,1,1,62,62)
w(562,3,1,63,63)
w(372,1,1,64,64)
w(96,2,1,65,65)
w(801,1,1,66,66)
w(389,1,1,67,67)
w(788,1,1,68,68)
w(19,1,1,69,69)
w(173,1,1,70,70)
w(484,1,1,71,71)
w(200,1,1,72,72)
w(851,1,1,73,73)
w(733,1,1,74,74)
w(532,1,1,75,75)
w(147,1,1,76,76)
w(8,1,1,77,77)
w(435,1,1,78,78)
r(510,0,1,79,79)
w(110,1,1,80,80)
w(567,1,1,81,81)
w(440,2,1,82,82)
r(731,0,1,83,83)
w(906,2,1,84,84)
w(474,1,1,85,85)
w(618,3,1,86,86)
r(494,1,1,87,87)
w(801,2,1,88,88)
w(271,1,1,89,89)
w(825,2,1,90,90)
w(889,2,1,91,91)
w(571,1,1,92,92)
r(814,2,1,93,93)
w(505,1,1,94,94)
w(166,2,1,95,95)
w(411,3,1,96,96)
w(494,2,1,97,97)
w(279,1,1,98,98)
r(444,0,1,99,99)
w(73,1,1,100,100)
w(287,1,1,101,101)
r(339,0,1,102,102)
w(598,1,1,103,103)
w(662,1,1,104,104)
w(970,1,1,105,105)
w(237,3,1,106,106)
w(889,3,1,107,107)
r(808,1,1,108,108)
r(942,0,1,109,109)
w(69,1,1,110,110)
w(855,1,1,111,111)
w(791,1,1,112,112)
w(575,2,1,113,113)
w(460,2,1,114,114)
w(455,1,1,115,115)
r(134,0,1,116,116)
w(758,1,1,117,117)
w(975,1,1,118,118)
r(336,0,1,119,119)
w(419,1,1,120,120)
w(908,1,1,121,121)
w(151,1,1,122,122)
w(833,1,1,123,123)
r(898,0,1,124,124)
w(514,1,1,125,125)
w(757,1,1,126,126)
w(416,1,1,127,127)
w(49,1,1,128,128)
w(326,1,1,129,129)
w(402,1,1,130,130)
r(819,0,1,131,131)
w(108,2,1,132,132)
w(441,1,1,133,133)
r(29,0,1,134,134)
w(847,1,1,135,135)
w(588,1,1,136,136)
w(571,2,1,137,137)
w(284,2,1,138,138)
w(551,2,1,139,139)
r(901,0,1,140,140)
w(221,1,1,141,141)
w(738,1,1,142,142)
r(986,1,1,143,143)
w(122,1,1,144,144)
w(729,1,1,145,145)
w(740,2,1,146,146)
w(549,1,1,147,147)
w(560,1,1,148,148)
w(188,1,1,149,149)
w(864,1,1,150,150)
w(861,1,1,151,151)
w(804,1,1,152,152)
w(344,1,1,153,153)
w(612,1,1,154,154)
w(738,2,1,155,155)
w(116,2,1,156,156)
w(557,1,1,157,157)
w(494,3,1,158,158)
w(204,1,1,159,159)
w(861,2,1,160,160)
w(612,2,1,161,161)
w(399,1,1,162,162)
w(601,1,1,163,163)
w(574,1,1,164,164)
w(266,1,1,165,165)
w(820,1,1,166,166)
w(7,2,1,167,167)
w(536,1,1,168,168)
w(824,1,1,169,169)
w(101,1,1,170,170)
r(218,0,1,171,171)
w(629,1,1,172,172)
w(910,1,1,173,173)
w(6,1,1,174,174)
w(447,1,1,175,175)
w(766,1,1,176,176)
w(600,1,1,177,177)
w(422,1,1,178,178)
w(446,1,1,179,179)
w(671,1,1,180,180)
r(261,0,1,181,181)
w(900,2,1,182,182)
w(751,1,1,183,183)
r(236,0,1,184,184)
w(250,1,1,185,185)
w(947,1,1,186,186)
w(634,1,1,187,187)
w(832,2,1,188,188)
r(125,0,1,189,189)
w(710,1,1,190,190)
w(644,1,1,191,191)
w(293,1,1,192,192)
w(98,2,1,193,193)
w(92,1,1,194,194)
w(871,1,1,195,195)
w(491,1,1,196,196)
w(379,1,1,197,197)
r(256,0,1,198,198)
w(174,1,1,199,199)
w(863,1,2,0,0)
r(173,1,2,1,1)
w(787,1,2,2,2)
w(673,1,2,3,3)
w(681,1,2,4,4)
w(581,1,2,5,5)
w(68,1,2,6,6)
r(107,1,2,7,7)
w(572,1,2,8,8)
w(22,1,2,9,9)
w(491,2,2,10,10)
w(531,2,2,11,11)
w(401,1,2,12,12)
w(546,2,2,13,13)
w(83,2,2,14,14)
w(894,1,2,15,15)
r(435,1,2,16,16)
w(674,1,2,17,17)
w(398,1,2,18,18)
w(991,1,2,19,19)
w(47,1,2,20,20)
w(171,1,2,21,21)
w(569,1,2,22,22)
w(270,1,2,23,23)
w(535,1,2,24,24)
w(347,1,2,25,25)
w(195,1,2,26,26)
w(972,1,2,27,27)
w(520,1,2,28,28)
w(258,1,2,29,29)
w(918,2,2,30,30)
w(134,1,2,31,31)
w(649,1,2,32,32)
w(295,1,2,33,33)
w(707,1,2,34,34)
w(350,2,2,35,35)
w(309,1,2,36,36)
w(870,1,2,37,37)
w(306,2,2,38,38)
w(596,1,2,39,39)
w(888,2,2,40,40)
w(110,2,2,41,41)
w(186,1,2,42,42)
w(501,3,2,43,43)
w(841,1,2,44,44)
w(951,1,2,45,45)
w(253,1,2,46,46)
w(47,2,2,47,47)
w(618,4,2,48,48)
w(303,3,2,49,49)
w(252,1,2,50,50)
w(745,1,2,51,51)
r(515,0,2,52,52)
w(930,1,2,53,53)
w(373,1,2,54,54)
w(254,1,2,55,55)
w(723,1,2,56,56)
r(438,0,2,57,57)
w(125,1,2,58,58)
w(192,1,2,59,59)
w(783,1,2,60,60)
w(278,1,2,61,61)
w(742,2,2,62,62)
w(903,1,2,63,63)
w(788,2,2,64,64)
w(545,1,2,65,65)
w(178,1,2,66,66)
w(768,1,2,67,67)
w(364,2,2,68,68)
w(432,1,2,69,69)
w(158,1,2,70,70)
w(870,2,2,71,71)
w(489,1,2,72,72)
w(27,2,2,73,73)
w(216,1,2,74,74)
w(912,1,2,75,75)
w(887,1,2,76,76)
r(642,0,2,77,77)
w(441,2,2,78,78)
w(598,2,2,79,79)
w(202,1,2,80,80)
w(567,2,2,81,81)
w(256,1,2,82,82)
w(219,1,2,83,83)
r(585,0,2,84,84)
w(563,1,2,85,85)
w(149,2,2,86,86)
w(557,2,2,87,87)
r(306,2,2,88,88)
r(592,0,2,89,89)
w(403,2,2,90,90)
w(234,1,2,91,91)
w(322,1,2,92,92)
w(684,1,2,93,93)
w(731,1,2,94,94)
w(557,3,2,95,95)
w(47,3,2,96,96)
w(415,1,2,97,97)
w(380,1,2,98,98)
w(757,2,2,99,99)
w(412,1,2,100,100)
w(315,1,2,101,101)
w(231,1,2,102,102)
w(164,1,2,103,103)
w(574,2,2,104,104)
w(145,1,2,105,105)
w(730,1,2,106,106)
w(895,1,2,107,107)
w(955,1,2,108,108)
w(74,1,2,109,109)
w(312,1,2,110,110)
w(640,1,2,111,111)
w(853,1,2,112,112)
r(464,2,2,113,113)
w(561,1,2,114,114)
r(577,0,2,115,115)
w(73,2,2,116,116)
w(608,1,2,117,117)
w(792,1,2,118,118)
w(820,2,2,119,119)
w(444,1,2,120,120)
w(756,2,2,121,121)
w(648,1,2,122,122)
w(870,3,2,123,123)
w(347,2,2,124,124)
w(852,1,2,125,125)
w(127,1,2,126,126)
w(748,1,2,127,127)
w(225,1,2,128,128)
w(250,2,2,129,129)
w(340,2,2,130,130)
w(601,2,2,131,131)
w(181,1,2,132,132)
w(824,2,2,133,133)
r(959,0,2,134,134)
w(217,2,2,135,135)
w(680,2,2,136,136)
w(322,2,2,137,137)
w(136,1,2,138,138)
w(372,2,2,139,139)
w(460,3,2,140,140)
w(973,1,2,141,141)
w(651,1,2,142,142)
w(840,1,2,143,143)
r(811,0,2,144,144)
w(266,2,2,145,145)
w(669,2,2,146,146)
w(127,2,2,147,147)
w(996,1,2,148,148)
w(504,2,2,149,149)
w(925,1,2,150,150)
w(862,1,2,151,151)
w(154,1,2,152,152)
w(160,2,2,153,153)
w(825,3,2,154,154)
w(361,1,2,155,155)
w(158,2,2,156,156)
w(785,1,2,157,157)
w(280,3,2,158,158)
w(633,1,2,159,159)
w(348,1,2,160,160)
r(371,0,2,161,161)
w(314,1,2,162,162)
w(842,1,2,163,163)
w(886,3,2,164,164)
w(88,2,2,165,165)
r(21,0,2,166,166)
w(685,1,2,167,167)
w(539,1,2,168,168)
r(741,0,2,169,169)
r(190,0,2,170,170)
w(158,3,2,171,171)
w(510,1,2,172,172)
w(967,2,2,173,173)
w(448,1,2,174,174)
w(221,2,2,175,175)
w(968,2,2,176,176)
r(440,2,2,177,177)
w(637,1,2,178,178)
w(394,1,2,179,179)
w(436,1,2,180,180)
w(149,3,2,181,181)
w(475,1,2,182,182)
w(989,1,2,183,183)
w(552,2,2,184,184)
w(465,1,2,185,185)
w(905,1,2,186,186)
r(740,2,2,187,187)
w(714,1,2,188,188)
w(152,1,2,189,189)
w(934,1,2,190,190)
w(460,4,2,191,191)
r(62,0,2,192,192)
w(368,1,2,193,193)
w(595,1,2,194,194)
w(486,2,2,195,195)
w(946,1,2,196,196)
w(988,2,2,197,197)
w(153,1,2,198,198)
w(768,2,2,199,199)
r(21,0,3,0,0)
w(508,2,3,1,1)
w(826,2,3,2,2)
w(347,3,3,3,3)
w(491,3,3,4,4)
w(788,3,3,5,5)
w(591,2,3,6,6)
w(987,1,3,7,7)
r(767,0,3,8,8)
w(464,3,3,9,9)
w(771,2,3,10,10)
w(186,2,3,11,11)
w(814,3,3,12,12)
w(331,1,3,13,13)
w(314,2,3,14,14)
w(830,1,3,15,15)
w(68,2,3,16,16)
w(134,2,3,17,17)
w(330,1,3,18,18)
w(715,1,3,19,19)
w(96,3,3,20,20)
w(862,2,3,21,21)
w(656,1,3,22,22)
w(288,1,3,23,23)
w(614,2,3,24,24)
w(488,2,3,25,25)
w(311,1,3,26,26)
w(861,3,3,27,27)
r(856,0,3,28,28)
w(851,2,3,29,29)
w(444,2,3,30,30)
w(439,1,3,31,31)
w(621,2,3,32,32)
w(786,1,3,33,33)
w(83,3,3,34,34)
w(842,2,3,35,35)
w(370,1,3,36,36)
w(540,3,3,37,37)
w(45,1,3,38,38)
w(503,1,3,39,39)
w(884,2,3,40,40)
w(57,1,3,41,41)
w(332,1,3,42,42)
w(659,1,3,43,43)
w(380,2,3,44,44)
w(375,1,3,45,45)
w(930,2,3,46,46)
w(302,1,3,47,47)
w(406,1,3,48,48)
w(50,2,3,49,49)
w(624,1,3,50,50)
w(694,1,3,51,51)
w(373,2,3,52,52)
w(348,2,3,53,53)
w(733,2,3,54,54)
w(734,1,3,55,55)
w(124,1,3,56,56)
w(476,1,3,57,57)
w(790,2,3,58,58)
w(472,2,3,59,59)
w(724,2,3,60,60)
w(403,3,3,61,61)
w(979,2,3,62,62)
w(454,1,3,63,63)
w(324,2,3,64,64)
r(872,0,3,65,65)
w(263,2,3,66,66)
w(464,4,3,67,67)
w(260,1,3,68,68)
w(672,1,3,69,69)
w(988,3,3,70,70)
w(469,1,3,71,71)
w(402,2,3,72,72)
w(815,2,3,73,73)
w(417,2,3,74,74)
r(225,1,3,75,75)
w(286,1,3,76,76)
w(286,2,3,77,77)
w(997,1,3,78,78)
w(77,1,3,79,79)
w(450,2,3,80,80)
r(711,0,3,81,81)
w(525,1,3,82,82)
w(903,2,3,83,83)
w(7,3,3,84,84)
w(54,1,3,85,85)
w(795,1,3,86,86)
w(500,2,3,87,87)
w(539,2,3,88,88)
w(750,1,3,89,89)
w(593,2,3,90,90)
w(920,1,3,91,91)
w(824,3,3,92,92)
w(285,1,3,93,93)
w(136,2,3,94,94)
w(922,1,3,95,95)
w(986,2,3,96,96)
w(224,2,3,97,97)
w(45,2,3,98,98)
w(110,3,3,99,99)
w(294,1,3,100,100)
w(204,2,3,101,101)
w(112,1,3,102,102)
w(860,1,3,103,103)
r(261,0,3,104,104)
r(785,1,3,105,105)
w(346,1,3,106,106)
w(762,1,3,107,107)
w(7,4,3,108,108)
w(202,2,3,109,109)
w(860,2,3,110,110)
w(249,1,3,111,111)
w(758,2,3,112,112)
w(69,2,3,113,113)
w(189,1,3,114,114)
w(788,4,3,115,115)
w(62,1,3,116,116)
w(922,2,3,117,117)
w(262,1,3,118,118)
w(567,3,3,119,119)
r(890,1,3,120,120)
w(129,1,3,121,121)
w(480,2,3,122,122)
w(788,5,3,123,123)
r(285,1,3,124,124)
w(372,3,3,125,125)
w(204,3,3,126,126)
w(913,1,3,127,127)
w(492,1,3,128,128)
w(736,1,3,129,129)
w(252,2,3,130,130)
w(582,1,3,131,131)
w(75,1,3,132,132)
r(60,1,3,133,133)
w(445,2,3,134,134)
w(481,1,3,135,135)
r(506,1,3,136,136)
r(920,1,3,137,137)
w(963,1,3,138,138)
w(124,2,3,139,139)
w(976,3,3,140,140)
r(148,1,3,141,141)
w(945,1,3,142,142)
w(927,2,3,143,143)
w(104,1,3,144,144)
w(820,3,3,145,145)
w(742,3,3,146,146)
w(663,1,3,147,147)
r(397,1,3,148,148)
w(485,1,3,149,149)
r(277,0,3,150,150)
w(44,1,3,151,151)
w(711,1,3,152,152)
w(509,1,3,153,153)
w(28,2,3,154,154)
w(58,1,3,155,155)
w(758,3,3,156,156)
w(53,1,3,157,157)
w(317,1,3,158,158)
w(83,4,3,159,159)
w(549,2,3,160,160)
w(321,2,3,161,161)
w(534,1,3,162,162)
w(436,2,3,163,163)
w(298,1,3,164,164)
w(652,1,3,165,165)
w(11,2,3,166,166)
w(498,1,3,167,167)
w(322,3,3,168,168)
w(269,1,3,169,169)
w(132,1,3,170,170)
r(352,0,3,171,171)
w(188,2,3,172,172)
w(441,3,3,173,173)
w(699,1,3,174,174)
w(69,3,3,175,175)
w(264,1,3,176,176)
w(443,1,3,177,177)
w(712,1,3,178,178)
w(696,1,3,179,179)
w(492,2,3,180,180)
w(188,3,3,181,181)
w(600,2,3,182,182)
w(291,1,3,183,183)
w(838,1,3,184,184)
w(279,2,3,185,185)
w(151,2,3,186,186)
w(966,2,3,187,187)
w(507,1,3,188,188)
w(994,1,3,189,189)
w(21,1,3,190,190)
w(114,1,3,191,191)
w(66,1,3,192,192)
w(652,2,3,193,193)
w(732,1,3,194,194)
w(698,2,3,195,195)
w(279,3,3,196,196)
w(705,1,3,197,197)
w(367,1,3,198,198)
w(769,2,3,199,199)
w(608,2,4,0,0)
w(852,2,4,1,1)
w(519,1,4,2,2)
w(685,2,4,3,3)
r(984,0,4,4,4)
w(109,1,4,5,5)
w(233,2,4,6,6)
w(155,2,4,7,7)
w(376,1,4,8,8)
w(629,2,4,9,9)
w(216,2,4,10,10)
w(260,2,4,11,11)
w(748,2,4,12,12)
w(645,1,4,13,13)
w(122,2,4,14,14)
w(655,1,4,15,15)
w(973,2,4,16,16)
w(623,1,4,17,17)
w(111,1,4,18,18)
w(686,1,4,19,19)
r(626,1,4,20,20)
w(172,2,4,21,21)
w(991,2,4,22,22)
w(634,2,4,23,23)
w(925,2,4,24,24)
w(944,1,4,25,25)
w(836,1,4,26,26)
w(565,1,4,27,27)
r(761,0,4,28,28)
w(628,1,4,29,29)
w(582,2,4,30,30)
w(577,1,4,31,31)
w(854,1,4,32,32)
w(443,2,4,33,33)
r(949,0,4,34,34)
r(246,0,4,35,35)
w(908,2,4,36,36)
w(135,2,4,37,37)
w(102,2,4,38,38)
w(690,2,4,39,39)
w(793,1,4,40,40)
w(159,1,4,41,41)
w(280,4,4,42,42)
w(625,1,4,43,43)
w(963,2,4,44,44)
w(243,1,4,45,45)
w(403,4,4,46,46)
w(299,1,4,47,47)
w(443,3,4,48,48)
w(329,1,4,49,49)
w(517,2,4,50,50)
w(379,2,4,51,51)
w(800,2,4,52,52)
w(3,1,4,53,53)
w(511,1,4,54,54)
w(469,2,4,55,55)
w(57,2,4,56,56)
w(284,3,4,57,57)
w(561,2,4,58,58)
w(491,4,4,59,59)
w(682,3,4,60,60)
w(980,1,4,61,61)
w(597,1,4,62,62)
w(461,1,4,63,63)
w(626,2,4,64,64)
w(448,2,4,65,65)
w(219,2,4,66,66)
r(714,1,4,67,67)
r(915,0,4,68,68)
w(533,1,4,69,69)
w(820,4,4,70,70)
w(227,1,4,71,71)
w(632,2,4,72,72)
w(822,1,4,73,73)
w(191,1,4,74,74)
w(226,1,4,75,75)
w(994,2,4,76,76)
w(432,2,4,77,77)
w(640,2,4,78,78)
w(942,1,4,79,79)
w(638,1,4,80,80)
w(641,1,4,81,81)
w(113,1,4,82,82)
w(696,2,4,83,83)
w(945,2,4,84,84)
w(513,1,4,85,85)
w(679,1,4,86,86)
w(705,2,4,87,87)
w(513,2,4,88,88)
r(149,3,4,89,89)
w(696,3,4,90,90)
w(397,2,4,91,91)
w(650,1,4,92,92)
w(529,1,4,93,93)
w(897,1,4,94,94)
w(17,1,4,95,95)
w(56,1,4,96,96)
w(623,2,4,97,97)
r(617,1,4,98,98)
w(288,2,4,99,99)
w(730,2,4,100,100)
w(731,2,4,101,101)
w(398,2,4,102,102)
w(990,1,4,103,103)
w(634,3,4,104,104)
w(682,4,4,105,105)
w(604,2,4,106,106)
w(207,1,4,107,107)
r(123,0,4,108,108)
w(982,3,4,109,109)
w(532,2,4,110,110)
w(544,1,4,111,111)
w(466,2,4,112,112)
w(224,3,4,113,113)
w(960,1,4,114,114)
w(696,4,4,115,115)
w(280,5,4,116,116)
r(217,2,4,117,117)
w(38,2,4,118,118)
w(787,2,4,119,119)
w(537,1,4,120,120)
w(216,3,4,121,121)
w(677,1,4,122,122)
w(839,1,4,123,123)
w(471,1,4,124,124)
w(622,1,4,125,125)
w(773,1,4,126,126)
w(67,1,4,127,127)
w(209,1,4,128,128)
w(151,3,4,129,129)
w(229,1,4,130,130)
w(27,3,4,131,131)
w(619,1,4,132,132)
w(725,1,4,133,133)
w(304,2,4,134,134)
w(336,1,4,135,135)
w(974,2,4,136,136)
r(943,1,4,137,137)
w(636,1,4,138,138)
w(533,2,4,139,139)
w(392,1,4,140,140)
w(313,1,4,141,141)
w(4,1,4,142,142)
w(947,2,4,143,143)
w(181,2,4,144,144)
w(550,1,4,145,145)
w(41,1,4,146,146)
w(446,2,4,147,147)
w(931,1,4,148,148)
w(943,2,4,149,149)
w(565,2,4,150,150)
w(571,3,4,151,151)
w(948,1,4,152,152)
w(918,3,4,153,153)
w(175,2,4,154,154)
r(594,0,4,155,155)
r(232,0,4,156,156)
r(703,0,4,157,157)
w(6,2,4,158,158)
w(189,2,4,159,159)
w(795,2,4,160,160)
w(271,2,4,161,161)
w(287,2,4,162,162)
w(166,3,4,163,163)
w(556,3,4,164,164)
w(322,4,4,165,165)
w(754,1,4,166,166)
w(824,4,4,167,167)
w(906,3,4,168,168)
w(703,1,4,169,169)
w(847,2,4,170,170)
w(639,1,4,171,171)
w(79,2,4,172,172)
w(827,1,4,173,173)
w(750,2,4,174,174)
r(825,3,4,175,175)
w(0,1,4,176,176)
w(682,5,4,177,177)
w(771,3,4,178,178)
w(488,3,4,179,179)
w(449,2,4,180,180)
w(119,1,4,181,181)
w(546,3,4,182,182)
w(805,1,4,183,183)
w(10,1,4,184,184)
w(433,1,4,185,185)
w(497,1,4,186,186)
w(229,2,4,187,187)
w(584,1,4,188,188)
w(422,2,4,189,189)
w(386,1,4,190,190)
w(511,2,4,191,191)
w(506,2,4,192,192)
w(373,3,4,193,193)
w(588,2,4,194,194)
w(410,1,4,195,195)
w(766,2,4,196,196)
w(438,1,4,197,197)
w(695,1,4,198,198)
w(27,4,4,199,199)
r(918,3,5,0,0)
w(915,1,5,1,1)
r(93,0,5,2,2)
w(329,2,5,3,3)
w(440,3,5,4,4)
w(906,4,5,5,5)
w(122,3,5,6,6)
r(422,2,5,7,7)
r(172,2,5,8,8)
w(760,1,5,9,9)
w(914,1,5,10,10)
w(398,3,5,11,11)
w(666,1,5,12,12)
w(809,1,5,13,13)
w(698,3,5,14,14)
r(604,2,5,15,15)
r(97,0,5,16,16)
w(926,1,5,17,17)
w(767,1,5,18,18)
w(904,1,5,19,19)
w(891,1,5,20,20)
w(153,2,5,21,21)
w(803,1,5,22,22)
w(917,1,5,23,23)
w(456,2,5,24,24)
w(298,2,5,25,25)
w(23,3,5,26,26)
w(665,1,5,27,27)
r(845,1,5,28,28)
w(410,2,5,29,29)
w(297,1,5,30,30)
w(96,4,5,31,31)
w(627,1,5,32,32)
w(732,2,5,33,33)
w(526,1,5,34,34)
w(712,2,5,35,35)
w(638,2,5,36,36)
r(986,2,5,37,37)
w(310,1,5,38,38)
r(827,1,5,39,39)
w(75,2,5,40,40)
w(211,3,5,41,41)
w(343,1,5,42,42)
w(591,3,5,43,43)
w(692,1,5,44,44)
w(575,3,5,45,45)
w(816,1,5,46,46)
w(459,1,5,47,47)
w(508,3,5,48,48)
w(3,2,5,49,49)
w(40,1,5,50,50)
w(754,2,5,51,51)
w(631,1,5,52,52)
w(287,3,5,53,53)
w(841,2,5,54,54)
w(191,2,5,55,55)
w(976,4,5,56,56)
w(859,1,5,57,57)
w(123,1,5,58,58)
r(597,1,5,59,59)
w(374,1,5,60,60)
w(36,1,5,61,61)
w(597,2,5,62,62)
w(867,1,5,63,63)
w(612,3,5,64,64)
w(488,4,5,65,65)
w(570,1,5,66,66)
w(252,3,5,67,67)
w(72,2,5,68,68)
w(976,5,5,69,69)
w(737,1,5,70,70)
w(646,1,5,71,71)
r(622,1,5,72,72)
w(480,3,5,73,73)
w(687,2,5,74,74)
w(795,3,5,75,75)
w(980,2,5,76,76)
w(857,1,5,77,77)
w(884,3,5,78,78)
w(262,2,5,79,79)
w(864,2,5,80,80)
w(727,1,5,81,81)
w(672,2,5,82,82)
w(996,2,5,83,83)
w(761,1,5,84,84)
w(535,2,5,85,85)
w(698,4,5,86,86)
w(687,3,5,87,87)
w(274,1,5,88,88)
r(615,0,5,89,89)
w(908,3,5,90,90)
w(21,2,5,91,91)
w(674,2,5,92,92)
w(489,2,5,93,93)
w(110,4,5,94,94)
w(763,1,5,95,95)
w(617,2,5,96,96)
w(357,2,5,97,97)
w(723,2,5,98,98)
w(918,4,5,99,99)
w(438,2,5,100,100)
w(397,3,5,101,101)
w(172,3,5,102,102)
w(428,1,5,103,103)
w(959,1,5,104,104)
w(812,3,5,105,105)
w(772,1,5,106,106)
w(307,1,5,107,107)
w(12,1,5,108,108)
w(21,3,5,109,109)
w(933,1,5,110,110)
w(496,1,5,111,111)
w(148,2,5,112,112)
w(849,1,5,113,113)
w(566,2,5,114,114)
w(714,2,5,115,115)
w(235,1,5,116,116)
w(393,2,5,117,117)
w(875,1,5,118,118)
w(505,2,5,119,119)
w(238,1,5,120,120)
w(736,2,5,121,121)
r(188,3,5,122,122)
w(562,4,5,123,123)
w(493,1,5,124,124)
r(47,3,5,125,125)
w(308,1,5,126,126)
w(276,1,5,127,127)
w(458,1,5,128,128)
w(721,1,5,129,129)
w(709,1,5,130,130)
w(737,2,5,131,131)
w(456,3,5,132,132)
w(81,1,5,133,133)
r(170,0,5,134,134)
w(443,4,5,135,135)
w(133,1,5,136,136)
w(824,5,5,137,137)
w(656,2,5,138,138)
w(860,3,5,139,139)
w(424,1,5,140,140)
w(604,3,5,141,141)
w(901,1,5,142,142)
w(949,1,5,143,143)
r(401,1,5,144,144)
w(559,1,5,145,145)
r(252,3,5,146,146)
w(561,3,5,147,147)
w(167,1,5,148,148)
r(571,3,5,149,149)
w(478,1,5,150,150)
w(794,1,5,151,151)
w(203,2,5,152,152)
w(705,3,5,153,153)
w(809,2,5,154,154)
w(78,1,5,155,155)
w(287,4,5,156,156)
w(956,1,5,157,157)
w(248,1,5,158,158)
w(474,2,5,159,159)
w(27,5,5,160,160)
w(798,3,5,161,161)
w(556,4,5,162,162)
w(549,3,5,163,163)
r(528,0,5,164,164)
w(748,3,5,165,165)
w(985,1,5,166,166)
w(839,2,5,167,167)
r(715,1,5,168,168)
w(434,1,5,169,169)
r(842,2,5,170,170)
w(973,3,5,171,171)
w(865,1,5,172,172)
w(642,1,5,173,173)
w(727,2,5,174,174)
w(592,1,5,175,175)
r(129,1,5,176,176)
w(412,2,5,177,177)
w(443,5,5,178,178)
w(927,3,5,179,179)
w(239,2,5,180,180)
w(982,4,5,181,181)
w(881,1,5,182,182)
w(982,5,5,183,183)
w(866,1,5,184,184)
w(589,1,5,185,185)
w(156,2,5,186,186)
w(409,1,5,187,187)
w(987,2,5,188,188)
w(251,1,5,189,189)
w(717,1,5,190,190)
w(216,4,5,191,191)
w(183,1,5,192,192)
w(910,2,5,193,193)
w(147,2,5,194,194)
w(795,4,5,195,195)
w(288,3,5,196,196)
w(33,2,5,197,197)
w(884,4,5,198,198)
w(920,2,5,199,199)
w(695,2,6,0,0)
w(244,1,6,1,1)
w(105,1,6,2,2)
w(667,1,6,3,3)
w(676,1,6,4,4)
r(488,4,6,5,5)
r(372,3,6,6,6)
w(916,1,6,7,7)
w(256,2,6,8,8)
w(320,1,6,9,9)
w(474,3,6,10,10)
w(814,4,6,11,11)
w(316,1,6,12,12)
w(790,3,6,13,13)
w(249,2,6,14,14)
w(194,1,6,15,15)
w(427,1,6,16,16)
r(669,2,6,17,17)
w(850,1,6,18,18)
w(497,2,6,19,19)
r(886,3,6,20,20)
w(67,2,6,21,21)
r(930,2,6,22,22)
w(609,1,6,23,23)
w(568,1,6,24,24)
w(796,2,6,25,25)
w(444,3,6,26,26)
r(153,2,6,27,27)
w(995,2,6,28,28)
w(178,2,6,29,29)
w(913,2,6,30,30)
w(544,2,6,31,31)
w(714,3,6,32,32)
w(371,1,6,33,33)
w(310,2,6,34,34)
w(489,3,6,35,35)
w(609,2,6,36,36)
w(990,2,6,37,37)
w(31,1,6,38,38)
w(498,2,6,39,39)
w(218,1,6,40,40)
w(559,2,6,41,41)
w(240,1,6,42,42)
w(337,1,6,43,43)
w(84,1,6,44,44)
w(776,2,6,45,45)
w(485,2,6,46,46)
w(198,1,6,47,47)
w(608,3,6,48,48)
w(80,2,6,49,49)
w(789,1,6,50,50)
w(526,2,6,51,51)
r(720,0,6,52,52)
w(834,3,6,53,53)
w(454,2,6,54,54)
w(45,3,6,55,55)
w(575,4,6,56,56)
w(497,3,6,57,57)
w(457,1,6,58,58)
w(465,2,6,59,59)
w(550,2,6,60,60)
r(309,1,6,61,61)
w(412,3,6,62,62)
w(557,4,6,63,63)
w(7,5,6,64,64)
w(736,3,6,65,65)
r(319,0,6,66,66)
w(502,1,6,67,67)
w(656,3,6,68,68)
w(981,1,6,69,69)
w(470,1,6,70,70)
w(139,1,6,71,71)
w(470,2,6,72,72)
w(983,1,6,73,73)
w(157,1,6,74,74)
w(498,3,6,75,75)
w(579,1,6,76,76)
w(613,1,6,77,77)
w(257,1,6,78,78)
w(396,1,6,79,79)
w(679,2,6,80,80)
w(672,3,6,81,81)
w(182,1,6,82,82)
w(606,2,6,83,83)
w(641,2,6,84,84)
w(700,1,6,85,85)
w(858,2,6,86,86)
w(210,1,6,87,87)
w(934,2,6,88,88)
w(549,4,6,89,89)
w(663,2,6,90,90)
r(445,2,6,91,91)
w(634,4,6,92,92)
w(347,4,6,93,93)
w(697,1,6,94,94)
w(370,2,6,95,95)
w(230,1,6,96,96)
w(483,1,6,97,97)
r(541,0,6,98,98)
w(847,3,6,99,99)
r(826,2,6,100,100)
w(947,3,6,101,101)
w(807,1,6,102,102)
w(741,1,6,103,103)
w(430,3,6,104,104)
w(986,3,6,105,105)
w(997,2,6,106,106)
w(687,4,6,107,107)
w(810,2,6,108,108)
w(120,2,6,109,109)
w(426,1,6,110,110)
w(732,3,6,111,111)
w(898,1,6,112,112)
w(91,1,6,113,113)
w(699,2,6,114,114)
r(210,1,6,115,115)
w(571,4,6,116,116)
w(876,1,6,117,117)
w(568,2,6,118,118)
w(87,1,6,119,119)
w(733,3,6,120,120)
r(155,2,6,121,121)
w(493,2,6,122,122)
w(651,2,6,123,123)
w(260,3,6,124,124)
w(611,1,6,125,125)
w(404,1,6,126,126)
w(262,3,6,127,127)
r(657,0,6,128,128)
w(310,3,6,129,129)
w(205,1,6,130,130)
w(377,2,6,131,131)
w(542,1,6,132,132)
w(539,3,6,133,133)
w(835,2,6,134,134)
w(433,2,6,135,135)
w(244,2,6,136,136)
w(527,1,6,137,137)
w(63,1,6,138,138)
w(496,2,6,139,139)
w(935,1,6,140,140)
w(193,2,6,141,141)
w(374,2,6,142,142)
w(44,2,6,143,143)
w(630,1,6,144,144)
w(882,1,6,145,145)
w(675,1,6,146,146)
w(891,2,6,147,147)
w(637,2,6,148,148)
w(236,1,6,149,149)
w(528,1,6,150,150)
w(451,1,6,151,151)
w(990,3,6,152,152)
w(109,2,6,153,153)
w(53,2,6,154,154)
r(963,2,6,155,155)
w(773,2,6,156,156)
w(284,4,6,157,157)
w(98,3,6,158,158)
w(378,2,6,159,159)
w(584,2,6,160,160)
w(750,3,6,161,161)
w(686,2,6,162,162)
w(514,2,6,163,163)
w(265,1,6,164,164)
w(244,3,6,165,165)
w(384,1,6,166,166)
w(556,5,6,167,167)
w(862,3,6,168,168)
w(561,4,6,169,169)
r(632,2,6,170,170)
r(908,3,6,171,171)
w(882,2,6,172,172)
w(149,4,6,173,173)
r(833,1,6,174,174)
w(906,5,6,175,175)
w(40,2,6,176,176)
w(414,1,6,177,177)
w(76,1,6,178,178)
w(555,1,6,179,179)
w(475,2,6,180,180)
w(160,3,6,181,181)
w(834,4,6,182,182)
w(157,2,6,183,183)
w(894,2,6,184,184)
w(201,1,6,185,185)
w(91,2,6,186,186)
w(958,1,6,187,187)
w(566,3,6,188,188)
w(834,5,6,189,189)
r(948,1,6,190,190)
w(962,1,6,191,191)
w(3,3,6,192,192)
w(312,2,6,193,193)
r(429,0,6,194,194)
w(528,2,6,195,195)
w(451,2,6,196,196)
w(630,2,6,197,197)
r(390,0,6,198,198)
w(213,1,6,199,199)
w(81,2,7,0,0)
w(661,1,7,1,1)
w(775,1,7,2,2)
w(485,3,7,3,3)
w(509,2,7,4,4)
w(435,2,7,5,5)
w(218,2,7,6,6)
w(623,3,7,7,7)
w(131,1,7,8,8)
w(654,1,7,9,9)
w(491,5,7,10,10)
w(890,2,7,11,11)
w(205,2,7,12,12)
w(132,2,7,13,13)
w(871,2,7,14,14)
w(494,4,7,15,15)
w(309,2,7,16,16)
w(5,1,7,17,17)
w(815,3,7,18,18)
w(49,2,7,19,19)
w(680,3,7,20,20)
w(156,3,7,21,21)
w(824,6,7,22,22)
w(639,2,7,23,23)
w(232,1,7,24,24)
w(572,2,7,25,25)
w(401,2,7,26,26)
w(362,1,7,27,27)
r(181,2,7,28,28)
w(490,1,7,29,29)
w(983,2,7,30,30)
w(56,2,7,31,31)
w(213,2,7,32,32)
w(567,4,7,33,33)
w(11,3,7,34,34)
w(229,3,7,35,35)
w(689,1,7,36,36)
w(231,2,7,37,37)
w(437,1,7,38,38)
w(370,3,7,39,39)
w(575,5,7,40,40)
w(389,2,7,41,41)
w(802,1,7,42,42)
r(628,1,7,43,43)
w(194,2,7,44,44)
w(472,3,7,45,45)
r(398,3,7,46,46)
r(316,1,7,47,47)
r(916,1,7,48,48)
w(596,2,7,49,49)
r(472,3,7,50,50)
w(736,4,7,51,51)
r(213,2,7,52,52)
w(597,3,7,53,53)
w(631,2,7,54,54)
w(695,3,7,55,55)
w(761,2,7,56,56)
r(795,4,7,57,57)
w(717,2,7,58,58)
w(535,3,7,59,59)
w(293,2,7,60,60)
w(882,3,7,61,61)
w(204,4,7,62,62)
w(990,4,7,63,63)
r(386,1,7,64,64)
w(199,1,7,65,65)
w(878,1,7,66,66)
w(158,4,7,67,67)
w(484,2,7,68,68)
w(958,2,7,69,69)
w(304,3,7,70,70)
w(42,1,7,71,71)
w(471,2,7,72,72)
w(75,3,7,73,73)
w(832,3,7,74,74)
w(196,1,7,75,75)
w(285,2,7,76,76)
w(731,3,7,77,77)
w(803,2,7,78,78)
w(407,2,7,79,79)
w(748,4,7,80,80)
w(560,2,7,81,81)
w(603,1,7,82,82)
w(379,3,7,83,83)
w(594,1,7,84,84)
w(107,2,7,85,85)
w(49,3,7,86,86)
r(233,2,7,87,87)
w(61,1,7,88,88)
w(957,1,7,89,89)
w(876,2,7,90,90)
w(520,2,7,91,91)
w(3,4,7,92,92)
w(62,2,7,93,93)
r(140,0,7,94,94)
w(298,3,7,95,95)
w(23,4,7,96,96)
w(834,6,7,97,97)
w(609,3,7,98,98)
w(597,4,7,99,99)
w(746,1,7,100,100)
w(573,1,7,101,101)
w(85,2,7,102,102)
r(967,2,7,103,103)
w(888,3,7,104,104)
w(943,3,7,105,105)
r(137,0,7,106,106)
w(136,3,7,107,107)
w(131,2,7,108,108)
w(128,1,7,109,109)
w(725,2,7,110,110)
w(872,1,7,111,111)
w(835,3,7,112,112)
w(122,4,7,113,113)
w(839,3,7,114,114)
w(243,2,7,115,115)
w(439,2,7,116,116)
r(392,1,7,117,117)
w(689,2,7,118,118)
w(260,4,7,119,119)
w(5,2,7,120,120)
w(658,1,7,121,121)
w(104,2,7,122,122)
w(942,2,7,123,123)
w(343,2,7,124,124)
w(864,3,7,125,125)
w(648,2,7,126,126)
w(793,2,7,127,127)
w(689,3,7,128,128)
w(379,4,7,129,129)
w(312,3,7,130,130)
w(363,1,7,131,131)
w(709,2,7,132,132)
w(557,5,7,133,133)
w(589,2,7,134,134)
w(667,2,7,135,135)
w(412,4,7,136,136)
w(399,2,7,137,137)
w(866,2,7,138,138)
w(166,4,7,139,139)
w(916,2,7,140,140)
r(360,0,7,141,141)
w(299,2,7,142,142)
w(986,4,7,143,143)
w(164,2,7,144,144)
r(733,3,7,145,145)
w(493,3,7,146,146)
w(303,4,7,147,147)
w(800,3,7,148,148)
w(281,3,7,149,149)
w(397,4,7,150,150)
w(702,1,7,151,151)
w(995,3,7,152,152)
w(824,7,7,153,153)
w(781,1,7,154,154)
w(994,3,7,155,155)
w(342,1,7,156,156)
w(940,1,7,157,157)
w(550,3,7,158,158)
w(814,5,7,159,159)
w(41,2,7,160,160)
w(429,1,7,161,161)
w(466,3,7,162,162)
w(448,3,7,163,163)
w(651,3,7,164,164)
w(722,1,7,165,165)
r(913,2,7,166,166)
w(557,6,7,167,167)
w(537,2,7,168,168)
w(881,2,7,169,169)
w(218,3,7,170,170)
w(93,1,7,171,171)
w(798,4,7,172,172)
w(127,3,7,173,173)
w(944,2,7,174,174)
w(108,3,7,175,175)
w(585,1,7,176,176)
w(295,2,7,177,177)
w(776,3,7,178,178)
w(751,2,7,179,179)
r(713,1,7,180,180)
w(109,3,7,181,181)
w(872,2,7,182,182)
w(922,3,7,183,183)
w(842,3,7,184,184)
w(753,1,7,185,185)
r(654,1,7,186,186)
w(651,4,7,187,187)
w(496,3,7,188,188)
w(464,5,7,189,189)
w(709,3,7,190,190)
w(33,3,7,191,191)
w(339,1,7,192,192)
w(400,2,7,193,193)
r(284,4,7,194,194)
w(107,3,7,195,195)
w(259,1,7,196,196)
w(5,3,7,197,197)
w(115,2,7,198,198)
w(128,2,7,199,199)
w(286,3,8,0,0)
w(621,3,8,1,1)
w(238,2,8,2,2)
w(627,2,8,3,3)
w(199,2,8,4,4)
w(752,1,8,5,5)
w(947,4,8,6,6)
w(356,1,8,7,7)
w(592,2,8,8,8)
w(78,2,8,9,9)
w(509,3,8,10,10)
w(668,1,8,11,11)
w(681,2,8,12,12)
w(933,2,8,13,13)
w(105,2,8,14,14)
w(669,3,8,15,15)
w(113,2,8,16,16)
w(419,2,8,17,17)
w(821,1,8,18,18)
w(931,2,8,19,19)
w(181,3,8,20,20)
w(994,4,8,21,21)
w(813,1,8,22,22)
w(459,2,8,23,23)
w(483,2,8,24,24)
r(701,0,8,25,25)
r(485,3,8,26,26)
w(897,2,8,27,27)
r(950,1,8,28,28)
w(331,2,8,29,29)
w(616,1,8,30,30)
w(280,6,8,31,31)
w(722,2,8,32,32)
w(19,2,8,33,33)
w(106,1,8,34,34)
w(764,1,8,35,35)
w(548,1,8,36,36)
w(501,4,8,37,37)
w(297,2,8,38,38)
w(636,2,8,39,39)
w(656,4,8,40,40)
w(842,4,8,41,41)
w(615,1,8,42,42)
w(221,3,8,43,43)
w(597,5,8,44,44)
w(704,1,8,45,45)
w(705,4,8,46,46)
w(350,3,8,47,47)
w(670,1,8,48,48)
w(820,5,8,49,49)
w(484,3,8,50,50)
w(823,3,8,51,51)
w(171,2,8,52,52)
w(185,1,8,53,53)
w(886,4,8,54,54)
r(632,2,8,55,55)
w(958,3,8,56,56)
w(376,2,8,57,57)
w(779,1,8,58,58)
w(188,4,8,59,59)
w(803,3,8,60,60)
w(206,2,8,61,61)
r(327,1,8,62,62)
w(217,3,8,63,63)
w(895,2,8,64,64)
w(930,3,8,65,65)
w(58,2,8,66,66)
r(41,2,8,67,67)
w(616,2,8,68,68)
w(891,3,8,69,69)
w(170,1,8,70,70)
w(902,1,8,71,71)
w(868,1,8,72,72)
w(51,1,8,73,73)
w(474,4,8,74,74)
w(694,2,8,75,75)
w(565,3,8,76,76)
w(161,1,8,77,77)
r(419,2,8,78,78)
w(567,5,8,79,79)
w(189,3,8,80,80)
w(407,3,8,81,81)
w(560,3,8,82,82)
r(741,1,8,83,83)
w(617,3,8,84,84)
w(702,2,8,85,85)
w(457,2,8,86,86)
w(438,3,8,87,87)
w(484,4,8,88,88)
w(566,4,8,89,89)
w(726,1,8,90,90)
w(458,2,8,91,91)
w(174,2,8,92,92)
w(842,5,8,93,93)
w(19,3,8,94,94)
w(96,5,8,95,95)
w(728,1,8,96,96)
w(249,3,8,97,97)
w(671,2,8,98,98)
w(1,1,8,99,99)
w(202,3,8,100,100)
w(237,4,8,101,101)
w(110,5,8,102,102)
r(157,2,8,103,103)
w(91,3,8,104,104)
w(808,2,8,105,105)
w(76,2,8,106,106)
w(129,2,8,107,107)
w(660,1,8,108,108)
w(484,5,8,109,109)
w(324,3,8,110,110)
w(875,2,8,111,111)
w(573,2,8,112,112)
r(979,2,8,113,113)
w(118,1,8,114,114)
r(969,1,8,115,115)
w(877,1,8,116,116)
w(901,2,8,117,117)
w(638,3,8,118,118)
w(474,5,8,119,119)
w(864,4,8,120,120)
w(951,2,8,121,121)
r(141,0,8,122,122)
w(861,4,8,123,123)
w(166,5,8,124,124)
w(290,1,8,125,125)
r(834,6,8,126,126)
w(695,4,8,127,127)
w(643,1,8,128,128)
w(717,3,8,129,129)
w(84,2,8,130,130)
r(818,1,8,131,131)
w(900,3,8,132,132)
w(368,2,8,133,133)
w(932,1,8,134,134)
w(530,1,8,135,135)
w(836,2,8,136,136)
w(243,3,8,137,137)
r(499,1,8,138,138)
r(758,3,8,139,139)
w(108,4,8,140,140)
r(422,2,8,141,141)
w(692,2,8,142,142)
w(336,2,8,143,143)
w(706,1,8,144,144)
w(177,3,8,145,145)
w(181,4,8,146,146)
w(674,3,8,147,147)
r(555,1,8,148,148)
w(65,1,8,149,149)
w(27,6,8,150,150)
w(472,4,8,151,151)
w(292,2,8,152,152)
w(506,3,8,153,153)
w(623,4,8,154,154)
w(565,4,8,155,155)
w(226,2,8,156,156)
w(700,2,8,157,157)
w(316,2,8,158,158)
w(474,6,8,159,159)
w(178,3,8,160,160)
w(890,3,8,161,161)
w(901,3,8,162,162)
w(987,3,8,163,163)
r(410,2,8,164,164)
w(878,2,8,165,165)
w(318,1,8,166,166)
r(480,3,8,167,167)
w(476,2,8,168,168)
w(47,4,8,169,169)
w(882,4,8,170,170)
w(33,4,8,171,171)
w(742,4,8,172,172)
w(890,4,8,173,173)
w(409,2,8,174,174)
w(453,1,8,175,175)
w(143,1,8,176,176)
w(492,3,8,177,177)
w(751,3,8,178,178)
w(397,5,8,179,179)
w(132,3,8,180,180)
w(331,3,8,181,181)
w(806,1,8,182,182)
w(954,1,8,183,183)
w(654,2,8,184,184)
w(505,3,8,185,185)
w(66,2,8,186,186)
r(589,2,8,187,187)
r(542,1,8,188,188)
w(135,3,8,189,189)
w(436,3,8,190,190)
w(199,3,8,191,191)
w(247,2,8,192,192)
w(500,3,8,193,193)
w(867,2,8,194,194)
w(956,2,8,195,195)
w(414,2,8,196,196)
w(302,2,8,197,197)
w(196,2,8,198,198)
w(237,5,8,199,199)
r(777,0,9,0,0)
r(830,1,9,1,1)
w(92,2,9,2,2)
w(285,3,9,3,3)
w(385,1,9,4,4)
w(584,3,9,5,5)
w(773,3,9,6,6)
w(779,2,9,7,7)
w(999,1,9,8,8)
w(607,1,9,9,9)
w(407,4,9,10,10)
w(220,1,9,11,11)
w(265,2,9,12,12)
w(947,5,9,13,13)
w(739,1,9,14,14)
w(653,1,9,15,15)
w(938,1,9,16,16)
w(945,3,9,17,17)
r(599,1,9,18,18)
w(594,2,9,19,19)
w(294,2,9,20,20)
w(993,1,9,21,21)
w(125,2,9,22,22)
r(395,0,9,23,23)
w(337,2,9,24,24)
r(676,1,9,25,25)
w(743,1,9,26,26)
r(210,1,9,27,27)
w(50,3,9,28,28)
w(672,4,9,29,29)
w(323,3,9,30,30)
w(617,4,9,31,31)
r(247,2,9,32,32)
w(915,2,9,33,33)
w(756,3,9,34,34)
w(897,3,9,35,35)
w(772,2,9,36,36)
w(662,2,9,37,37)
w(990,5,9,38,38)
w(489,4,9,39,39)
w(288,4,9,40,40)
r(555,1,9,41,41)
w(603,2,9,42,42)
w(120,3,9,43,43)
w(86,1,9,44,44)
w(631,3,9,45,45)
w(389,3,9,46,46)
w(94,1,9,47,47)
w(239,3,9,48,48)
w(868,2,9,49,49)
w(226,3,9,50,50)
w(715,2,9,51,51)
w(784,1,9,52,52)
w(284,5,9,53,53)
w(385,2,9,54,54)
w(969,2,9,55,55)
w(197,1,9,56,56)
w(113,3,9,57,57)
w(637,3,9,58,58)
w(217,4,9,59,59)
w(846,1,9,60,60)
w(621,4,9,61,61)
w(40,3,9,62,62)
r(310,3,9,63,63)
r(234,1,9,64,64)
r(806,1,9,65,65)
w(349,1,9,66,66)
w(108,5,9,67,67)
w(926,2,9,68,68)
w(532,3,9,69,69)
w(239,4,9,70,70)
w(179,2,9,71,71)
r(314,2,9,72,72)
w(408,2,9,73,73)
r(79,2,9,74,74)
w(267,1,9,75,75)
w(480,4,9,76,76)
r(327,1,9,77,77)
w(596,3,9,78,78)
w(566,5,9,79,79)
w(536,2,9,80,80)
w(47,5,9,81,81)
r(779,2,9,82,82)
w(624,2,9,83,83)
w(77,2,9,84,84)
w(583,1,9,85,85)
w(21,4,9,86,86)
r(591,3,9,87,87)
w(7,6,9,88,88)
r(908,3,9,89,89)
r(251,1,9,90,90)
w(277,1,9,91,91)
w(862,4,9,92,92)
w(284,6,9,93,93)
w(534,2,9,94,94)
w(224,4,9,95,95)
w(214,2,9,96,96)
w(214,3,9,97,97)
w(451,3,9,98,98)
w(747,2,9,99,99)
w(676,2,9,100,100)
w(157,3,9,101,101)
w(502,2,9,102,102)
w(258,2,9,103,103)
w(972,2,9,104,104)
w(861,5,9,105,105)
w(152,2,9,106,106)
w(398,4,9,107,107)
w(886,5,9,108,108)
w(595,2,9,109,109)
w(413,2,9,110,110)
r(65,1,9,111,111)
w(96,6,9,112,112)
w(460,5,9,113,113)
w(723,3,9,114,114)
w(128,3,9,115,115)
w(678,1,9,116,116)
w(716,1,9,117,117)
w(733,4,9,118,118)
w(135,4,9,119,119)
w(706,2,9,120,120)
w(796,3,9,121,121)
w(159,2,9,122,122)
w(56,3,9,123,123)
r(619,1,9,124,124)
r(654,2,9,125,125)
w(239,5,9,126,126)
w(984,1,9,127,127)
w(430,4,9,128,128)
r(948,1,9,129,129)
w(65,2,9,130,130)
w(298,4,9,131,131)
w(409,3,9,132,132)
w(757,3,9,133,133)
w(113,4,9,134,134)
w(165,1,9,135,135)
w(590,1,9,136,136)
w(204,5,9,137,137)
w(713,2,9,138,138)
w(484,6,9,139,139)
w(47,6,9,140,140)
w(862,5,9,141,141)
w(345,1,9,142,142)
w(607,2,9,143,143)
w(782,2,9,144,144)
w(119,2,9,145,145)
w(798,5,9,146,146)
w(183,2,9,147,147)
w(678,2,9,148,148)
w(3,5,9,149,149)
w(689,4,9,150,150)
w(96,7,9,151,151)
w(667,3,9,152,152)
w(866,3,9,153,153)
w(523,1,9,154,154)
r(674,3,9,155,155)
w(13,2,9,156,156)
w(903,3,9,157,157)
w(390,1,9,158,158)
w(166,6,9,159,159)
w(745,2,9,160,160)
w(731,4,9,161,161)
w(385,3,9,162,162)
w(20,1,9,163,163)
w(983,3,9,164,164)
r(989,1,9,165,165)
w(763,2,9,166,166)
w(528,3,9,167,167)
r(519,1,9,168,168)
w(91,4,9,169,169)
w(134,3,9,170,170)
w(13,3,9,171,171)
w(78,3,9,172,172)
w(786,2,9,173,173)
w(839,4,9,174,174)
w(547,2,9,175,175)
r(989,1,9,176,176)
w(587,1,9,177,177)
w(724,3,9,178,178)
w(690,3,9,179,179)
r(676,2,9,180,180)
w(500,4,9,181,181)
r(363,1,9,182,182)
w(911,2,9,183,183)
w(554,1,9,184,184)
w(191,3,9,185,185)
w(527,2,9,186,186)
w(5,4,9,187,187)
w(107,4,9,188,188)
w(977,1,9,189,189)
w(83,5,9,190,190)
w(795,5,9,191,191)
w(947,6,9,192,192)
w(905,2,9,193,193)
w(505,4,9,194,194)
w(772,3,9,195,195)
w(130,1,9,196,196)
w(644,2,9,197,197)
w(146,1,9,198,198)
w(856,1,9,199,199)
