w(234,1,0,0,0)
r(113,0,0,1,1)
w(88,1,0,2,2)
w(228,1,0,3,3)
w(466,1,0,4,4)
w(4,1,0,5,5)
w(569,1,0,6,6)
w(7,1,0,7,7)
w(202,1,0,8,8)
w(714,1,0,9,9)
w(593,1,0,10,10)
w(245,1,0,11,11)
w(313,1,0,12,12)
r(932,0,0,13,13)
w(122,1,0,14,14)
w(72,1,0,15,15)
w(924,1,0,16,16)
w(950,1,0,17,17)
w(364,1,0,18,18)
w(5,1,0,19,19)
w(394,1,0,20,20)
w(246,1,0,21,21)
r(190,0,0,22,22)
w(285,1,0,23,23)
w(383,1,0,24,24)
r(510,0,0,25,25)
w(795,1,0,26,26)
r(927,0,0,27,27)
r(774,0,0,28,28)
w(324,1,0,29,29)
w(888,1,0,30,30)
w(534,1,0,31,31)
w(884,1,0,32,32)
w(96,1,0,33,33)
w(514,1,0,34,34)
w(46,1,0,35,35)
w(98,1,0,36,36)
w(901,1,0,37,37)
r(748,0,0,38,38)
w(806,1,0,39,39)
w(509,1,0,40,40)
w(717,1,0,41,41)
w(924,2,0,42,42)
r(646,0,0,43,43)
r(651,0,0,44,44)
w(321,1,0,45,45)
w(741,1,0,46,46)
w(998,1,0,47,47)
w(613,1,0,48,48)
r(313,1,0,49,49)
w(631,1,0,50,50)
w(996,1,0,51,51)
r(554,0,0,52,52)
w(176,1,0,53,53)
w(9,1,0,54,54)
w(583,1,0,55,55)
w(964,1,0,56,56)
w(614,1,0,57,57)
w(738,1,0,58,58)
w(200,1,0,59,59)
w(966,1,0,60,60)
w(950,2,0,61,61)
w(987,1,0,62,62)
w(927,1,0,63,63)
r(910,0,0,64,64)
w(348,1,0,65,65)
w(729,1,0,66,66)
r(365,0,0,67,67)
w(848,1,0,68,68)
r(843,0,0,69,69)
w(11,1,0,70,70)
w(805,1,0,71,71)
w(66,1,0,72,72)
w(687,1,0,73,73)
w(584,1,0,74,74)
w(286,1,0,75,75)
w(782,1,0,76,76)
r(96,1,0,77,77)
w(324,2,0,78,78)
w(77,1,0,79,79)
r(158,0,0,80,80)
w(436,1,0,81,81)
r(710,0,0,82,82)
w(410,1,0,83,83)
w(63,1,0,84,84)
r(622,0,0,85,85)
w(40,1,0,86,86)
w(616,1,0,87,87)
w(311,1,0,88,88)
w(682,1,0,89,89)
w(805,2,0,90,90)
w(100,1,0,91,91)
w(415,1,0,92,92)
r(177,0,0,93,93)
w(937,1,0,94,94)
w(461,1,0,95,95)
w(545,1,0,96,96)
w(29,1,0,97,97)
w(89,1,0,98,98)
w(431,1,0,99,99)
w(182,1,0,100,100)
w(197,1,0,101,101)
w(8,1,0,102,102)
w(879,1,0,103,103)
w(748,1,0,104,104)
w(271,1,0,105,105)
w(261,1,0,106,106)
r(725,0,0,107,107)
w(202,2,0,108,108)
w(400,1,0,109,109)
w(823,1,0,110,110)
w(774,1,0,111,111)
w(443,1,0,112,112)
w(875,1,0,113,113)
w(895,1,0,114,114)
w(908,1,0,115,115)
w(495,1,0,116,116)
w(90,1,0,117,117)
w(994,1,0,118,118)
w(210,1,0,119,119)
r(970,0,0,120,120)
w(516,1,0,121,121)
w(41,1,0,122,122)
w(396,1,0,123,123)
w(624,1,0,124,124)
r(572,0,0,125,125)
w(645,1,0,126,126)
w(432,1,0,127,127)
w(888,2,0,128,128)
w(676,1,0,129,129)
w(988,1,0,130,130)
w(948,1,0,131,131)
w(452,1,0,132,132)
w(591,1,0,133,133)
w(176,2,0,134,134)
w(72,2,0,135,135)
w(589,1,0,136,136)
w(694,1,0,137,137)
w(655,1,0,138,138)
w(733,1,0,139,139)
w(229,1,0,140,140)
w(985,1,0,141,141)
w(961,1,0,142,142)
w(348,2,0,143,143)
w(647,1,0,144,144)
w(512,1,0,145,145)
r(797,0,0,146,146)
w(412,1,0,147,147)
w(561,1,0,148,148)
w(672,1,0,149,149)
w(471,1,0,150,150)
w(175,1,0,151,151)
w(727,1,0,152,152)
w(533,1,0,153,153)
r(946,0,0,154,154)
w(298,1,0,155,155)
w(844,1,0,156,156)
r(801,0,0,157,157)
r(420,0,0,158,158)
w(638,1,0,159,159)
w(405,1,0,160,160)
w(52,1,0,161,161)
w(972,1,0,162,162)
w(301,1,0,163,163)
w(927,2,0,164,164)
w(146,1,0,165,165)
w(411,1,0,166,166)
w(978,1,0,167,167)
w(877,1,0,168,168)
w(863,1,0,169,169)
w(66,2,0,170,170)
w(650,1,0,171,171)
w(836,1,0,172,172)
w(781,1,0,173,173)
w(633,1,0,174,174)
r(124,0,0,175,175)
w(517,1,0,176,176)
r(993,0,0,177,177)
w(377,1,0,178,178)
w(656,1,0,179,179)
w(904,1,0,180,180)
w(134,1,0,181,181)
w(588,1,0,182,182)
w(414,1,0,183,183)
w(727,2,0,184,184)
w(516,2,0,185,185)
w(119,1,0,186,186)
w(965,1,0,187,187)
r(124,0,0,188,188)
w(365,1,0,189,189)
w(161,1,0,190,190)
w(545,2,0,191,191)
w(417,1,0,192,192)
w(380,1,0,193,193)
w(765,1,0,194,194)
r(687,1,0,195,195)
w(635,1,0,196,196)
r(101,0,0,197,197)
r(653,0,0,198,198)
w(928,1,0,199,199)
w(455,1,1,0,0)
w(746,1,1,1,1)
w(347,1,1,2,2)
w(349,1,1,3,3)
w(266,1,1,4,4)
w(640,1,1,5,5)
w(961,2,1,6,6)
w(719,1,1,7,7)
r(943,0,1,8,8)
w(745,1,1,9,9)
w(350,1,1,10,10)
w(666,1,1,11,11)
w(173,1,1,12,12)
w(765,2,1,13,13)
w(1,1,1,14,14)
w(179,1,1,15,15)
w(405,2,1,16,16)
w(358,1,1,17,17)
w(67,1,1,18,18)
w(513,1,1,19,19)
w(635,2,1,20,20)
w(849,1,1,21,21)
w(700,1,1,22,22)
w(691,1,1,23,23)
w(154,1,1,24,24)
w(350,2,1,25,25)
w(836,2,1,26,26)
w(308,1,1,27,27)
w(318,1,1,28,28)
w(596,1,1,29,29)
w(705,1,1,30,30)
w(90,2,1,31,31)
w(435,1,1,32,32)
w(575,1,1,33,33)
w(504,1,1,34,34)
w(741,2,1,35,35)
w(938,1,1,36,36)
w(884,2,1,37,37)
w(547,1,1,38,38)
w(551,1,1,39,39)
w(777,1,1,40,40)
w(872,1,1,41,41)
w(477,1,1,42,42)
r(215,0,1,43,43)
w(676,2,1,44,44)
w(775,1,1,45,45)
w(34,1,1,46,46)
w(827,1,1,47,47)
w(263,1,1,48,48)
w(214,1,1,49,49)
w(329,1,1,50,50)
w(904,2,1,51,51)
r(886,0,1,52,52)
r(826,0,1,53,53)
w(123,1,1,54,54)
w(479,1,1,55,55)
w(422,1,1,56,56)
w(806,2,1,57,57)
w(309,1,1,58,58)
w(274,1,1,59,59)
r(461,1,1,60,60)
w(411,2,1,61,61)
w(850,1,1,62,62)
w(975,1,1,63,63)
w(403,1,1,64,64)
w(668,1,1,65,65)
w(205,1,1,66,66)
w(793,1,1,67,67)
w(551,2,1,68,68)
w(632,1,1,69,69)
w(686,1,1,70,70)
w(940,1,1,71,71)
w(81,1,1,72,72)
r(192,0,1,73,73)
w(563,1,1,74,74)
w(568,1,1,75,75)
w(730,1,1,76,76)
w(939,1,1,77,77)
w(741,3,1,78,78)
w(115,1,1,79,79)
w(7,2,1,80,80)
w(677,1,1,81,81)
w(794,1,1,82,82)
w(187,1,1,83,83)
r(900,0,1,84,84)
w(477,2,1,85,85)
w(813,1,1,86,86)
w(706,1,1,87,87)
w(185,1,1,88,88)
w(654,1,1,89,89)
w(908,2,1,90,90)
w(332,1,1,91,91)
w(758,1,1,92,92)
w(70,1,1,93,93)
w(272,1,1,94,94)
w(186,1,1,95,95)
w(153,1,1,96,96)
w(185,2,1,97,97)
w(618,1,1,98,98)
w(98,2,1,99,99)
w(274,2,1,100,100)
w(214,2,1,101,101)
w(119,2,1,102,102)
w(728,1,1,103,103)
w(636,1,1,104,104)
r(180,0,1,105,105)
w(966,2,1,106,106)
w(978,2,1,107,107)
w(345,1,1,108,108)
w(517,2,1,109,109)
w(361,1,1,110,110)
r(464,0,1,111,111)
w(863,2,1,112,112)
w(201,1,1,113,113)
w(76,1,1,114,114)
w(442,1,1,115,115)
r(113,0,1,116,116)
w(858,1,1,117,117)
w(371,1,1,118,118)
r(485,0,1,119,119)
w(302,1,1,120,120)
w(933,1,1,121,121)
w(757,1,1,122,122)
w(687,2,1,123,123)
w(638,2,1,124,124)
w(733,2,1,125,125)
w(216,1,1,126,126)
w(980,1,1,127,127)
w(336,1,1,128,128)
w(675,1,1,129,129)
w(839,1,1,130,130)
w(655,2,1,131,131)
w(588,2,1,132,132)
w(286,2,1,133,133)
w(158,1,1,134,134)
w(286,3,1,135,135)
w(939,2,1,136,136)
w(472,1,1,137,137)
w(835,1,1,138,138)
w(358,2,1,139,139)
w(857,1,1,140,140)
w(778,1,1,141,141)
w(64,1,1,142,142)
w(882,1,1,143,143)
w(319,1,1,144,144)
w(451,1,1,145,145)
w(231,1,1,146,146)
w(302,2,1,147,147)
w(536,1,1,148,148)
r(510,0,1,149,149)
w(868,1,1,150,150)
r(133,0,1,151,151)
r(28,0,1,152,152)
w(709,1,1,153,153)
w(452,2,1,154,154)
w(577,1,1,155,155)
w(203,1,1,156,156)
r(177,0,1,157,157)
w(399,1,1,158,158)
w(376,1,1,159,159)
w(487,1,1,160,160)
w(475,1,1,161,161)
w(567,1,1,162,162)
w(394,2,1,163,163)
w(226,1,1,164,164)
w(870,1,1,165,165)
w(403,2,1,166,166)
w(997,1,1,167,167)
r(329,1,1,168,168)
w(137,1,1,169,169)
w(582,1,1,170,170)
w(711,1,1,171,171)
w(461,2,1,172,172)
w(894,1,1,173,173)
w(458,1,1,174,174)
w(377,2,1,175,175)
w(178,1,1,176,176)
w(492,1,1,177,177)
w(964,2,1,178,178)
w(711,2,1,179,179)
w(179,2,1,180,180)
w(16,1,1,181,181)
w(862,1,1,182,182)
r(140,0,1,183,183)
w(509,2,1,184,184)
w(107,1,1,185,185)
w(642,1,1,186,186)
r(464,0,1,187,187)
w(487,2,1,188,188)
w(877,2,1,189,189)
w(427,1,1,190,190)
w(151,1,1,191,191)
w(332,2,1,192,192)
w(932,1,1,193,193)
w(947,1,1,194,194)
w(714,2,1,195,195)
w(638,3,1,196,196)
w(123,2,1,197,197)
r(918,0,1,198,198)
w(883,1,1,199,199)
w(887,1,2,0,0)
w(351,1,2,1,1)
w(933,2,2,2,2)
w(742,1,2,3,3)
w(46,2,2,4,4)
w(191,1,2,5,5)
r(33,0,2,6,6)
w(429,1,2,7,7)
w(368,1,2,8,8)
w(643,1,2,9,9)
w(853,1,2,10,10)
w(576,1,2,11,11)
w(513,2,2,12,12)
w(865,1,2,13,13)
w(665,1,2,14,14)
w(251,1,2,15,15)
w(971,1,2,16,16)
w(693,1,2,17,17)
w(245,2,2,18,18)
w(389,1,2,19,19)
w(315,1,2,20,20)
w(566,1,2,21,21)
w(529,1,2,22,22)
w(562,1,2,23,23)
r(482,0,2,24,24)
w(220,1,2,25,25)
w(409,1,2,26,26)
w(685,1,2,27,27)
w(897,1,2,28,28)
w(350,3,2,29,29)
w(453,1,2,30,30)
w(908,3,2,31,31)
w(579,1,2,32,32)
r(451,1,2,33,33)
w(32,1,2,34,34)
w(963,1,2,35,35)
w(197,2,2,36,36)
w(462,1,2,37,37)
w(606,1,2,38,38)
w(616,2,2,39,39)
r(724,0,2,40,40)
r(766,0,2,41,41)
w(961,3,2,42,42)
r(664,0,2,43,43)
w(387,1,2,44,44)
w(179,3,2,45,45)
w(673,1,2,46,46)
w(174,1,2,47,47)
w(84,1,2,48,48)
w(516,3,2,49,49)
w(380,2,2,50,50)
w(282,1,2,51,51)
w(738,2,2,52,52)
w(278,1,2,53,53)
w(413,1,2,54,54)
w(295,1,2,55,55)
w(150,1,2,56,56)
w(389,2,2,57,57)
w(824,1,2,58,58)
w(377,3,2,59,59)
w(447,1,2,60,60)
w(239,1,2,61,61)
w(748,2,2,62,62)
w(17,1,2,63,63)
w(266,2,2,64,64)
w(809,1,2,65,65)
w(193,1,2,66,66)
r(700,1,2,67,67)
w(830,1,2,68,68)
r(897,1,2,69,69)
w(448,1,2,70,70)
w(127,1,2,71,71)
w(587,1,2,72,72)
w(161,2,2,73,73)
w(113,1,2,74,74)
w(277,1,2,75,75)
w(240,1,2,76,76)
w(689,1,2,77,77)
w(201,2,2,78,78)
w(14,1,2,79,79)
w(170,1,2,80,80)
w(734,1,2,81,81)
w(85,1,2,82,82)
r(337,0,2,83,83)
w(207,1,2,84,84)
w(540,1,2,85,85)
w(723,1,2,86,86)
w(328,1,2,87,87)
w(960,1,2,88,88)
r(17,1,2,89,89)
w(907,1,2,90,90)
r(471,1,2,91,91)
w(224,1,2,92,92)
w(521,1,2,93,93)
w(84,2,2,94,94)
w(245,3,2,95,95)
w(663,1,2,96,96)
w(113,2,2,97,97)
r(922,0,2,98,98)
w(988,2,2,99,99)
w(249,1,2,100,100)
w(858,2,2,101,101)
w(793,2,2,102,102)
w(620,1,2,103,103)
w(26,1,2,104,104)
w(663,2,2,105,105)
w(749,1,2,106,106)
w(702,1,2,107,107)
w(872,2,2,108,108)
w(655,3,2,109,109)
w(740,1,2,110,110)
w(393,1,2,111,111)
r(794,1,2,112,112)
r(830,1,2,113,113)
w(305,1,2,114,114)
w(192,1,2,115,115)
w(759,1,2,116,116)
w(265,1,2,117,117)
w(553,1,2,118,118)
r(783,0,2,119,119)
w(706,2,2,120,120)
w(147,1,2,121,121)
w(659,1,2,122,122)
w(136,1,2,123,123)
w(987,2,2,124,124)
w(387,2,2,125,125)
w(349,2,2,126,126)
w(795,2,2,127,127)
w(842,1,2,128,128)
w(257,1,2,129,129)
w(348,3,2,130,130)
w(460,1,2,131,131)
w(263,2,2,132,132)
w(817,1,2,133,133)
w(321,2,2,134,134)
w(222,1,2,135,135)
r(508,0,2,136,136)
w(648,1,2,137,137)
r(358,2,2,138,138)
w(751,1,2,139,139)
w(548,1,2,140,140)
w(948,2,2,141,141)
w(350,4,2,142,142)
w(785,1,2,143,143)
r(572,0,2,144,144)
w(928,2,2,145,145)
r(153,1,2,146,146)
w(161,3,2,147,147)
w(347,2,2,148,148)
w(987,3,2,149,149)
w(930,1,2,150,150)
w(197,3,2,151,151)
w(820,1,2,152,152)
w(172,1,2,153,153)
w(262,1,2,154,154)
w(528,1,2,155,155)
w(961,4,2,156,156)
w(417,2,2,157,157)
w(205,2,2,158,158)
w(837,1,2,159,159)
w(271,2,2,160,160)
w(843,1,2,161,161)
w(403,3,2,162,162)
w(20,1,2,163,163)
w(298,2,2,164,164)
w(340,1,2,165,165)
r(722,0,2,166,166)
w(187,2,2,167,167)
w(723,2,2,168,168)
w(314,1,2,169,169)
w(362,1,2,170,170)
w(486,1,2,171,171)
w(236,1,2,172,172)
r(382,0,2,173,173)
w(378,1,2,174,174)
w(452,3,2,175,175)
w(288,1,2,176,176)
w(212,1,2,177,177)
w(806,3,2,178,178)
w(82,1,2,179,179)
w(129,1,2,180,180)
r(939,2,2,181,181)
w(418,1,2,182,182)
w(361,2,2,183,183)
w(945,1,2,184,184)
w(974,1,2,185,185)
w(519,1,2,186,186)
w(795,3,2,187,187)
w(34,2,2,188,188)
r(353,0,2,189,189)
w(16,2,2,190,190)
r(215,0,2,191,191)
r(105,0,2,192,192)
w(864,1,2,193,193)
r(167,0,2,194,194)
w(921,1,2,195,195)
w(246,2,2,196,196)
w(240,2,2,197,197)
w(985,2,2,198,198)
w(193,2,2,199,199)
w(287,1,3,0,0)
w(508,1,3,1,1)
r(904,2,3,2,2)
w(522,1,3,3,3)
w(439,1,3,4,4)
r(90,2,3,5,5)
w(15,1,3,6,6)
w(788,1,3,7,7)
w(401,1,3,8,8)
w(771,1,3,9,9)
w(886,1,3,10,10)
w(967,1,3,11,11)
w(510,1,3,12,12)
w(992,1,3,13,13)
w(41,2,3,14,14)
w(917,1,3,15,15)
w(302,3,3,16,16)
r(915,0,3,17,17)
w(802,1,3,18,18)
w(559,1,3,19,19)
w(85,2,3,20,20)
w(669,1,3,21,21)
w(846,1,3,22,22)
w(887,2,3,23,23)
w(167,1,3,24,24)
w(230,1,3,25,25)
w(871,1,3,26,26)
w(832,1,3,27,27)
w(872,3,3,28,28)
w(317,1,3,29,29)
w(818,1,3,30,30)
w(391,1,3,31,31)
w(218,1,3,32,32)
w(225,1,3,33,33)
w(670,1,3,34,34)
r(386,0,3,35,35)
w(87,1,3,36,36)
w(412,2,3,37,37)
w(750,1,3,38,38)
w(725,1,3,39,39)
w(486,2,3,40,40)
w(99,1,3,41,41)
w(282,2,3,42,42)
w(395,1,3,43,43)
w(873,1,3,44,44)
w(428,1,3,45,45)
r(875,1,3,46,46)
r(196,0,3,47,47)
w(211,1,3,48,48)
r(158,1,3,49,49)
r(302,3,3,50,50)
w(943,1,3,51,51)
w(717,2,3,52,52)
w(93,1,3,53,53)
w(550,1,3,54,54)
w(647,2,3,55,55)
r(476,0,3,56,56)
w(899,1,3,57,57)
w(342,1,3,58,58)
w(90,3,3,59,59)
w(987,4,3,60,60)
r(859,0,3,61,61)
w(724,1,3,62,62)
w(123,3,3,63,63)
w(408,1,3,64,64)
w(741,4,3,65,65)
w(805,3,3,66,66)
w(73,1,3,67,67)
w(552,1,3,68,68)
w(431,2,3,69,69)
w(679,1,3,70,70)
w(35,1,3,71,71)
w(927,3,3,72,72)
w(618,2,3,73,73)
w(332,3,3,74,74)
w(35,2,3,75,75)
w(157,1,3,76,76)
w(733,3,3,77,77)
w(561,2,3,78,78)
w(427,2,3,79,79)
w(959,1,3,80,80)
w(853,2,3,81,81)
w(125,1,3,82,82)
r(677,1,3,83,83)
w(819,1,3,84,84)
w(27,1,3,85,85)
w(54,1,3,86,86)
w(461,3,3,87,87)
w(678,1,3,88,88)
w(211,2,3,89,89)
w(973,1,3,90,90)
w(896,1,3,91,91)
w(839,2,3,92,92)
w(11,2,3,93,93)
w(152,1,3,94,94)
w(258,1,3,95,95)
w(924,3,3,96,96)
w(97,1,3,97,97)
w(674,1,3,98,98)
w(532,1,3,99,99)
w(448,2,3,100,100)
w(727,3,3,101,101)
w(314,2,3,102,102)
w(193,3,3,103,103)
w(380,3,3,104,104)
w(177,1,3,105,105)
w(226,2,3,106,106)
w(48,1,3,107,107)
w(72,3,3,108,108)
w(921,2,3,109,109)
r(120,0,3,110,110)
w(93,2,3,111,111)
w(88,2,3,112,112)
w(7,3,3,113,113)
w(187,3,3,114,114)
w(522,2,3,115,115)
w(823,2,3,116,116)
r(709,1,3,117,117)
w(718,1,3,118,118)
w(892,1,3,119,119)
w(137,2,3,120,120)
w(92,1,3,121,121)
r(374,0,3,122,122)
r(488,0,3,123,123)
w(48,2,3,124,124)
w(136,2,3,125,125)
w(249,2,3,126,126)
w(977,1,3,127,127)
w(887,3,3,128,128)
w(415,2,3,129,129)
w(692,1,3,130,130)
w(435,2,3,131,131)
w(460,2,3,132,132)
w(551,3,3,133,133)
w(466,2,3,134,134)
w(793,3,3,135,135)
w(457,1,3,136,136)
w(515,1,3,137,137)
w(649,1,3,138,138)
w(676,3,3,139,139)
r(999,0,3,140,140)
r(854,0,3,141,141)
w(425,1,3,142,142)
w(860,1,3,143,143)
r(835,1,3,144,144)
w(926,1,3,145,145)
r(578,0,3,146,146)
w(181,1,3,147,147)
w(977,2,3,148,148)
w(457,2,3,149,149)
w(544,1,3,150,150)
w(975,2,3,151,151)
w(130,1,3,152,152)
r(416,0,3,153,153)
w(364,2,3,154,154)
w(786,1,3,155,155)
w(462,2,3,156,156)
r(872,3,3,157,157)
w(982,1,3,158,158)
w(848,2,3,159,159)
w(690,1,3,160,160)
w(61,1,3,161,161)
w(932,2,3,162,162)
w(970,1,3,163,163)
w(985,3,3,164,164)
w(1,2,3,165,165)
w(694,2,3,166,166)
w(673,2,3,167,167)
w(517,3,3,168,168)
r(80,0,3,169,169)
w(14,2,3,170,170)
w(140,1,3,171,171)
w(916,1,3,172,172)
w(538,1,3,173,173)
w(815,1,3,174,174)
r(215,0,3,175,175)
w(499,1,3,176,176)
w(629,1,3,177,177)
w(61,2,3,178,178)
r(707,0,3,179,179)
w(460,3,3,180,180)
w(844,2,3,181,181)
w(656,2,3,182,182)
r(285,1,3,183,183)
w(537,1,3,184,184)
w(544,2,3,185,185)
w(10,1,3,186,186)
w(604,1,3,187,187)
w(377,4,3,188,188)
w(413,2,3,189,189)
w(783,1,3,190,190)
w(343,1,3,191,191)
w(426,1,3,192,192)
w(80,1,3,193,193)
w(248,1,3,194,194)
w(169,1,3,195,195)
w(823,3,3,196,196)
w(75,1,3,197,197)
w(772,1,3,198,198)
w(991,1,3,199,199)
w(947,2,4,0,0)
w(991,2,4,1,1)
w(477,3,4,2,2)
w(598,1,4,3,3)
w(830,2,4,4,4)
w(95,1,4,5,5)
w(476,1,4,6,6)
w(331,1,4,7,7)
w(749,2,4,8,8)
w(852,1,4,9,9)
w(896,2,4,10,10)
w(349,3,4,11,11)
w(528,2,4,12,12)
w(125,2,4,13,13)
w(380,4,4,14,14)
r(934,0,4,15,15)
w(534,2,4,16,16)
w(240,3,4,17,17)
w(370,1,4,18,18)
w(687,3,4,19,19)
w(312,1,4,20,20)
w(383,2,4,21,21)
w(80,2,4,22,22)
w(201,3,4,23,23)
w(654,2,4,24,24)
w(817,2,4,25,25)
w(979,1,4,26,26)
w(916,2,4,27,27)
w(802,2,4,28,28)
w(867,1,4,29,29)
w(304,1,4,30,30)
w(399,2,4,31,31)
w(487,3,4,32,32)
w(225,2,4,33,33)
w(772,2,4,34,34)
w(232,1,4,35,35)
w(276,1,4,36,36)
w(702,2,4,37,37)
w(529,2,4,38,38)
w(601,1,4,39,39)
w(869,1,4,40,40)
w(166,1,4,41,41)
w(123,4,4,42,42)
w(94,1,4,43,43)
w(493,1,4,44,44)
w(751,2,4,45,45)
w(156,1,4,46,46)
w(260,1,4,47,47)
w(764,1,4,48,48)
w(864,2,4,49,49)
w(615,1,4,50,50)
r(168,0,4,51,51)
w(931,1,4,52,52)
w(908,4,4,53,53)
w(774,2,4,54,54)
w(461,4,4,55,55)
w(302,4,4,56,56)
w(179,4,4,57,57)
w(32,2,4,58,58)
w(61,3,4,59,59)
w(485,1,4,60,60)
w(57,1,4,61,61)
w(189,1,4,62,62)
w(685,2,4,63,63)
w(214,3,4,64,64)
w(58,1,4,65,65)
w(891,1,4,66,66)
w(404,1,4,67,67)
w(817,3,4,68,68)
w(195,1,4,69,69)
w(266,3,4,70,70)
w(958,1,4,71,71)
w(547,2,4,72,72)
w(684,1,4,73,73)
w(419,1,4,74,74)
w(377,5,4,75,75)
w(563,2,4,76,76)
w(852,2,4,77,77)
w(442,2,4,78,78)
w(647,3,4,79,79)
w(978,3,4,80,80)
w(393,2,4,81,81)
w(761,1,4,82,82)
w(541,1,4,83,83)
w(440,1,4,84,84)
w(285,2,4,85,85)
w(844,3,4,86,86)
w(434,1,4,87,87)
w(339,1,4,88,88)
w(454,1,4,89,89)
w(270,1,4,90,90)
w(769,1,4,91,91)
w(290,1,4,92,92)
w(354,1,4,93,93)
w(645,2,4,94,94)
w(405,3,4,95,95)
w(809,2,4,96,96)
r(458,1,4,97,97)
w(14,3,4,98,98)
w(589,2,4,99,99)
w(923,1,4,100,100)
r(80,2,4,101,101)
w(492,2,4,102,102)
w(693,2,4,103,103)
w(191,2,4,104,104)
w(620,2,4,105,105)
w(431,3,4,106,106)
w(459,1,4,107,107)
w(986,1,4,108,108)
w(143,1,4,109,109)
w(688,1,4,110,110)
w(563,3,4,111,111)
w(630,1,4,112,112)
w(507,1,4,113,113)
w(829,1,4,114,114)
w(264,1,4,115,115)
w(798,1,4,116,116)
w(938,2,4,117,117)
r(738,2,4,118,118)
w(359,1,4,119,119)
w(461,5,4,120,120)
w(509,3,4,121,121)
w(259,1,4,122,122)
w(348,4,4,123,123)
w(334,1,4,124,124)
w(241,1,4,125,125)
w(355,1,4,126,126)
w(606,2,4,127,127)
r(310,0,4,128,128)
w(210,2,4,129,129)
w(618,3,4,130,130)
w(392,1,4,131,131)
w(879,2,4,132,132)
w(513,3,4,133,133)
w(716,1,4,134,134)
r(571,0,4,135,135)
w(765,3,4,136,136)
w(688,2,4,137,137)
w(913,1,4,138,138)
w(500,1,4,139,139)
w(281,1,4,140,140)
w(131,1,4,141,141)
w(997,2,4,142,142)
r(584,1,4,143,143)
r(531,0,4,144,144)
w(568,2,4,145,145)
w(839,3,4,146,146)
w(730,2,4,147,147)
w(973,2,4,148,148)
w(190,1,4,149,149)
w(625,1,4,150,150)
w(573,1,4,151,151)
w(273,1,4,152,152)
w(904,3,4,153,153)
w(717,3,4,154,154)
w(88,3,4,155,155)
w(475,2,4,156,156)
w(889,1,4,157,157)
w(715,1,4,158,158)
w(442,3,4,159,159)
w(973,3,4,160,160)
w(141,1,4,161,161)
w(32,3,4,162,162)
r(802,2,4,163,163)
w(104,1,4,164,164)
w(504,2,4,165,165)
w(825,1,4,166,166)
w(955,1,4,167,167)
w(622,1,4,168,168)
w(35,3,4,169,169)
r(467,0,4,170,170)
w(786,2,4,171,171)
w(260,2,4,172,172)
w(534,3,4,173,173)
w(829,2,4,174,174)
w(26,2,4,175,175)
w(580,1,4,176,176)
w(490,1,4,177,177)
w(881,1,4,178,178)
r(252,0,4,179,179)
w(276,2,4,180,180)
w(168,1,4,181,181)
w(268,1,4,182,182)
w(463,1,4,183,183)
w(147,2,4,184,184)
w(341,1,4,185,185)
w(891,2,4,186,186)
w(621,1,4,187,187)
w(300,1,4,188,188)
w(813,2,4,189,189)
w(933,3,4,190,190)
w(551,4,4,191,191)
w(455,2,4,192,192)
w(217,1,4,193,193)
w(902,1,4,194,194)
w(829,3,4,195,195)
w(925,1,4,196,196)
w(49,1,4,197,197)
w(827,2,4,198,198)
r(531,0,4,199,199)
r(430,0,5,0,0)
w(845,1,5,1,1)
w(786,3,5,2,2)
w(601,2,5,3,3)
w(218,2,5,4,4)
w(278,2,5,5,5)
w(698,1,5,6,6)
w(217,2,5,7,7)
r(476,1,5,8,8)
w(240,4,5,9,9)
w(853,3,5,10,10)
w(636,2,5,11,11)
w(378,2,5,12,12)
w(980,2,5,13,13)
w(453,2,5,14,14)
w(181,2,5,15,15)
w(403,4,5,16,16)
w(584,2,5,17,17)
w(81,2,5,18,18)
w(869,2,5,19,19)
w(288,2,5,20,20)
w(958,2,5,21,21)
w(533,2,5,22,22)
w(965,2,5,23,23)
r(816,0,5,24,24)
w(27,2,5,25,25)
w(472,2,5,26,26)
w(153,2,5,27,27)
w(314,3,5,28,28)
w(938,3,5,29,29)
r(623,0,5,30,30)
w(776,1,5,31,31)
w(340,2,5,32,32)
r(902,1,5,33,33)
w(119,3,5,34,34)
w(720,1,5,35,35)
w(214,4,5,36,36)
w(674,2,5,37,37)
r(3,0,5,38,38)
w(74,1,5,39,39)
w(104,2,5,40,40)
w(380,5,5,41,41)
r(844,3,5,42,42)
w(954,1,5,43,43)
w(71,1,5,44,44)
w(398,1,5,45,45)
r(64,1,5,46,46)
w(558,1,5,47,47)
w(29,2,5,48,48)
w(801,1,5,49,49)
r(721,0,5,50,50)
w(972,2,5,51,51)
r(590,0,5,52,52)
w(169,2,5,53,53)
w(938,4,5,54,54)
w(433,1,5,55,55)
w(996,2,5,56,56)
w(72,4,5,57,57)
w(597,1,5,58,58)
w(13,1,5,59,59)
w(402,1,5,60,60)
w(433,2,5,61,61)
r(13,1,5,62,62)
w(99,2,5,63,63)
w(349,4,5,64,64)
w(936,1,5,65,65)
w(45,1,5,66,66)
w(606,3,5,67,67)
w(503,1,5,68,68)
w(647,4,5,69,69)
w(776,2,5,70,70)
w(331,2,5,71,71)
w(618,4,5,72,72)
w(388,1,5,73,73)
w(367,1,5,74,74)
w(730,3,5,75,75)
w(874,1,5,76,76)
r(303,0,5,77,77)
w(279,1,5,78,78)
w(311,2,5,79,79)
w(113,3,5,80,80)
w(772,3,5,81,81)
w(276,3,5,82,82)
w(357,1,5,83,83)
w(643,2,5,84,84)
w(162,1,5,85,85)
w(178,2,5,86,86)
w(40,2,5,87,87)
w(724,2,5,88,88)
w(293,1,5,89,89)
w(195,2,5,90,90)
w(428,2,5,91,91)
w(564,1,5,92,92)
w(1,3,5,93,93)
w(228,2,5,94,94)
w(405,4,5,95,95)
w(747,1,5,96,96)
w(986,2,5,97,97)
w(286,4,5,98,98)
w(932,3,5,99,99)
w(179,5,5,100,100)
w(3,1,5,101,101)
w(683,1,5,102,102)
w(927,4,5,103,103)
w(979,2,5,104,104)
w(485,2,5,105,105)
w(603,1,5,106,106)
w(698,2,5,107,107)
w(964,3,5,108,108)
w(499,2,5,109,109)
w(291,1,5,110,110)
w(992,2,5,111,111)
r(108,0,5,112,112)
w(523,1,5,113,113)
w(282,3,5,114,114)
w(472,3,5,115,115)
w(434,2,5,116,116)
r(173,1,5,117,117)
w(545,3,5,118,118)
w(42,1,5,119,119)
w(248,2,5,120,120)
w(738,3,5,121,121)
w(844,4,5,122,122)
w(682,2,5,123,123)
w(32,4,5,124,124)
w(848,3,5,125,125)
w(794,2,5,126,126)
w(873,2,5,127,127)
w(307,1,5,128,128)
w(261,2,5,129,129)
w(470,1,5,130,130)
w(873,3,5,131,131)
r(711,2,5,132,132)
r(230,1,5,133,133)
r(47,0,5,134,134)
w(674,3,5,135,135)
r(808,0,5,136,136)
w(654,3,5,137,137)
w(51,1,5,138,138)
w(228,3,5,139,139)
w(868,2,5,140,140)
w(340,3,5,141,141)
r(68,0,5,142,142)
w(540,2,5,143,143)
r(309,1,5,144,144)
w(797,1,5,145,145)
w(510,2,5,146,146)
r(534,3,5,147,147)
w(519,2,5,148,148)
r(247,0,5,149,149)
r(120,0,5,150,150)
w(537,2,5,151,151)
w(620,3,5,152,152)
w(253,1,5,153,153)
w(762,1,5,154,154)
w(92,2,5,155,155)
w(979,3,5,156,156)
w(479,2,5,157,157)
w(504,3,5,158,158)
w(45,2,5,159,159)
w(964,4,5,160,160)
w(963,2,5,161,161)
w(878,1,5,162,162)
w(686,2,5,163,163)
r(121,0,5,164,164)
w(736,1,5,165,165)
w(969,1,5,166,166)
w(421,1,5,167,167)
w(988,3,5,168,168)
w(145,1,5,169,169)
w(591,2,5,170,170)
w(356,1,5,171,171)
w(896,3,5,172,172)
w(738,4,5,173,173)
w(236,2,5,174,174)
w(70,2,5,175,175)
w(277,2,5,176,176)
w(676,4,5,177,177)
w(42,2,5,178,178)
w(403,5,5,179,179)
w(951,1,5,180,180)
w(487,4,5,181,181)
w(985,4,5,182,182)
w(155,1,5,183,183)
w(704,1,5,184,184)
w(408,2,5,185,185)
w(163,1,5,186,186)
r(518,0,5,187,187)
w(636,3,5,188,188)
w(402,2,5,189,189)
w(796,1,5,190,190)
w(563,4,5,191,191)
w(671,1,5,192,192)
w(441,1,5,193,193)
w(326,1,5,194,194)
w(89,2,5,195,195)
w(43,1,5,196,196)
w(142,1,5,197,197)
w(834,1,5,198,198)
w(149,1,5,199,199)
w(40,3,6,0,0)
w(324,3,6,1,1)
w(198,1,6,2,2)
w(555,1,6,3,3)
w(895,2,6,4,4)
w(397,1,6,5,5)
w(729,2,6,6,6)
w(148,1,6,7,7)
w(801,2,6,8,8)
r(57,1,6,9,9)
w(48,3,6,10,10)
w(962,1,6,11,11)
w(483,1,6,12,12)
r(716,1,6,13,13)
w(70,3,6,14,14)
w(889,2,6,15,15)
w(349,5,6,16,16)
w(50,1,6,17,17)
r(634,0,6,18,18)
w(962,2,6,19,19)
w(679,2,6,20,20)
w(38,1,6,21,21)
w(593,2,6,22,22)
w(7,4,6,23,23)
w(700,2,6,24,24)
w(925,2,6,25,25)
w(832,2,6,26,26)
w(841,1,6,27,27)
w(719,2,6,28,28)
w(601,3,6,29,29)
w(547,3,6,30,30)
w(290,2,6,31,31)
r(185,2,6,32,32)
w(523,2,6,33,33)
w(731,1,6,34,34)
w(495,2,6,35,35)
w(296,1,6,36,36)
w(697,1,6,37,37)
w(701,1,6,38,38)
r(193,3,6,39,39)
w(477,4,6,40,40)
w(913,2,6,41,41)
w(793,4,6,42,42)
w(279,2,6,43,43)
w(0,1,6,44,44)
w(445,1,6,45,45)
w(537,3,6,46,46)
w(211,3,6,47,47)
w(630,2,6,48,48)
w(857,2,6,49,49)
w(765,4,6,50,50)
w(443,2,6,51,51)
w(343,2,6,52,52)
w(279,3,6,53,53)
w(371,2,6,54,54)
r(166,1,6,55,55)
w(773,1,6,56,56)
r(339,1,6,57,57)
w(648,2,6,58,58)
w(382,1,6,59,59)
w(466,3,6,60,60)
w(612,1,6,61,61)
w(840,1,6,62,62)
w(588,3,6,63,63)
w(701,2,6,64,64)
w(409,2,6,65,65)
w(138,1,6,66,66)
r(134,1,6,67,67)
w(720,2,6,68,68)
w(558,2,6,69,69)
w(612,2,6,70,70)
w(487,5,6,71,71)
r(883,1,6,72,72)
w(660,1,6,73,73)
w(919,1,6,74,74)
w(27,3,6,75,75)
w(348,5,6,76,76)
w(337,1,6,77,77)
w(862,2,6,78,78)
w(545,4,6,79,79)
w(62,1,6,80,80)
w(666,2,6,81,81)
w(162,2,6,82,82)
w(879,3,6,83,83)
r(421,1,6,84,84)
w(369,1,6,85,85)
w(988,4,6,86,86)
w(455,3,6,87,87)
r(755,0,6,88,88)
w(395,2,6,89,89)
w(954,2,6,90,90)
r(698,2,6,91,91)
w(539,1,6,92,92)
w(780,1,6,93,93)
w(229,2,6,94,94)
w(339,2,6,95,95)
w(589,3,6,96,96)
w(550,2,6,97,97)
w(545,5,6,98,98)
r(417,2,6,99,99)
w(440,2,6,100,100)
w(535,1,6,101,101)
r(906,0,6,102,102)
w(556,1,6,103,103)
w(872,4,6,104,104)
w(113,4,6,105,105)
w(100,2,6,106,106)
w(465,1,6,107,107)
w(5,2,6,108,108)
w(297,1,6,109,109)
r(653,0,6,110,110)
w(492,3,6,111,111)
w(875,2,6,112,112)
w(597,2,6,113,113)
w(990,1,6,114,114)
w(310,1,6,115,115)
w(740,2,6,116,116)
w(85,3,6,117,117)
r(885,0,6,118,118)
r(917,1,6,119,119)
w(376,2,6,120,120)
w(65,1,6,121,121)
w(962,3,6,122,122)
w(463,2,6,123,123)
w(181,3,6,124,124)
w(437,1,6,125,125)
w(525,1,6,126,126)
w(197,4,6,127,127)
w(272,2,6,128,128)
r(848,3,6,129,129)
w(177,2,6,130,130)
r(560,0,6,131,131)
w(826,1,6,132,132)
w(786,4,6,133,133)
w(606,4,6,134,134)
w(888,3,6,135,135)
w(116,1,6,136,136)
w(827,3,6,137,137)
r(653,0,6,138,138)
w(512,2,6,139,139)
w(917,2,6,140,140)
w(546,1,6,141,141)
w(672,2,6,142,142)
w(353,1,6,143,143)
w(821,1,6,144,144)
w(124,1,6,145,145)
w(571,1,6,146,146)
w(348,6,6,147,147)
w(378,3,6,148,148)
w(354,2,6,149,149)
w(353,2,6,150,150)
w(311,3,6,151,151)
w(484,1,6,152,152)
w(654,4,6,153,153)
w(242,1,6,154,154)
w(539,2,6,155,155)
w(507,2,6,156,156)
w(233,1,6,157,157)
w(336,2,6,158,158)
w(318,2,6,159,159)
w(197,5,6,160,160)
w(610,1,6,161,161)
w(19,1,6,162,162)
w(227,1,6,163,163)
w(448,3,6,164,164)
w(967,2,6,165,165)
w(895,3,6,166,166)
w(418,2,6,167,167)
w(548,2,6,168,168)
w(687,4,6,169,169)
w(492,4,6,170,170)
w(210,3,6,171,171)
w(415,3,6,172,172)
w(489,1,6,173,173)
r(935,0,6,174,174)
r(356,1,6,175,175)
w(669,2,6,176,176)
r(266,3,6,177,177)
w(946,1,6,178,178)
w(275,1,6,179,179)
w(405,5,6,180,180)
r(997,2,6,181,181)
w(748,3,6,182,182)
r(690,1,6,183,183)
w(530,1,6,184,184)
w(229,3,6,185,185)
r(793,4,6,186,186)
w(129,2,6,187,187)
w(70,4,6,188,188)
w(423,1,6,189,189)
w(329,2,6,190,190)
w(910,1,6,191,191)
r(454,1,6,192,192)
r(318,2,6,193,193)
w(67,2,6,194,194)
w(555,2,6,195,195)
w(187,4,6,196,196)
w(22,1,6,197,197)
w(524,1,6,198,198)
w(396,2,6,199,199)
w(440,3,7,0,0)
w(0,2,7,1,1)
r(623,0,7,2,2)
w(271,3,7,3,3)
w(215,1,7,4,4)
w(947,3,7,5,5)
w(683,2,7,6,6)
w(782,2,7,7,7)
w(435,3,7,8,8)
w(808,1,7,9,9)
w(528,3,7,10,10)
w(155,2,7,11,11)
w(468,1,7,12,12)
w(601,4,7,13,13)
w(609,1,7,14,14)
w(653,1,7,15,15)
w(857,3,7,16,16)
w(223,1,7,17,17)
w(567,2,7,18,18)
w(721,1,7,19,19)
w(734,2,7,20,20)
w(231,2,7,21,21)
w(903,1,7,22,22)
w(829,4,7,23,23)
w(561,3,7,24,24)
r(194,0,7,25,25)
w(859,1,7,26,26)
w(225,3,7,27,27)
w(898,1,7,28,28)
w(897,2,7,29,29)
w(900,1,7,30,30)
w(582,2,7,31,31)
w(53,1,7,32,32)
w(18,1,7,33,33)
r(703,0,7,34,34)
w(714,3,7,35,35)
w(954,3,7,36,36)
w(902,2,7,37,37)
w(415,4,7,38,38)
w(990,2,7,39,39)
w(942,1,7,40,40)
w(469,1,7,41,41)
w(594,1,7,42,42)
w(774,3,7,43,43)
w(972,3,7,44,44)
w(934,1,7,45,45)
w(292,1,7,46,46)
r(192,1,7,47,47)
r(706,2,7,48,48)
w(996,3,7,49,49)
w(217,3,7,50,50)
w(69,1,7,51,51)
w(118,1,7,52,52)
w(717,4,7,53,53)
w(58,2,7,54,54)
r(146,1,7,55,55)
w(43,2,7,56,56)
w(939,3,7,57,57)
w(314,4,7,58,58)
w(115,2,7,59,59)
w(977,3,7,60,60)
w(524,2,7,61,61)
r(954,3,7,62,62)
r(84,2,7,63,63)
r(736,1,7,64,64)
w(874,2,7,65,65)
w(569,2,7,66,66)
w(890,1,7,67,67)
w(964,5,7,68,68)
w(537,4,7,69,69)
w(317,2,7,70,70)
r(941,0,7,71,71)
r(717,4,7,72,72)
w(437,2,7,73,73)
w(96,2,7,74,74)
w(748,4,7,75,75)
w(242,2,7,76,76)
w(344,1,7,77,77)
w(40,4,7,78,78)
w(527,1,7,79,79)
r(9,1,7,80,80)
r(527,1,7,81,81)
w(316,1,7,82,82)
w(292,2,7,83,83)
r(281,1,7,84,84)
w(893,1,7,85,85)
w(768,1,7,86,86)
w(586,1,7,87,87)
w(178,3,7,88,88)
w(183,1,7,89,89)
w(469,2,7,90,90)
w(354,3,7,91,91)
w(620,4,7,92,92)
w(776,3,7,93,93)
w(50,2,7,94,94)
w(273,2,7,95,95)
w(638,4,7,96,96)
w(557,1,7,97,97)
r(7,4,7,98,98)
w(147,3,7,99,99)
w(173,2,7,100,100)
r(931,1,7,101,101)
w(87,2,7,102,102)
w(493,2,7,103,103)
r(247,0,7,104,104)
w(1,4,7,105,105)
w(132,1,7,106,106)
w(261,3,7,107,107)
w(921,3,7,108,108)
w(120,1,7,109,109)
w(969,2,7,110,110)
w(719,3,7,111,111)
w(129,3,7,112,112)
w(629,2,7,113,113)
w(488,1,7,114,114)
w(435,4,7,115,115)
w(940,2,7,116,116)
w(840,2,7,117,117)
w(910,2,7,118,118)
w(30,1,7,119,119)
w(547,4,7,120,120)
w(407,1,7,121,121)
w(305,2,7,122,122)
w(479,3,7,123,123)
w(737,1,7,124,124)
w(481,1,7,125,125)
r(91,0,7,126,126)
w(662,1,7,127,127)
w(286,5,7,128,128)
w(140,2,7,129,129)
w(513,4,7,130,130)
w(447,2,7,131,131)
w(244,1,7,132,132)
w(160,1,7,133,133)
w(774,4,7,134,134)
w(148,2,7,135,135)
w(389,3,7,136,136)
w(810,1,7,137,137)
r(487,5,7,138,138)
w(21,1,7,139,139)
w(974,2,7,140,140)
w(300,2,7,141,141)
w(277,3,7,142,142)
w(948,3,7,143,143)
w(825,2,7,144,144)
w(888,4,7,145,145)
w(828,1,7,146,146)
w(974,3,7,147,147)
r(356,1,7,148,148)
w(295,2,7,149,149)
w(953,1,7,150,150)
w(801,3,7,151,151)
w(133,1,7,152,152)
w(117,1,7,153,153)
w(673,3,7,154,154)
w(856,1,7,155,155)
w(679,3,7,156,156)
w(714,4,7,157,157)
w(607,1,7,158,158)
w(627,1,7,159,159)
w(411,3,7,160,160)
w(579,2,7,161,161)
w(94,2,7,162,162)
w(312,2,7,163,163)
w(718,2,7,164,164)
w(85,4,7,165,165)
w(268,2,7,166,166)
w(198,2,7,167,167)
w(273,3,7,168,168)
w(286,6,7,169,169)
w(682,3,7,170,170)
w(410,2,7,171,171)
w(157,2,7,172,172)
w(521,2,7,173,173)
w(179,6,7,174,174)
w(116,2,7,175,175)
w(887,4,7,176,176)
w(137,3,7,177,177)
w(738,5,7,178,178)
w(369,2,7,179,179)
w(747,2,7,180,180)
w(293,2,7,181,181)
w(770,1,7,182,182)
w(445,2,7,183,183)
w(35,4,7,184,184)
w(845,2,7,185,185)
w(115,3,7,186,186)
w(119,4,7,187,187)
w(440,4,7,188,188)
w(122,2,7,189,189)
w(605,1,7,190,190)
w(831,1,7,191,191)
w(1,5,7,192,192)
w(892,2,7,193,193)
r(853,3,7,194,194)
w(591,3,7,195,195)
w(217,4,7,196,196)
w(387,3,7,197,197)
w(18,2,7,198,198)
w(650,2,7,199,199)
w(707,1,8,0,0)
w(137,4,8,1,1)
w(936,2,8,2,2)
w(782,3,8,3,3)
r(86,0,8,4,4)
w(596,2,8,5,5)
w(988,5,8,6,6)
w(278,3,8,7,7)
w(742,2,8,8,8)
w(421,2,8,9,9)
w(857,4,8,10,10)
w(23,1,8,11,11)
w(186,2,8,12,12)
w(983,1,8,13,13)
w(288,3,8,14,14)
w(978,4,8,15,15)
w(717,5,8,16,16)
r(419,1,8,17,17)
w(255,1,8,18,18)
w(641,1,8,19,19)
w(647,5,8,20,20)
r(436,1,8,21,21)
w(832,3,8,22,22)
w(538,2,8,23,23)
w(117,2,8,24,24)
w(714,5,8,25,25)
w(771,2,8,26,26)
w(961,5,8,27,27)
w(977,4,8,28,28)
w(290,3,8,29,29)
w(355,2,8,30,30)
w(944,1,8,31,31)
w(21,2,8,32,32)
w(365,2,8,33,33)
w(249,3,8,34,34)
w(75,2,8,35,35)
w(369,3,8,36,36)
r(93,2,8,37,37)
w(212,2,8,38,38)
w(69,2,8,39,39)
w(669,3,8,40,40)
w(784,1,8,41,41)
w(502,1,8,42,42)
w(875,3,8,43,43)
w(257,2,8,44,44)
w(892,3,8,45,45)
w(757,2,8,46,46)
w(753,1,8,47,47)
w(412,3,8,48,48)
w(885,1,8,49,49)
w(765,5,8,50,50)
w(664,1,8,51,51)
w(41,3,8,52,52)
w(142,2,8,53,53)
w(349,6,8,54,54)
w(677,2,8,55,55)
w(254,1,8,56,56)
w(348,7,8,57,57)
w(517,4,8,58,58)
w(936,3,8,59,59)
w(826,2,8,60,60)
w(121,1,8,61,61)
w(687,5,8,62,62)
w(616,3,8,63,63)
w(356,2,8,64,64)
w(203,2,8,65,65)
w(347,3,8,66,66)
w(269,1,8,67,67)
w(567,3,8,68,68)
w(202,3,8,69,69)
w(253,2,8,70,70)
w(389,4,8,71,71)
r(548,2,8,72,72)
w(847,1,8,73,73)
r(292,2,8,74,74)
w(615,2,8,75,75)
w(880,1,8,76,76)
w(655,4,8,77,77)
w(916,3,8,78,78)
w(38,2,8,79,79)
w(262,2,8,80,80)
w(953,2,8,81,81)
w(455,4,8,82,82)
w(991,3,8,83,83)
w(922,1,8,84,84)
w(607,2,8,85,85)
w(376,3,8,86,86)
w(24,1,8,87,87)
w(721,2,8,88,88)
w(609,2,8,89,89)
w(619,1,8,90,90)
w(527,2,8,91,91)
w(998,2,8,92,92)
w(465,2,8,93,93)
w(723,3,8,94,94)
w(390,1,8,95,95)
w(505,1,8,96,96)
w(741,5,8,97,97)
w(119,5,8,98,98)
r(220,1,8,99,99)
w(651,1,8,100,100)
r(673,3,8,101,101)
w(402,3,8,102,102)
w(82,2,8,103,103)
w(884,3,8,104,104)
w(287,2,8,105,105)
w(116,3,8,106,106)
w(927,5,8,107,107)
w(477,5,8,108,108)
w(776,4,8,109,109)
w(358,3,8,110,110)
w(216,2,8,111,111)
w(297,2,8,112,112)
w(760,1,8,113,113)
w(761,2,8,114,114)
w(976,1,8,115,115)
w(305,3,8,116,116)
r(384,0,8,117,117)
w(206,1,8,118,118)
w(488,2,8,119,119)
w(403,6,8,120,120)
w(159,1,8,121,121)
w(611,1,8,122,122)
w(640,2,8,123,123)
w(314,5,8,124,124)
w(715,2,8,125,125)
w(695,1,8,126,126)
w(437,3,8,127,127)
w(670,2,8,128,128)
w(477,6,8,129,129)
w(519,3,8,130,130)
w(260,3,8,131,131)
w(144,1,8,132,132)
r(219,0,8,133,133)
w(777,2,8,134,134)
w(916,4,8,135,135)
w(263,3,8,136,136)
w(558,3,8,137,137)
r(431,3,8,138,138)
w(541,2,8,139,139)
w(75,3,8,140,140)
w(58,3,8,141,141)
w(434,3,8,142,142)
w(711,3,8,143,143)
w(266,4,8,144,144)
w(573,2,8,145,145)
w(0,3,8,146,146)
w(204,1,8,147,147)
w(489,2,8,148,148)
w(866,1,8,149,149)
w(246,3,8,150,150)
w(629,3,8,151,151)
w(357,2,8,152,152)
r(298,2,8,153,153)
r(871,1,8,154,154)
w(429,2,8,155,155)
w(256,1,8,156,156)
r(310,1,8,157,157)
w(191,3,8,158,158)
w(715,3,8,159,159)
r(685,2,8,160,160)
w(369,4,8,161,161)
w(600,1,8,162,162)
r(262,2,8,163,163)
w(421,3,8,164,164)
r(387,3,8,165,165)
w(47,1,8,166,166)
w(399,3,8,167,167)
w(524,3,8,168,168)
w(964,6,8,169,169)
w(934,2,8,170,170)
w(258,2,8,171,171)
w(182,2,8,172,172)
w(90,4,8,173,173)
w(772,4,8,174,174)
w(491,1,8,175,175)
w(378,4,8,176,176)
w(767,1,8,177,177)
w(794,3,8,178,178)
w(710,1,8,179,179)
w(239,2,8,180,180)
w(681,1,8,181,181)
w(413,3,8,182,182)
w(912,1,8,183,183)
w(409,3,8,184,184)
w(819,2,8,185,185)
w(332,4,8,186,186)
w(779,1,8,187,187)
w(839,4,8,188,188)
w(149,2,8,189,189)
w(487,6,8,190,190)
r(918,0,8,191,191)
w(922,2,8,192,192)
w(596,3,8,193,193)
w(229,4,8,194,194)
r(750,1,8,195,195)
w(98,3,8,196,196)
w(166,2,8,197,197)
w(126,1,8,198,198)
w(58,4,8,199,199)
w(932,4,9,0,0)
w(934,3,9,1,1)
w(677,3,9,2,2)
r(531,0,9,3,3)
w(956,1,9,4,4)
w(170,2,9,5,5)
w(703,1,9,6,6)
w(666,3,9,7,7)
w(596,4,9,8,8)
w(257,3,9,9,9)
w(994,2,9,10,10)
w(572,1,9,11,11)
r(587,1,9,12,12)
w(195,3,9,13,13)
r(105,0,9,14,14)
w(544,3,9,15,15)
w(554,1,9,16,16)
w(117,3,9,17,17)
w(932,5,9,18,18)
w(730,4,9,19,19)
w(995,1,9,20,20)
w(827,4,9,21,21)
w(971,2,9,22,22)
w(959,2,9,23,23)
w(719,4,9,24,24)
r(763,0,9,25,25)
w(4,2,9,26,26)
w(182,3,9,27,27)
w(600,2,9,28,28)
w(43,3,9,29,29)
w(401,2,9,30,30)
w(827,5,9,31,31)
w(935,1,9,32,32)
w(711,4,9,33,33)
r(293,2,9,34,34)
r(670,2,9,35,35)
w(989,1,9,36,36)
w(120,2,9,37,37)
r(576,1,9,38,38)
w(470,2,9,39,39)
w(824,2,9,40,40)
w(64,2,9,41,41)
w(547,5,9,42,42)
w(375,1,9,43,43)
w(651,2,9,44,44)
w(885,2,9,45,45)
w(712,1,9,46,46)
r(131,1,9,47,47)
w(921,4,9,48,48)
w(128,1,9,49,49)
w(293,3,9,50,50)
w(480,1,9,51,51)
r(33,0,9,52,52)
w(709,2,9,53,53)
w(208,1,9,54,54)
r(479,3,9,55,55)
w(450,1,9,56,56)
w(686,3,9,57,57)
w(46,3,9,58,58)
w(954,4,9,59,59)
w(674,4,9,60,60)
r(815,1,9,61,61)
w(651,3,9,62,62)
w(830,3,9,63,63)
r(170,2,9,64,64)
w(649,2,9,65,65)
w(362,2,9,66,66)
r(853,3,9,67,67)
w(115,4,9,68,68)
w(596,5,9,69,69)
w(769,2,9,70,70)
w(876,1,9,71,71)
w(264,2,9,72,72)
w(880,2,9,73,73)
w(769,3,9,74,74)
w(916,5,9,75,75)
w(288,4,9,76,76)
r(960,1,9,77,77)
w(508,2,9,78,78)
w(181,4,9,79,79)
w(138,2,9,80,80)
w(903,2,9,81,81)
r(1,5,9,82,82)
w(383,3,9,83,83)
w(640,3,9,84,84)
w(703,2,9,85,85)
w(145,2,9,86,86)
w(337,2,9,87,87)
w(836,3,9,88,88)
w(103,1,9,89,89)
w(832,4,9,90,90)
w(574,1,9,91,91)
w(214,5,9,92,92)
w(578,1,9,93,93)
w(781,2,9,94,94)
w(938,5,9,95,95)
w(149,3,9,96,96)
w(317,3,9,97,97)
w(468,2,9,98,98)
r(493,2,9,99,99)
w(435,5,9,100,100)
w(995,2,9,101,101)
w(642,2,9,102,102)
w(287,3,9,103,103)
w(463,3,9,104,104)
w(673,4,9,105,105)
w(864,3,9,106,106)
w(379,1,9,107,107)
w(326,2,9,108,108)
w(137,5,9,109,109)
w(523,3,9,110,110)
w(577,2,9,111,111)
w(273,4,9,112,112)
w(353,3,9,113,113)
w(868,3,9,114,114)
w(702,3,9,115,115)
w(676,5,9,116,116)
w(713,1,9,117,117)
w(139,1,9,118,118)
w(405,6,9,119,119)
w(568,3,9,120,120)
w(465,3,9,121,121)
w(34,3,9,122,122)
w(775,2,9,123,123)
w(938,6,9,124,124)
r(149,3,9,125,125)
w(289,1,9,126,126)
w(827,6,9,127,127)
w(114,1,9,128,128)
w(58,5,9,129,129)
r(102,0,9,130,130)
w(748,5,9,131,131)
w(298,3,9,132,132)
w(70,5,9,133,133)
r(544,3,9,134,134)
w(224,2,9,135,135)
w(981,1,9,136,136)
w(356,3,9,137,137)
w(28,1,9,138,138)
w(789,1,9,139,139)
w(937,2,9,140,140)
w(319,2,9,141,141)
w(942,2,9,142,142)
w(300,3,9,143,143)
w(800,1,9,144,144)
r(762,1,9,145,145)
w(190,2,9,146,146)
w(145,3,9,147,147)
w(633,2,9,148,148)
r(900,1,9,149,149)
w(677,4,9,150,150)
w(794,4,9,151,151)
w(709,3,9,152,152)
w(902,3,9,153,153)
w(373,1,9,154,154)
w(298,4,9,155,155)
w(832,5,9,156,156)
w(882,2,9,157,157)
w(321,3,9,158,158)
w(572,2,9,159,159)
w(742,3,9,160,160)
w(235,1,9,161,161)
w(714,6,9,162,162)
w(769,4,9,163,163)
w(121,2,9,164,164)
w(370,2,9,165,165)
w(608,1,9,166,166)
w(871,2,9,167,167)
w(645,3,9,168,168)
w(409,4,9,169,169)
w(347,4,9,170,170)
w(87,3,9,171,171)
w(680,1,9,172,172)
w(57,2,9,173,173)
r(214,5,9,174,174)
w(246,4,9,175,175)
w(737,2,9,176,176)
w(246,5,9,177,177)
w(698,3,9,178,178)
w(9,2,9,179,179)
w(189,2,9,180,180)
w(603,2,9,181,181)
w(702,4,9,182,182)
w(913,3,9,183,183)
w(355,3,9,184,184)
w(141,2,9,185,185)
w(148,3,9,186,186)
w(512,3,9,187,187)
w(254,2,9,188,188)
w(102,1,9,189,189)
w(124,2,9,190,190)
w(934,4,9,191,191)
r(956,1,9,192,192)
w(490,2,9,193,193)
w(497,1,9,194,194)
w(352,1,9,195,195)
w(809,3,9,196,196)
w(898,2,9,197,197)
w(391,2,9,198,198)
w(496,1,9,199,199)
