w(19,1,0,0,0)
w(78,1,0,1,1)
r(65,0,0,2,2)
w(46,1,0,3,3)
w(25,1,0,4,4)
w(3,1,0,5,5)
r(77,0,0,6,6)
w(28,1,0,7,7)
r(16,0,0,8,8)
r(15,0,0,9,9)
w(97,1,0,10,10)
r(69,0,0,11,11)
w(36,1,0,12,12)
r(77,0,0,13,13)
r(48,0,0,14,14)
w(38,1,0,15,15)
r(14,0,0,16,16)
w(13,1,0,17,17)
w(0,1,0,18,18)
w(53,1,0,19,19)
r(79,0,0,20,20)
r(69,0,0,21,21)
r(51,0,0,22,22)
w(31,1,0,23,23)
w(78,2,0,24,24)
r(71,0,0,25,25)
r(52,0,0,26,26)
r(84,0,0,27,27)
r(21,0,0,28,28)
r(39,0,0,29,29)
r(34,0,0,30,30)
r(80,0,0,31,31)
r(3,1,0,32,32)
w(93,1,0,33,33)
w(49,1,0,34,34)
r(54,0,0,35,35)
r(16,0,0,36,36)
r(22,0,0,37,37)
r(37,0,0,38,38)
w(31,2,0,39,39)
r(71,0,0,40,40)
w(44,1,0,41,41)
r(76,0,0,42,42)
r(45,0,0,43,43)
w(75,1,0,44,44)
w(47,1,0,45,45)
w(58,1,0,46,46)
w(63,1,0,47,47)
w(79,1,0,48,48)
r(28,1,0,49,49)
w(8,1,0,50,50)
r(1,0,0,51,51)
r(80,0,0,52,52)
r(93,1,0,53,53)
r(65,0,0,54,54)
r(49,1,0,55,55)
r(33,0,0,56,56)
w(81,1,0,57,57)
w(92,1,0,58,58)
w(69,1,0,59,59)
r(97,1,0,60,60)
r(42,0,0,61,61)
w(45,1,0,62,62)
w(97,2,0,63,63)
w(39,1,0,64,64)
w(63,2,0,65,65)
r(4,0,0,66,66)
r(60,0,0,67,67)
w(51,1,0,68,68)
r(15,0,0,69,69)
w(68,1,0,70,70)
r(96,0,0,71,71)
r(46,1,0,72,72)
r(41,0,0,73,73)
r(8,1,0,74,74)
r(49,1,0,75,75)
w(14,1,0,76,76)
w(65,1,0,77,77)
w(16,1,0,78,78)
r(70,0,0,79,79)
r(53,1,0,80,80)
r(27,0,0,81,81)
w(61,1,0,82,82)
r(9,0,0,83,83)
r(43,0,0,84,84)
w(80,1,0,85,85)
w(22,1,0,86,86)
w(49,2,0,87,87)
r(29,0,0,88,88)
r(24,0,0,89,89)
w(45,2,0,90,90)
w(6,1,0,91,91)
r(40,0,0,92,92)
r(46,1,0,93,93)
r(80,1,0,94,94)
r(77,0,0,95,95)
r(50,0,0,96,96)
r(17,0,0,97,97)
r(19,1,0,98,98)
r(74,0,0,99,99)
w(60,1,1,0,0)
r(58,1,1,1,1)
r(92,1,1,2,2)
w(61,2,1,3,3)
w(16,2,1,4,4)
r(66,0,1,5,5)
w(8,2,1,6,6)
r(53,1,1,7,7)
r(51,1,1,8,8)
w(29,1,1,9,9)
w(5,1,1,10,10)
w(47,2,1,11,11)
w(84,1,1,12,12)
w(52,1,1,13,13)
r(67,0,1,14,14)
w(98,1,1,15,15)
r(17,0,1,16,16)
r(77,0,1,17,17)
r(80,1,1,18,18)
w(63,3,1,19,19)
w(52,2,1,20,20)
r(21,0,1,21,21)
r(88,0,1,22,22)
r(56,0,1,23,23)
w(60,2,1,24,24)
w(47,3,1,25,25)
w(58,2,1,26,26)
r(17,0,1,27,27)
r(84,1,1,28,28)
w(29,2,1,29,29)
r(15,0,1,30,30)
w(3,2,1,31,31)
r(13,1,1,32,32)
w(79,2,1,33,33)
w(21,1,1,34,34)
w(5,2,1,35,35)
w(52,3,1,36,36)
r(59,0,1,37,37)
r(53,1,1,38,38)
r(0,1,1,39,39)
r(72,0,1,40,40)
r(35,0,1,41,41)
r(39,1,1,42,42)
r(81,1,1,43,43)
r(22,1,1,44,44)
w(7,1,1,45,45)
r(31,2,1,46,46)
r(28,1,1,47,47)
r(23,0,1,48,48)
w(97,3,1,49,49)
w(75,2,1,50,50)
w(86,1,1,51,51)
r(8,2,1,52,52)
w(14,2,1,53,53)
r(13,1,1,54,54)
w(88,1,1,55,55)
w(16,3,1,56,56)
w(47,4,1,57,57)
w(22,2,1,58,58)
w(27,1,1,59,59)
w(97,4,1,60,60)
r(28,1,1,61,61)
w(50,1,1,62,62)
w(28,2,1,63,63)
r(58,2,1,64,64)
w(36,2,1,65,65)
w(77,1,1,66,66)
w(56,1,1,67,67)
w(7,2,1,68,68)
r(66,0,1,69,69)
r(73,0,1,70,70)
w(64,1,1,71,71)
w(47,5,1,72,72)
r(1,0,1,73,73)
r(69,1,1,74,74)
r(59,0,1,75,75)
w(34,1,1,76,76)
r(74,0,1,77,77)
w(4,1,1,78,78)
w(49,3,1,79,79)
r(90,0,1,80,80)
w(93,2,1,81,81)
r(70,0,1,82,82)
r(75,2,1,83,83)
w(91,1,1,84,84)
r(26,0,1,85,85)
r(60,2,1,86,86)
r(85,0,1,87,87)
w(3,3,1,88,88)
w(27,2,1,89,89)
w(98,2,1,90,90)
w(64,2,1,91,91)
w(93,3,1,92,92)
w(41,1,1,93,93)
r(40,0,1,94,94)
w(40,1,1,95,95)
w(52,4,1,96,96)
r(86,1,1,97,97)
w(80,2,1,98,98)
r(90,0,1,99,99)
w(53,2,2,0,0)
r(1,0,2,1,1)
w(99,1,2,2,2)
w(73,1,2,3,3)
r(71,0,2,4,4)
r(47,5,2,5,5)
w(3,4,2,6,6)
w(20,1,2,7,7)
w(35,1,2,8,8)
w(68,2,2,9,9)
w(31,3,2,10,10)
r(84,1,2,11,11)
w(35,2,2,12,12)
w(41,2,2,13,13)
r(17,0,2,14,14)
r(7,2,2,15,15)
w(8,3,2,16,16)
r(89,0,2,17,17)
w(34,2,2,18,18)
r(90,0,2,19,19)
w(38,2,2,20,20)
w(63,4,2,21,21)
r(53,2,2,22,22)
r(24,0,2,23,23)
r(85,0,2,24,24)
w(14,3,2,25,25)
w(3,5,2,26,26)
w(96,1,2,27,27)
r(64,2,2,28,28)
w(68,3,2,29,29)
r(56,1,2,30,30)
w(66,1,2,31,31)
r(28,2,2,32,32)
w(3,6,2,33,33)
r(36,2,2,34,34)
r(84,1,2,35,35)
w(71,1,2,36,36)
w(37,1,2,37,37)
r(38,2,2,38,38)
r(23,0,2,39,39)
r(0,1,2,40,40)
w(46,2,2,41,41)
r(75,2,2,42,42)
w(54,1,2,43,43)
w(11,1,2,44,44)
r(42,0,2,45,45)
r(14,3,2,46,46)
r(36,2,2,47,47)
r(17,0,2,48,48)
r(59,0,2,49,49)
r(41,2,2,50,50)
r(89,0,2,51,51)
w(42,1,2,52,52)
w(30,1,2,53,53)
r(65,1,2,54,54)
r(82,0,2,55,55)
w(0,2,2,56,56)
r(92,1,2,57,57)
r(28,2,2,58,58)
w(37,2,2,59,59)
r(98,2,2,60,60)
r(16,3,2,61,61)
w(5,3,2,62,62)
w(0,3,2,63,63)
r(44,1,2,64,64)
r(99,1,2,65,65)
r(86,1,2,66,66)
r(71,1,2,67,67)
r(24,0,2,68,68)
r(33,0,2,69,69)
r(97,4,2,70,70)
w(85,1,2,71,71)
r(22,2,2,72,72)
w(10,1,2,73,73)
r(39,1,2,74,74)
r(81,1,2,75,75)
r(15,0,2,76,76)
w(2,1,2,77,77)
r(7,2,2,78,78)
r(5,3,2,79,79)
r(25,1,2,80,80)
r(43,0,2,81,81)
r(56,1,2,82,82)
w(28,3,2,83,83)
w(23,1,2,84,84)
w(25,2,2,85,85)
w(70,1,2,86,86)
r(62,0,2,87,87)
r(69,1,2,88,88)
w(14,4,2,89,89)
w(29,3,2,90,90)
w(45,3,2,91,91)
w(37,3,2,92,92)
w(39,2,2,93,93)
w(9,1,2,94,94)
w(11,2,2,95,95)
r(37,3,2,96,96)
w(87,1,2,97,97)
w(3,7,2,98,98)
r(42,1,2,99,99)
w(78,3,3,0,0)
r(71,1,3,1,1)
w(93,4,3,2,2)
w(2,2,3,3,3)
w(97,5,3,4,4)
r(82,0,3,5,5)
w(30,2,3,6,6)
r(52,4,3,7,7)
r(94,0,3,8,8)
w(60,3,3,9,9)
r(48,0,3,10,10)
r(75,2,3,11,11)
r(67,0,3,12,12)
r(23,1,3,13,13)
r(72,0,3,14,14)
r(4,1,3,15,15)
w(45,4,3,16,16)
r(89,0,3,17,17)
w(32,1,3,18,18)
r(99,1,3,19,19)
r(53,2,3,20,20)
r(38,2,3,21,21)
r(9,1,3,22,22)
r(46,2,3,23,23)
r(40,1,3,24,24)
w(78,4,3,25,25)
w(68,4,3,26,26)
r(13,1,3,27,27)
r(28,3,3,28,28)
r(14,4,3,29,29)
r(61,2,3,30,30)
w(10,2,3,31,31)
r(49,3,3,32,32)
r(93,4,3,33,33)
w(43,1,3,34,34)
w(86,2,3,35,35)
w(8,4,3,36,36)
r(1,0,3,37,37)
w(21,2,3,38,38)
r(66,1,3,39,39)
r(15,0,3,40,40)
r(23,1,3,41,41)
r(17,0,3,42,42)
r(90,0,3,43,43)
r(55,0,3,44,44)
w(81,2,3,45,45)
w(64,3,3,46,46)
w(13,2,3,47,47)
r(11,2,3,48,48)
w(21,3,3,49,49)
w(74,1,3,50,50)
w(51,2,3,51,51)
w(33,1,3,52,52)
w(51,3,3,53,53)
w(60,4,3,54,54)
r(65,1,3,55,55)
r(52,4,3,56,56)
r(0,3,3,57,57)
w(15,1,3,58,58)
w(1,1,3,59,59)
w(42,2,3,60,60)
r(98,2,3,61,61)
r(48,0,3,62,62)
w(71,2,3,63,63)
r(79,2,3,64,64)
r(2,2,3,65,65)
r(75,2,3,66,66)
w(34,3,3,67,67)
r(84,1,3,68,68)
r(72,0,3,69,69)
w(41,3,3,70,70)
r(47,5,3,71,71)
r(39,2,3,72,72)
w(32,2,3,73,73)
r(31,3,3,74,74)
w(56,2,3,75,75)
r(94,0,3,76,76)
w(23,2,3,77,77)
r(37,3,3,78,78)
r(15,1,3,79,79)
r(50,1,3,80,80)
r(68,4,3,81,81)
w(18,1,3,82,82)
r(44,1,3,83,83)
r(94,0,3,84,84)
w(66,2,3,85,85)
w(73,2,3,86,86)
r(65,1,3,87,87)
w(2,3,3,88,88)
w(15,2,3,89,89)
r(52,4,3,90,90)
r(42,2,3,91,91)
w(24,1,3,92,92)
w(91,2,3,93,93)
r(19,1,3,94,94)
r(6,1,3,95,95)
r(10,2,3,96,96)
r(57,0,3,97,97)
r(64,3,3,98,98)
r(87,1,3,99,99)
r(73,2,4,0,0)
r(41,3,4,1,1)
r(54,1,4,2,2)
r(22,2,4,3,3)
r(12,0,4,4,4)
w(71,3,4,5,5)
w(86,3,4,6,6)
r(93,4,4,7,7)
r(7,2,4,8,8)
w(80,3,4,9,9)
w(17,1,4,10,10)
r(58,2,4,11,11)
w(56,3,4,12,12)
r(90,0,4,13,13)
w(43,2,4,14,14)
w(3,8,4,15,15)
w(18,2,4,16,16)
r(64,3,4,17,17)
w(43,3,4,18,18)
w(17,2,4,19,19)
w(76,1,4,20,20)
w(67,1,4,21,21)
r(12,0,4,22,22)
w(48,1,4,23,23)
w(4,2,4,24,24)
w(13,3,4,25,25)
r(79,2,4,26,26)
w(16,4,4,27,27)
w(56,4,4,28,28)
r(49,3,4,29,29)
r(26,0,4,30,30)
r(54,1,4,31,31)
w(71,4,4,32,32)
r(86,3,4,33,33)
w(78,5,4,34,34)
r(96,1,4,35,35)
r(17,2,4,36,36)
w(26,1,4,37,37)
w(50,2,4,38,38)
r(70,1,4,39,39)
w(29,4,4,40,40)
w(72,1,4,41,41)
r(3,8,4,42,42)
w(56,5,4,43,43)
r(20,1,4,44,44)
w(16,5,4,45,45)
w(22,3,4,46,46)
w(3,9,4,47,47)
w(71,5,4,48,48)
r(19,1,4,49,49)
r(15,2,4,50,50)
r(85,1,4,51,51)
w(54,2,4,52,52)
w(78,6,4,53,53)
w(53,3,4,54,54)
w(50,3,4,55,55)
w(81,3,4,56,56)
w(34,4,4,57,57)
w(44,2,4,58,58)
r(10,2,4,59,59)
w(90,1,4,60,60)
w(45,5,4,61,61)
w(18,3,4,62,62)
r(12,0,4,63,63)
w(84,2,4,64,64)
w(87,2,4,65,65)
r(46,2,4,66,66)
r(99,1,4,67,67)
r(5,3,4,68,68)
w(74,2,4,69,69)
r(73,2,4,70,70)
r(74,2,4,71,71)
w(67,2,4,72,72)
w(80,4,4,73,73)
r(18,3,4,74,74)
w(23,3,4,75,75)
r(43,3,4,76,76)
r(2,3,4,77,77)
r(61,2,4,78,78)
w(79,3,4,79,79)
w(67,3,4,80,80)
r(16,5,4,81,81)
w(31,4,4,82,82)
r(70,1,4,83,83)
w(62,1,4,84,84)
r(27,2,4,85,85)
w(68,5,4,86,86)
w(53,4,4,87,87)
r(11,2,4,88,88)
w(54,3,4,89,89)
w(92,2,4,90,90)
w(19,2,4,91,91)
w(94,1,4,92,92)
w(97,6,4,93,93)
w(61,3,4,94,94)
w(50,4,4,95,95)
r(46,2,4,96,96)
r(22,3,4,97,97)
r(1,1,4,98,98)
r(98,2,4,99,99)
w(21,4,5,0,0)
w(63,5,5,1,1)
r(25,2,5,2,2)
r(92,2,5,3,3)
r(72,1,5,4,4)
r(6,1,5,5,5)
r(73,2,5,6,6)
r(51,3,5,7,7)
r(64,3,5,8,8)
w(5,4,5,9,9)
w(41,4,5,10,10)
w(4,3,5,11,11)
w(94,2,5,12,12)
r(81,3,5,13,13)
w(70,2,5,14,14)
r(97,6,5,15,15)
w(91,3,5,16,16)
w(34,5,5,17,17)
w(79,4,5,18,18)
w(86,4,5,19,19)
r(69,1,5,20,20)
w(96,2,5,21,21)
w(32,3,5,22,22)
w(94,3,5,23,23)
r(35,2,5,24,24)
w(24,2,5,25,25)
r(57,0,5,26,26)
r(52,4,5,27,27)
r(29,4,5,28,28)
w(69,2,5,29,29)
w(87,3,5,30,30)
r(52,4,5,31,31)
r(6,1,5,32,32)
r(87,3,5,33,33)
r(88,1,5,34,34)
w(94,4,5,35,35)
r(50,4,5,36,36)
w(49,4,5,37,37)
w(2,4,5,38,38)
w(50,5,5,39,39)
w(5,5,5,40,40)
w(93,5,5,41,41)
w(89,1,5,42,42)
w(64,4,5,43,43)
w(40,2,5,44,44)
w(68,6,5,45,45)
w(80,5,5,46,46)
w(44,3,5,47,47)
r(71,5,5,48,48)
w(43,4,5,49,49)
w(41,5,5,50,50)
r(87,3,5,51,51)
w(59,1,5,52,52)
w(1,2,5,53,53)
r(0,3,5,54,54)
r(29,4,5,55,55)
w(80,6,5,56,56)
w(6,2,5,57,57)
r(16,5,5,58,58)
w(27,3,5,59,59)
w(58,3,5,60,60)
r(17,2,5,61,61)
r(49,4,5,62,62)
r(54,3,5,63,63)
r(63,5,5,64,64)
w(8,5,5,65,65)
r(30,2,5,66,66)
r(66,2,5,67,67)
r(1,2,5,68,68)
r(73,2,5,69,69)
r(91,3,5,70,70)
r(90,1,5,71,71)
w(39,3,5,72,72)
r(57,0,5,73,73)
w(69,3,5,74,74)
w(20,2,5,75,75)
r(49,4,5,76,76)
w(6,3,5,77,77)
w(36,3,5,78,78)
r(61,3,5,79,79)
w(23,4,5,80,80)
r(43,4,5,81,81)
w(6,4,5,82,82)
r(94,4,5,83,83)
w(98,3,5,84,84)
w(42,3,5,85,85)
r(15,2,5,86,86)
w(92,3,5,87,87)
w(51,4,5,88,88)
r(48,1,5,89,89)
w(94,5,5,90,90)
w(5,6,5,91,91)
w(62,2,5,92,92)
r(35,2,5,93,93)
r(20,2,5,94,94)
r(39,3,5,95,95)
w(31,5,5,96,96)
w(7,3,5,97,97)
r(28,3,5,98,98)
r(82,0,5,99,99)
w(37,4,6,0,0)
r(65,1,6,1,1)
w(27,4,6,2,2)
w(24,3,6,3,3)
r(30,2,6,4,4)
r(9,1,6,5,5)
w(69,4,6,6,6)
w(31,6,6,7,7)
w(3,10,6,8,8)
w(11,3,6,9,9)
r(56,5,6,10,10)
r(44,3,6,11,11)
w(24,4,6,12,12)
w(35,3,6,13,13)
r(23,4,6,14,14)
r(40,2,6,15,15)
r(41,5,6,16,16)
w(1,3,6,17,17)
w(46,3,6,18,18)
w(99,2,6,19,19)
r(78,6,6,20,20)
r(72,1,6,21,21)
w(43,5,6,22,22)
w(26,2,6,23,23)
r(72,1,6,24,24)
w(62,3,6,25,25)
w(69,5,6,26,26)
w(58,4,6,27,27)
r(54,3,6,28,28)
r(15,2,6,29,29)
w(34,6,6,30,30)
r(97,6,6,31,31)
w(49,5,6,32,32)
r(75,2,6,33,33)
r(66,2,6,34,34)
w(10,3,6,35,35)
r(7,3,6,36,36)
w(42,4,6,37,37)
r(40,2,6,38,38)
r(51,4,6,39,39)
r(74,2,6,40,40)
r(82,0,6,41,41)
r(11,3,6,42,42)
w(73,3,6,43,43)
r(43,5,6,44,44)
w(79,5,6,45,45)
r(58,4,6,46,46)
w(18,4,6,47,47)
r(43,5,6,48,48)
w(9,2,6,49,49)
r(48,1,6,50,50)
r(71,5,6,51,51)
w(1,4,6,52,52)
r(63,5,6,53,53)
r(26,2,6,54,54)
w(96,3,6,55,55)
r(53,4,6,56,56)
w(15,3,6,57,57)
r(0,3,6,58,58)
r(83,0,6,59,59)
w(18,5,6,60,60)
r(10,3,6,61,61)
w(60,5,6,62,62)
w(23,5,6,63,63)
r(54,3,6,64,64)
r(61,3,6,65,65)
r(71,5,6,66,66)
r(64,4,6,67,67)
w(18,6,6,68,68)
r(29,4,6,69,69)
w(49,6,6,70,70)
r(70,2,6,71,71)
r(40,2,6,72,72)
r(8,5,6,73,73)
r(34,6,6,74,74)
r(42,4,6,75,75)
w(8,6,6,76,76)
w(71,6,6,77,77)
r(82,0,6,78,78)
w(74,3,6,79,79)
w(19,3,6,80,80)
r(57,0,6,81,81)
r(62,3,6,82,82)
w(10,4,6,83,83)
r(46,3,6,84,84)
w(76,2,6,85,85)
r(68,6,6,86,86)
w(72,2,6,87,87)
r(43,5,6,88,88)
w(54,4,6,89,89)
w(13,4,6,90,90)
w(63,6,6,91,91)
r(58,4,6,92,92)
r(30,2,6,93,93)
r(65,1,6,94,94)
w(46,4,6,95,95)
r(28,3,6,96,96)
w(62,4,6,97,97)
w(54,5,6,98,98)
r(78,6,6,99,99)
r(58,4,7,0,0)
r(76,2,7,1,1)
w(63,7,7,2,2)
w(0,4,7,3,3)
w(45,6,7,4,4)
r(48,1,7,5,5)
r(60,5,7,6,6)
w(43,6,7,7,7)
r(98,3,7,8,8)
w(17,3,7,9,9)
w(36,4,7,10,10)
r(86,4,7,11,11)
r(8,6,7,12,12)
w(27,5,7,13,13)
r(54,5,7,14,14)
r(84,2,7,15,15)
w(19,4,7,16,16)
w(75,3,7,17,17)
r(2,4,7,18,18)
r(23,5,7,19,19)
w(85,2,7,20,20)
r(74,3,7,21,21)
w(52,5,7,22,22)
r(27,5,7,23,23)
w(33,2,7,24,24)
r(65,1,7,25,25)
w(13,5,7,26,26)
r(6,4,7,27,27)
r(98,3,7,28,28)
r(45,6,7,29,29)
w(27,6,7,30,30)
w(70,3,7,31,31)
r(64,4,7,32,32)
r(6,4,7,33,33)
r(94,5,7,34,34)
w(71,7,7,35,35)
w(56,6,7,36,36)
w(34,7,7,37,37)
w(50,6,7,38,38)
w(22,4,7,39,39)
w(6,5,7,40,40)
r(51,4,7,41,41)
r(78,6,7,42,42)
r(61,3,7,43,43)
r(80,6,7,44,44)
w(93,6,7,45,45)
r(33,2,7,46,46)
r(60,5,7,47,47)
w(72,3,7,48,48)
w(37,5,7,49,49)
r(35,3,7,50,50)
w(80,7,7,51,51)
r(71,7,7,52,52)
r(57,0,7,53,53)
r(48,1,7,54,54)
w(32,4,7,55,55)
w(81,4,7,56,56)
r(12,0,7,57,57)
w(98,4,7,58,58)
w(53,5,7,59,59)
r(17,3,7,60,60)
w(29,5,7,61,61)
r(82,0,7,62,62)
w(39,4,7,63,63)
r(75,3,7,64,64)
r(64,4,7,65,65)
r(65,1,7,66,66)
w(70,4,7,67,67)
r(33,2,7,68,68)
w(32,5,7,69,69)
r(91,3,7,70,70)
w(87,4,7,71,71)
w(78,7,7,72,72)
w(72,4,7,73,73)
r(36,4,7,74,74)
w(75,4,7,75,75)
w(79,6,7,76,76)
r(14,4,7,77,77)
w(22,5,7,78,78)
w(85,3,7,79,79)
w(13,6,7,80,80)
r(81,4,7,81,81)
w(96,4,7,82,82)
r(28,3,7,83,83)
w(34,8,7,84,84)
w(67,4,7,85,85)
r(23,5,7,86,86)
w(12,1,7,87,87)
r(90,1,7,88,88)
w(98,5,7,89,89)
r(62,4,7,90,90)
r(1,4,7,91,91)
r(79,6,7,92,92)
w(73,4,7,93,93)
w(47,6,7,94,94)
r(97,6,7,95,95)
r(20,2,7,96,96)
r(6,5,7,97,97)
r(68,6,7,98,98)
w(41,6,7,99,99)
r(19,4,8,0,0)
r(11,3,8,1,1)
w(55,1,8,2,2)
r(95,0,8,3,3)
w(34,9,8,4,4)
r(55,1,8,5,5)
r(57,0,8,6,6)
r(24,4,8,7,7)
w(38,3,8,8,8)
w(41,7,8,9,9)
w(94,6,8,10,10)
r(54,5,8,11,11)
w(55,2,8,12,12)
r(70,4,8,13,13)
w(94,7,8,14,14)
r(64,4,8,15,15)
r(76,2,8,16,16)
w(76,3,8,17,17)
w(62,5,8,18,18)
r(63,7,8,19,19)
w(80,8,8,20,20)
w(16,6,8,21,21)
r(70,4,8,22,22)
w(7,4,8,23,23)
w(57,1,8,24,24)
r(43,6,8,25,25)
w(83,1,8,26,26)
w(73,5,8,27,27)
r(7,4,8,28,28)
w(65,2,8,29,29)
w(17,4,8,30,30)
r(54,5,8,31,31)
w(24,5,8,32,32)
w(54,6,8,33,33)
r(6,5,8,34,34)
w(5,7,8,35,35)
w(96,5,8,36,36)
r(18,6,8,37,37)
w(6,6,8,38,38)
r(58,4,8,39,39)
w(85,4,8,40,40)
r(46,4,8,41,41)
r(87,4,8,42,42)
r(84,2,8,43,43)
w(45,7,8,44,44)
w(90,2,8,45,45)
r(99,2,8,46,46)
r(49,6,8,47,47)
r(71,7,8,48,48)
r(64,4,8,49,49)
r(86,4,8,50,50)
w(35,4,8,51,51)
w(70,5,8,52,52)
w(79,7,8,53,53)
w(93,7,8,54,54)
w(84,3,8,55,55)
r(57,1,8,56,56)
r(36,4,8,57,57)
w(70,6,8,58,58)
r(5,7,8,59,59)
r(35,4,8,60,60)
w(57,2,8,61,61)
w(18,7,8,62,62)
w(2,5,8,63,63)
r(55,2,8,64,64)
w(33,3,8,65,65)
r(9,2,8,66,66)
w(80,9,8,67,67)
w(24,6,8,68,68)
r(73,5,8,69,69)
r(41,7,8,70,70)
r(74,3,8,71,71)
r(70,6,8,72,72)
w(98,6,8,73,73)
r(61,3,8,74,74)
w(53,6,8,75,75)
r(5,7,8,76,76)
w(49,7,8,77,77)
w(26,3,8,78,78)
w(98,7,8,79,79)
w(16,7,8,80,80)
w(29,6,8,81,81)
w(52,6,8,82,82)
r(11,3,8,83,83)
r(34,9,8,84,84)
r(95,0,8,85,85)
w(12,2,8,86,86)
w(64,5,8,87,87)
w(79,8,8,88,88)
w(43,7,8,89,89)
r(28,3,8,90,90)
w(27,7,8,91,91)
r(5,7,8,92,92)
r(27,7,8,93,93)
r(20,2,8,94,94)
r(67,4,8,95,95)
r(85,4,8,96,96)
r(39,4,8,97,97)
w(24,7,8,98,98)
w(51,5,8,99,99)
r(74,3,9,0,0)
w(75,5,9,1,1)
w(31,7,9,2,2)
w(4,4,9,3,3)
w(87,5,9,4,4)
w(58,5,9,5,5)
r(98,7,9,6,6)
r(15,3,9,7,7)
w(16,8,9,8,8)
w(45,8,9,9,9)
w(92,4,9,10,10)
r(72,4,9,11,11)
w(11,4,9,12,12)
w(81,5,9,13,13)
w(98,8,9,14,14)
r(27,7,9,15,15)
r(90,2,9,16,16)
r(87,5,9,17,17)
r(93,7,9,18,18)
r(56,6,9,19,19)
w(31,8,9,20,20)
w(95,1,9,21,21)
w(34,10,9,22,22)
r(90,2,9,23,23)
w(55,3,9,24,24)
w(71,8,9,25,25)
r(95,1,9,26,26)
r(66,2,9,27,27)
r(67,4,9,28,28)
w(72,5,9,29,29)
w(74,4,9,30,30)
r(10,4,9,31,31)
r(20,2,9,32,32)
r(95,1,9,33,33)
r(78,7,9,34,34)
w(13,7,9,35,35)
r(97,6,9,36,36)
r(94,7,9,37,37)
w(72,6,9,38,38)
r(84,3,9,39,39)
r(85,4,9,40,40)
w(68,7,9,41,41)
w(41,8,9,42,42)
w(56,7,9,43,43)
r(12,2,9,44,44)
w(39,5,9,45,45)
r(56,7,9,46,46)
r(44,3,9,47,47)
w(44,4,9,48,48)
r(90,2,9,49,49)
w(55,4,9,50,50)
w(60,6,9,51,51)
w(55,5,9,52,52)
w(93,8,9,53,53)
w(37,6,9,54,54)
r(37,6,9,55,55)
w(56,8,9,56,56)
r(46,4,9,57,57)
w(48,2,9,58,58)
r(29,6,9,59,59)
w(39,6,9,60,60)
r(89,1,9,61,61)
r(87,5,9,62,62)
r(86,4,9,63,63)
r(80,9,9,64,64)
r(18,7,9,65,65)
w(64,6,9,66,66)
w(82,1,9,67,67)
r(37,6,9,68,68)
r(93,8,9,69,69)
w(66,3,9,70,70)
w(16,9,9,71,71)
r(43,7,9,72,72)
r(58,5,9,73,73)
r(89,1,9,74,74)
r(8,6,9,75,75)
w(91,4,9,76,76)
w(20,3,9,77,77)
w(16,10,9,78,78)
r(90,2,9,79,79)
w(18,8,9,80,80)
r(36,4,9,81,81)
w(43,8,9,82,82)
r(57,2,9,83,83)
w(12,3,9,84,84)
r(98,8,9,85,85)
w(68,8,9,86,86)
r(70,6,9,87,87)
r(94,7,9,88,88)
w(47,7,9,89,89)
r(45,8,9,90,90)
w(75,6,9,91,91)
w(39,7,9,92,92)
r(22,5,9,93,93)
r(95,1,9,94,94)
r(49,7,9,95,95)
w(85,5,9,96,96)
w(98,9,9,97,97)
r(0,4,9,98,98)
w(14,5,9,99,99)
r(27,7,10,0,0)
w(91,5,10,1,1)
w(63,8,10,2,2)
r(57,2,10,3,3)
w(64,7,10,4,4)
w(20,4,10,5,5)
r(92,4,10,6,6)
r(39,7,10,7,7)
r(89,1,10,8,8)
r(66,3,10,9,9)
r(34,10,10,10,10)
w(84,4,10,11,11)
w(49,8,10,12,12)
r(62,5,10,13,13)
r(4,4,10,14,14)
r(66,3,10,15,15)
r(89,1,10,16,16)
w(21,5,10,17,17)
r(26,3,10,18,18)
r(93,8,10,19,19)
r(64,7,10,20,20)
w(95,2,10,21,21)
w(55,6,10,22,22)
r(59,1,10,23,23)
w(88,2,10,24,24)
w(88,3,10,25,25)
w(8,7,10,26,26)
w(16,11,10,27,27)
r(94,7,10,28,28)
w(31,9,10,29,29)
w(83,2,10,30,30)
r(24,7,10,31,31)
w(95,3,10,32,32)
w(66,4,10,33,33)
r(2,5,10,34,34)
r(29,6,10,35,35)
r(26,3,10,36,36)
r(77,1,10,37,37)
w(91,6,10,38,38)
w(15,4,10,39,39)
r(5,7,10,40,40)
r(2,5,10,41,41)
w(95,4,10,42,42)
w(49,9,10,43,43)
w(87,6,10,44,44)
w(78,8,10,45,45)
r(13,7,10,46,46)
w(11,5,10,47,47)
w(42,5,10,48,48)
r(45,8,10,49,49)
r(67,4,10,50,50)
w(95,5,10,51,51)
r(55,6,10,52,52)
w(77,2,10,53,53)
w(26,4,10,54,54)
r(47,7,10,55,55)
w(48,3,10,56,56)
r(44,4,10,57,57)
w(23,6,10,58,58)
w(32,6,10,59,59)
w(1,5,10,60,60)
w(39,8,10,61,61)
r(31,9,10,62,62)
w(4,5,10,63,63)
w(21,6,10,64,64)
w(82,2,10,65,65)
w(98,10,10,66,66)
w(41,9,10,67,67)
w(1,6,10,68,68)
w(55,7,10,69,69)
r(71,8,10,70,70)
w(99,3,10,71,71)
r(11,5,10,72,72)
r(26,4,10,73,73)
w(55,8,10,74,74)
r(8,7,10,75,75)
r(50,6,10,76,76)
r(69,5,10,77,77)
w(76,4,10,78,78)
r(36,4,10,79,79)
w(22,6,10,80,80)
w(81,6,10,81,81)
r(19,4,10,82,82)
r(99,3,10,83,83)
r(65,2,10,84,84)
r(32,6,10,85,85)
r(10,4,10,86,86)
w(97,7,10,87,87)
w(73,6,10,88,88)
w(6,7,10,89,89)
r(59,1,10,90,90)
w(17,5,10,91,91)
w(10,5,10,92,92)
w(61,4,10,93,93)
r(60,6,10,94,94)
w(16,12,10,95,95)
w(37,7,10,96,96)
r(14,5,10,97,97)
r(41,9,10,98,98)
r(50,6,10,99,99)
w(66,5,11,0,0)
w(30,3,11,1,1)
w(48,4,11,2,2)
r(2,5,11,3,3)
r(86,4,11,4,4)
w(34,11,11,5,5)
r(87,6,11,6,6)
w(55,9,11,7,7)
r(53,6,11,8,8)
r(6,7,11,9,9)
w(67,5,11,10,10)
r(45,8,11,11,11)
r(60,6,11,12,12)
w(96,6,11,13,13)
w(0,5,11,14,14)
r(35,4,11,15,15)
w(40,3,11,16,16)
r(75,6,11,17,17)
w(45,9,11,18,18)
w(44,5,11,19,19)
w(24,8,11,20,20)
r(25,2,11,21,21)
w(83,3,11,22,22)
w(70,7,11,23,23)
r(66,5,11,24,24)
w(22,7,11,25,25)
w(27,8,11,26,26)
r(41,9,11,27,27)
r(67,5,11,28,28)
w(39,9,11,29,29)
r(27,8,11,30,30)
r(22,7,11,31,31)
w(92,5,11,32,32)
r(83,3,11,33,33)
r(82,2,11,34,34)
r(22,7,11,35,35)
w(77,3,11,36,36)
r(29,6,11,37,37)
r(80,9,11,38,38)
w(43,9,11,39,39)
r(73,6,11,40,40)
r(62,5,11,41,41)
r(2,5,11,42,42)
r(64,7,11,43,43)
r(49,9,11,44,44)
r(40,3,11,45,45)
w(2,6,11,46,46)
r(60,6,11,47,47)
r(55,9,11,48,48)
w(99,4,11,49,49)
w(23,7,11,50,50)
w(13,8,11,51,51)
r(35,4,11,52,52)
w(55,10,11,53,53)
w(74,5,11,54,54)
r(81,6,11,55,55)
r(82,2,11,56,56)
w(44,6,11,57,57)
r(86,4,11,58,58)
w(59,2,11,59,59)
w(43,10,11,60,60)
w(33,4,11,61,61)
w(11,6,11,62,62)
r(67,5,11,63,63)
r(93,8,11,64,64)
w(10,6,11,65,65)
r(28,3,11,66,66)
r(77,3,11,67,67)
w(14,6,11,68,68)
r(71,8,11,69,69)
w(19,5,11,70,70)
w(13,9,11,71,71)
r(88,3,11,72,72)
r(28,3,11,73,73)
w(21,7,11,74,74)
w(82,3,11,75,75)
r(62,5,11,76,76)
w(57,3,11,77,77)
w(84,5,11,78,78)
r(27,8,11,79,79)
w(4,6,11,80,80)
w(16,13,11,81,81)
w(36,5,11,82,82)
r(52,6,11,83,83)
r(12,3,11,84,84)
r(82,3,11,85,85)
w(13,10,11,86,86)
r(88,3,11,87,87)
r(93,8,11,88,88)
r(67,5,11,89,89)
w(20,5,11,90,90)
r(64,7,11,91,91)
w(1,7,11,92,92)
w(14,7,11,93,93)
w(11,7,11,94,94)
r(67,5,11,95,95)
w(61,5,11,96,96)
r(99,4,11,97,97)
w(48,5,11,98,98)
w(74,6,11,99,99)
w(98,11,12,0,0)
r(2,6,12,1,1)
w(84,6,12,2,2)
w(73,7,12,3,3)
w(8,8,12,4,4)
r(57,3,12,5,5)
r(70,7,12,6,6)
w(53,7,12,7,7)
r(91,6,12,8,8)
r(47,7,12,9,9)
w(65,3,12,10,10)
r(5,7,12,11,11)
w(71,9,12,12,12)
r(13,10,12,13,13)
r(24,8,12,14,14)
r(95,5,12,15,15)
r(75,6,12,16,16)
r(32,6,12,17,17)
r(99,4,12,18,18)
w(83,4,12,19,19)
w(35,5,12,20,20)
r(62,5,12,21,21)
r(10,6,12,22,22)
w(79,9,12,23,23)
r(14,7,12,24,24)
r(21,7,12,25,25)
r(27,8,12,26,26)
w(12,4,12,27,27)
r(46,4,12,28,28)
r(60,6,12,29,29)
r(0,5,12,30,30)
w(52,7,12,31,31)
w(94,8,12,32,32)
r(36,5,12,33,33)
r(71,9,12,34,34)
r(74,6,12,35,35)
r(38,3,12,36,36)
w(87,7,12,37,37)
w(17,6,12,38,38)
w(46,5,12,39,39)
r(86,4,12,40,40)
w(79,10,12,41,41)
r(71,9,12,42,42)
w(20,6,12,43,43)
w(21,8,12,44,44)
r(79,10,12,45,45)
w(16,14,12,46,46)
r(29,6,12,47,47)
w(85,6,12,48,48)
w(39,10,12,49,49)
w(83,5,12,50,50)
r(93,8,12,51,51)
r(0,5,12,52,52)
w(43,11,12,53,53)
r(44,6,12,54,54)
r(95,5,12,55,55)
r(16,14,12,56,56)
w(70,8,12,57,57)
r(81,6,12,58,58)
r(47,7,12,59,59)
r(51,5,12,60,60)
w(51,6,12,61,61)
w(50,7,12,62,62)
w(47,8,12,63,63)
r(55,10,12,64,64)
r(46,5,12,65,65)
r(87,7,12,66,66)
r(85,6,12,67,67)
r(64,7,12,68,68)
r(42,5,12,69,69)
w(86,5,12,70,70)
r(24,8,12,71,71)
r(67,5,12,72,72)
r(24,8,12,73,73)
r(16,14,12,74,74)
w(48,6,12,75,75)
r(27,8,12,76,76)
r(17,6,12,77,77)
w(27,9,12,78,78)
w(0,6,12,79,79)
w(52,8,12,80,80)
w(67,6,12,81,81)
w(35,6,12,82,82)
w(79,11,12,83,83)
w(53,8,12,84,84)
r(47,8,12,85,85)
w(12,5,12,86,86)
w(52,9,12,87,87)
r(75,6,12,88,88)
w(58,6,12,89,89)
w(33,5,12,90,90)
w(22,8,12,91,91)
w(46,6,12,92,92)
r(58,6,12,93,93)
w(26,5,12,94,94)
r(31,9,12,95,95)
w(46,7,12,96,96)
w(97,8,12,97,97)
r(12,5,12,98,98)
r(64,7,12,99,99)
w(29,7,13,0,0)
r(75,6,13,1,1)
r(19,5,13,2,2)
r(57,3,13,3,3)
w(75,7,13,4,4)
w(67,7,13,5,5)
w(46,8,13,6,6)
r(91,6,13,7,7)
r(70,8,13,8,8)
w(57,4,13,9,9)
r(83,5,13,10,10)
w(10,7,13,11,11)
r(56,8,13,12,12)
r(75,7,13,13,13)
w(75,8,13,14,14)
w(24,9,13,15,15)
r(18,8,13,16,16)
w(1,8,13,17,17)
r(0,6,13,18,18)
r(41,9,13,19,19)
w(59,3,13,20,20)
r(7,4,13,21,21)
r(45,9,13,22,22)
w(24,10,13,23,23)
r(5,7,13,24,24)
r(82,3,13,25,25)
w(46,9,13,26,26)
w(26,6,13,27,27)
r(4,6,13,28,28)
r(91,6,13,29,29)
w(98,12,13,30,30)
r(12,5,13,31,31)
w(79,12,13,32,32)
r(43,11,13,33,33)
r(61,5,13,34,34)
w(54,7,13,35,35)
w(91,7,13,36,36)
r(82,3,13,37,37)
r(6,7,13,38,38)
w(2,7,13,39,39)
r(92,5,13,40,40)
r(20,6,13,41,41)
r(18,8,13,42,42)
r(10,7,13,43,43)
r(71,9,13,44,44)
w(14,8,13,45,45)
r(19,5,13,46,46)
r(96,6,13,47,47)
w(23,8,13,48,48)
w(88,4,13,49,49)
r(6,7,13,50,50)
r(98,12,13,51,51)
r(28,3,13,52,52)
r(8,8,13,53,53)
w(28,4,13,54,54)
r(41,9,13,55,55)
r(15,4,13,56,56)
w(69,6,13,57,57)
r(63,8,13,58,58)
r(36,5,13,59,59)
w(94,9,13,60,60)
r(46,9,13,61,61)
w(6,8,13,62,62)
w(65,4,13,63,63)
w(84,7,13,64,64)
w(89,2,13,65,65)
w(18,9,13,66,66)
w(48,7,13,67,67)
w(68,9,13,68,68)
r(82,3,13,69,69)
w(47,9,13,70,70)
r(96,6,13,71,71)
w(39,11,13,72,72)
r(27,9,13,73,73)
r(79,12,13,74,74)
r(5,7,13,75,75)
r(53,8,13,76,76)
w(48,8,13,77,77)
w(81,7,13,78,78)
w(87,8,13,79,79)
w(6,9,13,80,80)
r(27,9,13,81,81)
r(83,5,13,82,82)
w(98,13,13,83,83)
r(35,6,13,84,84)
r(32,6,13,85,85)
r(49,9,13,86,86)
r(38,3,13,87,87)
r(5,7,13,88,88)
w(13,11,13,89,89)
w(79,13,13,90,90)
w(89,3,13,91,91)
w(40,4,13,92,92)
w(5,8,13,93,93)
r(56,8,13,94,94)
w(60,7,13,95,95)
r(79,13,13,96,96)
w(1,9,13,97,97)
w(60,8,13,98,98)
w(15,5,13,99,99)
r(33,5,14,0,0)
r(97,8,14,1,1)
w(52,10,14,2,2)
r(39,11,14,3,3)
w(48,9,14,4,4)
w(35,7,14,5,5)
w(10,8,14,6,6)
w(66,6,14,7,7)
r(61,5,14,8,8)
r(92,5,14,9,9)
w(22,9,14,10,10)
w(89,4,14,11,11)
r(55,10,14,12,12)
r(35,7,14,13,13)
w(46,10,14,14,14)
w(48,10,14,15,15)
w(92,6,14,16,16)
w(56,9,14,17,17)
w(25,3,14,18,18)
r(83,5,14,19,19)
w(70,9,14,20,20)
r(37,7,14,21,21)
r(44,6,14,22,22)
r(19,5,14,23,23)
w(57,5,14,24,24)
w(35,8,14,25,25)
w(76,5,14,26,26)
r(91,7,14,27,27)
w(6,10,14,28,28)
w(90,3,14,29,29)
r(55,10,14,30,30)
w(28,5,14,31,31)
w(5,9,14,32,32)
w(62,6,14,33,33)
w(33,6,14,34,34)
w(84,8,14,35,35)
r(65,4,14,36,36)
w(3,11,14,37,37)
r(72,6,14,38,38)
w(53,9,14,39,39)
r(69,6,14,40,40)
r(71,9,14,41,41)
w(30,4,14,42,42)
r(85,6,14,43,43)
r(2,7,14,44,44)
r(53,9,14,45,45)
r(32,6,14,46,46)
r(46,10,14,47,47)
r(14,8,14,48,48)
w(38,4,14,49,49)
r(38,4,14,50,50)
w(16,15,14,51,51)
w(33,7,14,52,52)
r(87,8,14,53,53)
w(65,5,14,54,54)
r(72,6,14,55,55)
w(13,12,14,56,56)
w(65,6,14,57,57)
w(44,7,14,58,58)
r(99,4,14,59,59)
r(90,3,14,60,60)
w(90,4,14,61,61)
r(9,2,14,62,62)
w(57,6,14,63,63)
r(85,6,14,64,64)
w(71,10,14,65,65)
r(21,8,14,66,66)
r(98,13,14,67,67)
r(53,9,14,68,68)
w(84,9,14,69,69)
r(0,6,14,70,70)
r(30,4,14,71,71)
r(71,10,14,72,72)
w(48,11,14,73,73)
w(24,11,14,74,74)
w(21,9,14,75,75)
w(3,12,14,76,76)
w(83,6,14,77,77)
w(82,4,14,78,78)
w(35,9,14,79,79)
w(77,4,14,80,80)
r(0,6,14,81,81)
r(67,7,14,82,82)
w(58,7,14,83,83)
r(20,6,14,84,84)
w(69,7,14,85,85)
r(47,9,14,86,86)
w(48,12,14,87,87)
r(10,8,14,88,88)
w(75,9,14,89,89)
w(45,10,14,90,90)
w(67,8,14,91,91)
r(56,9,14,92,92)
w(61,6,14,93,93)
r(5,9,14,94,94)
r(20,6,14,95,95)
w(85,7,14,96,96)
w(32,7,14,97,97)
r(4,6,14,98,98)
w(97,9,14,99,99)
r(80,9,15,0,0)
r(19,5,15,1,1)
r(27,9,15,2,2)
r(90,4,15,3,3)
w(61,7,15,4,4)
w(87,9,15,5,5)
w(91,8,15,6,6)
w(21,10,15,7,7)
w(88,5,15,8,8)
r(47,9,15,9,9)
w(49,10,15,10,10)
r(24,11,15,11,11)
r(97,9,15,12,12)
r(5,9,15,13,13)
r(1,9,15,14,14)
w(70,10,15,15,15)
w(42,6,15,16,16)
w(75,10,15,17,17)
r(86,5,15,18,18)
w(58,8,15,19,19)
r(29,7,15,20,20)
r(69,7,15,21,21)
w(83,7,15,22,22)
w(65,7,15,23,23)
r(14,8,15,24,24)
r(3,12,15,25,25)
w(41,10,15,26,26)
r(71,10,15,27,27)
w(39,12,15,28,28)
w(59,4,15,29,29)
w(84,10,15,30,30)
r(37,7,15,31,31)
r(90,4,15,32,32)
w(57,7,15,33,33)
w(33,8,15,34,34)
r(97,9,15,35,35)
w(83,8,15,36,36)
w(69,8,15,37,37)
w(11,8,15,38,38)
w(46,11,15,39,39)
w(49,11,15,40,40)
r(41,10,15,41,41)
w(77,5,15,42,42)
r(3,12,15,43,43)
w(3,13,15,44,44)
w(8,9,15,45,45)
r(92,6,15,46,46)
w(10,9,15,47,47)
w(5,10,15,48,48)
w(95,6,15,49,49)
r(74,6,15,50,50)
w(94,10,15,51,51)
w(59,5,15,52,52)
r(80,9,15,53,53)
r(44,7,15,54,54)
w(50,8,15,55,55)
r(20,6,15,56,56)
w(87,10,15,57,57)
w(67,9,15,58,58)
r(19,5,15,59,59)
r(29,7,15,60,60)
w(3,14,15,61,61)
w(13,13,15,62,62)
w(37,8,15,63,63)
r(28,5,15,64,64)
r(79,13,15,65,65)
w(7,5,15,66,66)
w(57,8,15,67,67)
w(51,7,15,68,68)
w(39,13,15,69,69)
r(85,7,15,70,70)
r(55,10,15,71,71)
w(0,7,15,72,72)
r(71,10,15,73,73)
w(63,9,15,74,74)
r(81,7,15,75,75)
w(10,10,15,76,76)
w(36,6,15,77,77)
r(69,8,15,78,78)
w(89,5,15,79,79)
r(59,5,15,80,80)
r(7,5,15,81,81)
w(62,7,15,82,82)
w(82,5,15,83,83)
r(90,4,15,84,84)
w(8,10,15,85,85)
r(90,4,15,86,86)
w(30,5,15,87,87)
w(16,16,15,88,88)
w(21,11,15,89,89)
r(43,11,15,90,90)
r(2,7,15,91,91)
w(74,7,15,92,92)
r(10,10,15,93,93)
w(40,5,15,94,94)
w(96,7,15,95,95)
r(28,5,15,96,96)
r(46,11,15,97,97)
r(79,13,15,98,98)
w(13,14,15,99,99)
w(81,8,16,0,0)
w(44,8,16,1,1)
w(38,5,16,2,2)
r(70,10,16,3,3)
r(86,5,16,4,4)
r(86,5,16,5,5)
r(18,9,16,6,6)
w(94,11,16,7,7)
w(4,7,16,8,8)
r(32,7,16,9,9)
w(21,12,16,10,10)
w(66,7,16,11,11)
r(7,5,16,12,12)
w(31,10,16,13,13)
w(69,9,16,14,14)
w(48,13,16,15,15)
w(76,6,16,16,16)
w(53,10,16,17,17)
w(45,11,16,18,18)
w(92,7,16,19,19)
r(31,10,16,20,20)
r(43,11,16,21,21)
w(87,11,16,22,22)
r(33,8,16,23,23)
w(10,11,16,24,24)
r(90,4,16,25,25)
w(4,8,16,26,26)
w(56,10,16,27,27)
r(25,3,16,28,28)
r(38,5,16,29,29)
r(80,9,16,30,30)
w(86,6,16,31,31)
r(50,8,16,32,32)
w(54,8,16,33,33)
r(27,9,16,34,34)
w(73,8,16,35,35)
r(81,8,16,36,36)
r(84,10,16,37,37)
r(3,14,16,38,38)
r(77,5,16,39,39)
r(5,10,16,40,40)
r(73,8,16,41,41)
w(18,10,16,42,42)
r(99,4,16,43,43)
r(55,10,16,44,44)
r(37,8,16,45,45)
w(4,9,16,46,46)
r(60,8,16,47,47)
w(67,10,16,48,48)
w(53,11,16,49,49)
r(17,6,16,50,50)
r(11,8,16,51,51)
r(70,10,16,52,52)
w(86,7,16,53,53)
r(76,6,16,54,54)
w(61,8,16,55,55)
w(91,9,16,56,56)
w(75,11,16,57,57)
r(50,8,16,58,58)
r(33,8,16,59,59)
r(9,2,16,60,60)
w(64,8,16,61,61)
r(11,8,16,62,62)
r(86,7,16,63,63)
r(24,11,16,64,64)
w(42,7,16,65,65)
w(13,15,16,66,66)
w(17,7,16,67,67)
w(46,12,16,68,68)
r(87,11,16,69,69)
w(94,12,16,70,70)
w(7,6,16,71,71)
w(67,11,16,72,72)
r(69,9,16,73,73)
r(75,11,16,74,74)
r(80,9,16,75,75)
r(91,9,16,76,76)
w(8,11,16,77,77)
r(3,14,16,78,78)
w(33,9,16,79,79)
w(27,10,16,80,80)
r(67,11,16,81,81)
w(36,7,16,82,82)
w(61,9,16,83,83)
w(26,7,16,84,84)
r(77,5,16,85,85)
r(15,5,16,86,86)
w(72,7,16,87,87)
r(63,9,16,88,88)
r(97,9,16,89,89)
w(55,11,16,90,90)
r(7,6,16,91,91)
w(65,8,16,92,92)
r(36,7,16,93,93)
r(84,10,16,94,94)
r(12,5,16,95,95)
w(96,8,16,96,96)
w(63,10,16,97,97)
w(2,8,16,98,98)
w(34,12,16,99,99)
r(2,8,17,0,0)
r(40,5,17,1,1)
r(31,10,17,2,2)
r(14,8,17,3,3)
w(24,12,17,4,4)
r(95,6,17,5,5)
w(90,5,17,6,6)
r(11,8,17,7,7)
r(19,5,17,8,8)
r(76,6,17,9,9)
r(57,8,17,10,10)
w(33,10,17,11,11)
w(49,12,17,12,12)
w(75,12,17,13,13)
r(86,7,17,14,14)
r(39,13,17,15,15)
r(20,6,17,16,16)
w(68,10,17,17,17)
r(57,8,17,18,18)
r(60,8,17,19,19)
r(46,12,17,20,20)
w(11,9,17,21,21)
w(41,11,17,22,22)
r(85,7,17,23,23)
r(63,10,17,24,24)
r(95,6,17,25,25)
r(80,9,17,26,26)
r(21,12,17,27,27)
r(22,9,17,28,28)
w(44,9,17,29,29)
w(3,15,17,30,30)
w(42,8,17,31,31)
r(47,9,17,32,32)
r(63,10,17,33,33)
r(44,9,17,34,34)
r(87,11,17,35,35)
w(11,10,17,36,36)
r(25,3,17,37,37)
w(8,12,17,38,38)
r(66,7,17,39,39)
r(60,8,17,40,40)
w(16,17,17,41,41)
w(7,7,17,42,42)
r(33,10,17,43,43)
w(63,11,17,44,44)
r(92,7,17,45,45)
w(32,8,17,46,46)
w(14,9,17,47,47)
w(41,12,17,48,48)
w(79,14,17,49,49)
w(28,6,17,50,50)
w(64,9,17,51,51)
r(55,11,17,52,52)
w(6,11,17,53,53)
w(27,11,17,54,54)
r(15,5,17,55,55)
w(73,9,17,56,56)
r(0,7,17,57,57)
w(42,9,17,58,58)
w(2,9,17,59,59)
w(69,10,17,60,60)
r(31,10,17,61,61)
r(74,7,17,62,62)
r(77,5,17,63,63)
w(92,8,17,64,64)
r(85,7,17,65,65)
w(60,9,17,66,66)
r(23,8,17,67,67)
r(95,6,17,68,68)
r(79,14,17,69,69)
r(33,10,17,70,70)
r(23,8,17,71,71)
w(57,9,17,72,72)
w(62,8,17,73,73)
r(44,9,17,74,74)
w(67,12,17,75,75)
w(99,5,17,76,76)
w(9,3,17,77,77)
w(35,10,17,78,78)
r(35,10,17,79,79)
w(42,10,17,80,80)
r(3,15,17,81,81)
w(17,8,17,82,82)
w(5,11,17,83,83)
w(87,12,17,84,84)
r(53,11,17,85,85)
w(91,10,17,86,86)
r(47,9,17,87,87)
w(7,8,17,88,88)
w(84,11,17,89,89)
r(86,7,17,90,90)
r(98,13,17,91,91)
r(55,11,17,92,92)
r(73,9,17,93,93)
w(65,9,17,94,94)
w(11,11,17,95,95)
w(55,12,17,96,96)
w(47,10,17,97,97)
r(70,10,17,98,98)
w(12,6,17,99,99)
r(27,11,18,0,0)
w(77,6,18,1,1)
w(74,8,18,2,2)
w(68,11,18,3,3)
r(13,15,18,4,4)
r(99,5,18,5,5)
r(20,6,18,6,6)
w(75,13,18,7,7)
r(72,7,18,8,8)
w(64,10,18,9,9)
r(73,9,18,10,10)
r(99,5,18,11,11)
w(92,9,18,12,12)
r(50,8,18,13,13)
r(31,10,18,14,14)
r(3,15,18,15,15)
w(20,7,18,16,16)
w(30,6,18,17,17)
w(24,13,18,18,18)
r(80,9,18,19,19)
w(42,11,18,20,20)
w(13,16,18,21,21)
w(73,10,18,22,22)
w(65,10,18,23,23)
w(88,6,18,24,24)
r(59,5,18,25,25)
r(47,10,18,26,26)
r(55,12,18,27,27)
r(78,8,18,28,28)
r(4,9,18,29,29)
w(31,11,18,30,30)
r(41,12,18,31,31)
w(32,9,18,32,32)
r(13,16,18,33,33)
r(93,8,18,34,34)
r(19,5,18,35,35)
r(83,8,18,36,36)
w(67,13,18,37,37)
r(3,15,18,38,38)
w(80,10,18,39,39)
w(83,9,18,40,40)
r(80,10,18,41,41)
w(32,10,18,42,42)
r(47,10,18,43,43)
r(6,11,18,44,44)
w(47,11,18,45,45)
w(94,13,18,46,46)
w(54,9,18,47,47)
r(2,9,18,48,48)
w(50,9,18,49,49)
w(90,6,18,50,50)
w(2,10,18,51,51)
r(79,14,18,52,52)
w(39,14,18,53,53)
w(80,11,18,54,54)
w(28,7,18,55,55)
w(94,14,18,56,56)
r(2,10,18,57,57)
w(57,10,18,58,58)
w(9,4,18,59,59)
r(17,8,18,60,60)
r(68,11,18,61,61)
r(74,8,18,62,62)
r(66,7,18,63,63)
w(13,17,18,64,64)
w(67,14,18,65,65)
w(95,7,18,66,66)
w(57,11,18,67,67)
w(6,12,18,68,68)
r(71,10,18,69,69)
w(57,12,18,70,70)
w(0,8,18,71,71)
w(65,11,18,72,72)
w(70,11,18,73,73)
r(82,5,18,74,74)
w(73,11,18,75,75)
r(22,9,18,76,76)
r(95,7,18,77,77)
w(23,9,18,78,78)
w(92,10,18,79,79)
w(86,8,18,80,80)
w(37,9,18,81,81)
w(38,6,18,82,82)
w(42,12,18,83,83)
w(55,13,18,84,84)
w(26,8,18,85,85)
r(4,9,18,86,86)
r(7,8,18,87,87)
w(23,10,18,88,88)
r(78,8,18,89,89)
r(37,9,18,90,90)
w(75,14,18,91,91)
w(71,11,18,92,92)
r(91,10,18,93,93)
r(96,8,18,94,94)
w(99,6,18,95,95)
w(15,6,18,96,96)
w(92,11,18,97,97)
r(63,11,18,98,98)
w(25,4,18,99,99)
r(83,9,19,0,0)
r(13,17,19,1,1)
r(61,9,19,2,2)
w(28,8,19,3,3)
r(27,11,19,4,4)
w(98,14,19,5,5)
w(27,12,19,6,6)
r(26,8,19,7,7)
w(38,7,19,8,8)
r(39,14,19,9,9)
r(73,11,19,10,10)
r(12,6,19,11,11)
w(65,12,19,12,12)
w(81,9,19,13,13)
r(11,11,19,14,14)
w(31,12,19,15,15)
w(62,9,19,16,16)
w(13,18,19,17,17)
r(61,9,19,18,18)
w(14,10,19,19,19)
w(5,12,19,20,20)
r(11,11,19,21,21)
w(15,7,19,22,22)
w(19,6,19,23,23)
r(26,8,19,24,24)
r(41,12,19,25,25)
w(46,13,19,26,26)
w(99,7,19,27,27)
r(29,7,19,28,28)
r(25,4,19,29,29)
r(28,8,19,30,30)
w(32,11,19,31,31)
w(81,10,19,32,32)
w(48,14,19,33,33)
w(41,13,19,34,34)
r(10,11,19,35,35)
r(58,8,19,36,36)
r(19,6,19,37,37)
w(28,9,19,38,38)
w(83,10,19,39,39)
w(98,15,19,40,40)
r(91,10,19,41,41)
w(67,15,19,42,42)
w(85,8,19,43,43)
r(41,13,19,44,44)
r(63,11,19,45,45)
r(96,8,19,46,46)
w(40,6,19,47,47)
r(41,13,19,48,48)
w(79,15,19,49,49)
w(8,13,19,50,50)
r(17,8,19,51,51)
w(37,10,19,52,52)
w(64,11,19,53,53)
w(92,12,19,54,54)
w(16,18,19,55,55)
w(40,7,19,56,56)
r(20,7,19,57,57)
w(51,8,19,58,58)
r(42,12,19,59,59)
r(59,5,19,60,60)
r(54,9,19,61,61)
r(81,10,19,62,62)
r(91,10,19,63,63)
w(71,12,19,64,64)
r(91,10,19,65,65)
w(29,8,19,66,66)
r(28,9,19,67,67)
w(85,9,19,68,68)
w(0,9,19,69,69)
w(49,13,19,70,70)
r(2,10,19,71,71)
r(70,11,19,72,72)
r(40,7,19,73,73)
w(96,9,19,74,74)
w(40,8,19,75,75)
r(25,4,19,76,76)
r(94,14,19,77,77)
r(49,13,19,78,78)
r(36,7,19,79,79)
r(74,8,19,80,80)
r(48,14,19,81,81)
w(51,9,19,82,82)
w(15,8,19,83,83)
w(73,12,19,84,84)
r(51,9,19,85,85)
r(98,15,19,86,86)
r(65,12,19,87,87)
w(47,12,19,88,88)
r(68,11,19,89,89)
w(78,9,19,90,90)
w(51,10,19,91,91)
r(33,10,19,92,92)
w(66,8,19,93,93)
w(30,7,19,94,94)
w(56,11,19,95,95)
w(92,13,19,96,96)
r(54,9,19,97,97)
w(1,10,19,98,98)
w(43,12,19,99,99)
