w(802,1,0,0,0)
r(176,0,0,1,1)
r(672,0,0,2,2)
w(547,1,0,3,3)
w(857,1,0,4,4)
w(591,1,0,5,5)
w(582,1,0,6,6)
w(376,1,0,7,7)
r(239,0,0,8,8)
r(793,0,0,9,9)
w(973,1,0,10,10)
r(42,0,0,11,11)
r(913,0,0,12,12)
w(106,1,0,13,13)
w(540,1,0,14,14)
r(343,0,0,15,15)
r(120,0,0,16,16)
r(660,0,0,17,17)
w(95,1,0,18,18)
r(155,0,0,19,19)
r(386,0,0,20,20)
w(956,1,0,21,21)
r(769,0,0,22,22)
r(721,0,0,23,23)
r(558,0,0,24,24)
r(178,0,0,25,25)
w(429,1,0,26,26)
r(679,0,0,27,27)
r(409,0,0,28,28)
r(524,0,0,29,29)
w(946,1,0,30,30)
w(960,1,0,31,31)
r(596,0,0,32,32)
w(326,1,0,33,33)
w(223,1,0,34,34)
w(541,1,0,35,35)
r(928,0,0,36,36)
r(411,0,0,37,37)
r(744,0,0,38,38)
w(796,1,0,39,39)
r(825,0,0,40,40)
r(370,0,0,41,41)
w(385,1,0,42,42)
w(295,1,0,43,43)
r(3,0,0,44,44)
w(731,1,0,45,45)
r(265,0,0,46,46)
r(137,0,0,47,47)
r(707,0,0,48,48)
r(176,0,0,49,49)
w(716,1,0,50,50)
w(452,1,0,51,51)
w(378,1,0,52,52)
r(443,0,0,53,53)
w(353,1,0,54,54)
r(492,0,0,55,55)
w(483,1,0,56,56)
w(989,1,0,57,57)
w(25,1,0,58,58)
w(736,1,0,59,59)
r(43,0,0,60,60)
r(846,0,0,61,61)
r(557,0,0,62,62)
r(960,1,0,63,63)
r(843,0,0,64,64)
w(153,1,0,65,65)
w(294,1,0,66,66)
r(447,0,0,67,67)
w(120,1,0,68,68)
w(962,1,0,69,69)
w(528,1,0,70,70)
r(878,0,0,71,71)
w(530,1,0,72,72)
r(223,1,0,73,73)
r(124,0,0,74,74)
w(402,1,0,75,75)
w(604,1,0,76,76)
r(153,1,0,77,77)
r(370,0,0,78,78)
r(108,0,0,79,79)
w(420,1,0,80,80)
r(713,0,0,81,81)
w(557,1,0,82,82)
r(225,0,0,83,83)
r(431,0,0,84,84)
r(48,0,0,85,85)
r(770,0,0,86,86)
r(343,0,0,87,87)
w(858,1,0,88,88)
r(252,0,0,89,89)
w(97,1,0,90,90)
r(983,0,0,91,91)
r(999,0,0,92,92)
w(838,1,0,93,93)
r(385,1,0,94,94)
w(40,1,0,95,95)
w(723,1,0,96,96)
r(363,0,0,97,97)
w(278,1,0,98,98)
w(384,1,0,99,99)
r(348,0,1,0,0)
r(110,0,1,1,1)
w(240,1,1,2,2)
r(651,0,1,3,3)
r(738,0,1,4,4)
r(620,0,1,5,5)
w(804,1,1,6,6)
r(591,1,1,7,7)
r(278,1,1,8,8)
r(237,0,1,9,9)
r(347,0,1,10,10)
w(737,1,1,11,11)
r(875,0,1,12,12)
r(737,1,1,13,13)
w(439,1,1,14,14)
w(822,1,1,15,15)
w(765,1,1,16,16)
w(996,1,1,17,17)
w(892,1,1,18,18)
r(397,0,1,19,19)
w(268,1,1,20,20)
w(390,1,1,21,21)
r(346,0,1,22,22)
r(918,0,1,23,23)
w(330,1,1,24,24)
w(133,1,1,25,25)
w(323,1,1,26,26)
r(601,0,1,27,27)
w(611,1,1,28,28)
r(62,0,1,29,29)
w(34,1,1,30,30)
r(579,0,1,31,31)
r(350,0,1,32,32)
w(712,1,1,33,33)
w(996,2,1,34,34)
w(655,1,1,35,35)
w(639,1,1,36,36)
r(993,0,1,37,37)
r(72,0,1,38,38)
w(21,1,1,39,39)
w(467,1,1,40,40)
r(696,0,1,41,41)
w(360,1,1,42,42)
w(292,1,1,43,43)
w(27,1,1,44,44)
r(313,0,1,45,45)
w(352,1,1,46,46)
r(251,0,1,47,47)
w(777,1,1,48,48)
r(203,0,1,49,49)
r(802,1,1,50,50)
r(53,0,1,51,51)
r(308,0,1,52,52)
r(6,0,1,53,53)
r(566,0,1,54,54)
r(978,0,1,55,55)
r(181,0,1,56,56)
r(365,0,1,57,57)
w(848,1,1,58,58)
w(793,1,1,59,59)
w(279,1,1,60,60)
r(820,0,1,61,61)
r(326,1,1,62,62)
w(526,1,1,63,63)
w(549,1,1,64,64)
w(123,1,1,65,65)
w(984,1,1,66,66)
r(356,0,1,67,67)
w(340,1,1,68,68)
r(988,0,1,69,69)
r(132,0,1,70,70)
r(536,0,1,71,71)
w(504,1,1,72,72)
r(61,0,1,73,73)
w(377,1,1,74,74)
r(324,0,1,75,75)
r(706,0,1,76,76)
w(210,1,1,77,77)
r(909,0,1,78,78)
r(965,0,1,79,79)
r(822,1,1,80,80)
r(606,0,1,81,81)
w(599,1,1,82,82)
w(286,1,1,83,83)
w(886,1,1,84,84)
r(590,0,1,85,85)
w(761,1,1,86,86)
w(121,1,1,87,87)
r(561,0,1,88,88)
r(766,0,1,89,89)
w(154,1,1,90,90)
w(598,1,1,91,91)
r(142,0,1,92,92)
r(945,0,1,93,93)
r(950,0,1,94,94)
w(374,1,1,95,95)
w(131,1,1,96,96)
w(146,1,1,97,97)
r(871,0,1,98,98)
w(406,1,1,99,99)
