w(2,1,0,0,0)
r(0,0,0,1,1)
w(99,1,0,2,2)
w(10,1,0,3,3)
w(49,1,0,4,4)
r(0,0,0,5,5)
w(9,1,0,6,6)
w(178,1,0,7,7)
r(31,0,0,8,8)
w(0,1,0,9,9)
r(160,0,0,10,10)
r(2,1,0,11,11)
r(2,1,0,12,12)
r(9,1,0,13,13)
w(50,1,0,14,14)
r(126,0,0,15,15)
w(3,1,0,16,16)
r(623,0,0,17,17)
w(5,1,0,18,18)
w(347,1,0,19,19)
w(4,1,0,20,20)
w(0,2,0,21,21)
r(3,1,0,22,22)
r(56,0,0,23,23)
w(3,2,0,24,24)
r(923,0,0,25,25)
w(68,1,0,26,26)
r(9,1,0,27,27)
r(242,0,0,28,28)
w(531,1,0,29,29)
r(13,0,0,30,30)
w(40,1,0,31,31)
r(159,0,0,32,32)
r(386,0,0,33,33)
w(65,1,0,34,34)
w(31,1,0,35,35)
r(7,0,0,36,36)
w(144,1,0,37,37)
w(70,1,0,38,38)
w(1,1,0,39,39)
r(97,0,0,40,40)
w(35,1,0,41,41)
w(0,3,0,42,42)
w(54,1,0,43,43)
r(199,0,0,44,44)
r(5,1,0,45,45)
w(1,2,0,46,46)
r(0,3,0,47,47)
w(16,1,0,48,48)
r(18,0,0,49,49)
w(0,4,0,50,50)
w(5,2,0,51,51)
w(23,1,0,52,52)
w(2,2,0,53,53)
r(0,4,0,54,54)
w(7,1,0,55,55)
r(0,4,0,56,56)
w(18,1,0,57,57)
w(8,1,0,58,58)
r(2,2,0,59,59)
w(0,5,0,60,60)
w(0,6,0,61,61)
r(1,2,0,62,62)
r(3,2,0,63,63)
r(7,1,0,64,64)
w(195,1,0,65,65)
w(72,1,0,66,66)
w(18,2,0,67,67)
w(251,1,0,68,68)
r(7,1,0,69,69)
r(541,0,0,70,70)
r(0,6,0,71,71)
r(218,0,0,72,72)
w(3,3,0,73,73)
w(0,7,0,74,74)
r(2,2,0,75,75)
r(46,0,0,76,76)
r(51,0,0,77,77)
w(5,3,0,78,78)
r(245,0,0,79,79)
r(497,0,0,80,80)
r(79,0,0,81,81)
w(8,2,0,82,82)
w(138,1,0,83,83)
w(11,1,0,84,84)
w(96,1,0,85,85)
w(55,1,0,86,86)
w(1,3,0,87,87)
w(65,2,0,88,88)
w(5,4,0,89,89)
w(24,1,0,90,90)
w(238,1,0,91,91)
r(1,3,0,92,92)
w(1,4,0,93,93)
r(3,3,0,94,94)
w(741,1,0,95,95)
w(885,1,0,96,96)
r(226,0,0,97,97)
r(71,0,0,98,98)
w(4,2,0,99,99)
r(0,7,1,0,0)
r(560,0,1,1,1)
w(16,2,1,2,2)
w(170,1,1,3,3)
r(0,7,1,4,4)
w(20,1,1,5,5)
w(3,4,1,6,6)
w(213,1,1,7,7)
r(13,0,1,8,8)
w(7,2,1,9,9)
r(2,2,1,10,10)
r(2,2,1,11,11)
w(16,3,1,12,12)
r(5,4,1,13,13)
w(0,8,1,14,14)
w(24,2,1,15,15)
r(2,2,1,16,16)
r(7,2,1,17,17)
w(9,2,1,18,18)
r(10,1,1,19,19)
w(579,1,1,20,20)
w(75,1,1,21,21)
r(0,8,1,22,22)
w(334,1,1,23,23)
w(17,1,1,24,24)
w(407,1,1,25,25)
r(526,0,1,26,26)
w(0,9,1,27,27)
w(80,1,1,28,28)
w(45,1,1,29,29)
r(6,0,1,30,30)
r(319,0,1,31,31)
r(335,0,1,32,32)
r(173,0,1,33,33)
r(1,4,1,34,34)
w(10,2,1,35,35)
w(118,1,1,36,36)
w(680,1,1,37,37)
w(533,1,1,38,38)
w(0,10,1,39,39)
r(7,2,1,40,40)
r(1,4,1,41,41)
r(393,0,1,42,42)
r(300,0,1,43,43)
w(373,1,1,44,44)
w(2,3,1,45,45)
r(595,0,1,46,46)
w(52,1,1,47,47)
r(464,0,1,48,48)
w(47,1,1,49,49)
w(25,1,1,50,50)
r(289,0,1,51,51)
r(36,0,1,52,52)
r(519,0,1,53,53)
w(4,3,1,54,54)
w(1,5,1,55,55)
r(0,10,1,56,56)
r(444,0,1,57,57)
w(475,1,1,58,58)
w(616,1,1,59,59)
r(0,10,1,60,60)
r(0,10,1,61,61)
w(137,1,1,62,62)
r(1,5,1,63,63)
r(2,3,1,64,64)
r(33,0,1,65,65)
r(14,0,1,66,66)
w(462,1,1,67,67)
r(84,0,1,68,68)
r(1,5,1,69,69)
w(125,1,1,70,70)
w(10,3,1,71,71)
w(1,6,1,72,72)
w(115,1,1,73,73)
r(13,0,1,74,74)
r(0,10,1,75,75)
r(4,3,1,76,76)
r(6,0,1,77,77)
r(711,0,1,78,78)
w(4,4,1,79,79)
r(81,0,1,80,80)
r(139,0,1,81,81)
r(4,4,1,82,82)
w(61,1,1,83,83)
r(6,0,1,84,84)
w(23,2,1,85,85)
r(1,6,1,86,86)
r(0,10,1,87,87)
r(268,0,1,88,88)
w(8,3,1,89,89)
w(447,1,1,90,90)
w(2,4,1,91,91)
r(29,0,1,92,92)
w(4,5,1,93,93)
r(8,3,1,94,94)
w(53,1,1,95,95)
r(11,1,1,96,96)
w(1,7,1,97,97)
w(791,1,1,98,98)
w(4,6,1,99,99)
w(1,8,2,0,0)
r(73,0,2,1,1)
r(11,1,2,2,2)
r(70,1,2,3,3)
r(421,0,2,4,4)
w(0,11,2,5,5)
w(508,1,2,6,6)
r(0,11,2,7,7)
w(10,4,2,8,8)
w(12,1,2,9,9)
w(33,1,2,10,10)
w(711,1,2,11,11)
r(126,0,2,12,12)
w(0,12,2,13,13)
w(19,1,2,14,14)
w(71,1,2,15,15)
w(293,1,2,16,16)
w(33,2,2,17,17)
r(202,0,2,18,18)
w(154,1,2,19,19)
r(82,0,2,20,20)
r(70,1,2,21,21)
w(4,7,2,22,22)
w(0,13,2,23,23)
r(602,0,2,24,24)
w(635,1,2,25,25)
w(452,1,2,26,26)
w(0,14,2,27,27)
w(670,1,2,28,28)
r(18,2,2,29,29)
r(391,0,2,30,30)
w(47,2,2,31,31)
w(2,5,2,32,32)
r(2,5,2,33,33)
r(665,0,2,34,34)
w(7,3,2,35,35)
w(8,4,2,36,36)
w(21,1,2,37,37)
r(6,0,2,38,38)
w(106,1,2,39,39)
w(0,15,2,40,40)
w(4,8,2,41,41)
w(98,1,2,42,42)
w(13,1,2,43,43)
r(405,0,2,44,44)
r(15,0,2,45,45)
r(0,15,2,46,46)
r(154,1,2,47,47)
r(222,0,2,48,48)
r(821,0,2,49,49)
r(5,4,2,50,50)
r(1,8,2,51,51)
r(5,4,2,52,52)
w(27,1,2,53,53)
w(0,16,2,54,54)
w(5,5,2,55,55)
w(91,1,2,56,56)
r(5,5,2,57,57)
r(39,0,2,58,58)
r(0,16,2,59,59)
w(528,1,2,60,60)
r(2,5,2,61,61)
w(222,1,2,62,62)
w(3,5,2,63,63)
w(75,2,2,64,64)
r(10,4,2,65,65)
r(23,2,2,66,66)
r(233,0,2,67,67)
w(60,1,2,68,68)
w(16,4,2,69,69)
w(1,9,2,70,70)
w(39,1,2,71,71)
w(1,10,2,72,72)
r(143,0,2,73,73)
r(174,0,2,74,74)
r(1,10,2,75,75)
w(8,5,2,76,76)
r(27,1,2,77,77)
w(0,17,2,78,78)
w(4,9,2,79,79)
r(448,0,2,80,80)
w(261,1,2,81,81)
w(0,18,2,82,82)
r(33,2,2,83,83)
w(9,3,2,84,84)
r(101,0,2,85,85)
w(10,5,2,86,86)
r(20,1,2,87,87)
w(4,10,2,88,88)
w(520,1,2,89,89)
w(5,6,2,90,90)
r(0,18,2,91,91)
w(362,1,2,92,92)
w(151,1,2,93,93)
r(0,18,2,94,94)
r(5,6,2,95,95)
r(224,0,2,96,96)
r(6,0,2,97,97)
r(43,0,2,98,98)
r(130,0,2,99,99)
w(40,2,3,0,0)
r(715,0,3,1,1)
w(593,1,3,2,2)
w(356,1,3,3,3)
w(13,2,3,4,4)
w(9,4,3,5,5)
w(0,19,3,6,6)
w(763,1,3,7,7)
r(34,0,3,8,8)
r(0,19,3,9,9)
w(255,1,3,10,10)
r(100,0,3,11,11)
w(70,2,3,12,12)
w(38,1,3,13,13)
r(228,0,3,14,14)
w(158,1,3,15,15)
w(1,11,3,16,16)
r(15,0,3,17,17)
w(125,2,3,18,18)
w(835,1,3,19,19)
w(10,6,3,20,20)
r(44,0,3,21,21)
r(120,0,3,22,22)
w(268,1,3,23,23)
w(4,11,3,24,24)
r(133,0,3,25,25)
r(9,4,3,26,26)
r(4,11,3,27,27)
w(0,20,3,28,28)
w(40,3,3,29,29)
w(437,1,3,30,30)
r(7,3,3,31,31)
r(913,0,3,32,32)
w(313,1,3,33,33)
r(7,3,3,34,34)
w(0,21,3,35,35)
r(812,0,3,36,36)
w(262,1,3,37,37)
r(288,0,3,38,38)
r(5,6,3,39,39)
r(0,21,3,40,40)
r(71,1,3,41,41)
r(4,11,3,42,42)
r(786,0,3,43,43)
r(189,0,3,44,44)
r(99,1,3,45,45)
r(6,0,3,46,46)
w(699,1,3,47,47)
w(10,7,3,48,48)
w(457,1,3,49,49)
r(0,21,3,50,50)
w(0,22,3,51,51)
w(7,4,3,52,52)
w(153,1,3,53,53)
w(2,6,3,54,54)
w(1,12,3,55,55)
w(7,5,3,56,56)
w(236,1,3,57,57)
r(11,1,3,58,58)
w(1,13,3,59,59)
w(667,1,3,60,60)
r(1,13,3,61,61)
r(1,13,3,62,62)
w(60,2,3,63,63)
w(79,1,3,64,64)
r(5,6,3,65,65)
w(40,4,3,66,66)
r(40,4,3,67,67)
w(6,1,3,68,68)
w(95,1,3,69,69)
r(461,0,3,70,70)
w(1,14,3,71,71)
r(2,6,3,72,72)
r(4,11,3,73,73)
r(353,0,3,74,74)
w(0,23,3,75,75)
w(763,2,3,76,76)
r(260,0,3,77,77)
r(256,0,3,78,78)
r(542,0,3,79,79)
r(36,0,3,80,80)
r(766,0,3,81,81)
r(3,5,3,82,82)
r(0,23,3,83,83)
w(16,5,3,84,84)
w(118,2,3,85,85)
w(1,15,3,86,86)
r(5,6,3,87,87)
r(34,0,3,88,88)
w(293,2,3,89,89)
r(1,15,3,90,90)
w(8,6,3,91,91)
r(7,5,3,92,92)
r(73,0,3,93,93)
r(0,23,3,94,94)
w(96,2,3,95,95)
r(0,23,3,96,96)
w(5,7,3,97,97)
r(250,0,3,98,98)
r(83,0,3,99,99)
w(93,1,4,0,0)
w(14,1,4,1,1)
w(0,24,4,2,2)
w(636,1,4,3,3)
w(1,16,4,4,4)
r(18,2,4,5,5)
r(17,1,4,6,6)
r(0,24,4,7,7)
w(97,1,4,8,8)
w(466,1,4,9,9)
w(0,25,4,10,10)
w(15,1,4,11,11)
r(0,25,4,12,12)
r(132,0,4,13,13)
w(24,3,4,14,14)
r(400,0,4,15,15)
w(33,3,4,16,16)
r(31,1,4,17,17)
r(5,7,4,18,18)
r(0,25,4,19,19)
w(1,17,4,20,20)
w(2,7,4,21,21)
r(1,17,4,22,22)
r(0,25,4,23,23)
w(0,26,4,24,24)
r(3,5,4,25,25)
w(42,1,4,26,26)
w(915,1,4,27,27)
r(646,0,4,28,28)
r(9,4,4,29,29)
r(23,2,4,30,30)
w(1,18,4,31,31)
w(68,2,4,32,32)
w(0,27,4,33,33)
w(830,1,4,34,34)
w(12,2,4,35,35)
w(7,6,4,36,36)
w(3,6,4,37,37)
r(0,27,4,38,38)
r(139,0,4,39,39)
w(29,1,4,40,40)
r(166,0,4,41,41)
w(0,28,4,42,42)
w(49,2,4,43,43)
r(4,11,4,44,44)
r(794,0,4,45,45)
w(261,2,4,46,46)
w(5,8,4,47,47)
r(2,7,4,48,48)
w(376,1,4,49,49)
r(42,1,4,50,50)
r(30,0,4,51,51)
r(77,0,4,52,52)
w(0,29,4,53,53)
w(41,1,4,54,54)
r(962,0,4,55,55)
w(290,1,4,56,56)
r(21,1,4,57,57)
r(35,1,4,58,58)
r(5,8,4,59,59)
r(11,1,4,60,60)
w(0,30,4,61,61)
r(0,30,4,62,62)
r(19,1,4,63,63)
w(80,2,4,64,64)
w(2,8,4,65,65)
w(6,2,4,66,66)
w(6,3,4,67,67)
r(0,30,4,68,68)
r(39,1,4,69,69)
r(907,0,4,70,70)
w(307,1,4,71,71)
r(288,0,4,72,72)
w(4,12,4,73,73)
w(10,8,4,74,74)
w(0,31,4,75,75)
r(55,1,4,76,76)
w(0,32,4,77,77)
r(1,18,4,78,78)
r(1,18,4,79,79)
r(13,2,4,80,80)
r(174,0,4,81,81)
w(1,19,4,82,82)
r(354,0,4,83,83)
w(27,2,4,84,84)
r(747,0,4,85,85)
w(242,1,4,86,86)
r(58,0,4,87,87)
r(60,2,4,88,88)
w(68,3,4,89,89)
w(35,2,4,90,90)
r(3,6,4,91,91)
r(984,0,4,92,92)
w(0,33,4,93,93)
w(0,34,4,94,94)
w(21,2,4,95,95)
r(12,2,4,96,96)
r(36,0,4,97,97)
r(0,34,4,98,98)
w(76,1,4,99,99)
w(779,1,5,0,0)
w(4,13,5,1,1)
r(0,34,5,2,2)
w(6,4,5,3,3)
w(56,1,5,4,4)
w(3,7,5,5,5)
w(122,1,5,6,6)
r(8,6,5,7,7)
w(6,5,5,8,8)
w(450,1,5,9,9)
w(12,3,5,10,10)
w(34,1,5,11,11)
w(27,3,5,12,12)
w(369,1,5,13,13)
r(3,7,5,14,14)
r(1,19,5,15,15)
w(26,1,5,16,16)
r(0,34,5,17,17)
w(397,1,5,18,18)
w(0,35,5,19,19)
w(154,2,5,20,20)
r(0,35,5,21,21)
r(132,0,5,22,22)
r(2,8,5,23,23)
w(5,9,5,24,24)
w(2,9,5,25,25)
r(74,0,5,26,26)
r(0,35,5,27,27)
w(16,6,5,28,28)
r(161,0,5,29,29)
w(1,20,5,30,30)
r(0,35,5,31,31)
w(12,4,5,32,32)
r(0,35,5,33,33)
r(11,1,5,34,34)
w(247,1,5,35,35)
w(262,2,5,36,36)
w(437,2,5,37,37)
r(5,9,5,38,38)
w(690,1,5,39,39)
w(2,10,5,40,40)
w(177,1,5,41,41)
r(0,35,5,42,42)
r(12,4,5,43,43)
w(500,1,5,44,44)
r(529,0,5,45,45)
w(0,36,5,46,46)
w(7,7,5,47,47)
w(0,37,5,48,48)
w(2,11,5,49,49)
w(9,5,5,50,50)
r(0,37,5,51,51)
w(0,38,5,52,52)
r(0,38,5,53,53)
w(41,2,5,54,54)
w(49,3,5,55,55)
w(5,10,5,56,56)
w(298,1,5,57,57)
w(297,1,5,58,58)
w(949,1,5,59,59)
r(46,0,5,60,60)
w(5,11,5,61,61)
w(26,2,5,62,62)
w(0,39,5,63,63)
w(9,6,5,64,64)
w(3,8,5,65,65)
w(1,21,5,66,66)
r(566,0,5,67,67)
w(37,1,5,68,68)
r(568,0,5,69,69)
w(6,6,5,70,70)
r(543,0,5,71,71)
r(0,39,5,72,72)
w(231,1,5,73,73)
w(2,12,5,74,74)
w(110,1,5,75,75)
r(1,21,5,76,76)
r(13,2,5,77,77)
r(25,1,5,78,78)
w(5,12,5,79,79)
r(681,0,5,80,80)
w(478,1,5,81,81)
w(7,8,5,82,82)
w(4,14,5,83,83)
r(1,21,5,84,84)
w(3,9,5,85,85)
r(79,1,5,86,86)
r(44,0,5,87,87)
r(15,1,5,88,88)
r(285,0,5,89,89)
r(46,0,5,90,90)
r(656,0,5,91,91)
r(335,0,5,92,92)
w(13,3,5,93,93)
r(95,1,5,94,94)
w(1,22,5,95,95)
r(2,12,5,96,96)
r(1,22,5,97,97)
w(5,13,5,98,98)
w(570,1,5,99,99)
w(16,7,6,0,0)
w(22,1,6,1,1)
w(26,3,6,2,2)
w(634,1,6,3,3)
w(32,1,6,4,4)
r(32,1,6,5,5)
w(162,1,6,6,6)
w(871,1,6,7,7)
r(16,7,6,8,8)
w(99,2,6,9,9)
r(258,0,6,10,10)
r(150,0,6,11,11)
r(21,2,6,12,12)
r(102,0,6,13,13)
w(10,9,6,14,14)
w(74,1,6,15,15)
r(1,22,6,16,16)
r(536,0,6,17,17)
r(1,22,6,18,18)
w(13,4,6,19,19)
r(18,2,6,20,20)
r(57,0,6,21,21)
w(31,2,6,22,22)
w(0,40,6,23,23)
w(1,23,6,24,24)
r(7,8,6,25,25)
r(0,40,6,26,26)
w(9,7,6,27,27)
r(17,1,6,28,28)
w(0,41,6,29,29)
r(755,0,6,30,30)
r(19,1,6,31,31)
r(270,0,6,32,32)
w(25,2,6,33,33)
r(0,41,6,34,34)
r(30,0,6,35,35)
r(29,1,6,36,36)
w(1,24,6,37,37)
r(35,2,6,38,38)
w(6,7,6,39,39)
w(16,8,6,40,40)
r(0,41,6,41,41)
w(375,1,6,42,42)
r(0,41,6,43,43)
r(3,9,6,44,44)
r(16,8,6,45,45)
r(223,0,6,46,46)
r(3,9,6,47,47)
r(6,7,6,48,48)
r(510,0,6,49,49)
w(69,1,6,50,50)
r(4,14,6,51,51)
r(1,24,6,52,52)
w(252,1,6,53,53)
r(0,41,6,54,54)
w(0,42,6,55,55)
r(483,0,6,56,56)
w(14,2,6,57,57)
w(70,3,6,58,58)
r(0,42,6,59,59)
r(117,0,6,60,60)
w(3,10,6,61,61)
w(158,2,6,62,62)
w(0,43,6,63,63)
r(1,24,6,64,64)
w(113,1,6,65,65)
r(3,10,6,66,66)
w(5,14,6,67,67)
w(354,1,6,68,68)
r(51,0,6,69,69)
r(53,1,6,70,70)
w(549,1,6,71,71)
w(0,44,6,72,72)
r(182,0,6,73,73)
w(2,13,6,74,74)
w(531,2,6,75,75)
w(772,1,6,76,76)
w(165,1,6,77,77)
w(0,45,6,78,78)
w(1,25,6,79,79)
w(64,1,6,80,80)
r(4,14,6,81,81)
r(10,9,6,82,82)
w(230,1,6,83,83)
r(100,0,6,84,84)
r(16,8,6,85,85)
w(36,1,6,86,86)
w(8,7,6,87,87)
w(52,2,6,88,88)
w(42,2,6,89,89)
r(24,3,6,90,90)
r(46,0,6,91,91)
w(22,2,6,92,92)
w(802,1,6,93,93)
r(63,0,6,94,94)
r(361,0,6,95,95)
w(982,1,6,96,96)
w(41,3,6,97,97)
r(83,0,6,98,98)
w(823,1,6,99,99)
w(614,1,7,0,0)
w(54,2,7,1,1)
w(7,9,7,2,2)
w(409,1,7,3,3)
r(0,45,7,4,4)
w(65,3,7,5,5)
r(1,25,7,6,6)
r(45,1,7,7,7)
w(16,9,7,8,8)
w(10,10,7,9,9)
r(2,13,7,10,10)
w(0,46,7,11,11)
r(3,10,7,12,12)
r(3,10,7,13,13)
r(13,4,7,14,14)
w(636,2,7,15,15)
r(353,0,7,16,16)
r(181,0,7,17,17)
r(6,7,7,18,18)
w(189,1,7,19,19)
w(0,47,7,20,20)
w(0,48,7,21,21)
w(0,49,7,22,22)
w(0,50,7,23,23)
w(1,26,7,24,24)
r(10,10,7,25,25)
r(1,26,7,26,26)
w(1,27,7,27,27)
r(160,0,7,28,28)
w(454,1,7,29,29)
w(24,4,7,30,30)
w(146,1,7,31,31)
r(103,0,7,32,32)
r(16,9,7,33,33)
w(629,1,7,34,34)
w(2,14,7,35,35)
w(106,2,7,36,36)
w(350,1,7,37,37)
r(1,27,7,38,38)
w(3,11,7,39,39)
r(3,11,7,40,40)
w(0,51,7,41,41)
r(241,0,7,42,42)
r(222,1,7,43,43)
r(112,0,7,44,44)
r(431,0,7,45,45)
r(2,14,7,46,46)
w(968,1,7,47,47)
w(1,28,7,48,48)
w(60,3,7,49,49)
w(6,8,7,50,50)
r(0,51,7,51,51)
w(105,1,7,52,52)
w(20,2,7,53,53)
r(6,8,7,54,54)
w(920,1,7,55,55)
r(638,0,7,56,56)
w(1,29,7,57,57)
w(127,1,7,58,58)
r(313,1,7,59,59)
r(61,1,7,60,60)
w(25,3,7,61,61)
r(5,14,7,62,62)
r(0,51,7,63,63)
r(3,11,7,64,64)
r(16,9,7,65,65)
r(1,29,7,66,66)
w(22,3,7,67,67)
w(19,2,7,68,68)
r(5,14,7,69,69)
r(19,2,7,70,70)
w(62,1,7,71,71)
r(131,0,7,72,72)
w(0,52,7,73,73)
r(12,4,7,74,74)
w(7,10,7,75,75)
r(8,7,7,76,76)
w(1,30,7,77,77)
r(0,52,7,78,78)
w(94,1,7,79,79)
w(940,1,7,80,80)
r(0,52,7,81,81)
w(273,1,7,82,82)
r(624,0,7,83,83)
r(2,14,7,84,84)
r(1,30,7,85,85)
r(0,52,7,86,86)
w(0,53,7,87,87)
w(23,3,7,88,88)
w(0,54,7,89,89)
r(2,14,7,90,90)
r(2,14,7,91,91)
w(5,15,7,92,92)
r(978,0,7,93,93)
r(1,30,7,94,94)
w(125,3,7,95,95)
r(12,4,7,96,96)
w(76,2,7,97,97)
w(119,1,7,98,98)
r(2,14,7,99,99)
w(9,8,8,0,0)
r(50,1,8,1,1)
w(147,1,8,2,2)
w(0,55,8,3,3)
r(1,30,8,4,4)
r(1,30,8,5,5)
r(25,3,8,6,6)
w(0,56,8,7,7)
r(4,14,8,8,8)
w(1,31,8,9,9)
r(338,0,8,10,10)
r(5,15,8,11,11)
r(57,0,8,12,12)
w(187,1,8,13,13)
w(278,1,8,14,14)
r(715,0,8,15,15)
w(10,11,8,16,16)
r(669,0,8,17,17)
w(41,4,8,18,18)
w(1,32,8,19,19)
w(2,15,8,20,20)
w(66,1,8,21,21)
r(0,56,8,22,22)
w(20,3,8,23,23)
r(8,7,8,24,24)
r(986,0,8,25,25)
w(2,16,8,26,26)
r(1,32,8,27,27)
r(19,2,8,28,28)
r(0,56,8,29,29)
w(0,57,8,30,30)
r(307,1,8,31,31)
r(0,57,8,32,32)
w(17,2,8,33,33)
w(59,1,8,34,34)
w(385,1,8,35,35)
r(0,57,8,36,36)
w(101,1,8,37,37)
r(1,32,8,38,38)
r(864,0,8,39,39)
r(300,0,8,40,40)
w(1,33,8,41,41)
w(31,3,8,42,42)
r(26,3,8,43,43)
r(84,0,8,44,44)
w(60,4,8,45,45)
w(0,58,8,46,46)
w(29,2,8,47,47)
w(42,3,8,48,48)
w(54,3,8,49,49)
w(32,2,8,50,50)
r(25,3,8,51,51)
w(0,59,8,52,52)
w(0,60,8,53,53)
w(14,3,8,54,54)
w(204,1,8,55,55)
w(0,61,8,56,56)
r(44,0,8,57,57)
w(0,62,8,58,58)
r(64,1,8,59,59)
r(74,1,8,60,60)
w(0,63,8,61,61)
w(6,9,8,62,62)
r(43,0,8,63,63)
r(103,0,8,64,64)
w(113,2,8,65,65)
r(2,16,8,66,66)
r(0,63,8,67,67)
r(63,0,8,68,68)
r(0,63,8,69,69)
w(189,2,8,70,70)
w(0,64,8,71,71)
r(59,1,8,72,72)
r(86,0,8,73,73)
r(57,0,8,74,74)
r(25,3,8,75,75)
w(0,65,8,76,76)
w(1,34,8,77,77)
w(105,2,8,78,78)
r(126,0,8,79,79)
w(841,1,8,80,80)
w(48,1,8,81,81)
r(4,14,8,82,82)
r(1,34,8,83,83)
r(572,0,8,84,84)
w(84,1,8,85,85)
r(1,34,8,86,86)
r(86,0,8,87,87)
r(87,0,8,88,88)
r(90,0,8,89,89)
r(43,0,8,90,90)
r(107,0,8,91,91)
r(528,1,8,92,92)
w(455,1,8,93,93)
w(7,11,8,94,94)
w(4,15,8,95,95)
r(418,0,8,96,96)
w(170,2,8,97,97)
r(3,11,8,98,98)
w(1,35,8,99,99)
w(23,4,9,0,0)
r(6,9,9,1,1)
w(235,1,9,2,2)
w(34,2,9,3,3)
r(45,1,9,4,4)
r(109,0,9,5,5)
r(142,0,9,6,6)
w(6,10,9,7,7)
r(956,0,9,8,8)
w(169,1,9,9,9)
r(1,35,9,10,10)
w(92,1,9,11,11)
r(541,0,9,12,12)
r(0,65,9,13,13)
w(89,1,9,14,14)
w(872,1,9,15,15)
r(71,1,9,16,16)
r(21,2,9,17,17)
r(145,0,9,18,18)
r(324,0,9,19,19)
w(1,36,9,20,20)
w(148,1,9,21,21)
r(11,1,9,22,22)
w(2,17,9,23,23)
r(300,0,9,24,24)
w(71,2,9,25,25)
r(0,65,9,26,26)
w(28,1,9,27,27)
w(40,5,9,28,28)
r(19,2,9,29,29)
w(13,5,9,30,30)
w(1,37,9,31,31)
w(84,2,9,32,32)
w(10,12,9,33,33)
r(53,1,9,34,34)
w(267,1,9,35,35)
w(128,1,9,36,36)
w(472,1,9,37,37)
w(337,1,9,38,38)
r(0,65,9,39,39)
r(18,2,9,40,40)
w(5,16,9,41,41)
r(78,0,9,42,42)
r(42,3,9,43,43)
r(251,1,9,44,44)
w(0,66,9,45,45)
w(153,2,9,46,46)
r(360,0,9,47,47)
r(4,15,9,48,48)
r(24,4,9,49,49)
r(5,16,9,50,50)
w(12,5,9,51,51)
r(1,37,9,52,52)
r(28,1,9,53,53)
r(189,2,9,54,54)
w(5,17,9,55,55)
w(4,16,9,56,56)
r(0,66,9,57,57)
w(964,1,9,58,58)
w(0,67,9,59,59)
w(81,1,9,60,60)
w(12,6,9,61,61)
w(401,1,9,62,62)
w(10,13,9,63,63)
r(44,0,9,64,64)
r(0,67,9,65,65)
r(811,0,9,66,66)
w(467,1,9,67,67)
r(295,0,9,68,68)
r(2,17,9,69,69)
r(243,0,9,70,70)
r(6,10,9,71,71)
r(0,67,9,72,72)
r(0,67,9,73,73)
r(2,17,9,74,74)
w(0,68,9,75,75)
w(244,1,9,76,76)
r(0,68,9,77,77)
r(2,17,9,78,78)
w(1,38,9,79,79)
r(706,0,9,80,80)
r(25,3,9,81,81)
w(12,7,9,82,82)
w(0,69,9,83,83)
r(1,38,9,84,84)
r(11,1,9,85,85)
w(33,4,9,86,86)
w(0,70,9,87,87)
w(67,1,9,88,88)
w(38,2,9,89,89)
w(0,71,9,90,90)
r(10,13,9,91,91)
r(8,7,9,92,92)
r(9,8,9,93,93)
w(405,1,9,94,94)
w(123,1,9,95,95)
w(708,1,9,96,96)
w(123,2,9,97,97)
w(1,39,9,98,98)
r(21,2,9,99,99)
w(0,72,10,0,0)
r(387,0,10,1,1)
r(1,39,10,2,2)
w(15,2,10,3,3)
r(112,0,10,4,4)
r(16,9,10,5,5)
w(40,6,10,6,6)
w(231,2,10,7,7)
w(39,2,10,8,8)
r(1,39,10,9,9)
w(4,17,10,10,10)
w(111,1,10,11,11)
w(13,6,10,12,12)
r(585,0,10,13,13)
w(60,5,10,14,14)
r(202,0,10,15,15)
r(5,17,10,16,16)
w(101,2,10,17,17)
r(764,0,10,18,18)
w(16,10,10,19,19)
r(167,0,10,20,20)
r(0,72,10,21,21)
w(4,18,10,22,22)
w(193,1,10,23,23)
r(130,0,10,24,24)
w(98,2,10,25,25)
r(0,72,10,26,26)
w(31,4,10,27,27)
w(46,1,10,28,28)
w(164,1,10,29,29)
r(2,17,10,30,30)
w(10,14,10,31,31)
w(238,2,10,32,32)
r(11,1,10,33,33)
w(2,18,10,34,34)
r(22,3,10,35,35)
r(673,0,10,36,36)
r(62,1,10,37,37)
r(79,1,10,38,38)
r(94,1,10,39,39)
r(0,72,10,40,40)
r(316,0,10,41,41)
w(17,3,10,42,42)
w(84,3,10,43,43)
r(20,3,10,44,44)
r(418,0,10,45,45)
r(38,2,10,46,46)
r(187,1,10,47,47)
r(2,18,10,48,48)
w(4,19,10,49,49)
r(53,1,10,50,50)
w(45,2,10,51,51)
r(44,0,10,52,52)
w(8,8,10,53,53)
r(20,3,10,54,54)
w(70,4,10,55,55)
w(14,4,10,56,56)
r(13,6,10,57,57)
w(120,1,10,58,58)
w(230,2,10,59,59)
r(260,0,10,60,60)
r(66,1,10,61,61)
r(46,1,10,62,62)
w(9,9,10,63,63)
w(56,2,10,64,64)
w(10,15,10,65,65)
r(39,2,10,66,66)
r(106,2,10,67,67)
w(24,5,10,68,68)
r(0,72,10,69,69)
r(0,72,10,70,70)
w(0,73,10,71,71)
w(7,12,10,72,72)
w(371,1,10,73,73)
r(33,4,10,74,74)
r(321,0,10,75,75)
w(0,74,10,76,76)
r(4,19,10,77,77)
w(1,40,10,78,78)
w(0,75,10,79,79)
w(4,20,10,80,80)
r(748,0,10,81,81)
w(4,21,10,82,82)
w(30,1,10,83,83)
w(137,2,10,84,84)
r(215,0,10,85,85)
w(66,2,10,86,86)
r(0,75,10,87,87)
w(40,7,10,88,88)
r(5,17,10,89,89)
r(47,2,10,90,90)
r(10,15,10,91,91)
r(0,75,10,92,92)
w(0,76,10,93,93)
w(63,1,10,94,94)
r(25,3,10,95,95)
w(0,77,10,96,96)
w(1,41,10,97,97)
w(43,1,10,98,98)
w(1,42,10,99,99)
r(202,0,11,0,0)
w(932,1,11,1,1)
r(761,0,11,2,2)
w(2,19,11,3,3)
w(173,1,11,4,4)
r(5,17,11,5,5)
w(0,78,11,6,6)
r(3,11,11,7,7)
r(96,2,11,8,8)
w(1,43,11,9,9)
r(773,0,11,10,10)
w(15,3,11,11,11)
r(0,78,11,12,12)
r(3,11,11,13,13)
w(182,1,11,14,14)
r(37,1,11,15,15)
r(145,0,11,16,16)
r(37,1,11,17,17)
r(0,78,11,18,18)
w(4,22,11,19,19)
r(0,78,11,20,20)
r(120,1,11,21,21)
w(663,1,11,22,22)
w(158,3,11,23,23)
w(54,4,11,24,24)
w(5,18,11,25,25)
w(3,12,11,26,26)
r(10,15,11,27,27)
w(105,3,11,28,28)
w(5,19,11,29,29)
w(0,79,11,30,30)
w(0,80,11,31,31)
r(1,43,11,32,32)
r(18,2,11,33,33)
r(17,3,11,34,34)
w(5,20,11,35,35)
w(114,1,11,36,36)
w(37,2,11,37,37)
r(4,22,11,38,38)
r(10,15,11,39,39)
w(140,1,11,40,40)
r(44,0,11,41,41)
w(500,2,11,42,42)
r(319,0,11,43,43)
r(88,0,11,44,44)
w(276,1,11,45,45)
w(294,1,11,46,46)
r(0,80,11,47,47)
r(476,0,11,48,48)
w(91,2,11,49,49)
r(25,3,11,50,50)
r(7,12,11,51,51)
w(66,3,11,52,52)
r(0,80,11,53,53)
r(72,1,11,54,54)
r(157,0,11,55,55)
w(346,1,11,56,56)
r(0,80,11,57,57)
w(16,11,11,58,58)
w(0,81,11,59,59)
r(0,81,11,60,60)
w(162,2,11,61,61)
w(98,3,11,62,62)
r(15,3,11,63,63)
w(13,7,11,64,64)
w(0,82,11,65,65)
w(5,21,11,66,66)
w(87,1,11,67,67)
w(970,1,11,68,68)
r(514,0,11,69,69)
w(371,2,11,70,70)
w(298,2,11,71,71)
r(47,2,11,72,72)
r(4,22,11,73,73)
w(636,3,11,74,74)
w(3,13,11,75,75)
w(26,4,11,76,76)
w(3,14,11,77,77)
w(431,1,11,78,78)
w(85,1,11,79,79)
w(694,1,11,80,80)
r(261,2,11,81,81)
r(37,2,11,82,82)
w(0,83,11,83,83)
r(49,3,11,84,84)
r(1,43,11,85,85)
w(15,4,11,86,86)
r(69,1,11,87,87)
r(18,2,11,88,88)
r(29,2,11,89,89)
r(8,8,11,90,90)
w(2,20,11,91,91)
r(13,7,11,92,92)
w(9,10,11,93,93)
r(1,43,11,94,94)
r(867,0,11,95,95)
r(17,3,11,96,96)
r(6,10,11,97,97)
w(269,1,11,98,98)
r(65,3,11,99,99)
r(397,1,12,0,0)
r(0,83,12,1,1)
r(168,0,12,2,2)
w(0,84,12,3,3)
w(17,4,12,4,4)
w(945,1,12,5,5)
r(560,0,12,6,6)
w(370,1,12,7,7)
w(927,1,12,8,8)
w(602,1,12,9,9)
r(0,84,12,10,10)
w(105,4,12,11,11)
r(1,43,12,12,12)
w(100,1,12,13,13)
w(33,5,12,14,14)
w(3,15,12,15,15)
r(0,84,12,16,16)
w(104,1,12,17,17)
r(85,1,12,18,18)
w(3,16,12,19,19)
r(0,84,12,20,20)
r(48,1,12,21,21)
r(1,43,12,22,22)
r(31,4,12,23,23)
w(1,44,12,24,24)
r(20,3,12,25,25)
w(0,85,12,26,26)
w(579,2,12,27,27)
r(10,15,12,28,28)
r(3,16,12,29,29)
r(12,7,12,30,30)
w(323,1,12,31,31)
w(314,1,12,32,32)
r(20,3,12,33,33)
w(1,45,12,34,34)
r(174,0,12,35,35)
r(2,20,12,36,36)
r(79,1,12,37,37)
w(57,1,12,38,38)
w(113,3,12,39,39)
w(0,86,12,40,40)
r(1,45,12,41,41)
w(420,1,12,42,42)
r(4,22,12,43,43)
w(1,46,12,44,44)
w(26,5,12,45,45)
r(442,0,12,46,46)
r(439,0,12,47,47)
w(89,2,12,48,48)
r(182,1,12,49,49)
r(18,2,12,50,50)
w(1,47,12,51,51)
w(108,1,12,52,52)
w(125,4,12,53,53)
w(774,1,12,54,54)
r(1,47,12,55,55)
r(8,8,12,56,56)
r(593,1,12,57,57)
r(93,1,12,58,58)
w(0,87,12,59,59)
w(8,9,12,60,60)
w(861,1,12,61,61)
w(57,2,12,62,62)
w(54,5,12,63,63)
w(111,2,12,64,64)
r(111,2,12,65,65)
r(1,47,12,66,66)
w(970,2,12,67,67)
w(8,10,12,68,68)
r(4,22,12,69,69)
r(238,2,12,70,70)
w(1,48,12,71,71)
w(952,1,12,72,72)
w(3,17,12,73,73)
r(0,87,12,74,74)
w(87,2,12,75,75)
w(54,6,12,76,76)
w(25,4,12,77,77)
r(23,4,12,78,78)
w(12,8,12,79,79)
r(5,21,12,80,80)
r(2,20,12,81,81)
r(0,87,12,82,82)
r(175,0,12,83,83)
w(793,1,12,84,84)
r(12,8,12,85,85)
r(405,1,12,86,86)
r(0,87,12,87,87)
r(69,1,12,88,88)
w(657,1,12,89,89)
w(342,1,12,90,90)
w(4,23,12,91,91)
r(61,1,12,92,92)
r(142,0,12,93,93)
r(69,1,12,94,94)
w(10,16,12,95,95)
w(1,49,12,96,96)
r(19,2,12,97,97)
w(951,1,12,98,98)
r(43,1,12,99,99)
w(1,50,13,0,0)
w(0,88,13,1,1)
w(13,8,13,2,2)
r(419,0,13,3,3)
r(313,1,13,4,4)
r(159,0,13,5,5)
r(0,88,13,6,6)
r(0,88,13,7,7)
w(58,1,13,8,8)
r(28,1,13,9,9)
w(11,2,13,10,10)
r(24,5,13,11,11)
r(22,3,13,12,12)
w(17,5,13,13,13)
r(763,2,13,14,14)
r(272,0,13,15,15)
w(111,3,13,16,16)
w(622,1,13,17,17)
r(106,2,13,18,18)
w(103,1,13,19,19)
w(1,51,13,20,20)
r(1,51,13,21,21)
r(471,0,13,22,22)
w(0,89,13,23,23)
w(1,52,13,24,24)
w(133,1,13,25,25)
w(661,1,13,26,26)
w(249,1,13,27,27)
w(38,3,13,28,28)
r(999,0,13,29,29)
r(4,23,13,30,30)
r(25,4,13,31,31)
w(0,90,13,32,32)
r(16,11,13,33,33)
w(9,11,13,34,34)
r(3,17,13,35,35)
w(172,1,13,36,36)
w(11,3,13,37,37)
w(0,91,13,38,38)
r(381,0,13,39,39)
r(0,91,13,40,40)
r(0,91,13,41,41)
r(1,52,13,42,42)
r(0,91,13,43,43)
w(237,1,13,44,44)
r(1,52,13,45,45)
r(394,0,13,46,46)
w(80,3,13,47,47)
r(30,1,13,48,48)
r(2,20,13,49,49)
r(0,91,13,50,50)
w(19,3,13,51,51)
r(12,8,13,52,52)
w(235,2,13,53,53)
r(19,3,13,54,54)
r(108,1,13,55,55)
r(0,91,13,56,56)
r(13,8,13,57,57)
w(0,92,13,58,58)
r(230,2,13,59,59)
w(15,5,13,60,60)
r(284,0,13,61,61)
w(273,2,13,62,62)
r(848,0,13,63,63)
w(2,21,13,64,64)
r(81,1,13,65,65)
w(108,2,13,66,66)
r(285,0,13,67,67)
r(1,52,13,68,68)
w(171,1,13,69,69)
r(99,2,13,70,70)
r(1,52,13,71,71)
r(72,1,13,72,72)
r(1,52,13,73,73)
r(39,2,13,74,74)
w(7,13,13,75,75)
r(29,2,13,76,76)
w(12,9,13,77,77)
w(473,1,13,78,78)
w(27,4,13,79,79)
w(1,53,13,80,80)
r(0,92,13,81,81)
r(33,5,13,82,82)
r(1,53,13,83,83)
r(159,0,13,84,84)
r(10,16,13,85,85)
r(7,13,13,86,86)
w(20,4,13,87,87)
r(0,92,13,88,88)
w(31,5,13,89,89)
r(10,16,13,90,90)
r(7,13,13,91,91)
w(210,1,13,92,92)
w(586,1,13,93,93)
r(0,92,13,94,94)
w(92,2,13,95,95)
w(8,11,13,96,96)
w(11,4,13,97,97)
w(390,1,13,98,98)
r(2,21,13,99,99)
r(3,17,14,0,0)
w(924,1,14,1,1)
w(502,1,14,2,2)
r(384,0,14,3,3)
w(0,93,14,4,4)
r(733,0,14,5,5)
w(353,1,14,6,6)
w(53,2,14,7,7)
r(7,13,14,8,8)
r(369,1,14,9,9)
w(0,94,14,10,10)
w(317,1,14,11,11)
r(2,21,14,12,12)
w(152,1,14,13,13)
r(0,94,14,14,14)
r(2,21,14,15,15)
w(624,1,14,16,16)
r(0,94,14,17,17)
w(1,54,14,18,18)
r(544,0,14,19,19)
w(131,1,14,20,20)
w(33,6,14,21,21)
r(22,3,14,22,22)
w(3,18,14,23,23)
r(53,2,14,24,24)
r(4,23,14,25,25)
r(22,3,14,26,26)
r(11,4,14,27,27)
w(967,1,14,28,28)
r(16,11,14,29,29)
r(0,94,14,30,30)
r(5,21,14,31,31)
w(1,55,14,32,32)
r(133,1,14,33,33)
w(8,12,14,34,34)
w(56,3,14,35,35)
w(89,3,14,36,36)
w(12,10,14,37,37)
r(0,94,14,38,38)
r(180,0,14,39,39)
w(0,95,14,40,40)
r(144,1,14,41,41)
r(14,4,14,42,42)
w(166,1,14,43,43)
w(0,96,14,44,44)
w(10,17,14,45,45)
r(0,96,14,46,46)
r(247,1,14,47,47)
w(27,5,14,48,48)
w(33,7,14,49,49)
w(56,4,14,50,50)
w(2,22,14,51,51)
r(1,55,14,52,52)
w(8,13,14,53,53)
w(509,1,14,54,54)
r(9,11,14,55,55)
w(2,23,14,56,56)
r(321,0,14,57,57)
r(7,13,14,58,58)
r(723,0,14,59,59)
r(72,1,14,60,60)
w(37,3,14,61,61)
w(6,11,14,62,62)
w(74,2,14,63,63)
r(864,0,14,64,64)
w(26,6,14,65,65)
w(29,3,14,66,66)
r(271,0,14,67,67)
r(4,23,14,68,68)
w(16,12,14,69,69)
w(7,14,14,70,70)
w(317,2,14,71,71)
w(1,56,14,72,72)
w(55,2,14,73,73)
w(396,1,14,74,74)
r(81,1,14,75,75)
w(35,3,14,76,76)
r(19,3,14,77,77)
r(73,0,14,78,78)
w(146,2,14,79,79)
w(9,12,14,80,80)
w(4,24,14,81,81)
w(2,24,14,82,82)
w(134,1,14,83,83)
r(0,96,14,84,84)
r(1,56,14,85,85)
w(3,19,14,86,86)
w(130,1,14,87,87)
w(1,57,14,88,88)
w(244,2,14,89,89)
r(0,96,14,90,90)
w(537,1,14,91,91)
r(634,1,14,92,92)
r(5,21,14,93,93)
w(5,22,14,94,94)
r(12,10,14,95,95)
w(0,97,14,96,96)
r(19,3,14,97,97)
r(0,97,14,98,98)
r(4,24,14,99,99)
w(6,12,15,0,0)
r(1,57,15,1,1)
w(1,58,15,2,2)
r(4,24,15,3,3)
w(1,59,15,4,4)
w(141,1,15,5,5)
r(649,0,15,6,6)
r(3,19,15,7,7)
r(3,19,15,8,8)
r(28,1,15,9,9)
w(1,60,15,10,10)
r(246,0,15,11,11)
w(21,3,15,12,12)
r(39,2,15,13,13)
w(5,23,15,14,14)
r(7,14,15,15,15)
r(80,3,15,16,16)
r(745,0,15,17,17)
w(8,14,15,18,18)
r(102,0,15,19,19)
r(10,17,15,20,20)
w(4,25,15,21,21)
w(517,1,15,22,22)
w(23,5,15,23,23)
w(888,1,15,24,24)
r(843,0,15,25,25)
w(0,98,15,26,26)
w(54,7,15,27,27)
r(155,0,15,28,28)
w(82,1,15,29,29)
r(36,1,15,30,30)
w(845,1,15,31,31)
w(142,1,15,32,32)
w(34,3,15,33,33)
w(16,13,15,34,34)
r(11,4,15,35,35)
r(0,98,15,36,36)
r(28,1,15,37,37)
r(3,19,15,38,38)
r(384,0,15,39,39)
w(2,25,15,40,40)
w(5,24,15,41,41)
w(0,99,15,42,42)
r(3,19,15,43,43)
w(1,61,15,44,44)
r(80,3,15,45,45)
r(283,0,15,46,46)
r(2,25,15,47,47)
r(459,0,15,48,48)
w(5,25,15,49,49)
r(2,25,15,50,50)
w(62,2,15,51,51)
w(778,1,15,52,52)
w(163,1,15,53,53)
r(14,4,15,54,54)
r(127,1,15,55,55)
w(1,62,15,56,56)
w(38,4,15,57,57)
r(50,1,15,58,58)
r(23,5,15,59,59)
w(488,1,15,60,60)
w(3,20,15,61,61)
r(6,12,15,62,62)
w(23,6,15,63,63)
w(2,26,15,64,64)
r(20,4,15,65,65)
w(19,4,15,66,66)
r(7,14,15,67,67)
w(450,2,15,68,68)
w(34,4,15,69,69)
r(627,0,15,70,70)
w(146,3,15,71,71)
r(0,99,15,72,72)
w(40,8,15,73,73)
r(37,3,15,74,74)
r(0,99,15,75,75)
r(40,8,15,76,76)
r(7,14,15,77,77)
r(11,4,15,78,78)
w(5,26,15,79,79)
r(909,0,15,80,80)
r(2,26,15,81,81)
r(7,14,15,82,82)
r(35,3,15,83,83)
r(1,62,15,84,84)
w(6,13,15,85,85)
r(115,1,15,86,86)
r(0,99,15,87,87)
w(305,1,15,88,88)
w(29,4,15,89,89)
r(3,20,15,90,90)
r(13,8,15,91,91)
r(0,99,15,92,92)
w(15,6,15,93,93)
r(935,0,15,94,94)
w(0,100,15,95,95)
w(13,9,15,96,96)
w(0,101,15,97,97)
r(0,101,15,98,98)
w(329,1,15,99,99)
r(9,12,16,0,0)
r(63,1,16,1,1)
r(80,3,16,2,2)
r(0,101,16,3,3)
r(21,3,16,4,4)
r(68,3,16,5,5)
w(947,1,16,6,6)
r(2,26,16,7,7)
w(627,1,16,8,8)
w(1,63,16,9,9)
w(0,102,16,10,10)
w(925,1,16,11,11)
r(24,5,16,12,12)
r(8,14,16,13,13)
w(212,1,16,14,14)
r(457,1,16,15,15)
r(153,2,16,16,16)
r(45,2,16,17,17)
r(994,0,16,18,18)
r(98,3,16,19,19)
r(922,0,16,20,20)
w(338,1,16,21,21)
w(85,2,16,22,22)
w(1,64,16,23,23)
r(154,2,16,24,24)
w(413,1,16,25,25)
w(6,14,16,26,26)
r(54,7,16,27,27)
r(96,2,16,28,28)
r(199,0,16,29,29)
r(95,1,16,30,30)
w(0,103,16,31,31)
r(6,14,16,32,32)
r(152,1,16,33,33)
w(0,104,16,34,34)
r(2,26,16,35,35)
w(57,3,16,36,36)
w(0,105,16,37,37)
r(165,1,16,38,38)
r(0,105,16,39,39)
w(42,4,16,40,40)
r(1,64,16,41,41)
w(284,1,16,42,42)
w(0,106,16,43,43)
r(1,64,16,44,44)
r(25,4,16,45,45)
w(14,5,16,46,46)
w(768,1,16,47,47)
r(316,0,16,48,48)
r(0,106,16,49,49)
w(0,107,16,50,50)
r(0,107,16,51,51)
r(7,14,16,52,52)
r(2,26,16,53,53)
w(0,108,16,54,54)
r(411,0,16,55,55)
r(1,64,16,56,56)
w(6,15,16,57,57)
w(98,4,16,58,58)
w(131,2,16,59,59)
w(2,27,16,60,60)
r(21,3,16,61,61)
r(2,27,16,62,62)
r(32,2,16,63,63)
r(208,0,16,64,64)
w(1,65,16,65,65)
r(102,0,16,66,66)
w(51,1,16,67,67)
r(27,5,16,68,68)
w(323,2,16,69,69)
w(68,4,16,70,70)
w(538,1,16,71,71)
w(605,1,16,72,72)
w(2,28,16,73,73)
r(4,25,16,74,74)
w(37,4,16,75,75)
w(2,29,16,76,76)
w(0,109,16,77,77)
w(24,6,16,78,78)
w(8,15,16,79,79)
w(193,2,16,80,80)
w(620,1,16,81,81)
w(753,1,16,82,82)
r(0,109,16,83,83)
r(938,0,16,84,84)
w(42,5,16,85,85)
r(27,5,16,86,86)
r(23,6,16,87,87)
r(0,109,16,88,88)
r(9,12,16,89,89)
w(2,30,16,90,90)
r(1,65,16,91,91)
r(77,0,16,92,92)
w(816,1,16,93,93)
w(0,110,16,94,94)
w(2,31,16,95,95)
w(79,2,16,96,96)
w(354,2,16,97,97)
w(1,66,16,98,98)
w(0,111,16,99,99)
w(88,1,17,0,0)
w(386,1,17,1,1)
r(408,0,17,2,2)
w(1,67,17,3,3)
r(493,0,17,4,4)
r(133,1,17,5,5)
r(170,2,17,6,6)
r(0,111,17,7,7)
w(0,112,17,8,8)
w(19,5,17,9,9)
r(1,67,17,10,10)
r(658,0,17,11,11)
w(10,18,17,12,12)
w(260,1,17,13,13)
r(1,67,17,14,14)
r(38,4,17,15,15)
r(3,20,17,16,16)
w(38,5,17,17,17)
w(40,9,17,18,18)
r(2,31,17,19,19)
r(329,1,17,20,20)
r(5,26,17,21,21)
r(18,2,17,22,22)
r(5,26,17,23,23)
w(6,16,17,24,24)
r(3,20,17,25,25)
w(2,32,17,26,26)
w(0,113,17,27,27)
w(789,1,17,28,28)
w(5,27,17,29,29)
r(174,0,17,30,30)
w(0,114,17,31,31)
w(0,115,17,32,32)
r(305,1,17,33,33)
r(7,14,17,34,34)
r(165,1,17,35,35)
w(104,2,17,36,36)
w(0,116,17,37,37)
w(5,28,17,38,38)
r(793,1,17,39,39)
w(167,1,17,40,40)
w(375,2,17,41,41)
w(77,1,17,42,42)
w(3,21,17,43,43)
w(1,68,17,44,44)
r(2,32,17,45,45)
w(1,69,17,46,46)
w(803,1,17,47,47)
r(7,14,17,48,48)
w(40,10,17,49,49)
r(5,28,17,50,50)
r(5,28,17,51,51)
r(0,116,17,52,52)
r(0,116,17,53,53)
r(137,2,17,54,54)
r(0,116,17,55,55)
r(125,4,17,56,56)
w(11,5,17,57,57)
w(2,33,17,58,58)
r(0,116,17,59,59)
w(193,3,17,60,60)
r(32,2,17,61,61)
w(0,117,17,62,62)
r(7,14,17,63,63)
r(703,0,17,64,64)
r(44,0,17,65,65)
r(221,0,17,66,66)
w(13,10,17,67,67)
r(7,14,17,68,68)
r(41,4,17,69,69)
w(1,70,17,70,70)
w(748,1,17,71,71)
r(138,1,17,72,72)
w(8,16,17,73,73)
r(4,25,17,74,74)
r(0,117,17,75,75)
w(342,2,17,76,76)
w(779,2,17,77,77)
r(8,16,17,78,78)
r(211,0,17,79,79)
w(825,1,17,80,80)
r(1,70,17,81,81)
r(351,0,17,82,82)
w(6,17,17,83,83)
r(181,0,17,84,84)
w(3,22,17,85,85)
r(2,33,17,86,86)
r(33,7,17,87,87)
r(24,6,17,88,88)
r(28,1,17,89,89)
r(163,1,17,90,90)
w(0,118,17,91,91)
r(0,118,17,92,92)
r(34,4,17,93,93)
w(350,2,17,94,94)
r(0,118,17,95,95)
w(333,1,17,96,96)
r(118,2,17,97,97)
r(3,22,17,98,98)
w(2,34,17,99,99)
w(12,11,18,0,0)
r(22,3,18,1,1)
r(94,1,18,2,2)
r(574,0,18,3,3)
r(340,0,18,4,4)
w(0,119,18,5,5)
w(3,23,18,6,6)
r(15,6,18,7,7)
w(4,26,18,8,8)
r(7,14,18,9,9)
r(188,0,18,10,10)
r(968,1,18,11,11)
r(97,1,18,12,12)
r(1,70,18,13,13)
r(119,1,18,14,14)
r(76,2,18,15,15)
r(0,119,18,16,16)
r(606,0,18,17,17)
w(264,1,18,18,18)
w(779,3,18,19,19)
r(603,0,18,20,20)
r(81,1,18,21,21)
r(0,119,18,22,22)
w(265,1,18,23,23)
w(254,1,18,24,24)
r(135,0,18,25,25)
r(4,26,18,26,26)
r(14,5,18,27,27)
r(469,0,18,28,28)
w(193,4,18,29,29)
r(822,0,18,30,30)
r(715,0,18,31,31)
w(76,3,18,32,32)
r(510,0,18,33,33)
r(1,70,18,34,34)
w(6,18,18,35,35)
r(898,0,18,36,36)
r(206,0,18,37,37)
w(0,120,18,38,38)
w(0,121,18,39,39)
r(676,0,18,40,40)
w(1,71,18,41,41)
r(203,0,18,42,42)
r(0,121,18,43,43)
w(0,122,18,44,44)
r(797,0,18,45,45)
r(10,18,18,46,46)
w(1,72,18,47,47)
r(39,2,18,48,48)
r(534,0,18,49,49)
r(3,23,18,50,50)
w(3,24,18,51,51)
r(142,1,18,52,52)
r(0,122,18,53,53)
r(273,2,18,54,54)
w(72,2,18,55,55)
r(27,5,18,56,56)
w(0,123,18,57,57)
r(1,72,18,58,58)
r(10,18,18,59,59)
r(990,0,18,60,60)
r(567,0,18,61,61)
r(16,13,18,62,62)
r(9,12,18,63,63)
w(2,35,18,64,64)
r(5,28,18,65,65)
r(297,1,18,66,66)
w(0,124,18,67,67)
w(332,1,18,68,68)
w(44,1,18,69,69)
w(1,73,18,70,70)
w(259,1,18,71,71)
w(12,12,18,72,72)
w(64,2,18,73,73)
r(753,1,18,74,74)
w(336,1,18,75,75)
w(24,7,18,76,76)
r(9,12,18,77,77)
r(0,124,18,78,78)
r(5,28,18,79,79)
w(8,17,18,80,80)
w(5,29,18,81,81)
r(1,73,18,82,82)
r(4,26,18,83,83)
w(51,2,18,84,84)
r(51,2,18,85,85)
r(5,29,18,86,86)
r(6,18,18,87,87)
w(186,1,18,88,88)
w(24,8,18,89,89)
w(20,5,18,90,90)
w(0,125,18,91,91)
r(4,26,18,92,92)
w(54,8,18,93,93)
w(1,74,18,94,94)
r(3,24,18,95,95)
r(316,0,18,96,96)
r(504,0,18,97,97)
w(11,6,18,98,98)
w(2,36,18,99,99)
r(4,26,19,0,0)
w(50,2,19,1,1)
r(856,0,19,2,2)
w(0,126,19,3,3)
w(0,127,19,4,4)
r(18,2,19,5,5)
w(6,19,19,6,6)
w(107,1,19,7,7)
r(161,0,19,8,8)
w(619,1,19,9,9)
r(0,127,19,10,10)
r(3,24,19,11,11)
w(12,13,19,12,12)
r(8,17,19,13,13)
w(5,30,19,14,14)
w(94,2,19,15,15)
r(372,0,19,16,16)
w(0,128,19,17,17)
w(55,3,19,18,18)
r(7,14,19,19,19)
r(588,0,19,20,20)
w(946,1,19,21,21)
w(36,2,19,22,22)
w(0,129,19,23,23)
r(14,5,19,24,24)
w(31,6,19,25,25)
r(35,3,19,26,26)
r(0,129,19,27,27)
w(620,2,19,28,28)
w(449,1,19,29,29)
r(0,129,19,30,30)
w(7,15,19,31,31)
r(32,2,19,32,32)
w(47,3,19,33,33)
r(2,36,19,34,34)
r(1,74,19,35,35)
w(102,1,19,36,36)
w(7,16,19,37,37)
r(3,24,19,38,38)
w(0,130,19,39,39)
r(175,0,19,40,40)
w(403,1,19,41,41)
r(868,0,19,42,42)
w(231,3,19,43,43)
r(26,6,19,44,44)
r(8,17,19,45,45)
w(13,11,19,46,46)
r(17,5,19,47,47)
r(2,36,19,48,48)
w(262,3,19,49,49)
w(5,31,19,50,50)
w(0,131,19,51,51)
r(63,1,19,52,52)
r(13,11,19,53,53)
r(194,0,19,54,54)
r(139,0,19,55,55)
w(2,37,19,56,56)
w(620,3,19,57,57)
r(0,131,19,58,58)
w(94,3,19,59,59)
w(538,2,19,60,60)
r(17,5,19,61,61)
r(162,2,19,62,62)
w(218,1,19,63,63)
w(296,1,19,64,64)
r(3,24,19,65,65)
r(469,0,19,66,66)
w(156,1,19,67,67)
w(591,1,19,68,68)
r(0,131,19,69,69)
r(10,18,19,70,70)
r(12,13,19,71,71)
r(254,1,19,72,72)
r(69,1,19,73,73)
r(0,131,19,74,74)
r(12,13,19,75,75)
w(207,1,19,76,76)
r(15,6,19,77,77)
r(57,3,19,78,78)
r(102,1,19,79,79)
r(3,24,19,80,80)
w(306,1,19,81,81)
r(72,2,19,82,82)
w(172,2,19,83,83)
w(8,18,19,84,84)
w(49,4,19,85,85)
r(81,1,19,86,86)
r(883,0,19,87,87)
r(65,3,19,88,88)
w(9,13,19,89,89)
w(160,1,19,90,90)
w(127,2,19,91,91)
w(1,75,19,92,92)
r(218,1,19,93,93)
w(45,3,19,94,94)
w(50,3,19,95,95)
w(15,7,19,96,96)
w(0,132,19,97,97)
w(491,1,19,98,98)
r(923,0,19,99,99)
w(0,133,20,0,0)
r(6,19,20,1,1)
r(1,75,20,2,2)
w(0,134,20,3,3)
r(11,6,20,4,4)
r(703,0,20,5,5)
w(973,1,20,6,6)
w(16,14,20,7,7)
w(0,135,20,8,8)
r(29,4,20,9,9)
r(76,3,20,10,10)
w(11,7,20,11,11)
r(4,26,20,12,12)
w(28,2,20,13,13)
w(32,3,20,14,14)
r(4,26,20,15,15)
w(8,19,20,16,16)
w(13,12,20,17,17)
r(1,75,20,18,18)
w(0,136,20,19,19)
w(34,5,20,20,20)
w(890,1,20,21,21)
w(35,4,20,22,22)
w(72,3,20,23,23)
r(26,6,20,24,24)
r(353,1,20,25,25)
w(28,3,20,26,26)
w(20,6,20,27,27)
w(1,76,20,28,28)
r(1,76,20,29,29)
w(40,11,20,30,30)
r(2,37,20,31,31)
r(30,1,20,32,32)
w(92,3,20,33,33)
r(1,76,20,34,34)
r(1,76,20,35,35)
w(257,1,20,36,36)
w(0,137,20,37,37)
w(0,138,20,38,38)
w(1,77,20,39,39)
r(2,37,20,40,40)
r(15,7,20,41,41)
r(39,2,20,42,42)
w(127,3,20,43,43)
w(136,1,20,44,44)
w(0,139,20,45,45)
w(27,6,20,46,46)
w(2,38,20,47,47)
w(0,140,20,48,48)
w(5,32,20,49,49)
r(26,6,20,50,50)
w(7,17,20,51,51)
w(22,4,20,52,52)
r(1,77,20,53,53)
r(31,6,20,54,54)
w(178,2,20,55,55)
w(2,39,20,56,56)
w(0,141,20,57,57)
w(1,78,20,58,58)
r(9,13,20,59,59)
r(0,141,20,60,60)
r(86,0,20,61,61)
w(596,1,20,62,62)
w(11,8,20,63,63)
w(180,1,20,64,64)
w(44,2,20,65,65)
r(26,6,20,66,66)
r(43,1,20,67,67)
w(1,79,20,68,68)
r(11,8,20,69,69)
r(112,0,20,70,70)
r(0,141,20,71,71)
w(6,20,20,72,72)
w(0,142,20,73,73)
w(0,143,20,74,74)
r(327,0,20,75,75)
w(268,2,20,76,76)
w(17,6,20,77,77)
w(400,1,20,78,78)
w(8,20,20,79,79)
r(30,1,20,80,80)
w(65,4,20,81,81)
w(292,1,20,82,82)
w(42,6,20,83,83)
w(769,1,20,84,84)
w(118,3,20,85,85)
r(25,4,20,86,86)
r(0,143,20,87,87)
w(202,1,20,88,88)
w(3,25,20,89,89)
r(83,0,20,90,90)
w(2,40,20,91,91)
r(0,143,20,92,92)
r(28,3,20,93,93)
w(1,80,20,94,94)
r(0,143,20,95,95)
w(3,26,20,96,96)
r(356,1,20,97,97)
r(66,3,20,98,98)
r(233,0,20,99,99)
w(0,144,21,0,0)
w(687,1,21,1,1)
w(54,9,21,2,2)
w(5,33,21,3,3)
w(916,1,21,4,4)
w(3,27,21,5,5)
r(12,13,21,6,6)
w(2,41,21,7,7)
r(437,2,21,8,8)
r(351,0,21,9,9)
r(11,8,21,10,10)
r(114,1,21,11,11)
w(8,21,21,12,12)
r(7,17,21,13,13)
r(10,18,21,14,14)
r(1,80,21,15,15)
r(2,41,21,16,16)
w(13,13,21,17,17)
w(5,34,21,18,18)
w(0,145,21,19,19)
w(53,3,21,20,20)
w(272,1,21,21,21)
r(78,0,21,22,22)
r(2,41,21,23,23)
w(70,5,21,24,24)
r(108,2,21,25,25)
w(859,1,21,26,26)
r(10,18,21,27,27)
w(894,1,21,28,28)
r(2,41,21,29,29)
w(895,1,21,30,30)
w(38,6,21,31,31)
w(20,7,21,32,32)
r(14,5,21,33,33)
r(7,17,21,34,34)
w(51,3,21,35,35)
r(380,0,21,36,36)
w(2,42,21,37,37)
w(663,2,21,38,38)
w(3,28,21,39,39)
w(12,14,21,40,40)
r(54,9,21,41,41)
w(2,43,21,42,42)
r(0,145,21,43,43)
w(7,18,21,44,44)
r(2,43,21,45,45)
r(2,43,21,46,46)
r(200,0,21,47,47)
w(17,7,21,48,48)
w(21,4,21,49,49)
r(661,1,21,50,50)
r(7,18,21,51,51)
w(0,146,21,52,52)
w(290,2,21,53,53)
w(2,44,21,54,54)
w(2,45,21,55,55)
w(1,81,21,56,56)
w(4,27,21,57,57)
w(579,3,21,58,58)
r(1,81,21,59,59)
r(1,81,21,60,60)
w(709,1,21,61,61)
w(0,147,21,62,62)
r(1,81,21,63,63)
r(76,3,21,64,64)
r(505,0,21,65,65)
w(174,1,21,66,66)
w(1,82,21,67,67)
w(106,3,21,68,68)
r(0,147,21,69,69)
w(1,83,21,70,70)
w(29,5,21,71,71)
r(0,147,21,72,72)
w(956,1,21,73,73)
r(0,147,21,74,74)
w(339,1,21,75,75)
r(25,4,21,76,76)
r(0,147,21,77,77)
r(649,0,21,78,78)
r(264,1,21,79,79)
r(485,0,21,80,80)
w(5,35,21,81,81)
r(0,147,21,82,82)
w(39,3,21,83,83)
w(153,3,21,84,84)
r(18,2,21,85,85)
r(0,147,21,86,86)
r(9,13,21,87,87)
w(65,5,21,88,88)
w(22,5,21,89,89)
w(0,148,21,90,90)
r(6,20,21,91,91)
r(32,3,21,92,92)
r(2,45,21,93,93)
r(91,2,21,94,94)
r(21,4,21,95,95)
w(169,2,21,96,96)
r(18,2,21,97,97)
w(25,5,21,98,98)
r(19,5,21,99,99)
w(4,28,22,0,0)
w(44,3,22,1,1)
w(123,3,22,2,2)
w(1,84,22,3,3)
r(2,45,22,4,4)
w(168,1,22,5,5)
w(1,85,22,6,6)
r(3,28,22,7,7)
w(16,15,22,8,8)
w(33,8,22,9,9)
r(67,1,22,10,10)
w(11,9,22,11,11)
w(0,149,22,12,12)
w(0,150,22,13,13)
w(217,1,22,14,14)
w(72,4,22,15,15)
r(7,18,22,16,16)
r(1,85,22,17,17)
w(70,6,22,18,18)
r(992,0,22,19,19)
w(7,19,22,20,20)
r(6,20,22,21,21)
w(10,19,22,22,22)
w(50,4,22,23,23)
r(144,1,22,24,24)
w(16,16,22,25,25)
r(0,150,22,26,26)
w(18,3,22,27,27)
w(0,151,22,28,28)
r(0,151,22,29,29)
w(459,1,22,30,30)
w(319,1,22,31,31)
w(30,2,22,32,32)
w(0,152,22,33,33)
w(1,86,22,34,34)
r(48,1,22,35,35)
w(7,20,22,36,36)
r(2,45,22,37,37)
w(7,21,22,38,38)
w(10,20,22,39,39)
w(0,153,22,40,40)
r(61,1,22,41,41)
w(291,1,22,42,42)
r(7,21,22,43,43)
w(32,4,22,44,44)
w(8,22,22,45,45)
w(3,29,22,46,46)
w(24,9,22,47,47)
w(295,1,22,48,48)
w(98,5,22,49,49)
w(11,10,22,50,50)
w(222,2,22,51,51)
r(76,3,22,52,52)
r(424,0,22,53,53)
w(419,1,22,54,54)
r(278,1,22,55,55)
r(226,0,22,56,56)
r(0,153,22,57,57)
r(33,8,22,58,58)
w(377,1,22,59,59)
w(164,2,22,60,60)
w(1,87,22,61,61)
w(758,1,22,62,62)
w(1,88,22,63,63)
r(24,9,22,64,64)
r(4,28,22,65,65)
w(1,89,22,66,66)
r(2,45,22,67,67)
w(3,30,22,68,68)
w(0,154,22,69,69)
w(108,3,22,70,70)
w(97,2,22,71,71)
w(2,46,22,72,72)
w(153,4,22,73,73)
w(6,21,22,74,74)
w(4,29,22,75,75)
w(1,90,22,76,76)
w(77,2,22,77,77)
w(37,5,22,78,78)
w(89,4,22,79,79)
r(300,0,22,80,80)
w(29,6,22,81,81)
w(17,8,22,82,82)
r(0,154,22,83,83)
r(9,13,22,84,84)
r(593,1,22,85,85)
w(318,1,22,86,86)
w(524,1,22,87,87)
r(111,3,22,88,88)
r(38,6,22,89,89)
r(534,0,22,90,90)
r(19,5,22,91,91)
r(13,13,22,92,92)
r(227,0,22,93,93)
w(13,14,22,94,94)
r(938,0,22,95,95)
w(1,91,22,96,96)
w(0,155,22,97,97)
w(1,92,22,98,98)
w(410,1,22,99,99)
r(0,155,23,0,0)
w(2,47,23,1,1)
w(132,1,23,2,2)
r(567,0,23,3,3)
w(0,156,23,4,4)
r(3,30,23,5,5)
w(2,48,23,6,6)
r(11,10,23,7,7)
w(3,31,23,8,8)
r(7,21,23,9,9)
r(174,1,23,10,10)
r(783,0,23,11,11)
r(3,31,23,12,12)
w(10,21,23,13,13)
r(5,35,23,14,14)
w(4,30,23,15,15)
w(1,93,23,16,16)
r(271,0,23,17,17)
w(462,2,23,18,18)
r(37,5,23,19,19)
w(128,2,23,20,20)
w(0,157,23,21,21)
w(70,7,23,22,22)
w(146,4,23,23,23)
w(152,2,23,24,24)
r(384,0,23,25,25)
w(0,158,23,26,26)
r(5,35,23,27,27)
w(2,49,23,28,28)
r(83,0,23,29,29)
w(15,8,23,30,30)
r(93,1,23,31,31)
w(0,159,23,32,32)
w(6,22,23,33,33)
r(34,5,23,34,34)
w(65,6,23,35,35)
r(18,3,23,36,36)
w(74,3,23,37,37)
w(211,1,23,38,38)
w(1,94,23,39,39)
r(14,5,23,40,40)
w(28,4,23,41,41)
w(0,160,23,42,42)
r(8,22,23,43,43)
w(396,2,23,44,44)
w(110,2,23,45,45)
r(3,31,23,46,46)
w(49,5,23,47,47)
r(23,6,23,48,48)
r(8,22,23,49,49)
w(457,2,23,50,50)
w(0,161,23,51,51)
w(664,1,23,52,52)
w(2,50,23,53,53)
w(2,51,23,54,54)
w(5,36,23,55,55)
r(9,13,23,56,56)
w(263,1,23,57,57)
r(87,2,23,58,58)
r(703,0,23,59,59)
w(13,15,23,60,60)
w(0,162,23,61,61)
r(336,1,23,62,62)
w(56,5,23,63,63)
w(120,2,23,64,64)
w(16,17,23,65,65)
w(129,1,23,66,66)
r(11,10,23,67,67)
r(0,162,23,68,68)
w(125,5,23,69,69)
w(156,2,23,70,70)
r(841,1,23,71,71)
r(179,0,23,72,72)
w(8,23,23,73,73)
r(1,94,23,74,74)
w(95,2,23,75,75)
r(301,0,23,76,76)
w(7,22,23,77,77)
w(43,2,23,78,78)
r(0,162,23,79,79)
w(680,2,23,80,80)
w(0,163,23,81,81)
w(3,32,23,82,82)
w(0,164,23,83,83)
r(189,2,23,84,84)
r(334,1,23,85,85)
w(590,1,23,86,86)
r(305,1,23,87,87)
w(150,1,23,88,88)
r(362,1,23,89,89)
w(319,2,23,90,90)
w(7,23,23,91,91)
r(2,51,23,92,92)
r(244,2,23,93,93)
r(29,6,23,94,94)
r(150,1,23,95,95)
w(0,165,23,96,96)
w(0,166,23,97,97)
w(31,7,23,98,98)
w(29,7,23,99,99)
r(4,30,24,0,0)
r(53,3,24,1,1)
r(6,22,24,2,2)
r(0,166,24,3,3)
r(0,166,24,4,4)
r(2,51,24,5,5)
w(0,167,24,6,6)
w(22,6,24,7,7)
w(6,23,24,8,8)
w(60,6,24,9,9)
r(41,4,24,10,10)
r(1,94,24,11,11)
r(1,94,24,12,12)
w(3,33,24,13,13)
w(6,24,24,14,14)
w(253,1,24,15,15)
w(60,7,24,16,16)
w(388,1,24,17,17)
r(4,30,24,18,18)
w(416,1,24,19,19)
w(969,1,24,20,20)
r(0,167,24,21,21)
w(359,1,24,22,22)
w(0,168,24,23,23)
r(307,1,24,24,24)
r(591,1,24,25,25)
w(89,5,24,26,26)
w(7,24,24,27,27)
w(1,95,24,28,28)
r(1,95,24,29,29)
w(819,1,24,30,30)
w(39,4,24,31,31)
r(11,10,24,32,32)
w(12,15,24,33,33)
w(8,24,24,34,34)
w(7,25,24,35,35)
r(264,1,24,36,36)
r(1,95,24,37,37)
w(2,52,24,38,38)
w(10,22,24,39,39)
r(12,15,24,40,40)
w(731,1,24,41,41)
w(1,96,24,42,42)
r(0,168,24,43,43)
w(7,26,24,44,44)
r(65,6,24,45,45)
r(1,96,24,46,46)
w(2,53,24,47,47)
w(2,54,24,48,48)
r(15,8,24,49,49)
w(0,169,24,50,50)
r(13,15,24,51,51)
w(30,3,24,52,52)
r(4,30,24,53,53)
r(25,5,24,54,54)
w(1,97,24,55,55)
w(2,55,24,56,56)
w(149,1,24,57,57)
r(129,1,24,58,58)
r(666,0,24,59,59)
r(875,0,24,60,60)
w(559,1,24,61,61)
w(0,170,24,62,62)
w(8,25,24,63,63)
r(2,55,24,64,64)
w(7,27,24,65,65)
w(3,34,24,66,66)
w(133,2,24,67,67)
r(2,55,24,68,68)
w(996,1,24,69,69)
w(117,1,24,70,70)
w(14,6,24,71,71)
r(205,0,24,72,72)
w(5,37,24,73,73)
w(22,7,24,74,74)
w(1,98,24,75,75)
r(875,0,24,76,76)
w(2,56,24,77,77)
r(0,170,24,78,78)
w(94,4,24,79,79)
r(142,1,24,80,80)
r(24,9,24,81,81)
w(1,99,24,82,82)
w(201,1,24,83,83)
r(0,170,24,84,84)
w(2,57,24,85,85)
r(8,25,24,86,86)
w(232,1,24,87,87)
r(634,1,24,88,88)
r(37,5,24,89,89)
w(3,35,24,90,90)
w(0,171,24,91,91)
r(11,10,24,92,92)
r(176,0,24,93,93)
r(3,35,24,94,94)
r(45,3,24,95,95)
r(29,7,24,96,96)
w(845,2,24,97,97)
w(67,2,24,98,98)
r(3,35,24,99,99)
