r(95,0,0,0,0)
r(53,0,0,1,1)
r(91,0,0,2,2)
r(50,0,0,3,3)
r(52,0,0,4,4)
r(29,0,0,5,5)
r(7,0,0,6,6)
r(9,0,0,7,7)
r(44,0,0,8,8)
r(65,0,0,9,9)
r(46,0,0,10,10)
r(15,0,0,11,11)
r(66,0,0,12,12)
r(81,0,0,13,13)
r(93,0,0,14,14)
r(40,0,0,15,15)
r(10,0,0,16,16)
r(85,0,0,17,17)
r(92,0,0,18,18)
r(71,0,0,19,19)
r(8,0,0,20,20)
r(88,0,0,21,21)
r(83,0,0,22,22)
r(83,0,0,23,23)
r(27,0,0,24,24)
r(11,0,0,25,25)
r(17,0,0,26,26)
r(53,0,0,27,27)
r(50,0,0,28,28)
r(99,0,0,29,29)
r(58,0,0,30,30)
r(22,0,0,31,31)
w(88,1,0,32,32)
r(92,0,0,33,33)
r(39,0,0,34,34)
r(79,0,0,35,35)
r(64,0,0,36,36)
r(61,0,0,37,37)
r(36,0,0,38,38)
w(74,1,0,39,39)
w(93,1,0,40,40)
r(63,0,0,41,41)
r(26,0,0,42,42)
r(75,0,0,43,43)
r(21,0,0,44,44)
r(99,0,0,45,45)
r(42,0,0,46,46)
r(24,0,0,47,47)
r(95,0,0,48,48)
r(1,0,0,49,49)
r(52,0,0,50,50)
r(12,0,0,51,51)
r(40,0,0,52,52)
r(97,0,0,53,53)
r(62,0,0,54,54)
w(81,1,0,55,55)
r(42,0,0,56,56)
r(45,0,0,57,57)
r(26,0,0,58,58)
r(38,0,0,59,59)
r(14,0,0,60,60)
r(83,0,0,61,61)
w(4,1,0,62,62)
r(51,0,0,63,63)
r(10,0,0,64,64)
r(17,0,0,65,65)
w(46,1,0,66,66)
r(47,0,0,67,67)
r(62,0,0,68,68)
r(5,0,0,69,69)
w(1,1,0,70,70)
r(19,0,0,71,71)
r(16,0,0,72,72)
r(68,0,0,73,73)
r(72,0,0,74,74)
w(97,1,0,75,75)
r(86,0,0,76,76)
r(12,0,0,77,77)
w(12,1,0,78,78)
w(93,2,0,79,79)
r(96,0,0,80,80)
r(74,1,0,81,81)
r(52,0,0,82,82)
r(44,0,0,83,83)
r(6,0,0,84,84)
r(74,1,0,85,85)
r(43,0,0,86,86)
r(2,0,0,87,87)
r(32,0,0,88,88)
r(63,0,0,89,89)
w(66,1,0,90,90)
r(46,1,0,91,91)
r(47,0,0,92,92)
r(13,0,0,93,93)
r(83,0,0,94,94)
r(17,0,0,95,95)
r(9,0,0,96,96)
w(90,1,0,97,97)
r(77,0,0,98,98)
w(49,1,0,99,99)
r(70,0,1,0,0)
r(17,0,1,1,1)
r(73,0,1,2,2)
r(8,0,1,3,3)
r(65,0,1,4,4)
r(59,0,1,5,5)
r(61,0,1,6,6)
r(73,0,1,7,7)
r(6,0,1,8,8)
r(76,0,1,9,9)
r(37,0,1,10,10)
w(48,1,1,11,11)
r(68,0,1,12,12)
r(12,1,1,13,13)
r(22,0,1,14,14)
r(83,0,1,15,15)
r(44,0,1,16,16)
r(27,0,1,17,17)
r(57,0,1,18,18)
r(97,1,1,19,19)
r(91,0,1,20,20)
r(76,0,1,21,21)
r(76,0,1,22,22)
r(23,0,1,23,23)
r(97,1,1,24,24)
r(43,0,1,25,25)
r(25,0,1,26,26)
r(13,0,1,27,27)
r(93,2,1,28,28)
r(76,0,1,29,29)
r(77,0,1,30,30)
w(82,1,1,31,31)
r(89,0,1,32,32)
r(58,0,1,33,33)
r(50,0,1,34,34)
r(10,0,1,35,35)
r(70,0,1,36,36)
r(75,0,1,37,37)
r(57,0,1,38,38)
r(56,0,1,39,39)
r(16,0,1,40,40)
w(35,1,1,41,41)
r(90,1,1,42,42)
r(70,0,1,43,43)
r(34,0,1,44,44)
r(64,0,1,45,45)
r(65,0,1,46,46)
r(60,0,1,47,47)
r(45,0,1,48,48)
r(81,1,1,49,49)
r(81,1,1,50,50)
r(41,0,1,51,51)
r(13,0,1,52,52)
r(93,2,1,53,53)
w(29,1,1,54,54)
r(0,0,1,55,55)
r(75,0,1,56,56)
r(0,0,1,57,57)
r(13,0,1,58,58)
r(63,0,1,59,59)
r(32,0,1,60,60)
w(17,1,1,61,61)
r(27,0,1,62,62)
r(56,0,1,63,63)
r(61,0,1,64,64)
r(32,0,1,65,65)
r(7,0,1,66,66)
r(2,0,1,67,67)
r(68,0,1,68,68)
r(60,0,1,69,69)
w(36,1,1,70,70)
w(96,1,1,71,71)
r(99,0,1,72,72)
r(95,0,1,73,73)
w(25,1,1,74,74)
r(18,0,1,75,75)
r(84,0,1,76,76)
r(44,0,1,77,77)
w(14,1,1,78,78)
r(89,0,1,79,79)
r(16,0,1,80,80)
r(25,1,1,81,81)
r(0,0,1,82,82)
r(99,0,1,83,83)
r(7,0,1,84,84)
r(75,0,1,85,85)
w(66,2,1,86,86)
r(98,0,1,87,87)
r(50,0,1,88,88)
w(58,1,1,89,89)
r(70,0,1,90,90)
r(76,0,1,91,91)
r(69,0,1,92,92)
r(36,1,1,93,93)
r(95,0,1,94,94)
r(91,0,1,95,95)
r(56,0,1,96,96)
r(55,0,1,97,97)
r(62,0,1,98,98)
w(10,1,1,99,99)
