r(0,0,0,0,0)
w(43,1,0,1,1)
w(66,1,0,2,2)
w(6,1,0,3,3)
w(95,1,0,4,4)
r(16,0,0,5,5)
r(1,0,0,6,6)
w(80,1,0,7,7)
w(0,1,0,8,8)
r(0,1,0,9,9)
r(0,1,0,10,10)
w(16,1,0,11,11)
r(2,0,0,12,12)
r(12,0,0,13,13)
w(47,1,0,14,14)
w(1,1,0,15,15)
w(35,1,0,16,16)
r(24,0,0,17,17)
w(21,1,0,18,18)
w(0,2,0,19,19)
r(3,0,0,20,20)
r(1,1,0,21,21)
r(8,0,0,22,22)
w(0,3,0,23,23)
r(0,3,0,24,24)
w(89,1,0,25,25)
w(1,2,0,26,26)
w(3,1,0,27,27)
w(0,4,0,28,28)
w(26,1,0,29,29)
r(33,0,0,30,30)
w(7,1,0,31,31)
r(6,1,0,32,32)
w(22,1,0,33,33)
w(12,1,0,34,34)
r(1,2,0,35,35)
r(3,1,0,36,36)
r(0,4,0,37,37)
w(21,2,0,38,38)
r(1,2,0,39,39)
w(0,5,0,40,40)
r(0,5,0,41,41)
w(1,3,0,42,42)
w(25,1,0,43,43)
r(10,0,0,44,44)
r(18,0,0,45,45)
r(9,0,0,46,46)
w(2,1,0,47,47)
w(0,6,0,48,48)
r(93,0,0,49,49)
r(58,0,0,50,50)
w(23,1,0,51,51)
w(43,2,0,52,52)
r(3,1,0,53,53)
r(29,0,0,54,54)
r(2,1,0,55,55)
r(5,0,0,56,56)
w(25,2,0,57,57)
w(0,7,0,58,58)
r(3,1,0,59,59)
r(77,0,0,60,60)
r(53,0,0,61,61)
r(0,7,0,62,62)
w(37,1,0,63,63)
r(98,0,0,64,64)
w(0,8,0,65,65)
w(12,2,0,66,66)
r(82,0,0,67,67)
r(0,8,0,68,68)
w(2,2,0,69,69)
w(1,4,0,70,70)
r(7,1,0,71,71)
w(92,1,0,72,72)
r(5,0,0,73,73)
r(0,8,0,74,74)
w(37,2,0,75,75)
w(63,1,0,76,76)
r(3,1,0,77,77)
w(29,1,0,78,78)
r(2,2,0,79,79)
r(70,0,0,80,80)
r(13,0,0,81,81)
w(0,9,0,82,82)
r(20,0,0,83,83)
r(22,1,0,84,84)
w(4,1,0,85,85)
w(11,1,0,86,86)
r(1,4,0,87,87)
w(0,10,0,88,88)
w(5,1,0,89,89)
w(4,2,0,90,90)
w(57,1,0,91,91)
r(8,0,0,92,92)
r(5,1,0,93,93)
w(9,1,0,94,94)
w(23,2,0,95,95)
w(0,11,0,96,96)
w(72,1,0,97,97)
r(4,2,0,98,98)
r(0,11,0,99,99)
w(20,1,0,100,100)
r(5,1,0,101,101)
r(7,1,0,102,102)
w(55,1,0,103,103)
w(2,3,0,104,104)
r(12,2,0,105,105)
w(0,12,0,106,106)
r(47,1,0,107,107)
w(17,1,0,108,108)
r(21,2,0,109,109)
w(2,4,0,110,110)
r(66,1,0,111,111)
w(2,5,0,112,112)
w(2,6,0,113,113)
r(9,1,0,114,114)
w(2,7,0,115,115)
r(39,0,0,116,116)
r(0,12,0,117,117)
w(39,1,0,118,118)
r(1,4,0,119,119)
r(0,12,0,120,120)
r(8,0,0,121,121)
w(3,2,0,122,122)
w(1,5,0,123,123)
w(5,2,0,124,124)
r(9,1,0,125,125)
r(14,0,0,126,126)
r(24,0,0,127,127)
w(8,1,0,128,128)
w(2,8,0,129,129)
r(8,1,0,130,130)
r(0,12,0,131,131)
w(0,13,0,132,132)
w(37,3,0,133,133)
w(4,3,0,134,134)
w(64,1,0,135,135)
w(2,9,0,136,136)
r(0,13,0,137,137)
r(0,13,0,138,138)
w(17,2,0,139,139)
r(39,1,0,140,140)
r(3,2,0,141,141)
w(48,1,0,142,142)
w(0,14,0,143,143)
w(0,15,0,144,144)
r(3,2,0,145,145)
w(3,3,0,146,146)
r(84,0,0,147,147)
w(71,1,0,148,148)
r(35,1,0,149,149)
r(0,15,0,150,150)
w(30,1,0,151,151)
r(2,9,0,152,152)
w(96,1,0,153,153)
r(2,9,0,154,154)
w(57,2,0,155,155)
r(17,2,0,156,156)
r(0,15,0,157,157)
r(5,2,0,158,158)
w(16,2,0,159,159)
w(32,1,0,160,160)
r(2,9,0,161,161)
w(7,2,0,162,162)
r(4,3,0,163,163)
w(2,10,0,164,164)
w(40,1,0,165,165)
r(3,3,0,166,166)
r(0,15,0,167,167)
r(12,2,0,168,168)
w(1,6,0,169,169)
w(39,2,0,170,170)
r(22,1,0,171,171)
w(4,4,0,172,172)
r(4,4,0,173,173)
r(1,6,0,174,174)
w(2,11,0,175,175)
r(13,0,0,176,176)
r(1,6,0,177,177)
r(1,6,0,178,178)
r(19,0,0,179,179)
r(15,0,0,180,180)
w(21,3,0,181,181)
r(2,11,0,182,182)
w(1,7,0,183,183)
r(46,0,0,184,184)
r(9,1,0,185,185)
w(8,2,0,186,186)
w(2,12,0,187,187)
w(0,16,0,188,188)
r(97,0,0,189,189)
w(34,1,0,190,190)
w(23,3,0,191,191)
r(68,0,0,192,192)
r(64,1,0,193,193)
w(6,2,0,194,194)
w(9,2,0,195,195)
w(74,1,0,196,196)
r(0,16,0,197,197)
w(92,2,0,198,198)
w(16,3,0,199,199)
r(2,12,1,0,0)
r(17,2,1,1,1)
r(0,16,1,2,2)
r(52,0,1,3,3)
w(26,2,1,4,4)
r(6,2,1,5,5)
r(53,0,1,6,6)
r(0,16,1,7,7)
r(13,0,1,8,8)
w(4,5,1,9,9)
w(29,2,1,10,10)
r(62,0,1,11,11)
w(4,6,1,12,12)
r(18,0,1,13,13)
w(47,2,1,14,14)
w(94,1,1,15,15)
w(29,3,1,16,16)
w(0,17,1,17,17)
r(40,1,1,18,18)
w(7,3,1,19,19)
w(18,1,1,20,20)
r(4,6,1,21,21)
r(1,7,1,22,22)
w(1,8,1,23,23)
w(4,7,1,24,24)
r(23,3,1,25,25)
r(1,8,1,26,26)
r(0,17,1,27,27)
r(0,17,1,28,28)
w(0,18,1,29,29)
r(4,7,1,30,30)
w(3,4,1,31,31)
w(18,2,1,32,32)
w(12,3,1,33,33)
r(2,12,1,34,34)
w(19,1,1,35,35)
w(41,1,1,36,36)
r(1,8,1,37,37)
w(10,1,1,38,38)
r(7,3,1,39,39)
r(3,4,1,40,40)
w(1,9,1,41,41)
w(36,1,1,42,42)
r(3,4,1,43,43)
w(5,3,1,44,44)
w(5,4,1,45,45)
r(10,1,1,46,46)
r(9,2,1,47,47)
r(17,2,1,48,48)
r(36,1,1,49,49)
r(24,0,1,50,50)
r(0,18,1,51,51)
w(19,2,1,52,52)
w(1,10,1,53,53)
r(1,10,1,54,54)
r(83,0,1,55,55)
r(4,7,1,56,56)
r(1,10,1,57,57)
r(5,4,1,58,58)
w(4,8,1,59,59)
w(1,11,1,60,60)
w(0,19,1,61,61)
r(2,12,1,62,62)
w(16,4,1,63,63)
r(0,19,1,64,64)
r(30,1,1,65,65)
w(0,20,1,66,66)
r(4,8,1,67,67)
r(1,11,1,68,68)
w(3,5,1,69,69)
w(63,2,1,70,70)
w(25,3,1,71,71)
w(2,13,1,72,72)
w(0,21,1,73,73)
w(43,3,1,74,74)
w(8,3,1,75,75)
r(11,1,1,76,76)
w(4,9,1,77,77)
w(7,4,1,78,78)
r(4,9,1,79,79)
w(1,12,1,80,80)
r(51,0,1,81,81)
w(23,4,1,82,82)
w(93,1,1,83,83)
w(0,22,1,84,84)
w(0,23,1,85,85)
r(65,0,1,86,86)
r(15,0,1,87,87)
r(2,13,1,88,88)
r(72,1,1,89,89)
r(84,0,1,90,90)
r(3,5,1,91,91)
w(47,3,1,92,92)
r(0,23,1,93,93)
w(0,24,1,94,94)
r(2,13,1,95,95)
r(17,2,1,96,96)
w(46,1,1,97,97)
w(12,4,1,98,98)
r(3,5,1,99,99)
r(4,9,1,100,100)
r(8,3,1,101,101)
w(4,10,1,102,102)
w(83,1,1,103,103)
w(0,25,1,104,104)
r(68,0,1,105,105)
r(0,25,1,106,106)
r(0,25,1,107,107)
r(17,2,1,108,108)
w(2,14,1,109,109)
r(0,25,1,110,110)
w(2,15,1,111,111)
r(37,3,1,112,112)
w(11,2,1,113,113)
r(11,2,1,114,114)
w(23,5,1,115,115)
w(27,1,1,116,116)
r(76,0,1,117,117)
w(1,13,1,118,118)
r(60,0,1,119,119)
r(1,13,1,120,120)
r(12,4,1,121,121)
w(6,3,1,122,122)
w(91,1,1,123,123)
r(11,2,1,124,124)
w(43,4,1,125,125)
r(1,13,1,126,126)
r(1,13,1,127,127)
w(22,2,1,128,128)
w(69,1,1,129,129)
w(40,2,1,130,130)
r(11,2,1,131,131)
r(3,5,1,132,132)
r(73,0,1,133,133)
r(13,0,1,134,134)
w(0,26,1,135,135)
w(44,1,1,136,136)
r(11,2,1,137,137)
r(54,0,1,138,138)
r(3,5,1,139,139)
r(7,4,1,140,140)
r(3,5,1,141,141)
w(59,1,1,142,142)
r(0,26,1,143,143)
w(20,2,1,144,144)
r(35,1,1,145,145)
w(2,16,1,146,146)
r(0,26,1,147,147)
w(0,27,1,148,148)
r(96,1,1,149,149)
w(31,1,1,150,150)
r(0,27,1,151,151)
w(2,17,1,152,152)
w(42,1,1,153,153)
w(17,3,1,154,154)
w(0,28,1,155,155)
w(4,11,1,156,156)
w(2,18,1,157,157)
w(10,2,1,158,158)
w(79,1,1,159,159)
r(50,0,1,160,160)
w(61,1,1,161,161)
r(0,28,1,162,162)
r(0,28,1,163,163)
r(3,5,1,164,164)
w(2,19,1,165,165)
r(11,2,1,166,166)
r(77,0,1,167,167)
r(0,28,1,168,168)
r(4,11,1,169,169)
w(0,29,1,170,170)
w(40,3,1,171,171)
w(47,4,1,172,172)
r(51,0,1,173,173)
w(5,5,1,174,174)
w(6,4,1,175,175)
r(33,0,1,176,176)
r(4,11,1,177,177)
w(6,5,1,178,178)
r(84,0,1,179,179)
r(25,3,1,180,180)
w(5,6,1,181,181)
r(86,0,1,182,182)
r(2,19,1,183,183)
r(1,13,1,184,184)
w(2,20,1,185,185)
w(31,2,1,186,186)
w(0,30,1,187,187)
w(64,2,1,188,188)
w(19,3,1,189,189)
w(2,21,1,190,190)
r(0,30,1,191,191)
r(2,21,1,192,192)
r(19,3,1,193,193)
w(4,12,1,194,194)
w(4,13,1,195,195)
w(39,3,1,196,196)
r(15,0,1,197,197)
r(11,2,1,198,198)
w(21,4,1,199,199)
r(8,3,2,0,0)
w(20,3,2,1,1)
r(22,2,2,2,2)
r(73,0,2,3,3)
r(3,5,2,4,4)
r(6,5,2,5,5)
r(68,0,2,6,6)
r(63,2,2,7,7)
r(2,21,2,8,8)
w(3,6,2,9,9)
w(31,3,2,10,10)
w(2,22,2,11,11)
r(0,30,2,12,12)
r(1,13,2,13,13)
r(13,0,2,14,14)
r(0,30,2,15,15)
r(14,0,2,16,16)
w(0,31,2,17,17)
r(30,1,2,18,18)
w(7,5,2,19,19)
r(10,2,2,20,20)
w(6,6,2,21,21)
w(72,2,2,22,22)
w(3,7,2,23,23)
w(9,3,2,24,24)
r(16,4,2,25,25)
w(94,2,2,26,26)
r(30,1,2,27,27)
w(11,3,2,28,28)
w(1,14,2,29,29)
r(14,0,2,30,30)
r(0,31,2,31,31)
w(35,2,2,32,32)
r(93,1,2,33,33)
w(24,1,2,34,34)
r(84,0,2,35,35)
r(5,6,2,36,36)
r(1,14,2,37,37)
r(1,14,2,38,38)
w(0,32,2,39,39)
w(0,33,2,40,40)
w(56,1,2,41,41)
r(1,14,2,42,42)
r(63,2,2,43,43)
r(31,3,2,44,44)
r(0,33,2,45,45)
r(1,14,2,46,46)
w(1,15,2,47,47)
r(25,3,2,48,48)
w(13,1,2,49,49)
w(0,34,2,50,50)
w(0,35,2,51,51)
w(99,1,2,52,52)
w(5,7,2,53,53)
r(91,1,2,54,54)
w(84,1,2,55,55)
r(45,0,2,56,56)
w(75,1,2,57,57)
r(15,0,2,58,58)
r(4,13,2,59,59)
w(48,2,2,60,60)
w(44,2,2,61,61)
r(31,3,2,62,62)
r(41,1,2,63,63)
r(15,0,2,64,64)
r(96,1,2,65,65)
w(2,23,2,66,66)
w(3,8,2,67,67)
w(22,3,2,68,68)
w(15,1,2,69,69)
w(31,4,2,70,70)
r(49,0,2,71,71)
w(17,4,2,72,72)
w(41,2,2,73,73)
w(15,2,2,74,74)
w(7,6,2,75,75)
w(78,1,2,76,76)
w(16,5,2,77,77)
w(1,16,2,78,78)
r(0,35,2,79,79)
w(0,36,2,80,80)
w(1,17,2,81,81)
r(62,0,2,82,82)
w(75,2,2,83,83)
w(1,18,2,84,84)
w(2,24,2,85,85)
r(1,18,2,86,86)
w(20,4,2,87,87)
w(3,9,2,88,88)
w(17,5,2,89,89)
r(1,18,2,90,90)
w(46,2,2,91,91)
r(8,3,2,92,92)
r(2,24,2,93,93)
w(5,8,2,94,94)
r(2,24,2,95,95)
r(97,0,2,96,96)
w(20,5,2,97,97)
r(1,18,2,98,98)
r(3,9,2,99,99)
r(1,18,2,100,100)
r(4,13,2,101,101)
w(0,37,2,102,102)
w(9,4,2,103,103)
w(5,9,2,104,104)
r(9,4,2,105,105)
r(1,18,2,106,106)
r(3,9,2,107,107)
r(0,37,2,108,108)
w(8,4,2,109,109)
w(35,3,2,110,110)
r(0,37,2,111,111)
w(2,25,2,112,112)
r(33,0,2,113,113)
r(32,1,2,114,114)
w(7,7,2,115,115)
r(11,3,2,116,116)
w(3,10,2,117,117)
r(6,6,2,118,118)
w(7,8,2,119,119)
r(64,2,2,120,120)
r(0,37,2,121,121)
r(4,13,2,122,122)
w(0,38,2,123,123)
w(0,39,2,124,124)
w(0,40,2,125,125)
r(2,25,2,126,126)
w(28,1,2,127,127)
w(71,2,2,128,128)
r(11,3,2,129,129)
w(30,2,2,130,130)
r(5,9,2,131,131)
r(0,40,2,132,132)
w(1,19,2,133,133)
r(6,6,2,134,134)
r(5,9,2,135,135)
w(21,5,2,136,136)
r(0,40,2,137,137)
w(4,14,2,138,138)
r(7,8,2,139,139)
w(49,1,2,140,140)
r(0,40,2,141,141)
w(9,5,2,142,142)
w(53,1,2,143,143)
r(16,5,2,144,144)
w(2,26,2,145,145)
r(19,3,2,146,146)
w(3,11,2,147,147)
w(24,2,2,148,148)
r(0,40,2,149,149)
r(0,40,2,150,150)
w(10,3,2,151,151)
r(1,19,2,152,152)
r(49,1,2,153,153)
r(1,19,2,154,154)
r(20,5,2,155,155)
r(2,26,2,156,156)
r(43,4,2,157,157)
r(10,3,2,158,158)
r(0,40,2,159,159)
r(90,0,2,160,160)
w(3,12,2,161,161)
w(13,2,2,162,162)
w(1,20,2,163,163)
w(9,6,2,164,164)
r(2,26,2,165,165)
r(9,6,2,166,166)
w(26,3,2,167,167)
r(34,1,2,168,168)
r(36,1,2,169,169)
r(1,20,2,170,170)
r(79,1,2,171,171)
r(3,12,2,172,172)
w(2,27,2,173,173)
w(10,4,2,174,174)
w(88,1,2,175,175)
w(0,41,2,176,176)
w(1,21,2,177,177)
r(36,1,2,178,178)
r(2,27,2,179,179)
r(65,0,2,180,180)
r(0,41,2,181,181)
w(18,3,2,182,182)
w(50,1,2,183,183)
r(18,3,2,184,184)
w(2,28,2,185,185)
w(0,42,2,186,186)
r(60,0,2,187,187)
w(23,6,2,188,188)
r(0,42,2,189,189)
w(26,4,2,190,190)
r(46,2,2,191,191)
w(19,4,2,192,192)
w(17,6,2,193,193)
r(3,12,2,194,194)
r(56,1,2,195,195)
w(24,3,2,196,196)
w(53,2,2,197,197)
w(3,13,2,198,198)
r(1,21,2,199,199)
w(13,3,3,0,0)
w(6,7,3,1,1)
w(32,2,3,2,2)
w(0,43,3,3,3)
r(89,1,3,4,4)
w(1,22,3,5,5)
r(26,4,3,6,6)
w(68,1,3,7,7)
w(0,44,3,8,8)
r(10,4,3,9,9)
w(10,5,3,10,10)
r(14,0,3,11,11)
w(1,23,3,12,12)
w(28,2,3,13,13)
r(30,2,3,14,14)
w(47,5,3,15,15)
w(15,3,3,16,16)
w(67,1,3,17,17)
r(20,5,3,18,18)
r(0,44,3,19,19)
w(8,5,3,20,20)
r(0,44,3,21,21)
r(1,23,3,22,22)
r(43,4,3,23,23)
w(8,6,3,24,24)
w(4,15,3,25,25)
r(6,7,3,26,26)
r(8,6,3,27,27)
w(16,6,3,28,28)
r(14,0,3,29,29)
w(19,5,3,30,30)
r(23,6,3,31,31)
r(12,4,3,32,32)
r(13,3,3,33,33)
r(1,23,3,34,34)
r(13,3,3,35,35)
w(14,1,3,36,36)
w(6,8,3,37,37)
w(32,3,3,38,38)
r(37,3,3,39,39)
r(2,28,3,40,40)
w(23,7,3,41,41)
r(0,44,3,42,42)
w(44,3,3,43,43)
w(44,4,3,44,44)
r(71,2,3,45,45)
w(17,7,3,46,46)
w(42,2,3,47,47)
w(2,29,3,48,48)
w(48,3,3,49,49)
w(0,45,3,50,50)
r(4,15,3,51,51)
w(54,1,3,52,52)
r(0,45,3,53,53)
r(12,4,3,54,54)
w(97,1,3,55,55)
w(4,16,3,56,56)
w(0,46,3,57,57)
w(1,24,3,58,58)
w(3,14,3,59,59)
w(26,5,3,60,60)
w(30,3,3,61,61)
r(51,0,3,62,62)
w(0,47,3,63,63)
r(23,7,3,64,64)
w(1,25,3,65,65)
w(6,9,3,66,66)
r(1,25,3,67,67)
w(10,6,3,68,68)
w(45,1,3,69,69)
w(30,4,3,70,70)
w(6,10,3,71,71)
r(9,6,3,72,72)
r(0,47,3,73,73)
w(0,48,3,74,74)
r(9,6,3,75,75)
w(10,7,3,76,76)
r(0,48,3,77,77)
r(7,8,3,78,78)
w(77,1,3,79,79)
w(8,7,3,80,80)
r(4,16,3,81,81)
w(37,4,3,82,82)
w(1,26,3,83,83)
w(29,4,3,84,84)
r(4,16,3,85,85)
r(4,16,3,86,86)
w(2,30,3,87,87)
r(9,6,3,88,88)
w(49,2,3,89,89)
r(1,26,3,90,90)
w(54,2,3,91,91)
r(0,48,3,92,92)
w(36,2,3,93,93)
r(34,1,3,94,94)
w(10,8,3,95,95)
w(77,2,3,96,96)
r(29,4,3,97,97)
r(0,48,3,98,98)
r(0,48,3,99,99)
w(0,49,3,100,100)
r(7,8,3,101,101)
r(3,14,3,102,102)
w(41,3,3,103,103)
r(8,7,3,104,104)
r(29,4,3,105,105)
r(12,4,3,106,106)
r(56,1,3,107,107)
r(0,49,3,108,108)
r(97,1,3,109,109)
w(14,2,3,110,110)
w(0,50,3,111,111)
r(17,7,3,112,112)
w(1,27,3,113,113)
r(5,9,3,114,114)
w(18,4,3,115,115)
w(18,5,3,116,116)
w(30,5,3,117,117)
r(86,0,3,118,118)
r(43,4,3,119,119)
w(13,4,3,120,120)
w(5,10,3,121,121)
r(2,30,3,122,122)
w(66,2,3,123,123)
w(0,51,3,124,124)
r(0,51,3,125,125)
r(75,2,3,126,126)
r(1,27,3,127,127)
r(25,3,3,128,128)
r(44,4,3,129,129)
w(96,2,3,130,130)
r(15,3,3,131,131)
w(15,4,3,132,132)
r(23,7,3,133,133)
r(25,3,3,134,134)
w(0,52,3,135,135)
w(1,28,3,136,136)
w(1,29,3,137,137)
w(0,53,3,138,138)
w(23,8,3,139,139)
w(6,11,3,140,140)
w(5,11,3,141,141)
w(5,12,3,142,142)
w(93,2,3,143,143)
r(79,1,3,144,144)
r(0,53,3,145,145)
r(8,7,3,146,146)
r(29,4,3,147,147)
w(9,7,3,148,148)
w(1,30,3,149,149)
r(53,2,3,150,150)
w(15,5,3,151,151)
r(3,14,3,152,152)
w(70,1,3,153,153)
w(95,2,3,154,154)
r(5,12,3,155,155)
w(0,54,3,156,156)
r(6,11,3,157,157)
w(8,8,3,158,158)
w(1,31,3,159,159)
w(23,9,3,160,160)
r(1,31,3,161,161)
w(37,5,3,162,162)
r(17,7,3,163,163)
r(11,3,3,164,164)
w(6,12,3,165,165)
r(1,31,3,166,166)
r(9,7,3,167,167)
r(1,31,3,168,168)
w(5,13,3,169,169)
r(95,2,3,170,170)
w(62,1,3,171,171)
w(0,55,3,172,172)
w(1,32,3,173,173)
w(2,31,3,174,174)
w(0,56,3,175,175)
w(35,4,3,176,176)
w(30,6,3,177,177)
w(1,33,3,178,178)
r(64,2,3,179,179)
r(13,4,3,180,180)
w(24,4,3,181,181)
w(1,34,3,182,182)
w(0,57,3,183,183)
w(4,17,3,184,184)
w(1,35,3,185,185)
r(2,31,3,186,186)
w(1,36,3,187,187)
r(0,57,3,188,188)
r(63,2,3,189,189)
r(20,5,3,190,190)
r(66,2,3,191,191)
w(81,1,3,192,192)
w(0,58,3,193,193)
w(13,5,3,194,194)
w(6,13,3,195,195)
r(87,0,3,196,196)
w(42,3,3,197,197)
r(2,31,3,198,198)
r(1,36,3,199,199)
w(0,59,4,0,0)
r(8,8,4,1,1)
r(0,59,4,2,2)
r(4,17,4,3,3)
r(8,8,4,4,4)
r(19,5,4,5,5)
r(2,31,4,6,6)
r(1,36,4,7,7)
w(27,2,4,8,8)
w(3,15,4,9,9)
w(37,6,4,10,10)
r(25,3,4,11,11)
w(0,60,4,12,12)
w(7,9,4,13,13)
w(13,6,4,14,14)
w(0,61,4,15,15)
r(40,3,4,16,16)
r(7,9,4,17,17)
w(2,32,4,18,18)
r(35,4,4,19,19)
r(14,2,4,20,20)
w(7,10,4,21,21)
w(0,62,4,22,22)
r(1,36,4,23,23)
w(34,2,4,24,24)
w(12,5,4,25,25)
r(4,17,4,26,26)
r(51,0,4,27,27)
w(2,33,4,28,28)
w(16,7,4,29,29)
w(1,37,4,30,30)
w(1,38,4,31,31)
r(0,62,4,32,32)
w(10,9,4,33,33)
w(9,8,4,34,34)
w(0,63,4,35,35)
r(0,63,4,36,36)
r(3,15,4,37,37)
w(0,64,4,38,38)
r(1,38,4,39,39)
r(63,2,4,40,40)
w(40,4,4,41,41)
w(21,6,4,42,42)
w(1,39,4,43,43)
w(0,65,4,44,44)
w(22,4,4,45,45)
w(0,66,4,46,46)
r(99,1,4,47,47)
r(0,66,4,48,48)
r(88,1,4,49,49)
r(3,15,4,50,50)
r(55,1,4,51,51)
r(0,66,4,52,52)
w(0,67,4,53,53)
w(13,7,4,54,54)
w(0,68,4,55,55)
w(68,2,4,56,56)
r(32,3,4,57,57)
w(6,14,4,58,58)
r(51,0,4,59,59)
w(62,2,4,60,60)
r(24,4,4,61,61)
r(0,68,4,62,62)
w(6,15,4,63,63)
w(2,34,4,64,64)
w(4,18,4,65,65)
w(0,69,4,66,66)
w(8,9,4,67,67)
w(0,70,4,68,68)
r(2,34,4,69,69)
r(0,70,4,70,70)
w(94,3,4,71,71)
r(19,5,4,72,72)
w(52,1,4,73,73)
r(1,39,4,74,74)
w(57,3,4,75,75)
w(0,71,4,76,76)
r(43,4,4,77,77)
w(3,16,4,78,78)
r(0,71,4,79,79)
r(32,3,4,80,80)
r(0,71,4,81,81)
w(14,3,4,82,82)
r(0,71,4,83,83)
r(12,5,4,84,84)
r(31,4,4,85,85)
r(46,2,4,86,86)
w(0,72,4,87,87)
w(20,6,4,88,88)
w(0,73,4,89,89)
w(0,74,4,90,90)
w(6,16,4,91,91)
w(0,75,4,92,92)
w(17,8,4,93,93)
w(58,1,4,94,94)
r(1,39,4,95,95)
w(2,35,4,96,96)
w(36,3,4,97,97)
w(3,17,4,98,98)
r(2,35,4,99,99)
r(0,75,4,100,100)
w(1,40,4,101,101)
r(0,75,4,102,102)
w(4,19,4,103,103)
w(71,3,4,104,104)
r(12,5,4,105,105)
w(11,4,4,106,106)
w(1,41,4,107,107)
w(58,2,4,108,108)
r(0,75,4,109,109)
w(0,76,4,110,110)
r(10,9,4,111,111)
r(10,9,4,112,112)
w(0,77,4,113,113)
w(69,2,4,114,114)
w(0,78,4,115,115)
r(0,78,4,116,116)
r(0,78,4,117,117)
w(59,2,4,118,118)
r(26,5,4,119,119)
r(0,78,4,120,120)
w(74,2,4,121,121)
r(13,7,4,122,122)
r(1,41,4,123,123)
r(4,19,4,124,124)
w(0,79,4,125,125)
w(0,80,4,126,126)
r(0,80,4,127,127)
w(45,2,4,128,128)
w(23,10,4,129,129)
w(8,10,4,130,130)
w(10,10,4,131,131)
r(0,80,4,132,132)
w(62,3,4,133,133)
r(5,13,4,134,134)
r(3,17,4,135,135)
r(16,7,4,136,136)
r(0,80,4,137,137)
w(0,81,4,138,138)
r(20,6,4,139,139)
w(4,20,4,140,140)
r(0,81,4,141,141)
r(60,0,4,142,142)
w(19,6,4,143,143)
r(1,41,4,144,144)
r(3,17,4,145,145)
r(50,1,4,146,146)
r(20,6,4,147,147)
r(3,17,4,148,148)
r(3,17,4,149,149)
w(8,11,4,150,150)
w(39,4,4,151,151)
w(67,2,4,152,152)
r(0,81,4,153,153)
w(16,8,4,154,154)
w(1,42,4,155,155)
w(2,36,4,156,156)
r(19,6,4,157,157)
r(51,0,4,158,158)
r(0,81,4,159,159)
w(73,1,4,160,160)
w(12,6,4,161,161)
r(1,42,4,162,162)
r(37,6,4,163,163)
w(1,43,4,164,164)
w(0,82,4,165,165)
w(1,44,4,166,166)
w(0,83,4,167,167)
r(0,83,4,168,168)
w(3,18,4,169,169)
r(0,83,4,170,170)
r(60,0,4,171,171)
w(62,4,4,172,172)
r(2,36,4,173,173)
w(42,4,4,174,174)
r(0,83,4,175,175)
w(7,11,4,176,176)
w(17,9,4,177,177)
w(7,12,4,178,178)
w(0,84,4,179,179)
r(22,4,4,180,180)
w(0,85,4,181,181)
r(87,0,4,182,182)
r(92,2,4,183,183)
w(83,2,4,184,184)
r(0,85,4,185,185)
w(18,6,4,186,186)
r(50,1,4,187,187)
w(15,6,4,188,188)
r(0,85,4,189,189)
r(2,36,4,190,190)
w(16,9,4,191,191)
w(42,5,4,192,192)
r(8,11,4,193,193)
r(0,85,4,194,194)
r(1,44,4,195,195)
r(1,44,4,196,196)
w(0,86,4,197,197)
r(69,2,4,198,198)
w(59,3,4,199,199)
r(4,20,5,0,0)
r(0,86,5,1,1)
r(74,2,5,2,2)
w(3,19,5,3,3)
r(39,4,5,4,4)
r(1,44,5,5,5)
w(67,3,5,6,6)
r(5,13,5,7,7)
r(31,4,5,8,8)
w(45,3,5,9,9)
w(11,5,5,10,10)
w(2,37,5,11,11)
r(1,44,5,12,12)
r(96,2,5,13,13)
w(0,87,5,14,14)
r(5,13,5,15,15)
w(5,14,5,16,16)
w(3,20,5,17,17)
r(16,9,5,18,18)
w(71,4,5,19,19)
r(2,37,5,20,20)
r(1,44,5,21,21)
r(12,6,5,22,22)
w(2,38,5,23,23)
r(1,44,5,24,24)
r(5,14,5,25,25)
w(0,88,5,26,26)
r(32,3,5,27,27)
r(7,12,5,28,28)
r(0,88,5,29,29)
w(2,39,5,30,30)
w(1,45,5,31,31)
r(1,45,5,32,32)
r(0,88,5,33,33)
w(0,89,5,34,34)
w(13,8,5,35,35)
w(37,7,5,36,36)
r(16,9,5,37,37)
r(0,89,5,38,38)
w(5,15,5,39,39)
r(1,45,5,40,40)
w(40,5,5,41,41)
w(2,40,5,42,42)
w(6,17,5,43,43)
w(1,46,5,44,44)
w(0,90,5,45,45)
r(0,90,5,46,46)
r(4,20,5,47,47)
w(0,91,5,48,48)
r(53,2,5,49,49)
w(4,21,5,50,50)
r(5,15,5,51,51)
w(95,3,5,52,52)
r(5,15,5,53,53)
w(1,47,5,54,54)
w(1,48,5,55,55)
w(7,13,5,56,56)
w(1,49,5,57,57)
w(9,9,5,58,58)
r(32,3,5,59,59)
r(27,2,5,60,60)
r(13,8,5,61,61)
w(7,14,5,62,62)
w(2,41,5,63,63)
w(16,10,5,64,64)
w(74,3,5,65,65)
w(2,42,5,66,66)
w(5,16,5,67,67)
r(63,2,5,68,68)
w(1,50,5,69,69)
r(29,4,5,70,70)
w(10,11,5,71,71)
w(1,51,5,72,72)
w(8,12,5,73,73)
w(5,17,5,74,74)
r(1,51,5,75,75)
w(40,6,5,76,76)
r(3,20,5,77,77)
r(27,2,5,78,78)
r(23,10,5,79,79)
w(0,92,5,80,80)
r(3,20,5,81,81)
r(2,42,5,82,82)
w(65,1,5,83,83)
w(76,1,5,84,84)
w(0,93,5,85,85)
r(2,42,5,86,86)
w(0,94,5,87,87)
w(12,7,5,88,88)
r(17,9,5,89,89)
r(2,42,5,90,90)
w(46,3,5,91,91)
w(8,13,5,92,92)
w(40,7,5,93,93)
r(1,51,5,94,94)
w(0,95,5,95,95)
w(55,2,5,96,96)
w(6,18,5,97,97)
w(0,96,5,98,98)
w(13,9,5,99,99)
w(27,3,5,100,100)
r(0,96,5,101,101)
r(1,51,5,102,102)
w(0,97,5,103,103)
r(49,2,5,104,104)
r(4,21,5,105,105)
r(37,7,5,106,106)
w(41,4,5,107,107)
w(6,19,5,108,108)
r(68,2,5,109,109)
r(80,1,5,110,110)
w(0,98,5,111,111)
w(60,1,5,112,112)
r(16,10,5,113,113)
r(0,98,5,114,114)
r(10,11,5,115,115)
r(20,6,5,116,116)
w(1,52,5,117,117)
w(1,53,5,118,118)
w(1,54,5,119,119)
w(80,2,5,120,120)
r(18,6,5,121,121)
r(0,98,5,122,122)
w(0,99,5,123,123)
w(3,21,5,124,124)
w(0,100,5,125,125)
w(24,5,5,126,126)
w(1,55,5,127,127)
w(1,56,5,128,128)
w(0,101,5,129,129)
w(30,7,5,130,130)
r(1,56,5,131,131)
w(6,20,5,132,132)
w(3,22,5,133,133)
w(6,21,5,134,134)
r(75,2,5,135,135)
w(23,11,5,136,136)
w(29,5,5,137,137)
w(5,18,5,138,138)
w(10,12,5,139,139)
r(2,42,5,140,140)
w(0,102,5,141,141)
w(7,15,5,142,142)
r(18,6,5,143,143)
w(1,57,5,144,144)
w(49,3,5,145,145)
w(41,5,5,146,146)
r(45,3,5,147,147)
r(1,57,5,148,148)
w(8,14,5,149,149)
r(0,102,5,150,150)
w(20,7,5,151,151)
w(87,1,5,152,152)
w(12,8,5,153,153)
w(0,103,5,154,154)
w(84,2,5,155,155)
r(2,42,5,156,156)
r(9,9,5,157,157)
r(0,103,5,158,158)
r(6,21,5,159,159)
w(56,2,5,160,160)
r(1,57,5,161,161)
w(2,43,5,162,162)
r(61,1,5,163,163)
w(5,19,5,164,164)
r(3,22,5,165,165)
w(3,23,5,166,166)
w(62,5,5,167,167)
w(3,24,5,168,168)
r(0,103,5,169,169)
r(1,57,5,170,170)
r(3,24,5,171,171)
w(37,8,5,172,172)
w(31,5,5,173,173)
r(88,1,5,174,174)
w(76,2,5,175,175)
w(21,7,5,176,176)
r(2,43,5,177,177)
r(49,3,5,178,178)
w(8,15,5,179,179)
r(0,103,5,180,180)
r(20,7,5,181,181)
r(5,19,5,182,182)
w(24,6,5,183,183)
w(18,7,5,184,184)
w(82,1,5,185,185)
r(1,57,5,186,186)
w(61,2,5,187,187)
w(0,104,5,188,188)
r(0,104,5,189,189)
w(15,7,5,190,190)
r(0,104,5,191,191)
r(7,15,5,192,192)
r(12,8,5,193,193)
w(4,22,5,194,194)
r(1,57,5,195,195)
r(1,57,5,196,196)
w(7,16,5,197,197)
r(36,3,5,198,198)
w(68,3,5,199,199)
w(10,13,6,0,0)
r(74,3,6,1,1)
r(1,57,6,2,2)
r(0,104,6,3,3)
w(1,58,6,4,4)
r(11,5,6,5,5)
w(70,2,6,6,6)
w(4,23,6,7,7)
r(4,23,6,8,8)
w(58,3,6,9,9)
r(95,3,6,10,10)
w(37,9,6,11,11)
w(0,105,6,12,12)
r(29,5,6,13,13)
w(1,59,6,14,14)
w(6,22,6,15,15)
r(31,5,6,16,16)
w(32,4,6,17,17)
r(2,43,6,18,18)
w(3,25,6,19,19)
w(13,10,6,20,20)
w(29,6,6,21,21)
r(94,3,6,22,22)
w(5,20,6,23,23)
r(0,105,6,24,24)
w(2,44,6,25,25)
w(5,21,6,26,26)
r(1,59,6,27,27)
r(0,105,6,28,28)
w(33,1,6,29,29)
w(2,45,6,30,30)
r(5,21,6,31,31)
r(8,15,6,32,32)
w(0,106,6,33,33)
r(35,4,6,34,34)
w(0,107,6,35,35)
r(1,59,6,36,36)
r(4,23,6,37,37)
w(2,46,6,38,38)
r(0,107,6,39,39)
w(2,47,6,40,40)
w(33,2,6,41,41)
r(4,23,6,42,42)
w(16,11,6,43,43)
r(0,107,6,44,44)
r(5,21,6,45,45)
r(0,107,6,46,46)
r(0,107,6,47,47)
r(21,7,6,48,48)
w(12,9,6,49,49)
r(2,47,6,50,50)
w(29,7,6,51,51)
r(0,107,6,52,52)
r(2,47,6,53,53)
w(0,108,6,54,54)
r(0,108,6,55,55)
w(0,109,6,56,56)
w(9,10,6,57,57)
r(1,59,6,58,58)
r(0,109,6,59,59)
w(3,26,6,60,60)
r(2,47,6,61,61)
w(27,4,6,62,62)
w(29,8,6,63,63)
w(50,2,6,64,64)
w(17,10,6,65,65)
r(0,109,6,66,66)
r(7,16,6,67,67)
r(47,5,6,68,68)
w(48,4,6,69,69)
r(9,10,6,70,70)
w(1,60,6,71,71)
w(9,11,6,72,72)
w(4,24,6,73,73)
r(25,3,6,74,74)
r(19,6,6,75,75)
w(2,48,6,76,76)
r(23,11,6,77,77)
w(0,110,6,78,78)
r(18,7,6,79,79)
r(2,48,6,80,80)
w(70,3,6,81,81)
w(2,49,6,82,82)
w(11,6,6,83,83)
w(1,61,6,84,84)
r(56,2,6,85,85)
w(17,11,6,86,86)
r(33,2,6,87,87)
w(1,62,6,88,88)
w(1,63,6,89,89)
w(60,2,6,90,90)
r(21,7,6,91,91)
r(25,3,6,92,92)
w(1,64,6,93,93)
r(0,110,6,94,94)
r(0,110,6,95,95)
w(8,16,6,96,96)
r(3,26,6,97,97)
r(32,4,6,98,98)
w(3,27,6,99,99)
w(7,17,6,100,100)
w(0,111,6,101,101)
w(20,8,6,102,102)
r(50,2,6,103,103)
r(39,4,6,104,104)
r(0,111,6,105,105)
r(2,49,6,106,106)
w(3,28,6,107,107)
w(70,4,6,108,108)
r(0,111,6,109,109)
r(30,7,6,110,110)
r(0,111,6,111,111)
w(0,112,6,112,112)
r(5,21,6,113,113)
w(1,65,6,114,114)
r(5,21,6,115,115)
w(9,12,6,116,116)
w(40,8,6,117,117)
w(60,3,6,118,118)
w(6,23,6,119,119)
r(2,49,6,120,120)
w(66,3,6,121,121)
w(56,3,6,122,122)
w(40,9,6,123,123)
r(4,24,6,124,124)
r(24,6,6,125,125)
w(0,113,6,126,126)
r(33,2,6,127,127)
r(11,6,6,128,128)
r(29,8,6,129,129)
r(1,65,6,130,130)
w(2,50,6,131,131)
w(0,114,6,132,132)
w(27,5,6,133,133)
w(21,8,6,134,134)
w(2,51,6,135,135)
r(0,114,6,136,136)
w(2,52,6,137,137)
r(3,28,6,138,138)
r(28,2,6,139,139)
w(23,12,6,140,140)
w(4,25,6,141,141)
r(2,52,6,142,142)
r(54,2,6,143,143)
r(0,114,6,144,144)
r(98,0,6,145,145)
r(39,4,6,146,146)
r(38,0,6,147,147)
w(2,53,6,148,148)
r(0,114,6,149,149)
w(26,6,6,150,150)
r(91,1,6,151,151)
r(13,10,6,152,152)
w(19,7,6,153,153)
r(10,13,6,154,154)
r(1,65,6,155,155)
r(50,2,6,156,156)
r(0,114,6,157,157)
r(2,53,6,158,158)
w(0,115,6,159,159)
w(49,4,6,160,160)
w(9,13,6,161,161)
w(65,2,6,162,162)
w(4,26,6,163,163)
w(72,3,6,164,164)
r(16,11,6,165,165)
w(0,116,6,166,166)
r(1,65,6,167,167)
w(44,5,6,168,168)
r(0,116,6,169,169)
r(0,116,6,170,170)
w(1,66,6,171,171)
r(3,28,6,172,172)
r(28,2,6,173,173)
w(3,29,6,174,174)
r(84,2,6,175,175)
r(6,23,6,176,176)
r(6,23,6,177,177)
w(1,67,6,178,178)
r(43,4,6,179,179)
w(12,10,6,180,180)
w(3,30,6,181,181)
w(21,9,6,182,182)
w(2,54,6,183,183)
w(15,8,6,184,184)
r(1,67,6,185,185)
r(0,116,6,186,186)
r(22,4,6,187,187)
r(34,2,6,188,188)
r(4,26,6,189,189)
w(18,8,6,190,190)
w(1,68,6,191,191)
r(1,68,6,192,192)
r(0,116,6,193,193)
w(61,3,6,194,194)
r(10,13,6,195,195)
w(24,7,6,196,196)
w(0,117,6,197,197)
w(77,3,6,198,198)
r(0,117,6,199,199)
w(96,3,7,0,0)
r(16,11,7,1,1)
r(43,4,7,2,2)
w(0,118,7,3,3)
r(1,68,7,4,4)
r(0,118,7,5,5)
w(41,6,7,6,6)
r(97,1,7,7,7)
r(33,2,7,8,8)
r(16,11,7,9,9)
r(21,9,7,10,10)
r(42,5,7,11,11)
w(7,18,7,12,12)
w(85,1,7,13,13)
w(42,6,7,14,14)
w(0,119,7,15,15)
w(0,120,7,16,16)
r(24,7,7,17,17)
w(0,121,7,18,18)
w(1,69,7,19,19)
r(4,26,7,20,20)
r(50,2,7,21,21)
w(0,122,7,22,22)
w(0,123,7,23,23)
w(1,70,7,24,24)
w(52,2,7,25,25)
w(0,124,7,26,26)
r(13,10,7,27,27)
w(0,125,7,28,28)
r(10,13,7,29,29)
r(1,70,7,30,30)
r(0,125,7,31,31)
w(0,126,7,32,32)
r(5,21,7,33,33)
w(1,71,7,34,34)
r(0,126,7,35,35)
r(21,9,7,36,36)
r(1,71,7,37,37)
r(19,7,7,38,38)
w(51,1,7,39,39)
r(4,26,7,40,40)
r(33,2,7,41,41)
r(64,2,7,42,42)
w(12,11,7,43,43)
w(1,72,7,44,44)
r(28,2,7,45,45)
r(33,2,7,46,46)
r(3,30,7,47,47)
r(10,13,7,48,48)
r(2,54,7,49,49)
w(2,55,7,50,50)
r(83,2,7,51,51)
r(56,3,7,52,52)
w(0,127,7,53,53)
w(2,56,7,54,54)
w(2,57,7,55,55)
w(34,3,7,56,56)
r(21,9,7,57,57)
w(1,73,7,58,58)
w(50,3,7,59,59)
w(2,58,7,60,60)
w(1,74,7,61,61)
r(3,30,7,62,62)
r(15,8,7,63,63)
r(97,1,7,64,64)
w(1,75,7,65,65)
r(9,13,7,66,66)
w(2,59,7,67,67)
r(3,30,7,68,68)
w(36,4,7,69,69)
w(2,60,7,70,70)
w(40,10,7,71,71)
r(3,30,7,72,72)
w(6,24,7,73,73)
r(4,26,7,74,74)
w(2,61,7,75,75)
r(56,3,7,76,76)
w(2,62,7,77,77)
w(5,22,7,78,78)
r(0,127,7,79,79)
w(8,17,7,80,80)
w(63,3,7,81,81)
r(81,1,7,82,82)
w(26,7,7,83,83)
r(0,127,7,84,84)
w(0,128,7,85,85)
r(9,13,7,86,86)
w(7,19,7,87,87)
r(3,30,7,88,88)
r(7,19,7,89,89)
w(1,76,7,90,90)
r(62,5,7,91,91)
w(0,129,7,92,92)
r(0,129,7,93,93)
w(20,9,7,94,94)
w(8,18,7,95,95)
w(5,23,7,96,96)
w(53,3,7,97,97)
w(0,130,7,98,98)
r(1,76,7,99,99)
r(0,130,7,100,100)
r(2,62,7,101,101)
w(5,24,7,102,102)
w(8,19,7,103,103)
w(8,20,7,104,104)
r(21,9,7,105,105)
r(0,130,7,106,106)
w(12,12,7,107,107)
r(0,130,7,108,108)
r(1,76,7,109,109)
r(0,130,7,110,110)
w(0,131,7,111,111)
r(30,7,7,112,112)
r(11,6,7,113,113)
w(6,25,7,114,114)
w(19,8,7,115,115)
r(3,30,7,116,116)
r(18,8,7,117,117)
w(17,12,7,118,118)
w(17,13,7,119,119)
r(51,1,7,120,120)
w(0,132,7,121,121)
w(4,27,7,122,122)
r(0,132,7,123,123)
w(3,31,7,124,124)
w(2,63,7,125,125)
w(2,64,7,126,126)
r(0,132,7,127,127)
w(13,11,7,128,128)
w(21,10,7,129,129)
w(1,77,7,130,130)
w(17,14,7,131,131)
r(66,3,7,132,132)
w(1,78,7,133,133)
r(55,2,7,134,134)
w(4,28,7,135,135)
r(2,64,7,136,136)
r(30,7,7,137,137)
r(5,24,7,138,138)
w(0,133,7,139,139)
r(0,133,7,140,140)
w(18,9,7,141,141)
w(9,14,7,142,142)
r(27,5,7,143,143)
w(4,29,7,144,144)
w(0,134,7,145,145)
w(7,20,7,146,146)
w(8,21,7,147,147)
w(75,3,7,148,148)
r(2,64,7,149,149)
r(1,78,7,150,150)
w(2,65,7,151,151)
r(78,1,7,152,152)
r(3,31,7,153,153)
r(18,9,7,154,154)
r(0,134,7,155,155)
w(0,135,7,156,156)
r(5,24,7,157,157)
r(2,65,7,158,158)
w(1,79,7,159,159)
r(0,135,7,160,160)
r(19,8,7,161,161)
r(11,6,7,162,162)
r(3,31,7,163,163)
r(8,21,7,164,164)
w(0,136,7,165,165)
w(1,80,7,166,166)
w(1,81,7,167,167)
r(49,4,7,168,168)
w(0,137,7,169,169)
w(60,4,7,170,170)
w(30,8,7,171,171)
r(7,20,7,172,172)
r(31,5,7,173,173)
r(41,6,7,174,174)
r(1,81,7,175,175)
r(66,3,7,176,176)
r(7,20,7,177,177)
w(13,12,7,178,178)
r(0,137,7,179,179)
w(8,22,7,180,180)
r(1,81,7,181,181)
w(17,15,7,182,182)
w(0,138,7,183,183)
w(23,13,7,184,184)
r(10,13,7,185,185)
w(2,66,7,186,186)
w(0,139,7,187,187)
r(0,139,7,188,188)
w(20,10,7,189,189)
w(0,140,7,190,190)
w(0,141,7,191,191)
w(4,30,7,192,192)
r(4,30,7,193,193)
r(33,2,7,194,194)
r(16,11,7,195,195)
r(17,15,7,196,196)
w(21,11,7,197,197)
r(0,141,7,198,198)
w(6,26,7,199,199)
r(79,1,8,0,0)
w(3,32,8,1,1)
r(18,9,8,2,2)
r(1,81,8,3,3)
w(0,142,8,4,4)
r(44,5,8,5,5)
r(24,7,8,6,6)
w(0,143,8,7,7)
w(1,82,8,8,8)
w(0,144,8,9,9)
r(10,13,8,10,10)
r(15,8,8,11,11)
w(4,31,8,12,12)
w(4,32,8,13,13)
w(9,15,8,14,14)
r(72,3,8,15,15)
r(3,32,8,16,16)
r(17,15,8,17,17)
w(1,83,8,18,18)
r(7,20,8,19,19)
r(10,13,8,20,20)
r(7,20,8,21,21)
r(2,66,8,22,22)
w(14,4,8,23,23)
w(6,27,8,24,24)
r(1,83,8,25,25)
w(2,67,8,26,26)
r(21,11,8,27,27)
w(0,145,8,28,28)
r(1,83,8,29,29)
w(1,84,8,30,30)
r(14,4,8,31,31)
r(4,32,8,32,32)
r(0,145,8,33,33)
r(3,32,8,34,34)
w(43,5,8,35,35)
r(7,20,8,36,36)
r(27,5,8,37,37)
r(0,145,8,38,38)
r(0,145,8,39,39)
r(2,67,8,40,40)
w(1,85,8,41,41)
r(72,3,8,42,42)
r(2,67,8,43,43)
r(62,5,8,44,44)
r(0,145,8,45,45)
r(6,27,8,46,46)
w(52,3,8,47,47)
r(76,2,8,48,48)
r(0,145,8,49,49)
r(1,85,8,50,50)
r(2,67,8,51,51)
r(42,6,8,52,52)
w(13,13,8,53,53)
r(10,13,8,54,54)
w(1,86,8,55,55)
w(41,7,8,56,56)
r(3,32,8,57,57)
w(24,8,8,58,58)
r(0,145,8,59,59)
r(0,145,8,60,60)
r(15,8,8,61,61)
w(0,146,8,62,62)
r(75,3,8,63,63)
w(0,147,8,64,64)
r(4,32,8,65,65)
r(71,4,8,66,66)
r(26,7,8,67,67)
r(2,67,8,68,68)
r(0,147,8,69,69)
r(9,15,8,70,70)
r(4,32,8,71,71)
r(21,11,8,72,72)
w(13,14,8,73,73)
r(0,147,8,74,74)
w(32,5,8,75,75)
r(0,147,8,76,76)
r(0,147,8,77,77)
w(12,13,8,78,78)
w(20,11,8,79,79)
w(0,148,8,80,80)
r(11,6,8,81,81)
r(40,10,8,82,82)
w(32,6,8,83,83)
r(3,32,8,84,84)
r(1,86,8,85,85)
r(6,27,8,86,86)
r(18,9,8,87,87)
w(31,6,8,88,88)
w(33,3,8,89,89)
w(6,28,8,90,90)
r(7,20,8,91,91)
r(0,148,8,92,92)
r(16,11,8,93,93)
r(0,148,8,94,94)
r(0,148,8,95,95)
w(30,9,8,96,96)
r(20,11,8,97,97)
w(5,25,8,98,98)
w(2,68,8,99,99)
w(47,6,8,100,100)
w(65,3,8,101,101)
r(1,86,8,102,102)
r(6,28,8,103,103)
w(5,26,8,104,104)
r(6,28,8,105,105)
w(2,69,8,106,106)
w(4,33,8,107,107)
r(57,3,8,108,108)
r(1,86,8,109,109)
r(31,6,8,110,110)
w(32,7,8,111,111)
w(2,70,8,112,112)
w(1,87,8,113,113)
r(0,148,8,114,114)
r(43,5,8,115,115)
w(6,29,8,116,116)
w(9,16,8,117,117)
r(5,26,8,118,118)
w(2,71,8,119,119)
w(81,2,8,120,120)
w(5,27,8,121,121)
r(2,71,8,122,122)
w(50,4,8,123,123)
r(0,148,8,124,124)
r(4,33,8,125,125)
r(31,6,8,126,126)
w(7,21,8,127,127)
w(12,14,8,128,128)
r(66,3,8,129,129)
r(63,3,8,130,130)
r(5,27,8,131,131)
r(24,8,8,132,132)
w(11,7,8,133,133)
w(13,15,8,134,134)
w(37,10,8,135,135)
w(1,88,8,136,136)
r(0,148,8,137,137)
r(3,32,8,138,138)
r(69,2,8,139,139)
r(0,148,8,140,140)
w(4,34,8,141,141)
r(0,148,8,142,142)
w(0,149,8,143,143)
r(10,13,8,144,144)
r(0,149,8,145,145)
r(0,149,8,146,146)
w(12,15,8,147,147)
w(37,11,8,148,148)
r(1,88,8,149,149)
w(18,10,8,150,150)
r(77,3,8,151,151)
r(93,2,8,152,152)
r(11,7,8,153,153)
r(68,3,8,154,154)
r(5,27,8,155,155)
r(13,15,8,156,156)
r(1,88,8,157,157)
r(1,88,8,158,158)
r(2,71,8,159,159)
w(16,12,8,160,160)
r(1,88,8,161,161)
w(30,10,8,162,162)
w(10,14,8,163,163)
r(33,3,8,164,164)
r(14,4,8,165,165)
w(0,150,8,166,166)
r(18,10,8,167,167)
r(3,32,8,168,168)
r(1,88,8,169,169)
w(0,151,8,170,170)
w(5,28,8,171,171)
w(23,14,8,172,172)
r(7,21,8,173,173)
r(0,151,8,174,174)
r(42,6,8,175,175)
w(25,4,8,176,176)
w(0,152,8,177,177)
w(19,9,8,178,178)
w(37,12,8,179,179)
w(54,3,8,180,180)
r(6,29,8,181,181)
w(49,5,8,182,182)
r(23,14,8,183,183)
w(0,153,8,184,184)
r(0,153,8,185,185)
r(1,88,8,186,186)
r(2,71,8,187,187)
r(0,153,8,188,188)
r(25,4,8,189,189)
w(0,154,8,190,190)
r(0,154,8,191,191)
r(36,4,8,192,192)
r(33,3,8,193,193)
w(2,72,8,194,194)
r(37,12,8,195,195)
r(8,22,8,196,196)
r(1,88,8,197,197)
r(0,154,8,198,198)
r(2,72,8,199,199)
w(51,2,9,0,0)
w(0,155,9,1,1)
w(1,89,9,2,2)
r(50,4,9,3,3)
w(1,90,9,4,4)
r(1,90,9,5,5)
r(4,34,9,6,6)
r(9,16,9,7,7)
w(56,4,9,8,8)
r(0,155,9,9,9)
r(14,4,9,10,10)
r(6,29,9,11,11)
w(37,13,9,12,12)
r(30,10,9,13,13)
w(14,5,9,14,14)
r(0,155,9,15,15)
w(17,16,9,16,16)
w(2,73,9,17,17)
w(14,6,9,18,18)
w(0,156,9,19,19)
r(6,29,9,20,20)
r(2,73,9,21,21)
r(2,73,9,22,22)
r(3,32,9,23,23)
w(0,157,9,24,24)
w(1,91,9,25,25)
w(0,158,9,26,26)
r(23,14,9,27,27)
w(67,4,9,28,28)
r(0,158,9,29,29)
w(5,29,9,30,30)
r(6,29,9,31,31)
w(7,22,9,32,32)
w(0,159,9,33,33)
w(1,92,9,34,34)
w(1,93,9,35,35)
r(14,6,9,36,36)
w(79,2,9,37,37)
w(88,2,9,38,38)
r(3,32,9,39,39)
r(60,4,9,40,40)
r(22,4,9,41,41)
r(0,159,9,42,42)
r(6,29,9,43,43)
w(8,23,9,44,44)
w(94,4,9,45,45)
w(0,160,9,46,46)
w(19,10,9,47,47)
w(15,9,9,48,48)
r(25,4,9,49,49)
w(14,7,9,50,50)
w(48,5,9,51,51)
r(22,4,9,52,52)
r(51,2,9,53,53)
r(46,3,9,54,54)
r(6,29,9,55,55)
r(1,93,9,56,56)
w(10,15,9,57,57)
r(0,160,9,58,58)
w(23,15,9,59,59)
w(4,35,9,60,60)
w(12,16,9,61,61)
r(16,12,9,62,62)
r(38,0,9,63,63)
w(1,94,9,64,64)
r(3,32,9,65,65)
w(83,3,9,66,66)
r(28,2,9,67,67)
r(2,73,9,68,68)
w(2,74,9,69,69)
r(0,160,9,70,70)
w(9,17,9,71,71)
w(16,13,9,72,72)
r(0,160,9,73,73)
r(4,35,9,74,74)
w(1,95,9,75,75)
w(1,96,9,76,76)
r(5,29,9,77,77)
r(4,35,9,78,78)
r(0,160,9,79,79)
w(0,161,9,80,80)
r(1,96,9,81,81)
r(18,10,9,82,82)
w(0,162,9,83,83)
r(60,4,9,84,84)
r(32,7,9,85,85)
w(1,97,9,86,86)
w(2,75,9,87,87)
r(6,29,9,88,88)
r(40,10,9,89,89)
r(4,35,9,90,90)
w(12,17,9,91,91)
r(0,162,9,92,92)
r(33,3,9,93,93)
r(0,162,9,94,94)
r(0,162,9,95,95)
r(3,32,9,96,96)
r(9,17,9,97,97)
w(31,7,9,98,98)
w(29,9,9,99,99)
r(21,11,9,100,100)
r(4,35,9,101,101)
w(6,30,9,102,102)
r(5,29,9,103,103)
w(66,4,9,104,104)
r(1,97,9,105,105)
w(0,163,9,106,106)
w(2,76,9,107,107)
w(0,164,9,108,108)
w(5,30,9,109,109)
w(9,18,9,110,110)
r(55,2,9,111,111)
w(20,12,9,112,112)
w(1,98,9,113,113)
w(12,18,9,114,114)
r(2,76,9,115,115)
w(99,2,9,116,116)
r(1,98,9,117,117)
r(7,22,9,118,118)
w(38,1,9,119,119)
r(0,164,9,120,120)
r(20,12,9,121,121)
r(46,3,9,122,122)
r(0,164,9,123,123)
r(32,7,9,124,124)
w(2,77,9,125,125)
w(47,7,9,126,126)
w(0,165,9,127,127)
w(1,99,9,128,128)
w(99,3,9,129,129)
w(4,36,9,130,130)
r(0,165,9,131,131)
r(2,77,9,132,132)
r(5,30,9,133,133)
w(2,78,9,134,134)
w(6,31,9,135,135)
w(17,17,9,136,136)
w(4,37,9,137,137)
r(0,165,9,138,138)
r(5,30,9,139,139)
w(2,79,9,140,140)
w(62,6,9,141,141)
r(0,165,9,142,142)
r(7,22,9,143,143)
r(10,15,9,144,144)
w(11,8,9,145,145)
w(10,16,9,146,146)
r(5,30,9,147,147)
r(8,23,9,148,148)
w(1,100,9,149,149)
w(1,101,9,150,150)
w(67,5,9,151,151)
r(37,13,9,152,152)
w(1,102,9,153,153)
r(43,5,9,154,154)
r(4,37,9,155,155)
r(0,165,9,156,156)
w(26,8,9,157,157)
w(16,14,9,158,158)
r(10,16,9,159,159)
w(4,38,9,160,160)
r(3,32,9,161,161)
w(4,39,9,162,162)
w(8,24,9,163,163)
w(60,5,9,164,164)
r(63,3,9,165,165)
w(8,25,9,166,166)
r(69,2,9,167,167)
r(30,10,9,168,168)
r(0,165,9,169,169)
w(46,4,9,170,170)
r(29,9,9,171,171)
r(59,3,9,172,172)
w(0,166,9,173,173)
w(21,12,9,174,174)
r(5,30,9,175,175)
r(11,8,9,176,176)
w(94,5,9,177,177)
w(9,19,9,178,178)
r(68,3,9,179,179)
r(16,14,9,180,180)
w(2,80,9,181,181)
r(1,102,9,182,182)
w(3,33,9,183,183)
w(5,31,9,184,184)
r(10,16,9,185,185)
w(4,40,9,186,186)
r(0,166,9,187,187)
w(38,2,9,188,188)
w(0,167,9,189,189)
r(18,10,9,190,190)
w(1,103,9,191,191)
w(2,81,9,192,192)
w(50,5,9,193,193)
w(21,13,9,194,194)
w(5,32,9,195,195)
w(1,104,9,196,196)
w(0,168,9,197,197)
r(0,168,9,198,198)
r(51,2,9,199,199)
r(4,40,10,0,0)
r(4,40,10,1,1)
r(0,168,10,2,2)
w(1,105,10,3,3)
w(16,15,10,4,4)
r(45,3,10,5,5)
w(2,82,10,6,6)
w(7,23,10,7,7)
r(0,168,10,8,8)
r(8,25,10,9,9)
r(17,17,10,10,10)
w(1,106,10,11,11)
w(53,4,10,12,12)
r(0,168,10,13,13)
w(1,107,10,14,14)
r(38,2,10,15,15)
w(18,11,10,16,16)
w(3,34,10,17,17)
w(0,169,10,18,18)
r(6,31,10,19,19)
w(78,2,10,20,20)
w(71,5,10,21,21)
r(2,82,10,22,22)
r(19,10,10,23,23)
r(14,7,10,24,24)
r(0,169,10,25,25)
r(1,107,10,26,26)
w(0,170,10,27,27)
r(14,7,10,28,28)
w(2,83,10,29,29)
w(21,14,10,30,30)
r(34,3,10,31,31)
r(17,17,10,32,32)
r(12,18,10,33,33)
r(51,2,10,34,34)
r(0,170,10,35,35)
r(0,170,10,36,36)
w(47,8,10,37,37)
r(0,170,10,38,38)
r(0,170,10,39,39)
w(91,2,10,40,40)
r(5,32,10,41,41)
w(51,3,10,42,42)
w(24,9,10,43,43)
r(0,170,10,44,44)
w(15,10,10,45,45)
w(0,171,10,46,46)
w(22,5,10,47,47)
r(14,7,10,48,48)
w(40,11,10,49,49)
w(3,35,10,50,50)
w(2,84,10,51,51)
r(1,107,10,52,52)
r(0,171,10,53,53)
r(15,10,10,54,54)
r(12,18,10,55,55)
r(68,3,10,56,56)
w(8,26,10,57,57)
w(0,172,10,58,58)
r(89,1,10,59,59)
r(0,172,10,60,60)
w(0,173,10,61,61)
r(34,3,10,62,62)
r(0,173,10,63,63)
w(6,32,10,64,64)
w(73,2,10,65,65)
w(94,6,10,66,66)
w(23,16,10,67,67)
w(1,108,10,68,68)
r(11,8,10,69,69)
r(1,108,10,70,70)
w(3,36,10,71,71)
r(88,2,10,72,72)
w(4,41,10,73,73)
w(49,6,10,74,74)
r(1,108,10,75,75)
w(9,20,10,76,76)
r(48,5,10,77,77)
r(25,4,10,78,78)
w(2,85,10,79,79)
r(17,17,10,80,80)
w(1,109,10,81,81)
w(32,8,10,82,82)
r(77,3,10,83,83)
r(62,6,10,84,84)
w(0,174,10,85,85)
r(1,109,10,86,86)
r(1,109,10,87,87)
r(0,174,10,88,88)
r(2,85,10,89,89)
r(0,174,10,90,90)
r(41,7,10,91,91)
r(28,2,10,92,92)
w(29,10,10,93,93)
r(3,36,10,94,94)
w(7,24,10,95,95)
r(0,174,10,96,96)
w(96,4,10,97,97)
w(0,175,10,98,98)
r(10,16,10,99,99)
r(0,175,10,100,100)
w(1,110,10,101,101)
w(25,5,10,102,102)
w(2,86,10,103,103)
w(0,176,10,104,104)
r(43,5,10,105,105)
w(2,87,10,106,106)
w(9,21,10,107,107)
r(48,5,10,108,108)
r(50,5,10,109,109)
w(20,13,10,110,110)
r(30,10,10,111,111)
w(3,37,10,112,112)
w(5,33,10,113,113)
w(15,11,10,114,114)
w(84,3,10,115,115)
r(2,87,10,116,116)
w(0,177,10,117,117)
w(17,18,10,118,118)
w(3,38,10,119,119)
w(46,5,10,120,120)
r(4,41,10,121,121)
w(39,5,10,122,122)
r(0,177,10,123,123)
w(9,22,10,124,124)
w(3,39,10,125,125)
r(12,18,10,126,126)
r(71,5,10,127,127)
r(9,22,10,128,128)
w(3,40,10,129,129)
w(12,19,10,130,130)
w(0,178,10,131,131)
r(26,8,10,132,132)
w(0,179,10,133,133)
r(4,41,10,134,134)
w(1,111,10,135,135)
r(3,40,10,136,136)
w(5,34,10,137,137)
w(10,17,10,138,138)
r(51,3,10,139,139)
r(14,7,10,140,140)
r(3,40,10,141,141)
w(33,4,10,142,142)
w(75,4,10,143,143)
w(3,41,10,144,144)
r(12,19,10,145,145)
w(7,25,10,146,146)
r(3,41,10,147,147)
w(28,3,10,148,148)
r(0,179,10,149,149)
r(17,18,10,150,150)
w(54,4,10,151,151)
r(17,18,10,152,152)
r(1,111,10,153,153)
r(0,179,10,154,154)
r(62,6,10,155,155)
r(23,16,10,156,156)
r(27,5,10,157,157)
r(0,179,10,158,158)
r(49,6,10,159,159)
w(0,180,10,160,160)
r(18,11,10,161,161)
r(1,111,10,162,162)
r(0,180,10,163,163)
w(25,6,10,164,164)
w(55,3,10,165,165)
r(11,8,10,166,166)
r(1,111,10,167,167)
w(0,181,10,168,168)
r(92,2,10,169,169)
r(77,3,10,170,170)
w(5,35,10,171,171)
r(36,4,10,172,172)
r(45,3,10,173,173)
r(62,6,10,174,174)
w(0,182,10,175,175)
w(34,4,10,176,176)
w(31,8,10,177,177)
w(87,2,10,178,178)
w(7,26,10,179,179)
w(28,4,10,180,180)
w(0,183,10,181,181)
w(0,184,10,182,182)
w(2,88,10,183,183)
r(0,184,10,184,184)
w(1,112,10,185,185)
w(7,27,10,186,186)
w(7,28,10,187,187)
w(19,11,10,188,188)
w(11,9,10,189,189)
r(20,13,10,190,190)
r(2,88,10,191,191)
w(15,12,10,192,192)
r(0,184,10,193,193)
r(44,5,10,194,194)
r(7,28,10,195,195)
r(1,112,10,196,196)
r(1,112,10,197,197)
r(0,184,10,198,198)
w(6,33,10,199,199)
w(2,89,11,0,0)
r(55,3,11,1,1)
w(3,42,11,2,2)
r(5,35,11,3,3)
r(2,89,11,4,4)
w(2,90,11,5,5)
r(25,6,11,6,6)
r(24,9,11,7,7)
r(4,41,11,8,8)
w(2,91,11,9,9)
w(3,43,11,10,10)
r(0,184,11,11,11)
r(5,35,11,12,12)
r(2,91,11,13,13)
w(17,19,11,14,14)
w(1,113,11,15,15)
w(16,16,11,16,16)
w(17,20,11,17,17)
r(24,9,11,18,18)
w(10,18,11,19,19)
r(1,113,11,20,20)
r(14,7,11,21,21)
r(51,3,11,22,22)
r(0,184,11,23,23)
w(15,13,11,24,24)
w(1,114,11,25,25)
r(1,114,11,26,26)
r(92,2,11,27,27)
r(86,0,11,28,28)
r(3,43,11,29,29)
w(4,42,11,30,30)
w(8,27,11,31,31)
w(8,28,11,32,32)
w(16,17,11,33,33)
w(1,115,11,34,34)
w(34,5,11,35,35)
w(1,116,11,36,36)
r(8,28,11,37,37)
w(86,1,11,38,38)
r(5,35,11,39,39)
w(5,36,11,40,40)
r(7,28,11,41,41)
r(0,184,11,42,42)
r(2,91,11,43,43)
r(2,91,11,44,44)
r(0,184,11,45,45)
r(25,6,11,46,46)
w(0,185,11,47,47)
r(21,14,11,48,48)
r(34,5,11,49,49)
w(2,92,11,50,50)
r(1,116,11,51,51)
w(34,6,11,52,52)
w(73,3,11,53,53)
r(18,11,11,54,54)
r(1,116,11,55,55)
r(6,33,11,56,56)
r(0,185,11,57,57)
r(0,185,11,58,58)
w(2,93,11,59,59)
r(2,93,11,60,60)
r(92,2,11,61,61)
r(15,13,11,62,62)
w(2,94,11,63,63)
r(13,15,11,64,64)
r(83,3,11,65,65)
r(4,42,11,66,66)
r(7,28,11,67,67)
r(61,3,11,68,68)
w(22,6,11,69,69)
w(19,12,11,70,70)
r(5,36,11,71,71)
w(10,19,11,72,72)
r(35,4,11,73,73)
r(1,116,11,74,74)
w(63,4,11,75,75)
r(1,116,11,76,76)
r(8,28,11,77,77)
r(98,0,11,78,78)
w(31,9,11,79,79)
r(9,22,11,80,80)
r(25,6,11,81,81)
w(7,29,11,82,82)
r(20,13,11,83,83)
w(3,44,11,84,84)
r(0,185,11,85,85)
w(8,29,11,86,86)
w(37,14,11,87,87)
r(5,36,11,88,88)
r(29,10,11,89,89)
r(20,13,11,90,90)
r(2,94,11,91,91)
r(15,13,11,92,92)
w(39,6,11,93,93)
r(1,116,11,94,94)
w(15,14,11,95,95)
r(23,16,11,96,96)
w(2,95,11,97,97)
w(51,4,11,98,98)
r(0,185,11,99,99)
r(0,185,11,100,100)
w(0,186,11,101,101)
w(3,45,11,102,102)
w(0,187,11,103,103)
w(3,46,11,104,104)
r(2,95,11,105,105)
w(22,7,11,106,106)
r(1,116,11,107,107)
r(0,187,11,108,108)
w(19,13,11,109,109)
w(1,117,11,110,110)
w(0,188,11,111,111)
r(48,5,11,112,112)
r(13,15,11,113,113)
r(1,117,11,114,114)
r(0,188,11,115,115)
r(2,95,11,116,116)
w(0,189,11,117,117)
w(29,11,11,118,118)
w(97,2,11,119,119)
w(16,18,11,120,120)
r(41,7,11,121,121)
r(14,7,11,122,122)
r(17,20,11,123,123)
w(7,30,11,124,124)
r(0,189,11,125,125)
w(10,20,11,126,126)
r(0,189,11,127,127)
w(0,190,11,128,128)
r(1,117,11,129,129)
r(0,190,11,130,130)
w(24,10,11,131,131)
w(19,14,11,132,132)
w(0,191,11,133,133)
w(3,47,11,134,134)
r(5,36,11,135,135)
w(0,192,11,136,136)
r(24,10,11,137,137)
w(1,118,11,138,138)
w(16,19,11,139,139)
w(4,43,11,140,140)
w(2,96,11,141,141)
w(37,15,11,142,142)
r(0,192,11,143,143)
w(19,15,11,144,144)
r(27,5,11,145,145)
r(1,118,11,146,146)
w(0,193,11,147,147)
w(79,3,11,148,148)
w(58,4,11,149,149)
r(7,30,11,150,150)
r(0,193,11,151,151)
w(3,48,11,152,152)
r(0,193,11,153,153)
w(47,9,11,154,154)
r(78,2,11,155,155)
r(55,3,11,156,156)
r(9,22,11,157,157)
r(5,36,11,158,158)
r(99,3,11,159,159)
r(0,193,11,160,160)
w(7,31,11,161,161)
r(41,7,11,162,162)
w(1,119,11,163,163)
r(4,43,11,164,164)
r(1,119,11,165,165)
w(78,3,11,166,166)
r(5,36,11,167,167)
r(3,48,11,168,168)
r(96,4,11,169,169)
r(69,2,11,170,170)
w(0,194,11,171,171)
r(0,194,11,172,172)
w(0,195,11,173,173)
w(4,44,11,174,174)
w(2,97,11,175,175)
r(2,97,11,176,176)
w(3,49,11,177,177)
w(6,34,11,178,178)
w(0,196,11,179,179)
r(5,36,11,180,180)
r(19,15,11,181,181)
w(4,45,11,182,182)
w(5,37,11,183,183)
r(8,29,11,184,184)
w(29,12,11,185,185)
w(87,3,11,186,186)
w(4,46,11,187,187)
w(2,98,11,188,188)
w(2,99,11,189,189)
r(29,12,11,190,190)
r(0,196,11,191,191)
r(11,9,11,192,192)
w(1,120,11,193,193)
w(66,5,11,194,194)
r(0,196,11,195,195)
w(0,197,11,196,196)
r(23,16,11,197,197)
r(77,3,11,198,198)
r(4,46,11,199,199)
w(9,23,12,0,0)
r(11,9,12,1,1)
w(1,121,12,2,2)
w(17,21,12,3,3)
w(2,100,12,4,4)
w(17,22,12,5,5)
w(17,23,12,6,6)
r(0,197,12,7,7)
w(0,198,12,8,8)
r(9,23,12,9,9)
w(88,3,12,10,10)
r(23,16,12,11,11)
w(78,4,12,12,12)
r(1,121,12,13,13)
w(3,50,12,14,14)
w(77,4,12,15,15)
r(4,46,12,16,16)
w(26,9,12,17,17)
r(26,9,12,18,18)
w(0,199,12,19,19)
r(83,3,12,20,20)
w(9,24,12,21,21)
r(62,6,12,22,22)
r(3,50,12,23,23)
w(5,38,12,24,24)
w(29,13,12,25,25)
w(1,122,12,26,26)
w(9,25,12,27,27)
r(7,31,12,28,28)
r(3,50,12,29,29)
r(35,4,12,30,30)
w(13,16,12,31,31)
w(94,7,12,32,32)
w(68,4,12,33,33)
w(1,123,12,34,34)
w(3,51,12,35,35)
r(0,199,12,36,36)
w(48,6,12,37,37)
w(0,200,12,38,38)
w(31,10,12,39,39)
w(7,32,12,40,40)
r(10,20,12,41,41)
r(2,100,12,42,42)
w(7,33,12,43,43)
w(1,124,12,44,44)
r(9,25,12,45,45)
w(2,101,12,46,46)
w(61,4,12,47,47)
w(1,125,12,48,48)
w(0,201,12,49,49)
r(85,1,12,50,50)
w(35,5,12,51,51)
w(7,34,12,52,52)
r(19,15,12,53,53)
w(43,6,12,54,54)
w(6,35,12,55,55)
w(20,14,12,56,56)
r(11,9,12,57,57)
w(1,126,12,58,58)
r(3,51,12,59,59)
r(1,126,12,60,60)
r(3,51,12,61,61)
w(51,5,12,62,62)
w(3,52,12,63,63)
r(4,46,12,64,64)
w(1,127,12,65,65)
w(10,21,12,66,66)
w(1,128,12,67,67)
r(15,14,12,68,68)
r(15,14,12,69,69)
w(61,5,12,70,70)
r(7,34,12,71,71)
r(10,21,12,72,72)
r(21,14,12,73,73)
w(43,7,12,74,74)
r(33,4,12,75,75)
r(20,14,12,76,76)
r(0,201,12,77,77)
w(0,202,12,78,78)
w(29,14,12,79,79)
r(6,35,12,80,80)
w(0,203,12,81,81)
w(56,5,12,82,82)
w(0,204,12,83,83)
w(6,36,12,84,84)
w(25,7,12,85,85)
w(8,30,12,86,86)
w(53,5,12,87,87)
r(12,19,12,88,88)
w(1,129,12,89,89)
r(64,2,12,90,90)
w(53,6,12,91,91)
r(1,129,12,92,92)
r(42,6,12,93,93)
w(51,6,12,94,94)
r(0,204,12,95,95)
r(1,129,12,96,96)
w(43,8,12,97,97)
w(5,39,12,98,98)
w(1,130,12,99,99)
w(0,205,12,100,100)
r(1,130,12,101,101)
w(0,206,12,102,102)
r(12,19,12,103,103)
r(41,7,12,104,104)
w(4,47,12,105,105)
w(25,8,12,106,106)
r(13,16,12,107,107)
r(0,206,12,108,108)
r(2,101,12,109,109)
r(22,7,12,110,110)
w(21,15,12,111,111)
w(2,102,12,112,112)
r(36,4,12,113,113)
w(49,7,12,114,114)
w(3,53,12,115,115)
r(7,34,12,116,116)
w(3,54,12,117,117)
w(19,16,12,118,118)
r(0,206,12,119,119)
r(0,206,12,120,120)
r(0,206,12,121,121)
w(1,131,12,122,122)
r(0,206,12,123,123)
w(5,40,12,124,124)
r(4,47,12,125,125)
r(99,3,12,126,126)
r(21,15,12,127,127)
r(20,14,12,128,128)
r(0,206,12,129,129)
w(8,31,12,130,130)
r(0,206,12,131,131)
w(49,8,12,132,132)
w(10,22,12,133,133)
w(7,35,12,134,134)
r(9,25,12,135,135)
w(64,3,12,136,136)
r(29,14,12,137,137)
r(50,5,12,138,138)
r(1,131,12,139,139)
w(4,48,12,140,140)
r(1,131,12,141,141)
r(2,102,12,142,142)
w(10,23,12,143,143)
r(17,23,12,144,144)
r(52,3,12,145,145)
r(2,102,12,146,146)
r(15,14,12,147,147)
r(2,102,12,148,148)
r(0,206,12,149,149)
r(11,9,12,150,150)
w(6,37,12,151,151)
r(0,206,12,152,152)
r(21,15,12,153,153)
r(99,3,12,154,154)
r(0,206,12,155,155)
r(0,206,12,156,156)
r(0,206,12,157,157)
w(59,4,12,158,158)
r(45,3,12,159,159)
w(2,103,12,160,160)
r(2,103,12,161,161)
w(14,8,12,162,162)
r(76,2,12,163,163)
r(28,4,12,164,164)
r(12,19,12,165,165)
w(31,11,12,166,166)
r(7,35,12,167,167)
w(1,132,12,168,168)
w(51,7,12,169,169)
w(1,133,12,170,170)
w(73,4,12,171,171)
r(67,5,12,172,172)
w(79,4,12,173,173)
w(12,20,12,174,174)
r(13,16,12,175,175)
r(1,133,12,176,176)
r(1,133,12,177,177)
r(20,14,12,178,178)
r(5,40,12,179,179)
w(1,134,12,180,180)
w(24,11,12,181,181)
w(0,207,12,182,182)
r(0,207,12,183,183)
w(1,135,12,184,184)
r(0,207,12,185,185)
r(3,54,12,186,186)
w(39,7,12,187,187)
r(11,9,12,188,188)
r(2,103,12,189,189)
r(10,23,12,190,190)
w(44,6,12,191,191)
w(66,6,12,192,192)
r(89,1,12,193,193)
w(36,5,12,194,194)
r(33,4,12,195,195)
w(5,41,12,196,196)
r(49,8,12,197,197)
r(0,207,12,198,198)
r(0,207,12,199,199)
r(0,207,13,0,0)
w(4,49,13,1,1)
r(10,23,13,2,2)
r(1,135,13,3,3)
r(0,207,13,4,4)
w(15,15,13,5,5)
r(3,54,13,6,6)
w(48,7,13,7,7)
w(0,208,13,8,8)
r(10,23,13,9,9)
w(2,104,13,10,10)
r(10,23,13,11,11)
r(27,5,13,12,12)
r(0,208,13,13,13)
r(3,54,13,14,14)
r(1,135,13,15,15)
w(10,24,13,16,16)
r(1,135,13,17,17)
w(2,105,13,18,18)
w(2,106,13,19,19)
r(43,8,13,20,20)
r(2,106,13,21,21)
r(73,4,13,22,22)
w(61,6,13,23,23)
w(13,17,13,24,24)
w(0,209,13,25,25)
r(5,41,13,26,26)
w(5,42,13,27,27)
r(5,42,13,28,28)
r(25,8,13,29,29)
r(26,9,13,30,30)
w(38,3,13,31,31)
w(0,210,13,32,32)
w(1,136,13,33,33)
w(10,25,13,34,34)
w(48,8,13,35,35)
r(3,54,13,36,36)
w(17,24,13,37,37)
w(18,12,13,38,38)
w(32,9,13,39,39)
w(0,211,13,40,40)
w(2,107,13,41,41)
w(5,43,13,42,42)
w(3,55,13,43,43)
w(11,10,13,44,44)
r(65,3,13,45,45)
w(26,10,13,46,46)
r(77,4,13,47,47)
r(11,10,13,48,48)
w(44,7,13,49,49)
r(2,107,13,50,50)
r(1,136,13,51,51)
r(19,16,13,52,52)
r(11,10,13,53,53)
r(19,16,13,54,54)
r(1,136,13,55,55)
r(14,8,13,56,56)
r(0,211,13,57,57)
r(14,8,13,58,58)
w(25,9,13,59,59)
w(1,137,13,60,60)
r(1,137,13,61,61)
r(0,211,13,62,62)
w(0,212,13,63,63)
r(0,212,13,64,64)
w(22,8,13,65,65)
w(1,138,13,66,66)
w(1,139,13,67,67)
w(0,213,13,68,68)
r(29,14,13,69,69)
r(0,213,13,70,70)
w(18,13,13,71,71)
w(2,108,13,72,72)
r(1,139,13,73,73)
r(0,213,13,74,74)
r(27,5,13,75,75)
r(6,37,13,76,76)
r(13,17,13,77,77)
w(1,140,13,78,78)
r(16,19,13,79,79)
w(0,214,13,80,80)
w(68,5,13,81,81)
w(13,18,13,82,82)
r(0,214,13,83,83)
w(8,32,13,84,84)
w(0,215,13,85,85)
r(9,25,13,86,86)
w(27,6,13,87,87)
r(6,37,13,88,88)
w(56,6,13,89,89)
r(1,140,13,90,90)
w(2,109,13,91,91)
r(0,215,13,92,92)
r(76,2,13,93,93)
r(24,11,13,94,94)
r(39,7,13,95,95)
r(4,49,13,96,96)
w(0,216,13,97,97)
w(0,217,13,98,98)
r(69,2,13,99,99)
w(5,44,13,100,100)
r(3,55,13,101,101)
w(20,15,13,102,102)
w(32,10,13,103,103)
w(11,11,13,104,104)
w(20,16,13,105,105)
w(55,4,13,106,106)
r(0,217,13,107,107)
r(67,5,13,108,108)
w(0,218,13,109,109)
w(9,26,13,110,110)
w(0,219,13,111,111)
r(45,3,13,112,112)
w(0,220,13,113,113)
r(1,140,13,114,114)
r(0,220,13,115,115)
w(16,20,13,116,116)
r(2,109,13,117,117)
r(6,37,13,118,118)
w(33,5,13,119,119)
w(2,110,13,120,120)
r(90,0,13,121,121)
r(87,3,13,122,122)
w(11,12,13,123,123)
r(17,24,13,124,124)
w(6,38,13,125,125)
r(91,2,13,126,126)
w(0,221,13,127,127)
r(39,7,13,128,128)
r(9,26,13,129,129)
r(11,12,13,130,130)
w(0,222,13,131,131)
r(0,222,13,132,132)
w(6,39,13,133,133)
w(80,3,13,134,134)
r(53,6,13,135,135)
r(20,16,13,136,136)
r(52,3,13,137,137)
r(0,222,13,138,138)
r(11,12,13,139,139)
w(0,223,13,140,140)
r(1,140,13,141,141)
w(39,8,13,142,142)
r(0,223,13,143,143)
r(0,223,13,144,144)
r(44,7,13,145,145)
w(41,8,13,146,146)
w(9,27,13,147,147)
r(74,3,13,148,148)
r(10,25,13,149,149)
r(1,140,13,150,150)
w(99,4,13,151,151)
w(67,6,13,152,152)
r(5,44,13,153,153)
r(95,3,13,154,154)
w(23,17,13,155,155)
r(39,8,13,156,156)
r(50,5,13,157,157)
r(0,223,13,158,158)
r(86,1,13,159,159)
r(56,6,13,160,160)
r(5,44,13,161,161)
r(14,8,13,162,162)
w(28,5,13,163,163)
w(2,111,13,164,164)
w(7,36,13,165,165)
r(5,44,13,166,166)
w(4,50,13,167,167)
r(3,55,13,168,168)
w(77,5,13,169,169)
w(7,37,13,170,170)
r(8,32,13,171,171)
w(1,141,13,172,172)
w(24,12,13,173,173)
w(6,40,13,174,174)
w(0,224,13,175,175)
w(4,51,13,176,176)
w(5,45,13,177,177)
w(1,142,13,178,178)
r(23,17,13,179,179)
w(4,52,13,180,180)
w(13,19,13,181,181)
r(0,224,13,182,182)
w(59,5,13,183,183)
w(3,56,13,184,184)
w(13,20,13,185,185)
w(0,225,13,186,186)
r(4,52,13,187,187)
w(0,226,13,188,188)
r(3,56,13,189,189)
w(3,57,13,190,190)
r(81,2,13,191,191)
r(51,7,13,192,192)
w(3,58,13,193,193)
r(26,10,13,194,194)
r(10,25,13,195,195)
r(53,6,13,196,196)
r(4,52,13,197,197)
r(29,14,13,198,198)
w(15,16,13,199,199)
w(13,21,14,0,0)
w(0,227,14,1,1)
w(0,228,14,2,2)
r(0,228,14,3,3)
w(1,143,14,4,4)
w(0,229,14,5,5)
r(48,8,14,6,6)
r(0,229,14,7,7)
r(0,229,14,8,8)
w(0,230,14,9,9)
w(0,231,14,10,10)
r(0,231,14,11,11)
w(4,53,14,12,12)
w(0,232,14,13,13)
r(83,3,14,14,14)
w(8,33,14,15,15)
r(0,232,14,16,16)
r(51,7,14,17,17)
w(83,4,14,18,18)
r(99,4,14,19,19)
w(0,233,14,20,20)
w(91,3,14,21,21)
r(0,233,14,22,22)
r(6,40,14,23,23)
r(0,233,14,24,24)
r(30,10,14,25,25)
r(15,16,14,26,26)
r(15,16,14,27,27)
r(9,27,14,28,28)
r(1,143,14,29,29)
w(0,234,14,30,30)
r(3,58,14,31,31)
w(31,12,14,32,32)
w(43,9,14,33,33)
r(18,13,14,34,34)
r(0,234,14,35,35)
r(40,11,14,36,36)
w(1,144,14,37,37)
r(5,45,14,38,38)
w(92,3,14,39,39)
r(1,144,14,40,40)
r(1,144,14,41,41)
w(0,235,14,42,42)
r(16,20,14,43,43)
r(1,144,14,44,44)
r(4,53,14,45,45)
r(9,27,14,46,46)
r(46,5,14,47,47)
w(70,5,14,48,48)
w(2,112,14,49,49)
w(0,236,14,50,50)
r(15,16,14,51,51)
w(1,145,14,52,52)
w(27,7,14,53,53)
w(81,3,14,54,54)
r(1,145,14,55,55)
w(28,6,14,56,56)
r(1,145,14,57,57)
w(16,21,14,58,58)
r(17,24,14,59,59)
r(2,112,14,60,60)
r(29,14,14,61,61)
w(0,237,14,62,62)
w(11,13,14,63,63)
w(71,6,14,64,64)
w(0,238,14,65,65)
r(60,5,14,66,66)
r(0,238,14,67,67)
w(25,10,14,68,68)
w(0,239,14,69,69)
w(11,14,14,70,70)
r(7,37,14,71,71)
w(0,240,14,72,72)
r(0,240,14,73,73)
w(2,113,14,74,74)
w(52,4,14,75,75)
r(3,58,14,76,76)
r(3,58,14,77,77)
r(15,16,14,78,78)
r(12,20,14,79,79)
w(49,9,14,80,80)
r(30,10,14,81,81)
r(18,13,14,82,82)
r(14,8,14,83,83)
w(1,146,14,84,84)
w(41,9,14,85,85)
r(21,15,14,86,86)
w(18,14,14,87,87)
r(19,16,14,88,88)
r(12,20,14,89,89)
w(5,46,14,90,90)
r(14,8,14,91,91)
w(15,17,14,92,92)
r(4,53,14,93,93)
r(0,240,14,94,94)
w(87,4,14,95,95)
w(1,147,14,96,96)
w(42,7,14,97,97)
w(1,148,14,98,98)
r(53,6,14,99,99)
r(10,25,14,100,100)
r(16,21,14,101,101)
r(21,15,14,102,102)
w(5,47,14,103,103)
r(54,4,14,104,104)
r(4,53,14,105,105)
w(4,54,14,106,106)
w(0,241,14,107,107)
r(10,25,14,108,108)
w(15,18,14,109,109)
w(44,8,14,110,110)
w(52,5,14,111,111)
w(7,38,14,112,112)
w(49,10,14,113,113)
w(0,242,14,114,114)
w(0,243,14,115,115)
r(2,113,14,116,116)
w(12,21,14,117,117)
r(1,148,14,118,118)
r(28,6,14,119,119)
w(87,5,14,120,120)
w(1,149,14,121,121)
r(25,10,14,122,122)
r(20,16,14,123,123)
w(6,41,14,124,124)
r(18,14,14,125,125)
w(0,244,14,126,126)
r(2,113,14,127,127)
r(0,244,14,128,128)
w(19,17,14,129,129)
r(40,11,14,130,130)
w(55,5,14,131,131)
w(38,4,14,132,132)
w(3,59,14,133,133)
w(0,245,14,134,134)
r(54,4,14,135,135)
r(3,59,14,136,136)
w(12,22,14,137,137)
r(0,245,14,138,138)
w(0,246,14,139,139)
r(0,246,14,140,140)
w(22,9,14,141,141)
r(5,47,14,142,142)
r(12,22,14,143,143)
w(18,15,14,144,144)
w(0,247,14,145,145)
r(33,5,14,146,146)
r(1,149,14,147,147)
r(51,7,14,148,148)
r(22,9,14,149,149)
w(4,55,14,150,150)
r(6,41,14,151,151)
r(37,15,14,152,152)
r(2,113,14,153,153)
r(3,59,14,154,154)
r(49,10,14,155,155)
w(37,16,14,156,156)
w(18,16,14,157,157)
r(0,247,14,158,158)
w(35,6,14,159,159)
r(19,17,14,160,160)
w(6,42,14,161,161)
w(13,22,14,162,162)
w(5,48,14,163,163)
w(44,9,14,164,164)
r(45,3,14,165,165)
w(59,6,14,166,166)
r(6,42,14,167,167)
w(37,17,14,168,168)
r(2,113,14,169,169)
r(8,33,14,170,170)
w(15,19,14,171,171)
w(30,11,14,172,172)
w(0,248,14,173,173)
r(35,6,14,174,174)
w(9,28,14,175,175)
r(82,1,14,176,176)
w(5,49,14,177,177)
w(27,8,14,178,178)
w(2,114,14,179,179)
r(0,248,14,180,180)
r(0,248,14,181,181)
w(66,7,14,182,182)
w(28,7,14,183,183)
r(24,12,14,184,184)
w(5,50,14,185,185)
r(29,14,14,186,186)
w(67,7,14,187,187)
r(3,59,14,188,188)
w(69,3,14,189,189)
r(0,248,14,190,190)
r(39,8,14,191,191)
w(5,51,14,192,192)
w(0,249,14,193,193)
w(0,250,14,194,194)
r(0,250,14,195,195)
w(82,2,14,196,196)
w(3,60,14,197,197)
r(3,60,14,198,198)
r(79,4,14,199,199)
w(28,8,15,0,0)
w(42,8,15,1,1)
r(9,28,15,2,2)
w(0,251,15,3,3)
w(0,252,15,4,4)
r(1,149,15,5,5)
r(95,3,15,6,6)
r(5,51,15,7,7)
w(6,43,15,8,8)
w(74,4,15,9,9)
w(1,150,15,10,10)
w(17,25,15,11,11)
w(28,9,15,12,12)
w(5,52,15,13,13)
w(2,115,15,14,14)
r(0,252,15,15,15)
w(0,253,15,16,16)
r(4,55,15,17,17)
w(38,5,15,18,18)
w(4,56,15,19,19)
w(39,9,15,20,20)
w(2,116,15,21,21)
w(0,254,15,22,22)
r(15,19,15,23,23)
w(1,151,15,24,24)
r(20,16,15,25,25)
w(6,44,15,26,26)
w(1,152,15,27,27)
w(1,153,15,28,28)
r(32,10,15,29,29)
w(27,9,15,30,30)
r(32,10,15,31,31)
r(20,16,15,32,32)
w(0,255,15,33,33)
r(21,15,15,34,34)
w(3,61,15,35,35)
w(0,256,15,36,36)
w(0,257,15,37,37)
w(78,5,15,38,38)
r(34,6,15,39,39)
w(2,117,15,40,40)
r(5,52,15,41,41)
r(12,22,15,42,42)
r(10,25,15,43,43)
r(1,153,15,44,44)
r(10,25,15,45,45)
r(5,52,15,46,46)
w(2,118,15,47,47)
w(8,34,15,48,48)
r(9,28,15,49,49)
r(21,15,15,50,50)
w(0,258,15,51,51)
w(0,259,15,52,52)
r(79,4,15,53,53)
r(13,22,15,54,54)
w(35,7,15,55,55)
w(87,6,15,56,56)
w(5,53,15,57,57)
w(6,45,15,58,58)
r(30,11,15,59,59)
r(2,118,15,60,60)
w(55,6,15,61,61)
w(17,26,15,62,62)
w(0,260,15,63,63)
w(0,261,15,64,64)
w(51,8,15,65,65)
w(0,262,15,66,66)
w(12,23,15,67,67)
r(4,56,15,68,68)
w(0,263,15,69,69)
w(9,29,15,70,70)
w(2,119,15,71,71)
w(44,10,15,72,72)
w(8,35,15,73,73)
r(8,35,15,74,74)
r(2,119,15,75,75)
r(3,61,15,76,76)
w(14,9,15,77,77)
r(4,56,15,78,78)
r(3,61,15,79,79)
w(1,154,15,80,80)
w(34,7,15,81,81)
w(7,39,15,82,82)
w(4,57,15,83,83)
w(19,18,15,84,84)
w(17,27,15,85,85)
r(18,16,15,86,86)
r(54,4,15,87,87)
r(1,154,15,88,88)
r(3,61,15,89,89)
w(17,28,15,90,90)
r(3,61,15,91,91)
w(2,120,15,92,92)
r(11,14,15,93,93)
w(16,22,15,94,94)
r(54,4,15,95,95)
w(1,155,15,96,96)
r(66,7,15,97,97)
w(27,10,15,98,98)
r(3,61,15,99,99)
w(0,264,15,100,100)
w(9,30,15,101,101)
w(21,16,15,102,102)
w(15,20,15,103,103)
r(0,264,15,104,104)
w(0,265,15,105,105)
r(58,4,15,106,106)
w(43,10,15,107,107)
r(10,25,15,108,108)
r(1,155,15,109,109)
w(1,156,15,110,110)
r(3,61,15,111,111)
w(62,7,15,112,112)
r(7,39,15,113,113)
w(4,58,15,114,114)
r(18,16,15,115,115)
w(0,266,15,116,116)
w(0,267,15,117,117)
w(0,268,15,118,118)
r(71,6,15,119,119)
r(92,3,15,120,120)
r(41,9,15,121,121)
r(0,268,15,122,122)
r(0,268,15,123,123)
r(37,17,15,124,124)
r(45,3,15,125,125)
r(11,14,15,126,126)
w(18,17,15,127,127)
r(0,268,15,128,128)
w(1,157,15,129,129)
w(78,6,15,130,130)
w(0,269,15,131,131)
r(0,269,15,132,132)
r(0,269,15,133,133)
r(2,120,15,134,134)
w(29,15,15,135,135)
w(0,270,15,136,136)
w(42,9,15,137,137)
r(3,61,15,138,138)
w(3,62,15,139,139)
r(56,6,15,140,140)
w(2,121,15,141,141)
w(10,26,15,142,142)
r(0,270,15,143,143)
w(66,8,15,144,144)
w(6,46,15,145,145)
w(0,271,15,146,146)
w(0,272,15,147,147)
w(37,18,15,148,148)
w(5,54,15,149,149)
w(0,273,15,150,150)
w(9,31,15,151,151)
w(0,274,15,152,152)
r(13,22,15,153,153)
w(1,158,15,154,154)
w(26,11,15,155,155)
r(1,158,15,156,156)
w(0,275,15,157,157)
r(3,62,15,158,158)
w(0,276,15,159,159)
r(5,54,15,160,160)
w(0,277,15,161,161)
w(2,122,15,162,162)
r(65,3,15,163,163)
w(51,9,15,164,164)
r(70,5,15,165,165)
w(0,278,15,166,166)
w(42,10,15,167,167)
r(9,31,15,168,168)
w(13,23,15,169,169)
r(2,122,15,170,170)
w(2,123,15,171,171)
r(0,278,15,172,172)
w(1,159,15,173,173)
r(0,278,15,174,174)
w(58,5,15,175,175)
r(0,278,15,176,176)
r(7,39,15,177,177)
r(12,23,15,178,178)
w(75,5,15,179,179)
w(0,279,15,180,180)
r(65,3,15,181,181)
w(30,12,15,182,182)
r(57,3,15,183,183)
r(0,279,15,184,184)
r(22,9,15,185,185)
r(0,279,15,186,186)
w(5,55,15,187,187)
r(1,159,15,188,188)
w(4,59,15,189,189)
w(42,11,15,190,190)
w(14,10,15,191,191)
r(0,279,15,192,192)
w(0,280,15,193,193)
w(0,281,15,194,194)
w(10,27,15,195,195)
r(2,123,15,196,196)
r(32,10,15,197,197)
w(20,17,15,198,198)
r(6,46,15,199,199)
r(1,159,16,0,0)
w(3,63,16,1,1)
w(0,282,16,2,2)
w(2,124,16,3,3)
r(0,282,16,4,4)
r(7,39,16,5,5)
w(0,283,16,6,6)
r(64,3,16,7,7)
w(19,19,16,8,8)
r(10,27,16,9,9)
w(3,64,16,10,10)
w(0,284,16,11,11)
r(2,124,16,12,12)
w(0,285,16,13,13)
r(72,3,16,14,14)
w(1,160,16,15,15)
w(3,65,16,16,16)
w(56,7,16,17,17)
w(12,24,16,18,18)
w(0,286,16,19,19)
w(34,8,16,20,20)
w(6,47,16,21,21)
r(55,6,16,22,22)
w(1,161,16,23,23)
w(48,9,16,24,24)
r(3,65,16,25,25)
w(10,28,16,26,26)
w(28,10,16,27,27)
r(24,12,16,28,28)
r(2,124,16,29,29)
r(56,7,16,30,30)
w(12,25,16,31,31)
w(7,40,16,32,32)
w(1,162,16,33,33)
r(0,286,16,34,34)
r(26,11,16,35,35)
r(39,9,16,36,36)
r(33,5,16,37,37)
r(6,47,16,38,38)
w(67,8,16,39,39)
w(32,11,16,40,40)
r(47,9,16,41,41)
r(38,5,16,42,42)
r(62,7,16,43,43)
w(0,287,16,44,44)
w(18,18,16,45,45)
w(1,163,16,46,46)
w(22,10,16,47,47)
r(0,287,16,48,48)
w(1,164,16,49,49)
r(11,14,16,50,50)
r(41,9,16,51,51)
r(0,287,16,52,52)
r(29,15,16,53,53)
w(11,15,16,54,54)
w(53,7,16,55,55)
r(2,124,16,56,56)
w(5,56,16,57,57)
w(46,6,16,58,58)
r(8,35,16,59,59)
r(24,12,16,60,60)
w(0,288,16,61,61)
w(0,289,16,62,62)
r(2,124,16,63,63)
r(12,25,16,64,64)
w(17,29,16,65,65)
w(27,11,16,66,66)
r(32,11,16,67,67)
w(42,12,16,68,68)
w(17,30,16,69,69)
r(52,5,16,70,70)
r(46,6,16,71,71)
r(1,164,16,72,72)
w(4,60,16,73,73)
w(28,11,16,74,74)
r(6,47,16,75,75)
r(4,60,16,76,76)
w(1,165,16,77,77)
w(1,166,16,78,78)
w(0,290,16,79,79)
r(34,8,16,80,80)
r(46,6,16,81,81)
r(5,56,16,82,82)
r(11,15,16,83,83)
r(35,7,16,84,84)
w(25,11,16,85,85)
r(0,290,16,86,86)
r(0,290,16,87,87)
r(66,8,16,88,88)
w(0,291,16,89,89)
r(45,3,16,90,90)
w(67,9,16,91,91)
r(17,30,16,92,92)
w(1,167,16,93,93)
w(0,292,16,94,94)
r(2,124,16,95,95)
w(0,293,16,96,96)
r(15,20,16,97,97)
w(18,19,16,98,98)
w(24,13,16,99,99)
w(37,19,16,100,100)
w(93,3,16,101,101)
r(1,167,16,102,102)
w(1,168,16,103,103)
w(11,16,16,104,104)
r(0,293,16,105,105)
w(0,294,16,106,106)
w(2,125,16,107,107)
w(76,3,16,108,108)
r(40,11,16,109,109)
r(0,294,16,110,110)
w(7,41,16,111,111)
w(0,295,16,112,112)
r(0,295,16,113,113)
w(2,126,16,114,114)
r(0,295,16,115,115)
w(21,17,16,116,116)
r(1,168,16,117,117)
w(0,296,16,118,118)
r(18,19,16,119,119)
w(93,4,16,120,120)
w(0,297,16,121,121)
w(7,42,16,122,122)
w(1,169,16,123,123)
w(1,170,16,124,124)
w(5,57,16,125,125)
r(0,297,16,126,126)
w(0,298,16,127,127)
r(20,17,16,128,128)
w(1,171,16,129,129)
r(0,298,16,130,130)
w(53,8,16,131,131)
r(0,298,16,132,132)
w(0,299,16,133,133)
w(3,66,16,134,134)
r(11,16,16,135,135)
r(76,3,16,136,136)
r(2,126,16,137,137)
w(40,12,16,138,138)
r(94,7,16,139,139)
w(0,300,16,140,140)
r(31,12,16,141,141)
r(49,10,16,142,142)
w(75,6,16,143,143)
r(53,8,16,144,144)
r(38,5,16,145,145)
r(3,66,16,146,146)
w(2,127,16,147,147)
r(1,171,16,148,148)
r(4,60,16,149,149)
r(28,11,16,150,150)
r(1,171,16,151,151)
w(4,61,16,152,152)
w(4,62,16,153,153)
w(0,301,16,154,154)
r(11,16,16,155,155)
w(13,24,16,156,156)
w(0,302,16,157,157)
r(20,17,16,158,158)
r(7,42,16,159,159)
r(13,24,16,160,160)
w(40,13,16,161,161)
w(2,128,16,162,162)
w(0,303,16,163,163)
r(61,6,16,164,164)
r(14,10,16,165,165)
r(2,128,16,166,166)
w(31,13,16,167,167)
r(12,25,16,168,168)
r(21,17,16,169,169)
r(17,30,16,170,170)
w(8,36,16,171,171)
r(1,171,16,172,172)
r(9,31,16,173,173)
r(0,303,16,174,174)
w(1,172,16,175,175)
r(9,31,16,176,176)
w(5,58,16,177,177)
w(5,59,16,178,178)
w(22,11,16,179,179)
w(0,304,16,180,180)
w(1,173,16,181,181)
r(8,36,16,182,182)
w(3,67,16,183,183)
w(1,174,16,184,184)
w(96,5,16,185,185)
w(1,175,16,186,186)
w(92,4,16,187,187)
r(50,5,16,188,188)
r(11,16,16,189,189)
r(0,304,16,190,190)
r(24,13,16,191,191)
w(0,305,16,192,192)
r(11,16,16,193,193)
w(4,63,16,194,194)
w(0,306,16,195,195)
w(94,8,16,196,196)
r(65,3,16,197,197)
r(0,306,16,198,198)
r(0,306,16,199,199)
r(0,306,17,0,0)
w(2,129,17,1,1)
r(0,306,17,2,2)
w(1,176,17,3,3)
w(1,177,17,4,4)
w(20,18,17,5,5)
w(10,29,17,6,6)
w(62,8,17,7,7)
r(53,8,17,8,8)
w(1,178,17,9,9)
r(17,30,17,10,10)
w(2,130,17,11,11)
r(0,306,17,12,12)
w(13,25,17,13,13)
r(6,47,17,14,14)
r(2,130,17,15,15)
r(1,178,17,16,16)
r(86,1,17,17,17)
r(19,19,17,18,18)
r(0,306,17,19,19)
w(0,307,17,20,20)
w(23,18,17,21,21)
r(10,29,17,22,22)
r(12,25,17,23,23)
w(0,308,17,24,24)
w(6,48,17,25,25)
r(0,308,17,26,26)
w(10,30,17,27,27)
w(31,14,17,28,28)
r(42,12,17,29,29)
w(8,37,17,30,30)
r(10,30,17,31,31)
w(2,131,17,32,32)
r(19,19,17,33,33)
r(2,131,17,34,34)
r(15,20,17,35,35)
w(1,179,17,36,36)
r(8,37,17,37,37)
w(16,23,17,38,38)
r(2,131,17,39,39)
r(92,4,17,40,40)
w(16,24,17,41,41)
r(3,67,17,42,42)
r(12,25,17,43,43)
w(5,60,17,44,44)
w(79,5,17,45,45)
w(15,21,17,46,46)
w(11,17,17,47,47)
w(20,19,17,48,48)
r(5,60,17,49,49)
w(0,309,17,50,50)
r(23,18,17,51,51)
w(3,68,17,52,52)
r(47,9,17,53,53)
w(1,180,17,54,54)
w(13,26,17,55,55)
r(5,60,17,56,56)
w(30,13,17,57,57)
r(0,309,17,58,58)
w(86,2,17,59,59)
r(40,13,17,60,60)
r(3,68,17,61,61)
r(42,12,17,62,62)
r(28,11,17,63,63)
r(2,131,17,64,64)
r(41,9,17,65,65)
r(37,19,17,66,66)
r(0,309,17,67,67)
w(4,64,17,68,68)
w(72,4,17,69,69)
r(11,17,17,70,70)
w(3,69,17,71,71)
w(33,6,17,72,72)
w(1,181,17,73,73)
r(23,18,17,74,74)
r(0,309,17,75,75)
w(2,132,17,76,76)
w(42,13,17,77,77)
r(36,5,17,78,78)
w(83,5,17,79,79)
r(1,181,17,80,80)
w(9,32,17,81,81)
w(96,6,17,82,82)
r(8,37,17,83,83)
r(12,25,17,84,84)
w(1,182,17,85,85)
r(4,64,17,86,86)
r(0,309,17,87,87)
w(38,6,17,88,88)
w(14,11,17,89,89)
r(4,64,17,90,90)
r(0,309,17,91,91)
r(2,132,17,92,92)
r(69,3,17,93,93)
w(4,65,17,94,94)
r(0,309,17,95,95)
r(2,132,17,96,96)
r(13,26,17,97,97)
w(0,310,17,98,98)
r(38,6,17,99,99)
r(9,32,17,100,100)
r(24,13,17,101,101)
w(0,311,17,102,102)
w(21,18,17,103,103)
w(6,49,17,104,104)
r(0,311,17,105,105)
w(20,20,17,106,106)
r(20,20,17,107,107)
w(12,26,17,108,108)
r(2,132,17,109,109)
r(16,24,17,110,110)
w(17,31,17,111,111)
r(82,2,17,112,112)
w(1,183,17,113,113)
r(50,5,17,114,114)
r(8,37,17,115,115)
r(8,37,17,116,116)
w(81,4,17,117,117)
r(0,311,17,118,118)
w(9,33,17,119,119)
w(0,312,17,120,120)
r(5,60,17,121,121)
r(0,312,17,122,122)
w(0,313,17,123,123)
w(1,184,17,124,124)
w(15,22,17,125,125)
r(3,69,17,126,126)
w(0,314,17,127,127)
w(92,5,17,128,128)
r(2,132,17,129,129)
w(3,70,17,130,130)
w(0,315,17,131,131)
r(75,6,17,132,132)
r(58,5,17,133,133)
r(3,70,17,134,134)
r(3,70,17,135,135)
r(2,132,17,136,136)
r(7,42,17,137,137)
r(38,6,17,138,138)
w(8,38,17,139,139)
w(3,71,17,140,140)
w(17,32,17,141,141)
w(4,66,17,142,142)
w(0,316,17,143,143)
r(20,20,17,144,144)
w(19,20,17,145,145)
r(25,11,17,146,146)
w(98,1,17,147,147)
w(5,61,17,148,148)
w(2,133,17,149,149)
r(0,316,17,150,150)
w(10,31,17,151,151)
w(16,25,17,152,152)
w(62,9,17,153,153)
w(68,6,17,154,154)
r(67,9,17,155,155)
r(1,184,17,156,156)
w(4,67,17,157,157)
r(24,13,17,158,158)
w(57,4,17,159,159)
w(1,185,17,160,160)
w(2,134,17,161,161)
w(38,7,17,162,162)
r(1,185,17,163,163)
w(0,317,17,164,164)
w(0,318,17,165,165)
r(2,134,17,166,166)
r(68,6,17,167,167)
r(0,318,17,168,168)
w(6,50,17,169,169)
w(14,12,17,170,170)
r(1,185,17,171,171)
r(12,26,17,172,172)
w(66,9,17,173,173)
r(0,318,17,174,174)
w(1,186,17,175,175)
r(32,11,17,176,176)
r(22,11,17,177,177)
r(4,67,17,178,178)
w(0,319,17,179,179)
r(2,134,17,180,180)
w(49,11,17,181,181)
r(51,9,17,182,182)
w(0,320,17,183,183)
r(28,11,17,184,184)
w(10,32,17,185,185)
w(43,11,17,186,186)
w(0,321,17,187,187)
r(1,186,17,188,188)
r(7,42,17,189,189)
w(2,135,17,190,190)
w(11,18,17,191,191)
r(17,32,17,192,192)
w(24,14,17,193,193)
w(14,13,17,194,194)
r(3,71,17,195,195)
r(1,186,17,196,196)
r(25,11,17,197,197)
r(7,42,17,198,198)
w(75,7,17,199,199)
r(4,67,18,0,0)
r(0,321,18,1,1)
w(1,187,18,2,2)
r(87,6,18,3,3)
w(5,62,18,4,4)
r(1,187,18,5,5)
r(0,321,18,6,6)
w(53,9,18,7,7)
w(40,14,18,8,8)
r(1,187,18,9,9)
r(0,321,18,10,10)
r(25,11,18,11,11)
r(6,50,18,12,12)
r(6,50,18,13,13)
w(16,26,18,14,14)
r(79,5,18,15,15)
r(0,321,18,16,16)
w(3,72,18,17,17)
r(17,32,18,18,18)
r(43,11,18,19,19)
w(63,5,18,20,20)
r(97,2,18,21,21)
r(15,22,18,22,22)
w(0,322,18,23,23)
r(0,322,18,24,24)
w(0,323,18,25,25)
w(59,7,18,26,26)
w(0,324,18,27,27)
r(40,14,18,28,28)
w(59,8,18,29,29)
w(2,136,18,30,30)
w(2,137,18,31,31)
w(2,138,18,32,32)
w(0,325,18,33,33)
r(0,325,18,34,34)
r(4,67,18,35,35)
r(2,138,18,36,36)
r(10,32,18,37,37)
w(37,20,18,38,38)
w(56,8,18,39,39)
r(77,5,18,40,40)
r(1,187,18,41,41)
r(15,22,18,42,42)
w(30,14,18,43,43)
r(5,62,18,44,44)
w(31,15,18,45,45)
w(15,23,18,46,46)
w(7,43,18,47,47)
w(22,12,18,48,48)
r(71,6,18,49,49)
r(46,6,18,50,50)
r(2,138,18,51,51)
r(0,325,18,52,52)
w(9,34,18,53,53)
w(45,4,18,54,54)
r(26,11,18,55,55)
w(31,16,18,56,56)
r(21,18,18,57,57)
r(14,13,18,58,58)
w(0,326,18,59,59)
w(1,188,18,60,60)
w(1,189,18,61,61)
w(4,68,18,62,62)
r(0,326,18,63,63)
r(49,11,18,64,64)
r(2,138,18,65,65)
r(0,326,18,66,66)
r(2,138,18,67,67)
r(40,14,18,68,68)
r(47,9,18,69,69)
w(0,327,18,70,70)
r(32,11,18,71,71)
w(0,328,18,72,72)
r(9,34,18,73,73)
w(16,27,18,74,74)
w(4,69,18,75,75)
w(4,70,18,76,76)
r(20,20,18,77,77)
r(6,50,18,78,78)
w(2,139,18,79,79)
w(87,7,18,80,80)
w(66,10,18,81,81)
w(0,329,18,82,82)
w(13,27,18,83,83)
w(1,190,18,84,84)
r(2,139,18,85,85)
w(0,330,18,86,86)
w(8,39,18,87,87)
r(11,18,18,88,88)
r(78,6,18,89,89)
w(0,331,18,90,90)
w(14,14,18,91,91)
w(11,19,18,92,92)
r(13,27,18,93,93)
r(19,20,18,94,94)
w(27,12,18,95,95)
r(4,70,18,96,96)
r(31,16,18,97,97)
r(3,72,18,98,98)
w(1,191,18,99,99)
r(7,43,18,100,100)
r(97,2,18,101,101)
w(35,8,18,102,102)
r(0,331,18,103,103)
w(27,13,18,104,104)
r(2,139,18,105,105)
w(3,73,18,106,106)
r(53,9,18,107,107)
r(14,14,18,108,108)
r(5,62,18,109,109)
w(0,332,18,110,110)
w(1,192,18,111,111)
r(5,62,18,112,112)
r(2,139,18,113,113)
w(4,71,18,114,114)
w(0,333,18,115,115)
w(18,20,18,116,116)
w(40,15,18,117,117)
w(8,40,18,118,118)
w(4,72,18,119,119)
w(34,9,18,120,120)
w(74,5,18,121,121)
w(67,10,18,122,122)
w(51,10,18,123,123)
w(1,193,18,124,124)
r(4,72,18,125,125)
r(28,11,18,126,126)
r(64,3,18,127,127)
r(7,43,18,128,128)
w(0,334,18,129,129)
w(25,12,18,130,130)
w(1,194,18,131,131)
r(40,15,18,132,132)
w(26,12,18,133,133)
w(5,63,18,134,134)
w(0,335,18,135,135)
w(3,74,18,136,136)
w(0,336,18,137,137)
w(14,15,18,138,138)
w(8,41,18,139,139)
r(52,5,18,140,140)
w(33,7,18,141,141)
r(76,3,18,142,142)
r(13,27,18,143,143)
r(0,336,18,144,144)
r(13,27,18,145,145)
r(2,139,18,146,146)
r(6,50,18,147,147)
r(69,3,18,148,148)
w(95,4,18,149,149)
r(0,336,18,150,150)
r(48,9,18,151,151)
r(22,12,18,152,152)
r(0,336,18,153,153)
r(6,50,18,154,154)
w(8,42,18,155,155)
r(25,12,18,156,156)
w(8,43,18,157,157)
w(7,44,18,158,158)
w(1,195,18,159,159)
w(0,337,18,160,160)
w(66,11,18,161,161)
r(14,15,18,162,162)
r(9,34,18,163,163)
w(7,45,18,164,164)
w(37,21,18,165,165)
w(0,338,18,166,166)
w(23,19,18,167,167)
r(83,5,18,168,168)
r(10,32,18,169,169)
w(43,12,18,170,170)
w(80,4,18,171,171)
r(36,5,18,172,172)
r(63,5,18,173,173)
w(50,6,18,174,174)
r(21,18,18,175,175)
w(5,64,18,176,176)
r(75,7,18,177,177)
w(5,65,18,178,178)
r(0,338,18,179,179)
w(4,73,18,180,180)
w(10,33,18,181,181)
r(0,338,18,182,182)
w(63,6,18,183,183)
r(0,338,18,184,184)
w(10,34,18,185,185)
w(10,35,18,186,186)
w(0,339,18,187,187)
r(6,50,18,188,188)
r(3,74,18,189,189)
w(5,66,18,190,190)
w(3,75,18,191,191)
r(2,139,18,192,192)
r(48,9,18,193,193)
w(56,9,18,194,194)
w(70,6,18,195,195)
w(0,340,18,196,196)
w(20,21,18,197,197)
w(5,67,18,198,198)
w(42,14,18,199,199)
r(27,13,19,0,0)
w(16,28,19,1,1)
r(4,73,19,2,2)
r(4,73,19,3,3)
w(0,341,19,4,4)
w(27,14,19,5,5)
w(27,15,19,6,6)
r(12,26,19,7,7)
w(8,44,19,8,8)
r(75,7,19,9,9)
w(28,12,19,10,10)
w(3,76,19,11,11)
r(0,341,19,12,12)
r(4,73,19,13,13)
r(28,12,19,14,14)
r(18,20,19,15,15)
w(3,77,19,16,16)
w(6,51,19,17,17)
r(8,44,19,18,18)
r(26,12,19,19,19)
r(2,139,19,20,20)
w(13,28,19,21,21)
w(11,20,19,22,22)
r(0,341,19,23,23)
r(9,34,19,24,24)
w(47,10,19,25,25)
r(0,341,19,26,26)
w(0,342,19,27,27)
w(22,13,19,28,28)
w(1,196,19,29,29)
w(71,7,19,30,30)
r(0,342,19,31,31)
w(1,197,19,32,32)
r(11,20,19,33,33)
r(0,342,19,34,34)
r(15,23,19,35,35)
w(2,140,19,36,36)
r(23,19,19,37,37)
r(0,342,19,38,38)
r(0,342,19,39,39)
w(2,141,19,40,40)
w(7,46,19,41,41)
r(1,197,19,42,42)
w(4,74,19,43,43)
w(12,27,19,44,44)
w(0,343,19,45,45)
w(15,24,19,46,46)
w(22,14,19,47,47)
w(2,142,19,48,48)
w(86,3,19,49,49)
r(1,197,19,50,50)
r(2,142,19,51,51)
w(0,344,19,52,52)
r(11,20,19,53,53)
w(7,47,19,54,54)
r(41,9,19,55,55)
r(32,11,19,56,56)
r(27,15,19,57,57)
r(32,11,19,58,58)
w(0,345,19,59,59)
w(1,198,19,60,60)
r(27,15,19,61,61)
w(4,75,19,62,62)
r(18,20,19,63,63)
r(10,35,19,64,64)
r(1,198,19,65,65)
r(0,345,19,66,66)
r(43,12,19,67,67)
w(1,199,19,68,68)
w(80,5,19,69,69)
r(54,4,19,70,70)
w(27,16,19,71,71)
r(2,142,19,72,72)
w(37,22,19,73,73)
w(0,346,19,74,74)
w(14,16,19,75,75)
w(1,200,19,76,76)
w(22,15,19,77,77)
r(87,7,19,78,78)
r(1,200,19,79,79)
r(97,2,19,80,80)
r(83,5,19,81,81)
r(4,75,19,82,82)
w(0,347,19,83,83)
w(12,28,19,84,84)
r(3,77,19,85,85)
r(51,10,19,86,86)
w(0,348,19,87,87)
w(17,33,19,88,88)
r(9,34,19,89,89)
w(10,36,19,90,90)
w(2,143,19,91,91)
r(16,28,19,92,92)
w(0,349,19,93,93)
w(4,76,19,94,94)
w(67,11,19,95,95)
w(4,77,19,96,96)
r(9,34,19,97,97)
r(0,349,19,98,98)
r(44,10,19,99,99)
w(16,29,19,100,100)
r(3,77,19,101,101)
r(54,4,19,102,102)
w(10,37,19,103,103)
r(7,47,19,104,104)
w(0,350,19,105,105)
w(8,45,19,106,106)
r(20,21,19,107,107)
r(4,77,19,108,108)
w(1,201,19,109,109)
w(73,5,19,110,110)
r(6,51,19,111,111)
r(8,45,19,112,112)
r(9,34,19,113,113)
r(5,67,19,114,114)
r(12,28,19,115,115)
r(7,47,19,116,116)
r(11,20,19,117,117)
w(0,351,19,118,118)
r(63,6,19,119,119)
w(5,68,19,120,120)
r(6,51,19,121,121)
w(11,21,19,122,122)
w(21,19,19,123,123)
r(6,51,19,124,124)
w(4,78,19,125,125)
w(48,10,19,126,126)
r(6,51,19,127,127)
w(55,7,19,128,128)
r(43,12,19,129,129)
r(17,33,19,130,130)
w(3,78,19,131,131)
r(28,12,19,132,132)
w(45,5,19,133,133)
w(33,8,19,134,134)
w(3,79,19,135,135)
w(95,5,19,136,136)
w(0,352,19,137,137)
w(2,144,19,138,138)
r(1,201,19,139,139)
w(6,52,19,140,140)
r(6,52,19,141,141)
r(98,1,19,142,142)
w(1,202,19,143,143)
w(28,13,19,144,144)
r(1,202,19,145,145)
w(0,353,19,146,146)
w(69,4,19,147,147)
w(5,69,19,148,148)
r(1,202,19,149,149)
r(0,353,19,150,150)
r(71,7,19,151,151)
r(16,29,19,152,152)
r(15,24,19,153,153)
r(9,34,19,154,154)
w(0,354,19,155,155)
w(46,7,19,156,156)
r(11,21,19,157,157)
r(1,202,19,158,158)
w(2,145,19,159,159)
r(2,145,19,160,160)
w(6,53,19,161,161)
r(31,16,19,162,162)
w(6,54,19,163,163)
w(35,9,19,164,164)
w(92,6,19,165,165)
r(1,202,19,166,166)
w(9,35,19,167,167)
w(0,355,19,168,168)
r(1,202,19,169,169)
w(2,146,19,170,170)
r(0,355,19,171,171)
r(2,146,19,172,172)
w(5,70,19,173,173)
w(0,356,19,174,174)
w(4,79,19,175,175)
w(14,17,19,176,176)
w(3,80,19,177,177)
r(63,6,19,178,178)
r(26,12,19,179,179)
r(6,54,19,180,180)
w(16,30,19,181,181)
w(3,81,19,182,182)
w(77,6,19,183,183)
r(8,45,19,184,184)
r(27,16,19,185,185)
r(0,356,19,186,186)
w(0,357,19,187,187)
w(14,18,19,188,188)
w(0,358,19,189,189)
r(59,8,19,190,190)
w(74,6,19,191,191)
w(0,359,19,192,192)
w(0,360,19,193,193)
w(42,15,19,194,194)
r(0,360,19,195,195)
w(5,71,19,196,196)
w(1,203,19,197,197)
r(1,203,19,198,198)
r(5,71,19,199,199)
r(1,203,20,0,0)
r(15,24,20,1,1)
r(20,21,20,2,2)
r(0,360,20,3,3)
r(4,79,20,4,4)
r(3,81,20,5,5)
w(0,361,20,6,6)
r(11,21,20,7,7)
r(58,5,20,8,8)
w(50,7,20,9,9)
w(97,3,20,10,10)
w(0,362,20,11,11)
w(0,363,20,12,12)
w(3,82,20,13,13)
w(0,364,20,14,14)
w(0,365,20,15,15)
r(2,146,20,16,16)
r(0,365,20,17,17)
w(1,204,20,18,18)
r(0,365,20,19,19)
w(1,205,20,20,20)
w(1,206,20,21,21)
w(10,38,20,22,22)
w(3,83,20,23,23)
r(4,79,20,24,24)
w(96,7,20,25,25)
r(89,1,20,26,26)
w(1,207,20,27,27)
r(1,207,20,28,28)
w(0,366,20,29,29)
r(0,366,20,30,30)
w(9,36,20,31,31)
r(0,366,20,32,32)
r(0,366,20,33,33)
w(5,72,20,34,34)
r(9,36,20,35,35)
r(0,366,20,36,36)
w(18,21,20,37,37)
w(3,84,20,38,38)
w(7,48,20,39,39)
w(21,20,20,40,40)
r(0,366,20,41,41)
w(21,21,20,42,42)
w(1,208,20,43,43)
r(1,208,20,44,44)
r(13,28,20,45,45)
w(6,55,20,46,46)
w(6,56,20,47,47)
w(64,4,20,48,48)
r(75,7,20,49,49)
w(1,209,20,50,50)
w(63,7,20,51,51)
r(5,72,20,52,52)
r(31,16,20,53,53)
r(35,9,20,54,54)
r(6,56,20,55,55)
w(18,22,20,56,56)
w(9,37,20,57,57)
w(10,39,20,58,58)
w(8,46,20,59,59)
r(1,209,20,60,60)
w(12,29,20,61,61)
w(32,12,20,62,62)
r(50,7,20,63,63)
r(6,56,20,64,64)
w(97,4,20,65,65)
w(31,17,20,66,66)
w(1,210,20,67,67)
w(15,25,20,68,68)
r(0,366,20,69,69)
w(1,211,20,70,70)
w(67,12,20,71,71)
r(8,46,20,72,72)
r(1,211,20,73,73)
r(21,21,20,74,74)
r(1,211,20,75,75)
r(66,11,20,76,76)
r(46,7,20,77,77)
w(13,29,20,78,78)
w(3,85,20,79,79)
w(0,367,20,80,80)
r(0,367,20,81,81)
w(15,26,20,82,82)
r(41,9,20,83,83)
r(38,7,20,84,84)
r(15,26,20,85,85)
r(19,20,20,86,86)
w(7,49,20,87,87)
w(2,147,20,88,88)
r(6,56,20,89,89)
r(0,367,20,90,90)
w(18,23,20,91,91)
r(18,23,20,92,92)
r(2,147,20,93,93)
w(1,212,20,94,94)
r(97,4,20,95,95)
w(0,368,20,96,96)
r(0,368,20,97,97)
r(23,19,20,98,98)
w(23,20,20,99,99)
w(0,369,20,100,100)
r(0,369,20,101,101)
r(2,147,20,102,102)
w(4,80,20,103,103)
r(11,21,20,104,104)
r(14,18,20,105,105)
w(29,16,20,106,106)
r(6,56,20,107,107)
r(27,16,20,108,108)
w(10,40,20,109,109)
r(15,26,20,110,110)
r(47,10,20,111,111)
r(0,369,20,112,112)
w(3,86,20,113,113)
w(97,5,20,114,114)
r(1,212,20,115,115)
r(25,12,20,116,116)
w(8,47,20,117,117)
w(18,24,20,118,118)
r(2,147,20,119,119)
r(76,3,20,120,120)
w(65,4,20,121,121)
w(2,148,20,122,122)
w(0,370,20,123,123)
r(7,49,20,124,124)
r(34,9,20,125,125)
w(0,371,20,126,126)
w(0,372,20,127,127)
r(1,212,20,128,128)
r(36,5,20,129,129)
w(0,373,20,130,130)
w(0,374,20,131,131)
w(3,87,20,132,132)
w(18,25,20,133,133)
r(11,21,20,134,134)
r(98,1,20,135,135)
w(0,375,20,136,136)
w(1,213,20,137,137)
r(4,80,20,138,138)
w(1,214,20,139,139)
r(1,214,20,140,140)
r(35,9,20,141,141)
w(1,215,20,142,142)
w(0,376,20,143,143)
w(2,149,20,144,144)
w(0,377,20,145,145)
r(53,9,20,146,146)
w(2,150,20,147,147)
w(4,81,20,148,148)
w(8,48,20,149,149)
r(2,150,20,150,150)
r(78,6,20,151,151)
w(78,7,20,152,152)
r(22,15,20,153,153)
r(2,150,20,154,154)
w(59,9,20,155,155)
w(3,88,20,156,156)
w(1,216,20,157,157)
r(0,377,20,158,158)
r(62,9,20,159,159)
r(2,150,20,160,160)
r(15,26,20,161,161)
w(29,17,20,162,162)
w(48,11,20,163,163)
r(0,377,20,164,164)
w(5,73,20,165,165)
w(20,22,20,166,166)
w(6,57,20,167,167)
w(3,89,20,168,168)
w(0,378,20,169,169)
r(73,5,20,170,170)
w(0,379,20,171,171)
r(53,9,20,172,172)
w(76,4,20,173,173)
r(3,89,20,174,174)
w(7,50,20,175,175)
w(2,151,20,176,176)
w(16,31,20,177,177)
w(44,11,20,178,178)
r(9,37,20,179,179)
w(2,152,20,180,180)
r(0,379,20,181,181)
w(3,90,20,182,182)
r(5,73,20,183,183)
r(67,12,20,184,184)
w(3,91,20,185,185)
w(1,217,20,186,186)
r(8,48,20,187,187)
w(18,26,20,188,188)
r(39,9,20,189,189)
w(94,9,20,190,190)
r(4,81,20,191,191)
r(28,13,20,192,192)
w(0,380,20,193,193)
r(3,91,20,194,194)
r(25,12,20,195,195)
r(1,217,20,196,196)
r(4,81,20,197,197)
w(71,8,20,198,198)
w(6,58,20,199,199)
r(1,217,21,0,0)
w(2,153,21,1,1)
r(12,29,21,2,2)
w(4,82,21,3,3)
r(3,91,21,4,4)
w(2,154,21,5,5)
w(27,17,21,6,6)
r(66,11,21,7,7)
w(18,27,21,8,8)
r(1,217,21,9,9)
w(1,218,21,10,10)
r(2,154,21,11,11)
w(4,83,21,12,12)
r(91,3,21,13,13)
r(9,37,21,14,14)
r(10,40,21,15,15)
r(0,380,21,16,16)
w(0,381,21,17,17)
r(10,40,21,18,18)
w(0,382,21,19,19)
w(10,41,21,20,20)
r(3,91,21,21,21)
w(0,383,21,22,22)
w(5,74,21,23,23)
r(0,383,21,24,24)
w(0,384,21,25,25)
r(0,384,21,26,26)
w(82,3,21,27,27)
w(0,385,21,28,28)
r(20,22,21,29,29)
w(0,386,21,30,30)
r(4,83,21,31,31)
r(0,386,21,32,32)
w(6,59,21,33,33)
r(0,386,21,34,34)
w(0,387,21,35,35)
w(1,219,21,36,36)
r(58,5,21,37,37)
r(1,219,21,38,38)
w(73,6,21,39,39)
r(46,7,21,40,40)
r(52,5,21,41,41)
r(37,22,21,42,42)
w(0,388,21,43,43)
w(1,220,21,44,44)
r(0,388,21,45,45)
r(17,33,21,46,46)
w(0,389,21,47,47)
w(6,60,21,48,48)
w(8,49,21,49,49)
r(62,9,21,50,50)
r(11,21,21,51,51)
r(4,83,21,52,52)
w(1,221,21,53,53)
r(2,154,21,54,54)
w(13,30,21,55,55)
w(3,92,21,56,56)
w(98,2,21,57,57)
r(6,60,21,58,58)
r(20,22,21,59,59)
r(2,154,21,60,60)
r(29,17,21,61,61)
w(10,42,21,62,62)
r(23,20,21,63,63)
r(1,221,21,64,64)
w(2,155,21,65,65)
r(0,389,21,66,66)
r(86,3,21,67,67)
w(0,390,21,68,68)
r(39,9,21,69,69)
r(31,17,21,70,70)
r(1,221,21,71,71)
r(3,92,21,72,72)
w(2,156,21,73,73)
r(9,37,21,74,74)
r(3,92,21,75,75)
w(1,222,21,76,76)
r(0,390,21,77,77)
w(70,7,21,78,78)
w(0,391,21,79,79)
w(19,21,21,80,80)
r(0,391,21,81,81)
r(0,391,21,82,82)
r(0,391,21,83,83)
w(69,5,21,84,84)
w(48,12,21,85,85)
w(35,10,21,86,86)
w(24,15,21,87,87)
r(0,391,21,88,88)
w(12,30,21,89,89)
w(3,93,21,90,90)
r(19,21,21,91,91)
w(0,392,21,92,92)
r(0,392,21,93,93)
w(6,61,21,94,94)
w(0,393,21,95,95)
r(14,18,21,96,96)
w(46,8,21,97,97)
r(0,393,21,98,98)
r(0,393,21,99,99)
w(5,75,21,100,100)
w(2,157,21,101,101)
r(22,15,21,102,102)
w(0,394,21,103,103)
r(77,6,21,104,104)
r(47,10,21,105,105)
r(35,10,21,106,106)
r(0,394,21,107,107)
w(0,395,21,108,108)
r(84,3,21,109,109)
w(1,223,21,110,110)
w(3,94,21,111,111)
w(10,43,21,112,112)
r(4,83,21,113,113)
r(18,27,21,114,114)
w(0,396,21,115,115)
r(5,75,21,116,116)
w(1,224,21,117,117)
r(0,396,21,118,118)
r(25,12,21,119,119)
w(0,397,21,120,120)
w(51,11,21,121,121)
w(0,398,21,122,122)
r(23,20,21,123,123)
r(10,43,21,124,124)
r(32,12,21,125,125)
w(1,225,21,126,126)
r(25,12,21,127,127)
r(16,31,21,128,128)
w(43,13,21,129,129)
w(0,399,21,130,130)
r(28,13,21,131,131)
r(1,225,21,132,132)
r(75,7,21,133,133)
w(46,9,21,134,134)
w(7,51,21,135,135)
r(1,225,21,136,136)
r(1,225,21,137,137)
w(1,226,21,138,138)
r(2,157,21,139,139)
r(1,226,21,140,140)
w(0,400,21,141,141)
r(2,157,21,142,142)
w(17,34,21,143,143)
r(0,400,21,144,144)
r(68,6,21,145,145)
w(0,401,21,146,146)
r(3,94,21,147,147)
r(0,401,21,148,148)
r(62,9,21,149,149)
r(0,401,21,150,150)
w(7,52,21,151,151)
w(0,402,21,152,152)
w(1,227,21,153,153)
w(12,31,21,154,154)
r(0,402,21,155,155)
r(0,402,21,156,156)
r(3,94,21,157,157)
r(0,402,21,158,158)
r(53,9,21,159,159)
w(34,10,21,160,160)
w(3,95,21,161,161)
r(1,227,21,162,162)
r(16,31,21,163,163)
r(0,402,21,164,164)
w(7,53,21,165,165)
w(0,403,21,166,166)
r(0,403,21,167,167)
r(9,37,21,168,168)
w(2,158,21,169,169)
r(26,12,21,170,170)
w(58,6,21,171,171)
w(34,11,21,172,172)
w(0,404,21,173,173)
r(1,227,21,174,174)
w(0,405,21,175,175)
w(52,6,21,176,176)
w(3,96,21,177,177)
w(22,16,21,178,178)
r(33,8,21,179,179)
w(6,62,21,180,180)
w(1,228,21,181,181)
r(5,75,21,182,182)
r(44,11,21,183,183)
w(1,229,21,184,184)
w(17,35,21,185,185)
r(35,10,21,186,186)
r(60,5,21,187,187)
w(6,63,21,188,188)
r(7,53,21,189,189)
w(8,50,21,190,190)
w(12,32,21,191,191)
w(51,12,21,192,192)
r(1,229,21,193,193)
r(10,43,21,194,194)
w(1,230,21,195,195)
r(0,405,21,196,196)
w(0,406,21,197,197)
w(0,407,21,198,198)
w(7,54,21,199,199)
r(13,30,22,0,0)
r(9,37,22,1,1)
w(5,76,22,2,2)
w(11,22,22,3,3)
w(74,7,22,4,4)
r(9,37,22,5,5)
w(42,16,22,6,6)
r(20,22,22,7,7)
r(7,54,22,8,8)
r(76,4,22,9,9)
r(35,10,22,10,10)
w(1,231,22,11,11)
w(1,232,22,12,12)
w(54,5,22,13,13)
r(0,407,22,14,14)
w(36,6,22,15,15)
r(2,158,22,16,16)
w(31,18,22,17,17)
w(31,19,22,18,18)
r(46,9,22,19,19)
w(0,408,22,20,20)
r(6,63,22,21,21)
w(8,51,22,22,22)
r(5,76,22,23,23)
r(6,63,22,24,24)
r(11,22,22,25,25)
r(5,76,22,26,26)
w(10,44,22,27,27)
r(52,6,22,28,28)
r(53,9,22,29,29)
r(8,51,22,30,30)
w(0,409,22,31,31)
w(77,7,22,32,32)
w(5,77,22,33,33)
r(29,17,22,34,34)
r(1,232,22,35,35)
w(2,159,22,36,36)
r(4,83,22,37,37)
r(0,409,22,38,38)
r(2,159,22,39,39)
w(6,64,22,40,40)
w(11,23,22,41,41)
w(42,17,22,42,42)
w(90,1,22,43,43)
r(74,7,22,44,44)
r(4,83,22,45,45)
r(4,83,22,46,46)
r(9,37,22,47,47)
r(31,19,22,48,48)
w(5,78,22,49,49)
r(0,409,22,50,50)
w(2,160,22,51,51)
r(56,9,22,52,52)
w(5,79,22,53,53)
w(37,23,22,54,54)
w(4,84,22,55,55)
w(10,45,22,56,56)
r(2,160,22,57,57)
r(70,7,22,58,58)
w(9,38,22,59,59)
w(8,52,22,60,60)
r(34,11,22,61,61)
w(0,410,22,62,62)
r(9,38,22,63,63)
w(5,80,22,64,64)
r(22,16,22,65,65)
r(12,32,22,66,66)
r(1,232,22,67,67)
r(1,232,22,68,68)
w(1,233,22,69,69)
r(0,410,22,70,70)
w(22,17,22,71,71)
r(0,410,22,72,72)
r(0,410,22,73,73)
r(31,19,22,74,74)
r(15,26,22,75,75)
w(0,411,22,76,76)
w(1,234,22,77,77)
r(3,96,22,78,78)
r(72,4,22,79,79)
r(11,23,22,80,80)
w(0,412,22,81,81)
w(0,413,22,82,82)
r(19,21,22,83,83)
r(1,234,22,84,84)
w(42,18,22,85,85)
r(12,32,22,86,86)
r(27,17,22,87,87)
w(0,414,22,88,88)
r(0,414,22,89,89)
w(44,12,22,90,90)
r(47,10,22,91,91)
w(30,15,22,92,92)
r(2,160,22,93,93)
w(32,13,22,94,94)
w(6,65,22,95,95)
w(39,10,22,96,96)
r(1,234,22,97,97)
w(0,415,22,98,98)
r(86,3,22,99,99)
w(0,416,22,100,100)
r(10,45,22,101,101)
r(20,22,22,102,102)
w(11,24,22,103,103)
w(57,5,22,104,104)
w(0,417,22,105,105)
w(0,418,22,106,106)
r(29,17,22,107,107)
w(16,32,22,108,108)
r(67,12,22,109,109)
w(46,10,22,110,110)
w(2,161,22,111,111)
r(0,418,22,112,112)
w(0,419,22,113,113)
w(1,235,22,114,114)
w(27,18,22,115,115)
r(2,161,22,116,116)
r(65,4,22,117,117)
w(34,12,22,118,118)
w(72,5,22,119,119)
r(0,419,22,120,120)
w(6,66,22,121,121)
w(13,31,22,122,122)
r(42,18,22,123,123)
r(13,31,22,124,124)
w(0,420,22,125,125)
w(1,236,22,126,126)
r(2,161,22,127,127)
r(6,66,22,128,128)
w(13,32,22,129,129)
w(23,21,22,130,130)
r(1,236,22,131,131)
r(0,420,22,132,132)
w(79,6,22,133,133)
w(0,421,22,134,134)
r(18,27,22,135,135)
r(0,421,22,136,136)
r(16,32,22,137,137)
w(3,97,22,138,138)
w(0,422,22,139,139)
r(0,422,22,140,140)
r(5,80,22,141,141)
w(0,423,22,142,142)
w(4,85,22,143,143)
w(0,424,22,144,144)
w(32,14,22,145,145)
w(98,3,22,146,146)
r(4,85,22,147,147)
w(47,11,22,148,148)
w(1,237,22,149,149)
w(4,86,22,150,150)
r(7,54,22,151,151)
r(26,12,22,152,152)
w(11,25,22,153,153)
w(1,238,22,154,154)
r(84,3,22,155,155)
r(79,6,22,156,156)
r(75,7,22,157,157)
r(22,17,22,158,158)
r(2,161,22,159,159)
w(3,98,22,160,160)
w(0,425,22,161,161)
w(0,426,22,162,162)
w(1,239,22,163,163)
w(1,240,22,164,164)
r(21,21,22,165,165)
w(0,427,22,166,166)
r(0,427,22,167,167)
r(11,25,22,168,168)
r(97,5,22,169,169)
r(35,10,22,170,170)
w(4,87,22,171,171)
w(0,428,22,172,172)
r(72,5,22,173,173)
r(0,428,22,174,174)
w(0,429,22,175,175)
w(37,24,22,176,176)
r(0,429,22,177,177)
w(38,8,22,178,178)
r(57,5,22,179,179)
w(4,88,22,180,180)
w(62,10,22,181,181)
r(90,1,22,182,182)
w(59,10,22,183,183)
w(2,162,22,184,184)
w(16,33,22,185,185)
w(27,19,22,186,186)
w(90,2,22,187,187)
w(12,33,22,188,188)
r(2,162,22,189,189)
r(5,80,22,190,190)
r(0,429,22,191,191)
r(1,240,22,192,192)
w(22,18,22,193,193)
w(15,27,22,194,194)
r(82,3,22,195,195)
w(18,28,22,196,196)
w(44,13,22,197,197)
r(0,429,22,198,198)
r(0,429,22,199,199)
r(39,10,23,0,0)
r(0,429,23,1,1)
w(1,241,23,2,2)
w(9,39,23,3,3)
w(55,8,23,4,4)
w(0,430,23,5,5)
w(0,431,23,6,6)
w(14,19,23,7,7)
r(19,21,23,8,8)
w(1,242,23,9,9)
w(0,432,23,10,10)
w(2,163,23,11,11)
r(74,7,23,12,12)
w(16,34,23,13,13)
w(3,99,23,14,14)
w(0,433,23,15,15)
w(5,81,23,16,16)
w(8,53,23,17,17)
r(2,163,23,18,18)
r(0,433,23,19,19)
r(0,433,23,20,20)
w(18,29,23,21,21)
w(50,8,23,22,22)
r(4,88,23,23,23)
w(1,243,23,24,24)
w(61,7,23,25,25)
r(28,13,23,26,26)
w(2,164,23,27,27)
r(1,243,23,28,28)
r(68,6,23,29,29)
r(1,243,23,30,30)
r(0,433,23,31,31)
w(97,6,23,32,32)
r(3,99,23,33,33)
r(2,164,23,34,34)
w(20,23,23,35,35)
w(3,100,23,36,36)
r(49,11,23,37,37)
r(16,34,23,38,38)
r(3,100,23,39,39)
w(34,13,23,40,40)
w(1,244,23,41,41)
w(18,30,23,42,42)
r(11,25,23,43,43)
w(37,25,23,44,44)
r(5,81,23,45,45)
w(19,22,23,46,46)
r(1,244,23,47,47)
w(26,13,23,48,48)
r(1,244,23,49,49)
w(48,13,23,50,50)
w(43,14,23,51,51)
r(3,100,23,52,52)
w(48,14,23,53,53)
r(38,8,23,54,54)
w(0,434,23,55,55)
w(0,435,23,56,56)
w(7,55,23,57,57)
w(5,82,23,58,58)
w(0,436,23,59,59)
r(20,23,23,60,60)
r(42,18,23,61,61)
w(62,11,23,62,62)
r(1,244,23,63,63)
w(11,26,23,64,64)
r(13,32,23,65,65)
w(0,437,23,66,66)
w(77,8,23,67,67)
r(94,9,23,68,68)
r(2,164,23,69,69)
w(0,438,23,70,70)
r(5,82,23,71,71)
w(2,165,23,72,72)
r(4,88,23,73,73)
r(15,27,23,74,74)
w(3,101,23,75,75)
w(2,166,23,76,76)
r(9,39,23,77,77)
r(1,244,23,78,78)
r(91,3,23,79,79)
r(0,438,23,80,80)
w(1,245,23,81,81)
w(17,36,23,82,82)
r(11,26,23,83,83)
w(1,246,23,84,84)
w(24,16,23,85,85)
w(16,35,23,86,86)
r(3,101,23,87,87)
w(42,19,23,88,88)
w(12,34,23,89,89)
w(2,167,23,90,90)
r(17,36,23,91,91)
r(10,45,23,92,92)
r(11,26,23,93,93)
w(1,247,23,94,94)
w(29,18,23,95,95)
w(5,83,23,96,96)
r(0,438,23,97,97)
w(7,56,23,98,98)
r(18,30,23,99,99)
w(25,13,23,100,100)
w(5,84,23,101,101)
w(0,439,23,102,102)
r(78,7,23,103,103)
r(45,5,23,104,104)
w(3,102,23,105,105)
w(2,168,23,106,106)
w(4,89,23,107,107)
r(0,439,23,108,108)
r(0,439,23,109,109)
w(0,440,23,110,110)
r(27,19,23,111,111)
w(63,8,23,112,112)
w(1,248,23,113,113)
w(10,46,23,114,114)
w(4,90,23,115,115)
w(3,103,23,116,116)
r(31,19,23,117,117)
r(0,440,23,118,118)
w(0,441,23,119,119)
w(24,17,23,120,120)
r(0,441,23,121,121)
r(18,30,23,122,122)
r(0,441,23,123,123)
w(3,104,23,124,124)
w(4,91,23,125,125)
w(53,10,23,126,126)
w(37,26,23,127,127)
w(0,442,23,128,128)
r(26,13,23,129,129)
r(23,21,23,130,130)
r(29,18,23,131,131)
w(0,443,23,132,132)
w(10,47,23,133,133)
r(6,66,23,134,134)
w(4,92,23,135,135)
r(5,84,23,136,136)
r(8,53,23,137,137)
w(95,6,23,138,138)
w(4,93,23,139,139)
w(8,54,23,140,140)
w(13,33,23,141,141)
r(0,443,23,142,142)
r(59,10,23,143,143)
w(33,9,23,144,144)
w(4,94,23,145,145)
w(45,6,23,146,146)
w(50,9,23,147,147)
r(56,9,23,148,148)
r(49,11,23,149,149)
r(16,35,23,150,150)
w(1,249,23,151,151)
r(26,13,23,152,152)
r(77,8,23,153,153)
w(0,444,23,154,154)
r(0,444,23,155,155)
w(47,12,23,156,156)
w(0,445,23,157,157)
r(4,94,23,158,158)
w(1,250,23,159,159)
w(11,27,23,160,160)
r(8,54,23,161,161)
r(6,66,23,162,162)
r(41,9,23,163,163)
r(16,35,23,164,164)
r(0,445,23,165,165)
w(15,28,23,166,166)
r(7,56,23,167,167)
r(44,13,23,168,168)
r(0,445,23,169,169)
w(1,251,23,170,170)
r(0,445,23,171,171)
w(42,20,23,172,172)
r(2,168,23,173,173)
r(0,445,23,174,174)
w(1,252,23,175,175)
r(1,252,23,176,176)
r(0,445,23,177,177)
r(48,14,23,178,178)
r(3,104,23,179,179)
r(3,104,23,180,180)
r(0,445,23,181,181)
w(20,24,23,182,182)
w(66,12,23,183,183)
r(53,10,23,184,184)
w(2,169,23,185,185)
w(31,20,23,186,186)
w(8,55,23,187,187)
w(7,57,23,188,188)
r(13,33,23,189,189)
w(24,18,23,190,190)
w(0,446,23,191,191)
w(5,85,23,192,192)
w(11,28,23,193,193)
r(4,94,23,194,194)
r(0,446,23,195,195)
r(13,33,23,196,196)
w(2,170,23,197,197)
w(0,447,23,198,198)
w(0,448,23,199,199)
w(64,5,24,0,0)
r(5,85,24,1,1)
r(3,104,24,2,2)
r(13,33,24,3,3)
w(8,56,24,4,4)
r(3,104,24,5,5)
r(1,252,24,6,6)
r(31,20,24,7,7)
w(0,449,24,8,8)
r(0,449,24,9,9)
r(0,449,24,10,10)
r(96,7,24,11,11)
r(0,449,24,12,12)
w(11,29,24,13,13)
r(0,449,24,14,14)
w(80,6,24,15,15)
r(10,47,24,16,16)
w(92,7,24,17,17)
r(10,47,24,18,18)
r(72,5,24,19,19)
r(60,5,24,20,20)
r(71,8,24,21,21)
r(41,9,24,22,22)
w(14,20,24,23,23)
r(13,33,24,24,24)
w(0,450,24,25,25)
w(71,9,24,26,26)
r(17,36,24,27,27)
w(5,86,24,28,28)
r(0,450,24,29,29)
w(0,451,24,30,30)
w(53,11,24,31,31)
w(8,57,24,32,32)
r(42,20,24,33,33)
r(0,451,24,34,34)
w(14,21,24,35,35)
r(0,451,24,36,36)
w(2,171,24,37,37)
w(43,15,24,38,38)
w(10,48,24,39,39)
r(0,451,24,40,40)
r(39,10,24,41,41)
r(0,451,24,42,42)
w(24,19,24,43,43)
w(0,452,24,44,44)
w(1,253,24,45,45)
w(0,453,24,46,46)
r(88,3,24,47,47)
r(21,21,24,48,48)
w(1,254,24,49,49)
w(2,172,24,50,50)
r(81,4,24,51,51)
r(60,5,24,52,52)
w(4,95,24,53,53)
w(19,23,24,54,54)
r(26,13,24,55,55)
r(65,4,24,56,56)
w(32,15,24,57,57)
r(37,26,24,58,58)
w(0,454,24,59,59)
r(1,254,24,60,60)
w(4,96,24,61,61)
w(90,3,24,62,62)
r(9,39,24,63,63)
r(8,57,24,64,64)
r(33,9,24,65,65)
w(35,11,24,66,66)
w(0,455,24,67,67)
w(0,456,24,68,68)
r(3,104,24,69,69)
r(72,5,24,70,70)
r(63,8,24,71,71)
r(0,456,24,72,72)
r(24,19,24,73,73)
r(0,456,24,74,74)
r(19,23,24,75,75)
w(23,22,24,76,76)
r(18,30,24,77,77)
r(26,13,24,78,78)
r(1,254,24,79,79)
r(29,18,24,80,80)
w(33,10,24,81,81)
r(0,456,24,82,82)
w(22,19,24,83,83)
r(26,13,24,84,84)
r(12,34,24,85,85)
w(74,8,24,86,86)
r(4,96,24,87,87)
w(0,457,24,88,88)
w(32,16,24,89,89)
r(2,172,24,90,90)
w(99,5,24,91,91)
r(16,35,24,92,92)
r(0,457,24,93,93)
w(30,16,24,94,94)
r(76,4,24,95,95)
r(0,457,24,96,96)
r(27,19,24,97,97)
w(19,24,24,98,98)
w(1,255,24,99,99)
r(0,457,24,100,100)
r(3,104,24,101,101)
w(1,256,24,102,102)
r(27,19,24,103,103)
r(3,104,24,104,104)
w(27,20,24,105,105)
w(0,458,24,106,106)
r(1,256,24,107,107)
w(4,97,24,108,108)
w(5,87,24,109,109)
r(2,172,24,110,110)
w(21,22,24,111,111)
r(0,458,24,112,112)
w(99,6,24,113,113)
w(7,58,24,114,114)
r(12,34,24,115,115)
w(22,20,24,116,116)
w(36,7,24,117,117)
w(30,17,24,118,118)
w(0,459,24,119,119)
r(5,87,24,120,120)
w(27,21,24,121,121)
r(44,13,24,122,122)
w(40,16,24,123,123)
w(64,6,24,124,124)
r(21,22,24,125,125)
r(1,256,24,126,126)
r(65,4,24,127,127)
r(67,12,24,128,128)
w(60,6,24,129,129)
w(6,67,24,130,130)
r(21,22,24,131,131)
r(57,5,24,132,132)
w(6,68,24,133,133)
w(2,173,24,134,134)
r(0,459,24,135,135)
w(8,58,24,136,136)
w(43,16,24,137,137)
r(49,11,24,138,138)
w(0,460,24,139,139)
w(12,35,24,140,140)
w(58,7,24,141,141)
w(19,25,24,142,142)
r(11,29,24,143,143)
r(30,17,24,144,144)
r(0,460,24,145,145)
r(11,29,24,146,146)
r(32,16,24,147,147)
w(2,174,24,148,148)
r(0,460,24,149,149)
r(1,256,24,150,150)
r(0,460,24,151,151)
r(41,9,24,152,152)
w(1,257,24,153,153)
r(10,48,24,154,154)
r(80,6,24,155,155)
r(1,257,24,156,156)
r(1,257,24,157,157)
r(10,48,24,158,158)
w(34,14,24,159,159)
w(1,258,24,160,160)
r(27,21,24,161,161)
w(1,259,24,162,162)
w(0,461,24,163,163)
r(5,87,24,164,164)
w(3,105,24,165,165)
w(3,106,24,166,166)
w(0,462,24,167,167)
r(2,174,24,168,168)
r(28,13,24,169,169)
w(9,40,24,170,170)
w(7,59,24,171,171)
r(6,68,24,172,172)
w(1,260,24,173,173)
w(1,261,24,174,174)
w(1,262,24,175,175)
w(53,12,24,176,176)
r(5,87,24,177,177)
r(26,13,24,178,178)
w(3,107,24,179,179)
r(83,5,24,180,180)
r(56,9,24,181,181)
r(23,22,24,182,182)
w(2,175,24,183,183)
w(14,22,24,184,184)
r(1,262,24,185,185)
w(37,27,24,186,186)
r(31,20,24,187,187)
r(62,11,24,188,188)
r(4,97,24,189,189)
w(31,21,24,190,190)
w(81,5,24,191,191)
r(2,175,24,192,192)
r(0,462,24,193,193)
w(14,23,24,194,194)
r(6,68,24,195,195)
r(16,35,24,196,196)
w(12,36,24,197,197)
r(9,40,24,198,198)
r(53,12,24,199,199)
