r(227,0,0,0,0)
r(450,0,0,1,1)
w(413,1,0,2,2)
w(203,1,0,3,3)
r(781,0,0,4,4)
r(444,0,0,5,5)
r(892,0,0,6,6)
r(807,0,0,7,7)
r(969,0,0,8,8)
r(209,0,0,9,9)
w(541,1,0,10,10)
r(233,0,0,11,11)
w(297,1,0,12,12)
w(527,1,0,13,13)
r(618,0,0,14,14)
w(653,1,0,15,15)
r(114,0,0,16,16)
w(310,1,0,17,17)
r(165,0,0,18,18)
w(773,1,0,19,19)
r(302,0,0,20,20)
r(944,0,0,21,21)
r(233,0,0,22,22)
r(755,0,0,23,23)
w(382,1,0,24,24)
r(374,0,0,25,25)
r(768,0,0,26,26)
w(572,1,0,27,27)
r(478,0,0,28,28)
w(838,1,0,29,29)
w(297,2,0,30,30)
r(586,0,0,31,31)
r(458,0,0,32,32)
w(458,1,0,33,33)
r(964,0,0,34,34)
r(850,0,0,35,35)
r(812,0,0,36,36)
r(489,0,0,37,37)
w(751,1,0,38,38)
w(211,1,0,39,39)
r(38,0,0,40,40)
r(688,0,0,41,41)
w(394,1,0,42,42)
r(490,0,0,43,43)
w(729,1,0,44,44)
w(590,1,0,45,45)
w(97,1,0,46,46)
r(50,0,0,47,47)
w(129,1,0,48,48)
r(935,0,0,49,49)
r(330,0,0,50,50)
w(640,1,0,51,51)
r(510,0,0,52,52)
w(499,1,0,53,53)
w(260,1,0,54,54)
r(873,0,0,55,55)
r(520,0,0,56,56)
w(846,1,0,57,57)
r(49,0,0,58,58)
w(210,1,0,59,59)
w(452,1,0,60,60)
r(191,0,0,61,61)
w(534,1,0,62,62)
r(657,0,0,63,63)
w(597,1,0,64,64)
w(975,1,0,65,65)
w(150,1,0,66,66)
r(396,0,0,67,67)
r(611,0,0,68,68)
w(470,1,0,69,69)
w(601,1,0,70,70)
w(554,1,0,71,71)
r(106,0,0,72,72)
w(863,1,0,73,73)
r(751,1,0,74,74)
r(864,0,0,75,75)
r(188,0,0,76,76)
w(992,1,0,77,77)
r(29,0,0,78,78)
r(744,0,0,79,79)
w(822,1,0,80,80)
w(342,1,0,81,81)
r(536,0,0,82,82)
w(748,1,0,83,83)
w(263,1,0,84,84)
r(911,0,0,85,85)
r(171,0,0,86,86)
r(924,0,0,87,87)
r(366,0,0,88,88)
w(31,1,0,89,89)
r(244,0,0,90,90)
w(561,1,0,91,91)
r(598,0,0,92,92)
w(777,1,0,93,93)
w(460,1,0,94,94)
w(799,1,0,95,95)
r(434,0,0,96,96)
w(362,1,0,97,97)
r(163,0,0,98,98)
w(515,1,0,99,99)
r(994,0,1,0,0)
w(54,1,1,1,1)
r(753,0,1,2,2)
r(669,0,1,3,3)
w(147,1,1,4,4)
r(611,0,1,5,5)
r(17,0,1,6,6)
r(240,0,1,7,7)
w(909,1,1,8,8)
r(797,0,1,9,9)
r(432,0,1,10,10)
w(17,1,1,11,11)
w(42,1,1,12,12)
r(650,0,1,13,13)
w(851,1,1,14,14)
r(841,0,1,15,15)
w(627,1,1,16,16)
w(336,1,1,17,17)
r(361,0,1,18,18)
r(627,1,1,19,19)
r(458,1,1,20,20)
w(944,1,1,21,21)
w(49,1,1,22,22)
w(824,1,1,23,23)
r(247,0,1,24,24)
w(658,1,1,25,25)
r(73,0,1,26,26)
r(290,0,1,27,27)
r(67,0,1,28,28)
w(514,1,1,29,29)
r(602,0,1,30,30)
w(88,1,1,31,31)
r(954,0,1,32,32)
r(732,0,1,33,33)
r(210,1,1,34,34)
r(592,0,1,35,35)
w(963,1,1,36,36)
r(93,0,1,37,37)
r(386,0,1,38,38)
r(610,0,1,39,39)
w(309,1,1,40,40)
w(662,1,1,41,41)
w(148,1,1,42,42)
w(532,1,1,43,43)
w(260,2,1,44,44)
w(475,1,1,45,45)
w(218,1,1,46,46)
w(504,1,1,47,47)
w(714,1,1,48,48)
r(863,1,1,49,49)
w(733,1,1,50,50)
w(754,1,1,51,51)
r(328,0,1,52,52)
w(821,1,1,53,53)
w(330,1,1,54,54)
w(411,1,1,55,55)
w(902,1,1,56,56)
w(578,1,1,57,57)
r(717,0,1,58,58)
w(701,1,1,59,59)
r(808,0,1,60,60)
w(250,1,1,61,61)
w(361,1,1,62,62)
w(42,2,1,63,63)
r(617,0,1,64,64)
w(120,1,1,65,65)
w(801,1,1,66,66)
r(507,0,1,67,67)
r(264,0,1,68,68)
r(126,0,1,69,69)
w(252,1,1,70,70)
w(865,1,1,71,71)
w(693,1,1,72,72)
r(542,0,1,73,73)
r(500,0,1,74,74)
w(230,1,1,75,75)
r(370,0,1,76,76)
r(488,0,1,77,77)
w(385,1,1,78,78)
r(424,0,1,79,79)
r(263,1,1,80,80)
r(351,0,1,81,81)
r(149,0,1,82,82)
r(753,0,1,83,83)
r(31,1,1,84,84)
w(57,1,1,85,85)
w(652,1,1,86,86)
w(940,1,1,87,87)
w(563,1,1,88,88)
r(341,0,1,89,89)
r(218,1,1,90,90)
w(81,1,1,91,91)
w(422,1,1,92,92)
r(257,0,1,93,93)
r(780,0,1,94,94)
w(544,1,1,95,95)
r(85,0,1,96,96)
w(785,1,1,97,97)
r(32,0,1,98,98)
r(855,0,1,99,99)
r(105,0,2,0,0)
r(231,0,2,1,1)
r(16,0,2,2,2)
w(279,1,2,3,3)
w(865,2,2,4,4)
w(554,2,2,5,5)
r(85,0,2,6,6)
w(249,1,2,7,7)
r(722,0,2,8,8)
r(128,0,2,9,9)
w(873,1,2,10,10)
w(543,1,2,11,11)
w(668,1,2,12,12)
r(19,0,2,13,13)
r(764,0,2,14,14)
r(625,0,2,15,15)
w(825,1,2,16,16)
r(527,1,2,17,17)
r(207,0,2,18,18)
w(522,1,2,19,19)
r(683,0,2,20,20)
w(951,1,2,21,21)
r(259,0,2,22,22)
w(121,1,2,23,23)
r(812,0,2,24,24)
r(899,0,2,25,25)
w(401,1,2,26,26)
r(324,0,2,27,27)
r(260,2,2,28,28)
r(128,0,2,29,29)
r(254,0,2,30,30)
w(940,2,2,31,31)
r(87,0,2,32,32)
w(625,1,2,33,33)
w(226,1,2,34,34)
r(375,0,2,35,35)
w(973,1,2,36,36)
w(878,1,2,37,37)
r(54,1,2,38,38)
r(549,0,2,39,39)
w(296,1,2,40,40)
w(351,1,2,41,41)
w(901,1,2,42,42)
w(584,1,2,43,43)
r(168,0,2,44,44)
w(340,1,2,45,45)
r(650,0,2,46,46)
r(848,0,2,47,47)
w(719,1,2,48,48)
w(650,1,2,49,49)
w(333,1,2,50,50)
w(239,1,2,51,51)
r(299,0,2,52,52)
w(955,1,2,53,53)
r(220,0,2,54,54)
w(995,1,2,55,55)
r(894,0,2,56,56)
r(43,0,2,57,57)
w(254,1,2,58,58)
w(531,1,2,59,59)
w(520,1,2,60,60)
r(444,0,2,61,61)
r(33,0,2,62,62)
r(857,0,2,63,63)
r(499,1,2,64,64)
r(524,0,2,65,65)
w(628,1,2,66,66)
w(196,1,2,67,67)
w(197,1,2,68,68)
r(171,0,2,69,69)
r(799,1,2,70,70)
w(113,1,2,71,71)
w(101,1,2,72,72)
w(157,1,2,73,73)
r(45,0,2,74,74)
w(767,1,2,75,75)
w(892,1,2,76,76)
w(223,1,2,77,77)
r(246,0,2,78,78)
w(567,1,2,79,79)
r(470,1,2,80,80)
r(258,0,2,81,81)
r(98,0,2,82,82)
w(356,1,2,83,83)
w(723,1,2,84,84)
w(803,1,2,85,85)
w(552,1,2,86,86)
r(487,0,2,87,87)
r(666,0,2,88,88)
r(257,0,2,89,89)
r(838,1,2,90,90)
r(834,0,2,91,91)
r(131,0,2,92,92)
r(704,0,2,93,93)
r(40,0,2,94,94)
w(216,1,2,95,95)
r(194,0,2,96,96)
w(546,1,2,97,97)
r(786,0,2,98,98)
r(290,0,2,99,99)
r(228,0,3,0,0)
w(887,1,3,1,1)
r(851,1,3,2,2)
r(21,0,3,3,3)
w(369,1,3,4,4)
w(577,1,3,5,5)
w(96,1,3,6,6)
r(288,0,3,7,7)
r(969,0,3,8,8)
r(654,0,3,9,9)
w(717,1,3,10,10)
w(232,1,3,11,11)
w(894,1,3,12,12)
w(879,1,3,13,13)
w(70,1,3,14,14)
w(841,1,3,15,15)
r(959,0,3,16,16)
r(868,0,3,17,17)
r(794,0,3,18,18)
w(425,1,3,19,19)
r(762,0,3,20,20)
w(821,2,3,21,21)
r(449,0,3,22,22)
r(515,1,3,23,23)
r(806,0,3,24,24)
w(493,1,3,25,25)
r(572,1,3,26,26)
r(349,0,3,27,27)
r(800,0,3,28,28)
w(549,1,3,29,29)
r(455,0,3,30,30)
w(685,1,3,31,31)
w(415,1,3,32,32)
w(334,1,3,33,33)
r(922,0,3,34,34)
r(636,0,3,35,35)
w(478,1,3,36,36)
r(226,1,3,37,37)
w(949,1,3,38,38)
r(702,0,3,39,39)
w(882,1,3,40,40)
w(333,2,3,41,41)
r(227,0,3,42,42)
r(519,0,3,43,43)
r(967,0,3,44,44)
w(174,1,3,45,45)
w(466,1,3,46,46)
w(99,1,3,47,47)
w(955,2,3,48,48)
w(356,2,3,49,49)
r(234,0,3,50,50)
r(541,1,3,51,51)
w(714,2,3,52,52)
w(472,1,3,53,53)
r(794,0,3,54,54)
w(721,1,3,55,55)
r(532,1,3,56,56)
r(3,0,3,57,57)
r(153,0,3,58,58)
r(995,1,3,59,59)
w(563,2,3,60,60)
r(498,0,3,61,61)
r(524,0,3,62,62)
w(856,1,3,63,63)
w(71,1,3,64,64)
r(107,0,3,65,65)
r(694,0,3,66,66)
r(4,0,3,67,67)
w(978,1,3,68,68)
r(636,0,3,69,69)
r(278,0,3,70,70)
w(85,1,3,71,71)
w(895,1,3,72,72)
w(378,1,3,73,73)
r(716,0,3,74,74)
r(824,1,3,75,75)
r(653,1,3,76,76)
r(990,0,3,77,77)
w(737,1,3,78,78)
r(403,0,3,79,79)
w(644,1,3,80,80)
r(698,0,3,81,81)
r(182,0,3,82,82)
r(492,0,3,83,83)
w(18,1,3,84,84)
r(740,0,3,85,85)
r(443,0,3,86,86)
w(527,2,3,87,87)
r(638,0,3,88,88)
r(999,0,3,89,89)
r(621,0,3,90,90)
r(802,0,3,91,91)
r(425,1,3,92,92)
w(227,1,3,93,93)
w(271,1,3,94,94)
r(882,1,3,95,95)
w(995,2,3,96,96)
w(948,1,3,97,97)
r(78,0,3,98,98)
r(59,0,3,99,99)
r(115,0,4,0,0)
r(369,1,4,1,1)
r(261,0,4,2,2)
r(20,0,4,3,3)
r(282,0,4,4,4)
r(491,0,4,5,5)
r(97,1,4,6,6)
r(232,1,4,7,7)
w(909,2,4,8,8)
w(230,2,4,9,9)
w(562,1,4,10,10)
r(413,1,4,11,11)
r(362,1,4,12,12)
w(142,1,4,13,13)
w(165,1,4,14,14)
w(376,1,4,15,15)
r(173,0,4,16,16)
w(238,1,4,17,17)
w(519,1,4,18,18)
w(389,1,4,19,19)
r(743,0,4,20,20)
r(417,0,4,21,21)
w(621,1,4,22,22)
r(588,0,4,23,23)
r(959,0,4,24,24)
r(614,0,4,25,25)
w(663,1,4,26,26)
w(553,1,4,27,27)
r(218,1,4,28,28)
w(38,1,4,29,29)
r(648,0,4,30,30)
r(514,1,4,31,31)
r(277,0,4,32,32)
r(14,0,4,33,33)
r(940,2,4,34,34)
w(74,1,4,35,35)
r(459,0,4,36,36)
r(929,0,4,37,37)
r(130,0,4,38,38)
r(460,1,4,39,39)
w(46,1,4,40,40)
w(600,1,4,41,41)
r(478,1,4,42,42)
r(806,0,4,43,43)
r(152,0,4,44,44)
w(887,2,4,45,45)
w(135,1,4,46,46)
w(692,1,4,47,47)
w(697,1,4,48,48)
w(972,1,4,49,49)
r(326,0,4,50,50)
r(667,0,4,51,51)
r(250,1,4,52,52)
r(757,0,4,53,53)
w(937,1,4,54,54)
r(938,0,4,55,55)
r(740,0,4,56,56)
r(46,1,4,57,57)
w(742,1,4,58,58)
r(448,0,4,59,59)
r(336,1,4,60,60)
r(543,1,4,61,61)
w(323,1,4,62,62)
w(785,2,4,63,63)
w(111,1,4,64,64)
r(246,0,4,65,65)
w(552,2,4,66,66)
r(935,0,4,67,67)
r(194,0,4,68,68)
w(998,1,4,69,69)
w(572,2,4,70,70)
r(656,0,4,71,71)
w(802,1,4,72,72)
w(171,1,4,73,73)
w(537,1,4,74,74)
w(216,2,4,75,75)
w(442,1,4,76,76)
w(778,1,4,77,77)
r(119,0,4,78,78)
r(116,0,4,79,79)
r(790,0,4,80,80)
w(682,1,4,81,81)
r(752,0,4,82,82)
w(329,1,4,83,83)
r(744,0,4,84,84)
w(975,2,4,85,85)
w(691,1,4,86,86)
r(649,0,4,87,87)
r(333,2,4,88,88)
r(551,0,4,89,89)
r(428,0,4,90,90)
r(518,0,4,91,91)
r(0,0,4,92,92)
w(321,1,4,93,93)
w(527,3,4,94,94)
w(113,2,4,95,95)
w(756,1,4,96,96)
w(766,1,4,97,97)
w(794,1,4,98,98)
w(10,1,4,99,99)
r(406,0,5,0,0)
r(710,0,5,1,1)
w(338,1,5,2,2)
r(224,0,5,3,3)
w(119,1,5,4,4)
w(276,1,5,5,5)
r(860,0,5,6,6)
r(337,0,5,7,7)
r(121,1,5,8,8)
w(134,1,5,9,9)
w(875,1,5,10,10)
r(310,1,5,11,11)
r(105,0,5,12,12)
r(216,2,5,13,13)
w(289,1,5,14,14)
r(826,0,5,15,15)
r(13,0,5,16,16)
r(286,0,5,17,17)
w(0,1,5,18,18)
r(417,0,5,19,19)
w(455,1,5,20,20)
w(722,1,5,21,21)
r(298,0,5,22,22)
r(650,1,5,23,23)
r(968,0,5,24,24)
w(932,1,5,25,25)
r(883,0,5,26,26)
w(395,1,5,27,27)
w(383,1,5,28,28)
r(440,0,5,29,29)
w(238,2,5,30,30)
w(60,1,5,31,31)
w(428,1,5,32,32)
r(313,0,5,33,33)
r(351,1,5,34,34)
w(142,2,5,35,35)
r(140,0,5,36,36)
r(214,0,5,37,37)
r(947,0,5,38,38)
r(582,0,5,39,39)
w(41,1,5,40,40)
w(218,2,5,41,41)
r(314,0,5,42,42)
r(179,0,5,43,43)
w(625,2,5,44,44)
w(178,1,5,45,45)
r(326,0,5,46,46)
r(709,0,5,47,47)
r(732,0,5,48,48)
r(660,0,5,49,49)
w(625,3,5,50,50)
r(442,1,5,51,51)
w(654,1,5,52,52)
r(275,0,5,53,53)
w(331,1,5,54,54)
w(434,1,5,55,55)
r(284,0,5,56,56)
w(33,1,5,57,57)
w(818,1,5,58,58)
r(41,1,5,59,59)
w(247,1,5,60,60)
w(602,1,5,61,61)
r(241,0,5,62,62)
r(703,0,5,63,63)
w(80,1,5,64,64)
w(880,1,5,65,65)
r(384,0,5,66,66)
w(481,1,5,67,67)
r(997,0,5,68,68)
r(679,0,5,69,69)
w(307,1,5,70,70)
r(761,0,5,71,71)
r(694,0,5,72,72)
r(77,0,5,73,73)
r(414,0,5,74,74)
r(610,0,5,75,75)
r(141,0,5,76,76)
r(659,0,5,77,77)
r(73,0,5,78,78)
w(28,1,5,79,79)
r(245,0,5,80,80)
w(841,2,5,81,81)
r(770,0,5,82,82)
r(233,0,5,83,83)
r(893,0,5,84,84)
w(831,1,5,85,85)
w(421,1,5,86,86)
w(209,1,5,87,87)
r(655,0,5,88,88)
w(114,1,5,89,89)
r(60,1,5,90,90)
w(215,1,5,91,91)
r(596,0,5,92,92)
r(173,0,5,93,93)
w(986,1,5,94,94)
r(333,2,5,95,95)
w(619,1,5,96,96)
w(831,2,5,97,97)
r(526,0,5,98,98)
r(253,0,5,99,99)
r(696,0,6,0,0)
w(991,1,6,1,1)
r(143,0,6,2,2)
w(178,2,6,3,3)
w(207,1,6,4,4)
w(225,1,6,5,5)
r(618,0,6,6,6)
w(711,1,6,7,7)
w(321,2,6,8,8)
w(655,1,6,9,9)
r(240,0,6,10,10)
r(744,0,6,11,11)
w(700,1,6,12,12)
r(575,0,6,13,13)
w(684,1,6,14,14)
r(402,0,6,15,15)
r(267,0,6,16,16)
r(442,1,6,17,17)
r(473,0,6,18,18)
r(575,0,6,19,19)
r(600,1,6,20,20)
r(719,1,6,21,21)
w(588,1,6,22,22)
w(507,1,6,23,23)
w(145,1,6,24,24)
w(84,1,6,25,25)
r(944,1,6,26,26)
w(664,1,6,27,27)
w(97,2,6,28,28)
w(466,2,6,29,29)
r(612,0,6,30,30)
r(305,0,6,31,31)
r(346,0,6,32,32)
w(842,1,6,33,33)
r(738,0,6,34,34)
w(564,1,6,35,35)
w(547,1,6,36,36)
w(674,1,6,37,37)
w(587,1,6,38,38)
r(323,1,6,39,39)
r(529,0,6,40,40)
w(951,2,6,41,41)
w(541,2,6,42,42)
r(585,0,6,43,43)
r(35,0,6,44,44)
r(891,0,6,45,45)
r(326,0,6,46,46)
w(873,2,6,47,47)
w(163,1,6,48,48)
r(138,0,6,49,49)
w(74,2,6,50,50)
w(468,1,6,51,51)
w(854,1,6,52,52)
r(883,0,6,53,53)
w(623,1,6,54,54)
w(259,1,6,55,55)
r(730,0,6,56,56)
r(535,0,6,57,57)
r(282,0,6,58,58)
r(375,0,6,59,59)
w(510,1,6,60,60)
w(461,1,6,61,61)
w(747,1,6,62,62)
w(822,2,6,63,63)
r(98,0,6,64,64)
w(724,1,6,65,65)
w(229,1,6,66,66)
r(704,0,6,67,67)
w(783,1,6,68,68)
r(57,1,6,69,69)
w(577,2,6,70,70)
r(704,0,6,71,71)
r(165,1,6,72,72)
w(874,1,6,73,73)
w(483,1,6,74,74)
r(202,0,6,75,75)
r(435,0,6,76,76)
w(919,1,6,77,77)
w(949,2,6,78,78)
r(26,0,6,79,79)
r(46,1,6,80,80)
r(793,0,6,81,81)
w(931,1,6,82,82)
w(357,1,6,83,83)
r(228,0,6,84,84)
r(563,2,6,85,85)
w(720,1,6,86,86)
r(938,0,6,87,87)
r(916,0,6,88,88)
w(710,1,6,89,89)
w(872,1,6,90,90)
r(413,1,6,91,91)
r(19,0,6,92,92)
w(485,1,6,93,93)
r(860,0,6,94,94)
r(229,1,6,95,95)
r(673,0,6,96,96)
w(861,1,6,97,97)
r(875,1,6,98,98)
r(921,0,6,99,99)
r(724,1,7,0,0)
r(579,0,7,1,1)
r(165,1,7,2,2)
r(871,0,7,3,3)
r(742,1,7,4,4)
r(176,0,7,5,5)
w(427,1,7,6,6)
w(689,1,7,7,7)
r(991,1,7,8,8)
r(954,0,7,9,9)
r(100,0,7,10,10)
w(10,2,7,11,11)
r(866,0,7,12,12)
w(494,1,7,13,13)
w(305,1,7,14,14)
w(537,2,7,15,15)
r(104,0,7,16,16)
r(391,0,7,17,17)
w(610,1,7,18,18)
r(703,0,7,19,19)
w(741,1,7,20,20)
r(12,0,7,21,21)
w(433,1,7,22,22)
w(17,2,7,23,23)
r(876,0,7,24,24)
r(640,1,7,25,25)
r(365,0,7,26,26)
r(750,0,7,27,27)
r(388,0,7,28,28)
r(786,0,7,29,29)
w(26,1,7,30,30)
w(314,1,7,31,31)
w(829,1,7,32,32)
r(997,0,7,33,33)
r(293,0,7,34,34)
r(785,2,7,35,35)
w(193,1,7,36,36)
w(950,1,7,37,37)
w(964,1,7,38,38)
w(985,1,7,39,39)
r(291,0,7,40,40)
w(184,1,7,41,41)
w(472,2,7,42,42)
r(943,0,7,43,43)
r(262,0,7,44,44)
r(462,0,7,45,45)
r(438,0,7,46,46)
w(768,1,7,47,47)
w(173,1,7,48,48)
r(231,0,7,49,49)
r(714,2,7,50,50)
r(884,0,7,51,51)
r(203,1,7,52,52)
w(851,2,7,53,53)
w(837,1,7,54,54)
w(240,1,7,55,55)
w(239,2,7,56,56)
r(236,0,7,57,57)
w(924,1,7,58,58)
w(5,1,7,59,59)
w(486,1,7,60,60)
r(64,0,7,61,61)
r(353,0,7,62,62)
w(11,1,7,63,63)
r(643,0,7,64,64)
r(290,0,7,65,65)
r(378,1,7,66,66)
r(688,0,7,67,67)
r(431,0,7,68,68)
w(8,1,7,69,69)
r(135,1,7,70,70)
w(704,1,7,71,71)
w(308,1,7,72,72)
r(867,0,7,73,73)
w(987,1,7,74,74)
r(168,0,7,75,75)
r(464,0,7,76,76)
r(529,0,7,77,77)
r(520,1,7,78,78)
r(71,1,7,79,79)
r(790,0,7,80,80)
r(647,0,7,81,81)
r(30,0,7,82,82)
w(861,2,7,83,83)
w(807,1,7,84,84)
r(304,0,7,85,85)
r(840,0,7,86,86)
r(844,0,7,87,87)
r(223,1,7,88,88)
r(617,0,7,89,89)
r(998,1,7,90,90)
w(102,1,7,91,91)
r(596,0,7,92,92)
r(256,0,7,93,93)
r(506,0,7,94,94)
w(226,2,7,95,95)
w(223,2,7,96,96)
w(456,1,7,97,97)
r(934,0,7,98,98)
w(454,1,7,99,99)
w(910,1,8,0,0)
w(621,2,8,1,1)
r(500,0,8,2,2)
r(837,1,8,3,3)
w(95,1,8,4,4)
r(361,1,8,5,5)
w(270,1,8,6,6)
r(281,0,8,7,7)
w(104,1,8,8,8)
r(728,0,8,9,9)
w(261,1,8,10,10)
r(231,0,8,11,11)
w(920,1,8,12,12)
r(654,1,8,13,13)
w(659,1,8,14,14)
r(361,1,8,15,15)
r(624,0,8,16,16)
r(222,0,8,17,17)
w(137,1,8,18,18)
w(33,2,8,19,19)
r(936,0,8,20,20)
r(163,1,8,21,21)
w(942,1,8,22,22)
w(960,1,8,23,23)
r(457,0,8,24,24)
r(308,1,8,25,25)
w(158,1,8,26,26)
w(749,1,8,27,27)
w(267,1,8,28,28)
r(722,1,8,29,29)
r(54,1,8,30,30)
w(915,1,8,31,31)
w(654,2,8,32,32)
w(504,2,8,33,33)
w(73,1,8,34,34)
w(872,2,8,35,35)
r(912,0,8,36,36)
w(356,3,8,37,37)
r(805,0,8,38,38)
w(204,1,8,39,39)
w(321,3,8,40,40)
r(636,0,8,41,41)
r(831,2,8,42,42)
r(505,0,8,43,43)
r(909,2,8,44,44)
w(149,1,8,45,45)
r(724,1,8,46,46)
w(187,1,8,47,47)
r(231,0,8,48,48)
w(784,1,8,49,49)
r(782,0,8,50,50)
r(675,0,8,51,51)
r(127,0,8,52,52)
w(295,1,8,53,53)
w(470,2,8,54,54)
r(889,0,8,55,55)
r(847,0,8,56,56)
r(51,0,8,57,57)
r(278,0,8,58,58)
r(273,0,8,59,59)
r(356,3,8,60,60)
w(131,1,8,61,61)
r(925,0,8,62,62)
w(495,1,8,63,63)
w(216,3,8,64,64)
w(916,1,8,65,65)
w(926,1,8,66,66)
r(948,1,8,67,67)
w(438,1,8,68,68)
w(153,1,8,69,69)
r(399,0,8,70,70)
w(806,1,8,71,71)
r(648,0,8,72,72)
w(560,1,8,73,73)
w(337,1,8,74,74)
w(466,3,8,75,75)
w(648,1,8,76,76)
w(839,1,8,77,77)
w(75,1,8,78,78)
w(824,2,8,79,79)
w(882,2,8,80,80)
w(864,1,8,81,81)
r(601,1,8,82,82)
w(541,3,8,83,83)
w(433,2,8,84,84)
w(256,1,8,85,85)
w(781,1,8,86,86)
w(705,1,8,87,87)
w(78,1,8,88,88)
w(706,1,8,89,89)
w(795,1,8,90,90)
r(552,2,8,91,91)
w(216,4,8,92,92)
w(46,2,8,93,93)
w(217,1,8,94,94)
w(178,3,8,95,95)
r(245,0,8,96,96)
w(419,1,8,97,97)
w(618,1,8,98,98)
r(142,2,8,99,99)
r(652,1,9,0,0)
w(784,2,9,1,1)
w(501,1,9,2,2)
w(626,1,9,3,3)
w(876,1,9,4,4)
r(205,0,9,5,5)
r(757,0,9,6,6)
w(950,2,9,7,7)
r(536,0,9,8,8)
w(100,1,9,9,9)
w(671,1,9,10,10)
w(989,1,9,11,11)
w(340,2,9,12,12)
r(575,0,9,13,13)
w(767,2,9,14,14)
w(961,1,9,15,15)
w(22,1,9,16,16)
w(186,1,9,17,17)
r(797,0,9,18,18)
r(136,0,9,19,19)
w(203,2,9,20,20)
w(832,1,9,21,21)
w(16,1,9,22,22)
w(161,1,9,23,23)
r(59,0,9,24,24)
r(686,0,9,25,25)
w(352,1,9,26,26)
w(747,2,9,27,27)
r(337,1,9,28,28)
r(466,3,9,29,29)
w(0,2,9,30,30)
r(674,1,9,31,31)
w(879,2,9,32,32)
w(224,1,9,33,33)
r(942,1,9,34,34)
w(95,2,9,35,35)
r(43,0,9,36,36)
r(333,2,9,37,37)
r(33,2,9,38,38)
r(445,0,9,39,39)
w(189,1,9,40,40)
w(656,1,9,41,41)
w(361,2,9,42,42)
w(807,2,9,43,43)
w(453,1,9,44,44)
r(959,0,9,45,45)
r(805,0,9,46,46)
r(790,0,9,47,47)
w(628,2,9,48,48)
r(958,0,9,49,49)
w(686,1,9,50,50)
r(136,0,9,51,51)
w(914,1,9,52,52)
w(607,1,9,53,53)
r(119,1,9,54,54)
r(437,0,9,55,55)
r(33,2,9,56,56)
w(533,1,9,57,57)
r(821,2,9,58,58)
r(606,0,9,59,59)
w(817,1,9,60,60)
w(786,1,9,61,61)
w(97,3,9,62,62)
w(516,1,9,63,63)
w(568,1,9,64,64)
w(568,2,9,65,65)
w(505,1,9,66,66)
r(684,1,9,67,67)
w(884,1,9,68,68)
r(361,2,9,69,69)
w(840,1,9,70,70)
w(69,1,9,71,71)
r(854,1,9,72,72)
r(249,1,9,73,73)
r(621,2,9,74,74)
r(904,0,9,75,75)
w(533,2,9,76,76)
w(465,1,9,77,77)
r(318,0,9,78,78)
r(943,0,9,79,79)
w(161,2,9,80,80)
r(570,0,9,81,81)
w(154,1,9,82,82)
w(813,1,9,83,83)
r(814,0,9,84,84)
r(814,0,9,85,85)
r(835,0,9,86,86)
w(256,2,9,87,87)
w(617,1,9,88,88)
r(91,0,9,89,89)
w(683,1,9,90,90)
r(674,1,9,91,91)
w(718,1,9,92,92)
w(543,2,9,93,93)
r(16,1,9,94,94)
r(551,0,9,95,95)
r(926,1,9,96,96)
w(566,1,9,97,97)
r(844,0,9,98,98)
w(602,2,9,99,99)
r(859,0,10,0,0)
r(394,1,10,1,1)
r(294,0,10,2,2)
r(102,1,10,3,3)
w(269,1,10,4,4)
w(564,2,10,5,5)
r(434,1,10,6,6)
w(202,1,10,7,7)
r(656,1,10,8,8)
w(232,2,10,9,9)
w(496,1,10,10,10)
r(438,1,10,11,11)
w(711,2,10,12,12)
r(809,0,10,13,13)
r(412,0,10,14,14)
w(718,2,10,15,15)
w(890,1,10,16,16)
r(475,1,10,17,17)
r(621,2,10,18,18)
w(97,4,10,19,19)
r(511,0,10,20,20)
r(130,0,10,21,21)
w(658,2,10,22,22)
r(276,1,10,23,23)
r(889,0,10,24,24)
w(480,1,10,25,25)
w(174,2,10,26,26)
r(938,0,10,27,27)
w(359,1,10,28,28)
r(958,0,10,29,29)
r(679,0,10,30,30)
r(336,1,10,31,31)
r(610,1,10,32,32)
r(617,1,10,33,33)
r(32,0,10,34,34)
r(245,0,10,35,35)
r(150,1,10,36,36)
w(54,2,10,37,37)
r(136,0,10,38,38)
r(688,0,10,39,39)
w(901,2,10,40,40)
w(599,1,10,41,41)
w(52,1,10,42,42)
r(945,0,10,43,43)
r(759,0,10,44,44)
w(835,1,10,45,45)
w(833,1,10,46,46)
r(592,0,10,47,47)
w(783,2,10,48,48)
r(946,0,10,49,49)
w(49,2,10,50,50)
w(418,1,10,51,51)
r(189,1,10,52,52)
w(958,1,10,53,53)
w(784,3,10,54,54)
w(468,2,10,55,55)
w(452,2,10,56,56)
w(322,1,10,57,57)
r(157,1,10,58,58)
w(904,1,10,59,59)
r(173,1,10,60,60)
r(211,1,10,61,61)
r(908,0,10,62,62)
w(477,1,10,63,63)
w(587,2,10,64,64)
r(159,0,10,65,65)
w(801,2,10,66,66)
r(955,2,10,67,67)
r(895,1,10,68,68)
r(702,0,10,69,69)
r(505,1,10,70,70)
r(158,1,10,71,71)
r(27,0,10,72,72)
r(11,1,10,73,73)
r(157,1,10,74,74)
r(595,0,10,75,75)
w(688,1,10,76,76)
r(367,0,10,77,77)
w(762,1,10,78,78)
r(952,0,10,79,79)
r(205,0,10,80,80)
w(417,1,10,81,81)
w(189,2,10,82,82)
w(18,2,10,83,83)
w(45,1,10,84,84)
r(877,0,10,85,85)
w(888,1,10,86,86)
w(718,3,10,87,87)
r(752,0,10,88,88)
r(264,0,10,89,89)
w(212,1,10,90,90)
r(372,0,10,91,91)
w(594,1,10,92,92)
w(122,1,10,93,93)
w(558,1,10,94,94)
r(453,1,10,95,95)
w(210,2,10,96,96)
w(6,1,10,97,97)
r(923,0,10,98,98)
r(960,1,10,99,99)
w(949,3,11,0,0)
w(540,1,11,1,1)
r(714,2,11,2,2)
r(812,0,11,3,3)
r(500,0,11,4,4)
w(491,1,11,5,5)
r(468,2,11,6,6)
r(516,1,11,7,7)
r(189,2,11,8,8)
w(656,2,11,9,9)
r(472,2,11,10,10)
w(613,1,11,11,11)
w(471,1,11,12,12)
w(232,3,11,13,13)
w(24,1,11,14,14)
w(783,3,11,15,15)
r(470,2,11,16,16)
r(156,0,11,17,17)
w(593,1,11,18,18)
w(157,2,11,19,19)
w(969,1,11,20,20)
w(837,2,11,21,21)
r(170,0,11,22,22)
r(687,0,11,23,23)
w(932,2,11,24,24)
r(678,0,11,25,25)
r(13,0,11,26,26)
r(971,0,11,27,27)
r(644,1,11,28,28)
w(610,2,11,29,29)
w(736,1,11,30,30)
r(158,1,11,31,31)
w(605,1,11,32,32)
w(21,1,11,33,33)
r(434,1,11,34,34)
r(440,0,11,35,35)
w(706,2,11,36,36)
w(30,1,11,37,37)
w(740,1,11,38,38)
w(921,1,11,39,39)
r(990,0,11,40,40)
w(331,2,11,41,41)
w(445,1,11,42,42)
r(306,0,11,43,43)
w(654,3,11,44,44)
w(362,2,11,45,45)
r(900,0,11,46,46)
r(518,0,11,47,47)
w(191,1,11,48,48)
r(207,1,11,49,49)
w(46,3,11,50,50)
w(580,1,11,51,51)
r(431,0,11,52,52)
w(813,2,11,53,53)
w(928,1,11,54,54)
r(300,0,11,55,55)
w(862,1,11,56,56)
r(343,0,11,57,57)
w(100,2,11,58,58)
w(776,1,11,59,59)
w(416,1,11,60,60)
r(922,0,11,61,61)
r(842,1,11,62,62)
r(943,0,11,63,63)
r(496,1,11,64,64)
r(417,1,11,65,65)
w(163,2,11,66,66)
r(460,1,11,67,67)
r(179,0,11,68,68)
r(914,1,11,69,69)
w(978,2,11,70,70)
r(512,0,11,71,71)
r(125,0,11,72,72)
r(168,0,11,73,73)
w(583,1,11,74,74)
r(174,2,11,75,75)
r(75,1,11,76,76)
w(40,1,11,77,77)
r(906,0,11,78,78)
r(581,0,11,79,79)
r(612,0,11,80,80)
r(392,0,11,81,81)
w(140,1,11,82,82)
r(644,1,11,83,83)
w(103,1,11,84,84)
r(715,0,11,85,85)
w(378,2,11,86,86)
w(426,1,11,87,87)
r(161,2,11,88,88)
w(391,1,11,89,89)
w(155,1,11,90,90)
r(547,1,11,91,91)
w(762,2,11,92,92)
r(622,0,11,93,93)
r(304,0,11,94,94)
w(958,2,11,95,95)
r(42,2,11,96,96)
w(649,1,11,97,97)
w(399,1,11,98,98)
r(408,0,11,99,99)
w(628,3,12,0,0)
r(315,0,12,1,1)
w(851,3,12,2,2)
r(266,0,12,3,3)
r(934,0,12,4,4)
r(841,2,12,5,5)
w(68,1,12,6,6)
w(579,1,12,7,7)
w(48,1,12,8,8)
r(141,0,12,9,9)
w(471,2,12,10,10)
w(889,1,12,11,11)
r(693,1,12,12,12)
w(356,4,12,13,13)
w(205,1,12,14,14)
r(244,0,12,15,15)
w(412,1,12,16,16)
w(5,2,12,17,17)
w(116,1,12,18,18)
r(231,0,12,19,19)
w(489,1,12,20,20)
w(919,2,12,21,21)
w(945,1,12,22,22)
r(795,1,12,23,23)
r(283,0,12,24,24)
r(786,1,12,25,25)
r(391,1,12,26,26)
r(370,0,12,27,27)
w(661,1,12,28,28)
w(406,1,12,29,29)
r(225,1,12,30,30)
w(184,2,12,31,31)
w(333,3,12,32,32)
w(157,3,12,33,33)
w(450,1,12,34,34)
r(733,1,12,35,35)
r(892,1,12,36,36)
r(520,1,12,37,37)
r(632,0,12,38,38)
w(317,1,12,39,39)
w(253,1,12,40,40)
w(516,2,12,41,41)
r(43,0,12,42,42)
r(175,0,12,43,43)
w(232,4,12,44,44)
w(953,1,12,45,45)
w(992,2,12,46,46)
r(88,1,12,47,47)
w(547,2,12,48,48)
w(515,2,12,49,49)
w(221,1,12,50,50)
w(509,1,12,51,51)
r(710,1,12,52,52)
r(811,0,12,53,53)
w(142,3,12,54,54)
r(268,0,12,55,55)
r(487,0,12,56,56)
w(602,3,12,57,57)
r(944,1,12,58,58)
w(463,1,12,59,59)
r(520,1,12,60,60)
r(109,0,12,61,61)
r(651,0,12,62,62)
r(276,1,12,63,63)
r(575,0,12,64,64)
r(736,1,12,65,65)
r(57,1,12,66,66)
r(165,1,12,67,67)
r(27,0,12,68,68)
r(802,1,12,69,69)
w(361,3,12,70,70)
w(115,1,12,71,71)
r(713,0,12,72,72)
w(586,1,12,73,73)
w(726,1,12,74,74)
w(730,1,12,75,75)
w(701,2,12,76,76)
r(952,0,12,77,77)
r(347,0,12,78,78)
r(201,0,12,79,79)
w(464,1,12,80,80)
w(758,1,12,81,81)
r(281,0,12,82,82)
w(420,1,12,83,83)
r(606,0,12,84,84)
r(374,0,12,85,85)
r(431,0,12,86,86)
r(741,1,12,87,87)
w(696,1,12,88,88)
w(954,1,12,89,89)
r(752,0,12,90,90)
r(308,1,12,91,91)
w(884,2,12,92,92)
w(184,3,12,93,93)
r(963,1,12,94,94)
r(569,0,12,95,95)
r(704,1,12,96,96)
w(207,2,12,97,97)
r(544,1,12,98,98)
r(539,0,12,99,99)
w(861,3,13,0,0)
w(890,2,13,1,1)
r(693,1,13,2,2)
r(39,0,13,3,3)
r(177,0,13,4,4)
w(820,1,13,5,5)
w(452,3,13,6,6)
r(412,1,13,7,7)
w(855,1,13,8,8)
w(637,1,13,9,9)
r(247,1,13,10,10)
w(963,2,13,11,11)
w(716,1,13,12,12)
r(107,0,13,13,13)
r(147,1,13,14,14)
w(9,1,13,15,15)
r(636,0,13,16,16)
w(295,2,13,17,17)
w(896,1,13,18,18)
w(59,1,13,19,19)
w(864,2,13,20,20)
w(330,2,13,21,21)
w(693,2,13,22,22)
r(636,0,13,23,23)
r(573,0,13,24,24)
w(228,1,13,25,25)
w(324,1,13,26,26)
r(25,0,13,27,27)
w(181,1,13,28,28)
r(973,1,13,29,29)
r(600,1,13,30,30)
r(310,1,13,31,31)
w(930,1,13,32,32)
w(787,1,13,33,33)
r(547,2,13,34,34)
w(856,2,13,35,35)
r(259,1,13,36,36)
r(622,0,13,37,37)
w(34,1,13,38,38)
r(932,2,13,39,39)
w(949,4,13,40,40)
r(841,2,13,41,41)
w(626,2,13,42,42)
r(130,0,13,43,43)
w(402,1,13,44,44)
r(194,0,13,45,45)
w(965,1,13,46,46)
r(769,0,13,47,47)
w(914,2,13,48,48)
w(759,1,13,49,49)
r(348,0,13,50,50)
r(899,0,13,51,51)
w(149,2,13,52,52)
w(383,2,13,53,53)
r(853,0,13,54,54)
r(106,0,13,55,55)
w(562,2,13,56,56)
r(794,1,13,57,57)
r(331,2,13,58,58)
w(199,1,13,59,59)
w(642,1,13,60,60)
w(505,2,13,61,61)
r(280,0,13,62,62)
w(416,2,13,63,63)
r(262,0,13,64,64)
w(650,2,13,65,65)
w(708,1,13,66,66)
w(407,1,13,67,67)
r(761,0,13,68,68)
w(302,1,13,69,69)
r(301,0,13,70,70)
r(477,1,13,71,71)
w(491,2,13,72,72)
w(916,2,13,73,73)
r(368,0,13,74,74)
w(506,1,13,75,75)
w(520,2,13,76,76)
r(905,0,13,77,77)
r(360,0,13,78,78)
w(812,1,13,79,79)
w(860,1,13,80,80)
r(642,1,13,81,81)
r(892,1,13,82,82)
w(572,3,13,83,83)
r(755,0,13,84,84)
r(329,1,13,85,85)
r(253,1,13,86,86)
r(805,0,13,87,87)
r(914,2,13,88,88)
r(241,0,13,89,89)
w(513,1,13,90,90)
r(430,0,13,91,91)
r(115,1,13,92,92)
r(229,1,13,93,93)
w(846,2,13,94,94)
w(844,1,13,95,95)
w(268,1,13,96,96)
r(30,1,13,97,97)
r(282,0,13,98,98)
r(728,0,13,99,99)
r(64,0,14,0,0)
w(519,2,14,1,1)
r(393,0,14,2,2)
r(774,0,14,3,3)
w(116,2,14,4,4)
w(582,1,14,5,5)
r(484,0,14,6,6)
r(547,2,14,7,7)
w(134,2,14,8,8)
r(545,0,14,9,9)
w(330,3,14,10,10)
w(539,1,14,11,11)
r(263,1,14,12,12)
w(119,2,14,13,13)
w(78,2,14,14,14)
w(675,1,14,15,15)
r(319,0,14,16,16)
w(728,1,14,17,17)
w(932,3,14,18,18)
r(593,1,14,19,19)
r(793,0,14,20,20)
w(394,2,14,21,21)
r(541,3,14,22,22)
w(666,1,14,23,23)
w(208,1,14,24,24)
r(990,0,14,25,25)
w(413,2,14,26,26)
r(355,0,14,27,27)
r(925,0,14,28,28)
w(124,1,14,29,29)
w(55,1,14,30,30)
w(990,1,14,31,31)
r(727,0,14,32,32)
r(690,0,14,33,33)
w(318,1,14,34,34)
r(915,1,14,35,35)
w(326,1,14,36,36)
r(126,0,14,37,37)
r(170,0,14,38,38)
r(657,0,14,39,39)
r(775,0,14,40,40)
r(677,0,14,41,41)
w(344,1,14,42,42)
w(764,1,14,43,43)
r(437,0,14,44,44)
w(441,1,14,45,45)
r(979,0,14,46,46)
w(137,2,14,47,47)
w(735,1,14,48,48)
r(656,2,14,49,49)
w(958,3,14,50,50)
w(27,1,14,51,51)
w(128,1,14,52,52)
w(710,2,14,53,53)
r(769,0,14,54,54)
r(62,0,14,55,55)
r(863,1,14,56,56)
w(381,1,14,57,57)
w(232,5,14,58,58)
w(671,2,14,59,59)
w(843,1,14,60,60)
r(572,3,14,61,61)
w(180,1,14,62,62)
r(156,0,14,63,63)
w(769,1,14,64,64)
r(508,0,14,65,65)
w(802,2,14,66,66)
w(727,1,14,67,67)
r(311,0,14,68,68)
w(794,2,14,69,69)
w(322,2,14,70,70)
r(474,0,14,71,71)
w(106,1,14,72,72)
w(637,2,14,73,73)
r(845,0,14,74,74)
w(516,3,14,75,75)
r(870,0,14,76,76)
w(572,4,14,77,77)
r(645,0,14,78,78)
w(633,1,14,79,79)
r(463,1,14,80,80)
w(114,2,14,81,81)
r(263,1,14,82,82)
r(497,0,14,83,83)
r(800,0,14,84,84)
r(267,1,14,85,85)
r(446,0,14,86,86)
w(879,3,14,87,87)
r(733,1,14,88,88)
w(194,1,14,89,89)
r(664,1,14,90,90)
w(593,2,14,91,91)
r(187,1,14,92,92)
w(908,1,14,93,93)
w(477,2,14,94,94)
r(991,1,14,95,95)
r(275,0,14,96,96)
w(216,5,14,97,97)
r(955,2,14,98,98)
r(767,2,14,99,99)
w(541,4,15,0,0)
r(433,2,15,1,1)
r(692,1,15,2,2)
r(970,0,15,3,3)
w(866,1,15,4,4)
w(644,2,15,5,5)
w(297,3,15,6,6)
r(670,0,15,7,7)
w(624,1,15,8,8)
w(969,2,15,9,9)
w(830,1,15,10,10)
r(912,0,15,11,11)
r(724,1,15,12,12)
r(52,1,15,13,13)
w(228,2,15,14,14)
r(842,1,15,15,15)
r(885,0,15,16,16)
r(24,1,15,17,17)
r(768,1,15,18,18)
w(772,1,15,19,19)
w(869,1,15,20,20)
r(645,0,15,21,21)
w(536,1,15,22,22)
r(724,1,15,23,23)
w(31,2,15,24,24)
w(234,1,15,25,25)
r(652,1,15,26,26)
w(763,1,15,27,27)
r(156,0,15,28,28)
w(643,1,15,29,29)
w(73,2,15,30,30)
w(672,1,15,31,31)
w(932,4,15,32,32)
r(54,2,15,33,33)
w(433,3,15,34,34)
w(808,1,15,35,35)
r(495,1,15,36,36)
w(445,2,15,37,37)
r(503,0,15,38,38)
w(487,1,15,39,39)
w(67,1,15,40,40)
w(555,1,15,41,41)
r(415,1,15,42,42)
w(815,1,15,43,43)
w(538,1,15,44,44)
w(828,1,15,45,45)
w(599,2,15,46,46)
r(163,2,15,47,47)
r(86,0,15,48,48)
w(116,3,15,49,49)
r(803,1,15,50,50)
r(633,1,15,51,51)
r(663,1,15,52,52)
w(449,1,15,53,53)
r(310,1,15,54,54)
w(662,2,15,55,55)
w(550,1,15,56,56)
w(513,2,15,57,57)
w(673,1,15,58,58)
r(294,0,15,59,59)
r(56,0,15,60,60)
w(755,1,15,61,61)
r(86,0,15,62,62)
w(867,1,15,63,63)
w(888,2,15,64,64)
r(239,2,15,65,65)
r(855,1,15,66,66)
r(509,1,15,67,67)
w(554,3,15,68,68)
r(644,2,15,69,69)
w(857,1,15,70,70)
w(641,1,15,71,71)
w(541,5,15,72,72)
r(614,0,15,73,73)
w(979,1,15,74,74)
r(911,0,15,75,75)
r(501,1,15,76,76)
r(745,0,15,77,77)
w(596,1,15,78,78)
r(216,5,15,79,79)
r(266,0,15,80,80)
r(56,0,15,81,81)
w(38,2,15,82,82)
w(835,2,15,83,83)
w(706,3,15,84,84)
r(240,1,15,85,85)
r(46,3,15,86,86)
w(80,2,15,87,87)
r(92,0,15,88,88)
r(909,2,15,89,89)
r(155,1,15,90,90)
w(507,2,15,91,91)
w(103,2,15,92,92)
w(983,1,15,93,93)
r(218,2,15,94,94)
r(479,0,15,95,95)
w(82,1,15,96,96)
r(443,0,15,97,97)
r(693,2,15,98,98)
w(663,2,15,99,99)
w(682,2,16,0,0)
w(662,3,16,1,1)
r(597,1,16,2,2)
r(117,0,16,3,3)
r(729,1,16,4,4)
w(179,1,16,5,5)
w(196,2,16,6,6)
r(314,1,16,7,7)
r(67,1,16,8,8)
w(394,3,16,9,9)
r(18,2,16,10,10)
r(987,1,16,11,11)
r(160,0,16,12,12)
w(414,1,16,13,13)
w(140,2,16,14,14)
w(671,3,16,15,15)
r(896,1,16,16,16)
w(189,3,16,17,17)
r(721,1,16,18,18)
w(698,1,16,19,19)
r(445,2,16,20,20)
w(692,2,16,21,21)
w(116,4,16,22,22)
r(540,1,16,23,23)
w(298,1,16,24,24)
w(372,1,16,25,25)
w(547,3,16,26,26)
r(464,1,16,27,27)
w(745,1,16,28,28)
w(364,1,16,29,29)
r(454,1,16,30,30)
w(854,2,16,31,31)
r(847,0,16,32,32)
r(978,2,16,33,33)
r(990,1,16,34,34)
r(406,1,16,35,35)
w(29,1,16,36,36)
w(199,2,16,37,37)
r(859,0,16,38,38)
r(219,0,16,39,39)
w(659,2,16,40,40)
r(618,1,16,41,41)
r(402,1,16,42,42)
w(512,1,16,43,43)
r(997,0,16,44,44)
r(648,1,16,45,45)
w(528,1,16,46,46)
w(438,2,16,47,47)
r(140,2,16,48,48)
w(602,4,16,49,49)
w(168,1,16,50,50)
w(21,2,16,51,51)
w(896,2,16,52,52)
r(593,2,16,53,53)
r(364,1,16,54,54)
r(790,0,16,55,55)
w(40,2,16,56,56)
w(212,2,16,57,57)
w(685,2,16,58,58)
w(972,2,16,59,59)
r(277,0,16,60,60)
r(100,2,16,61,61)
r(16,1,16,62,62)
r(414,1,16,63,63)
w(27,2,16,64,64)
r(917,0,16,65,65)
w(233,1,16,66,66)
r(640,1,16,67,67)
r(737,1,16,68,68)
r(790,0,16,69,69)
w(217,2,16,70,70)
r(174,2,16,71,71)
r(842,1,16,72,72)
w(64,1,16,73,73)
r(953,1,16,74,74)
r(830,1,16,75,75)
w(735,2,16,76,76)
r(947,0,16,77,77)
r(460,1,16,78,78)
r(528,1,16,79,79)
r(415,1,16,80,80)
r(418,1,16,81,81)
r(203,2,16,82,82)
w(868,1,16,83,83)
w(955,3,16,84,84)
r(120,1,16,85,85)
r(135,1,16,86,86)
w(544,2,16,87,87)
r(826,0,16,88,88)
w(388,1,16,89,89)
w(84,2,16,90,90)
r(885,0,16,91,91)
r(889,1,16,92,92)
r(21,2,16,93,93)
r(966,0,16,94,94)
r(943,0,16,95,95)
r(809,0,16,96,96)
w(946,1,16,97,97)
w(532,2,16,98,98)
w(548,1,16,99,99)
w(486,2,17,0,0)
r(2,0,17,1,1)
r(390,0,17,2,2)
r(607,1,17,3,3)
w(935,1,17,4,4)
w(873,3,17,5,5)
r(748,1,17,6,6)
r(827,0,17,7,7)
r(116,4,17,8,8)
r(906,0,17,9,9)
r(940,2,17,10,10)
w(889,2,17,11,11)
r(332,0,17,12,12)
r(644,2,17,13,13)
r(13,0,17,14,14)
w(642,2,17,15,15)
r(798,0,17,16,16)
r(952,0,17,17,17)
w(667,1,17,18,18)
r(419,1,17,19,19)
w(445,3,17,20,20)
w(469,1,17,21,21)
w(239,3,17,22,22)
r(504,2,17,23,23)
w(984,1,17,24,24)
w(131,2,17,25,25)
w(176,1,17,26,26)
w(922,1,17,27,27)
r(784,3,17,28,28)
r(752,0,17,29,29)
r(31,2,17,30,30)
r(590,1,17,31,31)
r(935,1,17,32,32)
r(221,1,17,33,33)
w(313,1,17,34,34)
w(435,1,17,35,35)
w(543,3,17,36,36)
w(468,3,17,37,37)
r(646,0,17,38,38)
w(38,3,17,39,39)
r(309,1,17,40,40)
w(447,1,17,41,41)
w(13,1,17,42,42)
r(351,1,17,43,43)
r(535,0,17,44,44)
r(483,1,17,45,45)
w(143,1,17,46,46)
w(229,2,17,47,47)
w(5,3,17,48,48)
r(94,0,17,49,49)
w(758,2,17,50,50)
w(259,2,17,51,51)
r(488,0,17,52,52)
w(250,2,17,53,53)
w(518,1,17,54,54)
w(26,2,17,55,55)
r(633,1,17,56,56)
r(509,1,17,57,57)
r(616,0,17,58,58)
r(175,0,17,59,59)
r(13,1,17,60,60)
w(881,1,17,61,61)
w(630,1,17,62,62)
r(507,2,17,63,63)
w(291,1,17,64,64)
r(647,0,17,65,65)
w(708,2,17,66,66)
w(727,2,17,67,67)
w(46,4,17,68,68)
w(334,2,17,69,69)
r(474,0,17,70,70)
w(329,2,17,71,71)
w(95,3,17,72,72)
r(985,1,17,73,73)
r(839,1,17,74,74)
r(958,3,17,75,75)
w(27,3,17,76,76)
r(123,0,17,77,77)
r(56,0,17,78,78)
w(420,2,17,79,79)
r(989,1,17,80,80)
w(117,1,17,81,81)
r(947,0,17,82,82)
w(99,2,17,83,83)
w(623,2,17,84,84)
w(362,3,17,85,85)
w(709,1,17,86,86)
r(708,2,17,87,87)
r(486,2,17,88,88)
r(577,2,17,89,89)
w(75,2,17,90,90)
r(673,1,17,91,91)
w(939,1,17,92,92)
w(708,3,17,93,93)
w(354,1,17,94,94)
r(384,0,17,95,95)
r(798,0,17,96,96)
w(922,2,17,97,97)
w(872,3,17,98,98)
w(45,2,17,99,99)
w(986,2,18,0,0)
r(988,0,18,1,1)
r(226,2,18,2,2)
w(167,1,18,3,3)
w(507,3,18,4,4)
w(509,2,18,5,5)
r(528,1,18,6,6)
w(405,1,18,7,7)
w(53,1,18,8,8)
r(552,2,18,9,9)
r(325,0,18,10,10)
w(209,2,18,11,11)
w(787,2,18,12,12)
w(56,1,18,13,13)
w(270,2,18,14,14)
r(703,0,18,15,15)
w(333,4,18,16,16)
w(897,1,18,17,17)
w(950,3,18,18,18)
r(663,2,18,19,19)
r(914,2,18,20,20)
r(814,0,18,21,21)
r(67,1,18,22,22)
w(60,2,18,23,23)
w(500,1,18,24,24)
r(232,5,18,25,25)
w(872,4,18,26,26)
r(881,1,18,27,27)
w(528,2,18,28,28)
w(261,2,18,29,29)
r(670,0,18,30,30)
w(711,3,18,31,31)
w(644,3,18,32,32)
r(201,0,18,33,33)
r(363,0,18,34,34)
w(109,1,18,35,35)
r(754,1,18,36,36)
r(361,3,18,37,37)
w(88,2,18,38,38)
w(435,2,18,39,39)
w(985,2,18,40,40)
r(765,0,18,41,41)
r(437,0,18,42,42)
r(490,0,18,43,43)
r(981,0,18,44,44)
w(310,2,18,45,45)
w(234,2,18,46,46)
r(731,0,18,47,47)
r(466,3,18,48,48)
w(778,2,18,49,49)
r(867,1,18,50,50)
w(209,3,18,51,51)
r(712,0,18,52,52)
w(409,1,18,53,53)
r(725,0,18,54,54)
w(655,2,18,55,55)
w(790,1,18,56,56)
r(445,3,18,57,57)
w(619,2,18,58,58)
r(444,0,18,59,59)
r(449,1,18,60,60)
r(152,0,18,61,61)
r(678,0,18,62,62)
w(756,2,18,63,63)
w(878,2,18,64,64)
w(269,2,18,65,65)
r(655,2,18,66,66)
w(895,2,18,67,67)
w(283,1,18,68,68)
w(760,1,18,69,69)
w(100,3,18,70,70)
w(379,1,18,71,71)
r(327,0,18,72,72)
w(902,2,18,73,73)
r(586,1,18,74,74)
w(862,2,18,75,75)
w(639,1,18,76,76)
w(158,2,18,77,77)
w(203,3,18,78,78)
r(153,1,18,79,79)
r(75,2,18,80,80)
w(939,2,18,81,81)
r(909,2,18,82,82)
r(131,2,18,83,83)
r(32,0,18,84,84)
r(641,1,18,85,85)
r(269,2,18,86,86)
r(913,0,18,87,87)
r(888,2,18,88,88)
r(796,0,18,89,89)
w(19,1,18,90,90)
r(197,1,18,91,91)
r(544,2,18,92,92)
r(883,0,18,93,93)
w(224,2,18,94,94)
w(289,2,18,95,95)
r(161,2,18,96,96)
r(708,3,18,97,97)
w(537,3,18,98,98)
r(234,2,18,99,99)
r(130,0,19,0,0)
w(819,1,19,1,1)
w(922,3,19,2,2)
w(833,2,19,3,3)
w(5,4,19,4,4)
w(628,4,19,5,5)
r(624,1,19,6,6)
r(793,0,19,7,7)
r(536,1,19,8,8)
r(655,2,19,9,9)
r(661,1,19,10,10)
w(134,3,19,11,11)
r(872,4,19,12,12)
w(139,1,19,13,13)
w(748,2,19,14,14)
r(907,0,19,15,15)
r(715,0,19,16,16)
w(770,1,19,17,17)
r(197,1,19,18,18)
r(985,2,19,19,19)
r(336,1,19,20,20)
r(59,1,19,21,21)
w(164,1,19,22,22)
w(824,3,19,23,23)
w(892,2,19,24,24)
r(349,0,19,25,25)
w(219,1,19,26,26)
w(194,2,19,27,27)
w(937,2,19,28,28)
w(175,1,19,29,29)
w(944,2,19,30,30)
w(431,1,19,31,31)
w(762,3,19,32,32)
w(967,1,19,33,33)
w(897,2,19,34,34)
w(33,3,19,35,35)
r(893,0,19,36,36)
r(269,2,19,37,37)
r(247,1,19,38,38)
w(756,3,19,39,39)
r(292,0,19,40,40)
r(536,1,19,41,41)
w(375,1,19,42,42)
r(379,1,19,43,43)
r(569,0,19,44,44)
r(444,0,19,45,45)
r(206,0,19,46,46)
r(802,2,19,47,47)
w(394,4,19,48,48)
w(64,2,19,49,49)
r(36,0,19,50,50)
r(277,0,19,51,51)
w(457,1,19,52,52)
w(27,4,19,53,53)
r(662,3,19,54,54)
w(965,2,19,55,55)
r(184,3,19,56,56)
r(440,0,19,57,57)
r(33,3,19,58,58)
w(763,2,19,59,59)
w(701,3,19,60,60)
w(982,1,19,61,61)
r(24,1,19,62,62)
r(241,0,19,63,63)
r(102,1,19,64,64)
w(936,1,19,65,65)
r(464,1,19,66,66)
r(714,2,19,67,67)
r(253,1,19,68,68)
r(706,3,19,69,69)
r(372,1,19,70,70)
r(103,2,19,71,71)
w(270,3,19,72,72)
r(690,0,19,73,73)
w(229,3,19,74,74)
w(203,4,19,75,75)
r(522,1,19,76,76)
w(763,3,19,77,77)
w(278,1,19,78,78)
r(788,0,19,79,79)
w(373,1,19,80,80)
w(543,4,19,81,81)
w(530,1,19,82,82)
r(940,2,19,83,83)
w(455,2,19,84,84)
r(361,3,19,85,85)
r(771,0,19,86,86)
w(163,3,19,87,87)
w(907,1,19,88,88)
w(708,4,19,89,89)
r(448,0,19,90,90)
r(423,0,19,91,91)
r(578,1,19,92,92)
w(766,2,19,93,93)
r(636,0,19,94,94)
r(337,1,19,95,95)
r(12,0,19,96,96)
r(562,2,19,97,97)
w(723,2,19,98,98)
r(264,0,19,99,99)
