w(48,1,0,0,0)
r(23,0,0,1,1)
r(5,0,0,2,2)
r(0,0,0,3,3)
w(54,1,0,4,4)
r(0,0,0,5,5)
w(7,1,0,6,6)
w(3155,1,0,7,7)
r(308,0,0,8,8)
w(2517,1,0,9,9)
r(44,0,0,10,10)
r(39,0,0,11,11)
r(1300,0,0,12,12)
r(49,0,0,13,13)
w(0,1,0,14,14)
r(24,0,0,15,15)
w(9,1,0,16,16)
w(33,1,0,17,17)
w(28,1,0,18,18)
r(980,0,0,19,19)
w(68,1,1,0,0)
r(2,0,1,1,1)
r(220,0,1,2,2)
w(96,1,1,3,3)
w(7893,1,1,4,4)
r(2,0,1,5,5)
w(4,1,1,6,6)
r(1234,0,1,7,7)
r(27,0,1,8,8)
w(255,1,1,9,9)
r(26,0,1,10,10)
r(3,0,1,11,11)
r(4993,0,1,12,12)
w(723,1,1,13,13)
r(111,0,1,14,14)
r(37,0,1,15,15)
r(51,0,1,16,16)
w(3433,1,1,17,17)
w(2794,1,1,18,18)
w(1,1,1,19,19)
r(3,0,2,0,0)
w(26,1,2,1,1)
r(4204,0,2,2,2)
w(2099,1,2,3,3)
r(26,1,2,4,4)
r(1323,0,2,5,5)
r(396,0,2,6,6)
w(3,1,2,7,7)
w(0,2,2,8,8)
r(0,2,2,9,9)
r(1703,0,2,10,10)
w(4681,1,2,11,11)
w(4,2,2,12,12)
r(1,1,2,13,13)
r(45,0,2,14,14)
r(9241,0,2,15,15)
r(4,2,2,16,16)
w(58,1,2,17,17)
w(688,1,2,18,18)
w(95,1,2,19,19)
r(1669,0,3,0,0)
w(1,2,3,1,1)
r(1834,0,3,2,2)
r(453,0,3,3,3)
w(0,3,3,4,4)
w(4876,1,3,5,5)
w(3,2,3,6,6)
r(12,0,3,7,7)
w(394,1,3,8,8)
r(471,0,3,9,9)
w(32,1,3,10,10)
w(103,1,3,11,11)
w(7921,1,3,12,12)
w(5,1,3,13,13)
w(1296,1,3,14,14)
w(459,1,3,15,15)
r(0,3,3,16,16)
r(496,0,3,17,17)
w(0,4,3,18,18)
w(67,1,3,19,19)
w(22,1,4,0,0)
w(57,1,4,1,1)
r(7,1,4,2,2)
w(10,1,4,3,3)
w(41,1,4,4,4)
r(417,0,4,5,5)
r(239,0,4,6,6)
w(0,5,4,7,7)
w(98,1,4,8,8)
r(1069,0,4,9,9)
w(15,1,4,10,10)
w(0,6,4,11,11)
r(2176,0,4,12,12)
w(1,3,4,13,13)
w(192,1,4,14,14)
r(19,0,4,15,15)
r(6663,0,4,16,16)
r(99,0,4,17,17)
r(0,6,4,18,18)
w(2391,1,4,19,19)
w(2590,1,5,0,0)
w(1,4,5,1,1)
w(2898,1,5,2,2)
r(0,6,5,3,3)
w(2473,1,5,4,4)
w(1111,1,5,5,5)
r(463,0,5,6,6)
r(1,4,5,7,7)
w(2960,1,5,8,8)
w(0,7,5,9,9)
r(7,1,5,10,10)
w(0,8,5,11,11)
r(0,8,5,12,12)
w(1608,1,5,13,13)
w(71,1,5,14,14)
r(6,0,5,15,15)
w(369,1,5,16,16)
r(63,0,5,17,17)
w(0,9,5,18,18)
w(313,1,5,19,19)
w(5895,1,6,0,0)
r(835,0,6,1,1)
w(2886,1,6,2,2)
w(8,1,6,3,3)
r(22,1,6,4,4)
w(33,2,6,5,5)
r(2,0,6,6,6)
r(5761,0,6,7,7)
w(1,5,6,8,8)
r(17,0,6,9,9)
w(120,1,6,10,10)
r(3189,0,6,11,11)
r(24,0,6,12,12)
w(324,1,6,13,13)
w(7675,1,6,14,14)
w(8286,1,6,15,15)
r(20,0,6,16,16)
w(5806,1,6,17,17)
w(115,1,6,18,18)
w(2,1,6,19,19)
r(969,0,7,0,0)
r(5,1,7,1,1)
w(11,1,7,2,2)
w(3,3,7,3,3)
r(41,1,7,4,4)
w(9,2,7,5,5)
w(161,1,7,6,6)
w(2,2,7,7,7)
w(412,1,7,8,8)
r(5651,0,7,9,9)
w(3402,1,7,10,10)
w(10,2,7,11,11)
r(2,2,7,12,12)
r(4,2,7,13,13)
w(86,1,7,14,14)
w(1280,1,7,15,15)
r(553,0,7,16,16)
r(1,5,7,17,17)
r(5,1,7,18,18)
w(444,1,7,19,19)
w(4,3,8,0,0)
r(1033,0,8,1,1)
w(3672,1,8,2,2)
w(8,2,8,3,3)
w(79,1,8,4,4)
r(121,0,8,5,5)
r(21,0,8,6,6)
w(0,10,8,7,7)
w(28,2,8,8,8)
w(4,4,8,9,9)
w(9,3,8,10,10)
r(0,10,8,11,11)
w(825,1,8,12,12)
w(168,1,8,13,13)
r(6,0,8,14,14)
r(2060,0,8,15,15)
r(306,0,8,16,16)
w(807,1,8,17,17)
w(10,3,8,18,18)
w(113,1,8,19,19)
r(5105,0,9,0,0)
r(14,0,9,1,1)
r(1583,0,9,2,2)
w(453,1,9,3,3)
r(20,0,9,4,4)
r(987,0,9,5,5)
r(1,5,9,6,6)
w(247,1,9,7,7)
w(3,4,9,8,8)
r(3767,0,9,9,9)
w(1,6,9,10,10)
w(1,7,9,11,11)
r(170,0,9,12,12)
w(228,1,9,13,13)
w(9357,1,9,14,14)
w(305,1,9,15,15)
r(22,1,9,16,16)
r(0,10,9,17,17)
r(33,2,9,18,18)
r(1,7,9,19,19)
w(321,1,10,0,0)
w(0,11,10,1,1)
w(1530,1,10,2,2)
w(1736,1,10,3,3)
r(33,2,10,4,4)
r(3686,0,10,5,5)
w(1389,1,10,6,6)
w(379,1,10,7,7)
w(1576,1,10,8,8)
w(0,12,10,9,9)
w(35,1,10,10,10)
r(0,12,10,11,11)
w(46,1,10,12,12)
r(6972,0,10,13,13)
r(89,0,10,14,14)
w(4,5,10,15,15)
r(44,0,10,16,16)
w(53,1,10,17,17)
w(40,1,10,18,18)
r(8,2,10,19,19)
r(6107,0,11,0,0)
w(0,13,11,1,1)
w(0,14,11,2,2)
w(2,3,11,3,3)
w(22,2,11,4,4)
w(459,2,11,5,5)
w(2301,1,11,6,6)
w(511,1,11,7,7)
r(1186,0,11,8,8)
r(27,0,11,9,9)
r(78,0,11,10,10)
r(1344,0,11,11,11)
r(218,0,11,12,12)
r(95,1,11,13,13)
w(73,1,11,14,14)
w(1400,1,11,15,15)
w(575,1,11,16,16)
w(18,1,11,17,17)
w(107,1,11,18,18)
r(98,1,11,19,19)
w(203,1,12,0,0)
r(118,0,12,1,1)
w(0,15,12,2,2)
r(0,15,12,3,3)
w(2123,1,12,4,4)
w(87,1,12,5,5)
r(60,0,12,6,6)
r(0,15,12,7,7)
r(0,15,12,8,8)
w(31,1,12,9,9)
r(2353,0,12,10,10)
r(2220,0,12,11,11)
w(49,1,12,12,12)
w(22,3,12,13,13)
w(117,1,12,14,14)
r(5219,0,12,15,15)
r(112,0,12,16,16)
w(3348,1,12,17,17)
r(135,0,12,18,18)
w(2,4,12,19,19)
r(14,0,13,0,0)
w(0,16,13,1,1)
w(10,4,13,2,2)
w(4305,1,13,3,3)
w(6417,1,13,4,4)
r(27,0,13,5,5)
w(173,1,13,6,6)
r(176,0,13,7,7)
w(67,2,13,8,8)
r(4142,0,13,9,9)
w(2,5,13,10,10)
w(287,1,13,11,11)
r(5,1,13,12,12)
w(128,1,13,13,13)
w(1135,1,13,14,14)
w(3671,1,13,15,15)
r(2491,0,13,16,16)
w(299,1,13,17,17)
r(3226,0,13,18,18)
w(6,1,13,19,19)
r(528,0,14,0,0)
w(1423,1,14,1,1)
w(16,1,14,2,2)
r(66,0,14,3,3)
w(0,17,14,4,4)
w(13,1,14,5,5)
w(11,2,14,6,6)
r(1,7,14,7,7)
w(0,18,14,8,8)
r(3120,0,14,9,9)
r(3,4,14,10,10)
w(8128,1,14,11,11)
r(7,1,14,12,12)
r(2501,0,14,13,13)
w(5417,1,14,14,14)
w(278,1,14,15,15)
r(102,0,14,16,16)
w(66,1,14,17,17)
w(5,2,14,18,18)
r(8,2,14,19,19)
r(8371,0,15,0,0)
w(27,1,15,1,1)
r(0,18,15,2,2)
r(6835,0,15,3,3)
r(5,2,15,4,4)
r(926,0,15,5,5)
w(4,6,15,6,6)
r(4956,0,15,7,7)
r(0,18,15,8,8)
w(2919,1,15,9,9)
r(3003,0,15,10,10)
r(0,18,15,11,11)
r(903,0,15,12,12)
w(112,1,15,13,13)
w(1036,1,15,14,14)
r(2,5,15,15,15)
r(237,0,15,16,16)
w(487,1,15,17,17)
w(1870,1,15,18,18)
w(697,1,15,19,19)
w(205,1,16,0,0)
w(3095,1,16,1,1)
r(517,0,16,2,2)
r(7,1,16,3,3)
w(5028,1,16,4,4)
w(13,2,16,5,5)
r(8822,0,16,6,6)
r(264,0,16,7,7)
w(70,1,16,8,8)
w(6,2,16,9,9)
r(1205,0,16,10,10)
w(4427,1,16,11,11)
w(189,1,16,12,12)
w(4351,1,16,13,13)
w(417,1,16,14,14)
w(3,5,16,15,15)
r(76,0,16,16,16)
r(3284,0,16,17,17)
r(2983,0,16,18,18)
w(1,8,16,19,19)
r(5,2,17,0,0)
r(0,18,17,1,1)
w(6136,1,17,2,2)
w(2,6,17,3,3)
w(44,1,17,4,4)
r(7815,0,17,5,5)
r(138,0,17,6,6)
w(0,19,17,7,7)
r(1772,0,17,8,8)
r(11,2,17,9,9)
w(20,1,17,10,10)
r(2763,0,17,11,11)
w(2,7,17,12,12)
w(4,7,17,13,13)
w(4,8,17,14,14)
w(1320,1,17,15,15)
r(1027,0,17,16,16)
w(1571,1,17,17,17)
r(4,8,17,18,18)
w(5,3,17,19,19)
w(2,8,18,0,0)
w(15,2,18,1,1)
r(4130,0,18,2,2)
w(2,9,18,3,3)
r(2,9,18,4,4)
w(1,9,18,5,5)
w(2037,1,18,6,6)
r(417,1,18,7,7)
r(14,0,18,8,8)
r(1498,0,18,9,9)
w(6949,1,18,10,10)
w(47,1,18,11,11)
w(15,3,18,12,12)
r(307,0,18,13,13)
w(3128,1,18,14,14)
w(2095,1,18,15,15)
r(2,9,18,16,16)
w(6,3,18,17,17)
r(9547,0,18,18,18)
w(1335,1,18,19,19)
w(0,20,19,0,0)
r(33,2,19,1,1)
r(24,0,19,2,2)
r(1,9,19,3,3)
r(32,1,19,4,4)
w(5219,1,19,5,5)
r(1462,0,19,6,6)
r(11,2,19,7,7)
w(1431,1,19,8,8)
r(24,0,19,9,9)
r(1039,0,19,10,10)
w(1,10,19,11,11)
w(1,11,19,12,12)
r(0,20,19,13,13)
w(43,1,19,14,14)
w(2899,1,19,15,15)
r(122,0,19,16,16)
r(2788,0,19,17,17)
w(26,2,19,18,18)
w(0,21,19,19,19)
