w(557,1,0,0,0)
w(530,1,0,1,1)
w(615,1,0,2,2)
w(35,1,0,3,3)
w(299,1,0,4,4)
w(785,1,0,5,5)
w(790,1,0,6,6)
w(244,1,0,7,7)
w(469,1,0,8,8)
w(495,1,0,9,9)
w(379,1,0,10,10)
w(10,1,0,11,11)
r(111,0,0,12,12)
w(648,1,0,13,13)
w(684,1,0,14,14)
w(712,1,0,15,15)
w(415,1,0,16,16)
w(808,1,0,17,17)
w(839,1,0,18,18)
w(451,1,0,19,19)
w(217,1,0,20,20)
w(926,1,0,21,21)
w(268,1,0,22,22)
w(84,1,0,23,23)
r(43,0,0,24,24)
w(276,1,0,25,25)
w(562,1,0,26,26)
w(913,1,0,27,27)
w(728,1,0,28,28)
w(933,1,0,29,29)
w(722,1,0,30,30)
w(503,1,0,31,31)
w(134,1,0,32,32)
w(705,1,0,33,33)
w(385,1,0,34,34)
w(671,1,0,35,35)
w(176,1,0,36,36)
w(740,1,0,37,37)
w(495,2,0,38,38)
w(625,1,0,39,39)
w(973,1,0,40,40)
w(754,1,0,41,41)
w(153,1,0,42,42)
w(503,2,0,43,43)
w(714,1,0,44,44)
w(281,1,0,45,45)
w(630,1,0,46,46)
r(494,0,0,47,47)
w(754,2,0,48,48)
w(706,1,0,49,49)
w(34,1,0,50,50)
w(310,1,0,51,51)
w(999,1,0,52,52)
w(516,1,0,53,53)
w(355,1,0,54,54)
w(28,1,0,55,55)
w(948,1,0,56,56)
w(609,1,0,57,57)
w(202,1,0,58,58)
w(27,1,0,59,59)
w(810,1,0,60,60)
w(25,1,0,61,61)
w(9,1,0,62,62)
w(538,1,0,63,63)
w(349,1,0,64,64)
w(10,2,0,65,65)
w(233,1,0,66,66)
w(196,1,0,67,67)
w(423,1,0,68,68)
w(175,1,0,69,69)
w(757,1,0,70,70)
w(444,1,0,71,71)
w(997,1,0,72,72)
w(967,1,0,73,73)
w(818,1,0,74,74)
w(819,1,0,75,75)
w(995,1,0,76,76)
r(766,0,0,77,77)
w(179,1,0,78,78)
w(257,1,0,79,79)
w(737,1,0,80,80)
r(649,0,0,81,81)
w(372,1,0,82,82)
w(34,2,0,83,83)
w(47,1,0,84,84)
w(254,1,0,85,85)
w(221,1,0,86,86)
w(455,1,0,87,87)
w(536,1,0,88,88)
w(52,1,0,89,89)
w(847,1,0,90,90)
w(368,1,0,91,91)
w(405,1,0,92,92)
w(532,1,0,93,93)
w(579,1,0,94,94)
w(607,1,0,95,95)
w(851,1,0,96,96)
w(702,1,0,97,97)
w(532,2,0,98,98)
w(506,1,0,99,99)
w(934,1,0,100,100)
r(122,0,0,101,101)
w(18,1,0,102,102)
w(506,2,0,103,103)
w(286,1,0,104,104)
w(970,1,0,105,105)
w(405,2,0,106,106)
w(122,1,0,107,107)
w(501,1,0,108,108)
w(713,1,0,109,109)
r(164,0,0,110,110)
r(409,0,0,111,111)
r(708,0,0,112,112)
r(260,0,0,113,113)
w(801,1,0,114,114)
w(828,1,0,115,115)
w(498,1,0,116,116)
w(899,1,0,117,117)
w(632,1,0,118,118)
w(375,1,0,119,119)
w(369,1,0,120,120)
r(187,0,0,121,121)
w(284,1,0,122,122)
w(633,1,0,123,123)
w(425,1,0,124,124)
w(224,1,0,125,125)
w(436,1,0,126,126)
w(77,1,0,127,127)
w(407,1,0,128,128)
w(454,1,0,129,129)
r(64,0,0,130,130)
w(295,1,0,131,131)
w(565,1,0,132,132)
w(381,1,0,133,133)
r(970,1,0,134,134)
r(647,0,0,135,135)
w(772,1,0,136,136)
w(324,1,0,137,137)
r(115,0,0,138,138)
w(914,1,0,139,139)
w(960,1,0,140,140)
w(765,1,0,141,141)
w(475,1,0,142,142)
w(563,1,0,143,143)
w(949,1,0,144,144)
w(25,2,0,145,145)
r(760,0,0,146,146)
w(246,1,0,147,147)
w(759,1,0,148,148)
w(292,1,0,149,149)
w(90,1,0,150,150)
w(487,1,0,151,151)
r(436,1,0,152,152)
w(438,1,0,153,153)
w(522,1,0,154,154)
w(86,1,0,155,155)
w(25,3,0,156,156)
w(745,1,0,157,157)
w(676,1,0,158,158)
w(426,1,0,159,159)
w(270,1,0,160,160)
w(218,1,0,161,161)
w(395,1,0,162,162)
w(18,2,0,163,163)
w(455,2,0,164,164)
w(120,1,0,165,165)
w(818,2,0,166,166)
w(487,2,0,167,167)
w(648,2,0,168,168)
w(656,1,0,169,169)
w(887,1,0,170,170)
r(666,0,0,171,171)
w(795,1,0,172,172)
r(60,0,0,173,173)
w(687,1,0,174,174)
w(703,1,0,175,175)
r(279,0,0,176,176)
w(924,1,0,177,177)
w(704,1,0,178,178)
w(631,1,0,179,179)
w(584,1,0,180,180)
w(217,2,0,181,181)
w(198,1,0,182,182)
w(778,1,0,183,183)
w(747,1,0,184,184)
w(164,1,0,185,185)
w(80,1,0,186,186)
w(554,1,0,187,187)
w(234,1,0,188,188)
w(210,1,0,189,189)
w(800,1,0,190,190)
w(230,1,0,191,191)
w(66,1,0,192,192)
w(188,1,0,193,193)
w(100,1,0,194,194)
w(102,1,0,195,195)
r(393,0,0,196,196)
w(706,2,0,197,197)
w(307,1,0,198,198)
w(946,1,0,199,199)
w(206,1,0,200,200)
w(227,1,0,201,201)
w(103,1,0,202,202)
w(230,2,0,203,203)
r(134,1,0,204,204)
w(260,1,0,205,205)
w(366,1,0,206,206)
w(106,1,0,207,207)
w(774,1,0,208,208)
w(250,1,0,209,209)
r(863,0,0,210,210)
w(725,1,0,211,211)
r(317,0,0,212,212)
w(626,1,0,213,213)
w(696,1,0,214,214)
r(846,0,0,215,215)
w(413,1,0,216,216)
w(915,1,0,217,217)
w(121,1,0,218,218)
w(860,1,0,219,219)
w(273,1,0,220,220)
w(955,1,0,221,221)
w(888,1,0,222,222)
w(290,1,0,223,223)
w(779,1,0,224,224)
w(777,1,0,225,225)
w(693,1,0,226,226)
w(764,1,0,227,227)
w(633,2,0,228,228)
w(106,2,0,229,229)
w(33,1,0,230,230)
w(997,2,0,231,231)
w(569,1,0,232,232)
w(429,1,0,233,233)
w(861,1,0,234,234)
w(298,1,0,235,235)
w(236,1,0,236,236)
w(940,1,0,237,237)
w(845,1,0,238,238)
w(439,1,0,239,239)
r(970,1,0,240,240)
w(373,1,0,241,241)
w(438,2,0,242,242)
r(642,0,0,243,243)
w(777,2,0,244,244)
r(926,1,0,245,245)
w(257,2,0,246,246)
w(864,1,0,247,247)
w(93,1,0,248,248)
w(38,1,0,249,249)
w(7,1,0,250,250)
w(218,2,0,251,251)
w(476,1,0,252,252)
w(506,3,0,253,253)
w(683,1,0,254,254)
w(854,1,0,255,255)
w(428,1,0,256,256)
w(235,1,0,257,257)
w(271,1,0,258,258)
w(763,1,0,259,259)
w(281,2,0,260,260)
w(821,1,0,261,261)
w(526,1,0,262,262)
w(284,2,0,263,263)
w(207,1,0,264,264)
w(177,1,0,265,265)
w(521,1,0,266,266)
w(684,2,0,267,267)
w(426,2,0,268,268)
w(153,2,0,269,269)
w(10,3,0,270,270)
w(38,2,0,271,271)
w(294,1,0,272,272)
w(509,1,0,273,273)
w(241,1,0,274,274)
w(322,1,0,275,275)
r(886,0,0,276,276)
w(831,1,0,277,277)
w(48,1,0,278,278)
w(985,1,0,279,279)
w(17,1,0,280,280)
w(701,1,0,281,281)
w(684,3,0,282,282)
w(689,1,0,283,283)
r(258,0,0,284,284)
w(304,1,0,285,285)
w(575,1,0,286,286)
w(733,1,0,287,287)
w(674,1,0,288,288)
w(424,1,0,289,289)
w(301,1,0,290,290)
w(526,2,0,291,291)
w(535,1,0,292,292)
w(75,1,0,293,293)
r(628,0,0,294,294)
w(722,2,0,295,295)
w(592,1,0,296,296)
w(697,1,0,297,297)
w(951,1,0,298,298)
w(335,1,0,299,299)
w(940,2,0,300,300)
w(867,1,0,301,301)
w(116,1,0,302,302)
w(289,1,0,303,303)
w(84,2,0,304,304)
r(112,0,0,305,305)
w(308,1,0,306,306)
w(425,2,0,307,307)
w(867,2,0,308,308)
w(367,1,0,309,309)
w(895,1,0,310,310)
w(444,2,0,311,311)
w(341,1,0,312,312)
w(642,1,0,313,313)
w(315,1,0,314,314)
w(728,2,0,315,315)
w(911,1,0,316,316)
w(576,1,0,317,317)
w(310,2,0,318,318)
w(204,1,0,319,319)
w(670,1,0,320,320)
w(35,2,0,321,321)
w(909,1,0,322,322)
w(196,2,0,323,323)
w(613,1,0,324,324)
w(236,2,0,325,325)
w(190,1,0,326,326)
w(752,1,0,327,327)
w(472,1,0,328,328)
w(397,1,0,329,329)
r(416,0,0,330,330)
w(756,1,0,331,331)
r(772,1,0,332,332)
w(967,2,0,333,333)
w(375,2,0,334,334)
w(296,1,0,335,335)
w(970,2,0,336,336)
w(411,1,0,337,337)
w(178,1,0,338,338)
w(534,1,0,339,339)
w(880,1,0,340,340)
w(112,1,0,341,341)
w(573,1,0,342,342)
w(162,1,0,343,343)
w(344,1,0,344,344)
w(813,1,0,345,345)
w(755,1,0,346,346)
w(11,1,0,347,347)
w(807,1,0,348,348)
w(189,1,0,349,349)
w(503,3,0,350,350)
w(52,2,0,351,351)
w(42,1,0,352,352)
w(298,2,0,353,353)
w(257,3,0,354,354)
w(126,1,0,355,355)
w(718,1,0,356,356)
w(261,1,0,357,357)
w(678,1,0,358,358)
w(873,1,0,359,359)
w(970,3,0,360,360)
r(859,0,0,361,361)
w(471,1,0,362,362)
w(948,2,0,363,363)
w(368,2,0,364,364)
w(571,1,0,365,365)
w(878,1,0,366,366)
w(841,1,0,367,367)
w(206,2,0,368,368)
w(172,1,0,369,369)
w(6,1,0,370,370)
w(352,1,0,371,371)
w(579,2,0,372,372)
w(628,1,0,373,373)
w(946,2,0,374,374)
w(499,1,0,375,375)
w(893,1,0,376,376)
w(195,1,0,377,377)
w(556,1,0,378,378)
w(540,1,0,379,379)
w(928,1,0,380,380)
w(644,1,0,381,381)
w(922,1,0,382,382)
w(35,3,0,383,383)
w(101,1,0,384,384)
w(661,1,0,385,385)
w(666,1,0,386,386)
r(928,1,0,387,387)
w(924,2,0,388,388)
w(561,1,0,389,389)
w(935,1,0,390,390)
w(927,1,0,391,391)
w(228,1,0,392,392)
r(455,2,0,393,393)
w(848,1,0,394,394)
w(369,2,0,395,395)
w(482,1,0,396,396)
w(563,2,0,397,397)
w(215,1,0,398,398)
w(856,1,0,399,399)
r(233,1,0,400,400)
w(794,1,0,401,401)
w(424,2,0,402,402)
w(887,2,0,403,403)
w(242,1,0,404,404)
w(259,1,0,405,405)
w(435,1,0,406,406)
w(71,1,0,407,407)
w(838,1,0,408,408)
w(328,1,0,409,409)
w(621,1,0,410,410)
w(14,1,0,411,411)
w(669,1,0,412,412)
w(992,1,0,413,413)
w(967,3,0,414,414)
r(23,0,0,415,415)
r(641,0,0,416,416)
w(694,1,0,417,417)
w(872,1,0,418,418)
w(886,1,0,419,419)
w(199,1,0,420,420)
w(855,1,0,421,421)
w(529,1,0,422,422)
w(551,1,0,423,423)
w(800,2,0,424,424)
r(733,1,0,425,425)
w(490,1,0,426,426)
w(828,2,0,427,427)
w(103,2,0,428,428)
w(853,1,0,429,429)
w(848,2,0,430,430)
r(976,0,0,431,431)
w(414,1,0,432,432)
w(94,1,0,433,433)
w(251,1,0,434,434)
w(903,1,0,435,435)
w(990,1,0,436,436)
w(153,3,0,437,437)
w(878,2,0,438,438)
w(45,1,0,439,439)
w(418,1,0,440,440)
w(511,1,0,441,441)
w(973,2,0,442,442)
w(952,1,0,443,443)
w(604,1,0,444,444)
w(616,1,0,445,445)
w(73,1,0,446,446)
w(401,1,0,447,447)
w(350,1,0,448,448)
w(536,2,0,449,449)
w(866,1,0,450,450)
w(897,1,0,451,451)
r(572,0,0,452,452)
w(148,1,0,453,453)
r(318,0,0,454,454)
w(366,2,0,455,455)
w(447,1,0,456,456)
w(970,4,0,457,457)
w(477,1,0,458,458)
r(654,0,0,459,459)
w(825,1,0,460,460)
w(405,3,0,461,461)
w(404,1,0,462,462)
w(267,1,0,463,463)
w(21,1,0,464,464)
w(969,1,0,465,465)
w(824,1,0,466,466)
w(878,3,0,467,467)
w(925,1,0,468,468)
w(606,1,0,469,469)
w(419,1,0,470,470)
w(66,2,0,471,471)
w(756,2,0,472,472)
w(715,1,0,473,473)
w(76,1,0,474,474)
w(701,2,0,475,475)
w(486,1,0,476,476)
w(522,2,0,477,477)
w(838,2,0,478,478)
w(930,1,0,479,479)
w(616,2,0,480,480)
w(862,1,0,481,481)
w(402,1,0,482,482)
w(771,1,0,483,483)
w(80,2,0,484,484)
r(750,0,0,485,485)
w(765,2,0,486,486)
w(701,3,0,487,487)
w(964,1,0,488,488)
w(546,1,0,489,489)
w(196,3,0,490,490)
w(195,2,0,491,491)
w(839,2,0,492,492)
w(793,1,0,493,493)
r(306,0,0,494,494)
w(358,1,0,495,495)
w(821,2,0,496,496)
w(393,1,0,497,497)
w(938,1,0,498,498)
w(670,2,0,499,499)
r(886,1,1,0,0)
w(398,1,1,1,1)
w(349,2,1,2,2)
r(260,1,1,3,3)
w(930,2,1,4,4)
w(867,3,1,5,5)
w(554,2,1,6,6)
w(658,1,1,7,7)
w(193,1,1,8,8)
r(516,1,1,9,9)
w(810,2,1,10,10)
r(111,0,1,11,11)
w(530,2,1,12,12)
w(641,1,1,13,13)
r(730,0,1,14,14)
w(271,2,1,15,15)
w(392,1,1,16,16)
r(132,0,1,17,17)
w(866,2,1,18,18)
w(257,4,1,19,19)
w(288,1,1,20,20)
r(300,0,1,21,21)
w(613,2,1,22,22)
w(490,2,1,23,23)
r(522,2,1,24,24)
w(117,1,1,25,25)
w(366,3,1,26,26)
w(436,2,1,27,27)
r(70,0,1,28,28)
w(707,1,1,29,29)
w(661,2,1,30,30)
w(228,2,1,31,31)
w(391,1,1,32,32)
w(656,2,1,33,33)
r(645,0,1,34,34)
w(262,1,1,35,35)
w(634,1,1,36,36)
w(154,1,1,37,37)
r(84,2,1,38,38)
w(681,1,1,39,39)
w(687,2,1,40,40)
w(403,1,1,41,41)
w(932,1,1,42,42)
r(853,1,1,43,43)
w(59,1,1,44,44)
w(745,2,1,45,45)
r(374,0,1,46,46)
w(237,1,1,47,47)
w(595,1,1,48,48)
r(660,0,1,49,49)
w(755,2,1,50,50)
w(343,1,1,51,51)
w(694,2,1,52,52)
w(59,2,1,53,53)
w(858,1,1,54,54)
w(579,3,1,55,55)
w(119,1,1,56,56)
w(888,2,1,57,57)
w(756,3,1,58,58)
w(56,1,1,59,59)
w(794,2,1,60,60)
w(436,3,1,61,61)
w(461,1,1,62,62)
w(846,1,1,63,63)
w(977,1,1,64,64)
r(288,1,1,65,65)
w(859,1,1,66,66)
w(16,1,1,67,67)
w(733,2,1,68,68)
w(386,1,1,69,69)
w(161,1,1,70,70)
w(433,1,1,71,71)
r(420,0,1,72,72)
w(483,1,1,73,73)
w(792,1,1,74,74)
w(641,2,1,75,75)
w(415,2,1,76,76)
w(404,2,1,77,77)
w(741,1,1,78,78)
w(827,1,1,79,79)
w(750,1,1,80,80)
w(437,1,1,81,81)
w(762,1,1,82,82)
w(45,2,1,83,83)
w(530,3,1,84,84)
r(366,3,1,85,85)
w(570,1,1,86,86)
w(555,1,1,87,87)
w(868,1,1,88,88)
w(537,1,1,89,89)
w(464,1,1,90,90)
w(896,1,1,91,91)
w(885,1,1,92,92)
w(591,1,1,93,93)
w(979,1,1,94,94)
w(132,1,1,95,95)
r(709,0,1,96,96)
w(135,1,1,97,97)
w(741,2,1,98,98)
w(761,1,1,99,99)
w(523,1,1,100,100)
w(225,1,1,101,101)
w(210,2,1,102,102)
w(881,1,1,103,103)
w(618,1,1,104,104)
w(970,5,1,105,105)
w(612,1,1,106,106)
w(697,2,1,107,107)
w(915,2,1,108,108)
w(807,2,1,109,109)
w(104,1,1,110,110)
w(609,2,1,111,111)
w(148,2,1,112,112)
w(894,1,1,113,113)
w(437,2,1,114,114)
w(709,1,1,115,115)
w(521,2,1,116,116)
w(520,1,1,117,117)
w(158,1,1,118,118)
w(753,1,1,119,119)
w(837,1,1,120,120)
r(727,0,1,121,121)
w(850,1,1,122,122)
w(955,2,1,123,123)
w(844,1,1,124,124)
w(362,1,1,125,125)
w(829,1,1,126,126)
w(720,1,1,127,127)
w(636,1,1,128,128)
w(852,1,1,129,129)
w(318,1,1,130,130)
w(434,1,1,131,131)
w(339,1,1,132,132)
w(537,2,1,133,133)
w(691,1,1,134,134)
r(547,0,1,135,135)
w(250,2,1,136,136)
w(216,1,1,137,137)
w(614,1,1,138,138)
w(628,2,1,139,139)
w(346,1,1,140,140)
w(835,1,1,141,141)
w(880,2,1,142,142)
w(709,2,1,143,143)
w(495,3,1,144,144)
w(412,1,1,145,145)
w(716,1,1,146,146)
w(979,2,1,147,147)
w(6,2,1,148,148)
w(280,1,1,149,149)
w(191,1,1,150,150)
w(354,1,1,151,151)
w(311,1,1,152,152)
w(247,1,1,153,153)
w(188,2,1,154,154)
w(504,1,1,155,155)
w(432,1,1,156,156)
w(466,1,1,157,157)
w(988,1,1,158,158)
w(872,2,1,159,159)
w(913,2,1,160,160)
w(468,1,1,161,161)
w(106,3,1,162,162)
w(347,1,1,163,163)
w(487,3,1,164,164)
w(143,1,1,165,165)
w(291,1,1,166,166)
w(539,1,1,167,167)
w(653,1,1,168,168)
w(482,2,1,169,169)
w(781,1,1,170,170)
w(557,2,1,171,171)
w(937,1,1,172,172)
w(588,1,1,173,173)
w(825,2,1,174,174)
w(257,5,1,175,175)
w(255,1,1,176,176)
w(781,2,1,177,177)
r(3,0,1,178,178)
r(447,1,1,179,179)
w(365,1,1,180,180)
w(920,1,1,181,181)
r(642,1,1,182,182)
w(693,2,1,183,183)
w(17,2,1,184,184)
w(296,2,1,185,185)
w(862,2,1,186,186)
w(758,1,1,187,187)
w(963,1,1,188,188)
r(530,3,1,189,189)
w(923,1,1,190,190)
w(693,3,1,191,191)
r(873,1,1,192,192)
w(792,2,1,193,193)
w(252,1,1,194,194)
r(313,0,1,195,195)
w(246,2,1,196,196)
w(679,1,1,197,197)
w(387,1,1,198,198)
w(104,2,1,199,199)
w(44,1,1,200,200)
w(862,3,1,201,201)
w(46,1,1,202,202)
w(797,1,1,203,203)
r(941,0,1,204,204)
w(110,1,1,205,205)
w(379,2,1,206,206)
w(174,1,1,207,207)
w(669,2,1,208,208)
w(402,2,1,209,209)
r(804,0,1,210,210)
w(67,1,1,211,211)
w(609,3,1,212,212)
w(906,1,1,213,213)
w(640,1,1,214,214)
w(287,1,1,215,215)
w(12,1,1,216,216)
w(586,1,1,217,217)
w(206,3,1,218,218)
w(356,1,1,219,219)
w(433,2,1,220,220)
w(347,2,1,221,221)
w(735,1,1,222,222)
w(731,1,1,223,223)
w(781,3,1,224,224)
w(27,2,1,225,225)
w(278,1,1,226,226)
w(29,1,1,227,227)
w(101,2,1,228,228)
r(140,0,1,229,229)
w(744,1,1,230,230)
w(412,2,1,231,231)
r(777,2,1,232,232)
w(494,1,1,233,233)
w(352,2,1,234,234)
r(859,1,1,235,235)
r(488,0,1,236,236)
w(462,1,1,237,237)
w(286,2,1,238,238)
w(375,3,1,239,239)
w(195,3,1,240,240)
w(446,1,1,241,241)
w(792,3,1,242,242)
w(5,1,1,243,243)
w(415,3,1,244,244)
w(988,2,1,245,245)
w(992,2,1,246,246)
w(759,2,1,247,247)
w(708,1,1,248,248)
w(719,1,1,249,249)
w(692,1,1,250,250)
w(373,2,1,251,251)
w(824,2,1,252,252)
w(122,2,1,253,253)
w(569,2,1,254,254)
w(694,3,1,255,255)
w(694,4,1,256,256)
w(558,1,1,257,257)
w(104,3,1,258,258)
w(966,1,1,259,259)
w(286,3,1,260,260)
w(17,3,1,261,261)
w(585,1,1,262,262)
w(409,1,1,263,263)
w(474,1,1,264,264)
w(674,2,1,265,265)
r(470,0,1,266,266)
w(324,2,1,267,267)
w(168,1,1,268,268)
w(706,3,1,269,269)
w(95,1,1,270,270)
w(194,1,1,271,271)
r(445,0,1,272,272)
w(24,1,1,273,273)
r(987,0,1,274,274)
w(769,1,1,275,275)
w(246,3,1,276,276)
w(551,2,1,277,277)
w(834,1,1,278,278)
w(98,1,1,279,279)
w(926,2,1,280,280)
w(190,2,1,281,281)
r(579,3,1,282,282)
r(176,1,1,283,283)
w(916,1,1,284,284)
w(22,1,1,285,285)
r(837,1,1,286,286)
w(69,1,1,287,287)
w(92,1,1,288,288)
w(612,2,1,289,289)
w(92,2,1,290,290)
w(405,4,1,291,291)
w(706,4,1,292,292)
w(171,1,1,293,293)
w(667,1,1,294,294)
w(523,2,1,295,295)
w(873,2,1,296,296)
w(162,2,1,297,297)
w(229,1,1,298,298)
w(986,1,1,299,299)
w(234,2,1,300,300)
w(265,1,1,301,301)
w(326,1,1,302,302)
w(374,1,1,303,303)
w(75,2,1,304,304)
w(108,1,1,305,305)
w(739,1,1,306,306)
w(352,3,1,307,307)
w(717,1,1,308,308)
r(298,2,1,309,309)
w(218,3,1,310,310)
w(562,2,1,311,311)
w(858,2,1,312,312)
w(749,1,1,313,313)
w(65,1,1,314,314)
w(107,1,1,315,315)
w(784,1,1,316,316)
w(183,1,1,317,317)
w(493,1,1,318,318)
w(414,2,1,319,319)
w(927,2,1,320,320)
w(466,2,1,321,321)
r(92,2,1,322,322)
w(971,1,1,323,323)
w(128,1,1,324,324)
w(855,2,1,325,325)
w(694,5,1,326,326)
w(988,3,1,327,327)
w(230,3,1,328,328)
w(602,1,1,329,329)
w(299,2,1,330,330)
r(444,2,1,331,331)
w(925,2,1,332,332)
w(926,3,1,333,333)
w(168,2,1,334,334)
w(987,1,1,335,335)
w(849,1,1,336,336)
w(974,1,1,337,337)
w(858,3,1,338,338)
w(79,1,1,339,339)
w(546,2,1,340,340)
w(371,1,1,341,341)
w(644,2,1,342,342)
w(836,1,1,343,343)
w(280,2,1,344,344)
w(526,3,1,345,345)
w(953,1,1,346,346)
w(134,2,1,347,347)
w(14,2,1,348,348)
w(95,2,1,349,349)
w(713,2,1,350,350)
w(836,2,1,351,351)
r(893,1,1,352,352)
w(185,1,1,353,353)
w(546,3,1,354,354)
w(869,1,1,355,355)
w(387,2,1,356,356)
w(874,1,1,357,357)
w(723,1,1,358,358)
w(378,1,1,359,359)
r(886,1,1,360,360)
r(216,1,1,361,361)
r(316,0,1,362,362)
w(917,1,1,363,363)
w(400,1,1,364,364)
w(480,1,1,365,365)
w(469,2,1,366,366)
w(922,2,1,367,367)
w(168,3,1,368,368)
w(227,2,1,369,369)
w(648,3,1,370,370)
r(789,0,1,371,371)
w(199,2,1,372,372)
w(225,2,1,373,373)
w(428,2,1,374,374)
w(145,1,1,375,375)
w(373,3,1,376,376)
w(160,1,1,377,377)
w(787,1,1,378,378)
r(248,0,1,379,379)
w(524,1,1,380,380)
w(354,2,1,381,381)
w(681,2,1,382,382)
w(249,1,1,383,383)
w(649,1,1,384,384)
w(917,2,1,385,385)
r(828,2,1,386,386)
w(610,1,1,387,387)
w(628,3,1,388,388)
w(569,3,1,389,389)
w(701,4,1,390,390)
w(944,1,1,391,391)
w(606,2,1,392,392)
w(454,2,1,393,393)
w(330,1,1,394,394)
w(510,1,1,395,395)
w(963,2,1,396,396)
w(655,1,1,397,397)
w(979,3,1,398,398)
w(20,1,1,399,399)
w(157,1,1,400,400)
w(490,3,1,401,401)
w(31,1,1,402,402)
r(701,4,1,403,403)
w(864,2,1,404,404)
w(859,2,1,405,405)
r(74,0,1,406,406)
w(539,2,1,407,407)
w(720,2,1,408,408)
w(869,2,1,409,409)
w(704,2,1,410,410)
w(113,1,1,411,411)
w(265,2,1,412,412)
w(523,3,1,413,413)
w(882,1,1,414,414)
w(680,1,1,415,415)
r(897,1,1,416,416)
w(807,3,1,417,417)
r(350,1,1,418,418)
w(39,1,1,419,419)
w(139,1,1,420,420)
w(533,1,1,421,421)
w(16,2,1,422,422)
w(523,4,1,423,423)
w(931,1,1,424,424)
w(594,1,1,425,425)
w(623,1,1,426,426)
w(436,4,1,427,427)
w(977,2,1,428,428)
w(29,2,1,429,429)
w(2,1,1,430,430)
w(418,2,1,431,431)
r(314,0,1,432,432)
w(135,2,1,433,433)
w(905,1,1,434,434)
w(156,1,1,435,435)
w(993,1,1,436,436)
w(360,1,1,437,437)
w(419,2,1,438,438)
w(878,4,1,439,439)
w(865,1,1,440,440)
r(219,0,1,441,441)
w(395,2,1,442,442)
w(684,4,1,443,443)
w(150,1,1,444,444)
w(688,1,1,445,445)
w(434,2,1,446,446)
w(160,2,1,447,447)
w(323,1,1,448,448)
w(849,2,1,449,449)
w(795,2,1,450,450)
w(5,2,1,451,451)
w(988,4,1,452,452)
w(831,2,1,453,453)
w(557,3,1,454,454)
r(376,0,1,455,455)
w(107,2,1,456,456)
w(951,2,1,457,457)
w(445,1,1,458,458)
w(681,3,1,459,459)
w(453,1,1,460,460)
w(882,2,1,461,461)
w(985,2,1,462,462)
w(866,3,1,463,463)
w(534,2,1,464,464)
w(814,1,1,465,465)
w(958,1,1,466,466)
w(919,1,1,467,467)
w(943,1,1,468,468)
w(408,1,1,469,469)
w(374,2,1,470,470)
w(947,1,1,471,471)
w(471,2,1,472,472)
w(798,1,1,473,473)
w(983,1,1,474,474)
w(62,1,1,475,475)
w(27,3,1,476,476)
w(203,1,1,477,477)
w(39,2,1,478,478)
w(997,3,1,479,479)
w(662,1,1,480,480)
w(772,2,1,481,481)
w(707,2,1,482,482)
w(718,2,1,483,483)
w(412,3,1,484,484)
w(182,1,1,485,485)
w(320,1,1,486,486)
w(746,1,1,487,487)
r(198,1,1,488,488)
w(977,3,1,489,489)
w(778,2,1,490,490)
r(931,1,1,491,491)
w(232,1,1,492,492)
r(234,2,1,493,493)
w(574,1,1,494,494)
w(496,1,1,495,495)
w(619,1,1,496,496)
r(587,0,1,497,497)
w(632,2,1,498,498)
w(35,4,1,499,499)
w(459,1,2,0,0)
w(224,2,2,1,1)
w(1,1,2,2,2)
w(91,1,2,3,3)
w(407,2,2,4,4)
r(538,1,2,5,5)
w(127,1,2,6,6)
w(529,2,2,7,7)
w(938,2,2,8,8)
w(887,3,2,9,9)
r(422,0,2,10,10)
w(41,1,2,11,11)
w(483,2,2,12,12)
w(430,1,2,13,13)
w(767,1,2,14,14)
w(56,2,2,15,15)
w(208,1,2,16,16)
w(531,1,2,17,17)
w(319,1,2,18,18)
w(108,2,2,19,19)
r(276,1,2,20,20)
w(364,1,2,21,21)
w(433,3,2,22,22)
w(499,2,2,23,23)
w(822,1,2,24,24)
w(956,1,2,25,25)
w(701,5,2,26,26)
w(124,1,2,27,27)
w(218,4,2,28,28)
w(415,4,2,29,29)
w(217,3,2,30,30)
w(549,1,2,31,31)
w(286,4,2,32,32)
w(475,2,2,33,33)
w(214,1,2,34,34)
w(108,3,2,35,35)
w(773,1,2,36,36)
w(587,1,2,37,37)
w(828,3,2,38,38)
w(22,2,2,39,39)
w(790,2,2,40,40)
w(918,1,2,41,41)
w(824,3,2,42,42)
w(561,2,2,43,43)
w(191,2,2,44,44)
w(979,4,2,45,45)
r(66,2,2,46,46)
w(53,1,2,47,47)
w(998,1,2,48,48)
w(481,1,2,49,49)
w(630,2,2,50,50)
w(27,4,2,51,51)
w(561,3,2,52,52)
w(162,3,2,53,53)
w(228,3,2,54,54)
w(858,4,2,55,55)
w(64,1,2,56,56)
w(744,2,2,57,57)
w(456,1,2,58,58)
w(978,1,2,59,59)
w(316,1,2,60,60)
w(371,2,2,61,61)
w(196,4,2,62,62)
w(266,1,2,63,63)
w(957,1,2,64,64)
w(527,1,2,65,65)
w(236,3,2,66,66)
r(424,2,2,67,67)
w(237,2,2,68,68)
w(396,1,2,69,69)
w(115,1,2,70,70)
w(574,2,2,71,71)
w(738,1,2,72,72)
w(315,2,2,73,73)
w(787,2,2,74,74)
w(824,4,2,75,75)
w(991,1,2,76,76)
w(979,5,2,77,77)
w(402,3,2,78,78)
w(168,4,2,79,79)
w(112,2,2,80,80)
w(801,2,2,81,81)
w(47,2,2,82,82)
w(525,1,2,83,83)
w(343,2,2,84,84)
w(516,2,2,85,85)
w(106,4,2,86,86)
w(213,1,2,87,87)
w(331,1,2,88,88)
w(304,2,2,89,89)
w(510,2,2,90,90)
w(801,3,2,91,91)
w(344,2,2,92,92)
w(330,2,2,93,93)
w(981,1,2,94,94)
w(903,2,2,95,95)
w(847,2,2,96,96)
w(332,1,2,97,97)
w(377,1,2,98,98)
r(738,1,2,99,99)
w(659,1,2,100,100)
w(711,1,2,101,101)
w(382,1,2,102,102)
w(602,2,2,103,103)
w(606,3,2,104,104)
w(481,2,2,105,105)
w(566,1,2,106,106)
w(24,2,2,107,107)
w(248,1,2,108,108)
w(80,3,2,109,109)
r(973,2,2,110,110)
w(238,1,2,111,111)
r(235,1,2,112,112)
w(912,1,2,113,113)
r(814,1,2,114,114)
w(793,2,2,115,115)
w(186,1,2,116,116)
w(238,2,2,117,117)
w(58,1,2,118,118)
w(53,2,2,119,119)
w(101,3,2,120,120)
w(260,2,2,121,121)
w(136,1,2,122,122)
w(937,2,2,123,123)
w(349,3,2,124,124)
r(549,1,2,125,125)
w(855,3,2,126,126)
r(482,2,2,127,127)
w(721,1,2,128,128)
w(767,2,2,129,129)
r(935,1,2,130,130)
w(562,3,2,131,131)
w(539,3,2,132,132)
r(935,1,2,133,133)
w(18,3,2,134,134)
w(450,1,2,135,135)
w(984,1,2,136,136)
w(998,2,2,137,137)
w(344,3,2,138,138)
r(981,1,2,139,139)
w(810,3,2,140,140)
w(787,3,2,141,141)
w(265,3,2,142,142)
w(972,1,2,143,143)
w(75,3,2,144,144)
w(392,2,2,145,145)
r(494,1,2,146,146)
w(501,2,2,147,147)
w(185,2,2,148,148)
w(225,3,2,149,149)
w(659,2,2,150,150)
w(670,3,2,151,151)
w(894,2,2,152,152)
w(472,2,2,153,153)
w(67,2,2,154,154)
w(250,3,2,155,155)
r(872,2,2,156,156)
w(292,2,2,157,157)
w(471,3,2,158,158)
w(505,1,2,159,159)
r(523,4,2,160,160)
w(240,1,2,161,161)
w(332,2,2,162,162)
w(673,1,2,163,163)
w(153,4,2,164,164)
w(524,2,2,165,165)
w(981,2,2,166,166)
w(108,4,2,167,167)
r(869,2,2,168,168)
w(32,1,2,169,169)
w(650,1,2,170,170)
w(644,3,2,171,171)
r(156,1,2,172,172)
w(17,4,2,173,173)
w(679,2,2,174,174)
w(385,2,2,175,175)
r(439,1,2,176,176)
w(523,5,2,177,177)
w(967,4,2,178,178)
w(81,1,2,179,179)
w(988,5,2,180,180)
r(897,1,2,181,181)
r(562,3,2,182,182)
w(164,2,2,183,183)
w(717,2,2,184,184)
w(156,2,2,185,185)
w(951,3,2,186,186)
w(431,1,2,187,187)
w(644,4,2,188,188)
r(998,2,2,189,189)
w(653,2,2,190,190)
w(600,1,2,191,191)
w(800,3,2,192,192)
w(652,1,2,193,193)
w(240,2,2,194,194)
w(655,2,2,195,195)
w(580,1,2,196,196)
w(561,4,2,197,197)
w(330,3,2,198,198)
w(52,3,2,199,199)
r(597,0,2,200,200)
w(988,6,2,201,201)
w(989,1,2,202,202)
w(589,1,2,203,203)
w(405,5,2,204,204)
w(49,1,2,205,205)
w(404,3,2,206,206)
w(860,2,2,207,207)
w(721,2,2,208,208)
r(220,0,2,209,209)
w(510,3,2,210,210)
w(77,2,2,211,211)
w(230,4,2,212,212)
w(999,2,2,213,213)
w(720,3,2,214,214)
w(796,1,2,215,215)
w(649,2,2,216,216)
w(275,1,2,217,217)
w(289,2,2,218,218)
w(217,4,2,219,219)
w(690,1,2,220,220)
r(865,1,2,221,221)
w(900,1,2,222,222)
w(369,3,2,223,223)
w(18,4,2,224,224)
w(886,2,2,225,225)
w(122,3,2,226,226)
w(799,1,2,227,227)
w(420,1,2,228,228)
w(360,2,2,229,229)
w(900,2,2,230,230)
w(247,2,2,231,231)
w(435,2,2,232,232)
w(532,3,2,233,233)
w(811,1,2,234,234)
w(251,2,2,235,235)
w(519,1,2,236,236)
w(468,2,2,237,237)
w(335,2,2,238,238)
w(797,2,2,239,239)
w(329,1,2,240,240)
w(604,2,2,241,241)
w(984,2,2,242,242)
w(382,2,2,243,243)
w(675,1,2,244,244)
w(411,2,2,245,245)
w(548,1,2,246,246)
w(459,2,2,247,247)
w(382,3,2,248,248)
w(598,1,2,249,249)
w(432,2,2,250,250)
w(117,2,2,251,251)
w(839,3,2,252,252)
w(913,3,2,253,253)
w(567,1,2,254,254)
w(542,1,2,255,255)
w(121,2,2,256,256)
w(236,4,2,257,257)
w(513,1,2,258,258)
w(384,1,2,259,259)
w(189,2,2,260,260)
r(756,3,2,261,261)
w(890,1,2,262,262)
w(130,1,2,263,263)
w(169,1,2,264,264)
w(904,1,2,265,265)
w(560,1,2,266,266)
w(552,1,2,267,267)
w(744,3,2,268,268)
r(174,1,2,269,269)
r(391,1,2,270,270)
w(725,2,2,271,271)
w(636,2,2,272,272)
w(50,1,2,273,273)
w(413,2,2,274,274)
w(57,1,2,275,275)
w(712,2,2,276,276)
w(943,2,2,277,277)
w(239,1,2,278,278)
r(232,1,2,279,279)
w(933,2,2,280,280)
w(734,1,2,281,281)
r(295,1,2,282,282)
w(418,3,2,283,283)
w(109,1,2,284,284)
w(870,1,2,285,285)
w(554,3,2,286,286)
w(38,3,2,287,287)
w(366,4,2,288,288)
w(394,1,2,289,289)
w(812,1,2,290,290)
w(558,2,2,291,291)
w(878,5,2,292,292)
r(776,0,2,293,293)
w(569,4,2,294,294)
w(107,3,2,295,295)
w(527,2,2,296,296)
w(69,2,2,297,297)
w(324,3,2,298,298)
w(763,2,2,299,299)
w(761,2,2,300,300)
w(537,3,2,301,301)
w(33,2,2,302,302)
w(616,3,2,303,303)
w(433,4,2,304,304)
w(491,1,2,305,305)
w(512,1,2,306,306)
w(390,1,2,307,307)
w(145,2,2,308,308)
w(364,2,2,309,309)
w(978,2,2,310,310)
w(965,1,2,311,311)
w(398,2,2,312,312)
w(154,2,2,313,313)
w(602,3,2,314,314)
r(865,1,2,315,315)
r(736,0,2,316,316)
w(704,3,2,317,317)
w(850,2,2,318,318)
w(298,3,2,319,319)
w(619,2,2,320,320)
w(6,3,2,321,321)
w(705,2,2,322,322)
w(633,3,2,323,323)
w(805,1,2,324,324)
w(870,2,2,325,325)
w(761,3,2,326,326)
w(998,3,2,327,327)
w(559,1,2,328,328)
w(813,2,2,329,329)
w(763,3,2,330,330)
w(726,1,2,331,331)
w(376,1,2,332,332)
w(673,2,2,333,333)
w(440,1,2,334,334)
w(129,1,2,335,335)
w(120,2,2,336,336)
w(512,2,2,337,337)
w(341,2,2,338,338)
w(0,1,2,339,339)
w(797,3,2,340,340)
r(275,1,2,341,341)
w(963,3,2,342,342)
w(429,2,2,343,343)
w(63,1,2,344,344)
w(74,1,2,345,345)
w(748,1,2,346,346)
w(381,2,2,347,347)
w(163,1,2,348,348)
w(263,1,2,349,349)
w(347,3,2,350,350)
w(582,1,2,351,351)
w(388,1,2,352,352)
w(222,1,2,353,353)
w(236,5,2,354,354)
w(667,2,2,355,355)
w(184,1,2,356,356)
w(79,2,2,357,357)
w(498,2,2,358,358)
w(976,1,2,359,359)
w(272,1,2,360,360)
r(966,1,2,361,361)
w(154,3,2,362,362)
w(294,2,2,363,363)
r(20,1,2,364,364)
w(721,3,2,365,365)
w(906,2,2,366,366)
w(832,1,2,367,367)
w(366,5,2,368,368)
w(395,3,2,369,369)
r(68,0,2,370,370)
w(906,3,2,371,371)
w(772,3,2,372,372)
w(985,3,2,373,373)
r(142,0,2,374,374)
r(45,2,2,375,375)
r(308,1,2,376,376)
r(239,1,2,377,377)
w(505,2,2,378,378)
w(568,1,2,379,379)
w(133,1,2,380,380)
w(758,2,2,381,381)
w(518,1,2,382,382)
w(40,1,2,383,383)
w(991,2,2,384,384)
w(361,1,2,385,385)
w(887,4,2,386,386)
r(296,2,2,387,387)
w(920,2,2,388,388)
w(462,2,2,389,389)
w(247,3,2,390,390)
w(571,2,2,391,391)
w(41,2,2,392,392)
w(922,3,2,393,393)
w(289,3,2,394,394)
w(130,2,2,395,395)
w(679,3,2,396,396)
w(616,4,2,397,397)
w(711,2,2,398,398)
w(310,3,2,399,399)
w(481,3,2,400,400)
w(587,2,2,401,401)
w(828,4,2,402,402)
w(458,1,2,403,403)
w(379,3,2,404,404)
w(492,1,2,405,405)
w(605,1,2,406,406)
w(853,2,2,407,407)
w(369,4,2,408,408)
w(238,3,2,409,409)
w(552,2,2,410,410)
w(187,1,2,411,411)
w(729,1,2,412,412)
w(57,2,2,413,413)
w(122,4,2,414,414)
w(658,2,2,415,415)
w(776,1,2,416,416)
w(59,3,2,417,417)
w(524,3,2,418,418)
w(662,2,2,419,419)
w(775,1,2,420,420)
w(295,2,2,421,421)
r(647,0,2,422,422)
w(239,2,2,423,423)
w(968,1,2,424,424)
r(754,2,2,425,425)
w(552,3,2,426,426)
w(381,3,2,427,427)
r(970,5,2,428,428)
w(924,3,2,429,429)
w(681,4,2,430,430)
w(389,1,2,431,431)
w(416,1,2,432,432)
r(289,3,2,433,433)
w(541,1,2,434,434)
w(515,1,2,435,435)
w(540,2,2,436,436)
w(302,1,2,437,437)
w(433,5,2,438,438)
w(340,1,2,439,439)
w(860,3,2,440,440)
w(367,2,2,441,441)
w(879,1,2,442,442)
w(305,1,2,443,443)
w(437,3,2,444,444)
w(650,2,2,445,445)
w(650,3,2,446,446)
w(921,1,2,447,447)
w(160,3,2,448,448)
w(769,2,2,449,449)
w(884,1,2,450,450)
w(940,3,2,451,451)
w(612,3,2,452,452)
w(29,3,2,453,453)
w(327,1,2,454,454)
w(499,3,2,455,455)
w(913,4,2,456,456)
r(291,1,2,457,457)
w(92,3,2,458,458)
w(392,3,2,459,459)
w(816,1,2,460,460)
w(984,3,2,461,461)
w(313,1,2,462,462)
w(138,1,2,463,463)
w(448,1,2,464,464)
w(998,4,2,465,465)
w(203,2,2,466,466)
w(803,1,2,467,467)
w(184,2,2,468,468)
w(350,2,2,469,469)
w(292,3,2,470,470)
w(375,4,2,471,471)
r(153,4,2,472,472)
w(7,2,2,473,473)
w(404,4,2,474,474)
w(725,3,2,475,475)
w(396,2,2,476,476)
r(670,3,2,477,477)
w(411,3,2,478,478)
w(114,1,2,479,479)
w(498,3,2,480,480)
w(149,1,2,481,481)
w(585,2,2,482,482)
w(434,3,2,483,483)
w(866,4,2,484,484)
w(826,1,2,485,485)
w(899,2,2,486,486)
w(213,2,2,487,487)
w(724,1,2,488,488)
w(624,1,2,489,489)
w(715,2,2,490,490)
r(420,1,2,491,491)
w(862,4,2,492,492)
w(70,1,2,493,493)
r(565,1,2,494,494)
w(593,1,2,495,495)
w(131,1,2,496,496)
w(483,3,2,497,497)
w(665,1,2,498,498)
r(703,1,2,499,499)
r(20,1,3,0,0)
w(12,2,3,1,1)
w(968,2,3,2,2)
w(837,2,3,3,3)
w(827,2,3,4,4)
w(354,3,3,5,5)
w(477,2,3,6,6)
w(556,2,3,7,7)
w(646,1,3,8,8)
w(763,4,3,9,9)
w(528,1,3,10,10)
w(665,2,3,11,11)
w(204,2,3,12,12)
w(194,2,3,13,13)
w(693,4,3,14,14)
w(689,2,3,15,15)
w(355,2,3,16,16)
w(127,2,3,17,17)
w(130,3,3,18,18)
r(952,1,3,19,19)
w(90,2,3,20,20)
w(898,1,3,21,21)
w(370,1,3,22,22)
r(131,1,3,23,23)
r(330,3,3,24,24)
w(981,3,3,25,25)
w(84,3,3,26,26)
w(378,2,3,27,27)
w(966,2,3,28,28)
w(168,5,3,29,29)
w(136,2,3,30,30)
r(641,2,3,31,31)
w(195,4,3,32,32)
w(25,4,3,33,33)
w(935,2,3,34,34)
w(566,2,3,35,35)
w(58,2,3,36,36)
w(983,2,3,37,37)
r(822,1,3,38,38)
w(26,1,3,39,39)
w(472,3,3,40,40)
w(55,1,3,41,41)
w(198,2,3,42,42)
w(945,1,3,43,43)
w(669,3,3,44,44)
w(967,5,3,45,45)
w(45,3,3,46,46)
w(770,1,3,47,47)
w(216,2,3,48,48)
w(499,4,3,49,49)
r(261,1,3,50,50)
w(122,5,3,51,51)
w(672,1,3,52,52)
w(887,5,3,53,53)
w(194,3,3,54,54)
w(387,3,3,55,55)
w(320,2,3,56,56)
w(156,3,3,57,57)
w(145,3,3,58,58)
r(283,0,3,59,59)
w(403,2,3,60,60)
w(195,5,3,61,61)
w(940,4,3,62,62)
w(955,3,3,63,63)
w(907,1,3,64,64)
w(212,1,3,65,65)
w(635,1,3,66,66)
w(351,1,3,67,67)
w(340,2,3,68,68)
w(12,3,3,69,69)
w(966,3,3,70,70)
w(95,3,3,71,71)
r(424,2,3,72,72)
w(909,2,3,73,73)
w(685,1,3,74,74)
w(61,1,3,75,75)
w(697,3,3,76,76)
w(628,4,3,77,77)
w(247,4,3,78,78)
w(429,3,3,79,79)
w(311,2,3,80,80)
w(547,1,3,81,81)
w(279,1,3,82,82)
w(797,4,3,83,83)
w(378,3,3,84,84)
w(575,2,3,85,85)
w(261,2,3,86,86)
w(983,3,3,87,87)
r(867,3,3,88,88)
r(301,1,3,89,89)
w(554,4,3,90,90)
w(930,3,3,91,91)
w(338,1,3,92,92)
w(25,5,3,93,93)
w(669,4,3,94,94)
w(933,3,3,95,95)
w(801,4,3,96,96)
w(236,6,3,97,97)
w(108,5,3,98,98)
w(694,6,3,99,99)
w(698,1,3,100,100)
w(34,3,3,101,101)
w(94,2,3,102,102)
w(700,1,3,103,103)
w(828,5,3,104,104)
w(3,1,3,105,105)
w(264,1,3,106,106)
r(463,0,3,107,107)
w(460,1,3,108,108)
w(348,1,3,109,109)
w(255,2,3,110,110)
r(65,1,3,111,111)
w(296,3,3,112,112)
w(42,2,3,113,113)
w(962,1,3,114,114)
w(21,2,3,115,115)
w(108,6,3,116,116)
w(28,2,3,117,117)
r(528,1,3,118,118)
r(960,1,3,119,119)
w(232,2,3,120,120)
w(183,2,3,121,121)
w(390,2,3,122,122)
w(572,1,3,123,123)
w(63,2,3,124,124)
w(771,2,3,125,125)
w(285,1,3,126,126)
w(142,1,3,127,127)
w(524,4,3,128,128)
w(995,2,3,129,129)
r(76,1,3,130,130)
w(750,2,3,131,131)
w(703,2,3,132,132)
r(957,1,3,133,133)
w(65,2,3,134,134)
w(16,3,3,135,135)
w(98,2,3,136,136)
w(226,1,3,137,137)
r(458,1,3,138,138)
w(547,2,3,139,139)
w(656,3,3,140,140)
w(543,1,3,141,141)
w(424,3,3,142,142)
w(231,1,3,143,143)
w(230,5,3,144,144)
w(809,1,3,145,145)
w(328,2,3,146,146)
w(828,6,3,147,147)
w(192,1,3,148,148)
w(578,1,3,149,149)
r(797,4,3,150,150)
w(685,2,3,151,151)
w(343,3,3,152,152)
w(221,2,3,153,153)
w(471,4,3,154,154)
w(578,2,3,155,155)
w(692,2,3,156,156)
w(422,1,3,157,157)
w(331,2,3,158,158)
w(400,2,3,159,159)
w(834,2,3,160,160)
r(824,4,3,161,161)
w(437,4,3,162,162)
r(166,0,3,163,163)
w(940,5,3,164,164)
w(989,2,3,165,165)
w(202,2,3,166,166)
w(548,2,3,167,167)
w(596,1,3,168,168)
w(56,3,3,169,169)
w(208,2,3,170,170)
w(15,1,3,171,171)
w(918,2,3,172,172)
w(408,2,3,173,173)
w(122,6,3,174,174)
w(711,3,3,175,175)
r(147,0,3,176,176)
w(619,3,3,177,177)
w(297,1,3,178,178)
w(874,2,3,179,179)
w(266,2,3,180,180)
w(876,1,3,181,181)
w(268,2,3,182,182)
w(681,5,3,183,183)
r(401,1,3,184,184)
w(450,2,3,185,185)
w(183,3,3,186,186)
w(885,2,3,187,187)
w(670,4,3,188,188)
w(266,3,3,189,189)
w(460,2,3,190,190)
r(821,2,3,191,191)
w(248,2,3,192,192)
w(27,5,3,193,193)
w(730,1,3,194,194)
w(840,1,3,195,195)
w(712,3,3,196,196)
w(716,2,3,197,197)
w(156,4,3,198,198)
w(597,1,3,199,199)
r(756,3,3,200,200)
w(463,1,3,201,201)
w(454,3,3,202,202)
w(42,3,3,203,203)
w(397,2,3,204,204)
w(479,1,3,205,205)
w(663,1,3,206,206)
r(466,2,3,207,207)
w(346,2,3,208,208)
w(780,1,3,209,209)
w(740,2,3,210,210)
w(211,1,3,211,211)
w(135,3,3,212,212)
w(486,2,3,213,213)
w(441,1,3,214,214)
w(20,2,3,215,215)
w(551,3,3,216,216)
w(606,4,3,217,217)
w(115,2,3,218,218)
w(512,3,3,219,219)
w(80,4,3,220,220)
r(731,1,3,221,221)
w(667,3,3,222,222)
w(28,3,3,223,223)
w(34,4,3,224,224)
w(379,4,3,225,225)
w(460,3,3,226,226)
w(701,6,3,227,227)
w(318,2,3,228,228)
w(364,3,3,229,229)
r(431,1,3,230,230)
w(379,5,3,231,231)
w(540,3,3,232,232)
w(881,2,3,233,233)
w(950,1,3,234,234)
w(678,2,3,235,235)
w(919,2,3,236,236)
w(94,3,3,237,237)
w(704,4,3,238,238)
w(0,2,3,239,239)
w(880,3,3,240,240)
r(518,1,3,241,241)
r(770,1,3,242,242)
w(407,3,3,243,243)
w(635,2,3,244,244)
w(665,3,3,245,245)
w(589,2,3,246,246)
w(763,5,3,247,247)
w(981,4,3,248,248)
w(660,1,3,249,249)
w(811,2,3,250,250)
w(898,2,3,251,251)
w(87,1,3,252,252)
w(232,3,3,253,253)
w(943,3,3,254,254)
w(159,1,3,255,255)
r(644,4,3,256,256)
r(313,1,3,257,257)
w(55,2,3,258,258)
r(758,2,3,259,259)
w(991,3,3,260,260)
w(622,1,3,261,261)
w(130,4,3,262,262)
r(630,2,3,263,263)
w(412,4,3,264,264)
w(726,2,3,265,265)
w(908,1,3,266,266)
w(322,2,3,267,267)
w(222,2,3,268,268)
w(986,2,3,269,269)
w(82,1,3,270,270)
r(636,2,3,271,271)
w(634,2,3,272,272)
w(357,1,3,273,273)
w(477,3,3,274,274)
w(680,2,3,275,275)
w(647,1,3,276,276)
w(571,3,3,277,277)
w(640,2,3,278,278)
w(998,5,3,279,279)
w(480,2,3,280,280)
w(195,6,3,281,281)
w(0,3,3,282,282)
w(157,2,3,283,283)
w(349,4,3,284,284)
w(679,4,3,285,285)
w(904,2,3,286,286)
w(467,1,3,287,287)
w(658,3,3,288,288)
r(792,3,3,289,289)
w(167,1,3,290,290)
w(235,2,3,291,291)
w(508,1,3,292,292)
w(116,2,3,293,293)
w(512,4,3,294,294)
w(290,2,3,295,295)
w(713,3,3,296,296)
w(898,3,3,297,297)
w(724,2,3,298,298)
w(742,1,3,299,299)
r(601,0,3,300,300)
w(215,2,3,301,301)
w(894,3,3,302,302)
w(509,2,3,303,303)
w(70,2,3,304,304)
w(854,2,3,305,305)
w(307,2,3,306,306)
w(714,2,3,307,307)
w(373,4,3,308,308)
r(218,4,3,309,309)
w(192,2,3,310,310)
w(62,2,3,311,311)
w(910,1,3,312,312)
w(235,3,3,313,313)
w(214,2,3,314,314)
w(862,5,3,315,315)
r(950,1,3,316,316)
w(902,1,3,317,317)
r(891,0,3,318,318)
w(385,3,3,319,319)
w(36,1,3,320,320)
w(250,4,3,321,321)
w(524,5,3,322,322)
w(832,2,3,323,323)
w(238,4,3,324,324)
w(843,1,3,325,325)
w(233,2,3,326,326)
w(464,2,3,327,327)
w(143,2,3,328,328)
w(426,3,3,329,329)
w(480,3,3,330,330)
w(533,2,3,331,331)
w(566,3,3,332,332)
w(183,4,3,333,333)
w(272,2,3,334,334)
w(909,3,3,335,335)
w(787,4,3,336,336)
w(328,3,3,337,337)
w(21,3,3,338,338)
w(92,4,3,339,339)
w(239,3,3,340,340)
r(29,3,3,341,341)
w(337,1,3,342,342)
w(830,1,3,343,343)
w(338,2,3,344,344)
w(974,2,3,345,345)
w(34,5,3,346,346)
w(943,4,3,347,347)
w(462,3,3,348,348)
w(150,2,3,349,349)
w(808,2,3,350,350)
w(749,2,3,351,351)
w(176,2,3,352,352)
w(74,2,3,353,353)
w(445,2,3,354,354)
r(140,0,3,355,355)
w(450,3,3,356,356)
w(238,5,3,357,357)
w(243,1,3,358,358)
w(215,3,3,359,359)
w(445,3,3,360,360)
r(347,3,3,361,361)
r(312,0,3,362,362)
r(94,3,3,363,363)
w(435,3,3,364,364)
w(147,1,3,365,365)
w(355,3,3,366,366)
w(672,2,3,367,367)
w(694,7,3,368,368)
w(292,4,3,369,369)
w(832,3,3,370,370)
w(512,5,3,371,371)
w(788,1,3,372,372)
w(501,3,3,373,373)
w(2,2,3,374,374)
w(895,2,3,375,375)
w(308,2,3,376,376)
w(350,3,3,377,377)
r(904,2,3,378,378)
w(856,2,3,379,379)
w(533,3,3,380,380)
w(661,3,3,381,381)
w(956,2,3,382,382)
w(336,1,3,383,383)
w(491,2,3,384,384)
r(2,2,3,385,385)
w(363,1,3,386,386)
w(95,4,3,387,387)
w(271,3,3,388,388)
w(332,3,3,389,389)
w(662,3,3,390,390)
w(320,3,3,391,391)
w(276,2,3,392,392)
r(483,3,3,393,393)
w(596,2,3,394,394)
w(307,3,3,395,395)
w(483,4,3,396,396)
r(66,2,3,397,397)
w(643,1,3,398,398)
w(649,3,3,399,399)
w(695,1,3,400,400)
w(881,3,3,401,401)
w(434,4,3,402,402)
w(703,3,3,403,403)
w(660,2,3,404,404)
r(920,2,3,405,405)
w(650,4,3,406,406)
w(80,5,3,407,407)
w(265,4,3,408,408)
w(375,5,3,409,409)
r(969,1,3,410,410)
w(998,6,3,411,411)
w(601,1,3,412,412)
w(806,1,3,413,413)
w(84,4,3,414,414)
w(599,1,3,415,415)
w(776,2,3,416,416)
w(575,3,3,417,417)
w(997,4,3,418,418)
w(876,2,3,419,419)
w(491,3,3,420,420)
w(901,1,3,421,421)
w(482,3,3,422,422)
w(659,3,3,423,423)
w(128,2,3,424,424)
w(378,4,3,425,425)
w(951,4,3,426,426)
w(346,3,3,427,427)
w(716,3,3,428,428)
w(853,3,3,429,429)
w(630,3,3,430,430)
w(142,2,3,431,431)
w(818,3,3,432,432)
r(420,1,3,433,433)
w(910,2,3,434,434)
r(356,1,3,435,435)
w(435,4,3,436,436)
w(36,2,3,437,437)
w(294,3,3,438,438)
w(814,2,3,439,439)
w(481,4,3,440,440)
w(588,2,3,441,441)
w(701,7,3,442,442)
w(953,2,3,443,443)
w(711,4,3,444,444)
r(255,2,3,445,445)
w(686,1,3,446,446)
w(965,2,3,447,447)
w(910,3,3,448,448)
w(486,3,3,449,449)
w(380,1,3,450,450)
w(66,3,3,451,451)
w(638,1,3,452,452)
w(369,5,3,453,453)
w(240,3,3,454,454)
w(251,3,3,455,455)
w(428,3,3,456,456)
w(338,3,3,457,457)
w(497,1,3,458,458)
r(453,1,3,459,459)
w(654,1,3,460,460)
w(268,3,3,461,461)
w(162,4,3,462,462)
w(492,2,3,463,463)
w(272,3,3,464,464)
w(335,3,3,465,465)
w(596,3,3,466,466)
w(766,1,3,467,467)
w(767,3,3,468,468)
w(243,2,3,469,469)
w(298,4,3,470,470)
w(114,2,3,471,471)
r(913,4,3,472,472)
r(263,1,3,473,473)
r(956,2,3,474,474)
w(386,2,3,475,475)
w(159,2,3,476,476)
r(731,1,3,477,477)
w(574,3,3,478,478)
w(100,2,3,479,479)
r(721,3,3,480,480)
w(539,4,3,481,481)
w(263,2,3,482,482)
w(380,2,3,483,483)
r(325,0,3,484,484)
w(886,3,3,485,485)
w(723,2,3,486,486)
r(908,1,3,487,487)
w(451,2,3,488,488)
w(43,1,3,489,489)
r(586,1,3,490,490)
w(590,1,3,491,491)
w(574,4,3,492,492)
w(472,4,3,493,493)
w(895,3,3,494,494)
w(482,4,3,495,495)
w(82,2,3,496,496)
w(359,1,3,497,497)
w(605,2,3,498,498)
w(499,5,3,499,499)
w(628,5,4,0,0)
w(858,5,4,1,1)
w(710,1,4,2,2)
r(57,2,4,3,3)
w(614,2,4,4,4)
r(903,2,4,5,5)
w(732,1,4,6,6)
w(365,2,4,7,7)
w(691,2,4,8,8)
w(591,2,4,9,9)
w(485,1,4,10,10)
r(511,1,4,11,11)
w(202,3,4,12,12)
w(720,4,4,13,13)
w(624,2,4,14,14)
w(263,3,4,15,15)
w(857,1,4,16,16)
w(497,2,4,17,17)
w(690,2,4,18,18)
r(115,2,4,19,19)
w(541,2,4,20,20)
w(431,2,4,21,21)
w(457,1,4,22,22)
w(304,3,4,23,23)
w(120,3,4,24,24)
w(118,1,4,25,25)
w(353,1,4,26,26)
w(986,3,4,27,27)
r(885,2,4,28,28)
w(197,1,4,29,29)
w(24,3,4,30,30)
w(919,3,4,31,31)
w(169,2,4,32,32)
w(41,3,4,33,33)
w(405,6,4,34,34)
w(456,2,4,35,35)
w(39,3,4,36,36)
w(618,2,4,37,37)
w(489,1,4,38,38)
r(568,1,4,39,39)
w(327,2,4,40,40)
w(59,4,4,41,41)
w(472,5,4,42,42)
w(143,3,4,43,43)
w(990,2,4,44,44)
r(859,2,4,45,45)
w(566,4,4,46,46)
w(470,1,4,47,47)
r(176,2,4,48,48)
w(694,8,4,49,49)
w(304,4,4,50,50)
w(290,3,4,51,51)
w(240,4,4,52,52)
w(843,2,4,53,53)
r(690,2,4,54,54)
w(821,3,4,55,55)
w(166,1,4,56,56)
w(604,3,4,57,57)
w(104,4,4,58,58)
w(318,3,4,59,59)
w(581,1,4,60,60)
r(339,1,4,61,61)
w(413,3,4,62,62)
w(205,1,4,63,63)
w(119,2,4,64,64)
w(5,3,4,65,65)
w(229,2,4,66,66)
w(988,7,4,67,67)
w(386,3,4,68,68)
w(714,3,4,69,69)
w(881,4,4,70,70)
w(402,4,4,71,71)
w(988,8,4,72,72)
w(613,3,4,73,73)
w(566,5,4,74,74)
w(46,2,4,75,75)
w(352,4,4,76,76)
w(300,1,4,77,77)
w(207,2,4,78,78)
w(154,4,4,79,79)
w(230,6,4,80,80)
w(42,4,4,81,81)
w(25,6,4,82,82)
w(955,4,4,83,83)
w(479,2,4,84,84)
r(50,1,4,85,85)
w(840,2,4,86,86)
w(878,6,4,87,87)
w(757,2,4,88,88)
w(357,2,4,89,89)
w(3,2,4,90,90)
w(421,1,4,91,91)
w(521,3,4,92,92)
w(809,2,4,93,93)
w(148,3,4,94,94)
w(268,4,4,95,95)
w(31,2,4,96,96)
w(552,4,4,97,97)
w(507,1,4,98,98)
w(407,4,4,99,99)
w(154,5,4,100,100)
w(200,1,4,101,101)
w(46,3,4,102,102)
w(116,3,4,103,103)
w(224,3,4,104,104)
w(294,4,4,105,105)
w(784,2,4,106,106)
w(312,1,4,107,107)
w(331,3,4,108,108)
w(925,3,4,109,109)
w(466,3,4,110,110)
r(364,3,4,111,111)
w(151,1,4,112,112)
w(99,1,4,113,113)
w(645,1,4,114,114)
w(625,2,4,115,115)
r(996,0,4,116,116)
w(154,6,4,117,117)
w(797,5,4,118,118)
w(907,2,4,119,119)
w(839,4,4,120,120)
r(136,2,4,121,121)
w(545,1,4,122,122)
w(392,4,4,123,123)
w(325,1,4,124,124)
w(124,2,4,125,125)
w(138,2,4,126,126)
w(990,3,4,127,127)
w(620,1,4,128,128)
w(703,4,4,129,129)
w(942,1,4,130,130)
w(365,3,4,131,131)
w(615,2,4,132,132)
w(486,4,4,133,133)
w(432,3,4,134,134)
w(51,1,4,135,135)
r(711,4,4,136,136)
w(568,2,4,137,137)
w(880,4,4,138,138)
w(25,7,4,139,139)
w(367,3,4,140,140)
w(901,2,4,141,141)
w(830,2,4,142,142)
r(292,4,4,143,143)
w(67,3,4,144,144)
w(331,4,4,145,145)
w(840,3,4,146,146)
w(11,2,4,147,147)
w(806,2,4,148,148)
w(509,3,4,149,149)
w(17,5,4,150,150)
w(175,2,4,151,151)
w(801,5,4,152,152)
w(906,4,4,153,153)
w(100,3,4,154,154)
w(75,4,4,155,155)
w(372,2,4,156,156)
w(311,3,4,157,157)
w(599,2,4,158,158)
w(873,3,4,159,159)
w(928,2,4,160,160)
w(482,5,4,161,161)
w(334,1,4,162,162)
w(793,3,4,163,163)
w(729,2,4,164,164)
w(333,1,4,165,165)
w(980,1,4,166,166)
w(302,2,4,167,167)
w(551,4,4,168,168)
w(608,1,4,169,169)
w(858,6,4,170,170)
w(606,5,4,171,171)
w(356,2,4,172,172)
w(347,4,4,173,173)
r(233,2,4,174,174)
w(510,4,4,175,175)
w(240,5,4,176,176)
w(948,3,4,177,177)
r(165,0,4,178,178)
w(640,3,4,179,179)
w(964,2,4,180,180)
w(641,3,4,181,181)
w(741,3,4,182,182)
w(83,1,4,183,183)
w(700,2,4,184,184)
r(106,4,4,185,185)
w(978,3,4,186,186)
w(817,1,4,187,187)
w(195,7,4,188,188)
w(946,3,4,189,189)
w(842,1,4,190,190)
w(93,2,4,191,191)
r(386,3,4,192,192)
w(279,2,4,193,193)
w(191,3,4,194,194)
w(378,5,4,195,195)
w(961,1,4,196,196)
w(460,4,4,197,197)
w(50,2,4,198,198)
w(11,3,4,199,199)
w(514,1,4,200,200)
w(928,3,4,201,201)
w(279,3,4,202,202)
w(244,2,4,203,203)
w(823,1,4,204,204)
w(157,3,4,205,205)
w(983,4,4,206,206)
w(440,2,4,207,207)
w(940,6,4,208,208)
w(225,4,4,209,209)
w(607,2,4,210,210)
w(143,4,4,211,211)
w(33,3,4,212,212)
w(450,4,4,213,213)
w(99,2,4,214,214)
w(205,2,4,215,215)
w(17,6,4,216,216)
w(66,4,4,217,217)
w(437,5,4,218,218)
w(18,5,4,219,219)
w(22,3,4,220,220)
w(535,2,4,221,221)
w(544,1,4,222,222)
w(459,3,4,223,223)
w(390,3,4,224,224)
r(41,3,4,225,225)
w(507,2,4,226,226)
w(532,4,4,227,227)
w(478,1,4,228,228)
w(657,1,4,229,229)
w(836,3,4,230,230)
w(224,4,4,231,231)
w(721,4,4,232,232)
w(440,3,4,233,233)
w(60,1,4,234,234)
w(249,2,4,235,235)
w(52,4,4,236,236)
w(951,5,4,237,237)
w(387,4,4,238,238)
r(732,1,4,239,239)
w(276,3,4,240,240)
w(976,2,4,241,241)
w(592,2,4,242,242)
w(855,4,4,243,243)
w(426,4,4,244,244)
w(297,2,4,245,245)
w(191,4,4,246,246)
w(677,1,4,247,247)
w(261,3,4,248,248)
w(560,2,4,249,249)
w(384,2,4,250,250)
w(768,1,4,251,251)
w(714,4,4,252,252)
r(90,2,4,253,253)
w(615,3,4,254,254)
w(514,2,4,255,255)
w(717,3,4,256,256)
w(974,3,4,257,257)
w(207,3,4,258,258)
w(892,1,4,259,259)
w(120,4,4,260,260)
w(603,1,4,261,261)
w(586,2,4,262,262)
w(909,4,4,263,263)
w(194,4,4,264,264)
w(222,3,4,265,265)
w(595,2,4,266,266)
w(318,4,4,267,267)
w(209,1,4,268,268)
w(540,4,4,269,269)
w(950,2,4,270,270)
w(47,3,4,271,271)
w(151,2,4,272,272)
w(519,2,4,273,273)
w(278,2,4,274,274)
w(134,3,4,275,275)
w(80,6,4,276,276)
w(358,2,4,277,277)
w(443,1,4,278,278)
w(320,4,4,279,279)
w(672,3,4,280,280)
w(281,3,4,281,281)
w(675,2,4,282,282)
w(311,4,4,283,283)
w(295,3,4,284,284)
w(929,1,4,285,285)
w(446,2,4,286,286)
w(120,5,4,287,287)
w(515,2,4,288,288)
w(483,5,4,289,289)
w(236,7,4,290,290)
w(729,3,4,291,291)
r(474,1,4,292,292)
w(534,3,4,293,293)
r(325,1,4,294,294)
w(841,2,4,295,295)
r(29,3,4,296,296)
w(243,3,4,297,297)
w(160,4,4,298,298)
w(838,3,4,299,299)
w(978,4,4,300,300)
w(169,3,4,301,301)
w(75,5,4,302,302)
w(4,1,4,303,303)
w(764,2,4,304,304)
w(125,1,4,305,305)
w(723,3,4,306,306)
w(741,4,4,307,307)
w(638,2,4,308,308)
w(979,6,4,309,309)
w(931,2,4,310,310)
w(98,3,4,311,311)
w(667,4,4,312,312)
w(750,3,4,313,313)
w(581,2,4,314,314)
w(773,2,4,315,315)
w(679,5,4,316,316)
w(847,3,4,317,317)
w(727,1,4,318,318)
w(651,1,4,319,319)
w(67,4,4,320,320)
w(602,4,4,321,321)
w(285,2,4,322,322)
w(851,2,4,323,323)
r(953,2,4,324,324)
w(461,2,4,325,325)
w(198,3,4,326,326)
w(694,9,4,327,327)
w(885,3,4,328,328)
w(941,1,4,329,329)
r(436,4,4,330,330)
w(281,4,4,331,331)
w(660,3,4,332,332)
w(365,4,4,333,333)
w(117,3,4,334,334)
w(237,3,4,335,335)
w(508,2,4,336,336)
w(556,3,4,337,337)
w(94,4,4,338,338)
w(384,3,4,339,339)
r(402,4,4,340,340)
w(504,2,4,341,341)
w(717,4,4,342,342)
w(664,1,4,343,343)
w(971,2,4,344,344)
w(219,1,4,345,345)
w(35,5,4,346,346)
w(859,3,4,347,347)
r(883,0,4,348,348)
w(115,3,4,349,349)
w(839,5,4,350,350)
w(8,1,4,351,351)
w(718,3,4,352,352)
w(906,5,4,353,353)
w(784,3,4,354,354)
w(132,2,4,355,355)
w(66,5,4,356,356)
w(120,6,4,357,357)
w(854,3,4,358,358)
w(343,4,4,359,359)
w(865,2,4,360,360)
w(285,3,4,361,361)
w(459,4,4,362,362)
w(253,1,4,363,363)
r(524,5,4,364,364)
w(178,2,4,365,365)
w(2,3,4,366,366)
w(8,2,4,367,367)
w(30,1,4,368,368)
w(663,2,4,369,369)
w(797,6,4,370,370)
w(191,5,4,371,371)
w(845,2,4,372,372)
w(464,3,4,373,373)
w(288,2,4,374,374)
w(870,3,4,375,375)
w(367,4,4,376,376)
w(974,4,4,377,377)
w(272,4,4,378,378)
w(905,2,4,379,379)
w(665,4,4,380,380)
w(579,4,4,381,381)
w(459,5,4,382,382)
w(4,2,4,383,383)
r(975,0,4,384,384)
w(262,2,4,385,385)
w(496,2,4,386,386)
w(551,5,4,387,387)
w(490,4,4,388,388)
w(627,1,4,389,389)
w(565,2,4,390,390)
w(877,1,4,391,391)
w(931,3,4,392,392)
w(134,4,4,393,393)
w(531,2,4,394,394)
r(863,0,4,395,395)
w(461,3,4,396,396)
w(897,2,4,397,397)
w(368,3,4,398,398)
w(123,1,4,399,399)
w(2,4,4,400,400)
r(529,2,4,401,401)
w(886,4,4,402,402)
w(231,2,4,403,403)
w(650,5,4,404,404)
r(777,2,4,405,405)
w(789,1,4,406,406)
w(889,1,4,407,407)
w(186,2,4,408,408)
r(927,2,4,409,409)
w(811,3,4,410,410)
w(930,4,4,411,411)
w(331,5,4,412,412)
r(739,1,4,413,413)
w(595,3,4,414,414)
r(954,0,4,415,415)
w(425,3,4,416,416)
w(704,5,4,417,417)
w(100,4,4,418,418)
w(115,4,4,419,419)
w(691,3,4,420,420)
r(473,0,4,421,421)
w(758,3,4,422,422)
w(469,3,4,423,423)
r(552,4,4,424,424)
w(985,4,4,425,425)
r(498,3,4,426,426)
r(905,2,4,427,427)
w(841,3,4,428,428)
w(692,3,4,429,429)
w(507,3,4,430,430)
w(676,2,4,431,431)
w(750,4,4,432,432)
r(159,2,4,433,433)
w(5,4,4,434,434)
r(859,3,4,435,435)
w(777,3,4,436,436)
w(521,4,4,437,437)
w(652,2,4,438,438)
w(578,3,4,439,439)
w(946,4,4,440,440)
w(846,2,4,441,441)
r(106,4,4,442,442)
w(538,2,4,443,443)
w(304,5,4,444,444)
w(598,2,4,445,445)
w(198,4,4,446,446)
w(908,2,4,447,447)
w(938,3,4,448,448)
w(76,2,4,449,449)
w(192,3,4,450,450)
r(377,1,4,451,451)
w(467,2,4,452,452)
w(107,4,4,453,453)
w(827,3,4,454,454)
w(435,5,4,455,455)
w(687,3,4,456,456)
w(441,2,4,457,457)
r(399,0,4,458,458)
w(662,4,4,459,459)
w(668,1,4,460,460)
w(941,2,4,461,461)
w(166,2,4,462,462)
w(154,7,4,463,463)
w(722,3,4,464,464)
w(122,7,4,465,465)
w(935,3,4,466,466)
w(403,3,4,467,467)
w(139,2,4,468,468)
w(663,3,4,469,469)
w(953,3,4,470,470)
w(737,2,4,471,471)
w(865,3,4,472,472)
w(543,2,4,473,473)
w(462,4,4,474,474)
w(470,2,4,475,475)
w(251,4,4,476,476)
r(249,2,4,477,477)
w(709,3,4,478,478)
w(833,1,4,479,479)
w(401,2,4,480,480)
w(912,2,4,481,481)
w(46,4,4,482,482)
w(338,4,4,483,483)
w(863,1,4,484,484)
w(375,6,4,485,485)
w(778,3,4,486,486)
w(763,6,4,487,487)
w(687,4,4,488,488)
w(523,6,4,489,489)
w(538,3,4,490,490)
w(724,3,4,491,491)
w(447,2,4,492,492)
w(641,4,4,493,493)
w(789,2,4,494,494)
w(917,3,4,495,495)
w(424,4,4,496,496)
w(525,2,4,497,497)
w(578,4,4,498,498)
w(852,2,4,499,499)
w(284,3,5,0,0)
w(281,5,5,1,1)
w(994,1,5,2,2)
w(162,5,5,3,3)
r(724,3,5,4,4)
w(298,5,5,5,5)
w(506,4,5,6,6)
r(129,1,5,7,7)
w(221,3,5,8,8)
w(618,3,5,9,9)
w(516,3,5,10,10)
r(483,5,5,11,11)
w(48,2,5,12,12)
w(800,4,5,13,13)
w(441,3,5,14,14)
w(693,5,5,15,15)
w(332,4,5,16,16)
w(5,5,5,17,17)
w(633,4,5,18,18)
w(402,5,5,19,19)
w(702,2,5,20,20)
w(981,5,5,21,21)
w(796,2,5,22,22)
w(908,3,5,23,23)
w(134,5,5,24,24)
w(538,4,5,25,25)
w(875,1,5,26,26)
w(23,1,5,27,27)
w(529,3,5,28,28)
w(234,3,5,29,29)
w(574,5,5,30,30)
w(897,3,5,31,31)
w(190,3,5,32,32)
r(919,3,5,33,33)
w(970,6,5,34,34)
w(154,8,5,35,35)
w(362,2,5,36,36)
w(211,2,5,37,37)
w(396,3,5,38,38)
w(506,5,5,39,39)
w(678,3,5,40,40)
w(596,4,5,41,41)
w(315,3,5,42,42)
w(983,5,5,43,43)
w(687,5,5,44,44)
w(688,2,5,45,45)
w(842,2,5,46,46)
w(46,5,5,47,47)
w(668,2,5,48,48)
w(505,3,5,49,49)
w(659,4,5,50,50)
w(235,4,5,51,51)
w(289,4,5,52,52)
w(266,4,5,53,53)
w(825,3,5,54,54)
w(44,2,5,55,55)
w(297,3,5,56,56)
w(204,3,5,57,57)
w(708,2,5,58,58)
r(395,3,5,59,59)
w(320,5,5,60,60)
w(162,6,5,61,61)
w(829,2,5,62,62)
w(37,1,5,63,63)
w(485,2,5,64,64)
w(281,6,5,65,65)
w(687,6,5,66,66)
w(432,4,5,67,67)
w(451,3,5,68,68)
w(471,5,5,69,69)
w(551,6,5,70,70)
w(528,2,5,71,71)
w(284,4,5,72,72)
w(963,4,5,73,73)
w(342,1,5,74,74)
w(346,4,5,75,75)
w(405,7,5,76,76)
w(537,4,5,77,77)
w(425,4,5,78,78)
w(58,3,5,79,79)
w(201,1,5,80,80)
w(46,6,5,81,81)
w(337,2,5,82,82)
w(354,4,5,83,83)
w(198,5,5,84,84)
w(415,5,5,85,85)
w(695,2,5,86,86)
w(518,2,5,87,87)
w(860,4,5,88,88)
w(35,6,5,89,89)
w(569,5,5,90,90)
r(937,2,5,91,91)
w(253,2,5,92,92)
w(764,3,5,93,93)
r(429,3,5,94,94)
r(446,2,5,95,95)
w(560,3,5,96,96)
w(830,3,5,97,97)
w(347,5,5,98,98)
r(350,3,5,99,99)
w(631,2,5,100,100)
w(540,5,5,101,101)
w(955,5,5,102,102)
w(413,4,5,103,103)
w(233,3,5,104,104)
w(497,3,5,105,105)
w(977,4,5,106,106)
w(807,4,5,107,107)
w(291,2,5,108,108)
w(767,4,5,109,109)
w(242,2,5,110,110)
w(655,3,5,111,111)
w(887,6,5,112,112)
w(661,4,5,113,113)
w(830,4,5,114,114)
w(298,6,5,115,115)
w(590,2,5,116,116)
r(624,2,5,117,117)
w(480,4,5,118,118)
w(268,5,5,119,119)
r(694,9,5,120,120)
w(195,8,5,121,121)
r(135,3,5,122,122)
w(786,1,5,123,123)
w(685,3,5,124,124)
w(558,3,5,125,125)
w(613,4,5,126,126)
w(663,4,5,127,127)
w(38,4,5,128,128)
w(912,3,5,129,129)
w(887,7,5,130,130)
w(146,1,5,131,131)
w(452,1,5,132,132)
w(623,2,5,133,133)
w(936,1,5,134,134)
w(660,4,5,135,135)
r(56,3,5,136,136)
w(333,2,5,137,137)
w(665,5,5,138,138)
w(634,3,5,139,139)
w(305,2,5,140,140)
w(765,3,5,141,141)
w(158,2,5,142,142)
w(471,6,5,143,143)
w(779,2,5,144,144)
w(182,2,5,145,145)
w(876,3,5,146,146)
w(365,5,5,147,147)
w(603,2,5,148,148)
r(578,4,5,149,149)
r(492,2,5,150,150)
w(882,3,5,151,151)
w(244,3,5,152,152)
w(691,4,5,153,153)
r(895,3,5,154,154)
w(956,3,5,155,155)
w(155,1,5,156,156)
w(739,2,5,157,157)
r(722,3,5,158,158)
w(563,3,5,159,159)
w(993,2,5,160,160)
w(300,2,5,161,161)
w(213,3,5,162,162)
w(593,2,5,163,163)
w(365,6,5,164,164)
w(672,4,5,165,165)
w(833,2,5,166,166)
w(34,6,5,167,167)
w(275,2,5,168,168)
w(856,3,5,169,169)
r(452,1,5,170,170)
w(455,3,5,171,171)
w(828,7,5,172,172)
w(698,2,5,173,173)
w(57,3,5,174,174)
w(550,1,5,175,175)
w(910,4,5,176,176)
w(601,2,5,177,177)
w(325,2,5,178,178)
w(386,4,5,179,179)
w(894,4,5,180,180)
w(549,2,5,181,181)
w(621,2,5,182,182)
w(967,6,5,183,183)
w(339,2,5,184,184)
w(981,6,5,185,185)
w(709,4,5,186,186)
r(838,3,5,187,187)
w(166,3,5,188,188)
w(969,2,5,189,189)
w(854,4,5,190,190)
w(855,5,5,191,191)
w(664,2,5,192,192)
w(634,4,5,193,193)
w(341,3,5,194,194)
w(129,2,5,195,195)
w(598,3,5,196,196)
w(550,2,5,197,197)
w(637,1,5,198,198)
w(174,2,5,199,199)
w(955,6,5,200,200)
w(728,3,5,201,201)
w(520,2,5,202,202)
w(847,4,5,203,203)
w(983,6,5,204,204)
w(809,3,5,205,205)
w(754,3,5,206,206)
w(806,3,5,207,207)
w(96,1,5,208,208)
r(746,1,5,209,209)
r(396,3,5,210,210)
w(626,2,5,211,211)
w(852,3,5,212,212)
w(347,6,5,213,213)
r(782,0,5,214,214)
w(300,3,5,215,215)
w(126,2,5,216,216)
w(771,3,5,217,217)
r(725,3,5,218,218)
r(877,1,5,219,219)
w(641,5,5,220,220)
r(503,3,5,221,221)
r(844,1,5,222,222)
w(672,5,5,223,223)
w(481,5,5,224,224)
w(631,3,5,225,225)
w(420,2,5,226,226)
w(102,2,5,227,227)
r(961,1,5,228,228)
w(390,4,5,229,229)
w(309,1,5,230,230)
w(533,4,5,231,231)
w(645,2,5,232,232)
w(492,3,5,233,233)
w(21,4,5,234,234)
r(500,0,5,235,235)
w(589,3,5,236,236)
w(60,2,5,237,237)
w(939,1,5,238,238)
w(938,4,5,239,239)
w(635,3,5,240,240)
w(51,2,5,241,241)
w(539,5,5,242,242)
w(705,3,5,243,243)
w(80,7,5,244,244)
w(171,2,5,245,245)
r(929,1,5,246,246)
w(510,5,5,247,247)
w(939,2,5,248,248)
w(699,1,5,249,249)
w(692,4,5,250,250)
w(714,5,5,251,251)
w(614,3,5,252,252)
r(996,0,5,253,253)
w(61,2,5,254,254)
w(479,3,5,255,255)
w(596,5,5,256,256)
w(540,6,5,257,257)
w(844,2,5,258,258)
w(75,6,5,259,259)
w(290,4,5,260,260)
w(66,6,5,261,261)
w(237,4,5,262,262)
w(393,2,5,263,263)
w(325,3,5,264,264)
w(714,6,5,265,265)
r(613,4,5,266,266)
w(455,4,5,267,267)
r(381,3,5,268,268)
w(673,3,5,269,269)
w(513,2,5,270,270)
w(90,3,5,271,271)
w(394,2,5,272,272)
w(971,3,5,273,273)
w(992,3,5,274,274)
r(728,3,5,275,275)
w(114,3,5,276,276)
r(632,2,5,277,277)
w(52,5,5,278,278)
w(783,1,5,279,279)
w(707,3,5,280,280)
w(110,2,5,281,281)
w(189,3,5,282,282)
w(251,5,5,283,283)
w(520,3,5,284,284)
w(373,5,5,285,285)
w(634,5,5,286,286)
r(165,0,5,287,287)
r(220,0,5,288,288)
w(47,4,5,289,289)
w(864,3,5,290,290)
w(380,3,5,291,291)
r(169,3,5,292,292)
w(897,4,5,293,293)
w(778,4,5,294,294)
w(655,4,5,295,295)
w(762,2,5,296,296)
w(13,1,5,297,297)
r(308,2,5,298,298)
w(831,3,5,299,299)
w(301,2,5,300,300)
w(85,1,5,301,301)
w(907,3,5,302,302)
w(760,1,5,303,303)
w(431,3,5,304,304)
w(446,3,5,305,305)
w(379,6,5,306,306)
w(935,4,5,307,307)
w(559,2,5,308,308)
w(188,3,5,309,309)
w(29,4,5,310,310)
w(241,2,5,311,311)
w(154,9,5,312,312)
w(4,3,5,313,313)
w(659,5,5,314,314)
w(396,4,5,315,315)
w(364,4,5,316,316)
w(268,6,5,317,317)
w(46,7,5,318,318)
r(357,2,5,319,319)
w(16,4,5,320,320)
w(694,10,5,321,321)
w(365,7,5,322,322)
r(521,4,5,323,323)
w(365,8,5,324,324)
w(585,3,5,325,325)
w(953,4,5,326,326)
w(763,7,5,327,327)
w(182,3,5,328,328)
w(582,2,5,329,329)
w(53,3,5,330,330)
w(903,3,5,331,331)
w(437,6,5,332,332)
r(733,2,5,333,333)
w(337,3,5,334,334)
w(329,2,5,335,335)
w(227,3,5,336,336)
w(17,7,5,337,337)
w(237,5,5,338,338)
r(914,1,5,339,339)
w(914,2,5,340,340)
w(803,2,5,341,341)
w(363,2,5,342,342)
w(592,3,5,343,343)
w(260,3,5,344,344)
w(79,3,5,345,345)
w(457,2,5,346,346)
w(193,2,5,347,347)
w(299,3,5,348,348)
w(257,6,5,349,349)
r(502,0,5,350,350)
r(628,5,5,351,351)
r(688,2,5,352,352)
w(93,3,5,353,353)
w(495,4,5,354,354)
w(943,5,5,355,355)
w(775,2,5,356,356)
w(180,1,5,357,357)
w(895,4,5,358,358)
w(604,4,5,359,359)
w(20,3,5,360,360)
w(241,3,5,361,361)
w(943,6,5,362,362)
w(394,3,5,363,363)
w(435,6,5,364,364)
r(178,2,5,365,365)
w(459,6,5,366,366)
w(282,1,5,367,367)
w(894,5,5,368,368)
w(212,2,5,369,369)
w(394,4,5,370,370)
w(846,3,5,371,371)
w(865,4,5,372,372)
w(231,3,5,373,373)
w(578,5,5,374,374)
w(57,4,5,375,375)
w(163,2,5,376,376)
w(659,6,5,377,377)
w(519,3,5,378,378)
w(782,1,5,379,379)
w(131,2,5,380,380)
w(3,3,5,381,381)
w(418,4,5,382,382)
w(61,3,5,383,383)
w(602,5,5,384,384)
w(89,1,5,385,385)
w(762,3,5,386,386)
w(567,2,5,387,387)
r(791,0,5,388,388)
w(118,2,5,389,389)
w(793,4,5,390,390)
w(175,3,5,391,391)
w(687,7,5,392,392)
r(444,2,5,393,393)
w(60,3,5,394,394)
w(130,5,5,395,395)
r(706,4,5,396,396)
w(827,4,5,397,397)
w(578,6,5,398,398)
w(340,3,5,399,399)
w(698,3,5,400,400)
w(377,2,5,401,401)
w(341,4,5,402,402)
w(640,4,5,403,403)
w(792,4,5,404,404)
w(895,5,5,405,405)
w(550,3,5,406,406)
w(413,5,5,407,407)
w(545,2,5,408,408)
w(966,4,5,409,409)
w(754,4,5,410,410)
w(742,2,5,411,411)
w(676,3,5,412,412)
w(671,2,5,413,413)
w(943,7,5,414,414)
w(240,6,5,415,415)
w(415,6,5,416,416)
w(768,2,5,417,417)
w(687,8,5,418,418)
w(862,6,5,419,419)
w(384,4,5,420,420)
w(788,2,5,421,421)
w(101,4,5,422,422)
w(324,4,5,423,423)
w(43,2,5,424,424)
r(232,3,5,425,425)
w(449,1,5,426,426)
w(32,2,5,427,427)
w(532,5,5,428,428)
w(928,4,5,429,429)
w(873,4,5,430,430)
w(24,4,5,431,431)
w(854,5,5,432,432)
w(380,4,5,433,433)
w(376,2,5,434,434)
r(542,1,5,435,435)
w(817,2,5,436,436)
w(534,4,5,437,437)
w(466,4,5,438,438)
w(426,5,5,439,439)
w(104,5,5,440,440)
w(858,7,5,441,441)
r(12,3,5,442,442)
w(67,5,5,443,443)
w(699,2,5,444,444)
w(855,6,5,445,445)
w(980,2,5,446,446)
w(170,1,5,447,447)
w(937,3,5,448,448)
w(909,5,5,449,449)
w(907,4,5,450,450)
w(306,1,5,451,451)
w(30,2,5,452,452)
w(383,1,5,453,453)
w(239,4,5,454,454)
r(441,3,5,455,455)
w(234,4,5,456,456)
w(848,3,5,457,457)
r(827,4,5,458,458)
w(184,3,5,459,459)
r(202,3,5,460,460)
w(956,4,5,461,461)
w(829,3,5,462,462)
w(84,5,5,463,463)
r(335,3,5,464,464)
w(428,4,5,465,465)
w(936,2,5,466,466)
w(327,3,5,467,467)
w(190,4,5,468,468)
w(416,2,5,469,469)
w(948,4,5,470,470)
w(337,4,5,471,471)
w(138,3,5,472,472)
w(147,2,5,473,473)
w(593,3,5,474,474)
w(4,4,5,475,475)
w(314,1,5,476,476)
w(157,4,5,477,477)
w(947,2,5,478,478)
w(863,2,5,479,479)
r(396,4,5,480,480)
r(136,2,5,481,481)
r(489,1,5,482,482)
w(274,1,5,483,483)
w(516,4,5,484,484)
w(10,4,5,485,485)
w(96,2,5,486,486)
w(509,4,5,487,487)
w(596,6,5,488,488)
w(457,3,5,489,489)
w(294,5,5,490,490)
w(291,3,5,491,491)
r(675,2,5,492,492)
w(920,3,5,493,493)
w(220,1,5,494,494)
w(8,3,5,495,495)
w(150,3,5,496,496)
w(808,3,5,497,497)
r(587,2,5,498,498)
w(439,2,5,499,499)
w(330,4,6,0,0)
w(882,4,6,1,1)
w(770,2,6,2,2)
w(725,4,6,3,3)
w(432,5,6,4,4)
w(567,3,6,5,5)
w(731,2,6,6,6)
w(823,2,6,7,7)
r(518,2,6,8,8)
w(745,3,6,9,9)
w(392,5,6,10,10)
w(481,6,6,11,11)
w(261,4,6,12,12)
w(11,4,6,13,13)
w(853,4,6,14,14)
w(13,2,6,15,15)
w(260,4,6,16,16)
w(722,4,6,17,17)
w(297,4,6,18,18)
w(629,1,6,19,19)
w(690,3,6,20,20)
r(135,3,6,21,21)
w(487,4,6,22,22)
w(635,4,6,23,23)
r(306,1,6,24,24)
w(295,4,6,25,25)
w(502,1,6,26,26)
w(819,2,6,27,27)
w(876,4,6,28,28)
w(182,4,6,29,29)
w(139,3,6,30,30)
w(264,2,6,31,31)
w(748,2,6,32,32)
w(493,2,6,33,33)
w(924,4,6,34,34)
r(462,4,6,35,35)
w(518,3,6,36,36)
w(861,2,6,37,37)
w(71,2,6,38,38)
w(531,3,6,39,39)
w(786,2,6,40,40)
w(255,3,6,41,41)
w(44,3,6,42,42)
w(423,2,6,43,43)
w(159,3,6,44,44)
w(125,2,6,45,45)
w(528,3,6,46,46)
w(879,2,6,47,47)
w(858,8,6,48,48)
w(776,3,6,49,49)
w(955,7,6,50,50)
w(558,4,6,51,51)
w(184,4,6,52,52)
w(980,3,6,53,53)
w(406,1,6,54,54)
w(482,6,6,55,55)
w(105,1,6,56,56)
w(12,4,6,57,57)
w(549,3,6,58,58)
r(537,4,6,59,59)
w(954,1,6,60,60)
w(916,2,6,61,61)
w(952,2,6,62,62)
r(454,3,6,63,63)
w(609,4,6,64,64)
r(736,0,6,65,65)
w(294,6,6,66,66)
w(804,1,6,67,67)
w(365,9,6,68,68)
w(851,3,6,69,69)
w(904,3,6,70,70)
w(845,3,6,71,71)
w(792,5,6,72,72)
w(501,4,6,73,73)
w(140,1,6,74,74)
w(134,6,6,75,75)
w(183,5,6,76,76)
w(884,2,6,77,77)
w(651,2,6,78,78)
w(123,2,6,79,79)
r(742,2,6,80,80)
w(981,7,6,81,81)
w(313,2,6,82,82)
w(171,3,6,83,83)
w(243,4,6,84,84)
w(176,3,6,85,85)
w(916,3,6,86,86)
r(947,2,6,87,87)
w(879,3,6,88,88)
w(252,2,6,89,89)
r(243,4,6,90,90)
w(235,5,6,91,91)
w(903,4,6,92,92)
w(324,5,6,93,93)
w(726,3,6,94,94)
w(459,7,6,95,95)
w(369,6,6,96,96)
w(316,2,6,97,97)
w(268,7,6,98,98)
w(752,2,6,99,99)
w(866,5,6,100,100)
w(515,3,6,101,101)
w(944,2,6,102,102)
w(771,4,6,103,103)
w(205,3,6,104,104)
w(260,5,6,105,105)
w(537,5,6,106,106)
w(281,7,6,107,107)
r(631,3,6,108,108)
w(420,3,6,109,109)
w(589,4,6,110,110)
w(566,6,6,111,111)
w(340,4,6,112,112)
r(519,3,6,113,113)
w(413,6,6,114,114)
w(13,3,6,115,115)
r(808,3,6,116,116)
w(502,2,6,117,117)
w(656,4,6,118,118)
w(623,3,6,119,119)
w(347,7,6,120,120)
w(486,5,6,121,121)
w(976,3,6,122,122)
w(387,5,6,123,123)
w(525,3,6,124,124)
w(365,10,6,125,125)
w(93,4,6,126,126)
w(110,3,6,127,127)
w(819,3,6,128,128)
w(434,5,6,129,129)
w(413,7,6,130,130)
w(654,2,6,131,131)
w(988,9,6,132,132)
w(913,5,6,133,133)
w(136,3,6,134,134)
r(934,1,6,135,135)
w(990,4,6,136,136)
w(670,5,6,137,137)
w(548,3,6,138,138)
w(683,2,6,139,139)
w(826,2,6,140,140)
w(405,8,6,141,141)
w(381,4,6,142,142)
w(939,3,6,143,143)
w(432,6,6,144,144)
w(797,7,6,145,145)
w(447,3,6,146,146)
r(251,5,6,147,147)
w(292,5,6,148,148)
r(475,2,6,149,149)
w(907,5,6,150,150)
w(164,3,6,151,151)
w(531,4,6,152,152)
r(86,1,6,153,153)
r(588,2,6,154,154)
r(819,3,6,155,155)
w(176,4,6,156,156)
w(171,4,6,157,157)
w(818,4,6,158,158)
w(283,1,6,159,159)
w(419,3,6,160,160)
w(373,6,6,161,161)
w(854,6,6,162,162)
w(130,6,6,163,163)
w(878,7,6,164,164)
w(412,5,6,165,165)
w(449,2,6,166,166)
w(898,4,6,167,167)
w(130,7,6,168,168)
w(470,3,6,169,169)
w(184,5,6,170,170)
w(380,5,6,171,171)
w(13,4,6,172,172)
w(11,5,6,173,173)
w(153,5,6,174,174)
w(195,9,6,175,175)
w(930,5,6,176,176)
r(6,3,6,177,177)
w(436,5,6,178,178)
w(334,2,6,179,179)
w(193,3,6,180,180)
w(373,7,6,181,181)
w(657,2,6,182,182)
r(670,5,6,183,183)
w(204,4,6,184,184)
w(209,2,6,185,185)
w(633,5,6,186,186)
w(201,2,6,187,187)
w(704,6,6,188,188)
w(735,2,6,189,189)
w(903,5,6,190,190)
w(414,3,6,191,191)
w(330,5,6,192,192)
w(680,3,6,193,193)
w(361,2,6,194,194)
w(285,4,6,195,195)
w(24,5,6,196,196)
r(935,4,6,197,197)
w(302,3,6,198,198)
w(721,5,6,199,199)
r(181,0,6,200,200)
w(265,5,6,201,201)
w(382,4,6,202,202)
w(953,5,6,203,203)
w(215,4,6,204,204)
w(424,5,6,205,205)
w(809,4,6,206,206)
w(270,2,6,207,207)
w(764,4,6,208,208)
w(915,3,6,209,209)
w(720,5,6,210,210)
w(960,2,6,211,211)
w(598,4,6,212,212)
w(712,4,6,213,213)
w(833,3,6,214,214)
w(154,10,6,215,215)
w(874,3,6,216,216)
w(400,3,6,217,217)
w(791,1,6,218,218)
w(349,5,6,219,219)
w(540,7,6,220,220)
w(684,5,6,221,221)
w(951,6,6,222,222)
w(442,1,6,223,223)
w(849,3,6,224,224)
w(55,3,6,225,225)
w(212,3,6,226,226)
w(255,4,6,227,227)
w(707,4,6,228,228)
r(206,3,6,229,229)
w(324,6,6,230,230)
w(411,4,6,231,231)
w(147,3,6,232,232)
w(751,1,6,233,233)
w(100,5,6,234,234)
r(391,1,6,235,235)
w(331,6,6,236,236)
w(604,5,6,237,237)
w(700,3,6,238,238)
w(737,3,6,239,239)
w(759,3,6,240,240)
w(54,1,6,241,241)
w(80,8,6,242,242)
w(813,3,6,243,243)
w(750,5,6,244,244)
w(80,9,6,245,245)
w(812,2,6,246,246)
w(827,5,6,247,247)
w(468,3,6,248,248)
w(852,4,6,249,249)
w(798,2,6,250,250)
w(206,4,6,251,251)
w(896,2,6,252,252)
w(68,1,6,253,253)
w(573,2,6,254,254)
w(647,2,6,255,255)
w(556,4,6,256,256)
w(544,2,6,257,257)
w(862,7,6,258,258)
r(490,4,6,259,259)
w(501,5,6,260,260)
w(11,6,6,261,261)
w(318,5,6,262,262)
w(840,4,6,263,263)
w(195,10,6,264,264)
w(893,2,6,265,265)
w(678,4,6,266,266)
w(982,1,6,267,267)
w(749,3,6,268,268)
w(394,5,6,269,269)
w(165,1,6,270,270)
w(485,3,6,271,271)
w(46,8,6,272,272)
w(513,3,6,273,273)
w(129,3,6,274,274)
w(342,2,6,275,275)
w(419,4,6,276,276)
w(158,3,6,277,277)
w(500,1,6,278,278)
w(827,6,6,279,279)
w(741,5,6,280,280)
w(892,2,6,281,281)
r(987,1,6,282,282)
w(843,3,6,283,283)
w(514,3,6,284,284)
w(397,3,6,285,285)
w(848,4,6,286,286)
w(382,5,6,287,287)
w(543,3,6,288,288)
w(788,3,6,289,289)
w(150,4,6,290,290)
w(448,2,6,291,291)
w(396,5,6,292,292)
w(424,6,6,293,293)
r(565,2,6,294,294)
r(291,3,6,295,295)
w(461,4,6,296,296)
w(109,2,6,297,297)
r(186,2,6,298,298)
w(400,4,6,299,299)
r(858,8,6,300,300)
w(161,2,6,301,301)
w(457,4,6,302,302)
w(719,2,6,303,303)
w(176,5,6,304,304)
r(50,2,6,305,305)
w(507,4,6,306,306)
w(509,5,6,307,307)
w(918,3,6,308,308)
w(688,3,6,309,309)
w(658,4,6,310,310)
w(334,3,6,311,311)
w(82,3,6,312,312)
w(394,6,6,313,313)
w(912,4,6,314,314)
w(672,6,6,315,315)
w(343,5,6,316,316)
w(501,6,6,317,317)
w(233,4,6,318,318)
r(553,0,6,319,319)
w(26,2,6,320,320)
w(987,2,6,321,321)
w(658,5,6,322,322)
w(446,4,6,323,323)
w(515,4,6,324,324)
r(358,2,6,325,325)
r(196,4,6,326,326)
w(459,8,6,327,327)
r(741,5,6,328,328)
w(3,4,6,329,329)
w(956,5,6,330,330)
r(753,1,6,331,331)
w(229,3,6,332,332)
w(255,5,6,333,333)
w(913,6,6,334,334)
w(872,3,6,335,335)
w(87,2,6,336,336)
w(409,2,6,337,337)
w(323,2,6,338,338)
w(126,3,6,339,339)
w(83,2,6,340,340)
w(798,3,6,341,341)
w(363,3,6,342,342)
w(483,6,6,343,343)
r(890,1,6,344,344)
w(486,6,6,345,345)
w(999,3,6,346,346)
w(914,3,6,347,347)
w(419,5,6,348,348)
w(550,4,6,349,349)
w(338,5,6,350,350)
w(644,5,6,351,351)
w(998,7,6,352,352)
w(287,2,6,353,353)
w(156,5,6,354,354)
r(535,2,6,355,355)
w(946,5,6,356,356)
w(117,4,6,357,357)
w(546,4,6,358,358)
w(844,3,6,359,359)
r(593,3,6,360,360)
w(13,5,6,361,361)
w(863,3,6,362,362)
w(362,3,6,363,363)
w(816,2,6,364,364)
w(548,4,6,365,365)
w(336,2,6,366,366)
r(339,2,6,367,367)
r(796,2,6,368,368)
w(330,6,6,369,369)
w(337,5,6,370,370)
w(668,3,6,371,371)
w(845,4,6,372,372)
w(460,5,6,373,373)
w(827,7,6,374,374)
w(690,4,6,375,375)
w(896,3,6,376,376)
w(132,3,6,377,377)
r(465,0,6,378,378)
w(545,3,6,379,379)
w(655,5,6,380,380)
w(133,2,6,381,381)
r(158,3,6,382,382)
r(550,4,6,383,383)
w(713,4,6,384,384)
w(742,3,6,385,385)
w(106,5,6,386,386)
w(502,3,6,387,387)
w(412,6,6,388,388)
w(120,7,6,389,389)
r(566,6,6,390,390)
w(700,4,6,391,391)
w(963,5,6,392,392)
w(355,4,6,393,393)
w(740,3,6,394,394)
r(121,2,6,395,395)
w(249,3,6,396,396)
w(276,4,6,397,397)
w(768,3,6,398,398)
w(469,4,6,399,399)
w(777,4,6,400,400)
w(77,3,6,401,401)
w(412,7,6,402,402)
r(260,5,6,403,403)
w(473,1,6,404,404)
r(752,2,6,405,405)
w(443,2,6,406,406)
w(495,5,6,407,407)
w(264,3,6,408,408)
w(756,4,6,409,409)
w(847,5,6,410,410)
w(108,7,6,411,411)
w(257,7,6,412,412)
w(489,2,6,413,413)
w(612,4,6,414,414)
w(749,4,6,415,415)
w(765,4,6,416,416)
w(180,2,6,417,417)
w(971,4,6,418,418)
w(798,4,6,419,419)
r(601,2,6,420,420)
w(884,3,6,421,421)
w(627,2,6,422,422)
r(614,3,6,423,423)
w(796,3,6,424,424)
r(533,4,6,425,425)
w(370,2,6,426,426)
w(948,5,6,427,427)
w(418,5,6,428,428)
w(678,5,6,429,429)
w(542,2,6,430,430)
w(137,1,6,431,431)
w(921,2,6,432,432)
w(917,4,6,433,433)
w(641,6,6,434,434)
w(972,2,6,435,435)
w(557,4,6,436,436)
w(616,5,6,437,437)
w(394,7,6,438,438)
w(957,2,6,439,439)
w(897,5,6,440,440)
w(982,2,6,441,441)
w(123,3,6,442,442)
w(397,4,6,443,443)
w(456,3,6,444,444)
w(370,3,6,445,445)
w(410,1,6,446,446)
w(640,5,6,447,447)
w(623,4,6,448,448)
w(682,1,6,449,449)
w(726,4,6,450,450)
w(457,5,6,451,451)
w(540,8,6,452,452)
w(263,4,6,453,453)
w(522,3,6,454,454)
w(841,4,6,455,455)
r(812,2,6,456,456)
w(120,8,6,457,457)
w(742,4,6,458,458)
w(549,4,6,459,459)
w(484,1,6,460,460)
w(653,3,6,461,461)
w(322,3,6,462,462)
w(296,4,6,463,463)
w(255,6,6,464,464)
r(808,3,6,465,465)
w(378,6,6,466,466)
w(267,2,6,467,467)
w(913,7,6,468,468)
w(590,3,6,469,469)
w(695,3,6,470,470)
w(664,3,6,471,471)
w(869,3,6,472,472)
w(412,8,6,473,473)
w(274,2,6,474,474)
w(285,5,6,475,475)
w(335,4,6,476,476)
w(457,6,6,477,477)
r(344,3,6,478,478)
w(166,4,6,479,479)
w(162,7,6,480,480)
w(977,5,6,481,481)
w(565,3,6,482,482)
w(496,3,6,483,483)
r(768,3,6,484,484)
w(833,4,6,485,485)
w(149,2,6,486,486)
w(8,4,6,487,487)
w(486,7,6,488,488)
r(713,4,6,489,489)
w(866,6,6,490,490)
w(124,3,6,491,491)
w(663,5,6,492,492)
r(323,2,6,493,493)
w(317,1,6,494,494)
r(170,1,6,495,495)
w(523,7,6,496,496)
w(756,5,6,497,497)
r(699,2,6,498,498)
w(352,5,6,499,499)
w(965,3,7,0,0)
w(620,2,7,1,1)
w(119,3,7,2,2)
w(199,3,7,3,3)
w(28,4,7,4,4)
w(787,5,7,5,5)
w(674,3,7,6,6)
w(584,2,7,7,7)
r(897,5,7,8,8)
w(841,5,7,9,9)
w(625,3,7,10,10)
w(800,5,7,11,11)
w(894,6,7,12,12)
w(724,4,7,13,13)
w(58,4,7,14,14)
w(135,4,7,15,15)
r(217,4,7,16,16)
w(770,3,7,17,17)
w(542,3,7,18,18)
r(859,3,7,19,19)
w(270,3,7,20,20)
r(654,2,7,21,21)
w(928,5,7,22,22)
r(166,4,7,23,23)
w(38,5,7,24,24)
w(973,3,7,25,25)
w(780,2,7,26,26)
r(572,1,7,27,27)
w(446,5,7,28,28)
w(382,6,7,29,29)
w(116,4,7,30,30)
w(955,8,7,31,31)
w(108,8,7,32,32)
r(142,2,7,33,33)
w(290,5,7,34,34)
r(162,7,7,35,35)
w(142,3,7,36,36)
r(975,0,7,37,37)
w(308,3,7,38,38)
r(689,2,7,39,39)
w(72,1,7,40,40)
r(205,3,7,41,41)
w(654,3,7,42,42)
w(347,8,7,43,43)
w(316,3,7,44,44)
w(658,6,7,45,45)
w(333,3,7,46,46)
w(406,2,7,47,47)
w(667,5,7,48,48)
w(335,5,7,49,49)
w(30,3,7,50,50)
w(697,4,7,51,51)
w(581,3,7,52,52)
w(685,4,7,53,53)
w(763,8,7,54,54)
w(171,5,7,55,55)
w(438,3,7,56,56)
w(241,4,7,57,57)
w(555,2,7,58,58)
w(163,3,7,59,59)
w(323,3,7,60,60)
w(380,6,7,61,61)
w(241,5,7,62,62)
w(845,5,7,63,63)
r(107,4,7,64,64)
w(66,7,7,65,65)
r(958,1,7,66,66)
w(632,3,7,67,67)
w(888,3,7,68,68)
r(263,4,7,69,69)
w(226,2,7,70,70)
w(106,6,7,71,71)
w(166,5,7,72,72)
w(820,1,7,73,73)
w(845,6,7,74,74)
w(971,5,7,75,75)
r(744,3,7,76,76)
r(825,3,7,77,77)
w(872,4,7,78,78)
w(354,5,7,79,79)
w(619,4,7,80,80)
w(41,4,7,81,81)
w(448,3,7,82,82)
w(611,1,7,83,83)
w(455,5,7,84,84)
r(384,4,7,85,85)
w(119,4,7,86,86)
w(544,3,7,87,87)
w(916,4,7,88,88)
w(28,5,7,89,89)
w(893,3,7,90,90)
w(56,4,7,91,91)
w(287,3,7,92,92)
w(999,4,7,93,93)
w(206,5,7,94,94)
w(30,4,7,95,95)
w(523,8,7,96,96)
w(344,4,7,97,97)
w(197,2,7,98,98)
w(406,3,7,99,99)
w(762,4,7,100,100)
w(561,5,7,101,101)
w(715,3,7,102,102)
w(118,3,7,103,103)
r(570,1,7,104,104)
w(925,4,7,105,105)
w(324,7,7,106,106)
w(105,2,7,107,107)
w(927,3,7,108,108)
w(246,4,7,109,109)
w(652,3,7,110,110)
w(706,5,7,111,111)
w(385,4,7,112,112)
w(281,8,7,113,113)
w(835,2,7,114,114)
w(802,1,7,115,115)
w(124,4,7,116,116)
w(268,8,7,117,117)
w(273,2,7,118,118)
w(189,4,7,119,119)
w(414,4,7,120,120)
w(120,9,7,121,121)
w(885,4,7,122,122)
r(745,3,7,123,123)
w(679,6,7,124,124)
w(107,5,7,125,125)
w(452,2,7,126,126)
w(371,3,7,127,127)
w(134,7,7,128,128)
w(602,6,7,129,129)
w(387,6,7,130,130)
w(511,2,7,131,131)
w(905,3,7,132,132)
w(298,7,7,133,133)
w(842,3,7,134,134)
w(524,6,7,135,135)
w(533,5,7,136,136)
w(500,2,7,137,137)
w(841,6,7,138,138)
r(636,2,7,139,139)
w(124,5,7,140,140)
w(385,5,7,141,141)
w(102,3,7,142,142)
w(454,4,7,143,143)
w(40,2,7,144,144)
r(748,2,7,145,145)
w(430,2,7,146,146)
w(630,4,7,147,147)
w(703,5,7,148,148)
w(473,2,7,149,149)
w(621,3,7,150,150)
w(791,2,7,151,151)
w(177,2,7,152,152)
w(667,6,7,153,153)
w(217,5,7,154,154)
w(172,2,7,155,155)
w(705,4,7,156,156)
w(767,5,7,157,157)
w(990,5,7,158,158)
w(100,6,7,159,159)
w(896,4,7,160,160)
w(919,4,7,161,161)
w(837,3,7,162,162)
w(317,2,7,163,163)
w(512,6,7,164,164)
r(999,4,7,165,165)
w(159,4,7,166,166)
w(76,3,7,167,167)
w(734,2,7,168,168)
w(193,4,7,169,169)
w(199,4,7,170,170)
w(79,4,7,171,171)
w(139,4,7,172,172)
w(707,5,7,173,173)
w(751,2,7,174,174)
w(204,5,7,175,175)
w(69,3,7,176,176)
r(345,0,7,177,177)
w(133,3,7,178,178)
w(853,5,7,179,179)
w(995,3,7,180,180)
w(976,4,7,181,181)
w(782,2,7,182,182)
w(382,7,7,183,183)
w(871,1,7,184,184)
w(729,4,7,185,185)
w(721,6,7,186,186)
w(70,3,7,187,187)
w(481,7,7,188,188)
w(891,1,7,189,189)
w(881,5,7,190,190)
w(100,7,7,191,191)
w(697,5,7,192,192)
w(931,4,7,193,193)
w(914,4,7,194,194)
w(87,3,7,195,195)
w(357,3,7,196,196)
w(773,3,7,197,197)
w(423,3,7,198,198)
w(506,6,7,199,199)
w(41,5,7,200,200)
w(404,5,7,201,201)
w(993,3,7,202,202)
w(97,1,7,203,203)
w(454,5,7,204,204)
w(823,3,7,205,205)
w(926,4,7,206,206)
w(457,7,7,207,207)
w(381,5,7,208,208)
w(395,4,7,209,209)
w(273,3,7,210,210)
w(940,7,7,211,211)
w(806,4,7,212,212)
w(69,4,7,213,213)
w(187,2,7,214,214)
w(324,8,7,215,215)
w(348,2,7,216,216)
w(555,3,7,217,217)
w(561,6,7,218,218)
w(131,3,7,219,219)
w(129,4,7,220,220)
w(444,3,7,221,221)
w(992,4,7,222,222)
w(807,5,7,223,223)
w(858,9,7,224,224)
w(555,4,7,225,225)
w(525,4,7,226,226)
w(951,7,7,227,227)
w(823,4,7,228,228)
w(734,3,7,229,229)
w(672,7,7,230,230)
r(385,5,7,231,231)
w(797,8,7,232,232)
w(250,5,7,233,233)
w(786,3,7,234,234)
r(531,4,7,235,235)
w(469,5,7,236,236)
w(482,7,7,237,237)
w(268,9,7,238,238)
w(501,7,7,239,239)
w(126,4,7,240,240)
r(933,3,7,241,241)
w(947,3,7,242,242)
w(27,6,7,243,243)
r(490,4,7,244,244)
w(975,1,7,245,245)
w(888,4,7,246,246)
w(474,2,7,247,247)
w(233,5,7,248,248)
w(797,9,7,249,249)
w(481,8,7,250,250)
w(330,7,7,251,251)
r(313,2,7,252,252)
w(565,4,7,253,253)
w(811,4,7,254,254)
w(512,7,7,255,255)
w(409,3,7,256,256)
w(603,3,7,257,257)
w(593,4,7,258,258)
w(89,2,7,259,259)
r(512,7,7,260,260)
w(581,4,7,261,261)
r(574,5,7,262,262)
w(205,4,7,263,263)
w(777,5,7,264,264)
w(63,3,7,265,265)
w(445,4,7,266,266)
w(67,6,7,267,267)
w(949,2,7,268,268)
w(993,4,7,269,269)
r(81,1,7,270,270)
w(313,3,7,271,271)
w(927,4,7,272,272)
w(83,3,7,273,273)
w(901,3,7,274,274)
w(508,3,7,275,275)
w(955,9,7,276,276)
w(443,3,7,277,277)
w(460,6,7,278,278)
w(426,6,7,279,279)
w(999,5,7,280,280)
w(536,3,7,281,281)
r(195,10,7,282,282)
w(674,4,7,283,283)
w(247,5,7,284,284)
r(160,4,7,285,285)
w(615,4,7,286,286)
w(691,5,7,287,287)
r(541,2,7,288,288)
r(449,2,7,289,289)
r(292,5,7,290,290)
w(105,3,7,291,291)
w(876,5,7,292,292)
r(162,7,7,293,293)
w(156,6,7,294,294)
w(662,5,7,295,295)
w(182,5,7,296,296)
w(263,5,7,297,297)
w(959,1,7,298,298)
w(501,8,7,299,299)
w(183,6,7,300,300)
r(525,4,7,301,301)
w(710,2,7,302,302)
w(970,7,7,303,303)
w(62,3,7,304,304)
w(634,6,7,305,305)
w(770,4,7,306,306)
w(145,4,7,307,307)
w(496,4,7,308,308)
r(722,4,7,309,309)
w(22,4,7,310,310)
w(863,4,7,311,311)
w(506,7,7,312,312)
w(38,6,7,313,313)
w(835,3,7,314,314)
w(180,3,7,315,315)
w(912,5,7,316,316)
w(755,3,7,317,317)
w(419,6,7,318,318)
w(169,4,7,319,319)
w(945,2,7,320,320)
w(287,4,7,321,321)
w(855,7,7,322,322)
w(555,5,7,323,323)
r(434,5,7,324,324)
w(939,4,7,325,325)
w(343,6,7,326,326)
w(552,5,7,327,327)
w(625,4,7,328,328)
w(126,5,7,329,329)
w(732,2,7,330,330)
w(689,3,7,331,331)
w(714,7,7,332,332)
r(957,2,7,333,333)
w(149,3,7,334,334)
w(985,5,7,335,335)
w(37,2,7,336,336)
r(443,3,7,337,337)
w(907,6,7,338,338)
r(402,5,7,339,339)
w(814,3,7,340,340)
w(995,4,7,341,341)
w(861,3,7,342,342)
w(63,4,7,343,343)
w(271,4,7,344,344)
w(141,1,7,345,345)
w(97,2,7,346,346)
w(623,5,7,347,347)
w(691,6,7,348,348)
w(525,5,7,349,349)
w(901,4,7,350,350)
w(776,4,7,351,351)
w(772,4,7,352,352)
w(471,7,7,353,353)
w(520,4,7,354,354)
w(320,6,7,355,355)
w(512,8,7,356,356)
w(420,4,7,357,357)
w(60,4,7,358,358)
w(959,2,7,359,359)
r(43,2,7,360,360)
r(819,3,7,361,361)
w(602,7,7,362,362)
w(398,3,7,363,363)
w(434,6,7,364,364)
w(177,3,7,365,365)
w(399,1,7,366,366)
w(298,8,7,367,367)
w(992,5,7,368,368)
r(505,3,7,369,369)
r(420,4,7,370,370)
w(68,2,7,371,371)
r(266,4,7,372,372)
r(145,4,7,373,373)
w(198,6,7,374,374)
w(18,6,7,375,375)
w(825,4,7,376,376)
w(824,5,7,377,377)
w(420,5,7,378,378)
w(912,6,7,379,379)
w(600,2,7,380,380)
r(256,0,7,381,381)
w(379,7,7,382,382)
w(241,6,7,383,383)
w(820,2,7,384,384)
r(128,2,7,385,385)
w(617,1,7,386,386)
w(314,2,7,387,387)
w(875,2,7,388,388)
w(108,9,7,389,389)
w(757,3,7,390,390)
w(86,2,7,391,391)
w(932,2,7,392,392)
r(335,5,7,393,393)
w(833,5,7,394,394)
r(778,4,7,395,395)
w(845,7,7,396,396)
w(397,5,7,397,397)
w(754,5,7,398,398)
w(715,4,7,399,399)
w(185,3,7,400,400)
w(43,3,7,401,401)
w(467,3,7,402,402)
w(869,4,7,403,403)
w(145,5,7,404,404)
w(614,4,7,405,405)
r(166,5,7,406,406)
w(329,3,7,407,407)
w(73,2,7,408,408)
w(758,4,7,409,409)
w(588,3,7,410,410)
w(646,2,7,411,411)
w(501,9,7,412,412)
w(172,3,7,413,413)
w(963,6,7,414,414)
w(826,3,7,415,415)
w(91,2,7,416,416)
w(213,4,7,417,417)
w(41,6,7,418,418)
w(889,2,7,419,419)
w(516,5,7,420,420)
w(545,4,7,421,421)
w(328,4,7,422,422)
w(784,4,7,423,423)
r(328,4,7,424,424)
w(720,6,7,425,425)
w(74,3,7,426,426)
w(967,7,7,427,427)
r(902,1,7,428,428)
w(358,3,7,429,429)
r(505,3,7,430,430)
w(628,6,7,431,431)
w(782,3,7,432,432)
w(434,7,7,433,433)
w(654,4,7,434,434)
w(485,4,7,435,435)
w(484,2,7,436,436)
w(468,4,7,437,437)
w(912,7,7,438,438)
r(912,7,7,439,439)
w(353,2,7,440,440)
w(86,3,7,441,441)
w(186,3,7,442,442)
w(75,7,7,443,443)
w(850,3,7,444,444)
w(822,2,7,445,445)
w(481,9,7,446,446)
w(510,6,7,447,447)
w(329,4,7,448,448)
w(813,4,7,449,449)
w(488,1,7,450,450)
w(764,5,7,451,451)
w(47,5,7,452,452)
w(618,4,7,453,453)
w(479,4,7,454,454)
r(318,5,7,455,455)
w(806,5,7,456,456)
w(751,3,7,457,457)
w(418,6,7,458,458)
w(746,2,7,459,459)
w(655,6,7,460,460)
w(387,7,7,461,461)
w(905,4,7,462,462)
w(446,6,7,463,463)
w(549,5,7,464,464)
w(78,1,7,465,465)
w(164,4,7,466,466)
w(40,3,7,467,467)
w(302,4,7,468,468)
w(919,5,7,469,469)
w(514,4,7,470,470)
w(559,3,7,471,471)
r(64,1,7,472,472)
w(280,3,7,473,473)
w(878,8,7,474,474)
w(400,5,7,475,475)
w(327,4,7,476,476)
w(132,4,7,477,477)
w(128,3,7,478,478)
w(468,5,7,479,479)
w(621,4,7,480,480)
w(157,5,7,481,481)
w(799,2,7,482,482)
w(770,5,7,483,483)
w(353,3,7,484,484)
w(120,10,7,485,485)
w(937,4,7,486,486)
w(460,7,7,487,487)
w(763,9,7,488,488)
w(672,8,7,489,489)
r(616,5,7,490,490)
w(239,5,7,491,491)
w(370,4,7,492,492)
w(955,10,7,493,493)
w(775,3,7,494,494)
w(804,2,7,495,495)
r(441,3,7,496,496)
w(99,3,7,497,497)
w(302,5,7,498,498)
w(276,5,7,499,499)
w(36,3,8,0,0)
w(698,4,8,1,1)
w(68,3,8,2,2)
w(63,5,8,3,3)
w(535,3,8,4,4)
w(99,4,8,5,5)
w(165,2,8,6,6)
w(65,3,8,7,7)
w(236,8,8,8,8)
w(689,4,8,9,9)
w(588,4,8,10,10)
r(873,4,8,11,11)
w(505,4,8,12,12)
w(145,6,8,13,13)
w(453,2,8,14,14)
w(238,6,8,15,15)
w(277,1,8,16,16)
w(317,3,8,17,17)
r(738,1,8,18,18)
w(443,4,8,19,19)
w(195,11,8,20,20)
w(781,4,8,21,21)
w(589,5,8,22,22)
w(301,3,8,23,23)
w(266,5,8,24,24)
w(377,3,8,25,25)
w(760,2,8,26,26)
w(347,9,8,27,27)
w(157,6,8,28,28)
w(280,4,8,29,29)
w(695,4,8,30,30)
w(426,7,8,31,31)
w(326,2,8,32,32)
w(152,1,8,33,33)
w(509,6,8,34,34)
w(93,5,8,35,35)
w(777,6,8,36,36)
w(672,9,8,37,37)
w(150,5,8,38,38)
w(998,8,8,39,39)
w(435,7,8,40,40)
w(443,5,8,41,41)
w(33,4,8,42,42)
w(563,4,8,43,43)
w(162,8,8,44,44)
w(773,4,8,45,45)
r(464,3,8,46,46)
w(426,8,8,47,47)
w(327,5,8,48,48)
w(79,5,8,49,49)
w(463,2,8,50,50)
w(361,3,8,51,51)
w(779,3,8,52,52)
w(686,2,8,53,53)
w(771,5,8,54,54)
w(870,4,8,55,55)
r(102,3,8,56,56)
r(386,4,8,57,57)
w(468,6,8,58,58)
w(973,4,8,59,59)
w(733,3,8,60,60)
w(851,4,8,61,61)
w(905,5,8,62,62)
w(512,9,8,63,63)
w(824,6,8,64,64)
w(54,2,8,65,65)
w(463,3,8,66,66)
w(29,5,8,67,67)
w(639,1,8,68,68)
w(278,3,8,69,69)
w(411,5,8,70,70)
w(547,3,8,71,71)
w(482,8,8,72,72)
w(539,6,8,73,73)
w(992,6,8,74,74)
w(786,4,8,75,75)
w(37,3,8,76,76)
r(741,5,8,77,77)
w(177,4,8,78,78)
w(940,8,8,79,79)
w(838,4,8,80,80)
w(994,2,8,81,81)
w(793,5,8,82,82)
w(237,6,8,83,83)
r(865,4,8,84,84)
w(179,2,8,85,85)
w(148,4,8,86,86)
w(451,4,8,87,87)
w(762,5,8,88,88)
w(172,4,8,89,89)
w(535,4,8,90,90)
w(249,4,8,91,91)
w(817,3,8,92,92)
w(439,3,8,93,93)
w(101,5,8,94,94)
w(760,3,8,95,95)
w(667,7,8,96,96)
w(850,4,8,97,97)
w(271,5,8,98,98)
w(405,9,8,99,99)
w(683,3,8,100,100)
w(830,5,8,101,101)
w(859,4,8,102,102)
w(50,3,8,103,103)
w(11,7,8,104,104)
w(873,5,8,105,105)
w(818,5,8,106,106)
w(379,8,8,107,107)
w(973,5,8,108,108)
w(256,1,8,109,109)
w(727,2,8,110,110)
w(306,2,8,111,111)
w(455,6,8,112,112)
w(710,3,8,113,113)
w(860,5,8,114,114)
w(715,5,8,115,115)
w(845,8,8,116,116)
w(520,5,8,117,117)
w(695,5,8,118,118)
w(966,5,8,119,119)
r(513,3,8,120,120)
w(298,9,8,121,121)
w(366,6,8,122,122)
w(880,5,8,123,123)
w(820,3,8,124,124)
w(509,7,8,125,125)
w(243,5,8,126,126)
r(515,4,8,127,127)
w(983,7,8,128,128)
w(503,4,8,129,129)
w(850,5,8,130,130)
w(885,5,8,131,131)
w(269,1,8,132,132)
w(57,5,8,133,133)
w(616,6,8,134,134)
w(680,4,8,135,135)
w(860,6,8,136,136)
w(374,3,8,137,137)
w(806,6,8,138,138)
w(42,5,8,139,139)
w(775,4,8,140,140)
w(876,6,8,141,141)
w(174,3,8,142,142)
r(655,6,8,143,143)
r(230,6,8,144,144)
w(163,4,8,145,145)
w(71,3,8,146,146)
w(240,7,8,147,147)
w(336,3,8,148,148)
w(852,5,8,149,149)
w(39,4,8,150,150)
w(684,6,8,151,151)
w(475,3,8,152,152)
w(61,4,8,153,153)
w(194,5,8,154,154)
w(31,3,8,155,155)
w(193,5,8,156,156)
w(712,5,8,157,157)
w(923,2,8,158,158)
w(872,5,8,159,159)
w(970,8,8,160,160)
w(949,3,8,161,161)
w(740,4,8,162,162)
w(965,4,8,163,163)
w(568,3,8,164,164)
w(817,4,8,165,165)
w(966,6,8,166,166)
w(813,5,8,167,167)
w(926,5,8,168,168)
r(131,3,8,169,169)
w(830,6,8,170,170)
w(485,5,8,171,171)
w(409,4,8,172,172)
w(774,2,8,173,173)
w(6,4,8,174,174)
w(765,5,8,175,175)
r(400,5,8,176,176)
w(66,8,8,177,177)
w(186,4,8,178,178)
w(836,4,8,179,179)
r(741,5,8,180,180)
w(872,6,8,181,181)
w(390,5,8,182,182)
w(955,11,8,183,183)
w(106,7,8,184,184)
w(921,3,8,185,185)
w(461,5,8,186,186)
w(630,5,8,187,187)
w(154,11,8,188,188)
w(945,3,8,189,189)
w(77,4,8,190,190)
w(100,8,8,191,191)
w(528,4,8,192,192)
w(786,5,8,193,193)
w(252,3,8,194,194)
w(322,4,8,195,195)
w(792,6,8,196,196)
w(14,3,8,197,197)
w(294,7,8,198,198)
w(413,8,8,199,199)
w(249,5,8,200,200)
w(887,8,8,201,201)
w(203,3,8,202,202)
w(354,6,8,203,203)
w(611,2,8,204,204)
w(59,5,8,205,205)
w(323,4,8,206,206)
w(333,4,8,207,207)
w(825,5,8,208,208)
w(977,6,8,209,209)
w(742,5,8,210,210)
w(145,7,8,211,211)
w(348,3,8,212,212)
w(251,6,8,213,213)
w(58,5,8,214,214)
w(21,5,8,215,215)
w(674,5,8,216,216)
w(88,1,8,217,217)
w(971,6,8,218,218)
w(405,10,8,219,219)
w(967,8,8,220,220)
w(760,4,8,221,221)
r(20,3,8,222,222)
w(97,3,8,223,223)
w(321,1,8,224,224)
r(84,5,8,225,225)
w(325,4,8,226,226)
w(280,5,8,227,227)
w(814,4,8,228,228)
w(191,6,8,229,229)
w(526,4,8,230,230)
w(705,5,8,231,231)
w(281,9,8,232,232)
w(43,4,8,233,233)
w(879,4,8,234,234)
w(594,2,8,235,235)
w(278,4,8,236,236)
w(302,6,8,237,237)
w(560,4,8,238,238)
w(372,3,8,239,239)
w(150,6,8,240,240)
w(892,3,8,241,241)
w(17,8,8,242,242)
w(244,4,8,243,243)
w(549,6,8,244,244)
w(272,5,8,245,245)
r(616,6,8,246,246)
w(359,2,8,247,247)
w(343,7,8,248,248)
w(344,5,8,249,249)
w(902,2,8,250,250)
w(374,4,8,251,251)
w(360,3,8,252,252)
w(585,4,8,253,253)
w(722,5,8,254,254)
w(180,4,8,255,255)
w(48,3,8,256,256)
w(424,7,8,257,257)
r(441,3,8,258,258)
w(747,2,8,259,259)
w(940,9,8,260,260)
w(618,5,8,261,261)
w(248,3,8,262,262)
w(864,4,8,263,263)
w(659,7,8,264,264)
w(634,7,8,265,265)
w(890,2,8,266,266)
w(145,8,8,267,267)
r(136,3,8,268,268)
w(463,4,8,269,269)
w(469,6,8,270,270)
w(6,5,8,271,271)
w(283,2,8,272,272)
r(9,1,8,273,273)
w(868,2,8,274,274)
w(383,2,8,275,275)
w(617,2,8,276,276)
w(666,2,8,277,277)
w(173,1,8,278,278)
w(578,7,8,279,279)
w(633,6,8,280,280)
w(40,4,8,281,281)
w(898,5,8,282,282)
w(416,3,8,283,283)
w(473,3,8,284,284)
r(923,2,8,285,285)
w(479,5,8,286,286)
w(78,2,8,287,287)
w(859,5,8,288,288)
w(2,5,8,289,289)
w(282,2,8,290,290)
w(963,7,8,291,291)
w(189,5,8,292,292)
w(202,4,8,293,293)
w(60,5,8,294,294)
w(980,4,8,295,295)
w(569,6,8,296,296)
r(739,2,8,297,297)
w(113,2,8,298,298)
w(387,8,8,299,299)
w(557,5,8,300,300)
w(523,9,8,301,301)
w(247,6,8,302,302)
w(388,2,8,303,303)
r(542,3,8,304,304)
w(80,10,8,305,305)
w(321,2,8,306,306)
w(248,4,8,307,307)
w(869,5,8,308,308)
r(380,6,8,309,309)
w(227,4,8,310,310)
w(854,7,8,311,311)
w(167,2,8,312,312)
w(837,4,8,313,313)
w(787,6,8,314,314)
w(105,4,8,315,315)
w(402,6,8,316,316)
w(664,4,8,317,317)
r(950,2,8,318,318)
w(308,4,8,319,319)
w(29,6,8,320,320)
w(650,6,8,321,321)
w(972,3,8,322,322)
w(407,5,8,323,323)
w(410,2,8,324,324)
w(760,5,8,325,325)
w(328,5,8,326,326)
w(2,6,8,327,327)
r(627,2,8,328,328)
w(62,4,8,329,329)
w(916,5,8,330,330)
w(173,2,8,331,331)
w(868,3,8,332,332)
w(965,5,8,333,333)
w(272,6,8,334,334)
w(653,4,8,335,335)
w(861,4,8,336,336)
r(633,6,8,337,337)
w(892,4,8,338,338)
w(326,3,8,339,339)
w(108,10,8,340,340)
w(955,12,8,341,341)
w(666,3,8,342,342)
w(567,4,8,343,343)
w(544,4,8,344,344)
w(590,4,8,345,345)
r(941,2,8,346,346)
w(326,4,8,347,347)
w(795,3,8,348,348)
r(568,3,8,349,349)
r(112,2,8,350,350)
r(558,4,8,351,351)
w(681,6,8,352,352)
w(45,4,8,353,353)
w(633,7,8,354,354)
w(592,4,8,355,355)
w(147,4,8,356,356)
w(766,2,8,357,357)
w(838,5,8,358,358)
w(525,6,8,359,359)
w(277,2,8,360,360)
w(206,6,8,361,361)
w(796,4,8,362,362)
w(671,3,8,363,363)
r(378,6,8,364,364)
w(625,5,8,365,365)
w(443,6,8,366,366)
w(930,6,8,367,367)
w(890,3,8,368,368)
r(682,1,8,369,369)
r(9,1,8,370,370)
w(411,6,8,371,371)
w(738,2,8,372,372)
r(855,7,8,373,373)
w(253,3,8,374,374)
w(319,2,8,375,375)
w(700,5,8,376,376)
w(55,4,8,377,377)
w(682,2,8,378,378)
w(824,7,8,379,379)
w(701,8,8,380,380)
w(518,4,8,381,381)
w(346,5,8,382,382)
w(433,6,8,383,383)
w(760,6,8,384,384)
w(312,2,8,385,385)
w(983,8,8,386,386)
w(947,4,8,387,387)
w(568,4,8,388,388)
w(180,5,8,389,389)
w(2,7,8,390,390)
w(895,6,8,391,391)
w(509,8,8,392,392)
w(498,4,8,393,393)
w(86,4,8,394,394)
w(191,7,8,395,395)
w(704,7,8,396,396)
w(326,5,8,397,397)
w(960,3,8,398,398)
w(901,5,8,399,399)
w(965,6,8,400,400)
w(743,1,8,401,401)
w(390,6,8,402,402)
w(633,8,8,403,403)
w(916,6,8,404,404)
w(791,3,8,405,405)
w(56,5,8,406,406)
w(652,4,8,407,407)
r(447,3,8,408,408)
w(236,9,8,409,409)
w(20,4,8,410,410)
w(643,2,8,411,411)
w(313,4,8,412,412)
w(483,7,8,413,413)
w(944,3,8,414,414)
w(581,5,8,415,415)
w(333,5,8,416,416)
w(987,3,8,417,417)
w(853,6,8,418,418)
w(476,2,8,419,419)
w(118,4,8,420,420)
r(383,2,8,421,421)
w(420,6,8,422,422)
w(636,3,8,423,423)
w(865,5,8,424,424)
w(289,5,8,425,425)
w(439,4,8,426,426)
w(714,8,8,427,427)
w(109,3,8,428,428)
w(453,3,8,429,429)
w(942,2,8,430,430)
w(942,3,8,431,431)
w(783,2,8,432,432)
w(538,5,8,433,433)
w(705,6,8,434,434)
w(18,7,8,435,435)
w(594,3,8,436,436)
w(937,5,8,437,437)
w(335,6,8,438,438)
w(589,6,8,439,439)
w(534,5,8,440,440)
w(581,6,8,441,441)
w(774,3,8,442,442)
w(44,4,8,443,443)
w(244,5,8,444,444)
w(513,4,8,445,445)
r(382,7,8,446,446)
w(985,6,8,447,447)
w(974,5,8,448,448)
r(834,2,8,449,449)
w(129,5,8,450,450)
w(598,5,8,451,451)
r(471,7,8,452,452)
w(942,4,8,453,453)
w(765,6,8,454,454)
w(200,2,8,455,455)
w(485,6,8,456,456)
w(640,6,8,457,457)
w(632,4,8,458,458)
w(709,5,8,459,459)
w(644,6,8,460,460)
w(423,4,8,461,461)
w(642,2,8,462,462)
w(190,5,8,463,463)
w(952,3,8,464,464)
w(976,5,8,465,465)
w(865,6,8,466,466)
w(899,3,8,467,467)
r(617,2,8,468,468)
w(403,4,8,469,469)
w(565,5,8,470,470)
r(638,2,8,471,471)
w(159,5,8,472,472)
w(553,1,8,473,473)
w(698,5,8,474,474)
w(592,5,8,475,475)
w(405,11,8,476,476)
w(435,8,8,477,477)
r(414,4,8,478,478)
w(871,2,8,479,479)
w(748,3,8,480,480)
w(199,5,8,481,481)
r(924,4,8,482,482)
w(812,3,8,483,483)
w(859,6,8,484,484)
w(727,3,8,485,485)
w(264,4,8,486,486)
w(743,2,8,487,487)
w(728,4,8,488,488)
r(875,2,8,489,489)
w(867,4,8,490,490)
w(792,7,8,491,491)
w(90,4,8,492,492)
w(301,4,8,493,493)
w(631,4,8,494,494)
w(12,5,8,495,495)
w(302,7,8,496,496)
w(226,3,8,497,497)
r(785,1,8,498,498)
w(763,10,8,499,499)
w(14,4,9,0,0)
r(225,4,9,1,1)
w(997,5,9,2,2)
w(273,4,9,3,3)
w(321,3,9,4,4)
w(339,3,9,5,5)
w(501,10,9,6,6)
w(267,3,9,7,7)
w(747,3,9,8,8)
w(37,4,9,9,9)
w(738,3,9,10,10)
w(5,6,9,11,11)
w(415,7,9,12,12)
w(813,6,9,13,13)
w(887,9,9,14,14)
w(466,5,9,15,15)
w(415,8,9,16,16)
w(980,5,9,17,17)
w(920,4,9,18,18)
w(655,7,9,19,19)
w(799,3,9,20,20)
w(617,3,9,21,21)
r(979,6,9,22,22)
r(219,1,9,23,23)
w(452,3,9,24,24)
w(0,4,9,25,25)
r(100,8,9,26,26)
w(214,3,9,27,27)
w(959,3,9,28,28)
w(877,2,9,29,29)
w(703,6,9,30,30)
r(820,3,9,31,31)
w(268,10,9,32,32)
w(708,3,9,33,33)
w(252,4,9,34,34)
w(184,6,9,35,35)
r(909,5,9,36,36)
r(410,2,9,37,37)
w(710,4,9,38,38)
r(327,5,9,39,39)
w(677,2,9,40,40)
r(644,6,9,41,41)
r(304,5,9,42,42)
w(858,10,9,43,43)
w(444,4,9,44,44)
w(735,3,9,45,45)
w(521,5,9,46,46)
w(285,6,9,47,47)
w(865,7,9,48,48)
w(614,5,9,49,49)
w(738,4,9,50,50)
w(483,8,9,51,51)
w(652,5,9,52,52)
r(897,5,9,53,53)
r(119,4,9,54,54)
w(428,5,9,55,55)
r(30,4,9,56,56)
w(970,9,9,57,57)
w(959,4,9,58,58)
w(797,10,9,59,59)
w(616,7,9,60,60)
w(899,4,9,61,61)
w(3,5,9,62,62)
w(107,6,9,63,63)
w(254,2,9,64,64)
w(30,5,9,65,65)
w(669,5,9,66,66)
w(867,5,9,67,67)
w(367,5,9,68,68)
r(188,3,9,69,69)
w(985,7,9,70,70)
w(397,6,9,71,71)
w(721,7,9,72,72)
w(990,6,9,73,73)
w(29,7,9,74,74)
r(387,8,9,75,75)
w(610,2,9,76,76)
w(575,4,9,77,77)
w(602,8,9,78,78)
w(462,5,9,79,79)
w(936,3,9,80,80)
w(296,5,9,81,81)
w(875,3,9,82,82)
w(140,2,9,83,83)
w(900,3,9,84,84)
w(544,5,9,85,85)
w(265,6,9,86,86)
w(399,2,9,87,87)
r(903,5,9,88,88)
w(995,5,9,89,89)
w(878,9,9,90,90)
w(731,3,9,91,91)
w(817,5,9,92,92)
w(236,10,9,93,93)
w(835,4,9,94,94)
w(852,6,9,95,95)
w(976,6,9,96,96)
w(915,4,9,97,97)
w(410,3,9,98,98)
w(954,2,9,99,99)
w(665,6,9,100,100)
w(95,5,9,101,101)
r(574,5,9,102,102)
w(200,3,9,103,103)
w(437,7,9,104,104)
r(45,4,9,105,105)
w(140,3,9,106,106)
w(445,5,9,107,107)
w(542,4,9,108,108)
w(571,4,9,109,109)
w(600,3,9,110,110)
w(382,8,9,111,111)
w(310,4,9,112,112)
w(787,7,9,113,113)
w(591,3,9,114,114)
w(829,4,9,115,115)
w(140,4,9,116,116)
w(297,5,9,117,117)
w(131,4,9,118,118)
w(681,7,9,119,119)
w(465,1,9,120,120)
w(103,3,9,121,121)
w(175,4,9,122,122)
w(933,4,9,123,123)
w(500,3,9,124,124)
w(691,7,9,125,125)
w(354,7,9,126,126)
w(280,6,9,127,127)
r(428,5,9,128,128)
w(421,2,9,129,129)
w(400,6,9,130,130)
w(908,4,9,131,131)
w(116,5,9,132,132)
w(291,4,9,133,133)
w(209,3,9,134,134)
w(400,7,9,135,135)
w(794,3,9,136,136)
w(609,5,9,137,137)
w(165,3,9,138,138)
w(122,8,9,139,139)
w(954,3,9,140,140)
w(690,5,9,141,141)
w(918,4,9,142,142)
w(449,3,9,143,143)
w(789,3,9,144,144)
w(853,7,9,145,145)
r(56,5,9,146,146)
w(218,5,9,147,147)
w(693,6,9,148,148)
w(509,9,9,149,149)
w(809,5,9,150,150)
w(38,7,9,151,151)
w(824,8,9,152,152)
w(472,6,9,153,153)
w(556,5,9,154,154)
w(367,6,9,155,155)
w(712,6,9,156,156)
w(647,3,9,157,157)
w(96,3,9,158,158)
w(663,6,9,159,159)
w(961,2,9,160,160)
w(599,3,9,161,161)
w(634,8,9,162,162)
w(255,7,9,163,163)
w(516,6,9,164,164)
w(893,4,9,165,165)
w(813,7,9,166,166)
w(223,1,9,167,167)
w(810,4,9,168,168)
w(804,3,9,169,169)
w(989,3,9,170,170)
w(319,3,9,171,171)
w(848,5,9,172,172)
w(39,5,9,173,173)
w(108,11,9,174,174)
w(952,4,9,175,175)
r(244,5,9,176,176)
w(441,4,9,177,177)
w(748,4,9,178,178)
w(335,7,9,179,179)
w(243,6,9,180,180)
w(187,3,9,181,181)
w(694,11,9,182,182)
w(548,5,9,183,183)
w(933,5,9,184,184)
w(491,4,9,185,185)
w(43,5,9,186,186)
r(445,5,9,187,187)
w(509,10,9,188,188)
w(805,2,9,189,189)
w(739,3,9,190,190)
w(620,3,9,191,191)
w(608,2,9,192,192)
w(582,3,9,193,193)
w(765,7,9,194,194)
w(872,7,9,195,195)
r(914,4,9,196,196)
w(519,4,9,197,197)
w(104,6,9,198,198)
w(795,4,9,199,199)
w(584,3,9,200,200)
w(93,6,9,201,201)
w(506,8,9,202,202)
w(538,6,9,203,203)
w(10,5,9,204,204)
w(266,6,9,205,205)
w(440,4,9,206,206)
w(527,3,9,207,207)
w(912,8,9,208,208)
w(846,4,9,209,209)
w(272,7,9,210,210)
w(384,5,9,211,211)
w(357,4,9,212,212)
w(739,4,9,213,213)
w(824,9,9,214,214)
w(783,3,9,215,215)
w(880,6,9,216,216)
w(164,5,9,217,217)
w(471,8,9,218,218)
w(868,4,9,219,219)
w(462,6,9,220,220)
w(735,4,9,221,221)
r(58,5,9,222,222)
w(2,8,9,223,223)
w(256,2,9,224,224)
w(401,3,9,225,225)
w(249,6,9,226,226)
w(984,4,9,227,227)
w(419,7,9,228,228)
r(857,1,9,229,229)
r(613,4,9,230,230)
w(609,6,9,231,231)
w(828,8,9,232,232)
w(483,9,9,233,233)
w(765,8,9,234,234)
w(827,8,9,235,235)
w(907,7,9,236,236)
w(467,4,9,237,237)
w(95,6,9,238,238)
w(209,4,9,239,239)
w(350,4,9,240,240)
w(582,4,9,241,241)
w(91,3,9,242,242)
r(112,2,9,243,243)
w(354,8,9,244,244)
w(575,5,9,245,245)
w(991,4,9,246,246)
w(491,5,9,247,247)
r(926,5,9,248,248)
w(26,3,9,249,249)
w(380,7,9,250,250)
w(675,3,9,251,251)
w(412,9,9,252,252)
w(273,5,9,253,253)
w(954,4,9,254,254)
w(75,8,9,255,255)
w(354,9,9,256,256)
w(13,6,9,257,257)
w(849,4,9,258,258)
w(826,4,9,259,259)
w(446,7,9,260,260)
w(502,4,9,261,261)
w(436,6,9,262,262)
r(726,4,9,263,263)
w(6,6,9,264,264)
w(436,7,9,265,265)
r(602,8,9,266,266)
w(616,8,9,267,267)
w(797,11,9,268,268)
w(894,7,9,269,269)
w(890,4,9,270,270)
r(953,5,9,271,271)
r(841,6,9,272,272)
w(316,4,9,273,273)
w(228,4,9,274,274)
w(191,8,9,275,275)
w(192,4,9,276,276)
r(730,1,9,277,277)
w(36,4,9,278,278)
w(666,4,9,279,279)
w(660,5,9,280,280)
w(783,4,9,281,281)
w(744,4,9,282,282)
w(433,7,9,283,283)
w(359,3,9,284,284)
w(779,4,9,285,285)
r(441,4,9,286,286)
w(648,4,9,287,287)
w(663,7,9,288,288)
w(634,9,9,289,289)
w(618,6,9,290,290)
r(100,8,9,291,291)
w(641,7,9,292,292)
w(301,5,9,293,293)
w(959,5,9,294,294)
w(300,4,9,295,295)
w(393,3,9,296,296)
w(464,4,9,297,297)
w(159,6,9,298,298)
r(716,3,9,299,299)
w(743,3,9,300,300)
w(503,5,9,301,301)
w(722,6,9,302,302)
w(601,3,9,303,303)
w(559,4,9,304,304)
w(796,5,9,305,305)
w(847,6,9,306,306)
w(232,4,9,307,307)
w(1,2,9,308,308)
w(507,5,9,309,309)
w(272,8,9,310,310)
w(989,4,9,311,311)
w(151,3,9,312,312)
w(726,5,9,313,313)
w(112,3,9,314,314)
r(564,0,9,315,315)
w(881,6,9,316,316)
w(629,2,9,317,317)
w(5,7,9,318,318)
w(214,4,9,319,319)
w(371,4,9,320,320)
w(828,9,9,321,321)
w(235,6,9,322,322)
w(981,8,9,323,323)
w(887,10,9,324,324)
w(685,5,9,325,325)
w(346,6,9,326,326)
w(601,4,9,327,327)
w(586,3,9,328,328)
w(635,5,9,329,329)
w(559,5,9,330,330)
w(499,6,9,331,331)
w(678,6,9,332,332)
w(715,6,9,333,333)
w(16,5,9,334,334)
w(921,4,9,335,335)
w(574,6,9,336,336)
w(488,2,9,337,337)
w(963,8,9,338,338)
w(74,4,9,339,339)
r(61,4,9,340,340)
w(277,3,9,341,341)
r(307,3,9,342,342)
w(631,5,9,343,343)
w(732,3,9,344,344)
w(675,4,9,345,345)
r(646,2,9,346,346)
w(765,9,9,347,347)
w(604,6,9,348,348)
r(83,3,9,349,349)
w(404,6,9,350,350)
w(805,3,9,351,351)
w(430,3,9,352,352)
w(937,6,9,353,353)
w(176,6,9,354,354)
w(839,6,9,355,355)
w(946,6,9,356,356)
w(331,7,9,357,357)
w(68,4,9,358,358)
w(11,8,9,359,359)
w(56,6,9,360,360)
w(277,4,9,361,361)
w(998,9,9,362,362)
w(995,6,9,363,363)
w(364,5,9,364,364)
w(689,5,9,365,365)
w(346,7,9,366,366)
w(282,3,9,367,367)
w(907,8,9,368,368)
r(172,4,9,369,369)
w(841,7,9,370,370)
w(430,4,9,371,371)
w(590,5,9,372,372)
w(736,1,9,373,373)
w(51,3,9,374,374)
w(677,3,9,375,375)
w(192,5,9,376,376)
w(788,4,9,377,377)
w(11,9,9,378,378)
w(233,6,9,379,379)
w(76,4,9,380,380)
w(523,10,9,381,381)
w(773,5,9,382,382)
w(185,4,9,383,383)
w(351,2,9,384,384)
w(748,5,9,385,385)
w(374,5,9,386,386)
w(658,7,9,387,387)
w(141,2,9,388,388)
w(496,5,9,389,389)
w(514,5,9,390,390)
w(859,7,9,391,391)
w(253,4,9,392,392)
w(462,7,9,393,393)
r(531,4,9,394,394)
w(651,3,9,395,395)
w(859,8,9,396,396)
w(113,3,9,397,397)
w(81,2,9,398,398)
r(24,5,9,399,399)
w(455,7,9,400,400)
w(738,5,9,401,401)
w(646,3,9,402,402)
w(800,6,9,403,403)
w(903,6,9,404,404)
w(543,4,9,405,405)
w(802,2,9,406,406)
r(101,5,9,407,407)
w(218,6,9,408,408)
r(222,3,9,409,409)
w(898,6,9,410,410)
w(367,7,9,411,411)
w(321,4,9,412,412)
w(180,6,9,413,413)
w(651,4,9,414,414)
w(253,5,9,415,415)
r(350,4,9,416,416)
w(776,5,9,417,417)
w(465,2,9,418,418)
w(938,5,9,419,419)
w(478,2,9,420,420)
w(140,5,9,421,421)
w(929,2,9,422,422)
w(988,10,9,423,423)
w(447,4,9,424,424)
w(514,6,9,425,425)
w(240,8,9,426,426)
w(52,6,9,427,427)
w(846,5,9,428,428)
w(719,3,9,429,429)
w(932,3,9,430,430)
r(338,5,9,431,431)
w(560,5,9,432,432)
w(761,4,9,433,433)
r(326,5,9,434,434)
w(28,6,9,435,435)
r(316,4,9,436,436)
w(672,10,9,437,437)
w(487,5,9,438,438)
w(126,6,9,439,439)
r(234,4,9,440,440)
w(693,7,9,441,441)
w(261,5,9,442,442)
w(768,4,9,443,443)
w(822,3,9,444,444)
r(725,4,9,445,445)
w(828,10,9,446,446)
w(867,6,9,447,447)
r(760,6,9,448,448)
r(191,8,9,449,449)
w(601,5,9,450,450)
w(327,6,9,451,451)
w(468,7,9,452,452)
w(110,4,9,453,453)
r(711,4,9,454,454)
w(468,8,9,455,455)
w(438,4,9,456,456)
w(14,5,9,457,457)
w(758,5,9,458,458)
w(656,5,9,459,459)
w(207,4,9,460,460)
w(716,4,9,461,461)
w(37,5,9,462,462)
r(307,3,9,463,463)
w(349,6,9,464,464)
w(875,4,9,465,465)
w(71,4,9,466,466)
w(672,11,9,467,467)
w(811,5,9,468,468)
w(92,5,9,469,469)
w(590,6,9,470,470)
w(471,9,9,471,471)
w(431,4,9,472,472)
w(773,6,9,473,473)
w(368,4,9,474,474)
w(33,5,9,475,475)
w(247,7,9,476,476)
w(621,5,9,477,477)
w(677,4,9,478,478)
w(315,4,9,479,479)
w(50,4,9,480,480)
w(953,6,9,481,481)
w(977,7,9,482,482)
w(150,7,9,483,483)
w(947,5,9,484,484)
w(593,5,9,485,485)
w(785,2,9,486,486)
w(214,5,9,487,487)
w(240,9,9,488,488)
w(251,7,9,489,489)
w(247,8,9,490,490)
w(850,6,9,491,491)
w(98,4,9,492,492)
w(171,6,9,493,493)
w(98,5,9,494,494)
w(111,1,9,495,495)
w(579,5,9,496,496)
w(807,6,9,497,497)
r(894,7,9,498,498)
w(892,5,9,499,499)
