r(1,0,0,0,0)
r(5,0,0,1,1)
r(0,0,0,2,2)
r(0,0,0,3,3)
r(4,0,0,4,4)
w(3,1,0,5,5)
r(1,0,0,6,6)
r(4,0,0,7,7)
r(60,0,0,8,8)
r(5,0,0,9,9)
w(7,1,0,10,10)
r(0,0,0,11,11)
r(70,0,0,12,12)
r(1,0,0,13,13)
r(12,0,0,14,14)
r(51,0,0,15,15)
r(1,0,0,16,16)
r(48,0,0,17,17)
r(8,0,0,18,18)
r(7,1,0,19,19)
r(53,0,0,20,20)
w(75,1,0,21,21)
r(33,0,0,22,22)
r(0,0,0,23,23)
r(0,0,0,24,24)
r(2,0,0,25,25)
r(1,0,0,26,26)
r(1,0,0,27,27)
r(2,0,0,28,28)
r(0,0,0,29,29)
r(3,1,0,30,30)
r(5,0,0,31,31)
r(0,0,0,32,32)
r(51,0,0,33,33)
r(20,0,0,34,34)
w(0,1,0,35,35)
r(19,0,0,36,36)
r(13,0,0,37,37)
r(3,1,0,38,38)
r(60,0,0,39,39)
r(0,1,0,40,40)
r(2,0,0,41,41)
r(1,0,0,42,42)
r(74,0,0,43,43)
r(11,0,0,44,44)
r(10,0,0,45,45)
r(40,0,0,46,46)
r(3,1,0,47,47)
w(12,1,0,48,48)
r(0,1,0,49,49)
r(0,1,0,50,50)
r(18,0,0,51,51)
r(15,0,0,52,52)
r(60,0,0,53,53)
r(13,0,0,54,54)
r(36,0,0,55,55)
r(0,1,0,56,56)
w(21,1,0,57,57)
r(24,0,0,58,58)
r(0,1,0,59,59)
r(21,1,0,60,60)
r(6,0,0,61,61)
r(13,0,0,62,62)
r(0,1,0,63,63)
r(9,0,0,64,64)
r(36,0,0,65,65)
r(0,1,0,66,66)
r(19,0,0,67,67)
r(3,1,0,68,68)
r(22,0,0,69,69)
r(1,0,0,70,70)
r(5,0,0,71,71)
r(46,0,0,72,72)
r(9,0,0,73,73)
r(11,0,0,74,74)
r(6,0,0,75,75)
r(2,0,0,76,76)
r(95,0,0,77,77)
r(0,1,0,78,78)
r(6,0,0,79,79)
r(1,0,0,80,80)
r(59,0,0,81,81)
r(67,0,0,82,82)
r(66,0,0,83,83)
r(18,0,0,84,84)
r(16,0,0,85,85)
r(0,1,0,86,86)
r(2,0,0,87,87)
r(2,0,0,88,88)
r(18,0,0,89,89)
r(48,0,0,90,90)
r(33,0,0,91,91)
r(6,0,0,92,92)
r(9,0,0,93,93)
r(24,0,0,94,94)
r(4,0,0,95,95)
r(2,0,0,96,96)
r(42,0,0,97,97)
r(1,0,0,98,98)
r(32,0,0,99,99)
r(0,1,1,0,0)
r(13,0,1,1,1)
r(6,0,1,2,2)
r(2,0,1,3,3)
r(41,0,1,4,4)
r(5,0,1,5,5)
r(77,0,1,6,6)
r(2,0,1,7,7)
r(25,0,1,8,8)
r(42,0,1,9,9)
w(44,1,1,10,10)
r(78,0,1,11,11)
r(6,0,1,12,12)
r(97,0,1,13,13)
r(59,0,1,14,14)
r(4,0,1,15,15)
r(0,1,1,16,16)
r(14,0,1,17,17)
r(3,1,1,18,18)
r(34,0,1,19,19)
r(0,1,1,20,20)
r(1,0,1,21,21)
w(15,1,1,22,22)
r(21,1,1,23,23)
r(0,1,1,24,24)
r(29,0,1,25,25)
r(0,1,1,26,26)
r(0,1,1,27,27)
r(4,0,1,28,28)
r(0,1,1,29,29)
r(14,0,1,30,30)
r(0,1,1,31,31)
r(1,0,1,32,32)
w(3,2,1,33,33)
w(5,1,1,34,34)
r(3,2,1,35,35)
r(2,0,1,36,36)
r(13,0,1,37,37)
r(0,1,1,38,38)
w(2,1,1,39,39)
w(6,1,1,40,40)
r(19,0,1,41,41)
r(3,2,1,42,42)
w(2,2,1,43,43)
r(1,0,1,44,44)
r(7,1,1,45,45)
r(1,0,1,46,46)
r(7,1,1,47,47)
r(2,2,1,48,48)
r(95,0,1,49,49)
r(12,1,1,50,50)
r(9,0,1,51,51)
r(3,2,1,52,52)
r(35,0,1,53,53)
r(2,2,1,54,54)
w(2,3,1,55,55)
r(3,2,1,56,56)
r(4,0,1,57,57)
r(7,1,1,58,58)
r(4,0,1,59,59)
r(51,0,1,60,60)
r(3,2,1,61,61)
r(1,0,1,62,62)
r(50,0,1,63,63)
w(2,4,1,64,64)
r(20,0,1,65,65)
r(41,0,1,66,66)
r(8,0,1,67,67)
r(3,2,1,68,68)
r(29,0,1,69,69)
r(5,1,1,70,70)
r(34,0,1,71,71)
r(0,1,1,72,72)
r(54,0,1,73,73)
w(96,1,1,74,74)
r(58,0,1,75,75)
r(29,0,1,76,76)
r(58,0,1,77,77)
r(13,0,1,78,78)
r(84,0,1,79,79)
r(2,4,1,80,80)
r(4,0,1,81,81)
r(62,0,1,82,82)
r(7,1,1,83,83)
r(11,0,1,84,84)
r(29,0,1,85,85)
r(76,0,1,86,86)
r(4,0,1,87,87)
r(1,0,1,88,88)
r(24,0,1,89,89)
r(3,2,1,90,90)
r(2,4,1,91,91)
r(5,1,1,92,92)
r(17,0,1,93,93)
r(14,0,1,94,94)
r(0,1,1,95,95)
r(92,0,1,96,96)
r(3,2,1,97,97)
r(0,1,1,98,98)
w(0,2,1,99,99)
r(5,1,2,0,0)
r(0,2,2,1,1)
r(0,2,2,2,2)
r(39,0,2,3,3)
r(1,0,2,4,4)
r(7,1,2,5,5)
w(9,1,2,6,6)
r(4,0,2,7,7)
r(2,4,2,8,8)
r(27,0,2,9,9)
r(45,0,2,10,10)
r(17,0,2,11,11)
r(0,2,2,12,12)
r(78,0,2,13,13)
r(57,0,2,14,14)
r(7,1,2,15,15)
r(3,2,2,16,16)
r(10,0,2,17,17)
r(16,0,2,18,18)
r(4,0,2,19,19)
r(27,0,2,20,20)
r(22,0,2,21,21)
r(10,0,2,22,22)
r(0,2,2,23,23)
r(41,0,2,24,24)
r(4,0,2,25,25)
r(6,1,2,26,26)
r(0,2,2,27,27)
r(27,0,2,28,28)
r(0,2,2,29,29)
r(0,2,2,30,30)
r(62,0,2,31,31)
r(23,0,2,32,32)
r(2,4,2,33,33)
r(2,4,2,34,34)
r(0,2,2,35,35)
w(2,5,2,36,36)
r(51,0,2,37,37)
r(0,2,2,38,38)
r(0,2,2,39,39)
r(0,2,2,40,40)
r(73,0,2,41,41)
r(1,0,2,42,42)
r(0,2,2,43,43)
r(11,0,2,44,44)
r(12,1,2,45,45)
r(3,2,2,46,46)
r(4,0,2,47,47)
w(3,3,2,48,48)
r(95,0,2,49,49)
r(39,0,2,50,50)
r(33,0,2,51,51)
r(0,2,2,52,52)
r(26,0,2,53,53)
w(1,1,2,54,54)
w(68,1,2,55,55)
w(89,1,2,56,56)
r(8,0,2,57,57)
r(34,0,2,58,58)
r(6,1,2,59,59)
r(4,0,2,60,60)
r(21,1,2,61,61)
r(8,0,2,62,62)
r(0,2,2,63,63)
r(1,1,2,64,64)
w(4,1,2,65,65)
r(23,0,2,66,66)
w(61,1,2,67,67)
r(0,2,2,68,68)
w(0,3,2,69,69)
r(8,0,2,70,70)
r(1,1,2,71,71)
r(6,1,2,72,72)
r(5,1,2,73,73)
r(2,5,2,74,74)
r(22,0,2,75,75)
r(0,3,2,76,76)
r(95,0,2,77,77)
r(64,0,2,78,78)
r(4,1,2,79,79)
r(90,0,2,80,80)
r(24,0,2,81,81)
r(30,0,2,82,82)
r(59,0,2,83,83)
r(13,0,2,84,84)
r(0,3,2,85,85)
r(15,1,2,86,86)
r(3,3,2,87,87)
r(1,1,2,88,88)
r(76,0,2,89,89)
r(60,0,2,90,90)
r(7,1,2,91,91)
r(0,3,2,92,92)
r(67,0,2,93,93)
r(0,3,2,94,94)
r(60,0,2,95,95)
r(21,1,2,96,96)
w(2,6,2,97,97)
r(1,1,2,98,98)
r(11,0,2,99,99)
w(6,2,3,0,0)
r(42,0,3,1,1)
w(0,4,3,2,2)
w(0,5,3,3,3)
r(7,1,3,4,4)
r(86,0,3,5,5)
r(0,5,3,6,6)
r(65,0,3,7,7)
r(86,0,3,8,8)
r(0,5,3,9,9)
r(24,0,3,10,10)
r(45,0,3,11,11)
r(26,0,3,12,12)
r(36,0,3,13,13)
r(15,1,3,14,14)
r(62,0,3,15,15)
r(2,6,3,16,16)
r(22,0,3,17,17)
r(22,0,3,18,18)
r(1,1,3,19,19)
r(0,5,3,20,20)
r(11,0,3,21,21)
r(7,1,3,22,22)
r(73,0,3,23,23)
r(0,5,3,24,24)
r(0,5,3,25,25)
r(12,1,3,26,26)
r(1,1,3,27,27)
r(17,0,3,28,28)
r(27,0,3,29,29)
r(12,1,3,30,30)
r(1,1,3,31,31)
r(38,0,3,32,32)
r(0,5,3,33,33)
r(1,1,3,34,34)
r(58,0,3,35,35)
r(2,6,3,36,36)
r(0,5,3,37,37)
r(28,0,3,38,38)
r(81,0,3,39,39)
w(1,2,3,40,40)
r(67,0,3,41,41)
r(52,0,3,42,42)
r(38,0,3,43,43)
r(3,3,3,44,44)
r(8,0,3,45,45)
r(1,2,3,46,46)
r(73,0,3,47,47)
r(25,0,3,48,48)
r(4,1,3,49,49)
r(1,2,3,50,50)
r(0,5,3,51,51)
r(10,0,3,52,52)
r(3,3,3,53,53)
r(2,6,3,54,54)
r(1,2,3,55,55)
r(0,5,3,56,56)
r(1,2,3,57,57)
r(5,1,3,58,58)
r(1,2,3,59,59)
w(5,2,3,60,60)
r(0,5,3,61,61)
r(2,6,3,62,62)
r(96,1,3,63,63)
r(35,0,3,64,64)
r(1,2,3,65,65)
r(5,2,3,66,66)
r(1,2,3,67,67)
r(3,3,3,68,68)
r(1,2,3,69,69)
r(83,0,3,70,70)
r(70,0,3,71,71)
r(49,0,3,72,72)
r(0,5,3,73,73)
r(2,6,3,74,74)
r(36,0,3,75,75)
r(0,5,3,76,76)
r(2,6,3,77,77)
r(58,0,3,78,78)
w(2,7,3,79,79)
r(11,0,3,80,80)
r(80,0,3,81,81)
r(17,0,3,82,82)
w(0,6,3,83,83)
r(42,0,3,84,84)
r(21,1,3,85,85)
r(7,1,3,86,86)
r(24,0,3,87,87)
r(1,2,3,88,88)
w(1,3,3,89,89)
r(0,6,3,90,90)
r(2,7,3,91,91)
r(47,0,3,92,92)
r(6,2,3,93,93)
r(10,0,3,94,94)
r(0,6,3,95,95)
r(11,0,3,96,96)
r(2,7,3,97,97)
r(7,1,3,98,98)
r(2,7,3,99,99)
r(2,7,4,0,0)
r(17,0,4,1,1)
r(0,6,4,2,2)
r(83,0,4,3,3)
r(16,0,4,4,4)
r(0,6,4,5,5)
r(15,1,4,6,6)
r(10,0,4,7,7)
r(3,3,4,8,8)
r(0,6,4,9,9)
r(44,1,4,10,10)
r(2,7,4,11,11)
w(5,3,4,12,12)
r(2,7,4,13,13)
r(74,0,4,14,14)
r(31,0,4,15,15)
w(1,4,4,16,16)
r(0,6,4,17,17)
r(9,1,4,18,18)
r(81,0,4,19,19)
r(12,1,4,20,20)
r(39,0,4,21,21)
r(0,6,4,22,22)
r(21,1,4,23,23)
r(3,3,4,24,24)
r(1,4,4,25,25)
r(10,0,4,26,26)
r(18,0,4,27,27)
r(0,6,4,28,28)
r(26,0,4,29,29)
r(0,6,4,30,30)
r(7,1,4,31,31)
r(39,0,4,32,32)
r(0,6,4,33,33)
w(13,1,4,34,34)
w(0,7,4,35,35)
w(1,5,4,36,36)
r(0,7,4,37,37)
r(0,7,4,38,38)
r(12,1,4,39,39)
r(8,0,4,40,40)
r(14,0,4,41,41)
r(89,1,4,42,42)
r(5,3,4,43,43)
r(0,7,4,44,44)
r(7,1,4,45,45)
r(9,1,4,46,46)
r(60,0,4,47,47)
w(0,8,4,48,48)
r(4,1,4,49,49)
r(0,8,4,50,50)
r(1,5,4,51,51)
r(4,1,4,52,52)
r(0,8,4,53,53)
r(8,0,4,54,54)
r(15,1,4,55,55)
r(2,7,4,56,56)
r(7,1,4,57,57)
r(3,3,4,58,58)
r(2,7,4,59,59)
r(2,7,4,60,60)
r(8,0,4,61,61)
r(13,1,4,62,62)
r(1,5,4,63,63)
r(2,7,4,64,64)
r(87,0,4,65,65)
r(71,0,4,66,66)
r(2,7,4,67,67)
r(9,1,4,68,68)
r(5,3,4,69,69)
r(3,3,4,70,70)
r(0,8,4,71,71)
r(3,3,4,72,72)
r(57,0,4,73,73)
r(4,1,4,74,74)
w(0,9,4,75,75)
r(4,1,4,76,76)
r(4,1,4,77,77)
r(7,1,4,78,78)
r(0,9,4,79,79)
r(5,3,4,80,80)
r(3,3,4,81,81)
r(0,9,4,82,82)
r(0,9,4,83,83)
r(2,7,4,84,84)
r(1,5,4,85,85)
r(0,9,4,86,86)
r(9,1,4,87,87)
r(4,1,4,88,88)
r(0,9,4,89,89)
r(48,0,4,90,90)
r(3,3,4,91,91)
r(3,3,4,92,92)
r(0,9,4,93,93)
r(0,9,4,94,94)
r(43,0,4,95,95)
r(61,1,4,96,96)
r(0,9,4,97,97)
r(0,9,4,98,98)
r(10,0,4,99,99)
