r(32,0,0,0,0)
r(75,0,0,1,1)
r(13,0,0,2,2)
r(5,0,0,3,3)
w(54,1,0,4,4)
r(70,0,0,5,5)
r(25,0,0,6,6)
r(12,0,0,7,7)
r(0,0,0,8,8)
r(15,0,0,9,9)
r(91,0,0,10,10)
w(92,1,0,11,11)
r(22,0,0,12,12)
r(8,0,0,13,13)
r(84,0,0,14,14)
r(42,0,0,15,15)
r(96,0,0,16,16)
r(28,0,0,17,17)
r(46,0,0,18,18)
r(82,0,0,19,19)
r(74,0,0,20,20)
r(38,0,0,21,21)
r(99,0,0,22,22)
r(99,0,0,23,23)
r(39,0,0,24,24)
w(27,1,0,25,25)
r(40,0,0,26,26)
r(71,0,0,27,27)
r(4,0,0,28,28)
r(38,0,0,29,29)
r(96,0,0,30,30)
r(33,0,0,31,31)
w(67,1,0,32,32)
r(8,0,0,33,33)
r(39,0,0,34,34)
r(94,0,0,35,35)
r(89,0,0,36,36)
r(44,0,0,37,37)
r(50,0,0,38,38)
r(72,0,0,39,39)
w(64,1,0,40,40)
r(32,0,0,41,41)
r(53,0,0,42,42)
r(23,0,0,43,43)
r(1,0,0,44,44)
r(85,0,0,45,45)
r(10,0,0,46,46)
r(6,0,0,47,47)
r(51,0,0,48,48)
r(7,0,0,49,49)
r(59,0,0,50,50)
r(85,0,0,51,51)
r(45,0,0,52,52)
r(82,0,0,53,53)
r(55,0,0,54,54)
r(68,0,0,55,55)
r(74,0,0,56,56)
w(52,1,0,57,57)
w(2,1,0,58,58)
r(16,0,0,59,59)
r(86,0,0,60,60)
r(4,0,0,61,61)
r(48,0,0,62,62)
r(51,0,0,63,63)
r(33,0,0,64,64)
r(91,0,0,65,65)
r(75,0,0,66,66)
r(32,0,0,67,67)
w(3,1,0,68,68)
r(81,0,0,69,69)
r(18,0,0,70,70)
w(40,1,0,71,71)
r(3,1,0,72,72)
r(24,0,0,73,73)
r(51,0,0,74,74)
r(38,0,0,75,75)
r(77,0,0,76,76)
r(45,0,0,77,77)
r(68,0,0,78,78)
w(58,1,0,79,79)
r(74,0,0,80,80)
r(52,1,0,81,81)
r(2,1,0,82,82)
r(83,0,0,83,83)
r(12,0,0,84,84)
w(22,1,0,85,85)
r(54,1,0,86,86)
r(41,0,0,87,87)
r(25,0,0,88,88)
r(44,0,0,89,89)
r(42,0,0,90,90)
r(28,0,0,91,91)
r(44,0,0,92,92)
r(74,0,0,93,93)
r(33,0,0,94,94)
r(50,0,0,95,95)
r(20,0,0,96,96)
r(28,0,0,97,97)
r(35,0,0,98,98)
r(69,0,0,99,99)
w(23,1,1,0,0)
r(65,0,1,1,1)
r(38,0,1,2,2)
r(26,0,1,3,3)
r(31,0,1,4,4)
r(16,0,1,5,5)
r(30,0,1,6,6)
r(24,0,1,7,7)
r(38,0,1,8,8)
r(79,0,1,9,9)
r(61,0,1,10,10)
r(34,0,1,11,11)
r(73,0,1,12,12)
r(62,0,1,13,13)
w(87,1,1,14,14)
w(27,2,1,15,15)
r(93,0,1,16,16)
r(30,0,1,17,17)
r(49,0,1,18,18)
r(59,0,1,19,19)
r(55,0,1,20,20)
r(62,0,1,21,21)
r(78,0,1,22,22)
r(79,0,1,23,23)
r(62,0,1,24,24)
r(64,1,1,25,25)
r(37,0,1,26,26)
r(37,0,1,27,27)
r(42,0,1,28,28)
r(58,1,1,29,29)
r(98,0,1,30,30)
r(62,0,1,31,31)
r(81,0,1,32,32)
r(89,0,1,33,33)
r(71,0,1,34,34)
r(5,0,1,35,35)
r(14,0,1,36,36)
w(78,1,1,37,37)
r(67,1,1,38,38)
r(23,1,1,39,39)
r(66,0,1,40,40)
r(16,0,1,41,41)
r(17,0,1,42,42)
r(7,0,1,43,43)
r(76,0,1,44,44)
r(28,0,1,45,45)
r(10,0,1,46,46)
r(68,0,1,47,47)
r(21,0,1,48,48)
r(55,0,1,49,49)
r(84,0,1,50,50)
r(28,0,1,51,51)
r(26,0,1,52,52)
r(88,0,1,53,53)
r(62,0,1,54,54)
r(90,0,1,55,55)
r(53,0,1,56,56)
r(95,0,1,57,57)
r(25,0,1,58,58)
r(0,0,1,59,59)
w(73,1,1,60,60)
r(47,0,1,61,61)
r(5,0,1,62,62)
r(40,1,1,63,63)
w(70,1,1,64,64)
r(71,0,1,65,65)
r(36,0,1,66,66)
r(85,0,1,67,67)
w(8,1,1,68,68)
r(60,0,1,69,69)
r(68,0,1,70,70)
r(36,0,1,71,71)
r(98,0,1,72,72)
r(1,0,1,73,73)
r(3,1,1,74,74)
r(5,0,1,75,75)
r(81,0,1,76,76)
r(3,1,1,77,77)
r(20,0,1,78,78)
r(36,0,1,79,79)
r(32,0,1,80,80)
r(63,0,1,81,81)
r(80,0,1,82,82)
w(70,2,1,83,83)
r(10,0,1,84,84)
r(97,0,1,85,85)
r(31,0,1,86,86)
r(68,0,1,87,87)
r(30,0,1,88,88)
r(33,0,1,89,89)
r(39,0,1,90,90)
r(67,1,1,91,91)
r(5,0,1,92,92)
r(92,1,1,93,93)
r(76,0,1,94,94)
r(44,0,1,95,95)
r(59,0,1,96,96)
r(73,1,1,97,97)
r(13,0,1,98,98)
r(81,0,1,99,99)
r(82,0,2,0,0)
r(10,0,2,1,1)
r(72,0,2,2,2)
r(76,0,2,3,3)
r(96,0,2,4,4)
r(46,0,2,5,5)
w(64,2,2,6,6)
r(29,0,2,7,7)
w(41,1,2,8,8)
r(80,0,2,9,9)
r(63,0,2,10,10)
r(45,0,2,11,11)
r(94,0,2,12,12)
r(14,0,2,13,13)
r(19,0,2,14,14)
r(73,1,2,15,15)
r(55,0,2,16,16)
r(59,0,2,17,17)
r(15,0,2,18,18)
r(89,0,2,19,19)
r(24,0,2,20,20)
r(59,0,2,21,21)
r(99,0,2,22,22)
r(72,0,2,23,23)
r(11,0,2,24,24)
r(40,1,2,25,25)
r(73,1,2,26,26)
r(76,0,2,27,27)
r(53,0,2,28,28)
r(26,0,2,29,29)
r(89,0,2,30,30)
r(21,0,2,31,31)
r(50,0,2,32,32)
r(58,1,2,33,33)
w(27,3,2,34,34)
r(7,0,2,35,35)
w(53,1,2,36,36)
r(70,2,2,37,37)
r(66,0,2,38,38)
r(78,1,2,39,39)
r(4,0,2,40,40)
w(71,1,2,41,41)
r(44,0,2,42,42)
w(35,1,2,43,43)
r(26,0,2,44,44)
r(6,0,2,45,45)
r(0,0,2,46,46)
r(39,0,2,47,47)
r(53,1,2,48,48)
r(8,1,2,49,49)
r(15,0,2,50,50)
r(3,1,2,51,51)
r(17,0,2,52,52)
r(72,0,2,53,53)
r(99,0,2,54,54)
w(7,1,2,55,55)
r(42,0,2,56,56)
r(89,0,2,57,57)
r(57,0,2,58,58)
r(20,0,2,59,59)
r(88,0,2,60,60)
r(35,1,2,61,61)
r(58,1,2,62,62)
r(96,0,2,63,63)
r(42,0,2,64,64)
r(89,0,2,65,65)
r(60,0,2,66,66)
r(30,0,2,67,67)
w(77,1,2,68,68)
r(34,0,2,69,69)
r(88,0,2,70,70)
r(22,1,2,71,71)
r(70,2,2,72,72)
r(51,0,2,73,73)
r(40,1,2,74,74)
r(18,0,2,75,75)
r(78,1,2,76,76)
r(41,1,2,77,77)
r(80,0,2,78,78)
r(63,0,2,79,79)
r(72,0,2,80,80)
r(67,1,2,81,81)
w(40,2,2,82,82)
r(39,0,2,83,83)
r(94,0,2,84,84)
w(60,1,2,85,85)
r(59,0,2,86,86)
r(51,0,2,87,87)
r(99,0,2,88,88)
r(33,0,2,89,89)
r(57,0,2,90,90)
r(0,0,2,91,91)
r(14,0,2,92,92)
r(74,0,2,93,93)
r(15,0,2,94,94)
r(54,1,2,95,95)
r(21,0,2,96,96)
r(63,0,2,97,97)
w(51,1,2,98,98)
r(11,0,2,99,99)
r(61,0,3,0,0)
r(20,0,3,1,1)
r(59,0,3,2,2)
r(18,0,3,3,3)
r(50,0,3,4,4)
r(53,1,3,5,5)
r(23,1,3,6,6)
r(19,0,3,7,7)
r(7,1,3,8,8)
w(47,1,3,9,9)
r(47,1,3,10,10)
w(48,1,3,11,11)
r(36,0,3,12,12)
r(92,1,3,13,13)
r(86,0,3,14,14)
r(57,0,3,15,15)
w(62,1,3,16,16)
r(14,0,3,17,17)
w(13,1,3,18,18)
r(10,0,3,19,19)
r(53,1,3,20,20)
r(14,0,3,21,21)
r(1,0,3,22,22)
r(99,0,3,23,23)
r(11,0,3,24,24)
r(8,1,3,25,25)
r(7,1,3,26,26)
r(22,1,3,27,27)
r(89,0,3,28,28)
r(46,0,3,29,29)
r(22,1,3,30,30)
r(66,0,3,31,31)
r(95,0,3,32,32)
r(50,0,3,33,33)
r(12,0,3,34,34)
r(2,1,3,35,35)
r(63,0,3,36,36)
r(52,1,3,37,37)
r(61,0,3,38,38)
w(68,1,3,39,39)
r(27,3,3,40,40)
r(23,1,3,41,41)
r(30,0,3,42,42)
r(15,0,3,43,43)
r(64,2,3,44,44)
w(66,1,3,45,45)
r(64,2,3,46,46)
r(48,1,3,47,47)
r(78,1,3,48,48)
r(99,0,3,49,49)
r(43,0,3,50,50)
w(32,1,3,51,51)
r(63,0,3,52,52)
r(93,0,3,53,53)
r(61,0,3,54,54)
r(58,1,3,55,55)
w(13,2,3,56,56)
r(35,1,3,57,57)
r(84,0,3,58,58)
r(14,0,3,59,59)
r(89,0,3,60,60)
r(48,1,3,61,61)
r(88,0,3,62,62)
r(42,0,3,63,63)
r(13,2,3,64,64)
r(14,0,3,65,65)
r(26,0,3,66,66)
w(12,1,3,67,67)
r(79,0,3,68,68)
r(12,1,3,69,69)
r(12,1,3,70,70)
r(4,0,3,71,71)
r(77,1,3,72,72)
w(27,4,3,73,73)
r(69,0,3,74,74)
r(72,0,3,75,75)
r(97,0,3,76,76)
r(97,0,3,77,77)
r(33,0,3,78,78)
r(27,4,3,79,79)
r(55,0,3,80,80)
r(34,0,3,81,81)
r(78,1,3,82,82)
r(93,0,3,83,83)
r(85,0,3,84,84)
r(31,0,3,85,85)
r(87,1,3,86,86)
r(29,0,3,87,87)
r(67,1,3,88,88)
r(91,0,3,89,89)
r(42,0,3,90,90)
r(10,0,3,91,91)
r(68,1,3,92,92)
r(51,1,3,93,93)
r(24,0,3,94,94)
r(31,0,3,95,95)
r(63,0,3,96,96)
w(55,1,3,97,97)
r(41,1,3,98,98)
r(40,2,3,99,99)
r(48,1,4,0,0)
w(38,1,4,1,1)
r(63,0,4,2,2)
r(53,1,4,3,3)
r(25,0,4,4,4)
r(85,0,4,5,5)
r(93,0,4,6,6)
r(39,0,4,7,7)
r(61,0,4,8,8)
r(63,0,4,9,9)
r(85,0,4,10,10)
w(64,3,4,11,11)
r(15,0,4,12,12)
r(39,0,4,13,13)
r(69,0,4,14,14)
r(71,1,4,15,15)
r(11,0,4,16,16)
r(65,0,4,17,17)
r(78,1,4,18,18)
r(46,0,4,19,19)
r(30,0,4,20,20)
r(9,0,4,21,21)
r(19,0,4,22,22)
r(12,1,4,23,23)
r(33,0,4,24,24)
r(0,0,4,25,25)
r(12,1,4,26,26)
r(94,0,4,27,27)
r(31,0,4,28,28)
r(29,0,4,29,29)
r(55,1,4,30,30)
r(7,1,4,31,31)
r(75,0,4,32,32)
r(52,1,4,33,33)
r(57,0,4,34,34)
r(63,0,4,35,35)
r(25,0,4,36,36)
r(42,0,4,37,37)
r(45,0,4,38,38)
r(87,1,4,39,39)
r(16,0,4,40,40)
r(38,1,4,41,41)
r(7,1,4,42,42)
r(28,0,4,43,43)
r(96,0,4,44,44)
r(50,0,4,45,45)
r(82,0,4,46,46)
r(74,0,4,47,47)
r(34,0,4,48,48)
r(59,0,4,49,49)
w(42,1,4,50,50)
w(12,2,4,51,51)
r(20,0,4,52,52)
r(39,0,4,53,53)
r(35,1,4,54,54)
r(35,1,4,55,55)
r(30,0,4,56,56)
r(13,2,4,57,57)
r(68,1,4,58,58)
r(47,1,4,59,59)
r(83,0,4,60,60)
r(96,0,4,61,61)
r(39,0,4,62,62)
r(76,0,4,63,63)
r(98,0,4,64,64)
r(86,0,4,65,65)
r(52,1,4,66,66)
w(27,5,4,67,67)
r(25,0,4,68,68)
r(36,0,4,69,69)
r(99,0,4,70,70)
r(48,1,4,71,71)
r(67,1,4,72,72)
r(81,0,4,73,73)
r(7,1,4,74,74)
r(42,1,4,75,75)
r(48,1,4,76,76)
r(73,1,4,77,77)
r(6,0,4,78,78)
r(50,0,4,79,79)
r(59,0,4,80,80)
r(16,0,4,81,81)
r(50,0,4,82,82)
r(6,0,4,83,83)
r(36,0,4,84,84)
r(46,0,4,85,85)
r(86,0,4,86,86)
r(88,0,4,87,87)
r(45,0,4,88,88)
r(45,0,4,89,89)
r(35,1,4,90,90)
r(35,1,4,91,91)
r(19,0,4,92,92)
w(79,1,4,93,93)
r(53,1,4,94,94)
r(15,0,4,95,95)
r(55,1,4,96,96)
r(26,0,4,97,97)
r(80,0,4,98,98)
r(8,1,4,99,99)
r(24,0,5,0,0)
r(56,0,5,1,1)
r(56,0,5,2,2)
w(3,2,5,3,3)
r(49,0,5,4,4)
r(53,1,5,5,5)
r(86,0,5,6,6)
r(70,2,5,7,7)
r(19,0,5,8,8)
r(75,0,5,9,9)
r(74,0,5,10,10)
r(77,1,5,11,11)
r(88,0,5,12,12)
r(10,0,5,13,13)
r(41,1,5,14,14)
r(8,1,5,15,15)
r(76,0,5,16,16)
r(67,1,5,17,17)
r(66,1,5,18,18)
r(55,1,5,19,19)
r(67,1,5,20,20)
r(35,1,5,21,21)
r(31,0,5,22,22)
r(84,0,5,23,23)
r(15,0,5,24,24)
r(76,0,5,25,25)
r(57,0,5,26,26)
r(34,0,5,27,27)
r(51,1,5,28,28)
w(50,1,5,29,29)
w(84,1,5,30,30)
r(3,2,5,31,31)
w(92,2,5,32,32)
r(5,0,5,33,33)
r(48,1,5,34,34)
r(12,2,5,35,35)
r(20,0,5,36,36)
r(5,0,5,37,37)
r(59,0,5,38,38)
r(85,0,5,39,39)
r(34,0,5,40,40)
r(72,0,5,41,41)
r(6,0,5,42,42)
r(15,0,5,43,43)
w(79,2,5,44,44)
r(17,0,5,45,45)
r(49,0,5,46,46)
r(48,1,5,47,47)
r(48,1,5,48,48)
r(0,0,5,49,49)
r(27,5,5,50,50)
r(72,0,5,51,51)
r(76,0,5,52,52)
r(35,1,5,53,53)
r(27,5,5,54,54)
r(68,1,5,55,55)
r(16,0,5,56,56)
r(73,1,5,57,57)
r(69,0,5,58,58)
r(77,1,5,59,59)
w(9,1,5,60,60)
r(13,2,5,61,61)
r(95,0,5,62,62)
r(87,1,5,63,63)
r(23,1,5,64,64)
r(26,0,5,65,65)
r(21,0,5,66,66)
r(12,2,5,67,67)
r(27,5,5,68,68)
r(39,0,5,69,69)
r(38,1,5,70,70)
w(34,1,5,71,71)
r(63,0,5,72,72)
r(74,0,5,73,73)
r(77,1,5,74,74)
r(96,0,5,75,75)
r(27,5,5,76,76)
w(44,1,5,77,77)
r(51,1,5,78,78)
r(65,0,5,79,79)
r(15,0,5,80,80)
r(16,0,5,81,81)
r(34,1,5,82,82)
r(64,3,5,83,83)
r(26,0,5,84,84)
r(8,1,5,85,85)
r(79,2,5,86,86)
w(98,1,5,87,87)
r(27,5,5,88,88)
w(81,1,5,89,89)
r(95,0,5,90,90)
r(4,0,5,91,91)
r(98,1,5,92,92)
r(93,0,5,93,93)
r(33,0,5,94,94)
r(93,0,5,95,95)
r(82,0,5,96,96)
r(93,0,5,97,97)
r(29,0,5,98,98)
r(95,0,5,99,99)
r(48,1,6,0,0)
r(78,1,6,1,1)
r(39,0,6,2,2)
r(34,1,6,3,3)
w(70,3,6,4,4)
r(92,2,6,5,5)
r(28,0,6,6,6)
r(58,1,6,7,7)
r(30,0,6,8,8)
r(67,1,6,9,9)
r(12,2,6,10,10)
r(58,1,6,11,11)
r(72,0,6,12,12)
r(17,0,6,13,13)
r(36,0,6,14,14)
r(75,0,6,15,15)
r(2,1,6,16,16)
r(28,0,6,17,17)
r(80,0,6,18,18)
r(64,3,6,19,19)
r(21,0,6,20,20)
r(61,0,6,21,21)
r(94,0,6,22,22)
r(70,3,6,23,23)
r(43,0,6,24,24)
r(85,0,6,25,25)
r(60,1,6,26,26)
r(63,0,6,27,27)
r(59,0,6,28,28)
r(92,2,6,29,29)
w(22,2,6,30,30)
r(37,0,6,31,31)
w(55,2,6,32,32)
r(23,1,6,33,33)
r(69,0,6,34,34)
r(68,1,6,35,35)
r(43,0,6,36,36)
r(29,0,6,37,37)
r(30,0,6,38,38)
r(26,0,6,39,39)
r(42,1,6,40,40)
r(0,0,6,41,41)
r(71,1,6,42,42)
r(98,1,6,43,43)
r(57,0,6,44,44)
r(42,1,6,45,45)
r(18,0,6,46,46)
r(76,0,6,47,47)
r(96,0,6,48,48)
r(21,0,6,49,49)
r(53,1,6,50,50)
r(79,2,6,51,51)
r(87,1,6,52,52)
r(82,0,6,53,53)
r(21,0,6,54,54)
w(10,1,6,55,55)
r(26,0,6,56,56)
r(4,0,6,57,57)
r(81,1,6,58,58)
r(83,0,6,59,59)
w(70,4,6,60,60)
r(58,1,6,61,61)
r(12,2,6,62,62)
r(23,1,6,63,63)
w(12,3,6,64,64)
r(24,0,6,65,65)
w(1,1,6,66,66)
r(65,0,6,67,67)
r(11,0,6,68,68)
r(27,5,6,69,69)
r(35,1,6,70,70)
r(83,0,6,71,71)
r(51,1,6,72,72)
r(40,2,6,73,73)
w(72,1,6,74,74)
r(99,0,6,75,75)
r(4,0,6,76,76)
r(17,0,6,77,77)
r(87,1,6,78,78)
r(32,1,6,79,79)
r(64,3,6,80,80)
r(38,1,6,81,81)
r(71,1,6,82,82)
w(79,3,6,83,83)
r(67,1,6,84,84)
r(96,0,6,85,85)
r(55,2,6,86,86)
r(16,0,6,87,87)
r(14,0,6,88,88)
r(64,3,6,89,89)
r(12,3,6,90,90)
r(18,0,6,91,91)
r(24,0,6,92,92)
r(97,0,6,93,93)
r(53,1,6,94,94)
r(4,0,6,95,95)
r(95,0,6,96,96)
r(5,0,6,97,97)
r(66,1,6,98,98)
r(88,0,6,99,99)
r(45,0,7,0,0)
r(65,0,7,1,1)
r(45,0,7,2,2)
w(29,1,7,3,3)
r(21,0,7,4,4)
r(25,0,7,5,5)
r(74,0,7,6,6)
r(67,1,7,7,7)
r(79,3,7,8,8)
w(26,1,7,9,9)
r(19,0,7,10,10)
r(36,0,7,11,11)
r(42,1,7,12,12)
w(0,1,7,13,13)
w(18,1,7,14,14)
r(68,1,7,15,15)
r(85,0,7,16,16)
r(11,0,7,17,17)
r(4,0,7,18,18)
r(76,0,7,19,19)
r(81,1,7,20,20)
r(83,0,7,21,21)
r(7,1,7,22,22)
w(46,1,7,23,23)
r(35,1,7,24,24)
r(82,0,7,25,25)
r(10,1,7,26,26)
r(44,1,7,27,27)
r(75,0,7,28,28)
r(43,0,7,29,29)
r(28,0,7,30,30)
r(17,0,7,31,31)
r(95,0,7,32,32)
r(42,1,7,33,33)
r(1,1,7,34,34)
r(19,0,7,35,35)
r(76,0,7,36,36)
r(81,1,7,37,37)
r(39,0,7,38,38)
r(36,0,7,39,39)
r(5,0,7,40,40)
r(82,0,7,41,41)
r(76,0,7,42,42)
r(77,1,7,43,43)
r(28,0,7,44,44)
r(53,1,7,45,45)
r(95,0,7,46,46)
r(31,0,7,47,47)
r(25,0,7,48,48)
r(80,0,7,49,49)
r(62,1,7,50,50)
r(61,0,7,51,51)
r(98,1,7,52,52)
r(45,0,7,53,53)
r(44,1,7,54,54)
r(62,1,7,55,55)
r(18,1,7,56,56)
r(32,1,7,57,57)
r(73,1,7,58,58)
r(50,1,7,59,59)
r(56,0,7,60,60)
r(62,1,7,61,61)
r(50,1,7,62,62)
r(3,2,7,63,63)
r(70,4,7,64,64)
r(5,0,7,65,65)
r(98,1,7,66,66)
r(28,0,7,67,67)
r(68,1,7,68,68)
r(88,0,7,69,69)
r(74,0,7,70,70)
r(54,1,7,71,71)
r(87,1,7,72,72)
r(88,0,7,73,73)
r(11,0,7,74,74)
r(68,1,7,75,75)
r(87,1,7,76,76)
r(30,0,7,77,77)
r(8,1,7,78,78)
r(9,1,7,79,79)
r(90,0,7,80,80)
w(65,1,7,81,81)
r(36,0,7,82,82)
r(57,0,7,83,83)
r(0,1,7,84,84)
r(88,0,7,85,85)
r(77,1,7,86,86)
r(72,1,7,87,87)
r(9,1,7,88,88)
r(71,1,7,89,89)
w(65,2,7,90,90)
w(21,1,7,91,91)
r(95,0,7,92,92)
w(83,1,7,93,93)
r(14,0,7,94,94)
r(94,0,7,95,95)
w(39,1,7,96,96)
r(51,1,7,97,97)
r(87,1,7,98,98)
r(55,2,7,99,99)
r(88,0,8,0,0)
r(41,1,8,1,1)
r(83,1,8,2,2)
w(83,2,8,3,3)
r(45,0,8,4,4)
r(24,0,8,5,5)
r(14,0,8,6,6)
r(43,0,8,7,7)
r(54,1,8,8,8)
r(0,1,8,9,9)
r(54,1,8,10,10)
r(41,1,8,11,11)
r(8,1,8,12,12)
r(71,1,8,13,13)
w(84,2,8,14,14)
r(9,1,8,15,15)
r(50,1,8,16,16)
r(29,1,8,17,17)
r(9,1,8,18,18)
r(64,3,8,19,19)
r(36,0,8,20,20)
r(25,0,8,21,21)
r(14,0,8,22,22)
r(28,0,8,23,23)
r(95,0,8,24,24)
r(94,0,8,25,25)
r(24,0,8,26,26)
r(45,0,8,27,27)
r(45,0,8,28,28)
r(65,2,8,29,29)
r(1,1,8,30,30)
r(89,0,8,31,31)
r(87,1,8,32,32)
r(38,1,8,33,33)
r(8,1,8,34,34)
r(45,0,8,35,35)
r(34,1,8,36,36)
w(50,2,8,37,37)
r(48,1,8,38,38)
r(66,1,8,39,39)
r(36,0,8,40,40)
r(26,1,8,41,41)
w(32,2,8,42,42)
r(91,0,8,43,43)
r(69,0,8,44,44)
w(1,2,8,45,45)
r(67,1,8,46,46)
r(82,0,8,47,47)
r(19,0,8,48,48)
r(53,1,8,49,49)
r(10,1,8,50,50)
r(81,1,8,51,51)
r(58,1,8,52,52)
r(39,1,8,53,53)
r(27,5,8,54,54)
r(88,0,8,55,55)
r(2,1,8,56,56)
r(66,1,8,57,57)
r(17,0,8,58,58)
r(15,0,8,59,59)
r(29,1,8,60,60)
r(69,0,8,61,61)
r(63,0,8,62,62)
r(86,0,8,63,63)
r(61,0,8,64,64)
r(95,0,8,65,65)
r(48,1,8,66,66)
r(16,0,8,67,67)
r(25,0,8,68,68)
w(66,2,8,69,69)
r(86,0,8,70,70)
r(26,1,8,71,71)
r(87,1,8,72,72)
r(79,3,8,73,73)
r(91,0,8,74,74)
w(66,3,8,75,75)
r(34,1,8,76,76)
r(35,1,8,77,77)
r(34,1,8,78,78)
r(6,0,8,79,79)
r(23,1,8,80,80)
r(94,0,8,81,81)
r(93,0,8,82,82)
r(54,1,8,83,83)
r(62,1,8,84,84)
r(36,0,8,85,85)
r(45,0,8,86,86)
r(10,1,8,87,87)
r(25,0,8,88,88)
r(0,1,8,89,89)
r(17,0,8,90,90)
r(9,1,8,91,91)
r(56,0,8,92,92)
r(17,0,8,93,93)
r(57,0,8,94,94)
r(24,0,8,95,95)
r(48,1,8,96,96)
r(94,0,8,97,97)
r(68,1,8,98,98)
r(9,1,8,99,99)
r(11,0,9,0,0)
r(32,2,9,1,1)
r(77,1,9,2,2)
r(26,1,9,3,3)
r(29,1,9,4,4)
r(47,1,9,5,5)
r(71,1,9,6,6)
r(26,1,9,7,7)
r(7,1,9,8,8)
r(10,1,9,9,9)
r(78,1,9,10,10)
r(57,0,9,11,11)
w(11,1,9,12,12)
r(69,0,9,13,13)
r(75,0,9,14,14)
r(18,1,9,15,15)
w(64,4,9,16,16)
r(1,2,9,17,17)
w(89,1,9,18,18)
r(83,2,9,19,19)
r(68,1,9,20,20)
r(5,0,9,21,21)
r(45,0,9,22,22)
r(93,0,9,23,23)
r(92,2,9,24,24)
r(83,2,9,25,25)
r(66,3,9,26,26)
w(78,2,9,27,27)
r(1,2,9,28,28)
r(68,1,9,29,29)
r(76,0,9,30,30)
w(80,1,9,31,31)
r(56,0,9,32,32)
r(62,1,9,33,33)
r(8,1,9,34,34)
r(5,0,9,35,35)
r(89,1,9,36,36)
r(71,1,9,37,37)
r(88,0,9,38,38)
r(14,0,9,39,39)
r(0,1,9,40,40)
r(94,0,9,41,41)
r(28,0,9,42,42)
r(88,0,9,43,43)
r(27,5,9,44,44)
r(89,1,9,45,45)
r(30,0,9,46,46)
r(96,0,9,47,47)
r(26,1,9,48,48)
r(96,0,9,49,49)
r(37,0,9,50,50)
r(62,1,9,51,51)
r(27,5,9,52,52)
r(80,1,9,53,53)
r(42,1,9,54,54)
r(71,1,9,55,55)
r(41,1,9,56,56)
w(89,2,9,57,57)
r(52,1,9,58,58)
r(64,4,9,59,59)
r(76,0,9,60,60)
r(0,1,9,61,61)
r(69,0,9,62,62)
r(58,1,9,63,63)
r(79,3,9,64,64)
r(82,0,9,65,65)
r(41,1,9,66,66)
r(84,2,9,67,67)
r(56,0,9,68,68)
r(41,1,9,69,69)
r(83,2,9,70,70)
r(67,1,9,71,71)
r(96,0,9,72,72)
r(93,0,9,73,73)
r(96,0,9,74,74)
r(1,2,9,75,75)
r(60,1,9,76,76)
r(49,0,9,77,77)
r(75,0,9,78,78)
r(69,0,9,79,79)
w(67,2,9,80,80)
w(46,2,9,81,81)
r(98,1,9,82,82)
r(0,1,9,83,83)
r(26,1,9,84,84)
r(31,0,9,85,85)
r(69,0,9,86,86)
r(57,0,9,87,87)
r(54,1,9,88,88)
r(39,1,9,89,89)
r(28,0,9,90,90)
w(30,1,9,91,91)
w(91,1,9,92,92)
r(9,1,9,93,93)
r(39,1,9,94,94)
r(1,2,9,95,95)
r(48,1,9,96,96)
r(88,0,9,97,97)
r(81,1,9,98,98)
r(53,1,9,99,99)
r(28,0,10,0,0)
w(95,1,10,1,1)
r(99,0,10,2,2)
r(23,1,10,3,3)
w(53,2,10,4,4)
r(48,1,10,5,5)
r(38,1,10,6,6)
r(28,0,10,7,7)
r(75,0,10,8,8)
r(29,1,10,9,9)
r(60,1,10,10,10)
r(43,0,10,11,11)
r(67,2,10,12,12)
r(37,0,10,13,13)
r(87,1,10,14,14)
r(8,1,10,15,15)
r(27,5,10,16,16)
r(54,1,10,17,17)
r(35,1,10,18,18)
r(30,1,10,19,19)
r(72,1,10,20,20)
r(35,1,10,21,21)
r(79,3,10,22,22)
r(71,1,10,23,23)
r(57,0,10,24,24)
w(98,2,10,25,25)
r(70,4,10,26,26)
r(95,1,10,27,27)
r(51,1,10,28,28)
r(44,1,10,29,29)
r(13,2,10,30,30)
r(7,1,10,31,31)
r(86,0,10,32,32)
r(75,0,10,33,33)
r(99,0,10,34,34)
r(30,1,10,35,35)
r(19,0,10,36,36)
r(43,0,10,37,37)
r(51,1,10,38,38)
r(2,1,10,39,39)
w(42,2,10,40,40)
r(19,0,10,41,41)
w(59,1,10,42,42)
r(66,3,10,43,43)
r(47,1,10,44,44)
r(98,2,10,45,45)
r(63,0,10,46,46)
r(23,1,10,47,47)
r(64,4,10,48,48)
r(5,0,10,49,49)
r(17,0,10,50,50)
r(90,0,10,51,51)
r(35,1,10,52,52)
r(48,1,10,53,53)
r(23,1,10,54,54)
r(19,0,10,55,55)
r(44,1,10,56,56)
r(75,0,10,57,57)
w(17,1,10,58,58)
r(70,4,10,59,59)
r(75,0,10,60,60)
r(5,0,10,61,61)
r(91,1,10,62,62)
r(9,1,10,63,63)
r(42,2,10,64,64)
r(78,2,10,65,65)
r(14,0,10,66,66)
r(86,0,10,67,67)
r(83,2,10,68,68)
r(30,1,10,69,69)
r(41,1,10,70,70)
r(21,1,10,71,71)
r(63,0,10,72,72)
r(82,0,10,73,73)
r(4,0,10,74,74)
r(57,0,10,75,75)
r(50,2,10,76,76)
r(41,1,10,77,77)
r(12,3,10,78,78)
r(11,1,10,79,79)
w(57,1,10,80,80)
r(20,0,10,81,81)
r(22,2,10,82,82)
r(94,0,10,83,83)
r(67,2,10,84,84)
r(47,1,10,85,85)
r(51,1,10,86,86)
r(57,1,10,87,87)
r(85,0,10,88,88)
r(51,1,10,89,89)
r(28,0,10,90,90)
r(24,0,10,91,91)
r(20,0,10,92,92)
w(86,1,10,93,93)
r(46,2,10,94,94)
r(18,1,10,95,95)
r(52,1,10,96,96)
r(3,2,10,97,97)
r(83,2,10,98,98)
r(14,0,10,99,99)
r(30,1,11,0,0)
w(32,3,11,1,1)
r(58,1,11,2,2)
r(78,2,11,3,3)
r(53,2,11,4,4)
w(69,1,11,5,5)
r(60,1,11,6,6)
r(37,0,11,7,7)
r(98,2,11,8,8)
r(7,1,11,9,9)
r(44,1,11,10,10)
r(15,0,11,11,11)
w(41,2,11,12,12)
r(57,1,11,13,13)
r(1,2,11,14,14)
r(12,3,11,15,15)
r(56,0,11,16,16)
r(76,0,11,17,17)
r(82,0,11,18,18)
r(62,1,11,19,19)
w(30,2,11,20,20)
r(39,1,11,21,21)
r(9,1,11,22,22)
r(90,0,11,23,23)
r(71,1,11,24,24)
w(7,2,11,25,25)
r(93,0,11,26,26)
r(35,1,11,27,27)
r(65,2,11,28,28)
r(72,1,11,29,29)
r(16,0,11,30,30)
r(13,2,11,31,31)
r(29,1,11,32,32)
r(51,1,11,33,33)
r(9,1,11,34,34)
r(20,0,11,35,35)
r(50,2,11,36,36)
r(75,0,11,37,37)
r(63,0,11,38,38)
w(7,3,11,39,39)
r(4,0,11,40,40)
r(24,0,11,41,41)
r(97,0,11,42,42)
r(16,0,11,43,43)
r(12,3,11,44,44)
r(12,3,11,45,45)
r(91,1,11,46,46)
r(26,1,11,47,47)
r(91,1,11,48,48)
r(23,1,11,49,49)
r(94,0,11,50,50)
r(48,1,11,51,51)
r(83,2,11,52,52)
r(41,2,11,53,53)
r(14,0,11,54,54)
r(24,0,11,55,55)
r(45,0,11,56,56)
r(25,0,11,57,57)
r(58,1,11,58,58)
r(11,1,11,59,59)
r(91,1,11,60,60)
w(71,2,11,61,61)
w(90,1,11,62,62)
w(1,3,11,63,63)
r(90,1,11,64,64)
r(38,1,11,65,65)
r(58,1,11,66,66)
r(23,1,11,67,67)
r(37,0,11,68,68)
r(74,0,11,69,69)
r(10,1,11,70,70)
r(96,0,11,71,71)
r(87,1,11,72,72)
r(43,0,11,73,73)
r(26,1,11,74,74)
r(46,2,11,75,75)
r(38,1,11,76,76)
r(8,1,11,77,77)
r(30,2,11,78,78)
r(89,2,11,79,79)
r(21,1,11,80,80)
r(69,1,11,81,81)
r(88,0,11,82,82)
r(13,2,11,83,83)
r(59,1,11,84,84)
r(60,1,11,85,85)
r(43,0,11,86,86)
r(22,2,11,87,87)
r(52,1,11,88,88)
r(36,0,11,89,89)
r(66,3,11,90,90)
r(34,1,11,91,91)
r(53,2,11,92,92)
r(82,0,11,93,93)
r(95,1,11,94,94)
w(73,2,11,95,95)
r(94,0,11,96,96)
w(1,4,11,97,97)
r(44,1,11,98,98)
r(43,0,11,99,99)
r(54,1,12,0,0)
w(98,3,12,1,1)
r(50,2,12,2,2)
r(40,2,12,3,3)
r(79,3,12,4,4)
r(30,2,12,5,5)
r(67,2,12,6,6)
r(20,0,12,7,7)
w(0,2,12,8,8)
r(9,1,12,9,9)
r(68,1,12,10,10)
r(99,0,12,11,11)
r(25,0,12,12,12)
r(22,2,12,13,13)
r(96,0,12,14,14)
w(66,4,12,15,15)
r(17,1,12,16,16)
r(37,0,12,17,17)
r(83,2,12,18,18)
r(45,0,12,19,19)
r(31,0,12,20,20)
r(89,2,12,21,21)
r(34,1,12,22,22)
r(65,2,12,23,23)
r(82,0,12,24,24)
w(28,1,12,25,25)
r(4,0,12,26,26)
w(72,2,12,27,27)
r(46,2,12,28,28)
r(22,2,12,29,29)
r(11,1,12,30,30)
r(75,0,12,31,31)
r(89,2,12,32,32)
r(60,1,12,33,33)
r(6,0,12,34,34)
r(43,0,12,35,35)
r(92,2,12,36,36)
r(25,0,12,37,37)
r(82,0,12,38,38)
r(27,5,12,39,39)
r(3,2,12,40,40)
r(25,0,12,41,41)
r(10,1,12,42,42)
r(61,0,12,43,43)
r(23,1,12,44,44)
r(41,2,12,45,45)
r(54,1,12,46,46)
r(15,0,12,47,47)
r(10,1,12,48,48)
r(45,0,12,49,49)
w(99,1,12,50,50)
r(36,0,12,51,51)
r(44,1,12,52,52)
r(41,2,12,53,53)
r(78,2,12,54,54)
r(43,0,12,55,55)
r(1,4,12,56,56)
r(4,0,12,57,57)
r(69,1,12,58,58)
r(76,0,12,59,59)
r(33,0,12,60,60)
r(58,1,12,61,61)
r(81,1,12,62,62)
r(80,1,12,63,63)
w(51,2,12,64,64)
r(9,1,12,65,65)
r(92,2,12,66,66)
r(45,0,12,67,67)
r(84,2,12,68,68)
r(3,2,12,69,69)
r(52,1,12,70,70)
r(54,1,12,71,71)
r(24,0,12,72,72)
r(40,2,12,73,73)
r(62,1,12,74,74)
r(83,2,12,75,75)
r(48,1,12,76,76)
r(80,1,12,77,77)
r(24,0,12,78,78)
r(36,0,12,79,79)
r(19,0,12,80,80)
r(45,0,12,81,81)
r(88,0,12,82,82)
r(97,0,12,83,83)
r(83,2,12,84,84)
r(44,1,12,85,85)
r(73,2,12,86,86)
r(96,0,12,87,87)
r(52,1,12,88,88)
r(59,1,12,89,89)
r(96,0,12,90,90)
r(49,0,12,91,91)
r(24,0,12,92,92)
r(65,2,12,93,93)
w(12,4,12,94,94)
r(65,2,12,95,95)
r(81,1,12,96,96)
r(17,1,12,97,97)
r(26,1,12,98,98)
r(83,2,12,99,99)
r(71,2,13,0,0)
r(31,0,13,1,1)
r(32,3,13,2,2)
w(16,1,13,3,3)
r(91,1,13,4,4)
w(51,3,13,5,5)
r(7,3,13,6,6)
r(60,1,13,7,7)
r(33,0,13,8,8)
r(26,1,13,9,9)
r(82,0,13,10,10)
r(42,2,13,11,11)
r(63,0,13,12,12)
r(19,0,13,13,13)
r(32,3,13,14,14)
r(99,1,13,15,15)
r(47,1,13,16,16)
r(3,2,13,17,17)
r(16,1,13,18,18)
r(7,3,13,19,19)
r(29,1,13,20,20)
r(84,2,13,21,21)
r(55,2,13,22,22)
r(69,1,13,23,23)
r(35,1,13,24,24)
r(26,1,13,25,25)
r(92,2,13,26,26)
r(81,1,13,27,27)
r(54,1,13,28,28)
r(41,2,13,29,29)
r(44,1,13,30,30)
r(12,4,13,31,31)
r(58,1,13,32,32)
r(0,2,13,33,33)
r(21,1,13,34,34)
r(93,0,13,35,35)
r(80,1,13,36,36)
w(20,1,13,37,37)
r(84,2,13,38,38)
r(94,0,13,39,39)
r(76,0,13,40,40)
r(0,2,13,41,41)
r(85,0,13,42,42)
r(6,0,13,43,43)
r(98,3,13,44,44)
r(75,0,13,45,45)
w(64,5,13,46,46)
r(7,3,13,47,47)
w(79,4,13,48,48)
w(91,2,13,49,49)
r(67,2,13,50,50)
r(98,3,13,51,51)
r(73,2,13,52,52)
r(14,0,13,53,53)
r(62,1,13,54,54)
r(55,2,13,55,55)
w(19,1,13,56,56)
r(41,2,13,57,57)
r(15,0,13,58,58)
r(54,1,13,59,59)
r(19,1,13,60,60)
w(70,5,13,61,61)
r(1,4,13,62,62)
r(45,0,13,63,63)
r(1,4,13,64,64)
r(13,2,13,65,65)
r(33,0,13,66,66)
w(71,3,13,67,67)
r(67,2,13,68,68)
r(0,2,13,69,69)
w(92,3,13,70,70)
r(61,0,13,71,71)
r(29,1,13,72,72)
r(10,1,13,73,73)
r(24,0,13,74,74)
r(32,3,13,75,75)
r(90,1,13,76,76)
r(97,0,13,77,77)
r(9,1,13,78,78)
w(25,1,13,79,79)
r(56,0,13,80,80)
r(32,3,13,81,81)
r(64,5,13,82,82)
r(78,2,13,83,83)
w(46,3,13,84,84)
r(56,0,13,85,85)
r(5,0,13,86,86)
r(61,0,13,87,87)
r(28,1,13,88,88)
r(81,1,13,89,89)
w(42,3,13,90,90)
r(77,1,13,91,91)
w(78,3,13,92,92)
r(22,2,13,93,93)
r(92,3,13,94,94)
r(30,2,13,95,95)
r(59,1,13,96,96)
w(92,4,13,97,97)
r(14,0,13,98,98)
w(48,2,13,99,99)
r(75,0,14,0,0)
r(43,0,14,1,1)
r(3,2,14,2,2)
r(32,3,14,3,3)
w(22,3,14,4,4)
r(29,1,14,5,5)
r(91,2,14,6,6)
r(30,2,14,7,7)
r(15,0,14,8,8)
r(60,1,14,9,9)
r(25,1,14,10,10)
r(38,1,14,11,11)
r(11,1,14,12,12)
r(36,0,14,13,13)
r(15,0,14,14,14)
w(73,3,14,15,15)
r(82,0,14,16,16)
r(7,3,14,17,17)
r(58,1,14,18,18)
w(71,4,14,19,19)
r(33,0,14,20,20)
r(13,2,14,21,21)
r(20,1,14,22,22)
r(76,0,14,23,23)
w(56,1,14,24,24)
r(16,1,14,25,25)
r(7,3,14,26,26)
r(82,0,14,27,27)
r(42,3,14,28,28)
r(41,2,14,29,29)
r(7,3,14,30,30)
r(58,1,14,31,31)
r(58,1,14,32,32)
r(30,2,14,33,33)
r(82,0,14,34,34)
r(43,0,14,35,35)
r(31,0,14,36,36)
r(48,2,14,37,37)
r(15,0,14,38,38)
r(58,1,14,39,39)
r(36,0,14,40,40)
w(51,4,14,41,41)
r(59,1,14,42,42)
r(6,0,14,43,43)
r(50,2,14,44,44)
r(29,1,14,45,45)
r(83,2,14,46,46)
r(18,1,14,47,47)
r(92,4,14,48,48)
r(82,0,14,49,49)
r(41,2,14,50,50)
r(8,1,14,51,51)
r(74,0,14,52,52)
r(86,1,14,53,53)
r(43,0,14,54,54)
r(2,1,14,55,55)
r(91,2,14,56,56)
r(23,1,14,57,57)
r(86,1,14,58,58)
w(18,2,14,59,59)
r(49,0,14,60,60)
r(68,1,14,61,61)
r(71,4,14,62,62)
r(95,1,14,63,63)
r(7,3,14,64,64)
w(57,2,14,65,65)
w(49,1,14,66,66)
r(70,5,14,67,67)
r(16,1,14,68,68)
r(14,0,14,69,69)
r(45,0,14,70,70)
r(75,0,14,71,71)
r(58,1,14,72,72)
r(75,0,14,73,73)
r(71,4,14,74,74)
r(60,1,14,75,75)
r(62,1,14,76,76)
r(43,0,14,77,77)
r(23,1,14,78,78)
r(97,0,14,79,79)
r(89,2,14,80,80)
r(41,2,14,81,81)
r(91,2,14,82,82)
w(49,2,14,83,83)
r(54,1,14,84,84)
r(75,0,14,85,85)
r(7,3,14,86,86)
r(42,3,14,87,87)
r(51,4,14,88,88)
r(45,0,14,89,89)
w(6,1,14,90,90)
w(71,5,14,91,91)
r(58,1,14,92,92)
r(47,1,14,93,93)
r(80,1,14,94,94)
r(35,1,14,95,95)
r(38,1,14,96,96)
r(13,2,14,97,97)
r(93,0,14,98,98)
r(32,3,14,99,99)
r(24,0,15,0,0)
w(93,1,15,1,1)
r(29,1,15,2,2)
r(34,1,15,3,3)
r(86,1,15,4,4)
r(79,4,15,5,5)
r(69,1,15,6,6)
r(74,0,15,7,7)
r(23,1,15,8,8)
r(25,1,15,9,9)
r(41,2,15,10,10)
r(17,1,15,11,11)
r(61,0,15,12,12)
w(74,1,15,13,13)
r(25,1,15,14,14)
r(17,1,15,15,15)
r(0,2,15,16,16)
r(70,5,15,17,17)
r(74,1,15,18,18)
r(47,1,15,19,19)
r(76,0,15,20,20)
r(81,1,15,21,21)
r(37,0,15,22,22)
r(44,1,15,23,23)
r(35,1,15,24,24)
r(53,2,15,25,25)
r(29,1,15,26,26)
r(17,1,15,27,27)
r(32,3,15,28,28)
r(40,2,15,29,29)
r(0,2,15,30,30)
r(90,1,15,31,31)
r(11,1,15,32,32)
r(64,5,15,33,33)
r(16,1,15,34,34)
r(37,0,15,35,35)
w(12,5,15,36,36)
r(46,3,15,37,37)
r(91,2,15,38,38)
r(50,2,15,39,39)
r(1,4,15,40,40)
r(60,1,15,41,41)
r(21,1,15,42,42)
r(87,1,15,43,43)
r(97,0,15,44,44)
r(46,3,15,45,45)
r(36,0,15,46,46)
r(96,0,15,47,47)
r(25,1,15,48,48)
r(51,4,15,49,49)
r(23,1,15,50,50)
r(30,2,15,51,51)
r(12,5,15,52,52)
r(59,1,15,53,53)
r(83,2,15,54,54)
r(96,0,15,55,55)
r(11,1,15,56,56)
r(23,1,15,57,57)
r(39,1,15,58,58)
r(9,1,15,59,59)
r(82,0,15,60,60)
r(98,3,15,61,61)
r(37,0,15,62,62)
w(93,2,15,63,63)
r(37,0,15,64,64)
r(27,5,15,65,65)
r(94,0,15,66,66)
r(18,2,15,67,67)
r(50,2,15,68,68)
r(57,2,15,69,69)
r(6,1,15,70,70)
r(84,2,15,71,71)
r(6,1,15,72,72)
r(86,1,15,73,73)
r(13,2,15,74,74)
r(65,2,15,75,75)
r(23,1,15,76,76)
r(2,1,15,77,77)
r(52,1,15,78,78)
w(53,3,15,79,79)
r(29,1,15,80,80)
r(19,1,15,81,81)
r(21,1,15,82,82)
r(32,3,15,83,83)
r(95,1,15,84,84)
r(39,1,15,85,85)
r(19,1,15,86,86)
r(70,5,15,87,87)
w(84,3,15,88,88)
r(55,2,15,89,89)
r(41,2,15,90,90)
r(31,0,15,91,91)
r(91,2,15,92,92)
r(60,1,15,93,93)
r(10,1,15,94,94)
r(59,1,15,95,95)
r(64,5,15,96,96)
r(64,5,15,97,97)
r(3,2,15,98,98)
r(49,2,15,99,99)
r(43,0,16,0,0)
r(63,0,16,1,1)
r(12,5,16,2,2)
w(41,3,16,3,3)
r(34,1,16,4,4)
r(24,0,16,5,5)
r(0,2,16,6,6)
r(74,1,16,7,7)
r(72,2,16,8,8)
r(70,5,16,9,9)
r(64,5,16,10,10)
r(45,0,16,11,11)
r(11,1,16,12,12)
r(73,3,16,13,13)
r(52,1,16,14,14)
r(77,1,16,15,15)
w(72,3,16,16,16)
r(54,1,16,17,17)
r(93,2,16,18,18)
r(50,2,16,19,19)
r(81,1,16,20,20)
r(14,0,16,21,21)
w(99,2,16,22,22)
w(13,3,16,23,23)
r(69,1,16,24,24)
r(41,3,16,25,25)
r(96,0,16,26,26)
r(2,1,16,27,27)
r(18,2,16,28,28)
r(60,1,16,29,29)
r(30,2,16,30,30)
w(82,1,16,31,31)
w(89,3,16,32,32)
r(2,1,16,33,33)
r(60,1,16,34,34)
r(39,1,16,35,35)
r(20,1,16,36,36)
r(43,0,16,37,37)
r(16,1,16,38,38)
r(44,1,16,39,39)
r(33,0,16,40,40)
r(69,1,16,41,41)
r(96,0,16,42,42)
r(90,1,16,43,43)
r(55,2,16,44,44)
r(98,3,16,45,45)
r(92,4,16,46,46)
r(4,0,16,47,47)
r(27,5,16,48,48)
r(78,3,16,49,49)
r(89,3,16,50,50)
r(51,4,16,51,51)
r(10,1,16,52,52)
r(54,1,16,53,53)
r(81,1,16,54,54)
r(59,1,16,55,55)
r(36,0,16,56,56)
r(64,5,16,57,57)
r(8,1,16,58,58)
r(24,0,16,59,59)
r(81,1,16,60,60)
w(33,1,16,61,61)
r(89,3,16,62,62)
r(1,4,16,63,63)
r(56,1,16,64,64)
w(11,2,16,65,65)
r(54,1,16,66,66)
r(96,0,16,67,67)
r(16,1,16,68,68)
r(96,0,16,69,69)
r(6,1,16,70,70)
r(20,1,16,71,71)
r(52,1,16,72,72)
r(89,3,16,73,73)
r(68,1,16,74,74)
r(33,1,16,75,75)
r(90,1,16,76,76)
r(96,0,16,77,77)
r(43,0,16,78,78)
r(42,3,16,79,79)
r(25,1,16,80,80)
r(63,0,16,81,81)
r(87,1,16,82,82)
r(11,2,16,83,83)
r(77,1,16,84,84)
r(63,0,16,85,85)
r(60,1,16,86,86)
r(40,2,16,87,87)
r(23,1,16,88,88)
r(85,0,16,89,89)
r(73,3,16,90,90)
r(69,1,16,91,91)
r(85,0,16,92,92)
r(56,1,16,93,93)
r(97,0,16,94,94)
r(67,2,16,95,95)
w(82,2,16,96,96)
r(61,0,16,97,97)
r(96,0,16,98,98)
r(39,1,16,99,99)
w(51,5,17,0,0)
r(20,1,17,1,1)
w(53,4,17,2,2)
r(61,0,17,3,3)
r(59,1,17,4,4)
r(92,4,17,5,5)
r(43,0,17,6,6)
r(18,2,17,7,7)
r(24,0,17,8,8)
r(94,0,17,9,9)
r(94,0,17,10,10)
r(27,5,17,11,11)
r(16,1,17,12,12)
r(43,0,17,13,13)
r(83,2,17,14,14)
r(69,1,17,15,15)
r(85,0,17,16,16)
r(8,1,17,17,17)
r(64,5,17,18,18)
r(96,0,17,19,19)
r(64,5,17,20,20)
r(37,0,17,21,21)
r(91,2,17,22,22)
r(72,3,17,23,23)
r(16,1,17,24,24)
r(35,1,17,25,25)
r(23,1,17,26,26)
r(25,1,17,27,27)
r(84,3,17,28,28)
r(92,4,17,29,29)
r(83,2,17,30,30)
r(62,1,17,31,31)
r(69,1,17,32,32)
r(36,0,17,33,33)
r(42,3,17,34,34)
r(93,2,17,35,35)
r(65,2,17,36,36)
r(87,1,17,37,37)
r(69,1,17,38,38)
r(4,0,17,39,39)
r(37,0,17,40,40)
r(90,1,17,41,41)
w(57,3,17,42,42)
r(4,0,17,43,43)
r(41,3,17,44,44)
r(92,4,17,45,45)
r(94,0,17,46,46)
w(23,2,17,47,47)
r(45,0,17,48,48)
r(85,0,17,49,49)
r(4,0,17,50,50)
r(0,2,17,51,51)
r(63,0,17,52,52)
r(76,0,17,53,53)
r(6,1,17,54,54)
r(44,1,17,55,55)
r(0,2,17,56,56)
w(93,3,17,57,57)
r(19,1,17,58,58)
r(91,2,17,59,59)
r(98,3,17,60,60)
r(42,3,17,61,61)
r(37,0,17,62,62)
r(75,0,17,63,63)
r(92,4,17,64,64)
r(85,0,17,65,65)
r(11,2,17,66,66)
r(53,4,17,67,67)
r(28,1,17,68,68)
r(93,3,17,69,69)
r(50,2,17,70,70)
r(93,3,17,71,71)
r(41,3,17,72,72)
r(77,1,17,73,73)
r(24,0,17,74,74)
r(48,2,17,75,75)
r(28,1,17,76,76)
r(43,0,17,77,77)
r(41,3,17,78,78)
r(2,1,17,79,79)
r(2,1,17,80,80)
r(97,0,17,81,81)
r(20,1,17,82,82)
r(43,0,17,83,83)
w(67,3,17,84,84)
r(32,3,17,85,85)
r(69,1,17,86,86)
r(89,3,17,87,87)
r(3,2,17,88,88)
r(88,0,17,89,89)
r(84,3,17,90,90)
w(31,1,17,91,91)
r(39,1,17,92,92)
r(42,3,17,93,93)
r(42,3,17,94,94)
r(17,1,17,95,95)
r(72,3,17,96,96)
r(36,0,17,97,97)
r(16,1,17,98,98)
r(36,0,17,99,99)
r(64,5,18,0,0)
w(83,3,18,1,1)
r(53,4,18,2,2)
r(74,1,18,3,3)
r(25,1,18,4,4)
r(96,0,18,5,5)
r(78,3,18,6,6)
r(36,0,18,7,7)
r(85,0,18,8,8)
r(32,3,18,9,9)
r(89,3,18,10,10)
r(63,0,18,11,11)
r(6,1,18,12,12)
r(57,3,18,13,13)
r(71,5,18,14,14)
r(64,5,18,15,15)
r(62,1,18,16,16)
r(90,1,18,17,17)
r(86,1,18,18,18)
w(2,2,18,19,19)
r(34,1,18,20,20)
r(84,3,18,21,21)
r(54,1,18,22,22)
r(70,5,18,23,23)
w(53,5,18,24,24)
r(83,3,18,25,25)
r(76,0,18,26,26)
r(31,1,18,27,27)
r(25,1,18,28,28)
r(16,1,18,29,29)
r(58,1,18,30,30)
r(58,1,18,31,31)
w(13,4,18,32,32)
r(90,1,18,33,33)
r(17,1,18,34,34)
r(59,1,18,35,35)
r(15,0,18,36,36)
r(43,0,18,37,37)
r(84,3,18,38,38)
r(0,2,18,39,39)
r(81,1,18,40,40)
w(78,4,18,41,41)
r(94,0,18,42,42)
w(90,2,18,43,43)
r(49,2,18,44,44)
r(64,5,18,45,45)
r(97,0,18,46,46)
r(68,1,18,47,47)
r(5,0,18,48,48)
r(1,4,18,49,49)
r(6,1,18,50,50)
r(38,1,18,51,51)
r(33,1,18,52,52)
w(68,2,18,53,53)
r(45,0,18,54,54)
r(0,2,18,55,55)
w(22,4,18,56,56)
r(45,0,18,57,57)
r(85,0,18,58,58)
r(44,1,18,59,59)
r(86,1,18,60,60)
w(0,3,18,61,61)
r(21,1,18,62,62)
r(3,2,18,63,63)
r(86,1,18,64,64)
r(44,1,18,65,65)
r(99,2,18,66,66)
r(72,3,18,67,67)
r(56,1,18,68,68)
r(70,5,18,69,69)
r(20,1,18,70,70)
r(21,1,18,71,71)
w(73,4,18,72,72)
r(48,2,18,73,73)
r(81,1,18,74,74)
r(10,1,18,75,75)
r(51,5,18,76,76)
r(37,0,18,77,77)
r(4,0,18,78,78)
r(6,1,18,79,79)
r(79,4,18,80,80)
r(75,0,18,81,81)
r(59,1,18,82,82)
r(45,0,18,83,83)
r(2,2,18,84,84)
w(18,3,18,85,85)
r(28,1,18,86,86)
r(56,1,18,87,87)
r(59,1,18,88,88)
r(31,1,18,89,89)
r(76,0,18,90,90)
w(51,6,18,91,91)
r(52,1,18,92,92)
r(15,0,18,93,93)
r(61,0,18,94,94)
r(3,2,18,95,95)
r(98,3,18,96,96)
r(61,0,18,97,97)
r(55,2,18,98,98)
w(17,2,18,99,99)
r(82,2,19,0,0)
w(76,1,19,1,1)
r(73,4,19,2,2)
r(8,1,19,3,3)
r(87,1,19,4,4)
r(27,5,19,5,5)
r(4,0,19,6,6)
r(71,5,19,7,7)
r(64,5,19,8,8)
r(54,1,19,9,9)
r(55,2,19,10,10)
r(61,0,19,11,11)
r(50,2,19,12,12)
r(90,2,19,13,13)
r(17,2,19,14,14)
r(73,4,19,15,15)
r(91,2,19,16,16)
r(99,2,19,17,17)
r(93,3,19,18,18)
r(13,4,19,19,19)
r(11,2,19,20,20)
r(65,2,19,21,21)
r(78,4,19,22,22)
r(9,1,19,23,23)
r(89,3,19,24,24)
w(19,2,19,25,25)
r(97,0,19,26,26)
w(38,2,19,27,27)
r(6,1,19,28,28)
r(6,1,19,29,29)
r(64,5,19,30,30)
r(71,5,19,31,31)
r(79,4,19,32,32)
r(45,0,19,33,33)
w(3,3,19,34,34)
r(18,3,19,35,35)
r(63,0,19,36,36)
r(9,1,19,37,37)
r(34,1,19,38,38)
w(7,4,19,39,39)
r(38,2,19,40,40)
r(13,4,19,41,41)
r(9,1,19,42,42)
r(88,0,19,43,43)
r(68,2,19,44,44)
r(48,2,19,45,45)
r(24,0,19,46,46)
r(12,5,19,47,47)
r(8,1,19,48,48)
r(25,1,19,49,49)
r(9,1,19,50,50)
r(42,3,19,51,51)
r(90,2,19,52,52)
r(29,1,19,53,53)
r(52,1,19,54,54)
r(57,3,19,55,55)
r(41,3,19,56,56)
w(69,2,19,57,57)
w(98,4,19,58,58)
r(55,2,19,59,59)
w(84,4,19,60,60)
r(70,5,19,61,61)
r(63,0,19,62,62)
r(67,3,19,63,63)
r(95,1,19,64,64)
r(7,4,19,65,65)
r(46,3,19,66,66)
r(17,2,19,67,67)
r(26,1,19,68,68)
r(90,2,19,69,69)
r(41,3,19,70,70)
w(4,1,19,71,71)
r(25,1,19,72,72)
r(87,1,19,73,73)
r(20,1,19,74,74)
r(58,1,19,75,75)
r(48,2,19,76,76)
r(82,2,19,77,77)
r(24,0,19,78,78)
r(0,3,19,79,79)
w(34,2,19,80,80)
r(19,2,19,81,81)
r(48,2,19,82,82)
r(81,1,19,83,83)
r(79,4,19,84,84)
w(11,3,19,85,85)
r(42,3,19,86,86)
r(16,1,19,87,87)
r(46,3,19,88,88)
r(8,1,19,89,89)
r(48,2,19,90,90)
r(20,1,19,91,91)
r(7,4,19,92,92)
r(76,1,19,93,93)
r(5,0,19,94,94)
r(47,1,19,95,95)
r(3,3,19,96,96)
r(35,1,19,97,97)
r(46,3,19,98,98)
r(51,6,19,99,99)
w(60,2,20,0,0)
r(34,2,20,1,1)
r(54,1,20,2,2)
r(47,1,20,3,3)
r(79,4,20,4,4)
r(62,1,20,5,5)
w(53,6,20,6,6)
r(24,0,20,7,7)
r(55,2,20,8,8)
r(18,3,20,9,9)
w(34,3,20,10,10)
r(31,1,20,11,11)
r(37,0,20,12,12)
r(27,5,20,13,13)
r(14,0,20,14,14)
r(61,0,20,15,15)
r(89,3,20,16,16)
r(76,1,20,17,17)
r(18,3,20,18,18)
r(71,5,20,19,19)
r(79,4,20,20,20)
r(85,0,20,21,21)
r(43,0,20,22,22)
r(18,3,20,23,23)
r(17,2,20,24,24)
r(65,2,20,25,25)
r(70,5,20,26,26)
r(72,3,20,27,27)
w(2,3,20,28,28)
w(77,2,20,29,29)
r(87,1,20,30,30)
r(94,0,20,31,31)
r(64,5,20,32,32)
w(44,2,20,33,33)
r(70,5,20,34,34)
r(38,2,20,35,35)
r(86,1,20,36,36)
r(64,5,20,37,37)
r(26,1,20,38,38)
r(45,0,20,39,39)
r(41,3,20,40,40)
w(7,5,20,41,41)
r(8,1,20,42,42)
r(14,0,20,43,43)
r(25,1,20,44,44)
r(56,1,20,45,45)
r(97,0,20,46,46)
r(97,0,20,47,47)
r(29,1,20,48,48)
w(14,1,20,49,49)
r(30,2,20,50,50)
r(29,1,20,51,51)
r(83,3,20,52,52)
w(93,4,20,53,53)
r(41,3,20,54,54)
r(99,2,20,55,55)
w(21,2,20,56,56)
r(87,1,20,57,57)
r(18,3,20,58,58)
r(86,1,20,59,59)
r(50,2,20,60,60)
r(50,2,20,61,61)
r(89,3,20,62,62)
r(39,1,20,63,63)
r(13,4,20,64,64)
r(63,0,20,65,65)
r(19,2,20,66,66)
r(70,5,20,67,67)
r(38,2,20,68,68)
w(83,4,20,69,69)
r(48,2,20,70,70)
r(11,3,20,71,71)
r(35,1,20,72,72)
w(22,5,20,73,73)
r(80,1,20,74,74)
w(62,2,20,75,75)
r(78,4,20,76,76)
r(3,3,20,77,77)
r(47,1,20,78,78)
r(47,1,20,79,79)
r(64,5,20,80,80)
r(97,0,20,81,81)
r(40,2,20,82,82)
r(7,5,20,83,83)
r(73,4,20,84,84)
r(63,0,20,85,85)
r(19,2,20,86,86)
r(29,1,20,87,87)
r(17,2,20,88,88)
r(7,5,20,89,89)
r(65,2,20,90,90)
r(56,1,20,91,91)
r(83,4,20,92,92)
r(56,1,20,93,93)
r(42,3,20,94,94)
r(61,0,20,95,95)
r(13,4,20,96,96)
r(56,1,20,97,97)
r(35,1,20,98,98)
w(36,1,20,99,99)
r(76,1,21,0,0)
r(53,6,21,1,1)
r(90,2,21,2,2)
w(8,2,21,3,3)
r(62,2,21,4,4)
w(50,3,21,5,5)
r(55,2,21,6,6)
r(53,6,21,7,7)
r(77,2,21,8,8)
r(91,2,21,9,9)
r(99,2,21,10,10)
r(57,3,21,11,11)
w(64,6,21,12,12)
r(34,3,21,13,13)
r(2,3,21,14,14)
r(11,3,21,15,15)
r(64,6,21,16,16)
r(18,3,21,17,17)
r(41,3,21,18,18)
r(42,3,21,19,19)
r(7,5,21,20,20)
r(68,2,21,21,21)
r(3,3,21,22,22)
w(48,3,21,23,23)
r(92,4,21,24,24)
r(94,0,21,25,25)
r(45,0,21,26,26)
r(73,4,21,27,27)
r(35,1,21,28,28)
r(44,2,21,29,29)
r(0,3,21,30,30)
r(5,0,21,31,31)
r(40,2,21,32,32)
r(54,1,21,33,33)
r(90,2,21,34,34)
r(54,1,21,35,35)
r(68,2,21,36,36)
r(22,5,21,37,37)
r(79,4,21,38,38)
r(82,2,21,39,39)
r(84,4,21,40,40)
r(37,0,21,41,41)
r(49,2,21,42,42)
r(28,1,21,43,43)
r(44,2,21,44,44)
r(86,1,21,45,45)
r(52,1,21,46,46)
r(10,1,21,47,47)
r(17,2,21,48,48)
r(95,1,21,49,49)
r(78,4,21,50,50)
r(66,4,21,51,51)
r(60,2,21,52,52)
r(39,1,21,53,53)
r(78,4,21,54,54)
r(99,2,21,55,55)
r(59,1,21,56,56)
r(0,3,21,57,57)
r(50,3,21,58,58)
r(78,4,21,59,59)
r(91,2,21,60,60)
r(23,2,21,61,61)
r(68,2,21,62,62)
r(28,1,21,63,63)
w(19,3,21,64,64)
r(20,1,21,65,65)
r(51,6,21,66,66)
r(83,4,21,67,67)
r(49,2,21,68,68)
r(47,1,21,69,69)
r(87,1,21,70,70)
w(33,2,21,71,71)
r(72,3,21,72,72)
r(13,4,21,73,73)
r(64,6,21,74,74)
r(96,0,21,75,75)
r(95,1,21,76,76)
r(29,1,21,77,77)
w(99,3,21,78,78)
r(32,3,21,79,79)
r(7,5,21,80,80)
r(5,0,21,81,81)
r(41,3,21,82,82)
r(26,1,21,83,83)
r(14,1,21,84,84)
r(44,2,21,85,85)
r(48,3,21,86,86)
r(67,3,21,87,87)
r(11,3,21,88,88)
r(59,1,21,89,89)
r(61,0,21,90,90)
r(68,2,21,91,91)
r(63,0,21,92,92)
r(27,5,21,93,93)
r(45,0,21,94,94)
r(40,2,21,95,95)
r(16,1,21,96,96)
r(61,0,21,97,97)
r(19,3,21,98,98)
r(44,2,21,99,99)
r(84,4,22,0,0)
r(40,2,22,1,1)
r(83,4,22,2,2)
r(9,1,22,3,3)
r(44,2,22,4,4)
r(68,2,22,5,5)
r(30,2,22,6,6)
r(54,1,22,7,7)
r(39,1,22,8,8)
r(93,4,22,9,9)
r(82,2,22,10,10)
r(6,1,22,11,11)
r(32,3,22,12,12)
r(1,4,22,13,13)
r(13,4,22,14,14)
r(59,1,22,15,15)
r(49,2,22,16,16)
r(59,1,22,17,17)
r(19,3,22,18,18)
r(11,3,22,19,19)
r(12,5,22,20,20)
r(55,2,22,21,21)
r(36,1,22,22,22)
r(95,1,22,23,23)
r(85,0,22,24,24)
r(87,1,22,25,25)
r(81,1,22,26,26)
r(21,2,22,27,27)
r(97,0,22,28,28)
r(51,6,22,29,29)
r(10,1,22,30,30)
r(57,3,22,31,31)
r(35,1,22,32,32)
r(91,2,22,33,33)
r(30,2,22,34,34)
r(6,1,22,35,35)
r(27,5,22,36,36)
r(27,5,22,37,37)
r(52,1,22,38,38)
r(83,4,22,39,39)
w(83,5,22,40,40)
r(17,2,22,41,41)
r(91,2,22,42,42)
r(38,2,22,43,43)
r(74,1,22,44,44)
r(50,3,22,45,45)
r(99,3,22,46,46)
r(89,3,22,47,47)
r(68,2,22,48,48)
w(56,2,22,49,49)
r(90,2,22,50,50)
w(37,1,22,51,51)
r(71,5,22,52,52)
r(9,1,22,53,53)
r(29,1,22,54,54)
w(37,2,22,55,55)
r(88,0,22,56,56)
r(50,3,22,57,57)
r(41,3,22,58,58)
r(84,4,22,59,59)
r(25,1,22,60,60)
r(64,6,22,61,61)
r(70,5,22,62,62)
r(75,0,22,63,63)
r(74,1,22,64,64)
r(58,1,22,65,65)
r(54,1,22,66,66)
r(40,2,22,67,67)
r(42,3,22,68,68)
r(62,2,22,69,69)
r(13,4,22,70,70)
r(11,3,22,71,71)
w(78,5,22,72,72)
r(34,3,22,73,73)
r(8,2,22,74,74)
r(99,3,22,75,75)
r(70,5,22,76,76)
r(86,1,22,77,77)
r(59,1,22,78,78)
r(26,1,22,79,79)
r(25,1,22,80,80)
r(21,2,22,81,81)
r(38,2,22,82,82)
r(28,1,22,83,83)
r(99,3,22,84,84)
r(15,0,22,85,85)
r(39,1,22,86,86)
r(44,2,22,87,87)
r(26,1,22,88,88)
w(60,3,22,89,89)
r(6,1,22,90,90)
r(45,0,22,91,91)
r(31,1,22,92,92)
r(7,5,22,93,93)
r(25,1,22,94,94)
r(14,1,22,95,95)
r(42,3,22,96,96)
w(5,1,22,97,97)
r(90,2,22,98,98)
r(97,0,22,99,99)
r(21,2,23,0,0)
r(69,2,23,1,1)
w(11,4,23,2,2)
r(46,3,23,3,3)
r(63,0,23,4,4)
r(99,3,23,5,5)
r(25,1,23,6,6)
r(8,2,23,7,7)
r(40,2,23,8,8)
r(52,1,23,9,9)
r(76,1,23,10,10)
r(94,0,23,11,11)
w(83,6,23,12,12)
w(7,6,23,13,13)
r(50,3,23,14,14)
r(96,0,23,15,15)
r(10,1,23,16,16)
r(36,1,23,17,17)
r(28,1,23,18,18)
r(27,5,23,19,19)
r(35,1,23,20,20)
r(55,2,23,21,21)
w(26,2,23,22,22)
r(23,2,23,23,23)
r(4,1,23,24,24)
w(11,5,23,25,25)
r(91,2,23,26,26)
r(60,3,23,27,27)
r(52,1,23,28,28)
w(35,2,23,29,29)
r(98,4,23,30,30)
r(42,3,23,31,31)
r(18,3,23,32,32)
r(54,1,23,33,33)
w(33,3,23,34,34)
r(99,3,23,35,35)
r(21,2,23,36,36)
r(70,5,23,37,37)
r(15,0,23,38,38)
w(73,5,23,39,39)
w(50,4,23,40,40)
r(60,3,23,41,41)
r(5,1,23,42,42)
r(3,3,23,43,43)
r(20,1,23,44,44)
w(24,1,23,45,45)
r(21,2,23,46,46)
r(36,1,23,47,47)
r(78,5,23,48,48)
r(33,3,23,49,49)
r(18,3,23,50,50)
r(42,3,23,51,51)
r(60,3,23,52,52)
r(31,1,23,53,53)
r(71,5,23,54,54)
r(2,3,23,55,55)
w(15,1,23,56,56)
r(73,5,23,57,57)
r(77,2,23,58,58)
r(29,1,23,59,59)
w(6,2,23,60,60)
r(84,4,23,61,61)
r(31,1,23,62,62)
r(71,5,23,63,63)
r(92,4,23,64,64)
r(37,2,23,65,65)
r(90,2,23,66,66)
w(84,5,23,67,67)
r(25,1,23,68,68)
r(27,5,23,69,69)
r(16,1,23,70,70)
r(86,1,23,71,71)
w(3,4,23,72,72)
r(71,5,23,73,73)
w(12,6,23,74,74)
r(50,4,23,75,75)
r(29,1,23,76,76)
r(78,5,23,77,77)
r(19,3,23,78,78)
w(62,3,23,79,79)
r(33,3,23,80,80)
r(22,5,23,81,81)
r(29,1,23,82,82)
w(10,2,23,83,83)
r(94,0,23,84,84)
r(31,1,23,85,85)
r(89,3,23,86,86)
r(74,1,23,87,87)
r(5,1,23,88,88)
r(26,2,23,89,89)
r(50,4,23,90,90)
r(26,2,23,91,91)
r(0,3,23,92,92)
r(42,3,23,93,93)
r(13,4,23,94,94)
r(6,2,23,95,95)
r(54,1,23,96,96)
r(70,5,23,97,97)
r(1,4,23,98,98)
r(59,1,23,99,99)
r(22,5,24,0,0)
r(72,3,24,1,1)
r(46,3,24,2,2)
r(73,5,24,3,3)
r(30,2,24,4,4)
r(70,5,24,5,5)
r(1,4,24,6,6)
w(52,2,24,7,7)
w(22,6,24,8,8)
r(27,5,24,9,9)
r(5,1,24,10,10)
r(85,0,24,11,11)
r(82,2,24,12,12)
r(36,1,24,13,13)
r(1,4,24,14,14)
r(56,2,24,15,15)
r(64,6,24,16,16)
r(49,2,24,17,17)
r(94,0,24,18,18)
r(46,3,24,19,19)
r(76,1,24,20,20)
r(16,1,24,21,21)
r(16,1,24,22,22)
r(17,2,24,23,23)
r(4,1,24,24,24)
w(34,4,24,25,25)
r(2,3,24,26,26)
r(67,3,24,27,27)
r(55,2,24,28,28)
r(49,2,24,29,29)
r(12,6,24,30,30)
r(73,5,24,31,31)
r(95,1,24,32,32)
r(90,2,24,33,33)
r(88,0,24,34,34)
r(21,2,24,35,35)
r(26,2,24,36,36)
r(3,4,24,37,37)
r(75,0,24,38,38)
r(1,4,24,39,39)
w(52,3,24,40,40)
r(43,0,24,41,41)
r(22,6,24,42,42)
r(53,6,24,43,43)
r(9,1,24,44,44)
r(69,2,24,45,45)
w(19,4,24,46,46)
w(82,3,24,47,47)
w(78,6,24,48,48)
r(72,3,24,49,49)
r(23,2,24,50,50)
r(1,4,24,51,51)
w(59,2,24,52,52)
r(62,3,24,53,53)
r(35,2,24,54,54)
r(7,6,24,55,55)
r(43,0,24,56,56)
r(81,1,24,57,57)
r(10,2,24,58,58)
r(89,3,24,59,59)
r(26,2,24,60,60)
r(19,4,24,61,61)
r(53,6,24,62,62)
r(54,1,24,63,63)
r(25,1,24,64,64)
r(8,2,24,65,65)
r(43,0,24,66,66)
r(38,2,24,67,67)
r(28,1,24,68,68)
r(0,3,24,69,69)
r(36,1,24,70,70)
r(52,3,24,71,71)
r(81,1,24,72,72)
w(31,2,24,73,73)
r(98,4,24,74,74)
r(71,5,24,75,75)
r(58,1,24,76,76)
r(82,3,24,77,77)
r(55,2,24,78,78)
r(64,6,24,79,79)
r(69,2,24,80,80)
r(51,6,24,81,81)
r(13,4,24,82,82)
r(2,3,24,83,83)
r(85,0,24,84,84)
r(55,2,24,85,85)
r(71,5,24,86,86)
w(57,4,24,87,87)
r(80,1,24,88,88)
r(30,2,24,89,89)
r(54,1,24,90,90)
r(63,0,24,91,91)
r(65,2,24,92,92)
r(31,2,24,93,93)
r(29,1,24,94,94)
r(12,6,24,95,95)
r(9,1,24,96,96)
r(54,1,24,97,97)
r(19,4,24,98,98)
r(59,2,24,99,99)
r(8,2,25,0,0)
r(80,1,25,1,1)
r(58,1,25,2,2)
r(26,2,25,3,3)
r(69,2,25,4,4)
w(62,4,25,5,5)
w(6,3,25,6,6)
r(55,2,25,7,7)
r(98,4,25,8,8)
r(26,2,25,9,9)
r(81,1,25,10,10)
r(3,4,25,11,11)
r(98,4,25,12,12)
r(12,6,25,13,13)
r(63,0,25,14,14)
r(25,1,25,15,15)
w(77,3,25,16,16)
r(70,5,25,17,17)
r(74,1,25,18,18)
w(59,3,25,19,19)
r(88,0,25,20,20)
r(99,3,25,21,21)
r(76,1,25,22,22)
w(46,4,25,23,23)
r(91,2,25,24,24)
r(76,1,25,25,25)
r(55,2,25,26,26)
w(82,4,25,27,27)
w(91,3,25,28,28)
r(75,0,25,29,29)
r(59,3,25,30,30)
r(18,3,25,31,31)
r(49,2,25,32,32)
r(53,6,25,33,33)
r(39,1,25,34,34)
w(42,4,25,35,35)
r(76,1,25,36,36)
r(88,0,25,37,37)
r(23,2,25,38,38)
r(17,2,25,39,39)
r(56,2,25,40,40)
r(65,2,25,41,41)
r(93,4,25,42,42)
r(2,3,25,43,43)
r(37,2,25,44,44)
w(16,2,25,45,45)
r(38,2,25,46,46)
r(58,1,25,47,47)
r(42,4,25,48,48)
r(39,1,25,49,49)
r(88,0,25,50,50)
r(55,2,25,51,51)
r(79,4,25,52,52)
r(63,0,25,53,53)
r(99,3,25,54,54)
r(53,6,25,55,55)
r(73,5,25,56,56)
r(46,4,25,57,57)
r(91,3,25,58,58)
r(76,1,25,59,59)
r(91,3,25,60,60)
r(64,6,25,61,61)
r(3,4,25,62,62)
r(86,1,25,63,63)
r(93,4,25,64,64)
w(88,1,25,65,65)
r(46,4,25,66,66)
w(72,4,25,67,67)
r(69,2,25,68,68)
r(70,5,25,69,69)
w(74,2,25,70,70)
r(41,3,25,71,71)
r(58,1,25,72,72)
r(24,1,25,73,73)
r(43,0,25,74,74)
r(26,2,25,75,75)
r(86,1,25,76,76)
r(52,3,25,77,77)
r(43,0,25,78,78)
r(63,0,25,79,79)
r(46,4,25,80,80)
r(27,5,25,81,81)
r(62,4,25,82,82)
r(3,4,25,83,83)
r(61,0,25,84,84)
r(97,0,25,85,85)
r(31,2,25,86,86)
r(14,1,25,87,87)
r(43,0,25,88,88)
r(13,4,25,89,89)
r(93,4,25,90,90)
w(51,7,25,91,91)
r(78,6,25,92,92)
r(91,3,25,93,93)
r(50,4,25,94,94)
r(56,2,25,95,95)
r(14,1,25,96,96)
r(22,6,25,97,97)
r(29,1,25,98,98)
r(19,4,25,99,99)
r(51,7,26,0,0)
r(32,3,26,1,1)
r(34,4,26,2,2)
r(33,3,26,3,3)
r(36,1,26,4,4)
r(63,0,26,5,5)
r(71,5,26,6,6)
w(3,5,26,7,7)
r(17,2,26,8,8)
r(35,2,26,9,9)
w(79,5,26,10,10)
r(11,5,26,11,11)
w(39,2,26,12,12)
r(56,2,26,13,13)
r(21,2,26,14,14)
r(62,4,26,15,15)
r(56,2,26,16,16)
r(65,2,26,17,17)
w(98,5,26,18,18)
r(17,2,26,19,19)
r(32,3,26,20,20)
r(80,1,26,21,21)
r(10,2,26,22,22)
r(33,3,26,23,23)
r(54,1,26,24,24)
r(98,5,26,25,25)
r(3,5,26,26,26)
r(44,2,26,27,27)
r(47,1,26,28,28)
r(59,3,26,29,29)
r(36,1,26,30,30)
r(37,2,26,31,31)
r(13,4,26,32,32)
r(49,2,26,33,33)
r(84,5,26,34,34)
w(6,4,26,35,35)
r(0,3,26,36,36)
r(45,0,26,37,37)
r(60,3,26,38,38)
r(35,2,26,39,39)
r(59,3,26,40,40)
r(35,2,26,41,41)
w(77,4,26,42,42)
r(38,2,26,43,43)
r(76,1,26,44,44)
r(88,1,26,45,45)
r(87,1,26,46,46)
r(68,2,26,47,47)
r(2,3,26,48,48)
r(9,1,26,49,49)
w(67,4,26,50,50)
r(91,3,26,51,51)
r(84,5,26,52,52)
r(56,2,26,53,53)
r(12,6,26,54,54)
r(28,1,26,55,55)
r(42,4,26,56,56)
r(74,2,26,57,57)
r(3,5,26,58,58)
r(36,1,26,59,59)
r(94,0,26,60,60)
r(56,2,26,61,61)
w(57,5,26,62,62)
r(85,0,26,63,63)
r(19,4,26,64,64)
r(60,3,26,65,65)
r(76,1,26,66,66)
r(36,1,26,67,67)
r(15,1,26,68,68)
r(15,1,26,69,69)
r(67,4,26,70,70)
r(27,5,26,71,71)
r(82,4,26,72,72)
r(71,5,26,73,73)
r(14,1,26,74,74)
r(64,6,26,75,75)
r(27,5,26,76,76)
r(1,4,26,77,77)
r(25,1,26,78,78)
w(90,3,26,79,79)
r(45,0,26,80,80)
r(21,2,26,81,81)
r(10,2,26,82,82)
r(75,0,26,83,83)
r(74,2,26,84,84)
r(14,1,26,85,85)
w(96,1,26,86,86)
r(88,1,26,87,87)
r(54,1,26,88,88)
r(99,3,26,89,89)
w(70,6,26,90,90)
r(83,6,26,91,91)
r(21,2,26,92,92)
r(92,4,26,93,93)
r(21,2,26,94,94)
w(33,4,26,95,95)
r(70,6,26,96,96)
r(22,6,26,97,97)
r(35,2,26,98,98)
r(0,3,26,99,99)
r(2,3,27,0,0)
r(3,5,27,1,1)
r(83,6,27,2,2)
r(69,2,27,3,3)
r(84,5,27,4,4)
r(94,0,27,5,5)
r(40,2,27,6,6)
r(57,5,27,7,7)
r(87,1,27,8,8)
r(9,1,27,9,9)
r(43,0,27,10,10)
r(53,6,27,11,11)
w(29,2,27,12,12)
r(1,4,27,13,13)
r(88,1,27,14,14)
r(77,4,27,15,15)
r(11,5,27,16,16)
r(67,4,27,17,17)
r(39,2,27,18,18)
r(64,6,27,19,19)
r(55,2,27,20,20)
r(75,0,27,21,21)
r(76,1,27,22,22)
r(34,4,27,23,23)
r(3,5,27,24,24)
r(78,6,27,25,25)
r(45,0,27,26,26)
r(6,4,27,27,27)
r(47,1,27,28,28)
r(45,0,27,29,29)
r(5,1,27,30,30)
r(20,1,27,31,31)
r(85,0,27,32,32)
r(13,4,27,33,33)
r(92,4,27,34,34)
r(4,1,27,35,35)
r(1,4,27,36,36)
w(24,2,27,37,37)
r(74,2,27,38,38)
r(48,3,27,39,39)
r(49,2,27,40,40)
w(94,1,27,41,41)
r(42,4,27,42,42)
r(92,4,27,43,43)
r(8,2,27,44,44)
r(49,2,27,45,45)
r(96,1,27,46,46)
r(45,0,27,47,47)
r(47,1,27,48,48)
r(82,4,27,49,49)
r(79,5,27,50,50)
w(18,4,27,51,51)
r(85,0,27,52,52)
r(43,0,27,53,53)
r(47,1,27,54,54)
r(35,2,27,55,55)
r(20,1,27,56,56)
r(18,4,27,57,57)
r(80,1,27,58,58)
r(16,2,27,59,59)
r(14,1,27,60,60)
r(36,1,27,61,61)
r(58,1,27,62,62)
r(41,3,27,63,63)
r(3,5,27,64,64)
r(39,2,27,65,65)
w(14,2,27,66,66)
r(50,4,27,67,67)
r(71,5,27,68,68)
r(33,4,27,69,69)
r(97,0,27,70,70)
r(33,4,27,71,71)
r(40,2,27,72,72)
r(83,6,27,73,73)
r(63,0,27,74,74)
r(29,2,27,75,75)
r(68,2,27,76,76)
w(8,3,27,77,77)
r(70,6,27,78,78)
r(41,3,27,79,79)
r(7,6,27,80,80)
r(51,7,27,81,81)
r(48,3,27,82,82)
r(50,4,27,83,83)
w(3,6,27,84,84)
w(47,2,27,85,85)
r(99,3,27,86,86)
r(75,0,27,87,87)
r(88,1,27,88,88)
r(24,2,27,89,89)
r(76,1,27,90,90)
r(18,4,27,91,91)
r(16,2,27,92,92)
r(33,4,27,93,93)
r(95,1,27,94,94)
r(63,0,27,95,95)
w(49,3,27,96,96)
r(29,2,27,97,97)
r(78,6,27,98,98)
r(88,1,27,99,99)
r(67,4,28,0,0)
w(68,3,28,1,1)
r(62,4,28,2,2)
r(73,5,28,3,3)
r(24,2,28,4,4)
r(60,3,28,5,5)
r(38,2,28,6,6)
r(20,1,28,7,7)
r(28,1,28,8,8)
r(58,1,28,9,9)
r(94,1,28,10,10)
r(73,5,28,11,11)
r(47,2,28,12,12)
r(14,2,28,13,13)
r(83,6,28,14,14)
r(86,1,28,15,15)
r(69,2,28,16,16)
r(90,3,28,17,17)
r(37,2,28,18,18)
r(87,1,28,19,19)
r(18,4,28,20,20)
r(62,4,28,21,21)
r(36,1,28,22,22)
r(99,3,28,23,23)
r(55,2,28,24,24)
r(78,6,28,25,25)
r(45,0,28,26,26)
r(27,5,28,27,27)
r(78,6,28,28,28)
r(19,4,28,29,29)
r(19,4,28,30,30)
r(47,2,28,31,31)
r(98,5,28,32,32)
r(89,3,28,33,33)
r(16,2,28,34,34)
r(8,3,28,35,35)
r(12,6,28,36,36)
r(92,4,28,37,37)
r(32,3,28,38,38)
w(11,6,28,39,39)
r(1,4,28,40,40)
r(73,5,28,41,41)
r(9,1,28,42,42)
r(81,1,28,43,43)
r(24,2,28,44,44)
r(18,4,28,45,45)
r(0,3,28,46,46)
r(50,4,28,47,47)
r(23,2,28,48,48)
r(90,3,28,49,49)
r(87,1,28,50,50)
w(99,4,28,51,51)
r(47,2,28,52,52)
r(10,2,28,53,53)
r(95,1,28,54,54)
r(50,4,28,55,55)
r(23,2,28,56,56)
r(59,3,28,57,57)
r(25,1,28,58,58)
r(57,5,28,59,59)
r(50,4,28,60,60)
r(92,4,28,61,61)
r(62,4,28,62,62)
r(86,1,28,63,63)
r(57,5,28,64,64)
r(71,5,28,65,65)
r(87,1,28,66,66)
r(93,4,28,67,67)
r(21,2,28,68,68)
r(96,1,28,69,69)
r(13,4,28,70,70)
r(15,1,28,71,71)
r(94,1,28,72,72)
w(24,3,28,73,73)
r(7,6,28,74,74)
w(94,2,28,75,75)
r(98,5,28,76,76)
r(65,2,28,77,77)
r(16,2,28,78,78)
r(32,3,28,79,79)
r(51,7,28,80,80)
r(90,3,28,81,81)
r(8,3,28,82,82)
r(8,3,28,83,83)
r(34,4,28,84,84)
r(93,4,28,85,85)
r(54,1,28,86,86)
r(45,0,28,87,87)
r(49,3,28,88,88)
w(93,5,28,89,89)
r(95,1,28,90,90)
r(52,3,28,91,91)
r(77,4,28,92,92)
r(44,2,28,93,93)
w(86,2,28,94,94)
r(79,5,28,95,95)
r(20,1,28,96,96)
r(52,3,28,97,97)
r(41,3,28,98,98)
r(24,3,28,99,99)
r(31,2,29,0,0)
r(38,2,29,1,1)
r(25,1,29,2,2)
r(69,2,29,3,3)
r(27,5,29,4,4)
r(0,3,29,5,5)
r(33,4,29,6,6)
r(94,2,29,7,7)
r(77,4,29,8,8)
r(40,2,29,9,9)
r(56,2,29,10,10)
r(81,1,29,11,11)
r(99,4,29,12,12)
r(22,6,29,13,13)
r(69,2,29,14,14)
r(27,5,29,15,15)
r(3,6,29,16,16)
r(16,2,29,17,17)
w(62,5,29,18,18)
r(0,3,29,19,19)
r(62,5,29,20,20)
r(58,1,29,21,21)
r(19,4,29,22,22)
r(80,1,29,23,23)
r(38,2,29,24,24)
r(6,4,29,25,25)
r(37,2,29,26,26)
r(38,2,29,27,27)
r(69,2,29,28,28)
r(88,1,29,29,29)
r(57,5,29,30,30)
r(27,5,29,31,31)
r(5,1,29,32,32)
r(49,3,29,33,33)
r(25,1,29,34,34)
r(62,5,29,35,35)
r(12,6,29,36,36)
r(64,6,29,37,37)
r(53,6,29,38,38)
r(48,3,29,39,39)
r(37,2,29,40,40)
r(14,2,29,41,41)
w(14,3,29,42,42)
r(4,1,29,43,43)
r(4,1,29,44,44)
r(55,2,29,45,45)
r(41,3,29,46,46)
r(1,4,29,47,47)
r(82,4,29,48,48)
r(10,2,29,49,49)
r(2,3,29,50,50)
r(70,6,29,51,51)
r(2,3,29,52,52)
r(35,2,29,53,53)
r(36,1,29,54,54)
r(14,3,29,55,55)
r(11,6,29,56,56)
r(76,1,29,57,57)
r(42,4,29,58,58)
r(57,5,29,59,59)
r(22,6,29,60,60)
r(69,2,29,61,61)
r(49,3,29,62,62)
r(2,3,29,63,63)
w(46,5,29,64,64)
r(55,2,29,65,65)
r(6,4,29,66,66)
r(56,2,29,67,67)
r(63,0,29,68,68)
r(86,2,29,69,69)
r(64,6,29,70,70)
r(27,5,29,71,71)
r(92,4,29,72,72)
r(43,0,29,73,73)
r(72,4,29,74,74)
r(51,7,29,75,75)
r(62,5,29,76,76)
r(13,4,29,77,77)
r(69,2,29,78,78)
w(45,1,29,79,79)
r(89,3,29,80,80)
r(67,4,29,81,81)
r(1,4,29,82,82)
r(17,2,29,83,83)
r(50,4,29,84,84)
r(45,1,29,85,85)
r(28,1,29,86,86)
r(41,3,29,87,87)
r(53,6,29,88,88)
r(62,5,29,89,89)
r(30,2,29,90,90)
r(92,4,29,91,91)
r(9,1,29,92,92)
r(50,4,29,93,93)
w(40,3,29,94,94)
r(69,2,29,95,95)
w(61,1,29,96,96)
r(6,4,29,97,97)
r(26,2,29,98,98)
r(74,2,29,99,99)
r(6,4,30,0,0)
w(43,1,30,1,1)
r(98,5,30,2,2)
w(64,7,30,3,3)
r(44,2,30,4,4)
r(55,2,30,5,5)
w(80,2,30,6,6)
r(19,4,30,7,7)
r(4,1,30,8,8)
r(5,1,30,9,9)
r(85,0,30,10,10)
w(76,2,30,11,11)
r(49,3,30,12,12)
r(78,6,30,13,13)
r(79,5,30,14,14)
r(43,1,30,15,15)
r(28,1,30,16,16)
r(46,5,30,17,17)
r(70,6,30,18,18)
r(88,1,30,19,19)
r(19,4,30,20,20)
r(18,4,30,21,21)
r(47,2,30,22,22)
w(93,6,30,23,23)
r(53,6,30,24,24)
r(19,4,30,25,25)
w(26,3,30,26,26)
r(69,2,30,27,27)
r(65,2,30,28,28)
r(75,0,30,29,29)
r(12,6,30,30,30)
r(29,2,30,31,31)
r(60,3,30,32,32)
w(5,2,30,33,33)
r(60,3,30,34,34)
r(77,4,30,35,35)
r(65,2,30,36,36)
r(30,2,30,37,37)
r(27,5,30,38,38)
r(58,1,30,39,39)
r(45,1,30,40,40)
r(66,4,30,41,41)
r(71,5,30,42,42)
r(31,2,30,43,43)
r(39,2,30,44,44)
r(70,6,30,45,45)
r(44,2,30,46,46)
r(99,4,30,47,47)
r(27,5,30,48,48)
r(97,0,30,49,49)
r(2,3,30,50,50)
r(64,7,30,51,51)
r(10,2,30,52,52)
r(85,0,30,53,53)
r(3,6,30,54,54)
r(33,4,30,55,55)
w(17,3,30,56,56)
r(78,6,30,57,57)
r(38,2,30,58,58)
r(45,1,30,59,59)
r(38,2,30,60,60)
r(61,1,30,61,61)
r(49,3,30,62,62)
r(41,3,30,63,63)
w(20,2,30,64,64)
r(26,3,30,65,65)
r(28,1,30,66,66)
r(66,4,30,67,67)
r(68,3,30,68,68)
r(30,2,30,69,69)
r(66,4,30,70,70)
w(19,5,30,71,71)
r(22,6,30,72,72)
r(47,2,30,73,73)
r(94,2,30,74,74)
r(92,4,30,75,75)
r(34,4,30,76,76)
r(28,1,30,77,77)
r(4,1,30,78,78)
r(76,2,30,79,79)
r(44,2,30,80,80)
r(97,0,30,81,81)
r(28,1,30,82,82)
r(93,6,30,83,83)
r(31,2,30,84,84)
r(42,4,30,85,85)
r(12,6,30,86,86)
w(88,2,30,87,87)
r(70,6,30,88,88)
r(27,5,30,89,89)
r(37,2,30,90,90)
r(38,2,30,91,91)
r(54,1,30,92,92)
r(74,2,30,93,93)
r(75,0,30,94,94)
r(61,1,30,95,95)
r(14,3,30,96,96)
r(4,1,30,97,97)
r(82,4,30,98,98)
r(39,2,30,99,99)
r(26,3,31,0,0)
r(96,1,31,1,1)
r(87,1,31,2,2)
r(48,3,31,3,3)
r(48,3,31,4,4)
r(17,3,31,5,5)
w(17,4,31,6,6)
r(34,4,31,7,7)
r(88,2,31,8,8)
r(39,2,31,9,9)
r(26,3,31,10,10)
r(55,2,31,11,11)
r(39,2,31,12,12)
r(79,5,31,13,13)
r(19,5,31,14,14)
r(34,4,31,15,15)
r(92,4,31,16,16)
r(2,3,31,17,17)
r(28,1,31,18,18)
r(48,3,31,19,19)
r(31,2,31,20,20)
r(81,1,31,21,21)
r(6,4,31,22,22)
r(59,3,31,23,23)
r(78,6,31,24,24)
w(5,3,31,25,25)
r(43,1,31,26,26)
r(82,4,31,27,27)
r(95,1,31,28,28)
r(53,6,31,29,29)
r(76,2,31,30,30)
r(6,4,31,31,31)
r(0,3,31,32,32)
r(1,4,31,33,33)
r(65,2,31,34,34)
r(63,0,31,35,35)
r(56,2,31,36,36)
r(79,5,31,37,37)
r(49,3,31,38,38)
r(45,1,31,39,39)
r(23,2,31,40,40)
r(73,5,31,41,41)
r(39,2,31,42,42)
r(47,2,31,43,43)
r(49,3,31,44,44)
r(91,3,31,45,45)
r(50,4,31,46,46)
r(49,3,31,47,47)
r(3,6,31,48,48)
r(32,3,31,49,49)
r(65,2,31,50,50)
r(80,2,31,51,51)
r(84,5,31,52,52)
w(17,5,31,53,53)
r(95,1,31,54,54)
r(13,4,31,55,55)
r(27,5,31,56,56)
r(7,6,31,57,57)
w(21,3,31,58,58)
r(89,3,31,59,59)
r(15,1,31,60,60)
r(19,5,31,61,61)
r(22,6,31,62,62)
r(70,6,31,63,63)
r(49,3,31,64,64)
r(89,3,31,65,65)
r(24,3,31,66,66)
r(91,3,31,67,67)
r(34,4,31,68,68)
r(10,2,31,69,69)
r(89,3,31,70,70)
r(55,2,31,71,71)
r(96,1,31,72,72)
r(76,2,31,73,73)
r(75,0,31,74,74)
w(35,3,31,75,75)
w(59,4,31,76,76)
r(65,2,31,77,77)
r(70,6,31,78,78)
r(89,3,31,79,79)
r(83,6,31,80,80)
r(0,3,31,81,81)
r(40,3,31,82,82)
r(23,2,31,83,83)
r(76,2,31,84,84)
r(71,5,31,85,85)
r(81,1,31,86,86)
r(16,2,31,87,87)
w(62,6,31,88,88)
w(45,2,31,89,89)
r(3,6,31,90,90)
r(90,3,31,91,91)
w(32,4,31,92,92)
r(29,2,31,93,93)
r(83,6,31,94,94)
r(86,2,31,95,95)
r(55,2,31,96,96)
r(30,2,31,97,97)
r(3,6,31,98,98)
r(57,5,31,99,99)
r(91,3,32,0,0)
r(82,4,32,1,1)
r(62,6,32,2,2)
r(14,3,32,3,3)
w(69,3,32,4,4)
r(58,1,32,5,5)
r(33,4,32,6,6)
r(42,4,32,7,7)
r(65,2,32,8,8)
r(82,4,32,9,9)
r(30,2,32,10,10)
r(65,2,32,11,11)
r(17,5,32,12,12)
r(43,1,32,13,13)
r(35,3,32,14,14)
r(19,5,32,15,15)
r(92,4,32,16,16)
r(74,2,32,17,17)
r(60,3,32,18,18)
r(23,2,32,19,19)
r(43,1,32,20,20)
r(16,2,32,21,21)
r(57,5,32,22,22)
w(55,3,32,23,23)
r(61,1,32,24,24)
r(77,4,32,25,25)
r(10,2,32,26,26)
r(52,3,32,27,27)
r(79,5,32,28,28)
r(49,3,32,29,29)
w(28,2,32,30,30)
r(19,5,32,31,31)
r(99,4,32,32,32)
r(24,3,32,33,33)
r(44,2,32,34,34)
r(19,5,32,35,35)
r(90,3,32,36,36)
r(50,4,32,37,37)
r(22,6,32,38,38)
r(18,4,32,39,39)
r(11,6,32,40,40)
w(22,7,32,41,41)
r(35,3,32,42,42)
w(20,3,32,43,43)
r(54,1,32,44,44)
r(43,1,32,45,45)
r(48,3,32,46,46)
r(59,4,32,47,47)
r(56,2,32,48,48)
r(93,6,32,49,49)
r(16,2,32,50,50)
r(82,4,32,51,51)
r(82,4,32,52,52)
r(40,3,32,53,53)
r(77,4,32,54,54)
r(51,7,32,55,55)
r(58,1,32,56,56)
r(15,1,32,57,57)
r(42,4,32,58,58)
r(37,2,32,59,59)
r(86,2,32,60,60)
w(21,4,32,61,61)
r(81,1,32,62,62)
r(9,1,32,63,63)
r(97,0,32,64,64)
w(38,3,32,65,65)
r(93,6,32,66,66)
r(6,4,32,67,67)
r(33,4,32,68,68)
r(47,2,32,69,69)
r(84,5,32,70,70)
r(83,6,32,71,71)
r(18,4,32,72,72)
r(64,7,32,73,73)
r(21,4,32,74,74)
r(87,1,32,75,75)
r(73,5,32,76,76)
r(42,4,32,77,77)
r(66,4,32,78,78)
r(88,2,32,79,79)
r(55,3,32,80,80)
w(73,6,32,81,81)
w(65,3,32,82,82)
r(22,7,32,83,83)
r(92,4,32,84,84)
r(45,2,32,85,85)
w(11,7,32,86,86)
r(1,4,32,87,87)
r(22,7,32,88,88)
r(27,5,32,89,89)
r(10,2,32,90,90)
r(34,4,32,91,91)
r(0,3,32,92,92)
r(12,6,32,93,93)
w(6,5,32,94,94)
r(69,3,32,95,95)
r(84,5,32,96,96)
r(77,4,32,97,97)
r(23,2,32,98,98)
r(80,2,32,99,99)
r(93,6,33,0,0)
r(78,6,33,1,1)
r(59,4,33,2,2)
r(98,5,33,3,3)
r(99,4,33,4,4)
r(52,3,33,5,5)
r(39,2,33,6,6)
r(63,0,33,7,7)
r(32,4,33,8,8)
r(60,3,33,9,9)
r(72,4,33,10,10)
r(6,5,33,11,11)
r(63,0,33,12,12)
r(89,3,33,13,13)
r(40,3,33,14,14)
r(56,2,33,15,15)
r(68,3,33,16,16)
r(30,2,33,17,17)
r(25,1,33,18,18)
w(57,6,33,19,19)
r(76,2,33,20,20)
w(22,8,33,21,21)
r(68,3,33,22,22)
r(27,5,33,23,23)
r(11,7,33,24,24)
r(16,2,33,25,25)
r(87,1,33,26,26)
r(29,2,33,27,27)
r(69,3,33,28,28)
r(81,1,33,29,29)
r(56,2,33,30,30)
r(15,1,33,31,31)
r(90,3,33,32,32)
r(18,4,33,33,33)
r(84,5,33,34,34)
r(87,1,33,35,35)
r(63,0,33,36,36)
r(32,4,33,37,37)
r(80,2,33,38,38)
r(28,2,33,39,39)
r(66,4,33,40,40)
r(39,2,33,41,41)
r(11,7,33,42,42)
r(52,3,33,43,43)
w(3,7,33,44,44)
r(18,4,33,45,45)
w(8,4,33,46,46)
r(22,8,33,47,47)
r(65,3,33,48,48)
r(31,2,33,49,49)
r(92,4,33,50,50)
r(41,3,33,51,51)
r(41,3,33,52,52)
r(29,2,33,53,53)
r(82,4,33,54,54)
w(8,5,33,55,55)
r(60,3,33,56,56)
r(62,6,33,57,57)
r(66,4,33,58,58)
r(63,0,33,59,59)
r(33,4,33,60,60)
r(22,8,33,61,61)
r(48,3,33,62,62)
r(40,3,33,63,63)
r(9,1,33,64,64)
r(15,1,33,65,65)
r(20,3,33,66,66)
r(7,6,33,67,67)
r(69,3,33,68,68)
r(70,6,33,69,69)
r(33,4,33,70,70)
w(99,5,33,71,71)
r(38,3,33,72,72)
r(10,2,33,73,73)
r(95,1,33,74,74)
r(79,5,33,75,75)
r(96,1,33,76,76)
r(22,8,33,77,77)
w(86,3,33,78,78)
r(64,7,33,79,79)
r(44,2,33,80,80)
r(67,4,33,81,81)
r(49,3,33,82,82)
r(98,5,33,83,83)
r(83,6,33,84,84)
w(69,4,33,85,85)
r(4,1,33,86,86)
r(36,1,33,87,87)
r(38,3,33,88,88)
r(3,7,33,89,89)
r(19,5,33,90,90)
r(37,2,33,91,91)
r(41,3,33,92,92)
r(17,5,33,93,93)
r(9,1,33,94,94)
r(68,3,33,95,95)
r(22,8,33,96,96)
r(54,1,33,97,97)
r(82,4,33,98,98)
r(75,0,33,99,99)
r(98,5,34,0,0)
r(94,2,34,1,1)
r(42,4,34,2,2)
r(62,6,34,3,3)
r(43,1,34,4,4)
r(6,5,34,5,5)
r(24,3,34,6,6)
r(6,5,34,7,7)
r(65,3,34,8,8)
w(45,3,34,9,9)
r(92,4,34,10,10)
r(73,6,34,11,11)
r(34,4,34,12,12)
r(74,2,34,13,13)
r(26,3,34,14,14)
r(77,4,34,15,15)
r(72,4,34,16,16)
r(24,3,34,17,17)
r(71,5,34,18,18)
r(86,3,34,19,19)
r(77,4,34,20,20)
r(11,7,34,21,21)
r(23,2,34,22,22)
r(81,1,34,23,23)
r(87,1,34,24,24)
r(63,0,34,25,25)
r(11,7,34,26,26)
r(93,6,34,27,27)
r(29,2,34,28,28)
r(80,2,34,29,29)
r(88,2,34,30,30)
r(34,4,34,31,31)
r(10,2,34,32,32)
r(6,5,34,33,33)
r(85,0,34,34,34)
r(74,2,34,35,35)
w(21,5,34,36,36)
r(59,4,34,37,37)
r(83,6,34,38,38)
w(8,6,34,39,39)
r(47,2,34,40,40)
w(42,5,34,41,41)
w(0,4,34,42,42)
r(5,3,34,43,43)
r(53,6,34,44,44)
w(11,8,34,45,45)
r(58,1,34,46,46)
r(80,2,34,47,47)
r(60,3,34,48,48)
w(8,7,34,49,49)
r(58,1,34,50,50)
r(5,3,34,51,51)
r(48,3,34,52,52)
r(95,1,34,53,53)
r(83,6,34,54,54)
r(96,1,34,55,55)
r(14,3,34,56,56)
r(5,3,34,57,57)
r(6,5,34,58,58)
r(25,1,34,59,59)
r(21,5,34,60,60)
w(8,8,34,61,61)
r(45,3,34,62,62)
r(84,5,34,63,63)
r(51,7,34,64,64)
r(76,2,34,65,65)
r(82,4,34,66,66)
r(10,2,34,67,67)
w(91,4,34,68,68)
r(69,4,34,69,69)
r(31,2,34,70,70)
r(49,3,34,71,71)
r(51,7,34,72,72)
r(60,3,34,73,73)
r(39,2,34,74,74)
r(63,0,34,75,75)
r(48,3,34,76,76)
r(88,2,34,77,77)
r(59,4,34,78,78)
r(24,3,34,79,79)
r(46,5,34,80,80)
r(10,2,34,81,81)
r(5,3,34,82,82)
w(80,3,34,83,83)
r(6,5,34,84,84)
r(13,4,34,85,85)
w(78,7,34,86,86)
r(52,3,34,87,87)
r(82,4,34,88,88)
r(6,5,34,89,89)
r(58,1,34,90,90)
r(98,5,34,91,91)
r(70,6,34,92,92)
r(18,4,34,93,93)
r(8,8,34,94,94)
w(41,4,34,95,95)
w(31,3,34,96,96)
r(29,2,34,97,97)
r(29,2,34,98,98)
r(90,3,34,99,99)
r(46,5,35,0,0)
r(7,6,35,1,1)
w(16,3,35,2,2)
r(5,3,35,3,3)
r(80,3,35,4,4)
r(68,3,35,5,5)
r(86,3,35,6,6)
r(37,2,35,7,7)
r(1,4,35,8,8)
r(29,2,35,9,9)
r(38,3,35,10,10)
r(11,8,35,11,11)
r(28,2,35,12,12)
r(55,3,35,13,13)
r(79,5,35,14,14)
r(86,3,35,15,15)
r(72,4,35,16,16)
w(23,3,35,17,17)
r(27,5,35,18,18)
r(14,3,35,19,19)
r(86,3,35,20,20)
r(83,6,35,21,21)
r(54,1,35,22,22)
r(18,4,35,23,23)
r(8,8,35,24,24)
r(42,5,35,25,25)
w(24,4,35,26,26)
r(50,4,35,27,27)
r(95,1,35,28,28)
r(54,1,35,29,29)
r(9,1,35,30,30)
r(97,0,35,31,31)
r(75,0,35,32,32)
r(51,7,35,33,33)
r(30,2,35,34,34)
r(69,4,35,35,35)
r(99,5,35,36,36)
r(68,3,35,37,37)
r(56,2,35,38,38)
r(73,6,35,39,39)
r(2,3,35,40,40)
r(15,1,35,41,41)
r(9,1,35,42,42)
r(58,1,35,43,43)
r(98,5,35,44,44)
r(61,1,35,45,45)
r(84,5,35,46,46)
r(68,3,35,47,47)
r(72,4,35,48,48)
r(87,1,35,49,49)
r(40,3,35,50,50)
w(9,2,35,51,51)
r(89,3,35,52,52)
r(24,4,35,53,53)
r(4,1,35,54,54)
r(46,5,35,55,55)
r(43,1,35,56,56)
r(38,3,35,57,57)
r(95,1,35,58,58)
r(73,6,35,59,59)
w(23,4,35,60,60)
r(57,6,35,61,61)
r(77,4,35,62,62)
r(76,2,35,63,63)
r(25,1,35,64,64)
r(83,6,35,65,65)
r(4,1,35,66,66)
w(56,3,35,67,67)
r(0,4,35,68,68)
r(75,0,35,69,69)
w(8,9,35,70,70)
r(9,2,35,71,71)
r(14,3,35,72,72)
r(35,3,35,73,73)
w(88,3,35,74,74)
r(54,1,35,75,75)
r(78,7,35,76,76)
r(79,5,35,77,77)
r(39,2,35,78,78)
r(79,5,35,79,79)
w(54,2,35,80,80)
r(95,1,35,81,81)
r(5,3,35,82,82)
r(25,1,35,83,83)
r(90,3,35,84,84)
r(9,2,35,85,85)
w(7,7,35,86,86)
r(79,5,35,87,87)
r(95,1,35,88,88)
w(21,6,35,89,89)
r(35,3,35,90,90)
r(69,4,35,91,91)
r(4,1,35,92,92)
r(40,3,35,93,93)
r(79,5,35,94,94)
r(73,6,35,95,95)
r(97,0,35,96,96)
r(97,0,35,97,97)
r(31,3,35,98,98)
r(68,3,35,99,99)
r(46,5,36,0,0)
r(31,3,36,1,1)
r(83,6,36,2,2)
r(96,1,36,3,3)
r(47,2,36,4,4)
r(99,5,36,5,5)
r(87,1,36,6,6)
r(35,3,36,7,7)
r(31,3,36,8,8)
w(95,2,36,9,9)
r(4,1,36,10,10)
r(46,5,36,11,11)
r(18,4,36,12,12)
r(43,1,36,13,13)
r(32,4,36,14,14)
r(85,0,36,15,15)
r(48,3,36,16,16)
r(92,4,36,17,17)
r(14,3,36,18,18)
r(80,3,36,19,19)
r(24,4,36,20,20)
r(15,1,36,21,21)
w(55,4,36,22,22)
r(15,1,36,23,23)
r(98,5,36,24,24)
r(30,2,36,25,25)
r(10,2,36,26,26)
r(45,3,36,27,27)
w(0,5,36,28,28)
r(62,6,36,29,29)
r(63,0,36,30,30)
r(68,3,36,31,31)
r(23,4,36,32,32)
r(39,2,36,33,33)
r(53,6,36,34,34)
r(95,2,36,35,35)
r(37,2,36,36,36)
r(48,3,36,37,37)
w(45,4,36,38,38)
r(49,3,36,39,39)
w(74,3,36,40,40)
r(15,1,36,41,41)
r(82,4,36,42,42)
w(48,4,36,43,43)
r(0,5,36,44,44)
r(38,3,36,45,45)
w(37,3,36,46,46)
r(86,3,36,47,47)
r(11,8,36,48,48)
r(23,4,36,49,49)
r(91,4,36,50,50)
r(56,3,36,51,51)
r(64,7,36,52,52)
r(16,3,36,53,53)
r(25,1,36,54,54)
r(29,2,36,55,55)
r(74,3,36,56,56)
r(59,4,36,57,57)
w(85,1,36,58,58)
r(58,1,36,59,59)
r(30,2,36,60,60)
r(30,2,36,61,61)
r(70,6,36,62,62)
r(46,5,36,63,63)
r(3,7,36,64,64)
r(34,4,36,65,65)
r(37,3,36,66,66)
r(27,5,36,67,67)
r(33,4,36,68,68)
w(55,5,36,69,69)
r(55,5,36,70,70)
r(66,4,36,71,71)
r(64,7,36,72,72)
r(2,3,36,73,73)
r(43,1,36,74,74)
r(44,2,36,75,75)
r(44,2,36,76,76)
r(78,7,36,77,77)
r(61,1,36,78,78)
r(78,7,36,79,79)
r(95,2,36,80,80)
r(85,1,36,81,81)
r(48,4,36,82,82)
w(7,8,36,83,83)
r(97,0,36,84,84)
r(56,3,36,85,85)
r(47,2,36,86,86)
r(13,4,36,87,87)
r(23,4,36,88,88)
r(22,8,36,89,89)
r(97,0,36,90,90)
r(38,3,36,91,91)
w(55,6,36,92,92)
r(73,6,36,93,93)
r(6,5,36,94,94)
r(33,4,36,95,95)
r(39,2,36,96,96)
r(73,6,36,97,97)
r(79,5,36,98,98)
r(91,4,36,99,99)
r(49,3,37,0,0)
r(60,3,37,1,1)
r(67,4,37,2,2)
r(4,1,37,3,3)
r(36,1,37,4,4)
r(13,4,37,5,5)
r(63,0,37,6,6)
r(32,4,37,7,7)
r(79,5,37,8,8)
r(62,6,37,9,9)
r(5,3,37,10,10)
r(82,4,37,11,11)
r(60,3,37,12,12)
w(41,5,37,13,13)
r(34,4,37,14,14)
r(3,7,37,15,15)
r(90,3,37,16,16)
r(87,1,37,17,17)
r(0,5,37,18,18)
r(48,4,37,19,19)
w(88,4,37,20,20)
r(23,4,37,21,21)
r(20,3,37,22,22)
w(39,3,37,23,23)
r(60,3,37,24,24)
r(43,1,37,25,25)
r(11,8,37,26,26)
r(79,5,37,27,27)
r(82,4,37,28,28)
r(62,6,37,29,29)
w(70,7,37,30,30)
r(15,1,37,31,31)
r(24,4,37,32,32)
r(62,6,37,33,33)
r(84,5,37,34,34)
r(3,7,37,35,35)
r(74,3,37,36,36)
r(61,1,37,37,37)
r(78,7,37,38,38)
r(66,4,37,39,39)
r(27,5,37,40,40)
r(85,1,37,41,41)
r(72,4,37,42,42)
r(99,5,37,43,43)
r(92,4,37,44,44)
r(48,4,37,45,45)
r(53,6,37,46,46)
r(36,1,37,47,47)
r(86,3,37,48,48)
r(27,5,37,49,49)
r(60,3,37,50,50)
r(12,6,37,51,51)
r(52,3,37,52,52)
r(20,3,37,53,53)
r(42,5,37,54,54)
r(35,3,37,55,55)
r(67,4,37,56,56)
w(42,6,37,57,57)
w(52,4,37,58,58)
r(61,1,37,59,59)
r(89,3,37,60,60)
r(50,4,37,61,61)
r(20,3,37,62,62)
r(34,4,37,63,63)
r(82,4,37,64,64)
r(6,5,37,65,65)
r(66,4,37,66,66)
r(13,4,37,67,67)
r(87,1,37,68,68)
w(27,6,37,69,69)
r(42,6,37,70,70)
r(2,3,37,71,71)
r(38,3,37,72,72)
r(13,4,37,73,73)
r(73,6,37,74,74)
r(17,5,37,75,75)
r(6,5,37,76,76)
w(99,6,37,77,77)
r(81,1,37,78,78)
r(83,6,37,79,79)
r(80,3,37,80,80)
r(84,5,37,81,81)
r(83,6,37,82,82)
r(93,6,37,83,83)
r(49,3,37,84,84)
r(7,8,37,85,85)
r(52,4,37,86,86)
r(1,4,37,87,87)
r(53,6,37,88,88)
r(84,5,37,89,89)
r(2,3,37,90,90)
r(24,4,37,91,91)
r(51,7,37,92,92)
r(50,4,37,93,93)
r(37,3,37,94,94)
r(31,3,37,95,95)
r(87,1,37,96,96)
r(74,3,37,97,97)
r(45,4,37,98,98)
r(95,2,37,99,99)
r(3,7,38,0,0)
r(56,3,38,1,1)
r(99,6,38,2,2)
r(61,1,38,3,3)
r(45,4,38,4,4)
r(67,4,38,5,5)
w(77,5,38,6,6)
w(31,4,38,7,7)
r(53,6,38,8,8)
r(92,4,38,9,9)
r(33,4,38,10,10)
r(2,3,38,11,11)
r(85,1,38,12,12)
r(75,0,38,13,13)
r(92,4,38,14,14)
r(6,5,38,15,15)
r(63,0,38,16,16)
r(95,2,38,17,17)
r(69,4,38,18,18)
r(47,2,38,19,19)
r(68,3,38,20,20)
w(63,1,38,21,21)
w(27,7,38,22,22)
r(71,5,38,23,23)
r(93,6,38,24,24)
r(2,3,38,25,25)
r(86,3,38,26,26)
w(17,6,38,27,27)
r(82,4,38,28,28)
r(31,4,38,29,29)
w(95,3,38,30,30)
r(8,9,38,31,31)
r(3,7,38,32,32)
r(88,4,38,33,33)
r(82,4,38,34,34)
r(53,6,38,35,35)
r(50,4,38,36,36)
r(10,2,38,37,37)
r(56,3,38,38,38)
r(95,3,38,39,39)
r(48,4,38,40,40)
r(45,4,38,41,41)
r(24,4,38,42,42)
r(46,5,38,43,43)
r(89,3,38,44,44)
r(34,4,38,45,45)
r(82,4,38,46,46)
r(9,2,38,47,47)
r(53,6,38,48,48)
r(62,6,38,49,49)
r(25,1,38,50,50)
r(98,5,38,51,51)
r(20,3,38,52,52)
r(36,1,38,53,53)
r(89,3,38,54,54)
r(8,9,38,55,55)
r(99,6,38,56,56)
r(11,8,38,57,57)
r(59,4,38,58,58)
r(9,2,38,59,59)
r(64,7,38,60,60)
r(29,2,38,61,61)
r(94,2,38,62,62)
r(31,4,38,63,63)
r(85,1,38,64,64)
r(18,4,38,65,65)
r(53,6,38,66,66)
r(37,3,38,67,67)
r(5,3,38,68,68)
r(22,8,38,69,69)
w(99,7,38,70,70)
w(34,5,38,71,71)
r(7,8,38,72,72)
r(34,5,38,73,73)
r(88,4,38,74,74)
r(54,2,38,75,75)
r(20,3,38,76,76)
r(46,5,38,77,77)
r(77,5,38,78,78)
r(87,1,38,79,79)
r(11,8,38,80,80)
r(72,4,38,81,81)
w(79,6,38,82,82)
r(61,1,38,83,83)
r(8,9,38,84,84)
r(30,2,38,85,85)
r(70,7,38,86,86)
r(11,8,38,87,87)
w(89,4,38,88,88)
r(36,1,38,89,89)
w(65,4,38,90,90)
r(72,4,38,91,91)
w(43,2,38,92,92)
r(21,6,38,93,93)
r(5,3,38,94,94)
r(21,6,38,95,95)
r(44,2,38,96,96)
r(6,5,38,97,97)
r(99,7,38,98,98)
r(33,4,38,99,99)
r(98,5,39,0,0)
r(33,4,39,1,1)
r(4,1,39,2,2)
r(31,4,39,3,3)
r(94,2,39,4,4)
r(17,6,39,5,5)
r(6,5,39,6,6)
r(12,6,39,7,7)
r(66,4,39,8,8)
r(98,5,39,9,9)
r(7,8,39,10,10)
r(44,2,39,11,11)
r(30,2,39,12,12)
w(7,9,39,13,13)
r(48,4,39,14,14)
r(62,6,39,15,15)
r(46,5,39,16,16)
r(89,4,39,17,17)
r(61,1,39,18,18)
r(12,6,39,19,19)
r(21,6,39,20,20)
r(52,4,39,21,21)
r(5,3,39,22,22)
r(18,4,39,23,23)
r(88,4,39,24,24)
r(52,4,39,25,25)
r(60,3,39,26,26)
r(12,6,39,27,27)
r(41,5,39,28,28)
r(84,5,39,29,29)
r(1,4,39,30,30)
r(99,7,39,31,31)
w(84,6,39,32,32)
r(45,4,39,33,33)
w(25,2,39,34,34)
r(34,5,39,35,35)
r(70,7,39,36,36)
r(8,9,39,37,37)
r(82,4,39,38,38)
r(44,2,39,39,39)
r(39,3,39,40,40)
r(57,6,39,41,41)
r(89,4,39,42,42)
r(62,6,39,43,43)
r(13,4,39,44,44)
r(95,3,39,45,45)
r(75,0,39,46,46)
r(84,6,39,47,47)
r(95,3,39,48,48)
r(31,4,39,49,49)
r(43,2,39,50,50)
r(94,2,39,51,51)
r(82,4,39,52,52)
w(64,8,39,53,53)
r(30,2,39,54,54)
r(13,4,39,55,55)
r(56,3,39,56,56)
r(34,5,39,57,57)
r(67,4,39,58,58)
r(9,2,39,59,59)
r(26,3,39,60,60)
r(54,2,39,61,61)
r(57,6,39,62,62)
r(54,2,39,63,63)
r(91,4,39,64,64)
r(79,6,39,65,65)
r(35,3,39,66,66)
r(96,1,39,67,67)
r(85,1,39,68,68)
r(52,4,39,69,69)
r(27,7,39,70,70)
r(21,6,39,71,71)
r(53,6,39,72,72)
r(29,2,39,73,73)
r(1,4,39,74,74)
r(41,5,39,75,75)
r(19,5,39,76,76)
r(40,3,39,77,77)
w(95,4,39,78,78)
r(34,5,39,79,79)
r(2,3,39,80,80)
r(28,2,39,81,81)
r(86,3,39,82,82)
r(20,3,39,83,83)
r(39,3,39,84,84)
r(89,4,39,85,85)
r(54,2,39,86,86)
w(85,2,39,87,87)
r(45,4,39,88,88)
r(19,5,39,89,89)
r(43,2,39,90,90)
w(29,3,39,91,91)
r(49,3,39,92,92)
r(9,2,39,93,93)
r(46,5,39,94,94)
r(91,4,39,95,95)
r(53,6,39,96,96)
r(37,3,39,97,97)
r(3,7,39,98,98)
r(65,4,39,99,99)
