w(14,1,0,0,0)
r(13,0,0,1,1)
w(2,1,0,2,2)
r(8,0,0,3,3)
w(12,1,0,4,4)
w(23,1,0,5,5)
r(2,1,0,6,6)
r(1,0,0,7,7)
w(14,2,0,8,8)
w(9,1,0,9,9)
w(15,1,0,10,10)
w(11,1,0,11,11)
w(0,1,0,12,12)
r(2,1,0,13,13)
w(0,2,0,14,14)
w(0,3,0,15,15)
r(60,0,0,16,16)
w(20,1,0,17,17)
w(5,1,0,18,18)
w(0,4,0,19,19)
w(57,1,0,20,20)
r(0,4,0,21,21)
r(84,0,0,22,22)
r(9,1,0,23,23)
r(33,0,0,24,24)
r(0,4,0,25,25)
r(1,0,0,26,26)
w(66,1,0,27,27)
r(36,0,0,28,28)
r(5,1,0,29,29)
w(3,1,0,30,30)
w(73,1,0,31,31)
r(0,4,0,32,32)
w(36,1,0,33,33)
r(15,1,0,34,34)
w(1,1,0,35,35)
w(1,2,0,36,36)
w(6,1,0,37,37)
w(42,1,0,38,38)
w(44,1,0,39,39)
w(35,1,0,40,40)
r(6,1,0,41,41)
w(0,5,0,42,42)
r(13,0,0,43,43)
r(34,0,0,44,44)
r(1,2,0,45,45)
w(28,1,0,46,46)
w(0,6,0,47,47)
r(8,0,0,48,48)
r(23,1,0,49,49)
r(24,0,0,50,50)
r(0,6,0,51,51)
w(3,2,0,52,52)
r(2,1,0,53,53)
r(0,6,0,54,54)
r(9,1,0,55,55)
r(50,0,0,56,56)
w(97,1,0,57,57)
r(2,1,0,58,58)
r(27,0,0,59,59)
w(53,1,0,60,60)
r(0,6,0,61,61)
w(20,2,0,62,62)
w(0,7,0,63,63)
w(1,3,0,64,64)
w(5,2,0,65,65)
r(58,0,0,66,66)
r(5,2,0,67,67)
r(5,2,0,68,68)
r(83,0,0,69,69)
r(9,1,0,70,70)
w(1,4,0,71,71)
w(8,1,0,72,72)
w(60,1,0,73,73)
w(18,1,0,74,74)
r(0,7,0,75,75)
r(62,0,0,76,76)
w(1,5,0,77,77)
w(19,1,0,78,78)
w(99,1,0,79,79)
w(2,2,0,80,80)
r(4,0,0,81,81)
r(4,0,0,82,82)
w(40,1,0,83,83)
r(10,0,0,84,84)
w(0,8,0,85,85)
r(2,2,0,86,86)
r(3,2,0,87,87)
w(3,3,0,88,88)
r(29,0,0,89,89)
w(3,4,0,90,90)
r(1,5,0,91,91)
w(0,9,0,92,92)
w(89,1,0,93,93)
r(0,9,0,94,94)
r(0,9,0,95,95)
r(30,0,0,96,96)
w(79,1,0,97,97)
w(2,3,0,98,98)
r(0,9,0,99,99)
r(10,0,0,100,100)
r(31,0,0,101,101)
r(42,1,0,102,102)
w(0,10,0,103,103)
r(71,0,0,104,104)
r(10,0,0,105,105)
w(4,1,0,106,106)
w(58,1,0,107,107)
r(4,1,0,108,108)
w(4,2,0,109,109)
r(41,0,0,110,110)
r(9,1,0,111,111)
w(11,2,0,112,112)
w(10,1,0,113,113)
w(1,6,0,114,114)
w(5,3,0,115,115)
r(0,10,0,116,116)
w(5,4,0,117,117)
r(27,0,0,118,118)
r(5,4,0,119,119)
r(52,0,0,120,120)
r(19,1,0,121,121)
w(17,1,0,122,122)
r(0,10,0,123,123)
r(2,3,0,124,124)
w(6,2,0,125,125)
r(3,4,0,126,126)
w(2,4,0,127,127)
r(0,10,0,128,128)
w(56,1,0,129,129)
r(51,0,0,130,130)
w(1,7,0,131,131)
w(17,2,0,132,132)
r(51,0,0,133,133)
r(3,4,0,134,134)
r(53,1,0,135,135)
r(1,7,0,136,136)
r(75,0,0,137,137)
r(0,10,0,138,138)
r(1,7,0,139,139)
w(8,2,0,140,140)
w(2,5,0,141,141)
w(0,11,0,142,142)
w(1,8,0,143,143)
r(6,2,0,144,144)
r(0,11,0,145,145)
w(14,3,0,146,146)
r(2,5,0,147,147)
r(32,0,0,148,148)
r(1,8,0,149,149)
r(5,4,0,150,150)
r(26,0,0,151,151)
r(0,11,0,152,152)
r(5,4,0,153,153)
w(11,3,0,154,154)
w(17,3,0,155,155)
r(26,0,0,156,156)
w(8,3,0,157,157)
r(24,0,0,158,158)
r(0,11,0,159,159)
r(3,4,0,160,160)
r(10,1,0,161,161)
w(75,1,0,162,162)
r(30,0,0,163,163)
r(10,1,0,164,164)
w(35,2,0,165,165)
w(0,12,0,166,166)
r(66,1,0,167,167)
w(23,2,0,168,168)
w(0,13,0,169,169)
w(0,14,0,170,170)
r(94,0,0,171,171)
w(34,1,0,172,172)
w(22,1,0,173,173)
r(0,14,0,174,174)
w(4,3,0,175,175)
w(51,1,0,176,176)
w(2,6,0,177,177)
r(12,1,0,178,178)
r(5,4,0,179,179)
w(0,15,0,180,180)
r(16,0,0,181,181)
r(9,1,0,182,182)
w(14,4,0,183,183)
r(4,3,0,184,184)
r(1,8,0,185,185)
w(84,1,0,186,186)
r(53,1,0,187,187)
r(6,2,0,188,188)
r(85,0,0,189,189)
r(4,3,0,190,190)
r(0,15,0,191,191)
r(4,3,0,192,192)
w(1,9,0,193,193)
r(1,9,0,194,194)
r(1,9,0,195,195)
r(39,0,0,196,196)
w(12,2,0,197,197)
r(0,15,0,198,198)
r(0,15,0,199,199)
w(0,16,0,200,200)
w(0,17,0,201,201)
r(23,2,0,202,202)
w(11,4,0,203,203)
w(0,18,0,204,204)
r(28,1,0,205,205)
r(18,1,0,206,206)
r(54,0,0,207,207)
r(7,0,0,208,208)
r(0,18,0,209,209)
w(12,3,0,210,210)
r(56,1,0,211,211)
r(12,3,0,212,212)
w(70,1,0,213,213)
r(29,0,0,214,214)
w(41,1,0,215,215)
r(1,9,0,216,216)
w(7,1,0,217,217)
w(20,3,0,218,218)
r(2,6,0,219,219)
w(5,5,0,220,220)
r(9,1,0,221,221)
r(0,18,0,222,222)
w(73,2,0,223,223)
r(46,0,0,224,224)
w(8,4,0,225,225)
w(26,1,0,226,226)
w(13,1,0,227,227)
w(0,19,0,228,228)
w(10,2,0,229,229)
r(2,6,0,230,230)
w(10,3,0,231,231)
r(28,1,0,232,232)
w(10,4,0,233,233)
r(27,0,0,234,234)
r(10,4,0,235,235)
w(13,2,0,236,236)
r(0,19,0,237,237)
r(25,0,0,238,238)
w(3,5,0,239,239)
w(6,3,0,240,240)
r(8,4,0,241,241)
w(26,2,0,242,242)
r(9,1,0,243,243)
w(2,7,0,244,244)
w(4,4,0,245,245)
w(66,2,0,246,246)
r(3,5,0,247,247)
r(4,4,0,248,248)
r(2,7,0,249,249)
w(7,2,0,250,250)
w(0,20,0,251,251)
w(0,21,0,252,252)
w(50,1,0,253,253)
w(94,1,0,254,254)
w(87,1,0,255,255)
r(13,2,0,256,256)
r(61,0,0,257,257)
w(13,3,0,258,258)
w(13,4,0,259,259)
r(41,1,0,260,260)
r(0,21,0,261,261)
w(15,2,0,262,262)
w(0,22,0,263,263)
w(5,6,0,264,264)
r(3,5,0,265,265)
r(0,22,0,266,266)
w(38,1,0,267,267)
w(15,3,0,268,268)
w(43,1,0,269,269)
r(4,4,0,270,270)
w(0,23,0,271,271)
r(23,2,0,272,272)
r(0,23,0,273,273)
r(0,23,0,274,274)
w(0,24,0,275,275)
r(1,9,0,276,276)
r(22,1,0,277,277)
r(7,2,0,278,278)
r(11,4,0,279,279)
r(28,1,0,280,280)
r(2,7,0,281,281)
w(1,10,0,282,282)
w(50,2,0,283,283)
r(68,0,0,284,284)
r(36,1,0,285,285)
w(2,8,0,286,286)
r(1,10,0,287,287)
r(0,24,0,288,288)
r(11,4,0,289,289)
r(4,4,0,290,290)
r(17,3,0,291,291)
r(68,0,0,292,292)
r(24,0,0,293,293)
w(33,1,0,294,294)
r(17,3,0,295,295)
w(17,4,0,296,296)
r(34,1,0,297,297)
w(43,2,0,298,298)
w(20,4,0,299,299)
r(15,3,0,300,300)
w(3,6,0,301,301)
w(18,2,0,302,302)
w(76,1,0,303,303)
r(38,1,0,304,304)
r(3,6,0,305,305)
w(65,1,0,306,306)
w(30,1,0,307,307)
r(62,0,0,308,308)
w(18,3,0,309,309)
r(4,4,0,310,310)
w(96,1,0,311,311)
r(30,1,0,312,312)
r(6,3,0,313,313)
w(2,9,0,314,314)
r(46,0,0,315,315)
w(1,11,0,316,316)
w(65,2,0,317,317)
r(3,6,0,318,318)
w(14,5,0,319,319)
w(76,2,0,320,320)
r(17,4,0,321,321)
w(44,2,0,322,322)
w(29,1,0,323,323)
w(1,12,0,324,324)
r(38,1,0,325,325)
w(2,10,0,326,326)
w(6,4,0,327,327)
r(41,1,0,328,328)
r(52,0,0,329,329)
w(16,1,0,330,330)
r(0,24,0,331,331)
r(65,2,0,332,332)
r(57,1,0,333,333)
r(23,2,0,334,334)
w(21,1,0,335,335)
r(14,5,0,336,336)
w(2,11,0,337,337)
r(0,24,0,338,338)
w(59,1,0,339,339)
w(0,25,0,340,340)
r(24,0,0,341,341)
w(0,26,0,342,342)
r(1,12,0,343,343)
w(65,3,0,344,344)
w(2,12,0,345,345)
r(13,4,0,346,346)
r(51,1,0,347,347)
r(10,4,0,348,348)
w(0,27,0,349,349)
w(3,7,0,350,350)
r(16,1,0,351,351)
r(1,12,0,352,352)
w(76,3,0,353,353)
w(0,28,0,354,354)
w(1,13,0,355,355)
w(1,14,0,356,356)
r(0,28,0,357,357)
w(12,4,0,358,358)
w(0,29,0,359,359)
w(0,30,0,360,360)
r(9,1,0,361,361)
r(18,3,0,362,362)
r(34,1,0,363,363)
r(0,30,0,364,364)
r(1,14,0,365,365)
w(28,2,0,366,366)
r(2,12,0,367,367)
w(1,15,0,368,368)
r(3,7,0,369,369)
r(30,1,0,370,370)
w(0,31,0,371,371)
w(1,16,0,372,372)
w(1,17,0,373,373)
r(6,4,0,374,374)
w(0,32,0,375,375)
w(29,2,0,376,376)
w(33,2,0,377,377)
w(14,6,0,378,378)
w(0,33,0,379,379)
w(17,5,0,380,380)
w(21,2,0,381,381)
r(1,17,0,382,382)
r(41,1,0,383,383)
r(28,2,0,384,384)
w(65,4,0,385,385)
r(68,0,0,386,386)
r(1,17,0,387,387)
r(1,17,0,388,388)
r(65,4,0,389,389)
r(4,4,0,390,390)
r(73,2,0,391,391)
w(98,1,0,392,392)
r(52,0,0,393,393)
w(25,1,0,394,394)
r(1,17,0,395,395)
w(1,18,0,396,396)
r(9,1,0,397,397)
w(6,5,0,398,398)
r(3,7,0,399,399)
r(39,0,0,400,400)
r(89,1,0,401,401)
r(22,1,0,402,402)
w(0,34,0,403,403)
r(28,2,0,404,404)
r(11,4,0,405,405)
r(0,34,0,406,406)
r(2,12,0,407,407)
w(2,13,0,408,408)
r(4,4,0,409,409)
w(1,19,0,410,410)
r(6,5,0,411,411)
w(14,7,0,412,412)
w(2,14,0,413,413)
w(1,20,0,414,414)
r(52,0,0,415,415)
r(4,4,0,416,416)
w(40,2,0,417,417)
r(7,2,0,418,418)
w(1,21,0,419,419)
r(33,2,0,420,420)
w(3,8,0,421,421)
w(39,1,0,422,422)
w(88,1,0,423,423)
r(1,21,0,424,424)
w(19,2,0,425,425)
r(27,0,0,426,426)
r(48,0,0,427,427)
w(37,1,0,428,428)
r(18,3,0,429,429)
w(6,6,0,430,430)
r(20,4,0,431,431)
w(1,22,0,432,432)
r(2,14,0,433,433)
w(41,2,0,434,434)
r(11,4,0,435,435)
r(9,1,0,436,436)
w(3,9,0,437,437)
w(2,15,0,438,438)
r(92,0,0,439,439)
r(4,4,0,440,440)
r(8,4,0,441,441)
w(1,23,0,442,442)
r(5,6,0,443,443)
w(50,3,0,444,444)
r(27,0,0,445,445)
r(10,4,0,446,446)
r(8,4,0,447,447)
r(74,0,0,448,448)
w(57,2,0,449,449)
w(29,3,0,450,450)
w(1,24,0,451,451)
r(95,0,0,452,452)
r(20,4,0,453,453)
w(1,25,0,454,454)
w(38,2,0,455,455)
w(35,3,0,456,456)
r(1,25,0,457,457)
w(0,35,0,458,458)
w(3,10,0,459,459)
r(12,4,0,460,460)
r(29,3,0,461,461)
w(3,11,0,462,462)
r(50,3,0,463,463)
w(3,12,0,464,464)
r(32,0,0,465,465)
r(10,4,0,466,466)
w(0,36,0,467,467)
w(6,7,0,468,468)
w(15,4,0,469,469)
r(4,4,0,470,470)
w(47,1,0,471,471)
w(28,3,0,472,472)
w(92,1,0,473,473)
w(9,2,0,474,474)
w(4,5,0,475,475)
w(71,1,0,476,476)
r(8,4,0,477,477)
w(5,7,0,478,478)
r(99,1,0,479,479)
r(12,4,0,480,480)
r(4,5,0,481,481)
w(16,2,0,482,482)
w(0,37,0,483,483)
r(93,0,0,484,484)
w(16,3,0,485,485)
w(4,6,0,486,486)
w(15,5,0,487,487)
w(6,8,0,488,488)
r(10,4,0,489,489)
w(7,3,0,490,490)
w(15,6,0,491,491)
w(3,13,0,492,492)
w(2,16,0,493,493)
w(35,4,0,494,494)
r(0,37,0,495,495)
w(0,38,0,496,496)
w(15,7,0,497,497)
w(5,8,0,498,498)
w(69,1,0,499,499)
w(2,17,1,0,0)
r(97,1,1,1,1)
r(15,7,1,2,2)
w(25,2,1,3,3)
w(19,3,1,4,4)
r(14,7,1,5,5)
w(2,18,1,6,6)
r(38,2,1,7,7)
w(51,2,1,8,8)
w(1,26,1,9,9)
r(2,18,1,10,10)
r(26,2,1,11,11)
r(50,3,1,12,12)
w(6,9,1,13,13)
w(4,7,1,14,14)
w(21,3,1,15,15)
w(1,27,1,16,16)
r(75,1,1,17,17)
w(2,19,1,18,18)
w(25,3,1,19,19)
r(0,38,1,20,20)
r(66,2,1,21,21)
w(12,5,1,22,22)
w(8,5,1,23,23)
w(87,2,1,24,24)
r(2,19,1,25,25)
r(0,38,1,26,26)
r(3,13,1,27,27)
w(3,14,1,28,28)
w(97,2,1,29,29)
r(8,5,1,30,30)
w(0,39,1,31,31)
r(23,2,1,32,32)
r(18,3,1,33,33)
w(0,40,1,34,34)
w(2,20,1,35,35)
w(73,3,1,36,36)
r(20,4,1,37,37)
w(1,28,1,38,38)
r(38,2,1,39,39)
r(0,40,1,40,40)
r(1,28,1,41,41)
r(17,5,1,42,42)
r(9,2,1,43,43)
r(1,28,1,44,44)
w(3,15,1,45,45)
w(47,2,1,46,46)
w(0,41,1,47,47)
r(1,28,1,48,48)
r(0,41,1,49,49)
r(2,20,1,50,50)
w(3,16,1,51,51)
w(15,8,1,52,52)
r(4,7,1,53,53)
r(74,0,1,54,54)
w(6,10,1,55,55)
w(0,42,1,56,56)
w(9,3,1,57,57)
r(1,28,1,58,58)
w(42,2,1,59,59)
r(2,20,1,60,60)
w(0,43,1,61,61)
w(37,2,1,62,62)
w(37,3,1,63,63)
w(90,1,1,64,64)
w(6,11,1,65,65)
w(93,1,1,66,66)
r(55,0,1,67,67)
w(36,2,1,68,68)
r(11,4,1,69,69)
r(1,28,1,70,70)
w(8,6,1,71,71)
r(3,16,1,72,72)
w(21,4,1,73,73)
w(26,3,1,74,74)
r(3,16,1,75,75)
w(30,2,1,76,76)
w(1,29,1,77,77)
w(8,7,1,78,78)
w(0,44,1,79,79)
r(5,8,1,80,80)
w(86,1,1,81,81)
w(26,4,1,82,82)
r(2,20,1,83,83)
w(9,4,1,84,84)
r(35,4,1,85,85)
w(0,45,1,86,86)
r(1,29,1,87,87)
w(9,5,1,88,88)
r(9,5,1,89,89)
w(0,46,1,90,90)
r(1,29,1,91,91)
w(2,21,1,92,92)
r(10,4,1,93,93)
r(41,2,1,94,94)
w(0,47,1,95,95)
r(8,7,1,96,96)
w(1,30,1,97,97)
r(7,3,1,98,98)
w(0,48,1,99,99)
r(14,7,1,100,100)
r(5,8,1,101,101)
r(1,30,1,102,102)
r(7,3,1,103,103)
r(0,48,1,104,104)
r(12,5,1,105,105)
w(1,31,1,106,106)
r(25,3,1,107,107)
w(0,49,1,108,108)
w(3,17,1,109,109)
r(16,3,1,110,110)
r(2,21,1,111,111)
w(15,9,1,112,112)
r(9,5,1,113,113)
r(13,4,1,114,114)
r(0,49,1,115,115)
w(9,6,1,116,116)
r(2,21,1,117,117)
r(14,7,1,118,118)
r(7,3,1,119,119)
w(5,9,1,120,120)
w(17,6,1,121,121)
r(18,3,1,122,122)
w(3,18,1,123,123)
r(28,3,1,124,124)
r(48,0,1,125,125)
w(52,1,1,126,126)
r(39,1,1,127,127)
w(17,7,1,128,128)
r(76,3,1,129,129)
w(0,50,1,130,130)
r(20,4,1,131,131)
w(9,7,1,132,132)
w(1,32,1,133,133)
r(7,3,1,134,134)
w(11,5,1,135,135)
w(89,2,1,136,136)
r(3,18,1,137,137)
w(16,4,1,138,138)
w(5,10,1,139,139)
w(4,8,1,140,140)
r(23,2,1,141,141)
w(38,3,1,142,142)
w(27,1,1,143,143)
r(0,50,1,144,144)
r(39,1,1,145,145)
r(33,2,1,146,146)
r(0,50,1,147,147)
w(53,2,1,148,148)
w(0,51,1,149,149)
w(7,4,1,150,150)
r(0,51,1,151,151)
w(24,1,1,152,152)
r(1,32,1,153,153)
r(7,4,1,154,154)
w(11,6,1,155,155)
r(70,1,1,156,156)
w(12,6,1,157,157)
r(1,32,1,158,158)
r(0,51,1,159,159)
w(5,11,1,160,160)
r(6,11,1,161,161)
r(12,6,1,162,162)
w(46,1,1,163,163)
w(15,10,1,164,164)
r(29,3,1,165,165)
w(15,11,1,166,166)
w(0,52,1,167,167)
r(8,7,1,168,168)
r(0,52,1,169,169)
r(0,52,1,170,170)
w(0,53,1,171,171)
r(8,7,1,172,172)
w(46,2,1,173,173)
w(1,33,1,174,174)
w(22,2,1,175,175)
w(3,19,1,176,176)
w(1,34,1,177,177)
r(13,4,1,178,178)
w(77,1,1,179,179)
r(99,1,1,180,180)
w(33,3,1,181,181)
r(0,53,1,182,182)
r(0,53,1,183,183)
r(2,21,1,184,184)
w(3,20,1,185,185)
r(2,21,1,186,186)
r(16,4,1,187,187)
r(0,53,1,188,188)
w(41,3,1,189,189)
r(1,34,1,190,190)
r(30,2,1,191,191)
r(0,53,1,192,192)
r(14,7,1,193,193)
w(26,5,1,194,194)
r(50,3,1,195,195)
r(12,6,1,196,196)
w(21,5,1,197,197)
w(1,35,1,198,198)
r(6,11,1,199,199)
w(33,4,1,200,200)
r(0,53,1,201,201)
w(3,21,1,202,202)
r(35,4,1,203,203)
w(31,1,1,204,204)
r(5,11,1,205,205)
w(0,54,1,206,206)
r(1,35,1,207,207)
w(2,22,1,208,208)
w(1,36,1,209,209)
r(0,54,1,210,210)
w(11,7,1,211,211)
w(6,12,1,212,212)
w(0,55,1,213,213)
w(8,8,1,214,214)
r(3,21,1,215,215)
w(4,9,1,216,216)
w(1,37,1,217,217)
r(1,37,1,218,218)
w(6,13,1,219,219)
r(0,55,1,220,220)
r(42,2,1,221,221)
w(3,22,1,222,222)
w(33,5,1,223,223)
r(19,3,1,224,224)
w(11,8,1,225,225)
w(41,4,1,226,226)
r(15,11,1,227,227)
w(10,5,1,228,228)
w(0,56,1,229,229)
w(15,12,1,230,230)
w(8,9,1,231,231)
r(19,3,1,232,232)
w(15,13,1,233,233)
w(3,23,1,234,234)
w(2,23,1,235,235)
r(32,0,1,236,236)
w(13,5,1,237,237)
r(9,7,1,238,238)
w(9,8,1,239,239)
w(0,57,1,240,240)
w(17,8,1,241,241)
r(0,57,1,242,242)
w(0,58,1,243,243)
r(0,58,1,244,244)
r(30,2,1,245,245)
r(24,1,1,246,246)
w(2,24,1,247,247)
w(0,59,1,248,248)
r(46,2,1,249,249)
r(3,23,1,250,250)
w(37,4,1,251,251)
w(4,10,1,252,252)
r(0,59,1,253,253)
r(12,6,1,254,254)
r(1,37,1,255,255)
r(3,23,1,256,256)
w(1,38,1,257,257)
w(18,4,1,258,258)
r(0,59,1,259,259)
r(0,59,1,260,260)
r(0,59,1,261,261)
w(0,60,1,262,262)
w(6,14,1,263,263)
r(10,5,1,264,264)
w(2,25,1,265,265)
r(15,13,1,266,266)
w(0,61,1,267,267)
r(1,38,1,268,268)
w(92,2,1,269,269)
r(1,38,1,270,270)
w(2,26,1,271,271)
r(1,38,1,272,272)
w(7,5,1,273,273)
r(1,38,1,274,274)
r(0,61,1,275,275)
r(6,14,1,276,276)
r(0,61,1,277,277)
w(0,62,1,278,278)
w(74,1,1,279,279)
w(0,63,1,280,280)
w(4,11,1,281,281)
r(1,38,1,282,282)
r(1,38,1,283,283)
w(49,1,1,284,284)
w(14,8,1,285,285)
w(20,5,1,286,286)
r(20,5,1,287,287)
w(3,24,1,288,288)
w(6,15,1,289,289)
w(3,25,1,290,290)
r(88,1,1,291,291)
r(6,15,1,292,292)
w(5,12,1,293,293)
r(1,38,1,294,294)
r(2,26,1,295,295)
w(1,39,1,296,296)
r(72,0,1,297,297)
w(5,13,1,298,298)
r(58,1,1,299,299)
r(0,63,1,300,300)
w(38,4,1,301,301)
w(1,40,1,302,302)
r(74,1,1,303,303)
w(95,1,1,304,304)
w(2,27,1,305,305)
w(0,64,1,306,306)
w(12,7,1,307,307)
w(18,5,1,308,308)
w(94,2,1,309,309)
w(8,10,1,310,310)
r(56,1,1,311,311)
r(7,5,1,312,312)
r(0,64,1,313,313)
w(0,65,1,314,314)
w(16,5,1,315,315)
w(93,2,1,316,316)
w(6,16,1,317,317)
r(94,2,1,318,318)
w(0,66,1,319,319)
w(22,3,1,320,320)
w(0,67,1,321,321)
w(0,68,1,322,322)
w(76,4,1,323,323)
r(44,2,1,324,324)
w(73,4,1,325,325)
r(4,11,1,326,326)
r(6,16,1,327,327)
w(20,6,1,328,328)
r(3,25,1,329,329)
w(2,28,1,330,330)
r(76,4,1,331,331)
w(84,2,1,332,332)
w(1,41,1,333,333)
w(61,1,1,334,334)
w(54,1,1,335,335)
w(2,29,1,336,336)
r(31,1,1,337,337)
w(29,4,1,338,338)
w(42,3,1,339,339)
r(4,11,1,340,340)
r(13,5,1,341,341)
r(1,41,1,342,342)
w(86,2,1,343,343)
r(6,16,1,344,344)
r(4,11,1,345,345)
r(1,41,1,346,346)
r(0,68,1,347,347)
w(86,3,1,348,348)
r(1,41,1,349,349)
r(8,10,1,350,350)
r(2,29,1,351,351)
r(0,68,1,352,352)
r(5,13,1,353,353)
r(72,0,1,354,354)
w(44,3,1,355,355)
w(0,69,1,356,356)
w(77,2,1,357,357)
w(8,11,1,358,358)
w(50,4,1,359,359)
w(1,42,1,360,360)
r(0,69,1,361,361)
w(1,43,1,362,362)
r(26,5,1,363,363)
r(41,4,1,364,364)
r(1,43,1,365,365)
w(6,17,1,366,366)
r(0,69,1,367,367)
w(4,12,1,368,368)
w(51,3,1,369,369)
r(1,43,1,370,370)
r(31,1,1,371,371)
r(22,3,1,372,372)
r(25,3,1,373,373)
w(4,13,1,374,374)
w(22,4,1,375,375)
r(21,5,1,376,376)
w(25,4,1,377,377)
r(7,5,1,378,378)
r(76,4,1,379,379)
r(3,25,1,380,380)
r(0,69,1,381,381)
r(10,5,1,382,382)
w(2,30,1,383,383)
r(35,4,1,384,384)
r(0,69,1,385,385)
r(49,1,1,386,386)
r(0,69,1,387,387)
r(11,8,1,388,388)
w(4,14,1,389,389)
w(11,9,1,390,390)
r(0,69,1,391,391)
w(16,6,1,392,392)
r(0,69,1,393,393)
r(9,8,1,394,394)
w(15,14,1,395,395)
r(17,8,1,396,396)
w(12,8,1,397,397)
w(79,2,1,398,398)
w(7,6,1,399,399)
w(6,18,1,400,400)
r(1,43,1,401,401)
r(15,14,1,402,402)
w(0,70,1,403,403)
w(0,71,1,404,404)
w(25,5,1,405,405)
w(16,7,1,406,406)
w(0,72,1,407,407)
r(1,43,1,408,408)
w(19,4,1,409,409)
r(30,2,1,410,410)
r(29,4,1,411,411)
r(20,6,1,412,412)
w(47,3,1,413,413)
w(11,10,1,414,414)
w(1,44,1,415,415)
r(9,8,1,416,416)
w(3,26,1,417,417)
r(16,7,1,418,418)
r(82,0,1,419,419)
r(8,11,1,420,420)
w(1,45,1,421,421)
r(45,0,1,422,422)
r(6,18,1,423,423)
w(69,2,1,424,424)
w(53,3,1,425,425)
w(85,1,1,426,426)
r(8,11,1,427,427)
w(94,3,1,428,428)
w(30,3,1,429,429)
w(7,7,1,430,430)
w(15,15,1,431,431)
r(12,8,1,432,432)
r(25,5,1,433,433)
w(15,16,1,434,434)
w(1,46,1,435,435)
r(23,2,1,436,436)
r(0,72,1,437,437)
r(21,5,1,438,438)
r(28,3,1,439,439)
w(0,73,1,440,440)
w(91,1,1,441,441)
w(13,6,1,442,442)
w(4,15,1,443,443)
r(4,15,1,444,444)
w(38,5,1,445,445)
w(13,7,1,446,446)
w(0,74,1,447,447)
r(11,10,1,448,448)
r(44,3,1,449,449)
w(16,8,1,450,450)
r(15,16,1,451,451)
w(56,2,1,452,452)
w(0,75,1,453,453)
r(54,1,1,454,454)
r(36,2,1,455,455)
w(11,11,1,456,456)
r(58,1,1,457,457)
r(4,15,1,458,458)
r(2,30,1,459,459)
r(8,11,1,460,460)
w(0,76,1,461,461)
r(6,18,1,462,462)
r(48,0,1,463,463)
r(0,76,1,464,464)
w(0,77,1,465,465)
w(15,17,1,466,466)
r(6,18,1,467,467)
r(9,8,1,468,468)
w(3,27,1,469,469)
w(14,9,1,470,470)
w(2,31,1,471,471)
w(4,16,1,472,472)
w(35,5,1,473,473)
r(3,27,1,474,474)
w(8,12,1,475,475)
w(45,1,1,476,476)
r(0,77,1,477,477)
w(43,3,1,478,478)
r(0,77,1,479,479)
r(0,77,1,480,480)
r(71,1,1,481,481)
w(3,28,1,482,482)
r(15,17,1,483,483)
w(7,8,1,484,484)
r(0,77,1,485,485)
w(5,14,1,486,486)
r(98,1,1,487,487)
w(52,2,1,488,488)
r(4,16,1,489,489)
w(9,9,1,490,490)
w(49,2,1,491,491)
r(18,5,1,492,492)
r(6,18,1,493,493)
w(0,78,1,494,494)
w(1,47,1,495,495)
r(0,78,1,496,496)
w(1,48,1,497,497)
w(0,79,1,498,498)
r(90,1,1,499,499)
r(22,4,2,0,0)
w(3,29,2,1,1)
w(37,5,2,2,2)
w(49,3,2,3,3)
r(13,7,2,4,4)
r(2,31,2,5,5)
w(2,32,2,6,6)
r(9,9,2,7,7)
r(1,48,2,8,8)
r(0,79,2,9,9)
w(59,2,2,10,10)
r(32,0,2,11,11)
r(16,8,2,12,12)
w(16,9,2,13,13)
r(0,79,2,14,14)
r(29,4,2,15,15)
r(11,11,2,16,16)
w(0,80,2,17,17)
w(1,49,2,18,18)
r(7,8,2,19,19)
w(3,30,2,20,20)
w(84,3,2,21,21)
r(3,30,2,22,22)
r(18,5,2,23,23)
r(0,80,2,24,24)
w(49,4,2,25,25)
r(28,3,2,26,26)
w(0,81,2,27,27)
r(16,9,2,28,28)
r(17,8,2,29,29)
r(76,4,2,30,30)
w(33,6,2,31,31)
r(16,9,2,32,32)
w(15,18,2,33,33)
r(49,4,2,34,34)
w(0,82,2,35,35)
w(44,4,2,36,36)
w(8,13,2,37,37)
w(7,9,2,38,38)
w(35,6,2,39,39)
r(73,4,2,40,40)
w(0,83,2,41,41)
w(26,6,2,42,42)
r(22,4,2,43,43)
w(0,84,2,44,44)
w(0,85,2,45,45)
r(22,4,2,46,46)
r(1,49,2,47,47)
r(1,49,2,48,48)
w(1,50,2,49,49)
w(0,86,2,50,50)
r(0,86,2,51,51)
w(86,4,2,52,52)
r(4,16,2,53,53)
w(0,87,2,54,54)
w(15,19,2,55,55)
r(2,32,2,56,56)
r(66,2,2,57,57)
r(1,50,2,58,58)
w(2,33,2,59,59)
r(6,18,2,60,60)
r(46,2,2,61,61)
w(65,5,2,62,62)
w(99,2,2,63,63)
r(0,87,2,64,64)
w(0,88,2,65,65)
w(5,15,2,66,66)
r(98,1,2,67,67)
w(71,2,2,68,68)
r(80,0,2,69,69)
r(7,9,2,70,70)
w(25,6,2,71,71)
r(88,1,2,72,72)
w(31,2,2,73,73)
r(20,6,2,74,74)
r(4,16,2,75,75)
w(1,51,2,76,76)
r(8,13,2,77,77)
r(0,88,2,78,78)
w(0,89,2,79,79)
r(10,5,2,80,80)
w(66,3,2,81,81)
w(83,1,2,82,82)
r(23,2,2,83,83)
r(11,11,2,84,84)
r(4,16,2,85,85)
w(0,90,2,86,86)
w(0,91,2,87,87)
r(2,33,2,88,88)
w(95,2,2,89,89)
w(3,31,2,90,90)
r(2,33,2,91,91)
r(0,91,2,92,92)
r(97,2,2,93,93)
w(9,10,2,94,94)
r(39,1,2,95,95)
r(83,1,2,96,96)
r(0,91,2,97,97)
w(0,92,2,98,98)
r(18,5,2,99,99)
r(0,92,2,100,100)
w(20,7,2,101,101)
w(0,93,2,102,102)
w(50,5,2,103,103)
r(59,2,2,104,104)
w(1,52,2,105,105)
r(80,0,2,106,106)
r(0,93,2,107,107)
w(6,19,2,108,108)
w(8,14,2,109,109)
w(4,17,2,110,110)
r(8,14,2,111,111)
r(12,8,2,112,112)
r(43,3,2,113,113)
w(39,2,2,114,114)
w(2,34,2,115,115)
w(13,8,2,116,116)
w(4,18,2,117,117)
r(21,5,2,118,118)
w(29,5,2,119,119)
r(39,2,2,120,120)
r(0,93,2,121,121)
r(37,5,2,122,122)
r(13,8,2,123,123)
r(6,19,2,124,124)
w(16,10,2,125,125)
w(0,94,2,126,126)
r(35,6,2,127,127)
r(1,52,2,128,128)
w(0,95,2,129,129)
r(62,0,2,130,130)
w(3,32,2,131,131)
w(0,96,2,132,132)
r(20,7,2,133,133)
w(11,12,2,134,134)
w(7,10,2,135,135)
r(29,5,2,136,136)
w(2,35,2,137,137)
r(50,5,2,138,138)
r(0,96,2,139,139)
r(0,96,2,140,140)
r(1,52,2,141,141)
w(0,97,2,142,142)
r(49,4,2,143,143)
r(9,10,2,144,144)
r(3,32,2,145,145)
w(4,19,2,146,146)
r(16,10,2,147,147)
w(19,5,2,148,148)
w(9,11,2,149,149)
r(97,2,2,150,150)
w(1,53,2,151,151)
r(0,97,2,152,152)
w(68,1,2,153,153)
w(12,9,2,154,154)
w(1,54,2,155,155)
w(5,16,2,156,156)
r(57,2,2,157,157)
r(90,1,2,158,158)
r(78,0,2,159,159)
w(28,4,2,160,160)
r(9,11,2,161,161)
w(0,98,2,162,162)
r(0,98,2,163,163)
r(6,19,2,164,164)
w(42,4,2,165,165)
w(3,33,2,166,166)
r(0,98,2,167,167)
r(24,1,2,168,168)
w(5,17,2,169,169)
w(26,7,2,170,170)
w(15,20,2,171,171)
r(15,20,2,172,172)
w(46,3,2,173,173)
r(10,5,2,174,174)
w(19,6,2,175,175)
r(43,3,2,176,176)
w(0,99,2,177,177)
w(0,100,2,178,178)
w(40,3,2,179,179)
r(1,54,2,180,180)
w(0,101,2,181,181)
r(6,19,2,182,182)
r(9,11,2,183,183)
r(0,101,2,184,184)
r(34,1,2,185,185)
r(0,101,2,186,186)
r(35,6,2,187,187)
w(63,1,2,188,188)
r(60,1,2,189,189)
w(79,3,2,190,190)
r(0,101,2,191,191)
r(54,1,2,192,192)
w(0,102,2,193,193)
w(90,2,2,194,194)
w(42,5,2,195,195)
w(16,11,2,196,196)
r(4,19,2,197,197)
r(55,0,2,198,198)
r(2,35,2,199,199)
w(24,2,2,200,200)
r(0,102,2,201,201)
w(74,2,2,202,202)
r(10,5,2,203,203)
w(71,3,2,204,204)
w(0,103,2,205,205)
w(46,4,2,206,206)
r(8,14,2,207,207)
w(1,55,2,208,208)
r(5,17,2,209,209)
w(19,7,2,210,210)
r(36,2,2,211,211)
r(0,103,2,212,212)
r(2,35,2,213,213)
w(15,21,2,214,214)
r(13,8,2,215,215)
w(29,6,2,216,216)
w(1,56,2,217,217)
r(0,103,2,218,218)
r(18,5,2,219,219)
w(1,57,2,220,220)
w(1,58,2,221,221)
w(65,6,2,222,222)
r(0,103,2,223,223)
w(0,104,2,224,224)
w(2,36,2,225,225)
w(6,20,2,226,226)
r(50,5,2,227,227)
r(39,2,2,228,228)
w(66,4,2,229,229)
w(45,2,2,230,230)
r(0,104,2,231,231)
w(31,3,2,232,232)
w(32,1,2,233,233)
w(28,5,2,234,234)
w(5,18,2,235,235)
r(7,10,2,236,236)
w(4,20,2,237,237)
r(0,104,2,238,238)
r(3,33,2,239,239)
r(5,18,2,240,240)
w(4,21,2,241,241)
r(3,33,2,242,242)
w(0,105,2,243,243)
w(0,106,2,244,244)
r(50,5,2,245,245)
w(0,107,2,246,246)
r(0,107,2,247,247)
w(5,19,2,248,248)
r(10,5,2,249,249)
w(8,15,2,250,250)
w(2,37,2,251,251)
w(2,38,2,252,252)
r(6,20,2,253,253)
w(0,108,2,254,254)
w(5,20,2,255,255)
r(0,108,2,256,256)
w(27,2,2,257,257)
w(0,109,2,258,258)
r(15,21,2,259,259)
w(46,5,2,260,260)
w(0,110,2,261,261)
r(63,1,2,262,262)
w(19,8,2,263,263)
w(2,39,2,264,264)
w(11,13,2,265,265)
r(1,58,2,266,266)
r(12,9,2,267,267)
r(14,9,2,268,268)
w(3,34,2,269,269)
r(9,11,2,270,270)
r(8,15,2,271,271)
w(6,21,2,272,272)
w(85,2,2,273,273)
r(0,110,2,274,274)
w(1,59,2,275,275)
w(0,111,2,276,276)
w(74,3,2,277,277)
r(0,111,2,278,278)
r(46,5,2,279,279)
w(0,112,2,280,280)
r(29,6,2,281,281)
r(3,34,2,282,282)
w(1,60,2,283,283)
w(5,21,2,284,284)
r(0,112,2,285,285)
r(49,4,2,286,286)
r(12,9,2,287,287)
w(69,3,2,288,288)
w(0,113,2,289,289)
r(21,5,2,290,290)
r(0,113,2,291,291)
w(3,35,2,292,292)
w(5,22,2,293,293)
r(4,21,2,294,294)
w(5,23,2,295,295)
w(8,16,2,296,296)
r(2,39,2,297,297)
r(1,60,2,298,298)
r(49,4,2,299,299)
w(0,114,2,300,300)
w(0,115,2,301,301)
w(2,40,2,302,302)
r(14,9,2,303,303)
w(4,22,2,304,304)
w(5,24,2,305,305)
w(0,116,2,306,306)
w(4,23,2,307,307)
w(0,117,2,308,308)
w(79,4,2,309,309)
r(9,11,2,310,310)
r(1,60,2,311,311)
r(27,2,2,312,312)
w(18,6,2,313,313)
r(6,21,2,314,314)
r(0,117,2,315,315)
r(0,117,2,316,316)
r(6,21,2,317,317)
w(52,3,2,318,318)
w(80,1,2,319,319)
r(9,11,2,320,320)
w(0,118,2,321,321)
r(28,5,2,322,322)
r(0,118,2,323,323)
w(1,61,2,324,324)
w(15,22,2,325,325)
w(37,6,2,326,326)
w(12,10,2,327,327)
r(22,4,2,328,328)
w(15,23,2,329,329)
w(5,25,2,330,330)
r(1,61,2,331,331)
w(0,119,2,332,332)
r(1,61,2,333,333)
w(15,24,2,334,334)
w(1,62,2,335,335)
w(0,120,2,336,336)
r(12,10,2,337,337)
r(8,16,2,338,338)
w(33,7,2,339,339)
r(1,62,2,340,340)
r(3,35,2,341,341)
w(5,26,2,342,342)
r(0,120,2,343,343)
r(0,120,2,344,344)
w(3,36,2,345,345)
w(22,5,2,346,346)
r(0,120,2,347,347)
w(0,121,2,348,348)
r(1,62,2,349,349)
w(27,3,2,350,350)
r(26,7,2,351,351)
w(0,122,2,352,352)
r(7,10,2,353,353)
w(71,4,2,354,354)
r(0,122,2,355,355)
w(23,3,2,356,356)
w(12,11,2,357,357)
r(23,3,2,358,358)
r(2,40,2,359,359)
w(7,11,2,360,360)
w(87,3,2,361,361)
r(6,21,2,362,362)
w(45,3,2,363,363)
w(68,2,2,364,364)
w(28,6,2,365,365)
w(2,41,2,366,366)
w(18,7,2,367,367)
w(21,6,2,368,368)
r(79,4,2,369,369)
r(25,6,2,370,370)
r(4,23,2,371,371)
r(0,122,2,372,372)
w(3,37,2,373,373)
r(76,4,2,374,374)
w(85,3,2,375,375)
w(3,38,2,376,376)
r(0,122,2,377,377)
w(1,63,2,378,378)
r(3,38,2,379,379)
r(1,63,2,380,380)
w(55,1,2,381,381)
r(2,41,2,382,382)
w(24,3,2,383,383)
r(5,26,2,384,384)
w(0,123,2,385,385)
w(16,12,2,386,386)
w(10,6,2,387,387)
w(33,8,2,388,388)
w(2,42,2,389,389)
w(5,27,2,390,390)
w(2,43,2,391,391)
r(22,5,2,392,392)
w(22,6,2,393,393)
r(23,3,2,394,394)
w(6,22,2,395,395)
r(19,8,2,396,396)
r(4,23,2,397,397)
w(90,3,2,398,398)
w(36,3,2,399,399)
w(51,4,2,400,400)
w(0,124,2,401,401)
r(1,63,2,402,402)
w(2,44,2,403,403)
w(0,125,2,404,404)
w(0,126,2,405,405)
r(37,6,2,406,406)
w(2,45,2,407,407)
r(0,126,2,408,408)
r(46,5,2,409,409)
r(2,45,2,410,410)
r(3,38,2,411,411)
w(6,23,2,412,412)
r(1,63,2,413,413)
r(6,23,2,414,414)
w(11,14,2,415,415)
w(0,127,2,416,416)
r(2,45,2,417,417)
r(29,6,2,418,418)
w(6,24,2,419,419)
r(11,14,2,420,420)
w(0,128,2,421,421)
r(13,8,2,422,422)
r(1,63,2,423,423)
w(1,64,2,424,424)
w(47,4,2,425,425)
r(1,64,2,426,426)
r(5,27,2,427,427)
r(28,6,2,428,428)
r(2,45,2,429,429)
r(59,2,2,430,430)
r(8,16,2,431,431)
r(6,24,2,432,432)
w(2,46,2,433,433)
r(0,128,2,434,434)
r(2,46,2,435,435)
r(1,64,2,436,436)
r(63,1,2,437,437)
w(2,47,2,438,438)
r(5,27,2,439,439)
w(10,7,2,440,440)
w(23,4,2,441,441)
w(42,6,2,442,442)
w(11,15,2,443,443)
w(0,129,2,444,444)
w(0,130,2,445,445)
r(84,3,2,446,446)
r(1,64,2,447,447)
r(6,24,2,448,448)
r(86,4,2,449,449)
w(0,131,2,450,450)
r(1,64,2,451,451)
r(0,131,2,452,452)
r(16,12,2,453,453)
w(22,7,2,454,454)
w(1,65,2,455,455)
r(10,7,2,456,456)
r(11,15,2,457,457)
w(43,4,2,458,458)
w(3,39,2,459,459)
w(2,48,2,460,460)
r(3,39,2,461,461)
w(20,8,2,462,462)
r(3,39,2,463,463)
r(48,0,2,464,464)
w(63,2,2,465,465)
r(89,2,2,466,466)
w(0,132,2,467,467)
r(19,8,2,468,468)
r(22,7,2,469,469)
r(15,24,2,470,470)
r(0,132,2,471,471)
w(43,5,2,472,472)
w(4,24,2,473,473)
w(33,9,2,474,474)
r(62,0,2,475,475)
r(75,1,2,476,476)
w(7,12,2,477,477)
w(0,133,2,478,478)
r(4,24,2,479,479)
w(1,66,2,480,480)
r(16,12,2,481,481)
w(3,40,2,482,482)
r(2,48,2,483,483)
r(1,66,2,484,484)
w(0,134,2,485,485)
r(7,12,2,486,486)
r(0,134,2,487,487)
r(0,134,2,488,488)
w(7,13,2,489,489)
r(0,134,2,490,490)
w(60,2,2,491,491)
r(66,4,2,492,492)
r(2,48,2,493,493)
w(12,12,2,494,494)
r(17,8,2,495,495)
r(13,8,2,496,496)
w(75,2,2,497,497)
w(10,8,2,498,498)
w(6,25,2,499,499)
w(0,135,3,0,0)
r(0,135,3,1,1)
w(0,136,3,2,2)
r(38,5,3,3,3)
r(19,8,3,4,4)
w(97,3,3,5,5)
r(0,136,3,6,6)
w(25,7,3,7,7)
r(10,8,3,8,8)
w(1,67,3,9,9)
r(15,24,3,10,10)
w(3,41,3,11,11)
w(9,12,3,12,12)
w(21,7,3,13,13)
w(87,4,3,14,14)
r(1,67,3,15,15)
r(0,136,3,16,16)
r(0,136,3,17,17)
w(74,4,3,18,18)
r(3,41,3,19,19)
r(6,25,3,20,20)
w(6,26,3,21,21)
w(3,42,3,22,22)
w(0,137,3,23,23)
r(22,7,3,24,24)
w(16,13,3,25,25)
r(10,8,3,26,26)
w(4,25,3,27,27)
w(42,7,3,28,28)
r(1,67,3,29,29)
w(4,26,3,30,30)
w(5,28,3,31,31)
w(1,68,3,32,32)
r(1,68,3,33,33)
w(5,29,3,34,34)
w(1,69,3,35,35)
r(1,69,3,36,36)
r(32,1,3,37,37)
w(20,9,3,38,38)
w(0,138,3,39,39)
w(5,30,3,40,40)
w(1,70,3,41,41)
r(10,8,3,42,42)
w(15,25,3,43,43)
r(6,26,3,44,44)
w(15,26,3,45,45)
r(20,9,3,46,46)
r(1,70,3,47,47)
w(0,139,3,48,48)
w(70,2,3,49,49)
w(35,7,3,50,50)
r(8,16,3,51,51)
r(88,1,3,52,52)
w(33,10,3,53,53)
r(2,48,3,54,54)
w(0,140,3,55,55)
r(0,140,3,56,56)
w(3,43,3,57,57)
w(13,9,3,58,58)
w(0,141,3,59,59)
r(1,70,3,60,60)
r(41,4,3,61,61)
w(23,5,3,62,62)
w(1,71,3,63,63)
r(41,4,3,64,64)
r(1,71,3,65,65)
w(0,142,3,66,66)
w(45,4,3,67,67)
w(30,4,3,68,68)
w(11,16,3,69,69)
r(2,48,3,70,70)
w(17,9,3,71,71)
r(5,30,3,72,72)
w(16,14,3,73,73)
r(7,13,3,74,74)
w(2,49,3,75,75)
r(0,142,3,76,76)
w(90,4,3,77,77)
w(35,8,3,78,78)
r(27,3,3,79,79)
r(1,71,3,80,80)
w(0,143,3,81,81)
r(1,71,3,82,82)
r(57,2,3,83,83)
w(1,72,3,84,84)
r(2,49,3,85,85)
r(15,26,3,86,86)
w(3,44,3,87,87)
r(24,3,3,88,88)
r(17,9,3,89,89)
r(39,2,3,90,90)
w(73,5,3,91,91)
r(3,44,3,92,92)
r(31,3,3,93,93)
r(8,16,3,94,94)
w(0,144,3,95,95)
r(2,49,3,96,96)
r(0,144,3,97,97)
w(77,3,3,98,98)
w(2,50,3,99,99)
w(1,73,3,100,100)
r(0,144,3,101,101)
r(15,26,3,102,102)
w(0,145,3,103,103)
r(92,2,3,104,104)
r(12,12,3,105,105)
r(20,9,3,106,106)
w(3,45,3,107,107)
w(0,146,3,108,108)
r(71,4,3,109,109)
r(2,50,3,110,110)
r(1,73,3,111,111)
r(11,16,3,112,112)
r(4,26,3,113,113)
r(10,8,3,114,114)
r(67,0,3,115,115)
r(2,50,3,116,116)
r(98,1,3,117,117)
r(11,16,3,118,118)
w(2,51,3,119,119)
w(7,14,3,120,120)
w(0,147,3,121,121)
r(79,4,3,122,122)
r(50,5,3,123,123)
w(37,7,3,124,124)
w(3,46,3,125,125)
r(10,8,3,126,126)
r(76,4,3,127,127)
r(0,147,3,128,128)
r(3,46,3,129,129)
w(37,8,3,130,130)
w(4,27,3,131,131)
r(5,30,3,132,132)
w(3,47,3,133,133)
w(67,1,3,134,134)
w(32,2,3,135,135)
r(20,9,3,136,136)
w(4,28,3,137,137)
w(3,48,3,138,138)
r(70,2,3,139,139)
w(11,17,3,140,140)
w(57,3,3,141,141)
r(55,1,3,142,142)
r(8,16,3,143,143)
w(6,27,3,144,144)
w(13,10,3,145,145)
r(3,48,3,146,146)
w(84,4,3,147,147)
w(6,28,3,148,148)
w(0,148,3,149,149)
w(32,3,3,150,150)
w(1,74,3,151,151)
w(4,29,3,152,152)
w(1,75,3,153,153)
w(3,49,3,154,154)
w(9,13,3,155,155)
w(10,9,3,156,156)
r(50,5,3,157,157)
r(2,51,3,158,158)
w(1,76,3,159,159)
w(31,4,3,160,160)
w(12,13,3,161,161)
r(10,9,3,162,162)
w(43,6,3,163,163)
w(1,77,3,164,164)
r(5,30,3,165,165)
r(34,1,3,166,166)
w(3,50,3,167,167)
r(8,16,3,168,168)
r(41,4,3,169,169)
w(2,52,3,170,170)
r(2,52,3,171,171)
w(0,149,3,172,172)
w(69,4,3,173,173)
r(2,52,3,174,174)
r(0,149,3,175,175)
r(15,26,3,176,176)
w(33,11,3,177,177)
r(10,9,3,178,178)
w(4,30,3,179,179)
w(0,150,3,180,180)
r(16,14,3,181,181)
r(0,150,3,182,182)
r(0,150,3,183,183)
w(0,151,3,184,184)
w(7,15,3,185,185)
r(5,30,3,186,186)
r(9,13,3,187,187)
w(8,17,3,188,188)
w(2,53,3,189,189)
r(8,17,3,190,190)
r(37,8,3,191,191)
r(2,53,3,192,192)
w(0,152,3,193,193)
r(0,152,3,194,194)
r(0,152,3,195,195)
r(9,13,3,196,196)
r(4,30,3,197,197)
w(0,153,3,198,198)
r(13,10,3,199,199)
w(24,4,3,200,200)
w(7,16,3,201,201)
r(6,28,3,202,202)
r(0,153,3,203,203)
r(0,153,3,204,204)
w(75,3,3,205,205)
w(6,29,3,206,206)
r(98,1,3,207,207)
w(14,10,3,208,208)
w(38,6,3,209,209)
r(1,77,3,210,210)
w(48,1,3,211,211)
w(40,4,3,212,212)
r(1,77,3,213,213)
w(4,31,3,214,214)
r(0,153,3,215,215)
w(0,154,3,216,216)
w(28,7,3,217,217)
w(2,54,3,218,218)
w(98,2,3,219,219)
w(1,78,3,220,220)
r(0,154,3,221,221)
w(15,27,3,222,222)
r(0,154,3,223,223)
w(9,14,3,224,224)
w(7,17,3,225,225)
r(2,54,3,226,226)
r(0,154,3,227,227)
w(11,18,3,228,228)
r(5,30,3,229,229)
r(6,29,3,230,230)
w(95,3,3,231,231)
r(2,54,3,232,232)
r(0,154,3,233,233)
r(65,6,3,234,234)
w(42,8,3,235,235)
r(3,50,3,236,236)
w(1,79,3,237,237)
r(4,31,3,238,238)
w(14,11,3,239,239)
r(28,7,3,240,240)
r(1,79,3,241,241)
w(0,155,3,242,242)
r(2,54,3,243,243)
r(1,79,3,244,244)
w(1,80,3,245,245)
w(1,81,3,246,246)
w(27,4,3,247,247)
w(62,1,3,248,248)
w(0,156,3,249,249)
r(1,81,3,250,250)
r(19,8,3,251,251)
w(0,157,3,252,252)
r(25,7,3,253,253)
w(16,15,3,254,254)
r(5,30,3,255,255)
r(0,157,3,256,256)
r(72,0,3,257,257)
r(36,3,3,258,258)
w(18,8,3,259,259)
w(7,18,3,260,260)
w(4,32,3,261,261)
r(85,3,3,262,262)
w(30,5,3,263,263)
w(16,16,3,264,264)
r(55,1,3,265,265)
w(1,82,3,266,266)
w(1,83,3,267,267)
w(25,8,3,268,268)
r(83,1,3,269,269)
w(15,28,3,270,270)
w(51,5,3,271,271)
w(24,5,3,272,272)
w(0,158,3,273,273)
r(4,32,3,274,274)
w(3,51,3,275,275)
w(9,15,3,276,276)
r(32,3,3,277,277)
r(44,4,3,278,278)
w(5,31,3,279,279)
r(56,2,3,280,280)
r(22,7,3,281,281)
r(3,51,3,282,282)
w(3,52,3,283,283)
r(55,1,3,284,284)
r(66,4,3,285,285)
w(0,159,3,286,286)
w(17,10,3,287,287)
w(0,160,3,288,288)
r(8,17,3,289,289)
w(7,19,3,290,290)
r(42,8,3,291,291)
w(33,12,3,292,292)
r(1,83,3,293,293)
r(10,9,3,294,294)
r(5,31,3,295,295)
w(4,33,3,296,296)
r(40,4,3,297,297)
w(41,5,3,298,298)
w(1,84,3,299,299)
r(11,18,3,300,300)
w(1,85,3,301,301)
r(55,1,3,302,302)
r(71,4,3,303,303)
r(0,160,3,304,304)
r(29,6,3,305,305)
r(22,7,3,306,306)
w(42,9,3,307,307)
w(96,2,3,308,308)
r(1,85,3,309,309)
w(12,14,3,310,310)
r(28,7,3,311,311)
r(22,7,3,312,312)
w(2,55,3,313,313)
r(2,55,3,314,314)
w(23,6,3,315,315)
w(0,161,3,316,316)
r(1,85,3,317,317)
w(0,162,3,318,318)
w(4,34,3,319,319)
w(36,4,3,320,320)
r(42,9,3,321,321)
w(0,163,3,322,322)
r(19,8,3,323,323)
w(99,3,3,324,324)
w(66,5,3,325,325)
r(5,31,3,326,326)
w(10,10,3,327,327)
r(2,55,3,328,328)
w(69,5,3,329,329)
w(56,3,3,330,330)
r(3,52,3,331,331)
r(81,0,3,332,332)
w(32,4,3,333,333)
r(7,19,3,334,334)
w(5,32,3,335,335)
w(15,29,3,336,336)
w(18,9,3,337,337)
r(3,52,3,338,338)
r(13,10,3,339,339)
w(0,164,3,340,340)
w(4,35,3,341,341)
r(87,4,3,342,342)
r(58,1,3,343,343)
w(24,6,3,344,344)
w(3,53,3,345,345)
w(0,165,3,346,346)
w(0,166,3,347,347)
r(0,166,3,348,348)
r(78,0,3,349,349)
r(66,5,3,350,350)
w(24,7,3,351,351)
w(0,167,3,352,352)
w(2,56,3,353,353)
r(4,35,3,354,354)
r(8,17,3,355,355)
r(47,4,3,356,356)
r(0,167,3,357,357)
w(36,5,3,358,358)
w(0,168,3,359,359)
w(21,8,3,360,360)
r(26,7,3,361,361)
w(4,36,3,362,362)
r(20,9,3,363,363)
w(86,5,3,364,364)
w(93,3,3,365,365)
r(0,168,3,366,366)
r(0,168,3,367,367)
w(49,5,3,368,368)
w(5,33,3,369,369)
w(10,11,3,370,370)
r(14,11,3,371,371)
w(0,169,3,372,372)
w(2,57,3,373,373)
r(10,11,3,374,374)
w(12,15,3,375,375)
r(4,36,3,376,376)
r(2,57,3,377,377)
r(8,17,3,378,378)
w(7,20,3,379,379)
r(1,85,3,380,380)
w(3,54,3,381,381)
r(0,169,3,382,382)
r(2,57,3,383,383)
r(35,8,3,384,384)
w(16,17,3,385,385)
r(0,169,3,386,386)
w(0,170,3,387,387)
w(0,171,3,388,388)
r(0,171,3,389,389)
w(36,6,3,390,390)
w(1,86,3,391,391)
r(1,86,3,392,392)
w(6,30,3,393,393)
r(0,171,3,394,394)
w(77,4,3,395,395)
w(3,55,3,396,396)
r(9,15,3,397,397)
w(0,172,3,398,398)
w(8,18,3,399,399)
r(3,55,3,400,400)
r(0,172,3,401,401)
r(7,20,3,402,402)
r(0,172,3,403,403)
r(4,36,3,404,404)
w(78,1,3,405,405)
w(26,8,3,406,406)
w(2,58,3,407,407)
w(1,87,3,408,408)
w(26,9,3,409,409)
w(2,59,3,410,410)
w(30,6,3,411,411)
r(0,172,3,412,412)
w(18,10,3,413,413)
w(4,37,3,414,414)
r(1,87,3,415,415)
w(79,5,3,416,416)
r(12,15,3,417,417)
r(16,17,3,418,418)
w(0,173,3,419,419)
w(1,88,3,420,420)
w(0,174,3,421,421)
r(11,18,3,422,422)
r(44,4,3,423,423)
w(4,38,3,424,424)
w(43,7,3,425,425)
w(46,6,3,426,426)
r(2,59,3,427,427)
r(0,174,3,428,428)
w(0,175,3,429,429)
w(0,176,3,430,430)
r(13,10,3,431,431)
w(0,177,3,432,432)
w(1,89,3,433,433)
r(38,6,3,434,434)
r(1,89,3,435,435)
r(2,59,3,436,436)
w(1,90,3,437,437)
r(6,30,3,438,438)
r(1,90,3,439,439)
r(46,6,3,440,440)
w(1,91,3,441,441)
w(7,21,3,442,442)
r(69,5,3,443,443)
w(0,178,3,444,444)
w(0,179,3,445,445)
w(8,19,3,446,446)
r(4,38,3,447,447)
w(7,22,3,448,448)
w(0,180,3,449,449)
w(0,181,3,450,450)
r(1,91,3,451,451)
w(74,5,3,452,452)
r(6,30,3,453,453)
r(23,6,3,454,454)
r(79,5,3,455,455)
r(7,22,3,456,456)
r(75,3,3,457,457)
w(11,19,3,458,458)
r(0,181,3,459,459)
r(96,2,3,460,460)
r(73,5,3,461,461)
w(62,2,3,462,462)
w(0,182,3,463,463)
r(58,1,3,464,464)
r(16,17,3,465,465)
r(3,55,3,466,466)
w(2,60,3,467,467)
w(0,183,3,468,468)
r(0,183,3,469,469)
r(0,183,3,470,470)
r(6,30,3,471,471)
r(34,1,3,472,472)
r(5,33,3,473,473)
r(4,38,3,474,474)
r(23,6,3,475,475)
r(15,29,3,476,476)
w(48,2,3,477,477)
r(2,60,3,478,478)
r(0,183,3,479,479)
r(34,1,3,480,480)
w(0,184,3,481,481)
r(9,15,3,482,482)
r(80,1,3,483,483)
r(1,91,3,484,484)
w(1,92,3,485,485)
r(3,55,3,486,486)
r(6,30,3,487,487)
r(3,55,3,488,488)
r(7,22,3,489,489)
r(5,33,3,490,490)
w(2,61,3,491,491)
r(0,184,3,492,492)
r(16,17,3,493,493)
r(9,15,3,494,494)
r(13,10,3,495,495)
r(0,184,3,496,496)
r(0,184,3,497,497)
r(54,1,3,498,498)
r(1,92,3,499,499)
r(95,3,4,0,0)
w(29,7,4,1,1)
r(15,29,4,2,2)
w(6,31,4,3,3)
r(0,184,4,4,4)
r(60,2,4,5,5)
r(43,7,4,6,6)
r(4,38,4,7,7)
w(3,56,4,8,8)
w(5,34,4,9,9)
w(22,8,4,10,10)
w(8,20,4,11,11)
w(70,3,4,12,12)
w(27,5,4,13,13)
w(47,5,4,14,14)
r(2,61,4,15,15)
r(51,5,4,16,16)
w(4,39,4,17,17)
w(10,12,4,18,18)
r(0,184,4,19,19)
r(0,184,4,20,20)
r(7,22,4,21,21)
r(31,4,4,22,22)
w(0,185,4,23,23)
w(0,186,4,24,24)
w(42,10,4,25,25)
w(28,8,4,26,26)
r(11,19,4,27,27)
r(2,61,4,28,28)
w(2,62,4,29,29)
w(78,2,4,30,30)
r(29,7,4,31,31)
r(9,15,4,32,32)
w(52,4,4,33,33)
w(25,9,4,34,34)
r(17,10,4,35,35)
r(4,39,4,36,36)
r(6,31,4,37,37)
r(0,186,4,38,38)
r(20,9,4,39,39)
w(0,187,4,40,40)
r(0,187,4,41,41)
w(6,32,4,42,42)
r(90,4,4,43,43)
w(0,188,4,44,44)
w(0,189,4,45,45)
r(7,22,4,46,46)
w(4,40,4,47,47)
w(3,57,4,48,48)
r(3,57,4,49,49)
r(51,5,4,50,50)
w(8,21,4,51,51)
r(4,40,4,52,52)
w(11,20,4,53,53)
w(30,7,4,54,54)
r(0,189,4,55,55)
r(22,8,4,56,56)
r(49,5,4,57,57)
w(0,190,4,58,58)
r(4,40,4,59,59)
r(68,2,4,60,60)
w(77,5,4,61,61)
w(21,9,4,62,62)
w(4,41,4,63,63)
r(68,2,4,64,64)
r(19,8,4,65,65)
r(15,29,4,66,66)
r(1,92,4,67,67)
r(3,57,4,68,68)
r(2,62,4,69,69)
r(77,5,4,70,70)
r(0,190,4,71,71)
r(7,22,4,72,72)
w(8,22,4,73,73)
r(66,5,4,74,74)
w(1,93,4,75,75)
w(1,94,4,76,76)
w(0,191,4,77,77)
w(0,192,4,78,78)
r(51,5,4,79,79)
w(1,95,4,80,80)
r(0,192,4,81,81)
w(28,9,4,82,82)
w(6,33,4,83,83)
r(1,95,4,84,84)
r(8,22,4,85,85)
r(1,95,4,86,86)
r(2,62,4,87,87)
r(21,9,4,88,88)
r(20,9,4,89,89)
r(0,192,4,90,90)
r(0,192,4,91,91)
r(3,57,4,92,92)
w(0,193,4,93,93)
r(17,10,4,94,94)
w(4,42,4,95,95)
w(33,13,4,96,96)
w(79,6,4,97,97)
r(62,2,4,98,98)
w(1,96,4,99,99)
r(0,193,4,100,100)
r(1,96,4,101,101)
r(0,193,4,102,102)
w(11,21,4,103,103)
w(2,63,4,104,104)
w(70,4,4,105,105)
r(0,193,4,106,106)
w(3,58,4,107,107)
w(7,23,4,108,108)
w(10,13,4,109,109)
r(5,34,4,110,110)
w(18,11,4,111,111)
w(44,5,4,112,112)
w(13,11,4,113,113)
w(46,7,4,114,114)
w(6,34,4,115,115)
w(18,12,4,116,116)
w(17,11,4,117,117)
r(1,96,4,118,118)
r(7,23,4,119,119)
r(16,17,4,120,120)
w(2,64,4,121,121)
r(43,7,4,122,122)
w(0,194,4,123,123)
w(0,195,4,124,124)
r(0,195,4,125,125)
r(12,15,4,126,126)
w(93,4,4,127,127)
r(30,7,4,128,128)
w(6,35,4,129,129)
w(2,65,4,130,130)
w(40,5,4,131,131)
w(3,59,4,132,132)
w(7,24,4,133,133)
r(5,34,4,134,134)
w(43,8,4,135,135)
w(95,4,4,136,136)
w(5,35,4,137,137)
r(83,1,4,138,138)
w(3,60,4,139,139)
w(31,5,4,140,140)
w(5,36,4,141,141)
w(0,196,4,142,142)
r(19,8,4,143,143)
w(1,97,4,144,144)
r(5,36,4,145,145)
w(0,197,4,146,146)
w(28,10,4,147,147)
w(7,25,4,148,148)
r(10,13,4,149,149)
w(8,23,4,150,150)
w(0,198,4,151,151)
r(3,60,4,152,152)
w(1,98,4,153,153)
w(4,43,4,154,154)
r(12,15,4,155,155)
w(64,1,4,156,156)
w(17,12,4,157,157)
w(40,6,4,158,158)
r(1,98,4,159,159)
r(0,198,4,160,160)
r(3,60,4,161,161)
r(18,12,4,162,162)
r(44,5,4,163,163)
r(0,198,4,164,164)
w(43,9,4,165,165)
r(36,6,4,166,166)
w(1,99,4,167,167)
w(2,66,4,168,168)
w(88,2,4,169,169)
r(88,2,4,170,170)
w(88,3,4,171,171)
r(37,8,4,172,172)
r(13,11,4,173,173)
w(51,6,4,174,174)
r(54,1,4,175,175)
w(0,199,4,176,176)
w(19,9,4,177,177)
r(18,12,4,178,178)
w(16,18,4,179,179)
w(76,5,4,180,180)
w(96,3,4,181,181)
w(10,14,4,182,182)
r(3,60,4,183,183)
r(6,35,4,184,184)
r(0,199,4,185,185)
r(82,0,4,186,186)
r(16,18,4,187,187)
r(70,4,4,188,188)
w(36,7,4,189,189)
r(9,15,4,190,190)
w(0,200,4,191,191)
r(82,0,4,192,192)
w(6,36,4,193,193)
w(2,67,4,194,194)
r(18,12,4,195,195)
r(35,8,4,196,196)
w(19,10,4,197,197)
r(36,7,4,198,198)
r(74,5,4,199,199)
r(4,43,4,200,200)
r(1,99,4,201,201)
r(14,11,4,202,202)
w(36,8,4,203,203)
r(6,36,4,204,204)
r(0,200,4,205,205)
r(47,5,4,206,206)
r(1,99,4,207,207)
r(1,99,4,208,208)
r(13,11,4,209,209)
w(1,100,4,210,210)
r(4,43,4,211,211)
r(0,200,4,212,212)
r(46,7,4,213,213)
r(4,43,4,214,214)
r(67,1,4,215,215)
r(1,100,4,216,216)
r(76,5,4,217,217)
w(13,12,4,218,218)
w(2,68,4,219,219)
r(5,36,4,220,220)
w(2,69,4,221,221)
w(0,201,4,222,222)
w(4,44,4,223,223)
w(38,7,4,224,224)
r(82,0,4,225,225)
r(75,3,4,226,226)
r(10,14,4,227,227)
w(34,2,4,228,228)
w(1,101,4,229,229)
r(35,8,4,230,230)
w(13,13,4,231,231)
w(29,8,4,232,232)
w(0,202,4,233,233)
w(37,9,4,234,234)
r(0,202,4,235,235)
r(26,9,4,236,236)
w(2,70,4,237,237)
r(2,70,4,238,238)
w(67,2,4,239,239)
w(1,102,4,240,240)
w(61,2,4,241,241)
w(9,16,4,242,242)
r(0,202,4,243,243)
r(24,7,4,244,244)
w(45,5,4,245,245)
r(25,9,4,246,246)
r(18,12,4,247,247)
w(0,203,4,248,248)
r(26,9,4,249,249)
w(47,6,4,250,250)
r(41,5,4,251,251)
r(10,14,4,252,252)
w(47,7,4,253,253)
r(45,5,4,254,254)
r(34,2,4,255,255)
r(11,21,4,256,256)
r(7,25,4,257,257)
r(0,203,4,258,258)
w(0,204,4,259,259)
r(0,204,4,260,260)
r(0,204,4,261,261)
w(20,10,4,262,262)
r(10,14,4,263,263)
r(3,60,4,264,264)
r(73,5,4,265,265)
w(2,71,4,266,266)
w(0,205,4,267,267)
w(21,10,4,268,268)
r(4,44,4,269,269)
w(49,6,4,270,270)
r(2,71,4,271,271)
w(1,103,4,272,272)
r(0,205,4,273,273)
w(41,6,4,274,274)
r(9,16,4,275,275)
r(76,5,4,276,276)
w(81,1,4,277,277)
r(6,36,4,278,278)
w(3,61,4,279,279)
r(31,5,4,280,280)
w(1,104,4,281,281)
r(24,7,4,282,282)
w(4,45,4,283,283)
r(34,2,4,284,284)
w(61,3,4,285,285)
r(23,6,4,286,286)
w(0,206,4,287,287)
w(0,207,4,288,288)
r(14,11,4,289,289)
r(18,12,4,290,290)
w(3,62,4,291,291)
r(78,2,4,292,292)
w(2,72,4,293,293)
r(0,207,4,294,294)
r(85,3,4,295,295)
w(16,19,4,296,296)
w(65,7,4,297,297)
w(67,3,4,298,298)
w(0,208,4,299,299)
w(0,209,4,300,300)
r(8,23,4,301,301)
w(0,210,4,302,302)
w(15,30,4,303,303)
w(4,46,4,304,304)
r(1,104,4,305,305)
w(0,211,4,306,306)
r(2,72,4,307,307)
r(3,62,4,308,308)
w(12,16,4,309,309)
r(0,211,4,310,310)
r(1,104,4,311,311)
w(15,31,4,312,312)
r(4,46,4,313,313)
r(75,3,4,314,314)
r(3,62,4,315,315)
w(2,73,4,316,316)
w(3,63,4,317,317)
w(45,6,4,318,318)
r(58,1,4,319,319)
w(0,212,4,320,320)
w(95,5,4,321,321)
w(44,6,4,322,322)
w(33,14,4,323,323)
r(11,21,4,324,324)
r(70,4,4,325,325)
w(34,3,4,326,326)
r(71,4,4,327,327)
w(64,2,4,328,328)
r(14,11,4,329,329)
r(50,5,4,330,330)
w(1,105,4,331,331)
r(5,36,4,332,332)
r(0,212,4,333,333)
w(7,26,4,334,334)
r(0,212,4,335,335)
r(32,4,4,336,336)
w(13,14,4,337,337)
w(8,24,4,338,338)
r(5,36,4,339,339)
w(45,7,4,340,340)
w(10,15,4,341,341)
w(19,11,4,342,342)
w(0,213,4,343,343)
w(2,74,4,344,344)
r(5,36,4,345,345)
w(13,15,4,346,346)
w(0,214,4,347,347)
r(73,5,4,348,348)
r(13,15,4,349,349)
w(33,15,4,350,350)
w(0,215,4,351,351)
r(1,105,4,352,352)
w(0,216,4,353,353)
r(3,63,4,354,354)
r(4,46,4,355,355)
r(1,105,4,356,356)
r(2,74,4,357,357)
w(73,6,4,358,358)
r(1,105,4,359,359)
w(44,7,4,360,360)
w(27,6,4,361,361)
r(90,4,4,362,362)
r(21,10,4,363,363)
w(95,6,4,364,364)
w(1,106,4,365,365)
w(2,75,4,366,366)
r(39,2,4,367,367)
r(1,106,4,368,368)
r(4,46,4,369,369)
w(5,37,4,370,370)
r(8,24,4,371,371)
r(12,16,4,372,372)
w(1,107,4,373,373)
w(1,108,4,374,374)
r(1,108,4,375,375)
r(6,36,4,376,376)
r(68,2,4,377,377)
w(7,27,4,378,378)
w(8,25,4,379,379)
r(6,36,4,380,380)
r(1,108,4,381,381)
w(7,28,4,382,382)
w(0,217,4,383,383)
w(31,6,4,384,384)
r(2,75,4,385,385)
w(6,37,4,386,386)
r(0,217,4,387,387)
r(28,10,4,388,388)
w(8,26,4,389,389)
r(0,217,4,390,390)
r(28,10,4,391,391)
r(93,4,4,392,392)
r(20,10,4,393,393)
r(12,16,4,394,394)
r(7,28,4,395,395)
r(22,8,4,396,396)
r(37,9,4,397,397)
r(5,37,4,398,398)
r(2,75,4,399,399)
w(3,64,4,400,400)
w(40,7,4,401,401)
w(19,12,4,402,402)
w(0,218,4,403,403)
w(22,9,4,404,404)
w(25,10,4,405,405)
r(25,10,4,406,406)
r(2,75,4,407,407)
r(70,4,4,408,408)
r(2,75,4,409,409)
w(30,8,4,410,410)
w(13,16,4,411,411)
w(74,6,4,412,412)
r(22,9,4,413,413)
r(3,64,4,414,414)
w(2,76,4,415,415)
w(0,219,4,416,416)
w(3,65,4,417,417)
w(0,220,4,418,418)
r(0,220,4,419,419)
r(6,37,4,420,420)
r(14,11,4,421,421)
r(16,19,4,422,422)
w(22,10,4,423,423)
w(16,20,4,424,424)
r(59,2,4,425,425)
r(62,2,4,426,426)
w(96,4,4,427,427)
w(0,221,4,428,428)
w(4,47,4,429,429)
r(6,37,4,430,430)
r(3,65,4,431,431)
r(25,10,4,432,432)
r(25,10,4,433,433)
w(15,32,4,434,434)
r(5,37,4,435,435)
w(1,109,4,436,436)
r(45,7,4,437,437)
r(92,2,4,438,438)
r(8,26,4,439,439)
w(58,2,4,440,440)
r(0,221,4,441,441)
r(16,20,4,442,442)
r(63,2,4,443,443)
w(4,48,4,444,444)
r(0,221,4,445,445)
w(1,110,4,446,446)
w(62,3,4,447,447)
r(36,8,4,448,448)
r(15,32,4,449,449)
r(0,221,4,450,450)
w(34,4,4,451,451)
w(40,8,4,452,452)
r(65,7,4,453,453)
r(4,48,4,454,454)
w(0,222,4,455,455)
w(0,223,4,456,456)
w(0,224,4,457,457)
w(0,225,4,458,458)
w(0,226,4,459,459)
r(5,37,4,460,460)
r(2,76,4,461,461)
w(2,77,4,462,462)
w(20,11,4,463,463)
w(32,5,4,464,464)
w(0,227,4,465,465)
r(18,12,4,466,466)
w(6,38,4,467,467)
w(2,78,4,468,468)
w(11,22,4,469,469)
w(35,9,4,470,470)
w(22,11,4,471,471)
r(33,15,4,472,472)
w(0,228,4,473,473)
r(17,12,4,474,474)
r(4,48,4,475,475)
w(74,7,4,476,476)
w(0,229,4,477,477)
r(2,78,4,478,478)
w(0,230,4,479,479)
w(1,111,4,480,480)
r(1,111,4,481,481)
r(4,48,4,482,482)
w(25,11,4,483,483)
w(0,231,4,484,484)
w(10,16,4,485,485)
r(3,65,4,486,486)
w(0,232,4,487,487)
w(50,6,4,488,488)
w(3,66,4,489,489)
w(0,233,4,490,490)
w(0,234,4,491,491)
r(0,234,4,492,492)
w(9,17,4,493,493)
w(12,17,4,494,494)
w(87,5,4,495,495)
r(2,78,4,496,496)
r(9,17,4,497,497)
w(52,5,4,498,498)
r(1,111,4,499,499)
