r(543,0,0,0,0)
r(905,0,0,1,1)
r(409,0,0,2,2)
w(611,1,0,3,3)
r(31,0,0,4,4)
r(752,0,0,5,5)
w(271,1,0,6,6)
r(905,0,0,7,7)
r(230,0,0,8,8)
r(187,0,0,9,9)
r(217,0,0,10,10)
r(943,0,0,11,11)
r(37,0,0,12,12)
r(803,0,0,13,13)
r(818,0,0,14,14)
r(777,0,0,15,15)
r(228,0,0,16,16)
r(150,0,0,17,17)
r(314,0,0,18,18)
r(535,0,0,19,19)
r(548,0,0,20,20)
r(380,0,0,21,21)
r(319,0,0,22,22)
r(646,0,0,23,23)
r(569,0,0,24,24)
r(663,0,0,25,25)
r(310,0,0,26,26)
r(24,0,0,27,27)
r(246,0,0,28,28)
r(438,0,0,29,29)
r(633,0,0,30,30)
r(627,0,0,31,31)
r(875,0,0,32,32)
w(92,1,0,33,33)
r(495,0,0,34,34)
r(361,0,0,35,35)
r(923,0,0,36,36)
r(947,0,0,37,37)
r(619,0,0,38,38)
r(689,0,0,39,39)
r(8,0,0,40,40)
r(487,0,0,41,41)
r(89,0,0,42,42)
r(240,0,0,43,43)
r(742,0,0,44,44)
r(466,0,0,45,45)
r(218,0,0,46,46)
r(990,0,0,47,47)
r(884,0,0,48,48)
r(792,0,0,49,49)
r(737,0,0,50,50)
r(917,0,0,51,51)
r(634,0,0,52,52)
r(157,0,0,53,53)
r(898,0,0,54,54)
r(438,0,0,55,55)
w(428,1,0,56,56)
r(972,0,0,57,57)
r(855,0,0,58,58)
r(917,0,0,59,59)
r(38,0,0,60,60)
r(218,0,0,61,61)
r(842,0,0,62,62)
w(248,1,0,63,63)
r(581,0,0,64,64)
r(429,0,0,65,65)
r(901,0,0,66,66)
r(472,0,0,67,67)
r(313,0,0,68,68)
r(162,0,0,69,69)
r(967,0,0,70,70)
r(596,0,0,71,71)
r(608,0,0,72,72)
r(223,0,0,73,73)
w(244,1,0,74,74)
r(495,0,0,75,75)
r(60,0,0,76,76)
r(845,0,0,77,77)
r(602,0,0,78,78)
r(901,0,0,79,79)
r(373,0,0,80,80)
r(743,0,0,81,81)
r(42,0,0,82,82)
r(301,0,0,83,83)
r(736,0,0,84,84)
r(420,0,0,85,85)
r(146,0,0,86,86)
r(90,0,0,87,87)
r(421,0,0,88,88)
r(559,0,0,89,89)
r(183,0,0,90,90)
r(49,0,0,91,91)
r(846,0,0,92,92)
r(489,0,0,93,93)
r(283,0,0,94,94)
r(841,0,0,95,95)
w(872,1,0,96,96)
w(476,1,0,97,97)
r(89,0,0,98,98)
r(132,0,0,99,99)
r(116,0,0,100,100)
r(622,0,0,101,101)
r(816,0,0,102,102)
r(66,0,0,103,103)
r(935,0,0,104,104)
r(262,0,0,105,105)
r(922,0,0,106,106)
r(654,0,0,107,107)
r(505,0,0,108,108)
r(403,0,0,109,109)
r(925,0,0,110,110)
r(406,0,0,111,111)
r(477,0,0,112,112)
r(740,0,0,113,113)
r(316,0,0,114,114)
r(134,0,0,115,115)
r(307,0,0,116,116)
r(634,0,0,117,117)
r(817,0,0,118,118)
w(721,1,0,119,119)
r(589,0,0,120,120)
r(616,0,0,121,121)
r(558,0,0,122,122)
r(158,0,0,123,123)
r(95,0,0,124,124)
r(572,0,0,125,125)
r(828,0,0,126,126)
r(29,0,0,127,127)
r(700,0,0,128,128)
r(194,0,0,129,129)
r(980,0,0,130,130)
r(388,0,0,131,131)
r(101,0,0,132,132)
r(67,0,0,133,133)
r(316,0,0,134,134)
r(640,0,0,135,135)
r(765,0,0,136,136)
r(598,0,0,137,137)
r(68,0,0,138,138)
r(105,0,0,139,139)
r(572,0,0,140,140)
r(211,0,0,141,141)
r(413,0,0,142,142)
r(260,0,0,143,143)
r(924,0,0,144,144)
r(532,0,0,145,145)
r(705,0,0,146,146)
r(898,0,0,147,147)
r(455,0,0,148,148)
r(884,0,0,149,149)
r(3,0,0,150,150)
r(146,0,0,151,151)
r(55,0,0,152,152)
w(625,1,0,153,153)
r(562,0,0,154,154)
r(752,0,0,155,155)
r(185,0,0,156,156)
r(887,0,0,157,157)
r(117,0,0,158,158)
r(387,0,0,159,159)
r(326,0,0,160,160)
w(20,1,0,161,161)
r(40,0,0,162,162)
r(706,0,0,163,163)
r(324,0,0,164,164)
r(634,0,0,165,165)
w(925,1,0,166,166)
r(390,0,0,167,167)
r(688,0,0,168,168)
r(845,0,0,169,169)
r(780,0,0,170,170)
r(687,0,0,171,171)
r(574,0,0,172,172)
r(387,0,0,173,173)
r(702,0,0,174,174)
r(742,0,0,175,175)
r(646,0,0,176,176)
r(33,0,0,177,177)
r(122,0,0,178,178)
r(247,0,0,179,179)
r(108,0,0,180,180)
r(726,0,0,181,181)
r(896,0,0,182,182)
r(707,0,0,183,183)
r(145,0,0,184,184)
r(666,0,0,185,185)
r(944,0,0,186,186)
r(562,0,0,187,187)
r(193,0,0,188,188)
r(833,0,0,189,189)
r(638,0,0,190,190)
r(396,0,0,191,191)
r(707,0,0,192,192)
r(324,0,0,193,193)
r(2,0,0,194,194)
r(661,0,0,195,195)
r(648,0,0,196,196)
r(129,0,0,197,197)
r(805,0,0,198,198)
r(458,0,0,199,199)
r(610,0,0,200,200)
r(388,0,0,201,201)
r(806,0,0,202,202)
r(184,0,0,203,203)
r(34,0,0,204,204)
r(705,0,0,205,205)
r(903,0,0,206,206)
r(628,0,0,207,207)
r(526,0,0,208,208)
r(158,0,0,209,209)
r(640,0,0,210,210)
r(110,0,0,211,211)
r(666,0,0,212,212)
r(283,0,0,213,213)
w(491,1,0,214,214)
r(732,0,0,215,215)
r(966,0,0,216,216)
r(242,0,0,217,217)
r(251,0,0,218,218)
r(982,0,0,219,219)
r(769,0,0,220,220)
r(521,0,0,221,221)
r(535,0,0,222,222)
r(35,0,0,223,223)
w(408,1,0,224,224)
r(339,0,0,225,225)
r(551,0,0,226,226)
r(249,0,0,227,227)
r(615,0,0,228,228)
r(826,0,0,229,229)
r(388,0,0,230,230)
r(820,0,0,231,231)
w(44,1,0,232,232)
r(255,0,0,233,233)
r(895,0,0,234,234)
r(305,0,0,235,235)
r(9,0,0,236,236)
r(439,0,0,237,237)
r(624,0,0,238,238)
w(550,1,0,239,239)
r(912,0,0,240,240)
r(826,0,0,241,241)
r(176,0,0,242,242)
r(222,0,0,243,243)
r(860,0,0,244,244)
r(387,0,0,245,245)
r(880,0,0,246,246)
r(306,0,0,247,247)
r(606,0,0,248,248)
r(400,0,0,249,249)
r(833,0,0,250,250)
r(762,0,0,251,251)
r(3,0,0,252,252)
r(461,0,0,253,253)
w(58,1,0,254,254)
w(941,1,0,255,255)
r(831,0,0,256,256)
r(149,0,0,257,257)
r(198,0,0,258,258)
r(579,0,0,259,259)
r(978,0,0,260,260)
r(272,0,0,261,261)
r(509,0,0,262,262)
r(125,0,0,263,263)
w(585,1,0,264,264)
r(600,0,0,265,265)
r(478,0,0,266,266)
r(36,0,0,267,267)
r(177,0,0,268,268)
r(37,0,0,269,269)
r(723,0,0,270,270)
r(51,0,0,271,271)
r(952,0,0,272,272)
w(18,1,0,273,273)
r(325,0,0,274,274)
r(516,0,0,275,275)
w(694,1,0,276,276)
r(528,0,0,277,277)
r(532,0,0,278,278)
r(940,0,0,279,279)
r(738,0,0,280,280)
r(846,0,0,281,281)
r(397,0,0,282,282)
r(504,0,0,283,283)
r(354,0,0,284,284)
r(937,0,0,285,285)
r(523,0,0,286,286)
w(755,1,0,287,287)
r(27,0,0,288,288)
r(708,0,0,289,289)
r(165,0,0,290,290)
r(973,0,0,291,291)
r(319,0,0,292,292)
r(210,0,0,293,293)
r(978,0,0,294,294)
r(92,1,0,295,295)
r(556,0,0,296,296)
r(307,0,0,297,297)
r(438,0,0,298,298)
r(620,0,0,299,299)
r(737,0,0,300,300)
r(786,0,0,301,301)
r(373,0,0,302,302)
r(155,0,0,303,303)
r(443,0,0,304,304)
r(368,0,0,305,305)
r(527,0,0,306,306)
r(352,0,0,307,307)
r(472,0,0,308,308)
r(771,0,0,309,309)
w(260,1,0,310,310)
r(554,0,0,311,311)
r(845,0,0,312,312)
r(254,0,0,313,313)
r(91,0,0,314,314)
r(125,0,0,315,315)
r(622,0,0,316,316)
r(928,0,0,317,317)
w(913,1,0,318,318)
r(96,0,0,319,319)
r(102,0,0,320,320)
r(476,1,0,321,321)
w(19,1,0,322,322)
r(601,0,0,323,323)
w(292,1,0,324,324)
r(580,0,0,325,325)
w(516,1,0,326,326)
r(686,0,0,327,327)
r(508,0,0,328,328)
r(850,0,0,329,329)
r(200,0,0,330,330)
w(741,1,0,331,331)
r(272,0,0,332,332)
r(507,0,0,333,333)
r(573,0,0,334,334)
r(780,0,0,335,335)
r(755,1,0,336,336)
r(927,0,0,337,337)
r(215,0,0,338,338)
r(324,0,0,339,339)
r(875,0,0,340,340)
r(633,0,0,341,341)
w(448,1,0,342,342)
r(873,0,0,343,343)
r(9,0,0,344,344)
r(58,1,0,345,345)
r(549,0,0,346,346)
r(7,0,0,347,347)
r(648,0,0,348,348)
r(914,0,0,349,349)
w(48,1,0,350,350)
r(87,0,0,351,351)
r(40,0,0,352,352)
r(639,0,0,353,353)
w(788,1,0,354,354)
r(585,1,0,355,355)
r(347,0,0,356,356)
r(775,0,0,357,357)
r(516,1,0,358,358)
r(423,0,0,359,359)
r(399,0,0,360,360)
w(123,1,0,361,361)
r(510,0,0,362,362)
r(301,0,0,363,363)
r(315,0,0,364,364)
w(777,1,0,365,365)
r(138,0,0,366,366)
w(387,1,0,367,367)
r(709,0,0,368,368)
r(299,0,0,369,369)
r(31,0,0,370,370)
r(881,0,0,371,371)
r(257,0,0,372,372)
r(686,0,0,373,373)
w(65,1,0,374,374)
r(379,0,0,375,375)
r(735,0,0,376,376)
r(699,0,0,377,377)
r(794,0,0,378,378)
r(708,0,0,379,379)
r(115,0,0,380,380)
w(248,2,0,381,381)
r(324,0,0,382,382)
r(294,0,0,383,383)
r(411,0,0,384,384)
r(602,0,0,385,385)
r(191,0,0,386,386)
r(2,0,0,387,387)
r(959,0,0,388,388)
r(508,0,0,389,389)
r(60,0,0,390,390)
r(395,0,0,391,391)
r(678,0,0,392,392)
r(783,0,0,393,393)
r(380,0,0,394,394)
r(674,0,0,395,395)
r(901,0,0,396,396)
r(438,0,0,397,397)
r(441,0,0,398,398)
r(912,0,0,399,399)
r(663,0,0,400,400)
r(271,1,0,401,401)
r(523,0,0,402,402)
r(160,0,0,403,403)
r(64,0,0,404,404)
r(434,0,0,405,405)
r(365,0,0,406,406)
r(35,0,0,407,407)
r(36,0,0,408,408)
r(4,0,0,409,409)
r(941,1,0,410,410)
r(692,0,0,411,411)
w(304,1,0,412,412)
r(892,0,0,413,413)
r(924,0,0,414,414)
r(849,0,0,415,415)
r(341,0,0,416,416)
r(132,0,0,417,417)
r(297,0,0,418,418)
r(707,0,0,419,419)
r(793,0,0,420,420)
r(879,0,0,421,421)
r(960,0,0,422,422)
w(548,1,0,423,423)
r(771,0,0,424,424)
r(461,0,0,425,425)
r(606,0,0,426,426)
r(188,0,0,427,427)
r(909,0,0,428,428)
r(472,0,0,429,429)
r(549,0,0,430,430)
r(404,0,0,431,431)
r(666,0,0,432,432)
r(82,0,0,433,433)
r(28,0,0,434,434)
r(778,0,0,435,435)
r(933,0,0,436,436)
r(997,0,0,437,437)
w(496,1,0,438,438)
r(380,0,0,439,439)
w(100,1,0,440,440)
r(898,0,0,441,441)
r(52,0,0,442,442)
r(615,0,0,443,443)
r(689,0,0,444,444)
r(950,0,0,445,445)
r(687,0,0,446,446)
r(190,0,0,447,447)
r(710,0,0,448,448)
r(483,0,0,449,449)
r(568,0,0,450,450)
r(321,0,0,451,451)
r(101,0,0,452,452)
r(127,0,0,453,453)
w(853,1,0,454,454)
r(549,0,0,455,455)
r(46,0,0,456,456)
r(446,0,0,457,457)
r(511,0,0,458,458)
r(154,0,0,459,459)
r(401,0,0,460,460)
r(3,0,0,461,461)
r(881,0,0,462,462)
r(752,0,0,463,463)
r(300,0,0,464,464)
r(181,0,0,465,465)
r(407,0,0,466,466)
r(692,0,0,467,467)
r(778,0,0,468,468)
w(228,1,0,469,469)
r(417,0,0,470,470)
r(839,0,0,471,471)
r(925,1,0,472,472)
r(227,0,0,473,473)
r(292,1,0,474,474)
r(470,0,0,475,475)
w(747,1,0,476,476)
r(720,0,0,477,477)
r(219,0,0,478,478)
r(11,0,0,479,479)
r(908,0,0,480,480)
r(701,0,0,481,481)
r(261,0,0,482,482)
w(384,1,0,483,483)
w(921,1,0,484,484)
r(803,0,0,485,485)
w(6,1,0,486,486)
r(768,0,0,487,487)
r(406,0,0,488,488)
r(316,0,0,489,489)
r(54,0,0,490,490)
r(190,0,0,491,491)
w(752,1,0,492,492)
r(438,0,0,493,493)
r(207,0,0,494,494)
r(606,0,0,495,495)
r(20,1,0,496,496)
w(186,1,0,497,497)
r(498,0,0,498,498)
w(783,1,0,499,499)
r(605,0,1,0,0)
r(436,0,1,1,1)
r(990,0,1,2,2)
r(956,0,1,3,3)
r(540,0,1,4,4)
w(956,1,1,5,5)
r(217,0,1,6,6)
r(330,0,1,7,7)
r(701,0,1,8,8)
r(914,0,1,9,9)
r(58,1,1,10,10)
r(255,0,1,11,11)
r(254,0,1,12,12)
r(250,0,1,13,13)
r(391,0,1,14,14)
r(79,0,1,15,15)
r(574,0,1,16,16)
r(161,0,1,17,17)
r(627,0,1,18,18)
r(221,0,1,19,19)
r(994,0,1,20,20)
r(610,0,1,21,21)
r(794,0,1,22,22)
w(52,1,1,23,23)
r(7,0,1,24,24)
r(444,0,1,25,25)
r(94,0,1,26,26)
r(120,0,1,27,27)
r(407,0,1,28,28)
r(755,1,1,29,29)
r(505,0,1,30,30)
w(511,1,1,31,31)
r(664,0,1,32,32)
r(776,0,1,33,33)
r(27,0,1,34,34)
r(782,0,1,35,35)
r(337,0,1,36,36)
w(339,1,1,37,37)
r(700,0,1,38,38)
r(486,0,1,39,39)
w(460,1,1,40,40)
r(105,0,1,41,41)
w(16,1,1,42,42)
r(805,0,1,43,43)
r(961,0,1,44,44)
r(59,0,1,45,45)
r(865,0,1,46,46)
r(594,0,1,47,47)
r(747,1,1,48,48)
r(176,0,1,49,49)
r(427,0,1,50,50)
r(347,0,1,51,51)
r(800,0,1,52,52)
r(367,0,1,53,53)
w(403,1,1,54,54)
r(191,0,1,55,55)
r(632,0,1,56,56)
r(98,0,1,57,57)
r(863,0,1,58,58)
r(653,0,1,59,59)
r(507,0,1,60,60)
r(648,0,1,61,61)
r(631,0,1,62,62)
r(724,0,1,63,63)
r(869,0,1,64,64)
r(931,0,1,65,65)
r(895,0,1,66,66)
r(518,0,1,67,67)
r(284,0,1,68,68)
r(993,0,1,69,69)
r(169,0,1,70,70)
r(30,0,1,71,71)
r(335,0,1,72,72)
w(808,1,1,73,73)
r(653,0,1,74,74)
r(518,0,1,75,75)
r(53,0,1,76,76)
r(161,0,1,77,77)
r(47,0,1,78,78)
r(139,0,1,79,79)
r(661,0,1,80,80)
r(883,0,1,81,81)
r(289,0,1,82,82)
r(288,0,1,83,83)
w(407,1,1,84,84)
r(904,0,1,85,85)
r(236,0,1,86,86)
r(26,0,1,87,87)
r(648,0,1,88,88)
r(132,0,1,89,89)
r(917,0,1,90,90)
r(737,0,1,91,91)
r(719,0,1,92,92)
w(138,1,1,93,93)
r(707,0,1,94,94)
r(858,0,1,95,95)
r(377,0,1,96,96)
r(182,0,1,97,97)
w(46,1,1,98,98)
r(961,0,1,99,99)
r(543,0,1,100,100)
w(723,1,1,101,101)
r(729,0,1,102,102)
r(829,0,1,103,103)
w(435,1,1,104,104)
r(147,0,1,105,105)
r(217,0,1,106,106)
r(999,0,1,107,107)
r(165,0,1,108,108)
r(443,0,1,109,109)
r(400,0,1,110,110)
r(208,0,1,111,111)
w(789,1,1,112,112)
r(222,0,1,113,113)
r(936,0,1,114,114)
r(468,0,1,115,115)
r(641,0,1,116,116)
r(462,0,1,117,117)
r(976,0,1,118,118)
r(912,0,1,119,119)
r(655,0,1,120,120)
r(583,0,1,121,121)
r(378,0,1,122,122)
r(240,0,1,123,123)
r(73,0,1,124,124)
r(621,0,1,125,125)
w(819,1,1,126,126)
r(191,0,1,127,127)
r(542,0,1,128,128)
r(219,0,1,129,129)
r(260,1,1,130,130)
r(676,0,1,131,131)
w(207,1,1,132,132)
r(379,0,1,133,133)
r(733,0,1,134,134)
r(377,0,1,135,135)
r(240,0,1,136,136)
r(110,0,1,137,137)
r(75,0,1,138,138)
r(343,0,1,139,139)
r(68,0,1,140,140)
r(310,0,1,141,141)
r(34,0,1,142,142)
r(310,0,1,143,143)
r(814,0,1,144,144)
r(383,0,1,145,145)
r(172,0,1,146,146)
r(322,0,1,147,147)
r(593,0,1,148,148)
r(328,0,1,149,149)
r(502,0,1,150,150)
r(585,1,1,151,151)
r(439,0,1,152,152)
r(781,0,1,153,153)
r(223,0,1,154,154)
r(955,0,1,155,155)
r(753,0,1,156,156)
r(273,0,1,157,157)
w(639,1,1,158,158)
r(578,0,1,159,159)
r(52,1,1,160,160)
r(974,0,1,161,161)
r(325,0,1,162,162)
r(513,0,1,163,163)
r(118,0,1,164,164)
r(652,0,1,165,165)
r(409,0,1,166,166)
r(459,0,1,167,167)
r(186,1,1,168,168)
r(473,0,1,169,169)
w(878,1,1,170,170)
r(251,0,1,171,171)
r(875,0,1,172,172)
r(16,1,1,173,173)
r(619,0,1,174,174)
r(396,0,1,175,175)
r(552,0,1,176,176)
r(906,0,1,177,177)
w(357,1,1,178,178)
r(198,0,1,179,179)
w(526,1,1,180,180)
r(892,0,1,181,181)
r(555,0,1,182,182)
r(739,0,1,183,183)
w(255,1,1,184,184)
r(799,0,1,185,185)
r(999,0,1,186,186)
r(931,0,1,187,187)
r(398,0,1,188,188)
r(486,0,1,189,189)
r(860,0,1,190,190)
r(726,0,1,191,191)
r(887,0,1,192,192)
r(564,0,1,193,193)
r(240,0,1,194,194)
r(117,0,1,195,195)
r(83,0,1,196,196)
r(643,0,1,197,197)
r(138,1,1,198,198)
r(94,0,1,199,199)
r(362,0,1,200,200)
r(526,1,1,201,201)
r(365,0,1,202,202)
r(733,0,1,203,203)
r(959,0,1,204,204)
r(154,0,1,205,205)
r(560,0,1,206,206)
r(302,0,1,207,207)
r(344,0,1,208,208)
r(722,0,1,209,209)
r(914,0,1,210,210)
r(161,0,1,211,211)
r(567,0,1,212,212)
r(361,0,1,213,213)
r(993,0,1,214,214)
w(954,1,1,215,215)
r(326,0,1,216,216)
r(301,0,1,217,217)
r(964,0,1,218,218)
r(975,0,1,219,219)
r(705,0,1,220,220)
r(398,0,1,221,221)
r(232,0,1,222,222)
r(444,0,1,223,223)
r(725,0,1,224,224)
w(284,1,1,225,225)
r(708,0,1,226,226)
r(451,0,1,227,227)
r(822,0,1,228,228)
r(166,0,1,229,229)
r(82,0,1,230,230)
w(677,1,1,231,231)
r(532,0,1,232,232)
w(210,1,1,233,233)
r(96,0,1,234,234)
r(343,0,1,235,235)
r(651,0,1,236,236)
r(663,0,1,237,237)
r(758,0,1,238,238)
r(254,0,1,239,239)
r(601,0,1,240,240)
w(730,1,1,241,241)
r(380,0,1,242,242)
w(265,1,1,243,243)
r(952,0,1,244,244)
r(200,0,1,245,245)
r(903,0,1,246,246)
r(775,0,1,247,247)
r(767,0,1,248,248)
w(456,1,1,249,249)
r(613,0,1,250,250)
w(825,1,1,251,251)
r(713,0,1,252,252)
r(400,0,1,253,253)
r(510,0,1,254,254)
r(754,0,1,255,255)
r(905,0,1,256,256)
r(334,0,1,257,257)
r(264,0,1,258,258)
w(790,1,1,259,259)
w(638,1,1,260,260)
r(753,0,1,261,261)
r(28,0,1,262,262)
r(814,0,1,263,263)
r(132,0,1,264,264)
r(543,0,1,265,265)
r(214,0,1,266,266)
r(918,0,1,267,267)
r(865,0,1,268,268)
r(471,0,1,269,269)
w(926,1,1,270,270)
r(59,0,1,271,271)
r(659,0,1,272,272)
r(403,1,1,273,273)
r(208,0,1,274,274)
w(11,1,1,275,275)
r(71,0,1,276,276)
r(359,0,1,277,277)
r(733,0,1,278,278)
w(712,1,1,279,279)
r(833,0,1,280,280)
r(854,0,1,281,281)
r(121,0,1,282,282)
r(377,0,1,283,283)
r(870,0,1,284,284)
r(11,1,1,285,285)
r(807,0,1,286,286)
w(643,1,1,287,287)
r(885,0,1,288,288)
r(399,0,1,289,289)
r(314,0,1,290,290)
r(474,0,1,291,291)
r(936,0,1,292,292)
r(115,0,1,293,293)
w(993,1,1,294,294)
r(997,0,1,295,295)
r(311,0,1,296,296)
r(989,0,1,297,297)
r(672,0,1,298,298)
r(402,0,1,299,299)
r(93,0,1,300,300)
r(834,0,1,301,301)
r(743,0,1,302,302)
r(489,0,1,303,303)
r(879,0,1,304,304)
r(68,0,1,305,305)
r(414,0,1,306,306)
r(762,0,1,307,307)
w(206,1,1,308,308)
r(718,0,1,309,309)
r(845,0,1,310,310)
r(246,0,1,311,311)
r(646,0,1,312,312)
w(154,1,1,313,313)
r(756,0,1,314,314)
r(787,0,1,315,315)
r(155,0,1,316,316)
r(256,0,1,317,317)
r(249,0,1,318,318)
r(460,1,1,319,319)
r(520,0,1,320,320)
r(461,0,1,321,321)
r(834,0,1,322,322)
r(357,1,1,323,323)
w(469,1,1,324,324)
r(635,0,1,325,325)
r(713,0,1,326,326)
r(977,0,1,327,327)
r(574,0,1,328,328)
r(432,0,1,329,329)
r(769,0,1,330,330)
r(647,0,1,331,331)
r(588,0,1,332,332)
r(408,1,1,333,333)
r(74,0,1,334,334)
r(539,0,1,335,335)
r(675,0,1,336,336)
r(935,0,1,337,337)
r(782,0,1,338,338)
r(651,0,1,339,339)
r(916,0,1,340,340)
r(140,0,1,341,341)
r(269,0,1,342,342)
r(520,0,1,343,343)
w(374,1,1,344,344)
r(667,0,1,345,345)
r(778,0,1,346,346)
r(593,0,1,347,347)
r(238,0,1,348,348)
r(122,0,1,349,349)
r(487,0,1,350,350)
r(373,0,1,351,351)
r(994,0,1,352,352)
r(779,0,1,353,353)
r(964,0,1,354,354)
r(709,0,1,355,355)
w(938,1,1,356,356)
r(544,0,1,357,357)
r(72,0,1,358,358)
r(432,0,1,359,359)
r(997,0,1,360,360)
w(297,1,1,361,361)
r(944,0,1,362,362)
r(949,0,1,363,363)
r(409,0,1,364,364)
r(17,0,1,365,365)
w(268,1,1,366,366)
r(580,0,1,367,367)
r(143,0,1,368,368)
r(532,0,1,369,369)
r(900,0,1,370,370)
r(394,0,1,371,371)
r(672,0,1,372,372)
r(624,0,1,373,373)
r(840,0,1,374,374)
r(678,0,1,375,375)
r(246,0,1,376,376)
r(410,0,1,377,377)
r(146,0,1,378,378)
r(465,0,1,379,379)
r(321,0,1,380,380)
r(38,0,1,381,381)
r(949,0,1,382,382)
r(387,1,1,383,383)
r(702,0,1,384,384)
r(959,0,1,385,385)
r(306,0,1,386,386)
r(180,0,1,387,387)
r(893,0,1,388,388)
r(677,1,1,389,389)
r(378,0,1,390,390)
r(105,0,1,391,391)
r(832,0,1,392,392)
r(632,0,1,393,393)
r(496,1,1,394,394)
r(237,0,1,395,395)
r(997,0,1,396,396)
r(667,0,1,397,397)
r(9,0,1,398,398)
r(775,0,1,399,399)
r(989,0,1,400,400)
r(559,0,1,401,401)
r(185,0,1,402,402)
r(588,0,1,403,403)
r(17,0,1,404,404)
r(633,0,1,405,405)
r(624,0,1,406,406)
w(233,1,1,407,407)
r(863,0,1,408,408)
w(499,1,1,409,409)
w(90,1,1,410,410)
r(239,0,1,411,411)
r(743,0,1,412,412)
r(564,0,1,413,413)
r(792,0,1,414,414)
r(50,0,1,415,415)
r(87,0,1,416,416)
w(541,1,1,417,417)
r(323,0,1,418,418)
r(916,0,1,419,419)
r(716,0,1,420,420)
r(601,0,1,421,421)
r(307,0,1,422,422)
r(285,0,1,423,423)
r(557,0,1,424,424)
r(766,0,1,425,425)
r(203,0,1,426,426)
r(363,0,1,427,427)
r(403,1,1,428,428)
r(779,0,1,429,429)
r(971,0,1,430,430)
r(775,0,1,431,431)
r(786,0,1,432,432)
r(95,0,1,433,433)
r(117,0,1,434,434)
r(505,0,1,435,435)
r(234,0,1,436,436)
r(243,0,1,437,437)
r(408,1,1,438,438)
r(368,0,1,439,439)
w(241,1,1,440,440)
r(690,0,1,441,441)
r(483,0,1,442,442)
r(573,0,1,443,443)
r(928,0,1,444,444)
r(438,0,1,445,445)
r(662,0,1,446,446)
r(616,0,1,447,447)
w(139,1,1,448,448)
r(775,0,1,449,449)
r(83,0,1,450,450)
r(964,0,1,451,451)
r(399,0,1,452,452)
r(295,0,1,453,453)
r(810,0,1,454,454)
r(133,0,1,455,455)
r(543,0,1,456,456)
r(737,0,1,457,457)
r(786,0,1,458,458)
r(508,0,1,459,459)
r(845,0,1,460,460)
r(140,0,1,461,461)
r(995,0,1,462,462)
r(300,0,1,463,463)
r(966,0,1,464,464)
r(151,0,1,465,465)
r(684,0,1,466,466)
w(571,1,1,467,467)
r(199,0,1,468,468)
r(177,0,1,469,469)
r(183,0,1,470,470)
r(422,0,1,471,471)
w(75,1,1,472,472)
r(437,0,1,473,473)
r(275,0,1,474,474)
r(76,0,1,475,475)
r(448,1,1,476,476)
r(947,0,1,477,477)
r(265,1,1,478,478)
r(612,0,1,479,479)
r(74,0,1,480,480)
r(663,0,1,481,481)
r(749,0,1,482,482)
r(803,0,1,483,483)
r(33,0,1,484,484)
w(923,1,1,485,485)
r(192,0,1,486,486)
r(838,0,1,487,487)
r(900,0,1,488,488)
r(601,0,1,489,489)
r(782,0,1,490,490)
r(809,0,1,491,491)
r(505,0,1,492,492)
r(882,0,1,493,493)
r(339,1,1,494,494)
r(301,0,1,495,495)
r(448,1,1,496,496)
r(361,0,1,497,497)
r(211,0,1,498,498)
r(981,0,1,499,499)
r(165,0,2,0,0)
r(876,0,2,1,1)
w(110,1,2,2,2)
r(471,0,2,3,3)
r(267,0,2,4,4)
r(767,0,2,5,5)
r(764,0,2,6,6)
r(46,1,2,7,7)
r(846,0,2,8,8)
r(471,0,2,9,9)
r(252,0,2,10,10)
r(507,0,2,11,11)
r(195,0,2,12,12)
w(280,1,2,13,13)
w(119,1,2,14,14)
r(888,0,2,15,15)
r(277,0,2,16,16)
r(17,0,2,17,17)
r(882,0,2,18,18)
w(870,1,2,19,19)
r(205,0,2,20,20)
r(442,0,2,21,21)
r(355,0,2,22,22)
r(779,0,2,23,23)
r(773,0,2,24,24)
r(521,0,2,25,25)
r(408,1,2,26,26)
r(233,1,2,27,27)
r(744,0,2,28,28)
r(835,0,2,29,29)
r(670,0,2,30,30)
r(757,0,2,31,31)
r(919,0,2,32,32)
r(602,0,2,33,33)
r(210,1,2,34,34)
r(128,0,2,35,35)
r(77,0,2,36,36)
r(846,0,2,37,37)
r(331,0,2,38,38)
r(680,0,2,39,39)
r(168,0,2,40,40)
r(368,0,2,41,41)
r(362,0,2,42,42)
r(540,0,2,43,43)
r(564,0,2,44,44)
r(438,0,2,45,45)
r(714,0,2,46,46)
r(710,0,2,47,47)
r(429,0,2,48,48)
r(831,0,2,49,49)
r(468,0,2,50,50)
w(401,1,2,51,51)
r(459,0,2,52,52)
r(152,0,2,53,53)
r(256,0,2,54,54)
r(755,1,2,55,55)
r(955,0,2,56,56)
r(184,0,2,57,57)
r(624,0,2,58,58)
w(779,1,2,59,59)
r(247,0,2,60,60)
r(334,0,2,61,61)
r(700,0,2,62,62)
r(171,0,2,63,63)
r(72,0,2,64,64)
r(240,0,2,65,65)
r(280,1,2,66,66)
r(379,0,2,67,67)
r(519,0,2,68,68)
r(886,0,2,69,69)
r(495,0,2,70,70)
r(771,0,2,71,71)
r(920,0,2,72,72)
r(906,0,2,73,73)
r(100,1,2,74,74)
r(270,0,2,75,75)
r(53,0,2,76,76)
r(614,0,2,77,77)
r(493,0,2,78,78)
r(615,0,2,79,79)
r(86,0,2,80,80)
r(201,0,2,81,81)
r(720,0,2,82,82)
r(394,0,2,83,83)
r(85,0,2,84,84)
r(370,0,2,85,85)
r(884,0,2,86,86)
r(855,0,2,87,87)
r(696,0,2,88,88)
r(295,0,2,89,89)
r(686,0,2,90,90)
r(242,0,2,91,91)
r(486,0,2,92,92)
r(957,0,2,93,93)
r(334,0,2,94,94)
w(827,1,2,95,95)
r(868,0,2,96,96)
r(576,0,2,97,97)
w(57,1,2,98,98)
r(137,0,2,99,99)
r(204,0,2,100,100)
r(738,0,2,101,101)
r(609,0,2,102,102)
r(884,0,2,103,103)
r(387,1,2,104,104)
r(699,0,2,105,105)
r(130,0,2,106,106)
r(831,0,2,107,107)
r(683,0,2,108,108)
r(964,0,2,109,109)
r(270,0,2,110,110)
r(90,1,2,111,111)
r(840,0,2,112,112)
r(667,0,2,113,113)
r(244,1,2,114,114)
r(826,0,2,115,115)
r(27,0,2,116,116)
r(381,0,2,117,117)
r(547,0,2,118,118)
r(531,0,2,119,119)
r(701,0,2,120,120)
r(906,0,2,121,121)
r(765,0,2,122,122)
r(865,0,2,123,123)
r(496,1,2,124,124)
r(667,0,2,125,125)
r(407,1,2,126,126)
r(162,0,2,127,127)
r(432,0,2,128,128)
r(771,0,2,129,129)
r(763,0,2,130,130)
r(256,0,2,131,131)
r(909,0,2,132,132)
r(499,1,2,133,133)
r(515,0,2,134,134)
r(493,0,2,135,135)
r(420,0,2,136,136)
r(988,0,2,137,137)
r(943,0,2,138,138)
r(47,0,2,139,139)
w(574,1,2,140,140)
r(613,0,2,141,141)
r(92,1,2,142,142)
r(104,0,2,143,143)
r(917,0,2,144,144)
r(664,0,2,145,145)
r(437,0,2,146,146)
r(634,0,2,147,147)
r(295,0,2,148,148)
r(336,0,2,149,149)
r(850,0,2,150,150)
r(150,0,2,151,151)
r(45,0,2,152,152)
r(27,0,2,153,153)
r(616,0,2,154,154)
r(581,0,2,155,155)
w(24,1,2,156,156)
r(285,0,2,157,157)
r(24,1,2,158,158)
r(954,1,2,159,159)
r(119,1,2,160,160)
r(987,0,2,161,161)
r(806,0,2,162,162)
w(83,1,2,163,163)
r(15,0,2,164,164)
r(448,1,2,165,165)
r(224,0,2,166,166)
r(484,0,2,167,167)
r(430,0,2,168,168)
r(354,0,2,169,169)
r(240,0,2,170,170)
r(823,0,2,171,171)
r(129,0,2,172,172)
r(366,0,2,173,173)
r(455,0,2,174,174)
r(220,0,2,175,175)
r(973,0,2,176,176)
r(735,0,2,177,177)
r(999,0,2,178,178)
r(91,0,2,179,179)
r(516,1,2,180,180)
w(698,1,2,181,181)
r(802,0,2,182,182)
r(764,0,2,183,183)
r(538,0,2,184,184)
r(29,0,2,185,185)
r(903,0,2,186,186)
r(349,0,2,187,187)
r(255,1,2,188,188)
r(730,1,2,189,189)
r(635,0,2,190,190)
r(482,0,2,191,191)
w(949,1,2,192,192)
r(475,0,2,193,193)
r(480,0,2,194,194)
r(220,0,2,195,195)
w(916,1,2,196,196)
r(52,1,2,197,197)
r(209,0,2,198,198)
r(331,0,2,199,199)
w(332,1,2,200,200)
w(956,2,2,201,201)
r(262,0,2,202,202)
r(775,0,2,203,203)
r(702,0,2,204,204)
r(365,0,2,205,205)
r(864,0,2,206,206)
r(878,1,2,207,207)
r(223,0,2,208,208)
w(430,1,2,209,209)
r(267,0,2,210,210)
r(738,0,2,211,211)
w(828,1,2,212,212)
r(807,0,2,213,213)
r(553,0,2,214,214)
r(489,0,2,215,215)
r(966,0,2,216,216)
r(30,0,2,217,217)
r(534,0,2,218,218)
r(397,0,2,219,219)
r(860,0,2,220,220)
r(895,0,2,221,221)
r(796,0,2,222,222)
r(638,1,2,223,223)
r(798,0,2,224,224)
r(504,0,2,225,225)
w(643,2,2,226,226)
r(66,0,2,227,227)
r(314,0,2,228,228)
r(131,0,2,229,229)
r(51,0,2,230,230)
r(94,0,2,231,231)
r(786,0,2,232,232)
r(897,0,2,233,233)
r(656,0,2,234,234)
r(262,0,2,235,235)
r(798,0,2,236,236)
r(5,0,2,237,237)
r(783,1,2,238,238)
r(257,0,2,239,239)
r(72,0,2,240,240)
w(77,1,2,241,241)
r(221,0,2,242,242)
r(582,0,2,243,243)
w(195,1,2,244,244)
r(992,0,2,245,245)
r(276,0,2,246,246)
r(243,0,2,247,247)
w(201,1,2,248,248)
r(337,0,2,249,249)
r(480,0,2,250,250)
r(392,0,2,251,251)
r(461,0,2,252,252)
r(676,0,2,253,253)
r(129,0,2,254,254)
r(480,0,2,255,255)
r(77,1,2,256,256)
r(26,0,2,257,257)
r(9,0,2,258,258)
r(877,0,2,259,259)
r(553,0,2,260,260)
r(480,0,2,261,261)
r(356,0,2,262,262)
r(940,0,2,263,263)
r(625,1,2,264,264)
r(999,0,2,265,265)
w(461,1,2,266,266)
r(202,0,2,267,267)
r(713,0,2,268,268)
r(15,0,2,269,269)
r(494,0,2,270,270)
r(533,0,2,271,271)
r(488,0,2,272,272)
r(902,0,2,273,273)
r(912,0,2,274,274)
r(335,0,2,275,275)
r(413,0,2,276,276)
r(257,0,2,277,277)
r(147,0,2,278,278)
r(218,0,2,279,279)
r(693,0,2,280,280)
r(422,0,2,281,281)
r(617,0,2,282,282)
r(543,0,2,283,283)
r(80,0,2,284,284)
r(883,0,2,285,285)
r(297,1,2,286,286)
r(79,0,2,287,287)
r(801,0,2,288,288)
r(8,0,2,289,289)
r(645,0,2,290,290)
r(631,0,2,291,291)
r(355,0,2,292,292)
r(139,1,2,293,293)
w(333,1,2,294,294)
w(625,2,2,295,295)
r(413,0,2,296,296)
r(715,0,2,297,297)
r(908,0,2,298,298)
w(867,1,2,299,299)
r(834,0,2,300,300)
r(509,0,2,301,301)
r(416,0,2,302,302)
w(486,1,2,303,303)
w(318,1,2,304,304)
r(395,0,2,305,305)
r(312,0,2,306,306)
r(728,0,2,307,307)
r(965,0,2,308,308)
r(356,0,2,309,309)
r(942,0,2,310,310)
w(260,2,2,311,311)
r(125,0,2,312,312)
r(190,0,2,313,313)
r(915,0,2,314,314)
r(941,1,2,315,315)
r(320,0,2,316,316)
r(859,0,2,317,317)
r(237,0,2,318,318)
r(593,0,2,319,319)
r(232,0,2,320,320)
r(688,0,2,321,321)
r(592,0,2,322,322)
r(230,0,2,323,323)
w(99,1,2,324,324)
r(938,1,2,325,325)
r(879,0,2,326,326)
r(848,0,2,327,327)
r(903,0,2,328,328)
w(648,1,2,329,329)
r(613,0,2,330,330)
r(604,0,2,331,331)
r(14,0,2,332,332)
r(928,0,2,333,333)
r(449,0,2,334,334)
r(155,0,2,335,335)
r(580,0,2,336,336)
r(518,0,2,337,337)
w(771,1,2,338,338)
r(621,0,2,339,339)
r(480,0,2,340,340)
r(111,0,2,341,341)
r(565,0,2,342,342)
r(190,0,2,343,343)
r(872,1,2,344,344)
r(473,0,2,345,345)
r(820,0,2,346,346)
r(546,0,2,347,347)
r(14,0,2,348,348)
r(860,0,2,349,349)
r(938,1,2,350,350)
r(770,0,2,351,351)
w(975,1,2,352,352)
r(618,0,2,353,353)
w(16,2,2,354,354)
r(539,0,2,355,355)
r(504,0,2,356,356)
r(594,0,2,357,357)
r(617,0,2,358,358)
r(835,0,2,359,359)
w(60,1,2,360,360)
r(722,0,2,361,361)
r(838,0,2,362,362)
r(794,0,2,363,363)
r(386,0,2,364,364)
r(688,0,2,365,365)
r(589,0,2,366,366)
r(684,0,2,367,367)
r(982,0,2,368,368)
r(654,0,2,369,369)
r(892,0,2,370,370)
r(883,0,2,371,371)
r(815,0,2,372,372)
r(865,0,2,373,373)
r(246,0,2,374,374)
r(3,0,2,375,375)
r(582,0,2,376,376)
r(726,0,2,377,377)
r(490,0,2,378,378)
r(810,0,2,379,379)
r(275,0,2,380,380)
r(19,1,2,381,381)
w(242,1,2,382,382)
r(696,0,2,383,383)
r(778,0,2,384,384)
r(950,0,2,385,385)
r(175,0,2,386,386)
r(631,0,2,387,387)
r(910,0,2,388,388)
w(990,1,2,389,389)
r(489,0,2,390,390)
r(545,0,2,391,391)
r(600,0,2,392,392)
w(423,1,2,393,393)
w(789,2,2,394,394)
r(548,1,2,395,395)
r(876,0,2,396,396)
r(537,0,2,397,397)
r(420,0,2,398,398)
r(532,0,2,399,399)
r(320,0,2,400,400)
r(593,0,2,401,401)
r(469,1,2,402,402)
r(508,0,2,403,403)
w(416,1,2,404,404)
w(931,1,2,405,405)
r(906,0,2,406,406)
r(9,0,2,407,407)
r(829,0,2,408,408)
r(123,1,2,409,409)
r(28,0,2,410,410)
r(145,0,2,411,411)
r(650,0,2,412,412)
w(347,1,2,413,413)
r(472,0,2,414,414)
r(44,1,2,415,415)
r(36,0,2,416,416)
r(546,0,2,417,417)
r(878,1,2,418,418)
r(867,1,2,419,419)
r(556,0,2,420,420)
r(182,0,2,421,421)
r(520,0,2,422,422)
r(421,0,2,423,423)
r(90,1,2,424,424)
r(743,0,2,425,425)
r(605,0,2,426,426)
r(434,0,2,427,427)
r(552,0,2,428,428)
r(472,0,2,429,429)
r(253,0,2,430,430)
r(420,0,2,431,431)
r(854,0,2,432,432)
r(254,0,2,433,433)
r(570,0,2,434,434)
w(794,1,2,435,435)
r(666,0,2,436,436)
r(107,0,2,437,437)
w(487,1,2,438,438)
r(900,0,2,439,439)
r(822,0,2,440,440)
r(184,0,2,441,441)
r(777,1,2,442,442)
r(705,0,2,443,443)
r(936,0,2,444,444)
w(500,1,2,445,445)
r(676,0,2,446,446)
r(407,1,2,447,447)
r(324,0,2,448,448)
r(376,0,2,449,449)
r(0,0,2,450,450)
r(122,0,2,451,451)
r(898,0,2,452,452)
r(386,0,2,453,453)
r(622,0,2,454,454)
r(962,0,2,455,455)
r(396,0,2,456,456)
r(712,1,2,457,457)
r(976,0,2,458,458)
w(55,1,2,459,459)
r(936,0,2,460,460)
r(386,0,2,461,461)
r(158,0,2,462,462)
r(737,0,2,463,463)
w(548,2,2,464,464)
r(607,0,2,465,465)
r(80,0,2,466,466)
r(839,0,2,467,467)
r(778,0,2,468,468)
r(186,1,2,469,469)
r(336,0,2,470,470)
r(325,0,2,471,471)
r(112,0,2,472,472)
r(279,0,2,473,473)
r(333,1,2,474,474)
r(867,1,2,475,475)
r(823,0,2,476,476)
r(687,0,2,477,477)
r(685,0,2,478,478)
r(849,0,2,479,479)
r(388,0,2,480,480)
r(249,0,2,481,481)
r(568,0,2,482,482)
r(414,0,2,483,483)
r(0,0,2,484,484)
r(861,0,2,485,485)
r(8,0,2,486,486)
r(722,0,2,487,487)
r(800,0,2,488,488)
r(303,0,2,489,489)
r(763,0,2,490,490)
r(427,0,2,491,491)
r(325,0,2,492,492)
r(504,0,2,493,493)
r(893,0,2,494,494)
w(730,2,2,495,495)
r(394,0,2,496,496)
r(547,0,2,497,497)
r(354,0,2,498,498)
r(132,0,2,499,499)
r(894,0,3,0,0)
r(809,0,3,1,1)
r(687,0,3,2,2)
r(60,1,3,3,3)
r(123,1,3,4,4)
r(232,0,3,5,5)
r(96,0,3,6,6)
r(471,0,3,7,7)
w(248,3,3,8,8)
r(331,0,3,9,9)
r(214,0,3,10,10)
r(110,1,3,11,11)
r(278,0,3,12,12)
w(913,2,3,13,13)
r(63,0,3,14,14)
r(873,0,3,15,15)
w(786,1,3,16,16)
r(786,1,3,17,17)
r(438,0,3,18,18)
r(793,0,3,19,19)
r(737,0,3,20,20)
r(990,1,3,21,21)
r(824,0,3,22,22)
r(769,0,3,23,23)
r(290,0,3,24,24)
r(383,0,3,25,25)
r(267,0,3,26,26)
r(280,1,3,27,27)
r(846,0,3,28,28)
r(942,0,3,29,29)
r(740,0,3,30,30)
r(410,0,3,31,31)
r(873,0,3,32,32)
r(638,1,3,33,33)
r(302,0,3,34,34)
r(890,0,3,35,35)
r(55,1,3,36,36)
r(435,1,3,37,37)
r(959,0,3,38,38)
r(67,0,3,39,39)
r(755,1,3,40,40)
r(636,0,3,41,41)
r(586,0,3,42,42)
r(106,0,3,43,43)
r(689,0,3,44,44)
r(145,0,3,45,45)
r(589,0,3,46,46)
r(862,0,3,47,47)
r(274,0,3,48,48)
r(265,1,3,49,49)
r(196,0,3,50,50)
w(531,1,3,51,51)
r(222,0,3,52,52)
r(987,0,3,53,53)
r(768,0,3,54,54)
r(545,0,3,55,55)
r(495,0,3,56,56)
r(477,0,3,57,57)
r(227,0,3,58,58)
r(423,1,3,59,59)
r(728,0,3,60,60)
r(93,0,3,61,61)
r(534,0,3,62,62)
w(357,2,3,63,63)
r(551,0,3,64,64)
r(76,0,3,65,65)
r(53,0,3,66,66)
r(386,0,3,67,67)
r(979,0,3,68,68)
r(500,1,3,69,69)
r(595,0,3,70,70)
r(528,0,3,71,71)
r(439,0,3,72,72)
r(659,0,3,73,73)
r(62,0,3,74,74)
r(237,0,3,75,75)
r(834,0,3,76,76)
r(107,0,3,77,77)
r(835,0,3,78,78)
r(575,0,3,79,79)
r(186,1,3,80,80)
r(242,1,3,81,81)
w(391,1,3,82,82)
r(574,1,3,83,83)
r(401,1,3,84,84)
r(108,0,3,85,85)
w(742,1,3,86,86)
r(489,0,3,87,87)
r(832,0,3,88,88)
r(294,0,3,89,89)
r(316,0,3,90,90)
r(664,0,3,91,91)
r(812,0,3,92,92)
r(883,0,3,93,93)
r(641,0,3,94,94)
r(95,0,3,95,95)
r(512,0,3,96,96)
r(998,0,3,97,97)
r(591,0,3,98,98)
r(198,0,3,99,99)
r(10,0,3,100,100)
r(749,0,3,101,101)
r(425,0,3,102,102)
r(192,0,3,103,103)
r(200,0,3,104,104)
r(280,1,3,105,105)
r(120,0,3,106,106)
w(217,1,3,107,107)
r(159,0,3,108,108)
r(273,0,3,109,109)
r(81,0,3,110,110)
r(161,0,3,111,111)
w(524,1,3,112,112)
r(565,0,3,113,113)
r(78,0,3,114,114)
r(930,0,3,115,115)
r(89,0,3,116,116)
r(568,0,3,117,117)
r(96,0,3,118,118)
w(563,1,3,119,119)
w(478,1,3,120,120)
w(361,1,3,121,121)
r(217,1,3,122,122)
r(212,0,3,123,123)
r(158,0,3,124,124)
r(299,0,3,125,125)
r(996,0,3,126,126)
r(257,0,3,127,127)
r(442,0,3,128,128)
r(81,0,3,129,129)
r(899,0,3,130,130)
r(846,0,3,131,131)
r(553,0,3,132,132)
r(118,0,3,133,133)
r(455,0,3,134,134)
r(354,0,3,135,135)
r(499,1,3,136,136)
r(838,0,3,137,137)
r(263,0,3,138,138)
r(132,0,3,139,139)
r(355,0,3,140,140)
r(903,0,3,141,141)
r(754,0,3,142,142)
r(903,0,3,143,143)
r(929,0,3,144,144)
r(174,0,3,145,145)
r(770,0,3,146,146)
r(808,1,3,147,147)
r(427,0,3,148,148)
r(322,0,3,149,149)
r(138,1,3,150,150)
r(355,0,3,151,151)
r(274,0,3,152,152)
r(599,0,3,153,153)
w(147,1,3,154,154)
r(708,0,3,155,155)
r(479,0,3,156,156)
r(817,0,3,157,157)
r(133,0,3,158,158)
r(256,0,3,159,159)
w(48,2,3,160,160)
w(126,1,3,161,161)
r(871,0,3,162,162)
r(129,0,3,163,163)
r(412,0,3,164,164)
r(190,0,3,165,165)
r(96,0,3,166,166)
r(785,0,3,167,167)
r(202,0,3,168,168)
r(236,0,3,169,169)
r(289,0,3,170,170)
r(211,0,3,171,171)
r(978,0,3,172,172)
r(506,0,3,173,173)
r(881,0,3,174,174)
w(953,1,3,175,175)
r(370,0,3,176,176)
r(343,0,3,177,177)
w(697,1,3,178,178)
r(686,0,3,179,179)
r(626,0,3,180,180)
r(483,0,3,181,181)
r(424,0,3,182,182)
r(810,0,3,183,183)
r(799,0,3,184,184)
r(271,1,3,185,185)
r(285,0,3,186,186)
r(34,0,3,187,187)
r(198,0,3,188,188)
r(233,1,3,189,189)
r(44,1,3,190,190)
r(93,0,3,191,191)
r(949,1,3,192,192)
r(578,0,3,193,193)
r(164,0,3,194,194)
r(181,0,3,195,195)
r(898,0,3,196,196)
r(63,0,3,197,197)
r(212,0,3,198,198)
r(737,0,3,199,199)
r(811,0,3,200,200)
r(298,0,3,201,201)
r(31,0,3,202,202)
r(732,0,3,203,203)
w(823,1,3,204,204)
r(891,0,3,205,205)
r(467,0,3,206,206)
r(668,0,3,207,207)
r(4,0,3,208,208)
r(600,0,3,209,209)
r(460,1,3,210,210)
r(54,0,3,211,211)
r(936,0,3,212,212)
r(234,0,3,213,213)
r(979,0,3,214,214)
r(894,0,3,215,215)
r(640,0,3,216,216)
r(705,0,3,217,217)
r(27,0,3,218,218)
w(42,1,3,219,219)
r(81,0,3,220,220)
r(833,0,3,221,221)
r(253,0,3,222,222)
r(598,0,3,223,223)
r(950,0,3,224,224)
r(556,0,3,225,225)
w(489,1,3,226,226)
w(781,1,3,227,227)
r(24,1,3,228,228)
w(803,1,3,229,229)
r(580,0,3,230,230)
r(996,0,3,231,231)
r(477,0,3,232,232)
r(808,1,3,233,233)
r(132,0,3,234,234)
r(636,0,3,235,235)
r(977,0,3,236,236)
r(581,0,3,237,237)
r(311,0,3,238,238)
r(540,0,3,239,239)
r(438,0,3,240,240)
r(439,0,3,241,241)
r(796,0,3,242,242)
r(82,0,3,243,243)
r(762,0,3,244,244)
r(338,0,3,245,245)
r(614,0,3,246,246)
r(792,0,3,247,247)
r(607,0,3,248,248)
r(823,1,3,249,249)
w(724,1,3,250,250)
r(605,0,3,251,251)
r(805,0,3,252,252)
r(931,1,3,253,253)
r(320,0,3,254,254)
r(781,1,3,255,255)
r(94,0,3,256,256)
r(38,0,3,257,257)
r(619,0,3,258,258)
r(669,0,3,259,259)
w(796,1,3,260,260)
r(796,1,3,261,261)
r(830,0,3,262,262)
r(664,0,3,263,263)
r(115,0,3,264,264)
w(259,1,3,265,265)
r(44,1,3,266,266)
r(2,0,3,267,267)
r(300,0,3,268,268)
r(818,0,3,269,269)
r(129,0,3,270,270)
r(399,0,3,271,271)
r(896,0,3,272,272)
r(880,0,3,273,273)
r(608,0,3,274,274)
r(19,1,3,275,275)
w(27,1,3,276,276)
r(185,0,3,277,277)
w(768,1,3,278,278)
w(401,2,3,279,279)
r(941,1,3,280,280)
r(456,1,3,281,281)
r(31,0,3,282,282)
r(767,0,3,283,283)
r(10,0,3,284,284)
r(199,0,3,285,285)
r(286,0,3,286,286)
r(340,0,3,287,287)
r(735,0,3,288,288)
r(816,0,3,289,289)
r(622,0,3,290,290)
r(503,0,3,291,291)
r(41,0,3,292,292)
r(361,1,3,293,293)
r(121,0,3,294,294)
r(147,1,3,295,295)
w(327,1,3,296,296)
r(530,0,3,297,297)
r(322,0,3,298,298)
r(586,0,3,299,299)
w(50,1,3,300,300)
w(653,1,3,301,301)
r(561,0,3,302,302)
r(106,0,3,303,303)
r(695,0,3,304,304)
r(790,1,3,305,305)
r(515,0,3,306,306)
r(628,0,3,307,307)
r(232,0,3,308,308)
r(653,1,3,309,309)
w(366,1,3,310,310)
r(687,0,3,311,311)
r(347,1,3,312,312)
w(236,1,3,313,313)
r(9,0,3,314,314)
w(259,2,3,315,315)
r(221,0,3,316,316)
r(315,0,3,317,317)
w(787,1,3,318,318)
r(292,1,3,319,319)
w(89,1,3,320,320)
r(897,0,3,321,321)
r(471,0,3,322,322)
r(578,0,3,323,323)
r(475,0,3,324,324)
r(51,0,3,325,325)
r(235,0,3,326,326)
w(788,2,3,327,327)
r(676,0,3,328,328)
r(235,0,3,329,329)
r(367,0,3,330,330)
r(140,0,3,331,331)
r(816,0,3,332,332)
r(326,0,3,333,333)
r(939,0,3,334,334)
r(774,0,3,335,335)
r(725,0,3,336,336)
r(618,0,3,337,337)
r(915,0,3,338,338)
r(681,0,3,339,339)
r(718,0,3,340,340)
w(296,1,3,341,341)
r(426,0,3,342,342)
w(539,1,3,343,343)
r(815,0,3,344,344)
r(69,0,3,345,345)
r(229,0,3,346,346)
r(43,0,3,347,347)
r(161,0,3,348,348)
r(605,0,3,349,349)
r(524,1,3,350,350)
r(894,0,3,351,351)
r(456,1,3,352,352)
r(221,0,3,353,353)
r(803,1,3,354,354)
r(238,0,3,355,355)
r(672,0,3,356,356)
r(105,0,3,357,357)
r(513,0,3,358,358)
r(710,0,3,359,359)
r(649,0,3,360,360)
r(855,0,3,361,361)
r(190,0,3,362,362)
r(528,0,3,363,363)
r(808,1,3,364,364)
r(861,0,3,365,365)
r(840,0,3,366,366)
r(815,0,3,367,367)
w(832,1,3,368,368)
r(953,1,3,369,369)
r(886,0,3,370,370)
r(725,0,3,371,371)
r(657,0,3,372,372)
r(294,0,3,373,373)
r(283,0,3,374,374)
r(109,0,3,375,375)
r(616,0,3,376,376)
r(472,0,3,377,377)
r(88,0,3,378,378)
w(800,1,3,379,379)
r(694,1,3,380,380)
r(554,0,3,381,381)
r(406,0,3,382,382)
r(293,0,3,383,383)
r(958,0,3,384,384)
r(455,0,3,385,385)
r(307,0,3,386,386)
r(774,0,3,387,387)
r(728,0,3,388,388)
w(329,1,3,389,389)
r(94,0,3,390,390)
r(486,1,3,391,391)
r(398,0,3,392,392)
r(260,2,3,393,393)
r(853,1,3,394,394)
r(805,0,3,395,395)
r(725,0,3,396,396)
r(74,0,3,397,397)
r(476,1,3,398,398)
r(48,2,3,399,399)
r(792,0,3,400,400)
r(288,0,3,401,401)
r(908,0,3,402,402)
r(304,1,3,403,403)
r(784,0,3,404,404)
r(761,0,3,405,405)
r(413,0,3,406,406)
r(589,0,3,407,407)
r(342,0,3,408,408)
r(946,0,3,409,409)
r(762,0,3,410,410)
r(839,0,3,411,411)
r(771,1,3,412,412)
r(149,0,3,413,413)
r(567,0,3,414,414)
r(814,0,3,415,415)
r(253,0,3,416,416)
r(216,0,3,417,417)
r(972,0,3,418,418)
r(957,0,3,419,419)
r(44,1,3,420,420)
r(592,0,3,421,421)
r(879,0,3,422,422)
r(552,0,3,423,423)
r(138,1,3,424,424)
r(767,0,3,425,425)
r(824,0,3,426,426)
r(322,0,3,427,427)
r(148,0,3,428,428)
r(713,0,3,429,429)
r(145,0,3,430,430)
r(671,0,3,431,431)
r(994,0,3,432,432)
r(947,0,3,433,433)
r(119,1,3,434,434)
r(961,0,3,435,435)
r(707,0,3,436,436)
r(676,0,3,437,437)
r(895,0,3,438,438)
r(527,0,3,439,439)
r(217,1,3,440,440)
r(743,0,3,441,441)
r(816,0,3,442,442)
r(592,0,3,443,443)
r(635,0,3,444,444)
r(903,0,3,445,445)
r(399,0,3,446,446)
r(16,2,3,447,447)
w(631,1,3,448,448)
w(192,1,3,449,449)
r(26,0,3,450,450)
w(609,1,3,451,451)
r(859,0,3,452,452)
r(538,0,3,453,453)
r(973,0,3,454,454)
r(796,1,3,455,455)
r(183,0,3,456,456)
r(341,0,3,457,457)
r(67,0,3,458,458)
r(976,0,3,459,459)
r(622,0,3,460,460)
r(45,0,3,461,461)
r(386,0,3,462,462)
r(331,0,3,463,463)
r(733,0,3,464,464)
r(543,0,3,465,465)
w(699,1,3,466,466)
r(127,0,3,467,467)
r(787,1,3,468,468)
r(346,0,3,469,469)
w(126,2,3,470,470)
r(399,0,3,471,471)
r(958,0,3,472,472)
r(251,0,3,473,473)
r(684,0,3,474,474)
r(866,0,3,475,475)
r(646,0,3,476,476)
r(184,0,3,477,477)
r(580,0,3,478,478)
r(154,1,3,479,479)
r(431,0,3,480,480)
r(290,0,3,481,481)
r(793,0,3,482,482)
r(24,1,3,483,483)
r(238,0,3,484,484)
w(171,1,3,485,485)
r(613,0,3,486,486)
r(167,0,3,487,487)
r(576,0,3,488,488)
r(437,0,3,489,489)
r(481,0,3,490,490)
r(794,1,3,491,491)
r(153,0,3,492,492)
r(455,0,3,493,493)
r(824,0,3,494,494)
r(356,0,3,495,495)
r(196,0,3,496,496)
r(516,1,3,497,497)
r(373,0,3,498,498)
r(927,0,3,499,499)
r(547,0,4,0,0)
r(524,1,4,1,1)
r(320,0,4,2,2)
w(402,1,4,3,3)
r(981,0,4,4,4)
r(854,0,4,5,5)
r(271,1,4,6,6)
r(51,0,4,7,7)
r(103,0,4,8,8)
r(159,0,4,9,9)
r(449,0,4,10,10)
r(718,0,4,11,11)
r(421,0,4,12,12)
r(446,0,4,13,13)
r(276,0,4,14,14)
r(88,0,4,15,15)
r(37,0,4,16,16)
r(30,0,4,17,17)
r(413,0,4,18,18)
r(239,0,4,19,19)
r(548,2,4,20,20)
r(769,0,4,21,21)
r(522,0,4,22,22)
r(747,1,4,23,23)
r(584,0,4,24,24)
r(145,0,4,25,25)
r(921,1,4,26,26)
r(148,0,4,27,27)
r(511,1,4,28,28)
r(341,0,4,29,29)
w(678,1,4,30,30)
r(523,0,4,31,31)
r(391,1,4,32,32)
r(832,1,4,33,33)
r(346,0,4,34,34)
r(573,0,4,35,35)
r(924,0,4,36,36)
r(226,0,4,37,37)
r(100,1,4,38,38)
r(811,0,4,39,39)
r(708,0,4,40,40)
r(137,0,4,41,41)
w(825,2,4,42,42)
r(894,0,4,43,43)
r(379,0,4,44,44)
r(556,0,4,45,45)
r(258,0,4,46,46)
r(330,0,4,47,47)
r(138,1,4,48,48)
r(440,0,4,49,49)
r(166,0,4,50,50)
r(639,1,4,51,51)
r(967,0,4,52,52)
r(809,0,4,53,53)
r(6,1,4,54,54)
r(328,0,4,55,55)
r(234,0,4,56,56)
r(945,0,4,57,57)
r(987,0,4,58,58)
r(973,0,4,59,59)
r(65,1,4,60,60)
r(708,0,4,61,61)
r(297,1,4,62,62)
r(406,0,4,63,63)
r(661,0,4,64,64)
r(946,0,4,65,65)
r(496,1,4,66,66)
r(684,0,4,67,67)
r(573,0,4,68,68)
r(74,0,4,69,69)
r(646,0,4,70,70)
r(118,0,4,71,71)
r(230,0,4,72,72)
r(551,0,4,73,73)
r(465,0,4,74,74)
r(788,2,4,75,75)
r(1,0,4,76,76)
r(181,0,4,77,77)
r(828,1,4,78,78)
r(5,0,4,79,79)
r(259,2,4,80,80)
r(112,0,4,81,81)
r(800,1,4,82,82)
r(748,0,4,83,83)
r(371,0,4,84,84)
r(945,0,4,85,85)
r(407,1,4,86,86)
r(638,1,4,87,87)
w(296,2,4,88,88)
r(317,0,4,89,89)
r(708,0,4,90,90)
r(932,0,4,91,91)
r(522,0,4,92,92)
r(289,0,4,93,93)
r(254,0,4,94,94)
r(15,0,4,95,95)
r(258,0,4,96,96)
r(925,1,4,97,97)
w(977,1,4,98,98)
r(115,0,4,99,99)
r(728,0,4,100,100)
w(329,2,4,101,101)
r(199,0,4,102,102)
r(343,0,4,103,103)
r(602,0,4,104,104)
r(993,1,4,105,105)
r(882,0,4,106,106)
r(481,0,4,107,107)
r(43,0,4,108,108)
r(166,0,4,109,109)
r(702,0,4,110,110)
r(103,0,4,111,111)
r(535,0,4,112,112)
r(888,0,4,113,113)
r(735,0,4,114,114)
r(519,0,4,115,115)
r(926,1,4,116,116)
w(291,1,4,117,117)
r(219,0,4,118,118)
r(491,1,4,119,119)
r(231,0,4,120,120)
r(522,0,4,121,121)
r(143,0,4,122,122)
r(914,0,4,123,123)
r(893,0,4,124,124)
r(923,1,4,125,125)
r(77,1,4,126,126)
r(517,0,4,127,127)
r(842,0,4,128,128)
r(456,1,4,129,129)
w(100,2,4,130,130)
r(395,0,4,131,131)
r(31,0,4,132,132)
r(236,1,4,133,133)
r(499,1,4,134,134)
w(585,2,4,135,135)
r(255,1,4,136,136)
r(625,2,4,137,137)
r(581,0,4,138,138)
r(888,0,4,139,139)
r(922,0,4,140,140)
r(873,0,4,141,141)
r(581,0,4,142,142)
r(721,1,4,143,143)
r(282,0,4,144,144)
r(347,1,4,145,145)
r(787,1,4,146,146)
w(918,1,4,147,147)
r(946,0,4,148,148)
r(953,1,4,149,149)
r(363,0,4,150,150)
w(44,2,4,151,151)
w(625,3,4,152,152)
r(878,1,4,153,153)
r(377,0,4,154,154)
w(338,1,4,155,155)
r(87,0,4,156,156)
r(61,0,4,157,157)
r(181,0,4,158,158)
r(567,0,4,159,159)
r(261,0,4,160,160)
w(424,1,4,161,161)
w(686,1,4,162,162)
r(97,0,4,163,163)
r(959,0,4,164,164)
r(111,0,4,165,165)
r(309,0,4,166,166)
r(123,1,4,167,167)
r(870,1,4,168,168)
r(27,1,4,169,169)
r(188,0,4,170,170)
r(92,1,4,171,171)
r(315,0,4,172,172)
r(986,0,4,173,173)
r(386,0,4,174,174)
w(661,1,4,175,175)
r(387,1,4,176,176)
r(779,1,4,177,177)
r(201,1,4,178,178)
r(56,0,4,179,179)
r(856,0,4,180,180)
r(995,0,4,181,181)
r(630,0,4,182,182)
r(393,0,4,183,183)
w(337,1,4,184,184)
r(214,0,4,185,185)
r(69,0,4,186,186)
r(547,0,4,187,187)
r(116,0,4,188,188)
r(506,0,4,189,189)
r(676,0,4,190,190)
r(118,0,4,191,191)
r(49,0,4,192,192)
r(187,0,4,193,193)
r(119,1,4,194,194)
r(791,0,4,195,195)
r(638,1,4,196,196)
r(24,1,4,197,197)
r(430,1,4,198,198)
w(171,2,4,199,199)
r(813,0,4,200,200)
r(868,0,4,201,201)
w(10,1,4,202,202)
r(336,0,4,203,203)
r(774,0,4,204,204)
r(611,1,4,205,205)
r(313,0,4,206,206)
r(562,0,4,207,207)
r(520,0,4,208,208)
r(696,0,4,209,209)
r(362,0,4,210,210)
r(838,0,4,211,211)
r(854,0,4,212,212)
r(611,1,4,213,213)
r(936,0,4,214,214)
r(736,0,4,215,215)
r(759,0,4,216,216)
r(131,0,4,217,217)
r(889,0,4,218,218)
r(690,0,4,219,219)
r(128,0,4,220,220)
r(974,0,4,221,221)
r(678,1,4,222,222)
r(972,0,4,223,223)
r(771,1,4,224,224)
r(668,0,4,225,225)
r(210,1,4,226,226)
r(108,0,4,227,227)
r(43,0,4,228,228)
r(385,0,4,229,229)
r(503,0,4,230,230)
w(560,1,4,231,231)
r(22,0,4,232,232)
r(278,0,4,233,233)
r(839,0,4,234,234)
r(835,0,4,235,235)
r(808,1,4,236,236)
r(15,0,4,237,237)
r(24,1,4,238,238)
r(375,0,4,239,239)
r(181,0,4,240,240)
r(398,0,4,241,241)
r(228,1,4,242,242)
r(193,0,4,243,243)
r(885,0,4,244,244)
r(88,0,4,245,245)
r(517,0,4,246,246)
r(349,0,4,247,247)
r(675,0,4,248,248)
r(55,1,4,249,249)
r(14,0,4,250,250)
r(213,0,4,251,251)
r(359,0,4,252,252)
r(514,0,4,253,253)
r(218,0,4,254,254)
r(208,0,4,255,255)
r(801,0,4,256,256)
r(734,0,4,257,257)
r(772,0,4,258,258)
w(305,1,4,259,259)
r(991,0,4,260,260)
r(248,3,4,261,261)
r(420,0,4,262,262)
r(784,0,4,263,263)
r(608,0,4,264,264)
w(778,1,4,265,265)
r(524,1,4,266,266)
r(883,0,4,267,267)
r(629,0,4,268,268)
r(494,0,4,269,269)
r(693,0,4,270,270)
r(602,0,4,271,271)
r(649,0,4,272,272)
r(668,0,4,273,273)
w(989,1,4,274,274)
r(941,1,4,275,275)
r(705,0,4,276,276)
r(225,0,4,277,277)
r(649,0,4,278,278)
r(803,1,4,279,279)
r(889,0,4,280,280)
w(74,1,4,281,281)
r(723,1,4,282,282)
r(5,0,4,283,283)
r(465,0,4,284,284)
r(920,0,4,285,285)
r(513,0,4,286,286)
r(105,0,4,287,287)
r(113,0,4,288,288)
r(676,0,4,289,289)
r(799,0,4,290,290)
r(977,1,4,291,291)
w(975,2,4,292,292)
r(701,0,4,293,293)
r(561,0,4,294,294)
r(308,0,4,295,295)
r(204,0,4,296,296)
r(936,0,4,297,297)
r(267,0,4,298,298)
r(151,0,4,299,299)
r(909,0,4,300,300)
r(383,0,4,301,301)
r(685,0,4,302,302)
r(896,0,4,303,303)
r(471,0,4,304,304)
r(151,0,4,305,305)
r(151,0,4,306,306)
r(251,0,4,307,307)
r(325,0,4,308,308)
r(948,0,4,309,309)
r(238,0,4,310,310)
r(778,1,4,311,311)
r(100,2,4,312,312)
r(909,0,4,313,313)
w(678,2,4,314,314)
r(216,0,4,315,315)
r(769,0,4,316,316)
r(238,0,4,317,317)
r(955,0,4,318,318)
w(6,2,4,319,319)
r(690,0,4,320,320)
r(480,0,4,321,321)
r(412,0,4,322,322)
r(586,0,4,323,323)
r(125,0,4,324,324)
r(424,1,4,325,325)
r(36,0,4,326,326)
r(966,0,4,327,327)
r(555,0,4,328,328)
r(708,0,4,329,329)
r(443,0,4,330,330)
r(410,0,4,331,331)
r(349,0,4,332,332)
r(387,1,4,333,333)
r(732,0,4,334,334)
r(514,0,4,335,335)
w(647,1,4,336,336)
r(166,0,4,337,337)
r(434,0,4,338,338)
r(205,0,4,339,339)
r(926,1,4,340,340)
r(656,0,4,341,341)
r(813,0,4,342,342)
r(226,0,4,343,343)
r(90,1,4,344,344)
r(293,0,4,345,345)
w(852,1,4,346,346)
r(595,0,4,347,347)
r(503,0,4,348,348)
r(254,0,4,349,349)
r(997,0,4,350,350)
r(711,0,4,351,351)
r(234,0,4,352,352)
r(771,1,4,353,353)
r(53,0,4,354,354)
r(979,0,4,355,355)
r(26,0,4,356,356)
r(121,0,4,357,357)
r(117,0,4,358,358)
w(557,1,4,359,359)
r(638,1,4,360,360)
r(327,1,4,361,361)
r(897,0,4,362,362)
w(914,1,4,363,363)
r(901,0,4,364,364)
r(392,0,4,365,365)
w(942,1,4,366,366)
r(74,1,4,367,367)
r(571,1,4,368,368)
r(820,0,4,369,369)
r(882,0,4,370,370)
r(947,0,4,371,371)
r(853,1,4,372,372)
r(76,0,4,373,373)
r(681,0,4,374,374)
r(20,1,4,375,375)
r(259,2,4,376,376)
r(254,0,4,377,377)
r(176,0,4,378,378)
r(563,1,4,379,379)
w(522,1,4,380,380)
r(737,0,4,381,381)
r(343,0,4,382,382)
r(799,0,4,383,383)
r(834,0,4,384,384)
w(217,2,4,385,385)
r(862,0,4,386,386)
r(324,0,4,387,387)
r(311,0,4,388,388)
r(423,1,4,389,389)
r(423,1,4,390,390)
r(421,0,4,391,391)
r(491,1,4,392,392)
w(431,1,4,393,393)
r(52,1,4,394,394)
r(182,0,4,395,395)
r(440,0,4,396,396)
w(420,1,4,397,397)
r(97,0,4,398,398)
r(11,1,4,399,399)
r(764,0,4,400,400)
r(666,0,4,401,401)
r(830,0,4,402,402)
r(862,0,4,403,403)
r(405,0,4,404,404)
r(76,0,4,405,405)
r(295,0,4,406,406)
r(654,0,4,407,407)
r(241,1,4,408,408)
r(579,0,4,409,409)
r(916,1,4,410,410)
r(450,0,4,411,411)
r(882,0,4,412,412)
r(565,0,4,413,413)
r(688,0,4,414,414)
r(354,0,4,415,415)
r(372,0,4,416,416)
r(936,0,4,417,417)
r(141,0,4,418,418)
w(611,2,4,419,419)
r(304,1,4,420,420)
r(285,0,4,421,421)
r(427,0,4,422,422)
r(722,0,4,423,423)
r(181,0,4,424,424)
r(504,0,4,425,425)
r(682,0,4,426,426)
r(213,0,4,427,427)
w(607,1,4,428,428)
r(612,0,4,429,429)
r(260,2,4,430,430)
r(577,0,4,431,431)
r(22,0,4,432,432)
r(80,0,4,433,433)
r(816,0,4,434,434)
r(949,1,4,435,435)
r(9,0,4,436,436)
r(407,1,4,437,437)
r(630,0,4,438,438)
r(305,1,4,439,439)
r(24,1,4,440,440)
r(384,1,4,441,441)
r(830,0,4,442,442)
r(648,1,4,443,443)
r(408,1,4,444,444)
w(34,1,4,445,445)
r(571,1,4,446,446)
r(139,1,4,447,447)
r(393,0,4,448,448)
r(39,0,4,449,449)
r(804,0,4,450,450)
r(100,2,4,451,451)
w(9,1,4,452,452)
r(430,1,4,453,453)
r(31,0,4,454,454)
r(44,2,4,455,455)
r(640,0,4,456,456)
r(360,0,4,457,457)
r(994,0,4,458,458)
r(382,0,4,459,459)
r(672,0,4,460,460)
r(456,1,4,461,461)
r(338,1,4,462,462)
r(292,1,4,463,463)
r(84,0,4,464,464)
r(923,1,4,465,465)
r(515,0,4,466,466)
r(796,1,4,467,467)
r(539,1,4,468,468)
r(852,1,4,469,469)
r(78,0,4,470,470)
r(917,0,4,471,471)
r(901,0,4,472,472)
r(121,0,4,473,473)
r(77,1,4,474,474)
r(883,0,4,475,475)
r(982,0,4,476,476)
r(259,2,4,477,477)
r(241,1,4,478,478)
r(385,0,4,479,479)
r(662,0,4,480,480)
r(97,0,4,481,481)
r(912,0,4,482,482)
r(973,0,4,483,483)
r(206,1,4,484,484)
r(146,0,4,485,485)
r(369,0,4,486,486)
r(299,0,4,487,487)
r(780,0,4,488,488)
r(807,0,4,489,489)
w(800,2,4,490,490)
r(8,0,4,491,491)
w(385,1,4,492,492)
r(156,0,4,493,493)
r(865,0,4,494,494)
r(969,0,4,495,495)
r(329,2,4,496,496)
r(728,0,4,497,497)
w(413,1,4,498,498)
r(763,0,4,499,499)
