w(24,1,0,0,0)
w(0,1,0,1,1)
w(61,1,0,2,2)
w(0,2,0,3,3)
w(3,1,0,4,4)
w(2,1,0,5,5)
w(87,1,0,6,6)
w(2,2,0,7,7)
w(43,1,0,8,8)
w(41,1,0,9,9)
w(8,1,0,10,10)
w(0,3,0,11,11)
w(39,1,0,12,12)
w(29,1,0,13,13)
w(18,1,0,14,14)
w(65,1,0,15,15)
w(8,2,0,16,16)
w(1,1,0,17,17)
w(45,1,0,18,18)
r(0,3,0,19,19)
w(73,1,0,20,20)
w(0,4,0,21,21)
w(6,1,0,22,22)
w(17,1,0,23,23)
w(51,1,0,24,24)
w(99,1,0,25,25)
w(17,2,0,26,26)
w(0,5,0,27,27)
w(1,2,0,28,28)
w(1,3,0,29,29)
w(4,1,0,30,30)
r(8,2,0,31,31)
w(43,2,0,32,32)
w(5,1,0,33,33)
w(3,2,0,34,34)
w(88,1,0,35,35)
w(10,1,0,36,36)
w(0,6,0,37,37)
w(0,7,0,38,38)
w(6,2,0,39,39)
w(58,1,0,40,40)
w(1,4,0,41,41)
w(8,3,0,42,42)
w(0,8,0,43,43)
w(3,3,0,44,44)
w(35,1,0,45,45)
w(7,1,0,46,46)
w(7,2,0,47,47)
r(20,0,0,48,48)
w(19,1,0,49,49)
w(79,1,0,50,50)
w(9,1,0,51,51)
w(0,9,0,52,52)
w(0,10,0,53,53)
w(10,2,0,54,54)
w(3,4,0,55,55)
w(27,1,0,56,56)
r(1,4,0,57,57)
w(6,3,0,58,58)
w(2,3,0,59,59)
w(16,1,0,60,60)
w(10,3,0,61,61)
w(24,2,0,62,62)
w(11,1,0,63,63)
w(0,11,0,64,64)
w(0,12,0,65,65)
w(5,2,0,66,66)
w(15,1,0,67,67)
w(3,5,0,68,68)
r(9,1,0,69,69)
w(2,4,0,70,70)
w(0,13,0,71,71)
w(5,3,0,72,72)
w(32,1,0,73,73)
w(6,4,0,74,74)
w(0,14,0,75,75)
w(0,15,0,76,76)
w(5,4,0,77,77)
w(5,5,0,78,78)
w(70,1,0,79,79)
w(57,1,0,80,80)
w(91,1,0,81,81)
w(4,2,0,82,82)
w(18,2,0,83,83)
w(1,5,0,84,84)
w(78,1,0,85,85)
w(18,3,0,86,86)
w(8,4,0,87,87)
w(3,6,0,88,88)
r(8,4,0,89,89)
w(45,2,0,90,90)
w(64,1,0,91,91)
w(20,1,0,92,92)
w(9,2,0,93,93)
w(14,1,0,94,94)
w(0,16,0,95,95)
w(4,3,0,96,96)
w(0,17,0,97,97)
w(18,4,0,98,98)
w(1,6,0,99,99)
w(41,2,1,0,0)
w(0,18,1,1,1)
w(44,1,1,2,2)
w(17,3,1,3,3)
w(2,5,1,4,4)
w(57,2,1,5,5)
w(53,1,1,6,6)
r(31,0,1,7,7)
w(2,6,1,8,8)
w(5,6,1,9,9)
w(18,5,1,10,10)
w(3,7,1,11,11)
w(0,19,1,12,12)
w(1,7,1,13,13)
w(15,2,1,14,14)
r(4,3,1,15,15)
w(38,1,1,16,16)
w(11,2,1,17,17)
w(0,20,1,18,18)
w(2,7,1,19,19)
w(51,2,1,20,20)
w(5,7,1,21,21)
w(18,6,1,22,22)
w(23,1,1,23,23)
w(1,8,1,24,24)
w(3,8,1,25,25)
w(45,3,1,26,26)
w(0,21,1,27,27)
w(1,9,1,28,28)
w(7,3,1,29,29)
w(0,22,1,30,30)
w(0,23,1,31,31)
w(0,24,1,32,32)
w(3,9,1,33,33)
r(5,7,1,34,34)
w(58,2,1,35,35)
w(3,10,1,36,36)
w(1,10,1,37,37)
w(93,1,1,38,38)
w(27,2,1,39,39)
w(30,1,1,40,40)
r(5,7,1,41,41)
r(4,3,1,42,42)
w(21,1,1,43,43)
w(0,25,1,44,44)
w(5,8,1,45,45)
w(4,4,1,46,46)
w(6,5,1,47,47)
w(0,26,1,48,48)
w(21,2,1,49,49)
w(59,1,1,50,50)
w(48,1,1,51,51)
w(5,9,1,52,52)
w(15,3,1,53,53)
w(5,10,1,54,54)
w(23,2,1,55,55)
w(0,27,1,56,56)
w(53,2,1,57,57)
w(2,8,1,58,58)
w(1,11,1,59,59)
w(2,9,1,60,60)
w(55,1,1,61,61)
w(0,28,1,62,62)
w(17,4,1,63,63)
w(0,29,1,64,64)
w(0,30,1,65,65)
w(16,2,1,66,66)
w(2,10,1,67,67)
r(0,30,1,68,68)
w(3,11,1,69,69)
w(11,3,1,70,70)
w(1,12,1,71,71)
w(5,11,1,72,72)
w(13,1,1,73,73)
w(62,1,1,74,74)
w(40,1,1,75,75)
w(3,12,1,76,76)
w(68,1,1,77,77)
w(1,13,1,78,78)
w(3,13,1,79,79)
w(0,31,1,80,80)
w(0,32,1,81,81)
w(1,14,1,82,82)
w(47,1,1,83,83)
w(10,4,1,84,84)
w(14,2,1,85,85)
w(0,33,1,86,86)
w(0,34,1,87,87)
w(9,3,1,88,88)
w(0,35,1,89,89)
r(17,4,1,90,90)
w(23,3,1,91,91)
r(89,0,1,92,92)
w(0,36,1,93,93)
w(24,3,1,94,94)
w(22,1,1,95,95)
r(40,1,1,96,96)
w(18,7,1,97,97)
w(48,2,1,98,98)
w(16,3,1,99,99)
w(2,11,2,0,0)
w(34,1,2,1,1)
w(83,1,2,2,2)
r(0,36,2,3,3)
w(1,15,2,4,4)
w(0,37,2,5,5)
w(5,12,2,6,6)
w(47,2,2,7,7)
w(0,38,2,8,8)
w(54,1,2,9,9)
w(0,39,2,10,10)
w(1,16,2,11,11)
w(7,4,2,12,12)
w(2,12,2,13,13)
r(4,4,2,14,14)
w(27,3,2,15,15)
w(43,3,2,16,16)
w(54,2,2,17,17)
w(0,40,2,18,18)
w(16,4,2,19,19)
w(0,41,2,20,20)
w(4,5,2,21,21)
r(2,12,2,22,22)
w(53,3,2,23,23)
r(9,3,2,24,24)
w(0,42,2,25,25)
w(1,17,2,26,26)
w(45,4,2,27,27)
w(4,6,2,28,28)
w(33,1,2,29,29)
w(0,43,2,30,30)
r(0,43,2,31,31)
w(0,44,2,32,32)
w(7,5,2,33,33)
r(1,17,2,34,34)
w(57,3,2,35,35)
r(66,0,2,36,36)
w(3,14,2,37,37)
w(63,1,2,38,38)
w(27,4,2,39,39)
w(11,4,2,40,40)
r(44,1,2,41,41)
w(2,13,2,42,42)
w(31,1,2,43,43)
w(47,3,2,44,44)
w(3,15,2,45,45)
w(71,1,2,46,46)
w(10,5,2,47,47)
w(0,45,2,48,48)
w(1,18,2,49,49)
w(9,4,2,50,50)
w(1,19,2,51,51)
w(61,2,2,52,52)
w(0,46,2,53,53)
w(0,47,2,54,54)
w(16,5,2,55,55)
w(9,5,2,56,56)
w(77,1,2,57,57)
w(0,48,2,58,58)
w(18,8,2,59,59)
w(89,1,2,60,60)
w(4,7,2,61,61)
w(24,4,2,62,62)
w(0,49,2,63,63)
r(4,7,2,64,64)
w(20,2,2,65,65)
w(7,6,2,66,66)
w(24,5,2,67,67)
w(47,4,2,68,68)
w(11,5,2,69,69)
r(0,49,2,70,70)
w(9,6,2,71,71)
w(78,2,2,72,72)
w(1,20,2,73,73)
w(9,7,2,74,74)
w(0,50,2,75,75)
w(21,3,2,76,76)
w(4,8,2,77,77)
w(1,21,2,78,78)
w(0,51,2,79,79)
w(3,16,2,80,80)
w(37,1,2,81,81)
r(99,1,2,82,82)
w(10,6,2,83,83)
w(78,3,2,84,84)
r(0,51,2,85,85)
w(16,6,2,86,86)
w(5,13,2,87,87)
w(0,52,2,88,88)
w(0,53,2,89,89)
w(1,22,2,90,90)
w(1,23,2,91,91)
w(23,4,2,92,92)
w(6,6,2,93,93)
w(10,7,2,94,94)
w(7,7,2,95,95)
w(67,1,2,96,96)
w(53,4,2,97,97)
w(33,2,2,98,98)
w(73,2,2,99,99)
w(11,6,3,0,0)
w(2,14,3,1,1)
w(2,15,3,2,2)
w(5,14,3,3,3)
w(17,5,3,4,4)
w(0,54,3,5,5)
w(14,3,3,6,6)
w(2,16,3,7,7)
w(2,17,3,8,8)
w(7,8,3,9,9)
w(55,2,3,10,10)
w(1,24,3,11,11)
w(4,9,3,12,12)
w(0,55,3,13,13)
w(0,56,3,14,14)
w(19,2,3,15,15)
w(4,10,3,16,16)
w(6,7,3,17,17)
w(6,8,3,18,18)
w(36,1,3,19,19)
w(13,2,3,20,20)
w(14,4,3,21,21)
w(10,8,3,22,22)
w(60,1,3,23,23)
w(13,3,3,24,24)
w(8,5,3,25,25)
w(21,4,3,26,26)
w(1,25,3,27,27)
w(4,11,3,28,28)
w(1,26,3,29,29)
w(2,18,3,30,30)
w(4,12,3,31,31)
w(11,7,3,32,32)
w(38,2,3,33,33)
w(6,9,3,34,34)
w(0,57,3,35,35)
w(23,5,3,36,36)
w(0,58,3,37,37)
w(90,1,3,38,38)
w(75,1,3,39,39)
w(11,8,3,40,40)
w(71,2,3,41,41)
r(0,58,3,42,42)
w(5,15,3,43,43)
w(16,7,3,44,44)
w(10,9,3,45,45)
w(0,59,3,46,46)
w(22,2,3,47,47)
w(7,9,3,48,48)
w(0,60,3,49,49)
w(8,6,3,50,50)
r(0,60,3,51,51)
w(48,3,3,52,52)
w(69,1,3,53,53)
w(15,4,3,54,54)
w(13,4,3,55,55)
w(56,1,3,56,56)
w(2,19,3,57,57)
w(8,7,3,58,58)
w(0,61,3,59,59)
w(0,62,3,60,60)
w(38,3,3,61,61)
w(14,5,3,62,62)
w(10,10,3,63,63)
w(1,27,3,64,64)
w(1,28,3,65,65)
w(3,17,3,66,66)
w(0,63,3,67,67)
w(6,10,3,68,68)
w(0,64,3,69,69)
w(7,10,3,70,70)
w(1,29,3,71,71)
w(4,13,3,72,72)
w(43,4,3,73,73)
r(10,10,3,74,74)
w(44,2,3,75,75)
w(4,14,3,76,76)
w(23,6,3,77,77)
w(3,18,3,78,78)
w(11,9,3,79,79)
w(0,65,3,80,80)
w(0,66,3,81,81)
w(98,1,3,82,82)
w(0,67,3,83,83)
w(0,68,3,84,84)
w(10,11,3,85,85)
w(2,20,3,86,86)
w(17,6,3,87,87)
w(67,2,3,88,88)
w(21,5,3,89,89)
w(18,9,3,90,90)
w(0,69,3,91,91)
w(69,2,3,92,92)
w(69,3,3,93,93)
w(24,6,3,94,94)
w(68,2,3,95,95)
w(20,3,3,96,96)
w(24,7,3,97,97)
w(5,16,3,98,98)
w(20,4,3,99,99)
w(74,1,4,0,0)
w(0,70,4,1,1)
w(53,5,4,2,2)
w(71,3,4,3,3)
w(0,71,4,4,4)
w(6,11,4,5,5)
w(5,17,4,6,6)
w(2,21,4,7,7)
w(1,30,4,8,8)
w(41,3,4,9,9)
w(65,2,4,10,10)
w(0,72,4,11,11)
w(10,12,4,12,12)
w(14,6,4,13,13)
w(10,13,4,14,14)
r(26,0,4,15,15)
w(81,1,4,16,16)
w(15,5,4,17,17)
w(49,1,4,18,18)
w(14,7,4,19,19)
w(0,73,4,20,20)
w(8,8,4,21,21)
w(2,22,4,22,22)
w(0,74,4,23,23)
w(15,6,4,24,24)
w(9,8,4,25,25)
w(16,8,4,26,26)
w(0,75,4,27,27)
w(19,3,4,28,28)
w(3,19,4,29,29)
w(33,3,4,30,30)
w(2,23,4,31,31)
w(10,14,4,32,32)
w(5,18,4,33,33)
w(0,76,4,34,34)
r(2,23,4,35,35)
r(59,1,4,36,36)
w(0,77,4,37,37)
w(7,11,4,38,38)
w(1,31,4,39,39)
w(67,3,4,40,40)
w(65,3,4,41,41)
w(2,24,4,42,42)
w(11,10,4,43,43)
w(13,5,4,44,44)
w(21,6,4,45,45)
w(10,15,4,46,46)
w(0,78,4,47,47)
w(2,25,4,48,48)
r(1,31,4,49,49)
w(4,15,4,50,50)
w(0,79,4,51,51)
w(1,32,4,52,52)
w(13,6,4,53,53)
w(4,16,4,54,54)
w(16,9,4,55,55)
w(68,3,4,56,56)
w(6,12,4,57,57)
w(0,80,4,58,58)
w(45,5,4,59,59)
w(0,81,4,60,60)
w(94,1,4,61,61)
r(2,25,4,62,62)
w(0,82,4,63,63)
w(0,83,4,64,64)
w(96,1,4,65,65)
w(4,17,4,66,66)
w(67,4,4,67,67)
w(82,1,4,68,68)
w(2,26,4,69,69)
w(2,27,4,70,70)
w(0,84,4,71,71)
w(3,20,4,72,72)
w(16,10,4,73,73)
w(3,21,4,74,74)
w(11,11,4,75,75)
w(0,85,4,76,76)
w(4,18,4,77,77)
w(43,5,4,78,78)
w(36,2,4,79,79)
w(0,86,4,80,80)
w(56,2,4,81,81)
w(35,2,4,82,82)
w(16,11,4,83,83)
w(0,87,4,84,84)
w(4,19,4,85,85)
w(84,1,4,86,86)
w(15,7,4,87,87)
w(0,88,4,88,88)
w(7,12,4,89,89)
w(1,33,4,90,90)
w(15,8,4,91,91)
w(65,4,4,92,92)
w(3,22,4,93,93)
w(2,28,4,94,94)
w(6,13,4,95,95)
w(54,3,4,96,96)
w(0,89,4,97,97)
w(0,90,4,98,98)
w(9,9,4,99,99)
w(1,34,5,0,0)
w(9,10,5,1,1)
w(8,9,5,2,2)
w(5,19,5,3,3)
w(3,23,5,4,4)
w(91,2,5,5,5)
r(0,90,5,6,6)
w(59,2,5,7,7)
w(7,13,5,8,8)
w(2,29,5,9,9)
w(1,35,5,10,10)
w(17,7,5,11,11)
w(0,91,5,12,12)
w(4,20,5,13,13)
w(12,1,5,14,14)
w(4,21,5,15,15)
w(0,92,5,16,16)
w(0,93,5,17,17)
w(4,22,5,18,18)
r(1,35,5,19,19)
w(0,94,5,20,20)
w(9,11,5,21,21)
w(0,95,5,22,22)
w(0,96,5,23,23)
w(41,4,5,24,24)
w(36,3,5,25,25)
w(2,30,5,26,26)
w(6,14,5,27,27)
w(2,31,5,28,28)
w(2,32,5,29,29)
w(1,36,5,30,30)
w(36,4,5,31,31)
w(0,97,5,32,32)
w(6,15,5,33,33)
w(2,33,5,34,34)
w(8,10,5,35,35)
w(7,14,5,36,36)
w(0,98,5,37,37)
w(0,99,5,38,38)
r(14,7,5,39,39)
w(2,34,5,40,40)
w(86,1,5,41,41)
w(3,24,5,42,42)
w(4,23,5,43,43)
w(0,100,5,44,44)
w(77,2,5,45,45)
w(8,11,5,46,46)
w(31,2,5,47,47)
w(0,101,5,48,48)
w(2,35,5,49,49)
w(1,37,5,50,50)
r(7,14,5,51,51)
w(3,25,5,52,52)
w(12,2,5,53,53)
w(36,5,5,54,54)
w(4,24,5,55,55)
w(13,7,5,56,56)
w(4,25,5,57,57)
w(1,38,5,58,58)
w(13,8,5,59,59)
w(14,8,5,60,60)
w(12,3,5,61,61)
r(22,2,5,62,62)
w(2,36,5,63,63)
w(69,4,5,64,64)
w(8,12,5,65,65)
w(0,102,5,66,66)
w(3,26,5,67,67)
w(0,103,5,68,68)
w(4,26,5,69,69)
w(1,39,5,70,70)
w(7,15,5,71,71)
w(8,13,5,72,72)
w(19,4,5,73,73)
w(0,104,5,74,74)
w(38,4,5,75,75)
w(0,105,5,76,76)
w(24,8,5,77,77)
w(38,5,5,78,78)
r(5,19,5,79,79)
w(96,2,5,80,80)
w(63,2,5,81,81)
w(80,1,5,82,82)
w(13,9,5,83,83)
w(3,27,5,84,84)
w(4,27,5,85,85)
w(74,2,5,86,86)
w(52,1,5,87,87)
r(10,15,5,88,88)
r(50,0,5,89,89)
w(4,28,5,90,90)
w(81,2,5,91,91)
w(1,40,5,92,92)
w(13,10,5,93,93)
w(11,12,5,94,94)
w(2,37,5,95,95)
r(16,11,5,96,96)
w(7,16,5,97,97)
w(10,16,5,98,98)
w(0,106,5,99,99)
w(23,7,6,0,0)
r(42,0,6,1,1)
w(2,38,6,2,2)
r(22,2,6,3,3)
w(0,107,6,4,4)
w(4,29,6,5,5)
w(26,1,6,6,6)
w(19,5,6,7,7)
w(8,14,6,8,8)
w(1,41,6,9,9)
w(0,108,6,10,10)
r(37,1,6,11,11)
w(5,20,6,12,12)
r(2,38,6,13,13)
w(0,109,6,14,14)
w(1,42,6,15,15)
w(42,1,6,16,16)
w(55,3,6,17,17)
w(0,110,6,18,18)
w(6,16,6,19,19)
w(25,1,6,20,20)
w(10,17,6,21,21)
w(8,15,6,22,22)
w(10,18,6,23,23)
w(7,17,6,24,24)
w(11,13,6,25,25)
w(0,111,6,26,26)
w(85,1,6,27,27)
w(1,43,6,28,28)
w(3,28,6,29,29)
w(0,112,6,30,30)
w(26,2,6,31,31)
w(56,3,6,32,32)
w(1,44,6,33,33)
r(94,1,6,34,34)
w(0,113,6,35,35)
w(65,5,6,36,36)
w(6,17,6,37,37)
w(8,16,6,38,38)
w(0,114,6,39,39)
w(31,3,6,40,40)
w(99,2,6,41,41)
w(5,21,6,42,42)
w(12,4,6,43,43)
w(0,115,6,44,44)
w(1,45,6,45,45)
w(3,29,6,46,46)
w(23,8,6,47,47)
w(0,116,6,48,48)
r(3,29,6,49,49)
w(0,117,6,50,50)
w(31,4,6,51,51)
w(0,118,6,52,52)
w(0,119,6,53,53)
r(11,13,6,54,54)
w(0,120,6,55,55)
w(1,46,6,56,56)
w(3,30,6,57,57)
w(7,18,6,58,58)
w(2,39,6,59,59)
w(0,121,6,60,60)
w(9,12,6,61,61)
w(22,3,6,62,62)
w(22,4,6,63,63)
r(7,18,6,64,64)
w(8,17,6,65,65)
r(96,2,6,66,66)
w(0,122,6,67,67)
w(17,8,6,68,68)
w(1,47,6,69,69)
w(36,6,6,70,70)
w(0,123,6,71,71)
w(3,31,6,72,72)
w(3,32,6,73,73)
w(1,48,6,74,74)
w(0,124,6,75,75)
w(0,125,6,76,76)
w(26,3,6,77,77)
w(1,49,6,78,78)
w(43,6,6,79,79)
w(10,19,6,80,80)
w(35,3,6,81,81)
w(0,126,6,82,82)
w(4,30,6,83,83)
w(59,3,6,84,84)
w(25,2,6,85,85)
w(6,18,6,86,86)
w(31,5,6,87,87)
w(7,19,6,88,88)
w(0,127,6,89,89)
w(1,50,6,90,90)
w(1,51,6,91,91)
w(13,11,6,92,92)
w(2,40,6,93,93)
r(42,1,6,94,94)
w(10,20,6,95,95)
w(0,128,6,96,96)
w(92,1,6,97,97)
w(14,9,6,98,98)
w(1,52,6,99,99)
w(2,41,7,0,0)
w(9,13,7,1,1)
w(3,33,7,2,2)
w(2,42,7,3,3)
w(20,5,7,4,4)
w(0,129,7,5,5)
w(0,130,7,6,6)
w(5,22,7,7,7)
r(0,130,7,8,8)
w(16,12,7,9,9)
w(0,131,7,10,10)
w(7,20,7,11,11)
w(2,43,7,12,12)
w(1,53,7,13,13)
w(13,12,7,14,14)
w(4,31,7,15,15)
w(0,132,7,16,16)
w(8,18,7,17,17)
w(2,44,7,18,18)
w(26,4,7,19,19)
w(0,133,7,20,20)
w(5,23,7,21,21)
w(0,134,7,22,22)
r(15,8,7,23,23)
w(1,54,7,24,24)
w(13,13,7,25,25)
w(18,10,7,26,26)
w(90,2,7,27,27)
w(5,24,7,28,28)
w(7,21,7,29,29)
w(5,25,7,30,30)
w(0,135,7,31,31)
w(14,10,7,32,32)
w(20,6,7,33,33)
w(32,2,7,34,34)
w(0,136,7,35,35)
w(21,7,7,36,36)
w(0,137,7,37,37)
r(27,4,7,38,38)
w(8,19,7,39,39)
w(0,138,7,40,40)
w(3,34,7,41,41)
w(25,3,7,42,42)
w(51,3,7,43,43)
w(27,5,7,44,44)
w(16,13,7,45,45)
w(24,9,7,46,46)
w(10,21,7,47,47)
w(63,3,7,48,48)
w(0,139,7,49,49)
w(1,55,7,50,50)
w(18,11,7,51,51)
w(6,19,7,52,52)
w(0,140,7,53,53)
w(81,3,7,54,54)
w(45,6,7,55,55)
w(10,22,7,56,56)
w(1,56,7,57,57)
w(45,7,7,58,58)
r(6,19,7,59,59)
w(25,4,7,60,60)
w(44,3,7,61,61)
r(9,13,7,62,62)
w(26,5,7,63,63)
w(6,20,7,64,64)
w(9,14,7,65,65)
r(20,6,7,66,66)
w(0,141,7,67,67)
w(1,57,7,68,68)
w(6,21,7,69,69)
w(98,2,7,70,70)
w(12,5,7,71,71)
w(12,6,7,72,72)
r(5,25,7,73,73)
w(4,32,7,74,74)
w(1,58,7,75,75)
w(9,15,7,76,76)
w(1,59,7,77,77)
w(0,142,7,78,78)
w(29,2,7,79,79)
w(18,12,7,80,80)
w(1,60,7,81,81)
w(86,2,7,82,82)
w(52,2,7,83,83)
w(4,33,7,84,84)
w(8,20,7,85,85)
w(0,143,7,86,86)
w(1,61,7,87,87)
w(1,62,7,88,88)
w(13,14,7,89,89)
w(2,45,7,90,90)
w(46,1,7,91,91)
w(1,63,7,92,92)
w(3,35,7,93,93)
w(1,64,7,94,94)
w(25,5,7,95,95)
w(0,144,7,96,96)
r(27,5,7,97,97)
w(6,22,7,98,98)
r(82,1,7,99,99)
w(17,9,8,0,0)
w(78,4,8,1,1)
r(10,22,8,2,2)
r(3,35,8,3,3)
w(2,46,8,4,4)
w(91,3,8,5,5)
w(3,36,8,6,6)
w(14,11,8,7,7)
w(3,37,8,8,8)
w(5,26,8,9,9)
w(15,9,8,10,10)
w(19,6,8,11,11)
w(56,4,8,12,12)
w(1,65,8,13,13)
w(10,23,8,14,14)
r(8,20,8,15,15)
w(4,34,8,16,16)
w(1,66,8,17,17)
w(6,23,8,18,18)
w(12,7,8,19,19)
w(7,22,8,20,20)
w(69,5,8,21,21)
w(1,67,8,22,22)
w(0,145,8,23,23)
w(0,146,8,24,24)
w(8,21,8,25,25)
w(10,24,8,26,26)
w(12,8,8,27,27)
w(9,16,8,28,28)
w(12,9,8,29,29)
r(18,12,8,30,30)
w(14,12,8,31,31)
w(0,147,8,32,32)
w(0,148,8,33,33)
w(6,24,8,34,34)
w(1,68,8,35,35)
w(0,149,8,36,36)
w(0,150,8,37,37)
w(21,8,8,38,38)
w(17,10,8,39,39)
w(1,69,8,40,40)
w(5,27,8,41,41)
w(0,151,8,42,42)
w(52,3,8,43,43)
w(22,5,8,44,44)
w(2,47,8,45,45)
w(26,6,8,46,46)
w(5,28,8,47,47)
w(0,152,8,48,48)
w(71,4,8,49,49)
w(0,153,8,50,50)
w(0,154,8,51,51)
r(57,3,8,52,52)
w(8,22,8,53,53)
w(41,5,8,54,54)
w(30,2,8,55,55)
w(17,11,8,56,56)
w(30,3,8,57,57)
w(9,17,8,58,58)
w(65,6,8,59,59)
w(21,9,8,60,60)
r(48,3,8,61,61)
r(7,22,8,62,62)
w(4,35,8,63,63)
w(6,25,8,64,64)
w(0,155,8,65,65)
w(7,23,8,66,66)
w(3,38,8,67,67)
r(32,2,8,68,68)
w(0,156,8,69,69)
w(0,157,8,70,70)
w(1,70,8,71,71)
w(10,25,8,72,72)
w(7,24,8,73,73)
w(7,25,8,74,74)
w(18,13,8,75,75)
w(0,158,8,76,76)
w(5,29,8,77,77)
w(92,2,8,78,78)
w(2,48,8,79,79)
w(0,159,8,80,80)
w(0,160,8,81,81)
w(42,2,8,82,82)
w(5,30,8,83,83)
r(3,38,8,84,84)
w(95,1,8,85,85)
r(61,2,8,86,86)
w(28,1,8,87,87)
w(0,161,8,88,88)
w(76,1,8,89,89)
r(0,161,8,90,90)
w(0,162,8,91,91)
r(12,9,8,92,92)
w(6,26,8,93,93)
w(13,15,8,94,94)
r(15,9,8,95,95)
w(0,163,8,96,96)
w(0,164,8,97,97)
w(67,5,8,98,98)
w(62,2,8,99,99)
w(0,165,9,0,0)
w(16,14,9,1,1)
r(6,26,9,2,2)
w(1,71,9,3,3)
w(1,72,9,4,4)
w(0,166,9,5,5)
w(8,23,9,6,6)
w(1,73,9,7,7)
w(59,4,9,8,8)
w(79,2,9,9,9)
w(0,167,9,10,10)
w(60,2,9,11,11)
w(4,36,9,12,12)
w(6,27,9,13,13)
w(0,168,9,14,14)
r(1,73,9,15,15)
w(0,169,9,16,16)
w(51,4,9,17,17)
w(38,6,9,18,18)
w(65,7,9,19,19)
w(3,39,9,20,20)
w(1,74,9,21,21)
w(8,24,9,22,22)
w(83,2,9,23,23)
w(12,10,9,24,24)
w(10,26,9,25,25)
w(4,37,9,26,26)
w(3,40,9,27,27)
w(11,14,9,28,28)
w(9,18,9,29,29)
w(67,6,9,30,30)
w(15,10,9,31,31)
w(0,170,9,32,32)
w(3,41,9,33,33)
w(18,14,9,34,34)
w(1,75,9,35,35)
w(12,11,9,36,36)
r(12,11,9,37,37)
w(35,4,9,38,38)
w(99,3,9,39,39)
w(33,4,9,40,40)
w(4,38,9,41,41)
w(1,76,9,42,42)
w(29,3,9,43,43)
w(0,171,9,44,44)
w(3,42,9,45,45)
w(0,172,9,46,46)
w(1,77,9,47,47)
w(17,12,9,48,48)
w(0,173,9,49,49)
w(5,31,9,50,50)
r(6,27,9,51,51)
w(21,10,9,52,52)
w(10,27,9,53,53)
w(67,7,9,54,54)
w(2,49,9,55,55)
w(73,3,9,56,56)
w(5,32,9,57,57)
w(5,33,9,58,58)
w(0,174,9,59,59)
w(4,39,9,60,60)
w(24,10,9,61,61)
w(0,175,9,62,62)
r(22,5,9,63,63)
w(1,78,9,64,64)
w(5,34,9,65,65)
w(3,43,9,66,66)
w(46,2,9,67,67)
w(1,79,9,68,68)
w(1,80,9,69,69)
w(0,176,9,70,70)
w(19,7,9,71,71)
r(0,176,9,72,72)
w(2,50,9,73,73)
w(73,4,9,74,74)
w(1,81,9,75,75)
w(39,2,9,76,76)
w(23,9,9,77,77)
w(7,26,9,78,78)
w(2,51,9,79,79)
w(7,27,9,80,80)
w(4,40,9,81,81)
w(11,15,9,82,82)
w(69,6,9,83,83)
w(0,177,9,84,84)
r(13,15,9,85,85)
w(1,82,9,86,86)
w(7,28,9,87,87)
w(2,52,9,88,88)
w(0,178,9,89,89)
w(81,4,9,90,90)
w(95,2,9,91,91)
w(5,35,9,92,92)
w(32,3,9,93,93)
w(1,83,9,94,94)
w(0,179,9,95,95)
r(17,12,9,96,96)
w(64,2,9,97,97)
w(47,5,9,98,98)
w(60,3,9,99,99)
w(0,180,10,0,0)
w(1,84,10,1,1)
w(11,16,10,2,2)
w(3,44,10,3,3)
w(5,36,10,4,4)
w(1,85,10,5,5)
r(92,2,10,6,6)
w(85,2,10,7,7)
r(6,27,10,8,8)
w(1,86,10,9,9)
w(1,87,10,10,10)
w(1,88,10,11,11)
w(4,41,10,12,12)
w(7,29,10,13,13)
w(7,30,10,14,14)
w(13,16,10,15,15)
w(25,6,10,16,16)
w(16,15,10,17,17)
w(2,53,10,18,18)
w(15,11,10,19,19)
w(0,181,10,20,20)
w(1,89,10,21,21)
w(78,5,10,22,22)
w(2,54,10,23,23)
w(3,45,10,24,24)
w(26,7,10,25,25)
w(1,90,10,26,26)
r(3,45,10,27,27)
w(0,182,10,28,28)
r(11,16,10,29,29)
w(2,55,10,30,30)
w(74,3,10,31,31)
w(0,183,10,32,32)
w(1,91,10,33,33)
w(28,2,10,34,34)
w(16,16,10,35,35)
w(0,184,10,36,36)
w(0,185,10,37,37)
w(84,2,10,38,38)
w(55,4,10,39,39)
w(0,186,10,40,40)
w(0,187,10,41,41)
w(36,7,10,42,42)
r(1,91,10,43,43)
w(0,188,10,44,44)
w(58,3,10,45,45)
w(62,3,10,46,46)
r(14,12,10,47,47)
w(2,56,10,48,48)
w(0,189,10,49,49)
w(0,190,10,50,50)
w(7,31,10,51,51)
w(72,1,10,52,52)
w(0,191,10,53,53)
w(0,192,10,54,54)
w(27,6,10,55,55)
w(83,3,10,56,56)
w(0,193,10,57,57)
w(5,37,10,58,58)
w(59,5,10,59,59)
w(14,13,10,60,60)
r(68,3,10,61,61)
r(1,91,10,62,62)
w(1,92,10,63,63)
w(20,7,10,64,64)
w(1,93,10,65,65)
w(8,25,10,66,66)
w(0,194,10,67,67)
w(1,94,10,68,68)
r(0,194,10,69,69)
w(18,15,10,70,70)
w(0,195,10,71,71)
w(3,46,10,72,72)
w(13,17,10,73,73)
w(0,196,10,74,74)
w(25,7,10,75,75)
r(13,17,10,76,76)
w(0,197,10,77,77)
w(39,3,10,78,78)
w(28,3,10,79,79)
w(1,95,10,80,80)
w(21,11,10,81,81)
w(0,198,10,82,82)
w(2,57,10,83,83)
w(11,17,10,84,84)
w(13,18,10,85,85)
w(0,199,10,86,86)
w(0,200,10,87,87)
w(66,1,10,88,88)
w(0,201,10,89,89)
w(7,32,10,90,90)
w(5,38,10,91,91)
w(1,96,10,92,92)
r(32,3,10,93,93)
w(0,202,10,94,94)
r(2,57,10,95,95)
w(2,58,10,96,96)
r(36,7,10,97,97)
w(1,97,10,98,98)
w(58,4,10,99,99)
w(6,28,11,0,0)
w(1,98,11,1,1)
w(0,203,11,2,2)
w(5,39,11,3,3)
w(7,33,11,4,4)
w(3,47,11,5,5)
w(2,59,11,6,6)
w(62,4,11,7,7)
w(2,60,11,8,8)
r(40,1,11,9,9)
r(12,11,11,10,10)
w(42,3,11,11,11)
w(2,61,11,12,12)
w(3,48,11,13,13)
r(0,203,11,14,14)
w(13,19,11,15,15)
w(22,6,11,16,16)
w(1,99,11,17,17)
w(5,40,11,18,18)
w(29,4,11,19,19)
w(41,6,11,20,20)
r(96,2,11,21,21)
w(3,49,11,22,22)
r(9,18,11,23,23)
w(0,204,11,24,24)
w(2,62,11,25,25)
w(9,19,11,26,26)
w(64,3,11,27,27)
w(0,205,11,28,28)
w(11,18,11,29,29)
w(19,8,11,30,30)
w(2,63,11,31,31)
w(2,64,11,32,32)
w(0,206,11,33,33)
w(0,207,11,34,34)
w(12,12,11,35,35)
r(31,5,11,36,36)
w(54,4,11,37,37)
w(0,208,11,38,38)
w(2,65,11,39,39)
w(59,6,11,40,40)
w(0,209,11,41,41)
w(2,66,11,42,42)
w(22,7,11,43,43)
w(66,2,11,44,44)
w(3,50,11,45,45)
w(0,210,11,46,46)
w(20,8,11,47,47)
w(1,100,11,48,48)
w(22,8,11,49,49)
w(22,9,11,50,50)
w(1,101,11,51,51)
w(3,51,11,52,52)
w(29,5,11,53,53)
w(13,20,11,54,54)
w(5,41,11,55,55)
w(19,9,11,56,56)
w(0,211,11,57,57)
w(4,42,11,58,58)
w(99,4,11,59,59)
w(46,3,11,60,60)
w(10,28,11,61,61)
w(76,2,11,62,62)
w(0,212,11,63,63)
w(0,213,11,64,64)
w(85,3,11,65,65)
w(27,7,11,66,66)
w(73,5,11,67,67)
w(14,14,11,68,68)
w(29,6,11,69,69)
w(3,52,11,70,70)
w(2,67,11,71,71)
w(0,214,11,72,72)
w(1,102,11,73,73)
w(3,53,11,74,74)
w(77,3,11,75,75)
w(60,4,11,76,76)
w(0,215,11,77,77)
w(3,54,11,78,78)
w(7,34,11,79,79)
w(72,2,11,80,80)
w(13,21,11,81,81)
w(14,15,11,82,82)
w(1,103,11,83,83)
w(42,4,11,84,84)
w(57,4,11,85,85)
w(10,29,11,86,86)
w(0,216,11,87,87)
w(3,55,11,88,88)
w(0,217,11,89,89)
w(4,43,11,90,90)
w(0,218,11,91,91)
w(5,42,11,92,92)
r(13,21,11,93,93)
w(26,8,11,94,94)
w(4,44,11,95,95)
w(18,16,11,96,96)
w(16,17,11,97,97)
w(0,219,11,98,98)
w(97,1,11,99,99)
w(35,5,12,0,0)
w(41,7,12,1,1)
w(0,220,12,2,2)
w(32,4,12,3,3)
w(4,45,12,4,4)
w(4,46,12,5,5)
r(8,25,12,6,6)
w(2,68,12,7,7)
w(1,104,12,8,8)
w(0,221,12,9,9)
w(7,35,12,10,10)
w(81,5,12,11,11)
w(0,222,12,12,12)
w(2,69,12,13,13)
w(8,26,12,14,14)
w(17,13,12,15,15)
w(5,43,12,16,16)
w(56,5,12,17,17)
w(5,44,12,18,18)
w(9,20,12,19,19)
w(14,16,12,20,20)
r(0,222,12,21,21)
w(5,45,12,22,22)
w(84,3,12,23,23)
w(41,8,12,24,24)
w(11,19,12,25,25)
w(13,22,12,26,26)
w(5,46,12,27,27)
w(8,27,12,28,28)
w(34,2,12,29,29)
w(0,223,12,30,30)
w(2,70,12,31,31)
w(5,47,12,32,32)
r(65,7,12,33,33)
w(25,8,12,34,34)
w(0,224,12,35,35)
w(8,28,12,36,36)
w(11,20,12,37,37)
w(22,10,12,38,38)
w(0,225,12,39,39)
w(48,4,12,40,40)
w(0,226,12,41,41)
w(23,10,12,42,42)
w(46,4,12,43,43)
w(1,105,12,44,44)
w(0,227,12,45,45)
w(2,71,12,46,46)
w(6,29,12,47,47)
w(0,228,12,48,48)
w(4,47,12,49,49)
w(77,4,12,50,50)
w(18,17,12,51,51)
w(1,106,12,52,52)
w(2,72,12,53,53)
w(4,48,12,54,54)
w(13,23,12,55,55)
w(15,12,12,56,56)
w(4,49,12,57,57)
w(0,229,12,58,58)
r(96,2,12,59,59)
w(1,107,12,60,60)
r(8,28,12,61,61)
w(58,5,12,62,62)
w(1,108,12,63,63)
w(2,73,12,64,64)
w(2,74,12,65,65)
w(0,230,12,66,66)
w(4,50,12,67,67)
w(0,231,12,68,68)
w(0,232,12,69,69)
w(32,5,12,70,70)
w(25,9,12,71,71)
w(1,109,12,72,72)
w(19,10,12,73,73)
w(9,21,12,74,74)
w(7,36,12,75,75)
w(1,110,12,76,76)
w(39,4,12,77,77)
r(60,4,12,78,78)
w(11,21,12,79,79)
w(56,6,12,80,80)
w(27,8,12,81,81)
w(68,4,12,82,82)
w(0,233,12,83,83)
w(19,11,12,84,84)
w(9,22,12,85,85)
w(8,29,12,86,86)
w(34,3,12,87,87)
w(7,37,12,88,88)
w(4,51,12,89,89)
w(31,6,12,90,90)
w(22,11,12,91,91)
w(25,10,12,92,92)
w(0,234,12,93,93)
w(0,235,12,94,94)
w(3,56,12,95,95)
w(0,236,12,96,96)
w(1,111,12,97,97)
w(52,4,12,98,98)
w(61,3,12,99,99)
w(2,75,13,0,0)
w(2,76,13,1,1)
w(3,57,13,2,2)
w(5,48,13,3,3)
w(3,58,13,4,4)
r(20,8,13,5,5)
w(7,38,13,6,6)
w(1,112,13,7,7)
w(1,113,13,8,8)
w(4,52,13,9,9)
w(41,9,13,10,10)
w(1,114,13,11,11)
w(11,22,13,12,12)
w(20,9,13,13,13)
w(18,18,13,14,14)
w(3,59,13,15,15)
w(2,77,13,16,16)
r(1,114,13,17,17)
w(3,60,13,18,18)
w(13,24,13,19,19)
w(0,237,13,20,20)
w(25,11,13,21,21)
w(56,7,13,22,22)
r(17,13,13,23,23)
w(94,2,13,24,24)
w(13,25,13,25,25)
w(5,49,13,26,26)
w(0,238,13,27,27)
w(5,50,13,28,28)
w(2,78,13,29,29)
w(0,239,13,30,30)
w(0,240,13,31,31)
w(35,6,13,32,32)
w(0,241,13,33,33)
w(31,7,13,34,34)
r(10,29,13,35,35)
w(96,3,13,36,36)
w(60,5,13,37,37)
w(22,12,13,38,38)
w(21,12,13,39,39)
w(62,5,13,40,40)
w(48,5,13,41,41)
w(43,7,13,42,42)
w(1,115,13,43,43)
w(15,13,13,44,44)
w(0,242,13,45,45)
w(0,243,13,46,46)
r(0,243,13,47,47)
w(0,244,13,48,48)
w(50,1,13,49,49)
w(2,79,13,50,50)
w(0,245,13,51,51)
w(5,51,13,52,52)
w(18,19,13,53,53)
w(2,80,13,54,54)
w(35,7,13,55,55)
r(0,245,13,56,56)
w(2,81,13,57,57)
w(43,8,13,58,58)
w(2,82,13,59,59)
w(66,3,13,60,60)
w(99,5,13,61,61)
w(0,246,13,62,62)
w(0,247,13,63,63)
w(13,26,13,64,64)
w(2,83,13,65,65)
w(26,9,13,66,66)
w(0,248,13,67,67)
w(19,12,13,68,68)
w(40,2,13,69,69)
w(12,13,13,70,70)
w(7,39,13,71,71)
w(58,6,13,72,72)
w(0,249,13,73,73)
w(15,14,13,74,74)
w(36,8,13,75,75)
w(68,5,13,76,76)
w(10,30,13,77,77)
w(3,61,13,78,78)
w(4,53,13,79,79)
w(0,250,13,80,80)
w(21,13,13,81,81)
w(1,116,13,82,82)
w(61,4,13,83,83)
w(0,251,13,84,84)
w(15,15,13,85,85)
w(12,14,13,86,86)
w(2,84,13,87,87)
w(9,23,13,88,88)
w(2,85,13,89,89)
w(28,4,13,90,90)
w(2,86,13,91,91)
r(3,61,13,92,92)
w(4,54,13,93,93)
w(18,20,13,94,94)
w(1,117,13,95,95)
w(0,252,13,96,96)
w(9,24,13,97,97)
w(2,87,13,98,98)
w(0,253,13,99,99)
w(1,118,14,0,0)
w(4,55,14,1,1)
w(47,6,14,2,2)
w(1,119,14,3,3)
w(15,16,14,4,4)
w(5,52,14,5,5)
w(59,7,14,6,6)
w(19,13,14,7,7)
w(13,27,14,8,8)
w(28,5,14,9,9)
w(2,88,14,10,10)
w(58,7,14,11,11)
w(75,2,14,12,12)
w(36,9,14,13,13)
w(35,8,14,14,14)
w(19,14,14,15,15)
w(38,7,14,16,16)
w(7,40,14,17,17)
w(42,5,14,18,18)
w(0,254,14,19,19)
r(5,52,14,20,20)
w(30,4,14,21,21)
w(0,255,14,22,22)
w(66,4,14,23,23)
w(0,256,14,24,24)
w(46,5,14,25,25)
w(0,257,14,26,26)
w(0,258,14,27,27)
w(16,18,14,28,28)
w(42,6,14,29,29)
w(19,15,14,30,30)
w(38,8,14,31,31)
w(10,31,14,32,32)
w(5,53,14,33,33)
w(1,120,14,34,34)
w(25,12,14,35,35)
r(9,24,14,36,36)
r(56,7,14,37,37)
w(78,6,14,38,38)
w(0,259,14,39,39)
w(0,260,14,40,40)
w(1,121,14,41,41)
w(96,4,14,42,42)
w(29,7,14,43,43)
w(16,19,14,44,44)
w(58,8,14,45,45)
w(1,122,14,46,46)
w(13,28,14,47,47)
w(30,5,14,48,48)
r(1,122,14,49,49)
r(7,40,14,50,50)
w(20,10,14,51,51)
w(49,2,14,52,52)
w(6,30,14,53,53)
w(15,17,14,54,54)
w(0,261,14,55,55)
r(11,22,14,56,56)
w(93,2,14,57,57)
w(6,31,14,58,58)
w(16,20,14,59,59)
w(0,262,14,60,60)
w(5,54,14,61,61)
w(0,263,14,62,62)
w(0,264,14,63,63)
w(1,123,14,64,64)
w(22,13,14,65,65)
w(38,9,14,66,66)
w(36,10,14,67,67)
w(0,265,14,68,68)
w(23,11,14,69,69)
w(0,266,14,70,70)
w(8,30,14,71,71)
w(31,8,14,72,72)
w(0,267,14,73,73)
r(0,267,14,74,74)
w(0,268,14,75,75)
r(0,268,14,76,76)
w(12,15,14,77,77)
w(12,16,14,78,78)
w(3,62,14,79,79)
w(1,124,14,80,80)
w(1,125,14,81,81)
w(2,89,14,82,82)
w(20,11,14,83,83)
w(21,14,14,84,84)
w(1,126,14,85,85)
w(35,9,14,86,86)
w(9,25,14,87,87)
w(1,127,14,88,88)
w(75,3,14,89,89)
r(3,62,14,90,90)
w(0,269,14,91,91)
w(1,128,14,92,92)
w(1,129,14,93,93)
w(1,130,14,94,94)
w(1,131,14,95,95)
w(40,3,14,96,96)
w(41,10,14,97,97)
w(4,56,14,98,98)
w(56,8,14,99,99)
w(2,90,15,0,0)
r(0,269,15,1,1)
w(8,31,15,2,2)
r(0,269,15,3,3)
w(13,29,15,4,4)
w(38,10,15,5,5)
w(45,8,15,6,6)
w(20,12,15,7,7)
w(1,132,15,8,8)
w(20,13,15,9,9)
w(8,32,15,10,10)
w(43,9,15,11,11)
w(38,11,15,12,12)
w(6,32,15,13,13)
w(0,270,15,14,14)
w(0,271,15,15,15)
w(30,6,15,16,16)
w(31,9,15,17,17)
w(0,272,15,18,18)
r(86,2,15,19,19)
w(31,10,15,20,20)
w(6,33,15,21,21)
w(1,133,15,22,22)
w(37,2,15,23,23)
w(87,2,15,24,24)
r(6,33,15,25,25)
w(20,14,15,26,26)
w(0,273,15,27,27)
r(2,90,15,28,28)
w(80,2,15,29,29)
w(0,274,15,30,30)
w(3,63,15,31,31)
w(33,5,15,32,32)
w(7,41,15,33,33)
w(2,91,15,34,34)
w(3,64,15,35,35)
r(5,54,15,36,36)
w(29,8,15,37,37)
w(0,275,15,38,38)
w(0,276,15,39,39)
w(0,277,15,40,40)
w(5,55,15,41,41)
w(0,278,15,42,42)
w(2,92,15,43,43)
w(47,7,15,44,44)
w(41,11,15,45,45)
w(0,279,15,46,46)
r(0,279,15,47,47)
w(28,6,15,48,48)
w(7,42,15,49,49)
w(18,21,15,50,50)
w(7,43,15,51,51)
w(3,65,15,52,52)
w(4,57,15,53,53)
w(3,66,15,54,54)
w(1,134,15,55,55)
w(70,2,15,56,56)
w(8,33,15,57,57)
w(0,280,15,58,58)
w(21,15,15,59,59)
w(70,3,15,60,60)
w(1,135,15,61,61)
w(37,3,15,62,62)
w(0,281,15,63,63)
w(88,2,15,64,64)
w(5,56,15,65,65)
w(1,136,15,66,66)
w(9,26,15,67,67)
w(0,282,15,68,68)
w(42,7,15,69,69)
w(6,34,15,70,70)
w(3,67,15,71,71)
w(5,57,15,72,72)
r(9,26,15,73,73)
w(5,58,15,74,74)
w(34,4,15,75,75)
r(2,92,15,76,76)
r(23,11,15,77,77)
w(3,68,15,78,78)
w(19,16,15,79,79)
w(4,58,15,80,80)
w(0,283,15,81,81)
w(3,69,15,82,82)
w(70,4,15,83,83)
w(0,284,15,84,84)
w(22,14,15,85,85)
w(8,34,15,86,86)
r(37,3,15,87,87)
r(8,34,15,88,88)
w(32,6,15,89,89)
w(58,9,15,90,90)
w(6,35,15,91,91)
r(38,11,15,92,92)
w(2,93,15,93,93)
w(88,3,15,94,94)
w(61,5,15,95,95)
w(8,35,15,96,96)
w(5,59,15,97,97)
w(18,22,15,98,98)
w(31,11,15,99,99)
r(92,2,16,0,0)
w(2,94,16,1,1)
w(10,32,16,2,2)
w(5,60,16,3,3)
w(0,285,16,4,4)
w(2,95,16,5,5)
w(58,10,16,6,6)
w(2,96,16,7,7)
w(11,23,16,8,8)
r(0,285,16,9,9)
w(2,97,16,10,10)
w(2,98,16,11,11)
r(0,285,16,12,12)
w(2,99,16,13,13)
r(9,26,16,14,14)
w(34,5,16,15,15)
r(37,3,16,16,16)
w(11,24,16,17,17)
w(8,36,16,18,18)
w(0,286,16,19,19)
w(1,137,16,20,20)
w(92,3,16,21,21)
w(8,37,16,22,22)
w(1,138,16,23,23)
w(77,5,16,24,24)
w(1,139,16,25,25)
w(50,2,16,26,26)
w(4,59,16,27,27)
w(0,287,16,28,28)
w(11,25,16,29,29)
w(13,30,16,30,30)
w(0,288,16,31,31)
w(48,6,16,32,32)
w(8,38,16,33,33)
r(4,59,16,34,34)
w(2,100,16,35,35)
w(3,70,16,36,36)
w(0,289,16,37,37)
w(3,71,16,38,38)
w(42,8,16,39,39)
r(9,26,16,40,40)
w(0,290,16,41,41)
w(7,44,16,42,42)
w(0,291,16,43,43)
w(2,101,16,44,44)
w(8,39,16,45,45)
w(0,292,16,46,46)
r(19,16,16,47,47)
w(18,23,16,48,48)
w(2,102,16,49,49)
w(0,293,16,50,50)
w(2,103,16,51,51)
w(2,104,16,52,52)
r(8,39,16,53,53)
w(2,105,16,54,54)
w(0,294,16,55,55)
r(2,105,16,56,56)
w(2,106,16,57,57)
w(0,295,16,58,58)
w(2,107,16,59,59)
w(84,4,16,60,60)
w(0,296,16,61,61)
r(2,107,16,62,62)
w(2,108,16,63,63)
w(34,6,16,64,64)
w(37,4,16,65,65)
w(0,297,16,66,66)
w(1,140,16,67,67)
w(0,298,16,68,68)
w(70,5,16,69,69)
w(15,18,16,70,70)
w(3,72,16,71,71)
w(4,60,16,72,72)
w(25,13,16,73,73)
w(20,15,16,74,74)
w(0,299,16,75,75)
w(45,9,16,76,76)
w(0,300,16,77,77)
w(4,61,16,78,78)
w(4,62,16,79,79)
w(0,301,16,80,80)
w(5,61,16,81,81)
w(46,6,16,82,82)
w(4,63,16,83,83)
w(1,141,16,84,84)
w(25,14,16,85,85)
w(64,4,16,86,86)
w(0,302,16,87,87)
r(99,5,16,88,88)
w(62,6,16,89,89)
w(10,33,16,90,90)
w(37,5,16,91,91)
w(22,15,16,92,92)
w(2,109,16,93,93)
w(7,45,16,94,94)
w(6,36,16,95,95)
w(93,3,16,96,96)
w(12,17,16,97,97)
w(14,17,16,98,98)
r(7,45,16,99,99)
w(2,110,17,0,0)
w(19,17,17,1,1)
w(0,303,17,2,2)
w(13,31,17,3,3)
w(4,64,17,4,4)
w(62,7,17,5,5)
w(75,4,17,6,6)
w(7,46,17,7,7)
w(2,111,17,8,8)
w(5,62,17,9,9)
w(1,142,17,10,10)
w(51,5,17,11,11)
w(1,143,17,12,12)
w(7,47,17,13,13)
w(5,63,17,14,14)
w(12,18,17,15,15)
w(66,5,17,16,16)
r(7,47,17,17,17)
w(1,144,17,18,18)
r(7,47,17,19,19)
w(15,19,17,20,20)
w(13,32,17,21,21)
w(59,8,17,22,22)
w(0,304,17,23,23)
w(6,37,17,24,24)
w(67,8,17,25,25)
w(1,145,17,26,26)
w(1,146,17,27,27)
w(1,147,17,28,28)
w(5,64,17,29,29)
w(2,112,17,30,30)
w(34,7,17,31,31)
w(6,38,17,32,32)
w(68,6,17,33,33)
w(18,24,17,34,34)
w(24,11,17,35,35)
w(12,19,17,36,36)
w(30,7,17,37,37)
w(10,34,17,38,38)
w(0,305,17,39,39)
w(2,113,17,40,40)
w(83,4,17,41,41)
w(2,114,17,42,42)
w(23,12,17,43,43)
w(93,4,17,44,44)
w(38,12,17,45,45)
w(13,33,17,46,46)
w(88,4,17,47,47)
w(21,16,17,48,48)
w(0,306,17,49,49)
w(2,115,17,50,50)
w(0,307,17,51,51)
w(5,65,17,52,52)
r(0,307,17,53,53)
w(0,308,17,54,54)
w(59,9,17,55,55)
r(4,64,17,56,56)
w(1,148,17,57,57)
w(0,309,17,58,58)
w(6,39,17,59,59)
w(1,149,17,60,60)
r(29,8,17,61,61)
w(22,16,17,62,62)
r(30,7,17,63,63)
w(71,5,17,64,64)
w(85,4,17,65,65)
w(9,27,17,66,66)
w(96,5,17,67,67)
w(36,11,17,68,68)
r(0,309,17,69,69)
w(90,3,17,70,70)
w(0,310,17,71,71)
w(10,35,17,72,72)
w(0,311,17,73,73)
w(2,116,17,74,74)
w(92,4,17,75,75)
w(96,6,17,76,76)
w(0,312,17,77,77)
w(39,5,17,78,78)
w(20,16,17,79,79)
w(47,8,17,80,80)
w(2,117,17,81,81)
w(20,17,17,82,82)
w(24,12,17,83,83)
w(2,118,17,84,84)
w(80,3,17,85,85)
w(1,150,17,86,86)
w(20,18,17,87,87)
w(2,119,17,88,88)
w(30,8,17,89,89)
w(18,25,17,90,90)
w(41,12,17,91,91)
w(65,8,17,92,92)
w(3,73,17,93,93)
w(7,48,17,94,94)
w(18,26,17,95,95)
w(0,313,17,96,96)
w(82,2,17,97,97)
r(2,119,17,98,98)
w(0,314,17,99,99)
w(2,120,18,0,0)
w(86,3,18,1,1)
w(4,65,18,2,2)
w(0,315,18,3,3)
r(2,120,18,4,4)
w(0,316,18,5,5)
w(0,317,18,6,6)
w(0,318,18,7,7)
w(17,14,18,8,8)
w(51,6,18,9,9)
r(7,48,18,10,10)
w(9,28,18,11,11)
w(0,319,18,12,12)
w(0,320,18,13,13)
w(0,321,18,14,14)
w(4,66,18,15,15)
w(4,67,18,16,16)
w(0,322,18,17,17)
w(3,74,18,18,18)
w(18,27,18,19,19)
w(4,68,18,20,20)
w(40,4,18,21,21)
w(73,6,18,22,22)
w(2,121,18,23,23)
w(37,6,18,24,24)
r(1,150,18,25,25)
w(27,9,18,26,26)
w(83,5,18,27,27)
w(32,7,18,28,28)
w(10,36,18,29,29)
w(0,323,18,30,30)
w(0,324,18,31,31)
w(4,69,18,32,32)
w(1,151,18,33,33)
r(47,8,18,34,34)
w(37,7,18,35,35)
r(27,9,18,36,36)
w(3,75,18,37,37)
r(0,324,18,38,38)
w(21,17,18,39,39)
r(6,39,18,40,40)
w(12,20,18,41,41)
w(3,76,18,42,42)
r(13,33,18,43,43)
w(43,10,18,44,44)
w(45,10,18,45,45)
w(9,29,18,46,46)
w(48,7,18,47,47)
w(32,8,18,48,48)
w(7,49,18,49,49)
r(2,121,18,50,50)
w(5,66,18,51,51)
w(89,2,18,52,52)
w(6,40,18,53,53)
w(21,18,18,54,54)
r(2,121,18,55,55)
w(1,152,18,56,56)
r(25,14,18,57,57)
w(0,325,18,58,58)
w(15,20,18,59,59)
w(1,153,18,60,60)
w(24,13,18,61,61)
w(1,154,18,62,62)
r(0,325,18,63,63)
w(17,15,18,64,64)
w(91,4,18,65,65)
w(9,30,18,66,66)
r(2,121,18,67,67)
w(14,18,18,68,68)
r(1,154,18,69,69)
r(0,325,18,70,70)
w(2,122,18,71,71)
w(1,155,18,72,72)
w(79,3,18,73,73)
w(17,16,18,74,74)
w(0,326,18,75,75)
w(1,156,18,76,76)
w(96,7,18,77,77)
r(2,122,18,78,78)
w(19,18,18,79,79)
w(16,21,18,80,80)
w(0,327,18,81,81)
r(2,122,18,82,82)
w(1,157,18,83,83)
w(2,123,18,84,84)
w(48,8,18,85,85)
r(4,69,18,86,86)
w(11,26,18,87,87)
w(90,4,18,88,88)
w(0,328,18,89,89)
w(57,5,18,90,90)
r(44,3,18,91,91)
w(26,10,18,92,92)
w(0,329,18,93,93)
w(29,9,18,94,94)
w(0,330,18,95,95)
w(2,124,18,96,96)
r(73,6,18,97,97)
r(3,76,18,98,98)
r(0,330,18,99,99)
w(60,6,19,0,0)
w(0,331,19,1,1)
w(94,3,19,2,2)
w(1,158,19,3,3)
w(0,332,19,4,4)
w(8,40,19,5,5)
w(5,67,19,6,6)
w(51,7,19,7,7)
w(15,21,19,8,8)
w(2,125,19,9,9)
w(0,333,19,10,10)
w(1,159,19,11,11)
r(1,159,19,12,12)
w(2,126,19,13,13)
w(23,13,19,14,14)
w(0,334,19,15,15)
w(4,70,19,16,16)
w(0,335,19,17,17)
w(0,336,19,18,18)
w(9,31,19,19,19)
w(3,77,19,20,20)
w(8,41,19,21,21)
w(3,78,19,22,22)
w(2,127,19,23,23)
w(21,19,19,24,24)
w(14,19,19,25,25)
w(0,337,19,26,26)
w(6,41,19,27,27)
r(52,4,19,28,28)
w(7,50,19,29,29)
w(3,79,19,30,30)
w(14,20,19,31,31)
w(66,6,19,32,32)
r(2,127,19,33,33)
w(17,17,19,34,34)
w(1,160,19,35,35)
w(0,338,19,36,36)
w(16,22,19,37,37)
w(0,339,19,38,38)
w(24,14,19,39,39)
w(17,18,19,40,40)
w(43,11,19,41,41)
w(56,9,19,42,42)
w(9,32,19,43,43)
w(0,340,19,44,44)
w(6,42,19,45,45)
w(33,6,19,46,46)
w(7,51,19,47,47)
w(4,71,19,48,48)
r(21,19,19,49,49)
w(21,20,19,50,50)
w(85,5,19,51,51)
w(28,7,19,52,52)
r(18,27,19,53,53)
w(1,161,19,54,54)
w(9,33,19,55,55)
r(0,340,19,56,56)
r(24,14,19,57,57)
w(13,34,19,58,58)
w(48,9,19,59,59)
w(0,341,19,60,60)
w(34,8,19,61,61)
w(2,128,19,62,62)
w(1,162,19,63,63)
w(2,129,19,64,64)
w(3,80,19,65,65)
w(5,68,19,66,66)
w(1,163,19,67,67)
w(1,164,19,68,68)
w(34,9,19,69,69)
w(72,3,19,70,70)
w(59,10,19,71,71)
w(1,165,19,72,72)
w(81,6,19,73,73)
w(0,342,19,74,74)
w(0,343,19,75,75)
w(13,35,19,76,76)
w(0,344,19,77,77)
w(36,12,19,78,78)
w(2,130,19,79,79)
w(25,15,19,80,80)
w(20,19,19,81,81)
w(0,345,19,82,82)
w(0,346,19,83,83)
w(26,11,19,84,84)
w(0,347,19,85,85)
w(14,21,19,86,86)
w(9,34,19,87,87)
w(10,37,19,88,88)
w(1,166,19,89,89)
w(0,348,19,90,90)
w(4,72,19,91,91)
w(3,81,19,92,92)
w(26,12,19,93,93)
w(13,36,19,94,94)
w(3,82,19,95,95)
w(17,19,19,96,96)
w(2,131,19,97,97)
w(36,13,19,98,98)
w(0,349,19,99,99)
w(33,7,20,0,0)
w(94,4,20,1,1)
w(7,52,20,2,2)
w(28,8,20,3,3)
w(1,167,20,4,4)
w(58,11,20,5,5)
w(13,37,20,6,6)
w(8,42,20,7,7)
w(14,22,20,8,8)
w(2,132,20,9,9)
w(3,83,20,10,10)
w(0,350,20,11,11)
w(67,9,20,12,12)
w(70,6,20,13,13)
w(32,9,20,14,14)
w(90,5,20,15,15)
w(13,38,20,16,16)
r(0,350,20,17,17)
w(8,43,20,18,18)
w(33,8,20,19,19)
w(76,3,20,20,20)
w(0,351,20,21,21)
w(84,5,20,22,22)
w(91,5,20,23,23)
w(0,352,20,24,24)
w(11,27,20,25,25)
w(6,43,20,26,26)
w(0,353,20,27,27)
w(9,35,20,28,28)
w(3,84,20,29,29)
w(0,354,20,30,30)
w(0,355,20,31,31)
w(0,356,20,32,32)
w(46,7,20,33,33)
w(13,39,20,34,34)
w(0,357,20,35,35)
w(0,358,20,36,36)
r(0,358,20,37,37)
w(84,6,20,38,38)
w(62,8,20,39,39)
w(4,73,20,40,40)
w(60,7,20,41,41)
w(0,359,20,42,42)
w(39,6,20,43,43)
w(18,28,20,44,44)
w(4,74,20,45,45)
w(0,360,20,46,46)
w(0,361,20,47,47)
w(3,85,20,48,48)
w(3,86,20,49,49)
w(69,7,20,50,50)
w(4,75,20,51,51)
w(10,38,20,52,52)
w(0,362,20,53,53)
w(3,87,20,54,54)
w(3,88,20,55,55)
w(18,29,20,56,56)
w(0,363,20,57,57)
w(73,7,20,58,58)
w(0,364,20,59,59)
w(58,12,20,60,60)
w(35,10,20,61,61)
w(21,21,20,62,62)
w(5,69,20,63,63)
w(40,5,20,64,64)
w(69,8,20,65,65)
w(0,365,20,66,66)
w(40,6,20,67,67)
w(42,9,20,68,68)
w(0,366,20,69,69)
w(42,10,20,70,70)
w(2,133,20,71,71)
w(3,89,20,72,72)
w(0,367,20,73,73)
w(95,3,20,74,74)
w(9,36,20,75,75)
w(21,22,20,76,76)
w(16,23,20,77,77)
w(1,168,20,78,78)
w(1,169,20,79,79)
w(6,44,20,80,80)
w(18,30,20,81,81)
w(85,6,20,82,82)
r(8,43,20,83,83)
w(2,134,20,84,84)
w(5,70,20,85,85)
w(0,368,20,86,86)
w(54,5,20,87,87)
w(1,170,20,88,88)
w(15,22,20,89,89)
w(0,369,20,90,90)
w(24,15,20,91,91)
w(86,4,20,92,92)
w(0,370,20,93,93)
w(54,6,20,94,94)
w(23,14,20,95,95)
w(0,371,20,96,96)
w(98,3,20,97,97)
w(48,10,20,98,98)
w(11,28,20,99,99)
w(43,12,21,0,0)
w(2,135,21,1,1)
w(45,11,21,2,2)
w(24,16,21,3,3)
r(5,70,21,4,4)
w(0,372,21,5,5)
w(3,90,21,6,6)
w(0,373,21,7,7)
w(8,44,21,8,8)
w(1,171,21,9,9)
w(3,91,21,10,10)
w(3,92,21,11,11)
w(7,53,21,12,12)
w(32,10,21,13,13)
w(10,39,21,14,14)
w(61,6,21,15,15)
w(38,13,21,16,16)
w(2,136,21,17,17)
w(27,10,21,18,18)
w(22,17,21,19,19)
w(75,5,21,20,20)
w(5,71,21,21,21)
w(7,54,21,22,22)
w(37,8,21,23,23)
w(78,7,21,24,24)
w(5,72,21,25,25)
w(1,172,21,26,26)
w(8,45,21,27,27)
w(0,374,21,28,28)
w(0,375,21,29,29)
w(0,376,21,30,30)
w(3,93,21,31,31)
w(0,377,21,32,32)
w(2,137,21,33,33)
w(1,173,21,34,34)
w(44,4,21,35,35)
w(0,378,21,36,36)
w(1,174,21,37,37)
w(0,379,21,38,38)
w(8,46,21,39,39)
w(64,5,21,40,40)
w(61,7,21,41,41)
w(0,380,21,42,42)
w(21,23,21,43,43)
r(51,7,21,44,44)
w(8,47,21,45,45)
w(0,381,21,46,46)
w(83,6,21,47,47)
w(11,29,21,48,48)
w(3,94,21,49,49)
w(14,23,21,50,50)
r(16,23,21,51,51)
w(39,7,21,52,52)
w(16,24,21,53,53)
w(0,382,21,54,54)
w(2,138,21,55,55)
w(5,73,21,56,56)
w(78,8,21,57,57)
w(11,30,21,58,58)
w(0,383,21,59,59)
w(0,384,21,60,60)
w(79,4,21,61,61)
w(30,9,21,62,62)
w(0,385,21,63,63)
w(0,386,21,64,64)
w(1,175,21,65,65)
w(0,387,21,66,66)
w(4,76,21,67,67)
w(35,11,21,68,68)
w(69,9,21,69,69)
w(1,176,21,70,70)
w(35,12,21,71,71)
w(3,95,21,72,72)
w(71,6,21,73,73)
w(2,139,21,74,74)
w(16,25,21,75,75)
w(0,388,21,76,76)
w(0,389,21,77,77)
w(45,12,21,78,78)
w(1,177,21,79,79)
w(10,40,21,80,80)
w(96,8,21,81,81)
w(0,390,21,82,82)
w(40,7,21,83,83)
w(25,16,21,84,84)
w(0,391,21,85,85)
w(7,55,21,86,86)
w(92,5,21,87,87)
w(7,56,21,88,88)
w(0,392,21,89,89)
w(87,3,21,90,90)
w(3,96,21,91,91)
w(2,140,21,92,92)
w(0,393,21,93,93)
w(2,141,21,94,94)
w(7,57,21,95,95)
w(63,4,21,96,96)
w(36,14,21,97,97)
w(4,77,21,98,98)
w(0,394,21,99,99)
w(66,7,22,0,0)
w(14,24,22,1,1)
w(0,395,22,2,2)
w(37,9,22,3,3)
w(1,178,22,4,4)
w(0,396,22,5,5)
w(0,397,22,6,6)
w(0,398,22,7,7)
w(93,5,22,8,8)
w(0,399,22,9,9)
w(16,26,22,10,10)
w(1,179,22,11,11)
w(32,11,22,12,12)
w(1,180,22,13,13)
w(0,400,22,14,14)
w(1,181,22,15,15)
w(25,17,22,16,16)
w(8,48,22,17,17)
w(48,11,22,18,18)
w(3,97,22,19,19)
w(11,31,22,20,20)
w(8,49,22,21,21)
w(84,7,22,22,22)
w(18,31,22,23,23)
r(1,181,22,24,24)
w(2,142,22,25,25)
r(40,7,22,26,26)
w(33,9,22,27,27)
w(12,21,22,28,28)
w(0,401,22,29,29)
w(5,74,22,30,30)
w(0,402,22,31,31)
w(16,27,22,32,32)
w(9,37,22,33,33)
w(26,13,22,34,34)
w(0,403,22,35,35)
w(2,143,22,36,36)
r(0,403,22,37,37)
w(14,25,22,38,38)
w(59,11,22,39,39)
w(0,404,22,40,40)
w(11,32,22,41,41)
w(1,182,22,42,42)
w(0,405,22,43,43)
w(57,6,22,44,44)
w(81,7,22,45,45)
w(0,406,22,46,46)
w(0,407,22,47,47)
w(88,5,22,48,48)
r(4,77,22,49,49)
w(64,6,22,50,50)
w(5,75,22,51,51)
w(1,183,22,52,52)
w(21,24,22,53,53)
w(0,408,22,54,54)
w(8,50,22,55,55)
w(4,78,22,56,56)
w(1,184,22,57,57)
w(8,51,22,58,58)
w(35,13,22,59,59)
w(5,76,22,60,60)
w(26,14,22,61,61)
r(43,12,22,62,62)
r(4,78,22,63,63)
w(1,185,22,64,64)
w(4,79,22,65,65)
r(0,408,22,66,66)
w(0,409,22,67,67)
w(41,13,22,68,68)
w(53,6,22,69,69)
w(6,45,22,70,70)
r(0,409,22,71,71)
w(68,7,22,72,72)
w(7,58,22,73,73)
w(0,410,22,74,74)
w(97,2,22,75,75)
w(53,7,22,76,76)
w(11,33,22,77,77)
w(11,34,22,78,78)
w(0,411,22,79,79)
w(93,6,22,80,80)
r(4,79,22,81,81)
w(5,77,22,82,82)
w(50,3,22,83,83)
w(80,4,22,84,84)
w(0,412,22,85,85)
w(0,413,22,86,86)
w(2,144,22,87,87)
r(1,185,22,88,88)
w(0,414,22,89,89)
w(1,186,22,90,90)
w(0,415,22,91,91)
w(2,145,22,92,92)
w(14,26,22,93,93)
w(93,7,22,94,94)
w(21,25,22,95,95)
w(2,146,22,96,96)
w(4,80,22,97,97)
w(8,52,22,98,98)
w(4,81,22,99,99)
w(0,416,23,0,0)
w(16,28,23,1,1)
w(12,22,23,2,2)
w(65,9,23,3,3)
w(0,417,23,4,4)
w(99,6,23,5,5)
w(1,187,23,6,6)
w(57,7,23,7,7)
w(1,188,23,8,8)
w(0,418,23,9,9)
w(8,53,23,10,10)
w(21,26,23,11,11)
w(2,147,23,12,12)
w(88,6,23,13,13)
w(2,148,23,14,14)
w(6,46,23,15,15)
w(43,13,23,16,16)
w(14,27,23,17,17)
w(1,189,23,18,18)
w(10,41,23,19,19)
w(0,419,23,20,20)
w(1,190,23,21,21)
r(4,81,23,22,22)
w(3,98,23,23,23)
w(0,420,23,24,24)
w(0,421,23,25,25)
w(15,23,23,26,26)
w(33,10,23,27,27)
w(1,191,23,28,28)
w(94,5,23,29,29)
w(0,422,23,30,30)
w(33,11,23,31,31)
w(2,149,23,32,32)
w(16,29,23,33,33)
r(12,22,23,34,34)
w(0,423,23,35,35)
w(0,424,23,36,36)
w(38,14,23,37,37)
r(0,424,23,38,38)
w(9,38,23,39,39)
w(0,425,23,40,40)
w(72,4,23,41,41)
r(0,425,23,42,42)
w(26,15,23,43,43)
w(40,8,23,44,44)
w(2,150,23,45,45)
w(0,426,23,46,46)
w(4,82,23,47,47)
w(68,8,23,48,48)
w(5,78,23,49,49)
r(65,9,23,50,50)
r(0,426,23,51,51)
w(1,192,23,52,52)
w(73,8,23,53,53)
w(11,35,23,54,54)
w(0,427,23,55,55)
w(33,12,23,56,56)
w(1,193,23,57,57)
w(0,428,23,58,58)
w(99,7,23,59,59)
r(0,428,23,60,60)
w(94,6,23,61,61)
w(8,54,23,62,62)
w(2,151,23,63,63)
w(8,55,23,64,64)
w(0,429,23,65,65)
w(97,3,23,66,66)
w(79,5,23,67,67)
w(3,99,23,68,68)
w(27,11,23,69,69)
w(70,7,23,70,70)
r(26,15,23,71,71)
w(44,5,23,72,72)
w(18,32,23,73,73)
r(2,151,23,74,74)
w(0,430,23,75,75)
w(9,39,23,76,76)
w(55,5,23,77,77)
w(0,431,23,78,78)
w(2,152,23,79,79)
w(80,5,23,80,80)
w(0,432,23,81,81)
w(36,15,23,82,82)
w(17,20,23,83,83)
w(2,153,23,84,84)
w(3,100,23,85,85)
w(13,40,23,86,86)
w(12,23,23,87,87)
w(30,10,23,88,88)
w(3,101,23,89,89)
r(2,153,23,90,90)
r(8,55,23,91,91)
w(79,6,23,92,92)
w(42,11,23,93,93)
w(14,28,23,94,94)
w(22,18,23,95,95)
w(7,59,23,96,96)
w(4,83,23,97,97)
w(3,102,23,98,98)
w(27,12,23,99,99)
w(1,194,24,0,0)
w(4,84,24,1,1)
w(93,8,24,2,2)
r(3,102,24,3,3)
w(43,14,24,4,4)
w(36,16,24,5,5)
w(0,433,24,6,6)
w(1,195,24,7,7)
w(0,434,24,8,8)
w(1,196,24,9,9)
w(0,435,24,10,10)
w(79,7,24,11,11)
w(0,436,24,12,12)
w(0,437,24,13,13)
w(0,438,24,14,14)
w(1,197,24,15,15)
w(20,20,24,16,16)
w(3,103,24,17,17)
w(15,24,24,18,18)
w(4,85,24,19,19)
w(7,60,24,20,20)
w(0,439,24,21,21)
w(3,104,24,22,22)
r(16,29,24,23,23)
w(35,14,24,24,24)
w(1,198,24,25,25)
w(0,440,24,26,26)
w(4,86,24,27,27)
w(2,154,24,28,28)
w(0,441,24,29,29)
w(0,442,24,30,30)
r(0,442,24,31,31)
w(0,443,24,32,32)
w(7,61,24,33,33)
w(6,47,24,34,34)
w(18,33,24,35,35)
w(6,48,24,36,36)
w(8,56,24,37,37)
w(0,444,24,38,38)
w(0,445,24,39,39)
w(5,79,24,40,40)
w(0,446,24,41,41)
w(2,155,24,42,42)
w(0,447,24,43,43)
w(0,448,24,44,44)
w(42,12,24,45,45)
w(27,13,24,46,46)
r(0,448,24,47,47)
w(56,10,24,48,48)
w(70,8,24,49,49)
w(11,36,24,50,50)
w(10,42,24,51,51)
w(12,24,24,52,52)
w(0,449,24,53,53)
w(5,80,24,54,54)
w(2,156,24,55,55)
w(0,450,24,56,56)
w(0,451,24,57,57)
w(0,452,24,58,58)
w(0,453,24,59,59)
w(9,40,24,60,60)
r(47,8,24,61,61)
w(0,454,24,62,62)
w(74,4,24,63,63)
w(94,7,24,64,64)
r(5,80,24,65,65)
w(78,9,24,66,66)
w(0,455,24,67,67)
w(3,105,24,68,68)
w(21,27,24,69,69)
w(51,8,24,70,70)
r(24,16,24,71,71)
w(17,21,24,72,72)
w(0,456,24,73,73)
r(11,36,24,74,74)
w(16,30,24,75,75)
w(1,199,24,76,76)
w(0,457,24,77,77)
r(11,36,24,78,78)
w(3,106,24,79,79)
w(1,200,24,80,80)
w(21,28,24,81,81)
w(2,157,24,82,82)
w(21,29,24,83,83)
w(2,158,24,84,84)
w(0,458,24,85,85)
w(93,9,24,86,86)
w(52,5,24,87,87)
w(11,37,24,88,88)
w(5,81,24,89,89)
w(41,14,24,90,90)
w(68,9,24,91,91)
w(44,6,24,92,92)
w(21,30,24,93,93)
w(45,13,24,94,94)
w(80,6,24,95,95)
w(1,201,24,96,96)
w(1,202,24,97,97)
w(0,459,24,98,98)
r(78,9,24,99,99)
w(4,87,25,0,0)
r(57,7,25,1,1)
w(0,460,25,2,2)
w(56,11,25,3,3)
w(0,461,25,4,4)
w(14,29,25,5,5)
w(5,82,25,6,6)
w(97,4,25,7,7)
r(49,2,25,8,8)
r(78,9,25,9,9)
w(0,462,25,10,10)
w(33,13,25,11,11)
w(10,43,25,12,12)
r(14,29,25,13,13)
w(54,7,25,14,14)
w(8,57,25,15,15)
w(5,83,25,16,16)
w(74,5,25,17,17)
w(37,10,25,18,18)
w(14,30,25,19,19)
w(0,463,25,20,20)
w(3,107,25,21,21)
w(2,159,25,22,22)
w(0,464,25,23,23)
w(4,88,25,24,24)
w(85,7,25,25,25)
w(99,8,25,26,26)
w(45,14,25,27,27)
r(4,88,25,28,28)
w(0,465,25,29,29)
r(0,465,25,30,30)
w(96,9,25,31,31)
w(13,41,25,32,32)
w(5,84,25,33,33)
w(6,49,25,34,34)
w(0,466,25,35,35)
w(8,58,25,36,36)
w(2,160,25,37,37)
w(48,12,25,38,38)
w(20,21,25,39,39)
w(9,41,25,40,40)
r(17,21,25,41,41)
r(6,49,25,42,42)
w(1,203,25,43,43)
w(5,85,25,44,44)
w(0,467,25,45,45)
w(2,161,25,46,46)
w(38,15,25,47,47)
w(42,13,25,48,48)
r(1,203,25,49,49)
r(12,24,25,50,50)
r(0,467,25,51,51)
w(18,34,25,52,52)
w(11,38,25,53,53)
w(58,13,25,54,54)
w(4,89,25,55,55)
w(0,468,25,56,56)
w(32,12,25,57,57)
w(5,86,25,58,58)
w(3,108,25,59,59)
w(0,469,25,60,60)
w(37,11,25,61,61)
w(15,25,25,62,62)
w(16,31,25,63,63)
w(38,16,25,64,64)
w(67,10,25,65,65)
w(5,87,25,66,66)
w(8,59,25,67,67)
w(2,162,25,68,68)
w(32,13,25,69,69)
w(30,11,25,70,70)
w(0,470,25,71,71)
w(13,42,25,72,72)
w(1,204,25,73,73)
w(67,11,25,74,74)
w(98,4,25,75,75)
w(51,9,25,76,76)
w(28,9,25,77,77)
w(0,471,25,78,78)
w(2,163,25,79,79)
w(0,472,25,80,80)
w(1,205,25,81,81)
r(14,30,25,82,82)
w(51,10,25,83,83)
w(53,8,25,84,84)
w(10,44,25,85,85)
r(11,38,25,86,86)
w(0,473,25,87,87)
w(0,474,25,88,88)
w(1,206,25,89,89)
w(13,43,25,90,90)
w(3,109,25,91,91)
w(13,44,25,92,92)
w(0,475,25,93,93)
w(15,26,25,94,94)
w(1,207,25,95,95)
w(5,88,25,96,96)
w(2,164,25,97,97)
w(9,42,25,98,98)
w(13,45,25,99,99)
r(20,21,26,0,0)
w(12,25,26,1,1)
w(1,208,26,2,2)
w(28,10,26,3,3)
w(26,16,26,4,4)
w(4,90,26,5,5)
w(7,62,26,6,6)
w(20,22,26,7,7)
r(1,208,26,8,8)
w(63,5,26,9,9)
w(46,8,26,10,10)
w(40,9,26,11,11)
w(0,476,26,12,12)
w(3,110,26,13,13)
w(0,477,26,14,14)
w(6,50,26,15,15)
w(7,63,26,16,16)
w(4,91,26,17,17)
w(29,10,26,18,18)
w(98,5,26,19,19)
w(1,209,26,20,20)
w(94,8,26,21,21)
w(2,165,26,22,22)
w(1,210,26,23,23)
w(0,478,26,24,24)
w(9,43,26,25,25)
w(95,4,26,26,26)
w(9,44,26,27,27)
w(0,479,26,28,28)
w(32,14,26,29,29)
w(3,111,26,30,30)
w(37,12,26,31,31)
r(0,479,26,32,32)
w(18,35,26,33,33)
w(31,12,26,34,34)
w(34,10,26,35,35)
w(1,211,26,36,36)
w(9,45,26,37,37)
w(0,480,26,38,38)
w(49,3,26,39,39)
w(0,481,26,40,40)
w(1,212,26,41,41)
w(31,13,26,42,42)
w(4,92,26,43,43)
w(34,11,26,44,44)
w(80,7,26,45,45)
w(7,64,26,46,46)
w(0,482,26,47,47)
r(3,111,26,48,48)
w(0,483,26,49,49)
w(1,213,26,50,50)
w(82,3,26,51,51)
r(1,213,26,52,52)
w(4,93,26,53,53)
w(20,23,26,54,54)
r(8,59,26,55,55)
w(18,36,26,56,56)
w(0,484,26,57,57)
w(0,485,26,58,58)
w(21,31,26,59,59)
w(0,486,26,60,60)
w(38,17,26,61,61)
w(27,14,26,62,62)
w(14,31,26,63,63)
w(2,166,26,64,64)
w(47,9,26,65,65)
w(0,487,26,66,66)
r(0,487,26,67,67)
w(4,94,26,68,68)
w(21,32,26,69,69)
w(0,488,26,70,70)
r(9,45,26,71,71)
w(0,489,26,72,72)
w(5,89,26,73,73)
r(57,7,26,74,74)
r(1,213,26,75,75)
w(6,51,26,76,76)
w(48,13,26,77,77)
w(1,214,26,78,78)
r(96,9,26,79,79)
r(26,16,26,80,80)
w(56,12,26,81,81)
w(1,215,26,82,82)
w(9,46,26,83,83)
w(49,4,26,84,84)
w(66,8,26,85,85)
r(21,32,26,86,86)
w(3,112,26,87,87)
r(25,17,26,88,88)
w(10,45,26,89,89)
w(2,167,26,90,90)
w(5,90,26,91,91)
w(0,490,26,92,92)
w(16,32,26,93,93)
w(99,9,26,94,94)
w(27,15,26,95,95)
w(12,26,26,96,96)
w(20,24,26,97,97)
w(81,8,26,98,98)
w(1,216,26,99,99)
w(1,217,27,0,0)
w(2,168,27,1,1)
r(79,7,27,2,2)
w(6,52,27,3,3)
w(4,95,27,4,4)
w(0,491,27,5,5)
w(47,10,27,6,6)
w(1,218,27,7,7)
w(0,492,27,8,8)
w(0,493,27,9,9)
w(10,46,27,10,10)
w(0,494,27,11,11)
w(62,9,27,12,12)
w(24,17,27,13,13)
w(0,495,27,14,14)
w(4,96,27,15,15)
r(44,6,27,16,16)
w(0,496,27,17,17)
w(0,497,27,18,18)
w(83,7,27,19,19)
w(4,97,27,20,20)
w(4,98,27,21,21)
w(12,27,27,22,22)
w(73,9,27,23,23)
w(0,498,27,24,24)
w(19,19,27,25,25)
w(11,39,27,26,26)
r(6,52,27,27,27)
w(2,169,27,28,28)
w(1,219,27,29,29)
w(38,18,27,30,30)
w(0,499,27,31,31)
r(10,46,27,32,32)
w(33,14,27,33,33)
r(2,169,27,34,34)
w(12,28,27,35,35)
w(2,170,27,36,36)
w(3,113,27,37,37)
w(69,10,27,38,38)
w(21,33,27,39,39)
w(18,37,27,40,40)
w(7,65,27,41,41)
w(54,8,27,42,42)
w(42,14,27,43,43)
w(3,114,27,44,44)
r(4,98,27,45,45)
w(13,46,27,46,46)
w(2,171,27,47,47)
r(0,499,27,48,48)
w(0,500,27,49,49)
w(23,15,27,50,50)
w(1,220,27,51,51)
w(0,501,27,52,52)
r(4,98,27,53,53)
w(13,47,27,54,54)
w(0,502,27,55,55)
w(85,8,27,56,56)
w(1,221,27,57,57)
w(11,40,27,58,58)
w(3,115,27,59,59)
w(45,15,27,60,60)
w(3,116,27,61,61)
w(70,9,27,62,62)
w(25,18,27,63,63)
w(89,3,27,64,64)
w(0,503,27,65,65)
w(37,13,27,66,66)
w(3,117,27,67,67)
w(88,7,27,68,68)
w(8,60,27,69,69)
w(38,19,27,70,70)
w(26,17,27,71,71)
w(29,11,27,72,72)
w(0,504,27,73,73)
w(1,222,27,74,74)
w(1,223,27,75,75)
w(78,10,27,76,76)
w(0,505,27,77,77)
w(6,53,27,78,78)
w(8,61,27,79,79)
w(9,47,27,80,80)
w(70,10,27,81,81)
w(47,11,27,82,82)
w(40,10,27,83,83)
w(2,172,27,84,84)
w(4,99,27,85,85)
w(2,173,27,86,86)
w(98,6,27,87,87)
w(3,118,27,88,88)
w(16,33,27,89,89)
w(7,66,27,90,90)
w(48,14,27,91,91)
w(13,48,27,92,92)
r(2,173,27,93,93)
w(4,100,27,94,94)
w(7,67,27,95,95)
w(46,9,27,96,96)
w(69,11,27,97,97)
w(0,506,27,98,98)
w(13,49,27,99,99)
w(10,47,28,0,0)
w(1,224,28,1,1)
w(4,101,28,2,2)
w(45,16,28,3,3)
r(34,11,28,4,4)
w(3,119,28,5,5)
w(66,9,28,6,6)
w(3,120,28,7,7)
w(28,11,28,8,8)
w(22,19,28,9,9)
w(0,507,28,10,10)
w(3,121,28,11,11)
w(2,174,28,12,12)
w(3,122,28,13,13)
w(0,508,28,14,14)
w(60,8,28,15,15)
r(0,508,28,16,16)
w(1,225,28,17,17)
w(7,68,28,18,18)
w(11,41,28,19,19)
w(1,226,28,20,20)
w(0,509,28,21,21)
w(0,510,28,22,22)
w(4,102,28,23,23)
w(1,227,28,24,24)
w(29,12,28,25,25)
w(1,228,28,26,26)
w(1,229,28,27,27)
w(9,48,28,28,28)
w(51,11,28,29,29)
w(0,511,28,30,30)
w(8,62,28,31,31)
w(3,123,28,32,32)
w(0,512,28,33,33)
w(1,230,28,34,34)
w(0,513,28,35,35)
w(42,15,28,36,36)
w(76,4,28,37,37)
w(21,34,28,38,38)
w(34,12,28,39,39)
w(1,231,28,40,40)
r(32,14,28,41,41)
w(47,12,28,42,42)
w(0,514,28,43,43)
w(16,34,28,44,44)
w(24,18,28,45,45)
w(90,6,28,46,46)
w(27,16,28,47,47)
w(15,27,28,48,48)
w(0,515,28,49,49)
w(13,50,28,50,50)
w(10,48,28,51,51)
w(56,13,28,52,52)
w(4,103,28,53,53)
w(36,17,28,54,54)
w(99,10,28,55,55)
w(16,35,28,56,56)
w(23,16,28,57,57)
w(2,175,28,58,58)
w(90,7,28,59,59)
w(23,17,28,60,60)
w(8,63,28,61,61)
w(2,176,28,62,62)
w(78,11,28,63,63)
w(0,516,28,64,64)
w(41,15,28,65,65)
w(27,17,28,66,66)
w(0,517,28,67,67)
w(41,16,28,68,68)
r(0,517,28,69,69)
r(2,176,28,70,70)
w(6,54,28,71,71)
w(73,10,28,72,72)
w(18,38,28,73,73)
w(1,232,28,74,74)
w(2,177,28,75,75)
w(64,7,28,76,76)
w(0,518,28,77,77)
w(31,14,28,78,78)
w(52,6,28,79,79)
w(5,91,28,80,80)
w(0,519,28,81,81)
w(2,178,28,82,82)
w(28,12,28,83,83)
w(1,233,28,84,84)
w(8,64,28,85,85)
w(3,124,28,86,86)
w(9,49,28,87,87)
w(0,520,28,88,88)
w(0,521,28,89,89)
w(1,234,28,90,90)
w(0,522,28,91,91)
w(10,49,28,92,92)
w(32,15,28,93,93)
w(22,20,28,94,94)
w(2,179,28,95,95)
w(60,9,28,96,96)
w(4,104,28,97,97)
w(16,36,28,98,98)
w(13,51,28,99,99)
w(21,35,29,0,0)
w(5,92,29,1,1)
w(3,125,29,2,2)
w(0,523,29,3,3)
w(2,180,29,4,4)
w(5,93,29,5,5)
w(0,524,29,6,6)
w(66,10,29,7,7)
w(20,25,29,8,8)
w(6,55,29,9,9)
w(78,12,29,10,10)
w(52,7,29,11,11)
w(61,8,29,12,12)
w(4,105,29,13,13)
w(9,50,29,14,14)
w(13,52,29,15,15)
w(37,14,29,16,16)
w(50,4,29,17,17)
w(21,36,29,18,18)
w(20,26,29,19,19)
r(19,19,29,20,20)
w(17,22,29,21,21)
w(0,525,29,22,22)
w(7,69,29,23,23)
w(6,56,29,24,24)
w(0,526,29,25,25)
w(54,9,29,26,26)
w(42,16,29,27,27)
w(12,29,29,28,28)
w(14,32,29,29,29)
w(1,235,29,30,30)
w(0,527,29,31,31)
r(2,180,29,32,32)
w(5,94,29,33,33)
w(1,236,29,34,34)
w(27,18,29,35,35)
w(2,181,29,36,36)
w(16,37,29,37,37)
w(5,95,29,38,38)
w(0,528,29,39,39)
w(9,51,29,40,40)
w(0,529,29,41,41)
w(67,12,29,42,42)
w(5,96,29,43,43)
w(0,530,29,44,44)
w(0,531,29,45,45)
w(6,57,29,46,46)
r(3,125,29,47,47)
w(0,532,29,48,48)
w(7,70,29,49,49)
w(0,533,29,50,50)
w(73,11,29,51,51)
w(4,106,29,52,52)
w(5,97,29,53,53)
w(0,534,29,54,54)
w(10,50,29,55,55)
w(3,126,29,56,56)
w(54,10,29,57,57)
w(7,71,29,58,58)
w(43,15,29,59,59)
w(5,98,29,60,60)
w(2,182,29,61,61)
w(72,5,29,62,62)
w(39,8,29,63,63)
w(3,127,29,64,64)
w(40,11,29,65,65)
w(1,237,29,66,66)
w(7,72,29,67,67)
w(3,128,29,68,68)
w(26,18,29,69,69)
w(6,58,29,70,70)
w(11,42,29,71,71)
w(14,33,29,72,72)
w(66,11,29,73,73)
w(3,129,29,74,74)
w(1,238,29,75,75)
w(68,10,29,76,76)
w(26,19,29,77,77)
w(2,183,29,78,78)
r(1,238,29,79,79)
w(25,19,29,80,80)
w(0,535,29,81,81)
w(3,130,29,82,82)
w(2,184,29,83,83)
w(7,73,29,84,84)
w(6,59,29,85,85)
w(0,536,29,86,86)
w(0,537,29,87,87)
w(0,538,29,88,88)
w(0,539,29,89,89)
w(0,540,29,90,90)
w(10,51,29,91,91)
w(1,239,29,92,92)
w(2,185,29,93,93)
w(0,541,29,94,94)
w(6,60,29,95,95)
w(19,20,29,96,96)
w(25,20,29,97,97)
w(0,542,29,98,98)
w(36,18,29,99,99)
w(71,7,30,0,0)
w(10,52,30,1,1)
w(1,240,30,2,2)
w(39,9,30,3,3)
w(3,131,30,4,4)
w(11,43,30,5,5)
w(53,9,30,6,6)
w(1,241,30,7,7)
w(59,12,30,8,8)
w(17,23,30,9,9)
w(2,186,30,10,10)
w(26,20,30,11,11)
r(7,73,30,12,12)
w(0,543,30,13,13)
w(27,19,30,14,14)
w(6,61,30,15,15)
w(5,99,30,16,16)
w(1,242,30,17,17)
w(0,544,30,18,18)
w(26,21,30,19,19)
w(12,30,30,20,20)
w(10,53,30,21,21)
w(38,20,30,22,22)
w(0,545,30,23,23)
w(28,13,30,24,24)
w(0,546,30,25,25)
w(28,14,30,26,26)
w(21,37,30,27,27)
w(0,547,30,28,28)
w(11,44,30,29,29)
w(1,243,30,30,30)
w(9,52,30,31,31)
w(22,21,30,32,32)
w(0,548,30,33,33)
w(42,17,30,34,34)
r(5,99,30,35,35)
w(65,10,30,36,36)
w(86,5,30,37,37)
w(43,16,30,38,38)
w(32,16,30,39,39)
w(10,54,30,40,40)
w(13,53,30,41,41)
r(28,14,30,42,42)
w(3,132,30,43,43)
w(52,8,30,44,44)
w(1,244,30,45,45)
w(0,549,30,46,46)
w(17,24,30,47,47)
w(15,28,30,48,48)
w(29,13,30,49,49)
w(16,38,30,50,50)
w(44,7,30,51,51)
w(29,14,30,52,52)
r(96,9,30,53,53)
w(1,245,30,54,54)
w(64,8,30,55,55)
w(95,5,30,56,56)
w(0,550,30,57,57)
w(0,551,30,58,58)
r(0,551,30,59,59)
w(5,100,30,60,60)
w(42,18,30,61,61)
w(31,15,30,62,62)
w(21,38,30,63,63)
r(95,5,30,64,64)
w(2,187,30,65,65)
w(59,13,30,66,66)
w(4,107,30,67,67)
w(8,65,30,68,68)
w(2,188,30,69,69)
w(15,29,30,70,70)
w(54,11,30,71,71)
w(59,14,30,72,72)
w(38,21,30,73,73)
w(1,246,30,74,74)
w(4,108,30,75,75)
w(19,21,30,76,76)
w(1,247,30,77,77)
w(28,15,30,78,78)
w(23,18,30,79,79)
w(1,248,30,80,80)
w(0,552,30,81,81)
w(7,74,30,82,82)
w(23,19,30,83,83)
w(0,553,30,84,84)
r(1,248,30,85,85)
w(0,554,30,86,86)
w(9,53,30,87,87)
w(54,12,30,88,88)
w(0,555,30,89,89)
w(4,109,30,90,90)
w(0,556,30,91,91)
w(21,39,30,92,92)
w(34,13,30,93,93)
w(27,20,30,94,94)
w(23,20,30,95,95)
w(30,12,30,96,96)
w(8,66,30,97,97)
w(5,101,30,98,98)
w(1,249,30,99,99)
w(67,13,31,0,0)
w(0,557,31,1,1)
w(0,558,31,2,2)
w(21,40,31,3,3)
w(11,45,31,4,4)
w(1,250,31,5,5)
w(13,54,31,6,6)
w(69,12,31,7,7)
w(15,30,31,8,8)
w(27,21,31,9,9)
w(15,31,31,10,10)
w(16,39,31,11,11)
w(0,559,31,12,12)
w(3,133,31,13,13)
r(1,250,31,14,14)
w(43,17,31,15,15)
w(0,560,31,16,16)
w(5,102,31,17,17)
w(1,251,31,18,18)
w(75,6,31,19,19)
r(0,560,31,20,20)
w(3,134,31,21,21)
r(1,251,31,22,22)
w(0,561,31,23,23)
w(19,22,31,24,24)
w(30,13,31,25,25)
w(32,17,31,26,26)
w(21,41,31,27,27)
w(7,75,31,28,28)
w(10,55,31,29,29)
r(0,561,31,30,30)
w(6,62,31,31,31)
w(33,15,31,32,32)
w(10,56,31,33,33)
w(1,252,31,34,34)
w(34,14,31,35,35)
w(0,562,31,36,36)
w(0,563,31,37,37)
w(1,253,31,38,38)
w(0,564,31,39,39)
w(2,189,31,40,40)
w(20,27,31,41,41)
w(1,254,31,42,42)
w(8,67,31,43,43)
w(0,565,31,44,44)
w(2,190,31,45,45)
w(6,63,31,46,46)
w(4,110,31,47,47)
w(7,76,31,48,48)
w(64,9,31,49,49)
w(1,255,31,50,50)
w(20,28,31,51,51)
w(26,22,31,52,52)
w(51,12,31,53,53)
w(87,4,31,54,54)
w(35,15,31,55,55)
w(51,13,31,56,56)
w(11,46,31,57,57)
w(14,34,31,58,58)
w(2,191,31,59,59)
w(34,15,31,60,60)
w(2,192,31,61,61)
w(8,68,31,62,62)
w(11,47,31,63,63)
w(0,566,31,64,64)
w(12,31,31,65,65)
w(0,567,31,66,66)
w(10,57,31,67,67)
w(23,21,31,68,68)
w(11,48,31,69,69)
w(3,135,31,70,70)
w(13,55,31,71,71)
w(8,69,31,72,72)
r(51,13,31,73,73)
w(0,568,31,74,74)
w(4,111,31,75,75)
w(3,136,31,76,76)
w(11,49,31,77,77)
w(0,569,31,78,78)
w(3,137,31,79,79)
w(15,32,31,80,80)
w(97,5,31,81,81)
w(68,11,31,82,82)
r(26,22,31,83,83)
r(4,111,31,84,84)
w(1,256,31,85,85)
w(23,22,31,86,86)
w(3,138,31,87,87)
w(34,16,31,88,88)
w(10,58,31,89,89)
w(10,59,31,90,90)
w(13,56,31,91,91)
w(0,570,31,92,92)
w(1,257,31,93,93)
w(1,258,31,94,94)
w(1,259,31,95,95)
w(1,260,31,96,96)
r(0,570,31,97,97)
w(0,571,31,98,98)
r(0,571,31,99,99)
w(27,22,32,0,0)
w(9,54,32,1,1)
r(2,192,32,2,2)
w(34,17,32,3,3)
w(21,42,32,4,4)
w(11,50,32,5,5)
w(6,64,32,6,6)
w(50,5,32,7,7)
w(58,14,32,8,8)
w(55,6,32,9,9)
w(14,35,32,10,10)
w(6,65,32,11,11)
w(10,60,32,12,12)
w(27,23,32,13,13)
r(5,102,32,14,14)
w(28,16,32,15,15)
w(0,572,32,16,16)
w(22,22,32,17,17)
w(30,14,32,18,18)
w(3,139,32,19,19)
w(17,25,32,20,20)
w(0,573,32,21,21)
w(12,32,32,22,22)
w(0,574,32,23,23)
w(22,23,32,24,24)
w(0,575,32,25,25)
w(14,36,32,26,26)
w(53,10,32,27,27)
w(70,11,32,28,28)
w(1,261,32,29,29)
w(4,112,32,30,30)
w(45,17,32,31,31)
w(5,103,32,32,32)
w(0,576,32,33,33)
w(65,11,32,34,34)
w(0,577,32,35,35)
w(0,578,32,36,36)
w(13,57,32,37,37)
w(0,579,32,38,38)
w(0,580,32,39,39)
w(9,55,32,40,40)
w(14,37,32,41,41)
w(84,8,32,42,42)
w(27,24,32,43,43)
w(68,12,32,44,44)
w(1,262,32,45,45)
w(13,58,32,46,46)
w(1,263,32,47,47)
w(2,193,32,48,48)
w(12,33,32,49,49)
w(45,18,32,50,50)
w(77,6,32,51,51)
w(0,581,32,52,52)
w(12,34,32,53,53)
w(17,26,32,54,54)
w(46,10,32,55,55)
w(77,7,32,56,56)
w(0,582,32,57,57)
w(0,583,32,58,58)
w(1,264,32,59,59)
w(7,77,32,60,60)
w(0,584,32,61,61)
w(0,585,32,62,62)
w(0,586,32,63,63)
w(14,38,32,64,64)
w(5,104,32,65,65)
w(3,140,32,66,66)
w(3,141,32,67,67)
w(60,10,32,68,68)
w(32,18,32,69,69)
w(24,19,32,70,70)
w(16,40,32,71,71)
w(2,194,32,72,72)
w(33,16,32,73,73)
r(19,22,32,74,74)
w(4,113,32,75,75)
w(12,35,32,76,76)
w(0,587,32,77,77)
w(6,66,32,78,78)
w(0,588,32,79,79)
w(5,105,32,80,80)
w(16,41,32,81,81)
w(4,114,32,82,82)
w(24,20,32,83,83)
w(5,106,32,84,84)
w(17,27,32,85,85)
w(3,142,32,86,86)
w(2,195,32,87,87)
r(4,114,32,88,88)
w(95,6,32,89,89)
w(1,265,32,90,90)
w(0,589,32,91,91)
w(57,8,32,92,92)
w(20,29,32,93,93)
w(6,67,32,94,94)
w(55,7,32,95,95)
w(0,590,32,96,96)
w(31,16,32,97,97)
w(1,266,32,98,98)
r(11,50,32,99,99)
w(43,18,33,0,0)
w(0,591,33,1,1)
w(3,143,33,2,2)
w(26,23,33,3,3)
w(0,592,33,4,4)
w(33,17,33,5,5)
r(40,11,33,6,6)
w(3,144,33,7,7)
w(0,593,33,8,8)
w(5,107,33,9,9)
w(37,15,33,10,10)
w(1,267,33,11,11)
w(0,594,33,12,12)
w(59,15,33,13,13)
w(23,23,33,14,14)
w(1,268,33,15,15)
w(4,115,33,16,16)
w(2,196,33,17,17)
w(3,145,33,18,18)
w(0,595,33,19,19)
w(2,197,33,20,20)
w(1,269,33,21,21)
w(23,24,33,22,22)
w(11,51,33,23,23)
w(11,52,33,24,24)
w(5,108,33,25,25)
w(0,596,33,26,26)
w(0,597,33,27,27)
w(52,9,33,28,28)
w(4,116,33,29,29)
w(0,598,33,30,30)
w(80,8,33,31,31)
w(7,78,33,32,32)
w(0,599,33,33,33)
w(13,59,33,34,34)
w(4,117,33,35,35)
r(9,55,33,36,36)
w(94,9,33,37,37)
w(0,600,33,38,38)
w(3,146,33,39,39)
w(0,601,33,40,40)
w(0,602,33,41,41)
w(73,12,33,42,42)
w(1,270,33,43,43)
w(6,68,33,44,44)
w(0,603,33,45,45)
r(3,146,33,46,46)
w(0,604,33,47,47)
w(86,6,33,48,48)
w(7,79,33,49,49)
w(4,118,33,50,50)
w(3,147,33,51,51)
w(42,19,33,52,52)
r(50,5,33,53,53)
w(6,69,33,54,54)
w(71,8,33,55,55)
w(4,119,33,56,56)
w(3,148,33,57,57)
w(1,271,33,58,58)
w(4,120,33,59,59)
w(0,605,33,60,60)
w(2,198,33,61,61)
w(0,606,33,62,62)
w(5,109,33,63,63)
w(2,199,33,64,64)
w(18,39,33,65,65)
r(0,606,33,66,66)
r(19,22,33,67,67)
w(6,70,33,68,68)
w(51,14,33,69,69)
w(5,110,33,70,70)
w(42,20,33,71,71)
w(11,53,33,72,72)
w(93,10,33,73,73)
w(17,28,33,74,74)
w(48,15,33,75,75)
r(56,13,33,76,76)
w(20,30,33,77,77)
w(89,4,33,78,78)
w(0,607,33,79,79)
w(16,42,33,80,80)
r(11,53,33,81,81)
w(15,33,33,82,82)
r(11,53,33,83,83)
w(0,608,33,84,84)
w(9,56,33,85,85)
w(40,12,33,86,86)
w(2,200,33,87,87)
w(0,609,33,88,88)
w(1,272,33,89,89)
w(6,71,33,90,90)
r(78,12,33,91,91)
w(54,13,33,92,92)
w(11,54,33,93,93)
w(10,61,33,94,94)
w(9,57,33,95,95)
w(2,201,33,96,96)
w(39,10,33,97,97)
w(4,121,33,98,98)
w(48,16,33,99,99)
w(5,111,34,0,0)
w(38,22,34,1,1)
w(0,610,34,2,2)
w(55,8,34,3,3)
w(96,10,34,4,4)
w(7,80,34,5,5)
w(3,149,34,6,6)
w(0,611,34,7,7)
w(24,21,34,8,8)
w(0,612,34,9,9)
r(1,272,34,10,10)
r(23,24,34,11,11)
w(2,202,34,12,12)
w(27,25,34,13,13)
w(14,39,34,14,14)
w(42,21,34,15,15)
w(1,273,34,16,16)
w(14,40,34,17,17)
w(4,122,34,18,18)
r(5,111,34,19,19)
w(9,58,34,20,20)
w(40,13,34,21,21)
r(1,273,34,22,22)
w(3,150,34,23,23)
w(24,22,34,24,24)
w(6,72,34,25,25)
w(0,613,34,26,26)
w(3,151,34,27,27)
w(4,123,34,28,28)
w(6,73,34,29,29)
w(0,614,34,30,30)
w(29,15,34,31,31)
r(15,33,34,32,32)
w(25,21,34,33,33)
w(5,112,34,34,34)
w(0,615,34,35,35)
w(4,124,34,36,36)
w(5,113,34,37,37)
w(1,274,34,38,38)
w(3,152,34,39,39)
w(71,9,34,40,40)
w(5,114,34,41,41)
r(0,615,34,42,42)
w(13,60,34,43,43)
w(1,275,34,44,44)
w(1,276,34,45,45)
w(0,616,34,46,46)
r(1,276,34,47,47)
w(0,617,34,48,48)
w(45,19,34,49,49)
w(25,22,34,50,50)
w(59,16,34,51,51)
r(1,276,34,52,52)
w(26,24,34,53,53)
w(30,15,34,54,54)
w(3,153,34,55,55)
w(6,74,34,56,56)
w(52,10,34,57,57)
w(75,7,34,58,58)
w(0,618,34,59,59)
w(45,20,34,60,60)
w(8,70,34,61,61)
w(92,6,34,62,62)
r(17,28,34,63,63)
r(30,15,34,64,64)
w(3,154,34,65,65)
r(10,61,34,66,66)
w(7,81,34,67,67)
w(0,619,34,68,68)
w(9,59,34,69,69)
w(11,55,34,70,70)
r(14,40,34,71,71)
w(1,277,34,72,72)
w(90,8,34,73,73)
w(1,278,34,74,74)
w(0,620,34,75,75)
w(1,279,34,76,76)
w(10,62,34,77,77)
w(51,15,34,78,78)
w(36,19,34,79,79)
w(80,9,34,80,80)
w(0,621,34,81,81)
w(16,43,34,82,82)
w(12,36,34,83,83)
w(3,155,34,84,84)
w(2,203,34,85,85)
w(0,622,34,86,86)
w(17,29,34,87,87)
w(61,9,34,88,88)
w(0,623,34,89,89)
w(38,23,34,90,90)
w(0,624,34,91,91)
w(3,156,34,92,92)
r(9,59,34,93,93)
w(56,14,34,94,94)
w(10,63,34,95,95)
w(17,30,34,96,96)
w(0,625,34,97,97)
w(6,75,34,98,98)
w(2,204,34,99,99)
w(0,626,35,0,0)
w(2,205,35,1,1)
w(47,13,35,2,2)
w(15,34,35,3,3)
w(1,280,35,4,4)
w(5,115,35,5,5)
w(8,71,35,6,6)
w(0,627,35,7,7)
w(3,157,35,8,8)
r(11,55,35,9,9)
w(2,206,35,10,10)
w(28,17,35,11,11)
w(11,56,35,12,12)
w(2,207,35,13,13)
w(35,16,35,14,14)
w(14,41,35,15,15)
w(0,628,35,16,16)
w(64,10,35,17,17)
w(62,10,35,18,18)
w(0,629,35,19,19)
w(84,9,35,20,20)
w(4,125,35,21,21)
w(8,72,35,22,22)
w(9,60,35,23,23)
w(65,12,35,24,24)
w(26,25,35,25,25)
w(0,630,35,26,26)
w(19,23,35,27,27)
w(1,281,35,28,28)
w(8,73,35,29,29)
w(25,23,35,30,30)
w(15,35,35,31,31)
w(24,23,35,32,32)
w(1,282,35,33,33)
w(0,631,35,34,34)
w(0,632,35,35,35)
w(14,42,35,36,36)
w(0,633,35,37,37)
w(5,116,35,38,38)
w(8,74,35,39,39)
w(2,208,35,40,40)
w(49,5,35,41,41)
r(2,208,35,42,42)
w(63,6,35,43,43)
w(14,43,35,44,44)
w(3,158,35,45,45)
w(78,13,35,46,46)
w(15,36,35,47,47)
w(35,17,35,48,48)
w(3,159,35,49,49)
w(29,16,35,50,50)
w(1,283,35,51,51)
w(0,634,35,52,52)
w(33,18,35,53,53)
w(91,6,35,54,54)
w(97,6,35,55,55)
w(11,57,35,56,56)
w(9,61,35,57,57)
w(1,284,35,58,58)
w(6,76,35,59,59)
w(19,24,35,60,60)
w(5,117,35,61,61)
w(53,11,35,62,62)
w(3,160,35,63,63)
w(8,75,35,64,64)
w(9,62,35,65,65)
w(10,64,35,66,66)
w(2,209,35,67,67)
w(1,285,35,68,68)
w(4,126,35,69,69)
w(0,635,35,70,70)
w(13,61,35,71,71)
w(1,286,35,72,72)
w(0,636,35,73,73)
w(44,8,35,74,74)
w(0,637,35,75,75)
w(95,7,35,76,76)
w(11,58,35,77,77)
w(3,161,35,78,78)
r(69,12,35,79,79)
w(0,638,35,80,80)
w(67,14,35,81,81)
w(4,127,35,82,82)
w(0,639,35,83,83)
w(0,640,35,84,84)
r(0,640,35,85,85)
w(0,641,35,86,86)
w(0,642,35,87,87)
w(2,210,35,88,88)
w(0,643,35,89,89)
w(0,644,35,90,90)
w(47,14,35,91,91)
w(0,645,35,92,92)
r(58,14,35,93,93)
w(64,11,35,94,94)
w(4,128,35,95,95)
w(48,17,35,96,96)
r(3,161,35,97,97)
w(3,162,35,98,98)
w(0,646,35,99,99)
w(42,22,36,0,0)
w(86,7,36,1,1)
w(34,18,36,2,2)
w(0,647,36,3,3)
w(9,63,36,4,4)
w(26,26,36,5,5)
w(0,648,36,6,6)
w(0,649,36,7,7)
w(11,59,36,8,8)
w(14,44,36,9,9)
w(35,18,36,10,10)
w(87,5,36,11,11)
w(74,6,36,12,12)
w(0,650,36,13,13)
w(1,287,36,14,14)
w(32,19,36,15,15)
w(5,118,36,16,16)
w(44,9,36,17,17)
w(16,44,36,18,18)
w(0,651,36,19,19)
w(1,288,36,20,20)
w(29,17,36,21,21)
w(5,119,36,22,22)
w(2,211,36,23,23)
w(5,120,36,24,24)
r(4,128,36,25,25)
w(15,37,36,26,26)
w(1,289,36,27,27)
w(15,38,36,28,28)
w(0,652,36,29,29)
r(0,652,36,30,30)
r(35,18,36,31,31)
w(22,24,36,32,32)
r(13,61,36,33,33)
w(1,290,36,34,34)
w(19,25,36,35,35)
w(85,9,36,36,36)
r(5,120,36,37,37)
w(14,45,36,38,38)
w(32,20,36,39,39)
w(1,291,36,40,40)
w(24,24,36,41,41)
w(96,11,36,42,42)
w(12,37,36,43,43)
r(1,291,36,44,44)
w(20,31,36,45,45)
w(56,15,36,46,46)
w(19,26,36,47,47)
w(0,653,36,48,48)
w(1,292,36,49,49)
w(2,212,36,50,50)
w(16,45,36,51,51)
w(0,654,36,52,52)
w(0,655,36,53,53)
w(3,163,36,54,54)
w(0,656,36,55,55)
w(1,293,36,56,56)
w(20,32,36,57,57)
r(47,14,36,58,58)
w(10,65,36,59,59)
w(0,657,36,60,60)
w(24,25,36,61,61)
w(12,38,36,62,62)
w(30,16,36,63,63)
w(3,164,36,64,64)
w(83,8,36,65,65)
w(0,658,36,66,66)
w(0,659,36,67,67)
w(93,11,36,68,68)
w(50,6,36,69,69)
w(8,76,36,70,70)
w(10,66,36,71,71)
r(72,5,36,72,72)
w(7,82,36,73,73)
w(18,40,36,74,74)
w(1,294,36,75,75)
w(5,121,36,76,76)
w(6,77,36,77,77)
r(8,76,36,78,78)
w(2,213,36,79,79)
w(15,39,36,80,80)
w(0,660,36,81,81)
w(11,60,36,82,82)
w(10,67,36,83,83)
r(29,17,36,84,84)
w(8,77,36,85,85)
w(8,78,36,86,86)
w(12,39,36,87,87)
r(7,82,36,88,88)
w(15,40,36,89,89)
w(2,214,36,90,90)
r(9,63,36,91,91)
w(0,661,36,92,92)
w(95,8,36,93,93)
w(15,41,36,94,94)
w(3,165,36,95,95)
w(0,662,36,96,96)
w(42,23,36,97,97)
w(67,15,36,98,98)
r(31,16,36,99,99)
w(95,9,37,0,0)
r(0,662,37,1,1)
w(0,663,37,2,2)
w(1,295,37,3,3)
w(21,43,37,4,4)
r(7,82,37,5,5)
w(31,17,37,6,6)
w(81,9,37,7,7)
w(9,64,37,8,8)
w(4,129,37,9,9)
w(19,27,37,10,10)
w(5,122,37,11,11)
r(12,39,37,12,12)
w(90,9,37,13,13)
w(56,16,37,14,14)
w(79,8,37,15,15)
w(5,123,37,16,16)
w(0,664,37,17,17)
w(20,33,37,18,18)
w(1,296,37,19,19)
w(0,665,37,20,20)
r(2,214,37,21,21)
w(3,166,37,22,22)
w(17,31,37,23,23)
w(6,78,37,24,24)
w(17,32,37,25,25)
w(0,666,37,26,26)
r(0,666,37,27,27)
w(71,10,37,28,28)
w(20,34,37,29,29)
w(38,24,37,30,30)
w(38,25,37,31,31)
w(56,17,37,32,32)
w(7,83,37,33,33)
w(21,44,37,34,34)
w(19,28,37,35,35)
w(41,17,37,36,36)
w(0,667,37,37,37)
w(4,130,37,38,38)
w(3,167,37,39,39)
r(3,167,37,40,40)
w(0,668,37,41,41)
r(4,130,37,42,42)
w(0,669,37,43,43)
w(8,79,37,44,44)
r(2,214,37,45,45)
r(16,45,37,46,46)
w(74,7,37,47,47)
w(0,670,37,48,48)
w(34,19,37,49,49)
w(89,5,37,50,50)
w(0,671,37,51,51)
w(1,297,37,52,52)
w(8,80,37,53,53)
w(10,68,37,54,54)
w(26,27,37,55,55)
r(1,297,37,56,56)
w(37,16,37,57,57)
w(15,42,37,58,58)
w(0,672,37,59,59)
w(23,25,37,60,60)
r(13,61,37,61,61)
w(33,19,37,62,62)
w(0,673,37,63,63)
w(0,674,37,64,64)
r(6,78,37,65,65)
w(90,10,37,66,66)
w(0,675,37,67,67)
w(20,35,37,68,68)
w(91,7,37,69,69)
w(90,11,37,70,70)
w(93,12,37,71,71)
w(15,43,37,72,72)
w(3,168,37,73,73)
r(53,11,37,74,74)
w(17,33,37,75,75)
w(2,215,37,76,76)
w(2,216,37,77,77)
w(3,169,37,78,78)
w(11,61,37,79,79)
w(70,12,37,80,80)
w(70,13,37,81,81)
w(0,676,37,82,82)
w(40,14,37,83,83)
w(47,15,37,84,84)
w(3,170,37,85,85)
w(0,677,37,86,86)
w(40,15,37,87,87)
w(20,36,37,88,88)
w(0,678,37,89,89)
w(12,40,37,90,90)
w(13,62,37,91,91)
w(0,679,37,92,92)
w(90,12,37,93,93)
r(0,679,37,94,94)
w(0,680,37,95,95)
r(25,23,37,96,96)
w(0,681,37,97,97)
w(75,8,37,98,98)
w(0,682,37,99,99)
w(60,11,38,0,0)
w(31,18,38,1,1)
w(29,18,38,2,2)
w(2,217,38,3,3)
w(7,84,38,4,4)
w(3,171,38,5,5)
w(49,6,38,6,6)
w(15,44,38,7,7)
w(51,16,38,8,8)
r(5,123,38,9,9)
w(3,172,38,10,10)
w(74,8,38,11,11)
w(3,173,38,12,12)
r(2,217,38,13,13)
w(2,218,38,14,14)
w(3,174,38,15,15)
w(0,683,38,16,16)
r(39,10,38,17,17)
r(61,9,38,18,18)
w(1,298,38,19,19)
w(0,684,38,20,20)
w(16,46,38,21,21)
w(0,685,38,22,22)
w(14,46,38,23,23)
w(53,12,38,24,24)
w(3,175,38,25,25)
w(2,219,38,26,26)
r(14,46,38,27,27)
w(7,85,38,28,28)
w(7,86,38,29,29)
w(4,131,38,30,30)
w(16,47,38,31,31)
w(0,686,38,32,32)
w(27,26,38,33,33)
w(3,176,38,34,34)
r(1,298,38,35,35)
r(32,20,38,36,36)
w(48,18,38,37,37)
w(3,177,38,38,38)
r(1,298,38,39,39)
w(0,687,38,40,40)
w(16,48,38,41,41)
w(31,19,38,42,42)
w(41,18,38,43,43)
w(62,11,38,44,44)
w(2,220,38,45,45)
r(6,78,38,46,46)
w(38,26,38,47,47)
w(3,178,38,48,48)
w(17,34,38,49,49)
w(0,688,38,50,50)
w(19,29,38,51,51)
w(1,299,38,52,52)
w(0,689,38,53,53)
w(33,20,38,54,54)
w(0,690,38,55,55)
w(1,300,38,56,56)
w(25,24,38,57,57)
w(0,691,38,58,58)
w(20,37,38,59,59)
w(23,26,38,60,60)
w(14,47,38,61,61)
w(0,692,38,62,62)
r(2,220,38,63,63)
w(2,221,38,64,64)
w(19,30,38,65,65)
w(7,87,38,66,66)
r(3,178,38,67,67)
w(54,14,38,68,68)
w(3,179,38,69,69)
w(19,31,38,70,70)
w(4,132,38,71,71)
w(0,693,38,72,72)
w(1,301,38,73,73)
w(35,19,38,74,74)
w(50,7,38,75,75)
w(0,694,38,76,76)
w(19,32,38,77,77)
r(1,301,38,78,78)
w(15,45,38,79,79)
w(17,35,38,80,80)
w(1,302,38,81,81)
w(38,27,38,82,82)
w(0,695,38,83,83)
w(72,6,38,84,84)
w(2,222,38,85,85)
r(9,64,38,86,86)
w(99,11,38,87,87)
w(0,696,38,88,88)
w(9,65,38,89,89)
w(11,62,38,90,90)
r(72,6,38,91,91)
w(3,180,38,92,92)
w(38,28,38,93,93)
w(4,133,38,94,94)
w(7,88,38,95,95)
w(40,16,38,96,96)
w(1,303,38,97,97)
w(40,17,38,98,98)
w(12,41,38,99,99)
w(58,15,39,0,0)
r(1,303,39,1,1)
w(1,304,39,2,2)
w(72,7,39,3,3)
w(0,697,39,4,4)
r(3,180,39,5,5)
w(5,124,39,6,6)
w(0,698,39,7,7)
w(65,13,39,8,8)
r(55,8,39,9,9)
w(1,305,39,10,10)
w(7,89,39,11,11)
w(20,38,39,12,12)
w(92,7,39,13,13)
w(5,125,39,14,14)
w(7,90,39,15,15)
w(5,126,39,16,16)
w(2,223,39,17,17)
w(3,181,39,18,18)
w(90,13,39,19,19)
r(36,19,39,20,20)
r(7,90,39,21,21)
w(57,9,39,22,22)
w(10,69,39,23,23)
r(0,698,39,24,24)
w(1,306,39,25,25)
w(65,14,39,26,26)
w(0,699,39,27,27)
w(22,25,39,28,28)
w(0,700,39,29,29)
w(7,91,39,30,30)
w(96,12,39,31,31)
w(40,18,39,32,32)
w(0,701,39,33,33)
w(1,307,39,34,34)
w(0,702,39,35,35)
r(1,307,39,36,36)
w(58,16,39,37,37)
w(11,63,39,38,38)
w(3,182,39,39,39)
w(7,92,39,40,40)
w(10,70,39,41,41)
r(22,25,39,42,42)
w(89,6,39,43,43)
w(0,703,39,44,44)
w(25,25,39,45,45)
w(71,11,39,46,46)
r(0,703,39,47,47)
w(89,7,39,48,48)
r(7,92,39,49,49)
w(20,39,39,50,50)
w(2,224,39,51,51)
w(10,71,39,52,52)
w(14,48,39,53,53)
w(2,225,39,54,54)
w(52,11,39,55,55)
w(60,12,39,56,56)
w(48,19,39,57,57)
w(1,308,39,58,58)
r(17,35,39,59,59)
w(20,40,39,60,60)
w(48,20,39,61,61)
w(14,49,39,62,62)
w(18,41,39,63,63)
w(4,134,39,64,64)
w(19,33,39,65,65)
w(38,29,39,66,66)
w(28,18,39,67,67)
w(1,309,39,68,68)
w(2,226,39,69,69)
w(48,21,39,70,70)
w(0,704,39,71,71)
w(1,310,39,72,72)
w(39,11,39,73,73)
w(30,17,39,74,74)
w(1,311,39,75,75)
w(5,127,39,76,76)
w(9,66,39,77,77)
w(4,135,39,78,78)
w(4,136,39,79,79)
w(2,227,39,80,80)
w(79,9,39,81,81)
w(92,8,39,82,82)
w(20,41,39,83,83)
w(2,228,39,84,84)
w(26,28,39,85,85)
r(0,704,39,86,86)
w(0,705,39,87,87)
w(62,12,39,88,88)
w(13,63,39,89,89)
w(0,706,39,90,90)
w(15,46,39,91,91)
w(31,20,39,92,92)
w(3,183,39,93,93)
w(4,137,39,94,94)
w(1,312,39,95,95)
w(33,21,39,96,96)
w(3,184,39,97,97)
w(19,34,39,98,98)
w(55,9,39,99,99)
