w(18,1,0,0,0)
w(12,1,0,1,1)
w(308,1,0,2,2)
w(3,1,0,3,3)
w(123,1,0,4,4)
w(125,1,0,5,5)
w(18,2,0,6,6)
r(341,0,0,7,7)
w(198,1,0,8,8)
w(3,2,0,9,9)
w(280,1,0,10,10)
w(2,1,0,11,11)
w(783,1,0,12,12)
w(13,1,0,13,13)
w(381,1,0,14,14)
w(4,1,0,15,15)
w(0,1,0,16,16)
w(0,2,0,17,17)
w(644,1,0,18,18)
w(4,2,0,19,19)
w(136,1,0,20,20)
w(79,1,0,21,21)
w(352,1,0,22,22)
w(2,2,0,23,23)
w(38,1,0,24,24)
r(0,2,0,25,25)
w(216,1,0,26,26)
w(0,3,0,27,27)
w(6,1,0,28,28)
w(39,1,0,29,29)
w(8,1,0,30,30)
w(0,4,0,31,31)
w(20,1,0,32,32)
w(2,3,0,33,33)
w(65,1,0,34,34)
w(1,1,0,35,35)
w(51,1,0,36,36)
w(0,5,0,37,37)
r(0,5,0,38,38)
w(2,4,0,39,39)
w(4,3,0,40,40)
w(35,1,0,41,41)
w(0,6,0,42,42)
w(5,1,0,43,43)
w(9,1,0,44,44)
w(5,2,0,45,45)
w(0,7,0,46,46)
w(0,8,0,47,47)
w(484,1,0,48,48)
w(0,9,0,49,49)
w(110,1,0,50,50)
w(20,2,0,51,51)
w(50,1,0,52,52)
w(22,1,0,53,53)
w(6,2,0,54,54)
w(303,1,0,55,55)
w(438,1,0,56,56)
w(49,1,0,57,57)
w(39,2,0,58,58)
w(1,2,0,59,59)
w(87,1,0,60,60)
w(86,1,0,61,61)
w(32,1,0,62,62)
w(35,2,0,63,63)
w(22,2,0,64,64)
w(41,1,0,65,65)
w(4,4,0,66,66)
w(31,1,0,67,67)
w(1,3,0,68,68)
w(6,3,0,69,69)
w(0,10,0,70,70)
w(234,1,0,71,71)
w(359,1,0,72,72)
w(0,11,0,73,73)
r(14,0,0,74,74)
w(6,4,0,75,75)
w(32,2,0,76,76)
w(414,1,0,77,77)
w(18,3,0,78,78)
r(443,0,0,79,79)
w(456,1,0,80,80)
w(28,1,0,81,81)
w(225,1,0,82,82)
w(15,1,0,83,83)
w(7,1,0,84,84)
w(0,12,0,85,85)
w(2,5,0,86,86)
w(75,1,0,87,87)
w(16,1,0,88,88)
w(46,1,0,89,89)
w(437,1,0,90,90)
w(0,13,0,91,91)
w(440,1,0,92,92)
w(0,14,0,93,93)
w(0,15,0,94,94)
w(0,16,0,95,95)
r(3,2,0,96,96)
w(312,1,0,97,97)
w(4,5,0,98,98)
w(0,17,0,99,99)
w(418,1,1,0,0)
w(0,18,1,1,1)
w(0,19,1,2,2)
w(1,4,1,3,3)
w(9,2,1,4,4)
w(1,5,1,5,5)
w(34,1,1,6,6)
w(4,6,1,7,7)
w(20,3,1,8,8)
w(823,1,1,9,9)
r(11,0,1,10,10)
w(739,1,1,11,11)
w(6,5,1,12,12)
w(408,1,1,13,13)
w(474,1,1,14,14)
w(32,3,1,15,15)
w(54,1,1,16,16)
w(25,1,1,17,17)
w(135,1,1,18,18)
w(474,2,1,19,19)
w(173,1,1,20,20)
w(15,2,1,21,21)
r(38,1,1,22,22)
w(891,1,1,23,23)
w(0,20,1,24,24)
w(34,2,1,25,25)
r(4,6,1,26,26)
w(26,1,1,27,27)
w(82,1,1,28,28)
w(100,1,1,29,29)
w(2,6,1,30,30)
w(969,1,1,31,31)
w(120,1,1,32,32)
w(78,1,1,33,33)
w(598,1,1,34,34)
w(3,3,1,35,35)
w(4,7,1,36,36)
w(1,6,1,37,37)
w(814,1,1,38,38)
w(699,1,1,39,39)
w(0,21,1,40,40)
w(50,2,1,41,41)
w(353,1,1,42,42)
w(197,1,1,43,43)
w(1,7,1,44,44)
w(3,4,1,45,45)
w(0,22,1,46,46)
w(97,1,1,47,47)
w(589,1,1,48,48)
w(2,7,1,49,49)
w(0,23,1,50,50)
w(0,24,1,51,51)
w(836,1,1,52,52)
w(23,1,1,53,53)
w(57,1,1,54,54)
w(1,8,1,55,55)
w(52,1,1,56,56)
w(33,1,1,57,57)
r(77,0,1,58,58)
w(34,3,1,59,59)
w(1,9,1,60,60)
r(58,0,1,61,61)
w(0,25,1,62,62)
w(19,1,1,63,63)
w(7,2,1,64,64)
w(678,1,1,65,65)
w(382,1,1,66,66)
w(2,8,1,67,67)
w(48,1,1,68,68)
w(7,3,1,69,69)
w(2,9,1,70,70)
w(2,10,1,71,71)
w(163,1,1,72,72)
w(0,26,1,73,73)
w(9,3,1,74,74)
r(89,0,1,75,75)
w(891,2,1,76,76)
w(43,1,1,77,77)
w(81,1,1,78,78)
w(26,2,1,79,79)
w(49,2,1,80,80)
w(981,1,1,81,81)
w(1,10,1,82,82)
r(0,26,1,83,83)
w(4,8,1,84,84)
w(35,3,1,85,85)
w(127,1,1,86,86)
w(12,2,1,87,87)
w(2,11,1,88,88)
w(4,9,1,89,89)
w(72,1,1,90,90)
w(160,1,1,91,91)
w(2,12,1,92,92)
w(11,1,1,93,93)
w(91,1,1,94,94)
r(348,0,1,95,95)
w(603,1,1,96,96)
w(44,1,1,97,97)
w(10,1,1,98,98)
w(20,4,1,99,99)
w(1,11,2,0,0)
w(949,1,2,1,1)
w(4,10,2,2,2)
w(108,1,2,3,3)
w(1,12,2,4,4)
w(712,1,2,5,5)
r(270,0,2,6,6)
r(883,0,2,7,7)
w(45,1,2,8,8)
w(445,1,2,9,9)
w(11,2,2,10,10)
w(129,1,2,11,11)
w(0,27,2,12,12)
w(109,1,2,13,13)
w(0,28,2,14,14)
w(102,1,2,15,15)
w(42,1,2,16,16)
w(0,29,2,17,17)
w(0,30,2,18,18)
w(41,2,2,19,19)
r(228,0,2,20,20)
w(82,2,2,21,21)
w(5,3,2,22,22)
w(515,1,2,23,23)
w(704,1,2,24,24)
w(1,13,2,25,25)
w(3,5,2,26,26)
w(16,2,2,27,27)
w(1,14,2,28,28)
w(8,2,2,29,29)
w(102,2,2,30,30)
r(105,0,2,31,31)
w(3,6,2,32,32)
w(763,1,2,33,33)
w(1,15,2,34,34)
w(129,2,2,35,35)
w(0,31,2,36,36)
w(779,1,2,37,37)
w(4,11,2,38,38)
w(235,1,2,39,39)
w(47,1,2,40,40)
r(726,0,2,41,41)
r(20,4,2,42,42)
w(33,2,2,43,43)
w(1,16,2,44,44)
w(72,2,2,45,45)
w(1,17,2,46,46)
w(183,1,2,47,47)
w(2,13,2,48,48)
r(2,13,2,49,49)
w(6,6,2,50,50)
w(171,1,2,51,51)
w(128,1,2,52,52)
w(12,3,2,53,53)
w(488,1,2,54,54)
w(6,7,2,55,55)
w(85,1,2,56,56)
w(36,1,2,57,57)
w(6,8,2,58,58)
w(92,1,2,59,59)
r(181,0,2,60,60)
w(290,1,2,61,61)
w(4,12,2,62,62)
w(73,1,2,63,63)
w(2,14,2,64,64)
w(181,1,2,65,65)
w(0,32,2,66,66)
w(79,2,2,67,67)
w(387,1,2,68,68)
w(6,9,2,69,69)
r(810,0,2,70,70)
w(245,1,2,71,71)
w(206,1,2,72,72)
w(0,33,2,73,73)
w(4,13,2,74,74)
w(754,1,2,75,75)
w(0,34,2,76,76)
r(6,9,2,77,77)
w(810,1,2,78,78)
w(2,15,2,79,79)
w(2,16,2,80,80)
w(0,35,2,81,81)
w(3,7,2,82,82)
w(547,1,2,83,83)
w(28,2,2,84,84)
w(51,2,2,85,85)
w(2,17,2,86,86)
w(0,36,2,87,87)
w(13,2,2,88,88)
w(0,37,2,89,89)
w(3,8,2,90,90)
r(853,0,2,91,91)
w(648,1,2,92,92)
w(51,3,2,93,93)
w(91,2,2,94,94)
w(36,2,2,95,95)
r(214,0,2,96,96)
r(41,2,2,97,97)
w(95,1,2,98,98)
w(109,2,2,99,99)
w(3,9,3,0,0)
w(415,1,3,1,1)
w(148,1,3,2,2)
w(40,1,3,3,3)
w(1,18,3,4,4)
w(0,38,3,5,5)
w(8,3,3,6,6)
w(592,1,3,7,7)
w(6,10,3,8,8)
w(482,1,3,9,9)
w(7,4,3,10,10)
w(0,39,3,11,11)
w(979,1,3,12,12)
w(1,19,3,13,13)
w(282,1,3,14,14)
w(2,18,3,15,15)
w(9,4,3,16,16)
r(2,18,3,17,17)
w(0,40,3,18,18)
w(253,1,3,19,19)
r(28,2,3,20,20)
w(9,5,3,21,21)
w(91,3,3,22,22)
w(0,41,3,23,23)
w(48,2,3,24,24)
w(5,4,3,25,25)
r(885,0,3,26,26)
w(349,1,3,27,27)
r(5,4,3,28,28)
w(25,2,3,29,29)
w(146,1,3,30,30)
w(1,20,3,31,31)
w(261,1,3,32,32)
w(5,5,3,33,33)
w(36,3,3,34,34)
w(1,21,3,35,35)
w(3,10,3,36,36)
w(0,42,3,37,37)
w(1,22,3,38,38)
w(1,23,3,39,39)
r(15,2,3,40,40)
w(8,4,3,41,41)
w(478,1,3,42,42)
w(90,1,3,43,43)
w(52,2,3,44,44)
w(283,1,3,45,45)
w(53,1,3,46,46)
w(965,1,3,47,47)
w(4,14,3,48,48)
w(27,1,3,49,49)
w(16,3,3,50,50)
r(88,0,3,51,51)
r(1,23,3,52,52)
r(237,0,3,53,53)
w(1,24,3,54,54)
w(10,2,3,55,55)
w(92,2,3,56,56)
w(166,1,3,57,57)
w(0,43,3,58,58)
w(202,1,3,59,59)
w(1,25,3,60,60)
w(6,11,3,61,61)
w(320,1,3,62,62)
r(140,0,3,63,63)
w(2,19,3,64,64)
w(22,3,3,65,65)
w(19,2,3,66,66)
w(204,1,3,67,67)
w(255,1,3,68,68)
w(377,1,3,69,69)
w(837,1,3,70,70)
w(2,20,3,71,71)
w(5,6,3,72,72)
w(0,44,3,73,73)
w(2,21,3,74,74)
w(0,45,3,75,75)
w(335,1,3,76,76)
w(31,2,3,77,77)
w(42,2,3,78,78)
w(0,46,3,79,79)
w(170,1,3,80,80)
r(39,2,3,81,81)
w(622,1,3,82,82)
w(47,2,3,83,83)
w(105,1,3,84,84)
w(22,4,3,85,85)
r(517,0,3,86,86)
w(5,7,3,87,87)
w(0,47,3,88,88)
r(75,1,3,89,89)
w(223,1,3,90,90)
w(5,8,3,91,91)
w(29,1,3,92,92)
w(297,1,3,93,93)
w(0,48,3,94,94)
w(13,3,3,95,95)
w(89,1,3,96,96)
w(646,1,3,97,97)
w(58,1,3,98,98)
w(11,3,3,99,99)
r(217,0,4,0,0)
w(0,49,4,1,1)
w(5,9,4,2,2)
w(28,3,4,3,3)
w(0,50,4,4,4)
w(460,1,4,5,5)
w(359,2,4,6,6)
w(36,4,4,7,7)
w(10,3,4,8,8)
w(252,1,4,9,9)
w(4,15,4,10,10)
w(3,11,4,11,11)
w(1,26,4,12,12)
w(22,5,4,13,13)
w(173,2,4,14,14)
w(75,2,4,15,15)
w(1,27,4,16,16)
w(824,1,4,17,17)
w(0,51,4,18,18)
w(8,5,4,19,19)
w(19,3,4,20,20)
w(0,52,4,21,21)
w(439,1,4,22,22)
w(21,1,4,23,23)
w(0,53,4,24,24)
w(1,28,4,25,25)
w(0,54,4,26,26)
w(9,6,4,27,27)
r(694,0,4,28,28)
w(0,55,4,29,29)
w(13,4,4,30,30)
r(43,1,4,31,31)
w(62,1,4,32,32)
r(0,55,4,33,33)
r(184,0,4,34,34)
w(53,2,4,35,35)
w(34,4,4,36,36)
r(0,55,4,37,37)
w(18,4,4,38,38)
w(4,16,4,39,39)
w(82,3,4,40,40)
w(487,1,4,41,41)
w(2,22,4,42,42)
r(2,22,4,43,43)
w(4,17,4,44,44)
w(0,56,4,45,45)
w(143,1,4,46,46)
w(29,2,4,47,47)
w(13,5,4,48,48)
w(23,2,4,49,49)
w(28,4,4,50,50)
w(333,1,4,51,51)
w(0,57,4,52,52)
w(768,1,4,53,53)
w(6,12,4,54,54)
w(54,2,4,55,55)
w(8,6,4,56,56)
w(731,1,4,57,57)
w(8,7,4,58,58)
w(11,4,4,59,59)
w(0,58,4,60,60)
w(1,29,4,61,61)
w(143,2,4,62,62)
w(466,1,4,63,63)
w(131,1,4,64,64)
w(205,1,4,65,65)
w(0,59,4,66,66)
w(96,1,4,67,67)
w(55,1,4,68,68)
w(0,60,4,69,69)
w(0,61,4,70,70)
w(0,62,4,71,71)
w(31,3,4,72,72)
r(23,2,4,73,73)
w(136,2,4,74,74)
r(6,12,4,75,75)
w(5,10,4,76,76)
r(305,0,4,77,77)
w(460,2,4,78,78)
w(4,18,4,79,79)
w(0,63,4,80,80)
w(1,30,4,81,81)
w(402,1,4,82,82)
w(65,2,4,83,83)
w(512,1,4,84,84)
w(662,1,4,85,85)
w(33,3,4,86,86)
r(10,3,4,87,87)
w(324,1,4,88,88)
w(7,5,4,89,89)
w(392,1,4,90,90)
r(14,0,4,91,91)
w(81,2,4,92,92)
w(0,64,4,93,93)
w(85,2,4,94,94)
w(0,65,4,95,95)
w(55,2,4,96,96)
w(2,23,4,97,97)
w(273,1,4,98,98)
w(212,1,4,99,99)
w(89,2,5,0,0)
w(501,1,5,1,1)
w(1,31,5,2,2)
w(183,2,5,3,3)
w(0,66,5,4,4)
w(84,1,5,5,5)
w(64,1,5,6,6)
w(42,3,5,7,7)
w(150,1,5,8,8)
w(222,1,5,9,9)
w(154,1,5,10,10)
w(786,1,5,11,11)
w(1,32,5,12,12)
r(5,10,5,13,13)
w(0,67,5,14,14)
w(16,4,5,15,15)
w(0,68,5,16,16)
w(10,4,5,17,17)
w(0,69,5,18,18)
w(0,70,5,19,19)
w(11,5,5,20,20)
w(203,1,5,21,21)
w(5,11,5,22,22)
w(4,19,5,23,23)
w(513,1,5,24,24)
w(879,1,5,25,25)
w(183,3,5,26,26)
w(1,33,5,27,27)
w(271,1,5,28,28)
w(151,1,5,29,29)
w(1,34,5,30,30)
w(615,1,5,31,31)
w(8,8,5,32,32)
w(4,20,5,33,33)
w(1,35,5,34,34)
w(81,3,5,35,35)
r(15,2,5,36,36)
w(2,24,5,37,37)
w(78,2,5,38,38)
w(725,1,5,39,39)
w(206,2,5,40,40)
r(3,11,5,41,41)
w(6,13,5,42,42)
w(5,12,5,43,43)
w(136,3,5,44,44)
w(531,1,5,45,45)
w(31,4,5,46,46)
w(401,1,5,47,47)
w(196,1,5,48,48)
w(0,71,5,49,49)
w(23,3,5,50,50)
r(0,71,5,51,51)
w(7,6,5,52,52)
w(0,72,5,53,53)
w(7,7,5,54,54)
w(2,25,5,55,55)
w(4,21,5,56,56)
w(32,4,5,57,57)
w(258,1,5,58,58)
w(14,1,5,59,59)
w(383,1,5,60,60)
w(24,1,5,61,61)
w(1,36,5,62,62)
w(54,3,5,63,63)
w(97,2,5,64,64)
w(808,1,5,65,65)
w(24,2,5,66,66)
w(0,73,5,67,67)
w(798,1,5,68,68)
r(0,73,5,69,69)
w(3,12,5,70,70)
w(0,74,5,71,71)
w(1,37,5,72,72)
w(79,3,5,73,73)
r(3,12,5,74,74)
w(69,1,5,75,75)
w(16,5,5,76,76)
w(27,2,5,77,77)
w(1,38,5,78,78)
w(19,4,5,79,79)
w(2,26,5,80,80)
w(4,22,5,81,81)
w(480,1,5,82,82)
w(103,1,5,83,83)
w(20,5,5,84,84)
w(5,13,5,85,85)
w(701,1,5,86,86)
w(5,14,5,87,87)
r(193,0,5,88,88)
w(3,13,5,89,89)
w(7,8,5,90,90)
w(633,1,5,91,91)
w(106,1,5,92,92)
w(289,1,5,93,93)
w(63,1,5,94,94)
w(4,23,5,95,95)
w(181,2,5,96,96)
r(87,1,5,97,97)
w(203,2,5,98,98)
w(87,2,5,99,99)
w(45,2,6,0,0)
w(59,1,6,1,1)
w(61,1,6,2,2)
w(73,2,6,3,3)
w(2,27,6,4,4)
w(34,5,6,5,5)
w(0,75,6,6,6)
w(47,3,6,7,7)
w(19,5,6,8,8)
w(988,1,6,9,9)
w(0,76,6,10,10)
r(28,4,6,11,11)
w(12,4,6,12,12)
w(1,39,6,13,13)
w(0,77,6,14,14)
w(94,1,6,15,15)
w(225,2,6,16,16)
w(0,78,6,17,17)
w(44,2,6,18,18)
w(15,3,6,19,19)
w(19,6,6,20,20)
w(0,79,6,21,21)
w(15,4,6,22,22)
w(52,3,6,23,23)
w(35,4,6,24,24)
w(658,1,6,25,25)
w(6,14,6,26,26)
w(2,28,6,27,27)
w(70,1,6,28,28)
w(186,1,6,29,29)
w(36,5,6,30,30)
w(489,1,6,31,31)
r(33,3,6,32,32)
w(586,1,6,33,33)
w(269,1,6,34,34)
w(0,80,6,35,35)
w(41,3,6,36,36)
w(0,81,6,37,37)
w(27,3,6,38,38)
w(43,2,6,39,39)
w(82,4,6,40,40)
w(0,82,6,41,41)
w(367,1,6,42,42)
w(0,83,6,43,43)
w(1,40,6,44,44)
w(2,29,6,45,45)
w(0,84,6,46,46)
w(15,5,6,47,47)
w(356,1,6,48,48)
w(5,15,6,49,49)
w(108,2,6,50,50)
w(1,41,6,51,51)
w(207,1,6,52,52)
w(660,1,6,53,53)
w(103,2,6,54,54)
w(2,30,6,55,55)
w(0,85,6,56,56)
w(1,42,6,57,57)
w(979,2,6,58,58)
w(0,86,6,59,59)
w(112,1,6,60,60)
w(161,1,6,61,61)
r(20,5,6,62,62)
w(2,31,6,63,63)
w(11,6,6,64,64)
w(5,16,6,65,65)
w(12,5,6,66,66)
w(9,7,6,67,67)
w(15,6,6,68,68)
w(34,6,6,69,69)
w(368,1,6,70,70)
r(169,0,6,71,71)
w(9,8,6,72,72)
r(498,0,6,73,73)
r(46,1,6,74,74)
w(14,2,6,75,75)
w(475,1,6,76,76)
w(1,43,6,77,77)
w(95,2,6,78,78)
w(692,1,6,79,79)
w(193,1,6,80,80)
w(418,2,6,81,81)
w(1,44,6,82,82)
r(3,13,6,83,83)
w(6,15,6,84,84)
w(222,2,6,85,85)
r(2,31,6,86,86)
w(37,1,6,87,87)
w(0,87,6,88,88)
w(0,88,6,89,89)
r(1,44,6,90,90)
w(494,1,6,91,91)
w(57,2,6,92,92)
w(0,89,6,93,93)
w(8,9,6,94,94)
w(606,1,6,95,95)
w(21,2,6,96,96)
w(1,45,6,97,97)
w(31,5,6,98,98)
w(2,32,6,99,99)
w(21,3,7,0,0)
w(2,33,7,1,1)
w(52,4,7,2,2)
w(14,3,7,3,3)
w(13,6,7,4,4)
w(46,2,7,5,5)
w(3,14,7,6,6)
w(5,17,7,7,7)
w(68,1,7,8,8)
w(255,2,7,9,9)
w(160,2,7,10,10)
w(7,9,7,11,11)
w(844,1,7,12,12)
w(27,4,7,13,13)
w(368,2,7,14,14)
w(232,1,7,15,15)
w(4,24,7,16,16)
w(2,34,7,17,17)
w(29,3,7,18,18)
w(1,46,7,19,19)
w(320,2,7,20,20)
w(2,35,7,21,21)
w(0,90,7,22,22)
w(62,2,7,23,23)
w(99,1,7,24,24)
w(298,1,7,25,25)
w(17,1,7,26,26)
w(811,1,7,27,27)
w(0,91,7,28,28)
w(24,3,7,29,29)
w(9,9,7,30,30)
w(3,15,7,31,31)
w(2,36,7,32,32)
r(61,1,7,33,33)
w(35,5,7,34,34)
w(0,92,7,35,35)
w(1,47,7,36,36)
r(0,92,7,37,37)
w(0,93,7,38,38)
w(1,48,7,39,39)
w(0,94,7,40,40)
w(3,16,7,41,41)
w(2,37,7,42,42)
w(106,2,7,43,43)
w(73,3,7,44,44)
w(7,10,7,45,45)
w(40,2,7,46,46)
w(11,7,7,47,47)
w(26,3,7,48,48)
w(45,3,7,49,49)
w(0,95,7,50,50)
w(897,1,7,51,51)
w(0,96,7,52,52)
w(301,1,7,53,53)
w(9,10,7,54,54)
w(2,38,7,55,55)
w(165,1,7,56,56)
w(1,49,7,57,57)
w(25,3,7,58,58)
w(51,4,7,59,59)
w(2,39,7,60,60)
w(1,50,7,61,61)
w(63,2,7,62,62)
w(4,25,7,63,63)
w(208,1,7,64,64)
w(291,1,7,65,65)
w(0,97,7,66,66)
w(4,26,7,67,67)
w(969,2,7,68,68)
w(12,6,7,69,69)
w(189,1,7,70,70)
w(0,98,7,71,71)
w(5,18,7,72,72)
w(3,17,7,73,73)
w(0,99,7,74,74)
w(39,3,7,75,75)
w(10,5,7,76,76)
w(174,1,7,77,77)
w(279,1,7,78,78)
w(31,6,7,79,79)
r(63,2,7,80,80)
w(0,100,7,81,81)
r(17,1,7,82,82)
w(12,7,7,83,83)
w(1,51,7,84,84)
w(83,1,7,85,85)
w(16,6,7,86,86)
r(77,0,7,87,87)
w(108,3,7,88,88)
w(5,19,7,89,89)
w(1,52,7,90,90)
w(0,101,7,91,91)
w(312,2,7,92,92)
w(0,102,7,93,93)
w(492,1,7,94,94)
w(894,1,7,95,95)
r(290,1,7,96,96)
w(8,10,7,97,97)
w(606,2,7,98,98)
w(995,1,7,99,99)
w(108,4,8,0,0)
w(48,3,8,1,1)
r(612,0,8,2,2)
w(3,18,8,3,3)
w(0,103,8,4,4)
w(352,2,8,5,5)
w(35,6,8,6,6)
w(537,1,8,7,7)
w(718,1,8,8,8)
w(0,104,8,9,9)
w(8,11,8,10,10)
w(11,8,8,11,11)
r(437,1,8,12,12)
w(1,53,8,13,13)
r(382,1,8,14,14)
w(3,19,8,15,15)
w(2,40,8,16,16)
w(0,105,8,17,17)
w(109,3,8,18,18)
w(0,106,8,19,19)
w(1,54,8,20,20)
w(634,1,8,21,21)
w(3,20,8,22,22)
w(50,3,8,23,23)
r(154,1,8,24,24)
w(601,1,8,25,25)
w(112,2,8,26,26)
w(2,41,8,27,27)
w(37,2,8,28,28)
w(58,2,8,29,29)
w(344,1,8,30,30)
w(1,55,8,31,31)
w(243,1,8,32,32)
r(493,0,8,33,33)
r(12,7,8,34,34)
w(3,21,8,35,35)
w(1,56,8,36,36)
w(297,2,8,37,37)
w(41,4,8,38,38)
w(59,2,8,39,39)
w(2,42,8,40,40)
w(5,20,8,41,41)
w(1,57,8,42,42)
w(1,58,8,43,43)
w(460,3,8,44,44)
w(0,107,8,45,45)
w(28,5,8,46,46)
w(37,3,8,47,47)
w(81,4,8,48,48)
w(4,27,8,49,49)
w(2,43,8,50,50)
w(0,108,8,51,51)
w(402,2,8,52,52)
w(3,22,8,53,53)
w(11,9,8,54,54)
w(553,1,8,55,55)
w(12,8,8,56,56)
w(0,109,8,57,57)
w(7,11,8,58,58)
w(0,110,8,59,59)
w(132,1,8,60,60)
w(200,1,8,61,61)
w(0,111,8,62,62)
w(16,7,8,63,63)
w(0,112,8,64,64)
w(76,1,8,65,65)
w(592,2,8,66,66)
w(1,59,8,67,67)
w(7,12,8,68,68)
w(57,3,8,69,69)
w(22,6,8,70,70)
w(41,5,8,71,71)
w(3,23,8,72,72)
w(221,1,8,73,73)
w(28,6,8,74,74)
w(69,2,8,75,75)
w(236,1,8,76,76)
w(9,11,8,77,77)
w(1,60,8,78,78)
w(16,8,8,79,79)
w(421,1,8,80,80)
w(11,10,8,81,81)
r(16,8,8,82,82)
r(30,0,8,83,83)
w(8,12,8,84,84)
w(22,7,8,85,85)
w(64,2,8,86,86)
r(7,12,8,87,87)
w(2,44,8,88,88)
r(14,3,8,89,89)
w(0,113,8,90,90)
w(10,6,8,91,91)
w(174,2,8,92,92)
w(178,1,8,93,93)
r(5,20,8,94,94)
w(7,13,8,95,95)
w(282,2,8,96,96)
w(0,114,8,97,97)
w(510,1,8,98,98)
w(0,115,8,99,99)
w(17,2,9,0,0)
w(27,5,9,1,1)
r(5,20,9,2,2)
w(26,4,9,3,3)
w(16,9,9,4,4)
w(29,4,9,5,5)
w(133,1,9,6,6)
w(106,3,9,7,7)
w(849,1,9,8,8)
w(14,4,9,9,9)
w(17,3,9,10,10)
w(76,2,9,11,11)
w(287,1,9,12,12)
w(19,7,9,13,13)
w(100,2,9,14,14)
w(2,45,9,15,15)
r(174,2,9,16,16)
w(3,24,9,17,17)
w(60,1,9,18,18)
w(41,6,9,19,19)
w(65,3,9,20,20)
w(14,5,9,21,21)
w(244,1,9,22,22)
r(4,27,9,23,23)
w(0,116,9,24,24)
w(190,1,9,25,25)
w(60,2,9,26,26)
w(15,7,9,27,27)
w(34,7,9,28,28)
w(374,1,9,29,29)
w(153,1,9,30,30)
w(0,117,9,31,31)
w(19,8,9,32,32)
w(1,61,9,33,33)
r(12,8,9,34,34)
r(3,24,9,35,35)
w(16,10,9,36,36)
w(78,3,9,37,37)
w(6,16,9,38,38)
w(892,1,9,39,39)
w(344,2,9,40,40)
w(38,2,9,41,41)
w(621,1,9,42,42)
w(1,62,9,43,43)
w(10,7,9,44,44)
w(7,14,9,45,45)
w(14,6,9,46,46)
w(8,13,9,47,47)
w(3,25,9,48,48)
w(47,4,9,49,49)
w(0,118,9,50,50)
w(58,3,9,51,51)
w(43,3,9,52,52)
w(3,26,9,53,53)
w(0,119,9,54,54)
w(0,120,9,55,55)
w(3,27,9,56,56)
w(1,63,9,57,57)
w(332,1,9,58,58)
w(36,6,9,59,59)
w(55,3,9,60,60)
w(74,1,9,61,61)
w(9,12,9,62,62)
w(719,1,9,63,63)
w(7,15,9,64,64)
w(126,1,9,65,65)
w(209,1,9,66,66)
w(923,1,9,67,67)
w(0,121,9,68,68)
r(34,7,9,69,69)
w(20,6,9,70,70)
w(32,5,9,71,71)
w(1,64,9,72,72)
w(8,14,9,73,73)
w(41,7,9,74,74)
w(51,5,9,75,75)
r(10,7,9,76,76)
w(7,16,9,77,77)
w(0,122,9,78,78)
w(68,2,9,79,79)
w(12,9,9,80,80)
w(6,17,9,81,81)
w(0,123,9,82,82)
w(806,1,9,83,83)
w(3,28,9,84,84)
w(0,124,9,85,85)
w(0,125,9,86,86)
w(3,29,9,87,87)
w(61,2,9,88,88)
w(2,46,9,89,89)
w(192,1,9,90,90)
w(24,4,9,91,91)
w(0,126,9,92,92)
w(252,2,9,93,93)
w(0,127,9,94,94)
w(0,128,9,95,95)
w(152,1,9,96,96)
w(0,129,9,97,97)
w(0,130,9,98,98)
r(0,130,9,99,99)
w(0,131,10,0,0)
w(0,132,10,1,1)
w(7,17,10,2,2)
w(33,4,10,3,3)
w(269,2,10,4,4)
w(161,2,10,5,5)
w(0,133,10,6,6)
w(369,1,10,7,7)
r(350,0,10,8,8)
w(161,3,10,9,9)
w(5,21,10,10,10)
w(14,7,10,11,11)
w(5,22,10,12,12)
w(14,8,10,13,13)
w(1,65,10,14,14)
w(141,1,10,15,15)
w(48,4,10,16,16)
w(462,1,10,17,17)
r(518,0,10,18,18)
w(920,1,10,19,19)
r(1,65,10,20,20)
w(1,66,10,21,21)
w(377,2,10,22,22)
w(0,134,10,23,23)
r(39,3,10,24,24)
w(17,4,10,25,25)
w(68,3,10,26,26)
w(767,1,10,27,27)
r(119,0,10,28,28)
w(219,1,10,29,29)
w(0,135,10,30,30)
w(21,4,10,31,31)
w(118,1,10,32,32)
w(371,1,10,33,33)
w(217,1,10,34,34)
w(2,47,10,35,35)
w(3,30,10,36,36)
w(796,1,10,37,37)
r(8,14,10,38,38)
w(946,1,10,39,39)
w(202,2,10,40,40)
w(11,11,10,41,41)
w(3,31,10,42,42)
w(50,4,10,43,43)
w(572,1,10,44,44)
w(0,136,10,45,45)
w(73,4,10,46,46)
w(0,137,10,47,47)
w(0,138,10,48,48)
w(6,18,10,49,49)
w(991,1,10,50,50)
w(307,1,10,51,51)
w(156,1,10,52,52)
w(11,12,10,53,53)
w(0,139,10,54,54)
w(0,140,10,55,55)
r(2,47,10,56,56)
w(77,1,10,57,57)
w(61,3,10,58,58)
w(4,28,10,59,59)
w(644,2,10,60,60)
w(89,3,10,61,61)
w(3,32,10,62,62)
w(20,7,10,63,63)
w(112,3,10,64,64)
w(723,1,10,65,65)
w(757,1,10,66,66)
w(5,23,10,67,67)
w(0,141,10,68,68)
w(3,33,10,69,69)
w(66,1,10,70,70)
w(133,2,10,71,71)
w(32,6,10,72,72)
w(26,5,10,73,73)
w(7,18,10,74,74)
w(12,10,10,75,75)
w(891,3,10,76,76)
r(152,1,10,77,77)
w(0,142,10,78,78)
w(16,11,10,79,79)
w(21,5,10,80,80)
w(420,1,10,81,81)
w(517,1,10,82,82)
r(4,28,10,83,83)
w(103,3,10,84,84)
w(1,67,10,85,85)
w(5,24,10,86,86)
w(52,5,10,87,87)
w(16,12,10,88,88)
w(0,143,10,89,89)
w(23,4,10,90,90)
w(19,9,10,91,91)
w(0,144,10,92,92)
w(137,1,10,93,93)
r(31,6,10,94,94)
w(0,145,10,95,95)
w(19,10,10,96,96)
w(4,29,10,97,97)
w(1,68,10,98,98)
w(179,1,10,99,99)
w(194,1,11,0,0)
w(49,3,11,1,1)
w(81,5,11,2,2)
w(21,6,11,3,3)
w(42,4,11,4,4)
w(398,1,11,5,5)
w(12,11,11,6,6)
w(0,146,11,7,7)
w(2,48,11,8,8)
w(93,1,11,9,9)
w(0,147,11,10,10)
w(0,148,11,11,11)
w(533,1,11,12,12)
w(0,149,11,13,13)
w(905,1,11,14,14)
w(36,7,11,15,15)
w(17,5,11,16,16)
w(9,13,11,17,17)
w(2,49,11,18,18)
r(0,149,11,19,19)
w(22,8,11,20,20)
w(236,2,11,21,21)
w(2,50,11,22,22)
w(18,5,11,23,23)
w(0,150,11,24,24)
w(3,34,11,25,25)
w(563,1,11,26,26)
w(15,8,11,27,27)
w(0,151,11,28,28)
w(22,9,11,29,29)
w(605,1,11,30,30)
w(150,2,11,31,31)
r(638,0,11,32,32)
r(3,34,11,33,33)
w(30,1,11,34,34)
w(287,2,11,35,35)
w(1,69,11,36,36)
w(5,25,11,37,37)
w(1,70,11,38,38)
w(568,1,11,39,39)
w(128,2,11,40,40)
w(32,7,11,41,41)
w(0,152,11,42,42)
w(17,6,11,43,43)
w(2,51,11,44,44)
w(101,1,11,45,45)
w(79,4,11,46,46)
w(18,6,11,47,47)
w(14,9,11,48,48)
w(1,71,11,49,49)
w(284,1,11,50,50)
w(496,1,11,51,51)
w(15,9,11,52,52)
w(34,8,11,53,53)
w(20,8,11,54,54)
r(0,152,11,55,55)
w(157,1,11,56,56)
w(15,10,11,57,57)
w(0,153,11,58,58)
w(169,1,11,59,59)
w(0,154,11,60,60)
w(4,30,11,61,61)
w(61,4,11,62,62)
w(367,2,11,63,63)
w(67,1,11,64,64)
w(39,4,11,65,65)
w(76,3,11,66,66)
w(192,2,11,67,67)
w(2,52,11,68,68)
w(483,1,11,69,69)
w(166,2,11,70,70)
w(0,155,11,71,71)
w(141,2,11,72,72)
w(61,5,11,73,73)
w(33,5,11,74,74)
w(11,13,11,75,75)
w(604,1,11,76,76)
w(6,19,11,77,77)
w(366,1,11,78,78)
w(72,3,11,79,79)
w(178,2,11,80,80)
w(260,1,11,81,81)
w(8,15,11,82,82)
r(2,52,11,83,83)
w(351,1,11,84,84)
w(18,7,11,85,85)
w(12,12,11,86,86)
w(29,5,11,87,87)
w(6,20,11,88,88)
w(1,72,11,89,89)
w(57,4,11,90,90)
r(229,0,11,91,91)
w(68,4,11,92,92)
w(14,10,11,93,93)
w(45,4,11,94,94)
r(0,155,11,95,95)
w(16,13,11,96,96)
w(31,7,11,97,97)
w(1,73,11,98,98)
w(417,1,11,99,99)
w(101,2,12,0,0)
r(2,52,12,1,1)
w(45,5,12,2,2)
w(2,53,12,3,3)
w(475,2,12,4,4)
w(235,2,12,5,5)
w(2,54,12,6,6)
w(316,1,12,7,7)
w(9,14,12,8,8)
w(836,2,12,9,9)
w(53,3,12,10,10)
w(3,35,12,11,11)
w(43,4,12,12,12)
w(0,156,12,13,13)
w(2,55,12,14,14)
w(64,3,12,15,15)
w(402,3,12,16,16)
w(184,1,12,17,17)
w(8,16,12,18,18)
w(1,74,12,19,19)
w(81,6,12,20,20)
w(10,8,12,21,21)
w(20,9,12,22,22)
w(5,26,12,23,23)
w(772,1,12,24,24)
w(17,7,12,25,25)
w(0,157,12,26,26)
r(0,157,12,27,27)
w(10,9,12,28,28)
w(0,158,12,29,29)
w(44,3,12,30,30)
w(0,159,12,31,31)
w(217,2,12,32,32)
w(6,21,12,33,33)
w(22,10,12,34,34)
w(4,31,12,35,35)
w(15,11,12,36,36)
w(5,27,12,37,37)
w(937,1,12,38,38)
w(334,1,12,39,39)
r(43,4,12,40,40)
w(43,5,12,41,41)
w(101,3,12,42,42)
w(105,2,12,43,43)
w(0,160,12,44,44)
w(0,161,12,45,45)
w(190,2,12,46,46)
w(19,11,12,47,47)
w(800,1,12,48,48)
w(4,32,12,49,49)
w(386,1,12,50,50)
w(10,10,12,51,51)
w(31,8,12,52,52)
w(1,75,12,53,53)
w(136,4,12,54,54)
w(627,1,12,55,55)
w(16,14,12,56,56)
w(3,36,12,57,57)
w(24,5,12,58,58)
w(409,1,12,59,59)
w(3,37,12,60,60)
w(655,1,12,61,61)
w(17,8,12,62,62)
w(239,1,12,63,63)
w(0,162,12,64,64)
w(0,163,12,65,65)
r(1,75,12,66,66)
w(5,28,12,67,67)
r(357,0,12,68,68)
w(1,76,12,69,69)
w(169,2,12,70,70)
w(33,6,12,71,71)
w(32,8,12,72,72)
r(739,1,12,73,73)
w(7,19,12,74,74)
w(0,164,12,75,75)
w(0,165,12,76,76)
w(9,15,12,77,77)
w(0,166,12,78,78)
w(6,22,12,79,79)
w(95,3,12,80,80)
w(89,4,12,81,81)
w(0,167,12,82,82)
w(987,1,12,83,83)
w(11,14,12,84,84)
w(464,1,12,85,85)
w(14,11,12,86,86)
w(1,77,12,87,87)
w(7,20,12,88,88)
w(18,8,12,89,89)
w(3,38,12,90,90)
w(9,16,12,91,91)
w(5,29,12,92,92)
w(1,78,12,93,93)
r(1,78,12,94,94)
w(30,2,12,95,95)
w(18,9,12,96,96)
w(0,168,12,97,97)
w(2,56,12,98,98)
w(188,1,12,99,99)
w(2,57,13,0,0)
r(551,0,13,1,1)
w(1,79,13,2,2)
w(9,17,13,3,3)
w(41,8,13,4,4)
w(9,18,13,5,5)
w(146,2,13,6,6)
w(12,13,13,7,7)
w(38,3,13,8,8)
w(0,169,13,9,9)
w(84,2,13,10,10)
r(373,0,13,11,11)
w(26,6,13,12,12)
w(86,2,13,13,13)
r(165,1,13,14,14)
w(0,170,13,15,15)
w(943,1,13,16,16)
w(12,14,13,17,17)
w(0,171,13,18,18)
w(142,1,13,19,19)
w(14,12,13,20,20)
w(66,2,13,21,21)
w(24,6,13,22,22)
w(0,172,13,23,23)
w(789,1,13,24,24)
w(2,58,13,25,25)
w(326,1,13,26,26)
w(0,173,13,27,27)
w(95,4,13,28,28)
w(0,174,13,29,29)
w(3,39,13,30,30)
w(14,13,13,31,31)
w(210,1,13,32,32)
w(190,3,13,33,33)
w(35,7,13,34,34)
r(17,8,13,35,35)
w(728,1,13,36,36)
w(9,19,13,37,37)
w(199,1,13,38,38)
w(3,40,13,39,39)
w(276,1,13,40,40)
w(0,175,13,41,41)
w(22,11,13,42,42)
w(19,12,13,43,43)
w(1,80,13,44,44)
w(0,176,13,45,45)
w(389,1,13,46,46)
w(0,177,13,47,47)
w(15,12,13,48,48)
w(0,178,13,49,49)
w(19,13,13,50,50)
w(5,30,13,51,51)
w(38,4,13,52,52)
w(0,179,13,53,53)
w(39,5,13,54,54)
w(7,21,13,55,55)
w(24,7,13,56,56)
w(810,2,13,57,57)
r(8,16,13,58,58)
w(196,2,13,59,59)
w(60,3,13,60,60)
w(17,9,13,61,61)
w(1,81,13,62,62)
w(0,180,13,63,63)
w(36,8,13,64,64)
w(1,82,13,65,65)
w(102,3,13,66,66)
w(0,181,13,67,67)
w(23,5,13,68,68)
w(224,1,13,69,69)
w(4,33,13,70,70)
w(3,41,13,71,71)
w(0,182,13,72,72)
w(17,10,13,73,73)
w(3,42,13,74,74)
w(263,1,13,75,75)
w(6,23,13,76,76)
w(36,9,13,77,77)
w(1,83,13,78,78)
w(38,5,13,79,79)
r(15,12,13,80,80)
w(2,59,13,81,81)
w(12,15,13,82,82)
w(339,1,13,83,83)
w(241,1,13,84,84)
w(1,84,13,85,85)
w(61,6,13,86,86)
w(5,31,13,87,87)
w(81,7,13,88,88)
w(48,5,13,89,89)
w(0,183,13,90,90)
w(49,4,13,91,91)
w(73,5,13,92,92)
w(2,60,13,93,93)
w(186,2,13,94,94)
w(878,1,13,95,95)
w(3,43,13,96,96)
w(6,24,13,97,97)
r(649,0,13,98,98)
w(0,184,13,99,99)
w(1,85,14,0,0)
w(4,34,14,1,1)
w(1,86,14,2,2)
w(25,4,14,3,3)
w(34,9,14,4,4)
w(1,87,14,5,5)
w(0,185,14,6,6)
w(318,1,14,7,7)
w(0,186,14,8,8)
w(0,187,14,9,9)
w(32,9,14,10,10)
w(4,35,14,11,11)
w(3,44,14,12,12)
r(0,187,14,13,13)
w(18,10,14,14,14)
r(45,5,14,15,15)
w(82,5,14,16,16)
w(8,17,14,17,17)
w(9,20,14,18,18)
w(0,188,14,19,19)
w(2,61,14,20,20)
w(67,2,14,21,21)
w(2,62,14,22,22)
r(171,1,14,23,23)
w(32,10,14,24,24)
w(14,14,14,25,25)
r(536,0,14,26,26)
r(894,1,14,27,27)
w(0,189,14,28,28)
r(659,0,14,29,29)
r(54,3,14,30,30)
w(3,45,14,31,31)
w(84,3,14,32,32)
w(0,190,14,33,33)
w(2,63,14,34,34)
w(3,46,14,35,35)
w(12,16,14,36,36)
w(319,1,14,37,37)
w(0,191,14,38,38)
w(10,11,14,39,39)
w(26,7,14,40,40)
w(37,4,14,41,41)
w(36,10,14,42,42)
w(1,88,14,43,43)
w(0,192,14,44,44)
w(4,36,14,45,45)
w(158,1,14,46,46)
w(4,37,14,47,47)
r(131,1,14,48,48)
w(206,3,14,49,49)
w(338,1,14,50,50)
w(8,18,14,51,51)
w(2,64,14,52,52)
w(0,193,14,53,53)
w(1,89,14,54,54)
w(8,19,14,55,55)
r(21,6,14,56,56)
w(23,6,14,57,57)
w(1,90,14,58,58)
w(735,1,14,59,59)
w(1,91,14,60,60)
w(56,1,14,61,61)
w(669,1,14,62,62)
w(231,1,14,63,63)
w(430,1,14,64,64)
w(2,65,14,65,65)
w(806,2,14,66,66)
w(5,32,14,67,67)
w(490,1,14,68,68)
w(4,38,14,69,69)
w(69,3,14,70,70)
w(16,15,14,71,71)
r(48,5,14,72,72)
w(60,4,14,73,73)
w(31,9,14,74,74)
w(111,1,14,75,75)
w(604,2,14,76,76)
r(274,0,14,77,77)
w(29,6,14,78,78)
w(109,4,14,79,79)
w(5,33,14,80,80)
w(4,39,14,81,81)
w(12,17,14,82,82)
w(1,92,14,83,83)
r(298,1,14,84,84)
r(82,5,14,85,85)
w(1,93,14,86,86)
w(3,47,14,87,87)
w(54,4,14,88,88)
w(6,25,14,89,89)
w(0,194,14,90,90)
w(0,195,14,91,91)
w(27,6,14,92,92)
w(340,1,14,93,93)
w(0,196,14,94,94)
w(0,197,14,95,95)
w(2,66,14,96,96)
w(82,6,14,97,97)
w(0,198,14,98,98)
w(103,4,14,99,99)
w(13,7,15,0,0)
w(1,94,15,1,1)
w(0,199,15,2,2)
w(3,48,15,3,3)
w(92,3,15,4,4)
w(138,1,15,5,5)
r(0,199,15,6,6)
w(9,21,15,7,7)
r(20,9,15,8,8)
r(5,33,15,9,9)
w(31,10,15,10,10)
w(215,1,15,11,11)
w(975,1,15,12,12)
w(426,1,15,13,13)
w(7,22,15,14,14)
w(846,1,15,15,15)
w(0,200,15,16,16)
w(50,5,15,17,17)
w(5,34,15,18,18)
w(1,95,15,19,19)
w(436,1,15,20,20)
w(900,1,15,21,21)
w(36,11,15,22,22)
w(8,20,15,23,23)
w(0,201,15,24,24)
w(34,10,15,25,25)
w(0,202,15,26,26)
w(88,1,15,27,27)
w(4,40,15,28,28)
w(523,1,15,29,29)
w(403,1,15,30,30)
w(2,67,15,31,31)
w(0,203,15,32,32)
w(525,1,15,33,33)
r(412,0,15,34,34)
w(32,11,15,35,35)
w(0,204,15,36,36)
w(129,3,15,37,37)
w(42,5,15,38,38)
w(3,49,15,39,39)
r(104,0,15,40,40)
w(14,15,15,41,41)
w(101,4,15,42,42)
w(823,2,15,43,43)
w(1,96,15,44,44)
w(6,26,15,45,45)
w(447,1,15,46,46)
w(0,205,15,47,47)
w(8,21,15,48,48)
w(2,68,15,49,49)
w(0,206,15,50,50)
w(315,1,15,51,51)
w(183,4,15,52,52)
w(0,207,15,53,53)
w(16,16,15,54,54)
w(0,208,15,55,55)
w(64,4,15,56,56)
w(55,4,15,57,57)
w(49,5,15,58,58)
w(303,2,15,59,59)
w(3,50,15,60,60)
w(0,209,15,61,61)
w(168,1,15,62,62)
w(43,6,15,63,63)
w(3,51,15,64,64)
r(27,6,15,65,65)
w(532,1,15,66,66)
r(250,0,15,67,67)
w(13,8,15,68,68)
r(5,34,15,69,69)
r(69,3,15,70,70)
w(3,52,15,71,71)
r(253,1,15,72,72)
w(0,210,15,73,73)
w(52,6,15,74,74)
w(302,1,15,75,75)
w(8,22,15,76,76)
w(42,6,15,77,77)
w(0,211,15,78,78)
w(12,18,15,79,79)
w(663,1,15,80,80)
w(1,97,15,81,81)
w(206,4,15,82,82)
w(33,7,15,83,83)
w(5,35,15,84,84)
w(0,212,15,85,85)
w(166,3,15,86,86)
w(19,14,15,87,87)
w(2,69,15,88,88)
w(0,213,15,89,89)
w(2,70,15,90,90)
w(206,5,15,91,91)
w(80,1,15,92,92)
w(139,1,15,93,93)
w(436,2,15,94,94)
w(158,2,15,95,95)
w(4,41,15,96,96)
w(19,15,15,97,97)
w(607,1,15,98,98)
w(6,27,15,99,99)
w(531,2,16,0,0)
w(90,2,16,1,1)
w(0,214,16,2,2)
w(555,1,16,3,3)
w(1,98,16,4,4)
w(235,3,16,5,5)
w(0,215,16,6,6)
w(3,53,16,7,7)
w(420,2,16,8,8)
w(0,216,16,9,9)
w(80,2,16,10,10)
w(1,99,16,11,11)
w(0,217,16,12,12)
w(0,218,16,13,13)
r(123,1,16,14,14)
w(159,1,16,15,15)
w(9,22,16,16,16)
r(6,27,16,17,17)
w(101,5,16,18,18)
w(899,1,16,19,19)
w(233,1,16,20,20)
r(26,7,16,21,21)
w(30,3,16,22,22)
w(0,219,16,23,23)
w(3,54,16,24,24)
w(0,220,16,25,25)
w(3,55,16,26,26)
w(2,71,16,27,27)
w(35,8,16,28,28)
w(5,36,16,29,29)
w(0,221,16,30,30)
w(0,222,16,31,31)
w(0,223,16,32,32)
r(478,1,16,33,33)
w(8,23,16,34,34)
w(7,23,16,35,35)
w(5,37,16,36,36)
w(203,3,16,37,37)
w(176,1,16,38,38)
w(2,72,16,39,39)
w(18,11,16,40,40)
w(276,2,16,41,41)
w(31,11,16,42,42)
w(17,11,16,43,43)
w(3,56,16,44,44)
w(0,224,16,45,45)
w(2,73,16,46,46)
w(819,1,16,47,47)
w(3,57,16,48,48)
w(1,100,16,49,49)
r(0,224,16,50,50)
w(9,23,16,51,51)
w(0,225,16,52,52)
w(62,3,16,53,53)
w(1,101,16,54,54)
w(0,226,16,55,55)
w(9,24,16,56,56)
w(4,42,16,57,57)
w(4,43,16,58,58)
w(778,1,16,59,59)
w(0,227,16,60,60)
w(153,2,16,61,61)
w(87,3,16,62,62)
w(891,4,16,63,63)
w(4,44,16,64,64)
w(3,58,16,65,65)
w(7,24,16,66,66)
w(1,102,16,67,67)
w(15,13,16,68,68)
w(27,7,16,69,69)
w(182,1,16,70,70)
r(686,0,16,71,71)
w(165,2,16,72,72)
r(198,1,16,73,73)
w(618,1,16,74,74)
w(681,1,16,75,75)
w(128,3,16,76,76)
w(415,2,16,77,77)
w(230,1,16,78,78)
w(0,228,16,79,79)
w(0,229,16,80,80)
w(0,230,16,81,81)
r(65,3,16,82,82)
w(151,2,16,83,83)
w(26,8,16,84,84)
w(835,1,16,85,85)
w(1,103,16,86,86)
w(421,2,16,87,87)
w(2,74,16,88,88)
w(53,4,16,89,89)
w(0,231,16,90,90)
r(56,1,16,91,91)
w(0,232,16,92,92)
w(8,24,16,93,93)
w(198,2,16,94,94)
w(305,1,16,95,95)
r(9,24,16,96,96)
w(25,5,16,97,97)
r(159,1,16,98,98)
w(92,4,16,99,99)
w(580,1,17,0,0)
r(705,0,17,1,1)
w(25,6,17,2,2)
w(237,1,17,3,3)
w(359,3,17,4,4)
w(37,5,17,5,5)
w(14,16,17,6,6)
w(238,1,17,7,7)
w(55,5,17,8,8)
w(3,59,17,9,9)
w(375,1,17,10,10)
w(79,5,17,11,11)
w(870,1,17,12,12)
w(170,2,17,13,13)
w(105,3,17,14,14)
w(2,75,17,15,15)
w(474,3,17,16,16)
w(19,16,17,17,17)
w(29,7,17,18,18)
w(12,19,17,19,19)
w(680,1,17,20,20)
w(0,233,17,21,21)
w(14,17,17,22,22)
w(11,15,17,23,23)
w(15,14,17,24,24)
w(21,7,17,25,25)
w(0,234,17,26,26)
w(3,60,17,27,27)
w(5,38,17,28,28)
w(1,104,17,29,29)
w(14,18,17,30,30)
w(11,16,17,31,31)
w(834,1,17,32,32)
w(63,3,17,33,33)
w(4,45,17,34,34)
w(8,25,17,35,35)
w(243,2,17,36,36)
w(4,46,17,37,37)
w(7,25,17,38,38)
w(4,47,17,39,39)
w(182,2,17,40,40)
w(8,26,17,41,41)
w(4,48,17,42,42)
w(12,20,17,43,43)
w(49,6,17,44,44)
w(0,235,17,45,45)
w(14,19,17,46,46)
w(18,12,17,47,47)
w(0,236,17,48,48)
w(0,237,17,49,49)
r(1,104,17,50,50)
w(646,2,17,51,51)
w(0,238,17,52,52)
w(158,3,17,53,53)
w(1,105,17,54,54)
w(1,106,17,55,55)
w(0,239,17,56,56)
w(1,107,17,57,57)
w(14,20,17,58,58)
w(16,17,17,59,59)
w(600,1,17,60,60)
w(1,108,17,61,61)
w(257,1,17,62,62)
w(51,6,17,63,63)
w(56,2,17,64,64)
w(0,240,17,65,65)
w(19,17,17,66,66)
w(7,26,17,67,67)
w(14,21,17,68,68)
w(0,241,17,69,69)
w(834,2,17,70,70)
w(4,49,17,71,71)
w(10,12,17,72,72)
w(3,61,17,73,73)
w(92,5,17,74,74)
w(10,13,17,75,75)
w(1,109,17,76,76)
w(26,9,17,77,77)
r(56,2,17,78,78)
r(0,241,17,79,79)
w(393,1,17,80,80)
r(76,3,17,81,81)
w(5,39,17,82,82)
w(8,27,17,83,83)
w(506,1,17,84,84)
w(1,110,17,85,85)
w(0,242,17,86,86)
w(693,1,17,87,87)
w(0,243,17,88,88)
w(980,1,17,89,89)
w(0,244,17,90,90)
w(31,12,17,91,91)
w(251,1,17,92,92)
w(548,1,17,93,93)
w(0,245,17,94,94)
w(19,18,17,95,95)
w(1,111,17,96,96)
w(1,112,17,97,97)
w(43,7,17,98,98)
w(164,1,17,99,99)
r(55,5,18,0,0)
w(43,8,18,1,1)
w(1,113,18,2,2)
w(26,10,18,3,3)
w(349,2,18,4,4)
w(99,2,18,5,5)
w(239,2,18,6,6)
w(117,1,18,7,7)
w(0,246,18,8,8)
w(0,247,18,9,9)
w(1,114,18,10,10)
r(196,2,18,11,11)
w(47,5,18,12,12)
w(41,9,18,13,13)
w(2,76,18,14,14)
w(0,248,18,15,15)
w(14,22,18,16,16)
w(232,2,18,17,17)
w(30,4,18,18,18)
r(1,114,18,19,19)
w(2,77,18,20,20)
w(36,12,18,21,21)
w(28,7,18,22,22)
w(4,50,18,23,23)
w(82,7,18,24,24)
w(383,2,18,25,25)
w(11,17,18,26,26)
w(1,115,18,27,27)
w(0,249,18,28,28)
r(18,12,18,29,29)
w(0,250,18,30,30)
w(0,251,18,31,31)
w(11,18,18,32,32)
w(248,1,18,33,33)
w(335,2,18,34,34)
w(18,13,18,35,35)
w(7,27,18,36,36)
w(0,252,18,37,37)
w(31,13,18,38,38)
w(0,253,18,39,39)
w(12,21,18,40,40)
w(35,9,18,41,41)
r(385,0,18,42,42)
w(86,3,18,43,43)
w(835,2,18,44,44)
r(14,22,18,45,45)
w(2,78,18,46,46)
w(0,254,18,47,47)
w(3,62,18,48,48)
w(173,3,18,49,49)
w(6,28,18,50,50)
w(0,255,18,51,51)
w(0,256,18,52,52)
r(716,0,18,53,53)
w(34,11,18,54,54)
w(12,22,18,55,55)
w(1,116,18,56,56)
w(887,1,18,57,57)
w(0,257,18,58,58)
w(16,18,18,59,59)
r(119,0,18,60,60)
w(1,117,18,61,61)
w(10,14,18,62,62)
w(62,4,18,63,63)
r(170,2,18,64,64)
w(2,79,18,65,65)
w(2,80,18,66,66)
w(6,29,18,67,67)
w(409,2,18,68,68)
w(0,258,18,69,69)
w(226,1,18,70,70)
w(12,23,18,71,71)
w(0,259,18,72,72)
r(0,259,18,73,73)
w(275,1,18,74,74)
r(829,0,18,75,75)
w(0,260,18,76,76)
w(132,2,18,77,77)
w(306,1,18,78,78)
r(18,13,18,79,79)
w(22,12,18,80,80)
w(170,3,18,81,81)
w(70,2,18,82,82)
w(114,1,18,83,83)
w(43,9,18,84,84)
w(26,11,18,85,85)
w(0,261,18,86,86)
r(70,2,18,87,87)
w(3,63,18,88,88)
w(0,262,18,89,89)
r(117,1,18,90,90)
w(207,2,18,91,91)
w(487,2,18,92,92)
w(0,263,18,93,93)
w(0,264,18,94,94)
w(0,265,18,95,95)
r(1,117,18,96,96)
w(4,51,18,97,97)
w(1,118,18,98,98)
w(20,10,18,99,99)
r(309,0,19,0,0)
w(368,3,19,1,1)
w(16,19,19,2,2)
r(28,7,19,3,3)
w(58,4,19,4,4)
w(0,266,19,5,5)
r(166,3,19,6,6)
w(0,267,19,7,7)
r(841,0,19,8,8)
w(3,64,19,9,9)
w(74,2,19,10,10)
w(244,2,19,11,11)
w(0,268,19,12,12)
w(17,12,19,13,13)
w(714,1,19,14,14)
w(19,19,19,15,15)
r(217,2,19,16,16)
w(30,5,19,17,17)
w(11,19,19,18,18)
w(0,269,19,19,19)
r(376,0,19,20,20)
w(6,30,19,21,21)
w(2,81,19,22,22)
w(511,1,19,23,23)
w(24,8,19,24,24)
w(169,3,19,25,25)
w(0,270,19,26,26)
w(35,10,19,27,27)
w(38,6,19,28,28)
w(520,1,19,29,29)
w(252,3,19,30,30)
w(278,1,19,31,31)
w(6,31,19,32,32)
w(6,32,19,33,33)
w(261,2,19,34,34)
w(561,1,19,35,35)
w(155,1,19,36,36)
w(559,1,19,37,37)
w(12,24,19,38,38)
w(9,25,19,39,39)
w(2,82,19,40,40)
w(250,1,19,41,41)
w(365,1,19,42,42)
w(0,271,19,43,43)
w(388,1,19,44,44)
w(2,83,19,45,45)
w(1,119,19,46,46)
r(1,119,19,47,47)
r(144,0,19,48,48)
w(678,2,19,49,49)
w(26,12,19,50,50)
r(960,0,19,51,51)
w(10,15,19,52,52)
w(2,84,19,53,53)
w(1,120,19,54,54)
w(38,7,19,55,55)
r(1,120,19,56,56)
w(5,40,19,57,57)
w(955,1,19,58,58)
r(21,7,19,59,59)
w(69,4,19,60,60)
w(500,1,19,61,61)
w(3,65,19,62,62)
w(14,23,19,63,63)
w(12,25,19,64,64)
w(701,2,19,65,65)
w(61,7,19,66,66)
w(20,11,19,67,67)
w(43,10,19,68,68)
r(0,271,19,69,69)
w(4,52,19,70,70)
w(0,272,19,71,71)
w(1,121,19,72,72)
w(11,20,19,73,73)
w(380,1,19,74,74)
w(52,7,19,75,75)
w(7,28,19,76,76)
w(916,1,19,77,77)
w(452,1,19,78,78)
w(9,26,19,79,79)
w(1,122,19,80,80)
w(8,28,19,81,81)
w(78,4,19,82,82)
r(5,40,19,83,83)
w(6,33,19,84,84)
w(4,53,19,85,85)
w(14,24,19,86,86)
r(0,272,19,87,87)
r(4,53,19,88,88)
w(5,41,19,89,89)
w(264,1,19,90,90)
w(36,13,19,91,91)
r(453,0,19,92,92)
w(31,14,19,93,93)
w(26,13,19,94,94)
w(47,6,19,95,95)
w(215,2,19,96,96)
w(107,1,19,97,97)
r(8,28,19,98,98)
w(0,273,19,99,99)
w(10,16,20,0,0)
w(19,20,20,1,1)
w(141,3,20,2,2)
w(811,2,20,3,3)
w(0,274,20,4,4)
w(1,123,20,5,5)
w(718,2,20,6,6)
w(618,2,20,7,7)
w(67,3,20,8,8)
w(1,124,20,9,9)
w(168,2,20,10,10)
w(18,14,20,11,11)
w(317,1,20,12,12)
w(0,275,20,13,13)
w(0,276,20,14,14)
r(584,0,20,15,15)
w(4,54,20,16,16)
r(1,124,20,17,17)
w(100,3,20,18,18)
w(37,6,20,19,19)
w(21,8,20,20,20)
w(6,34,20,21,21)
w(24,9,20,22,22)
w(4,55,20,23,23)
r(41,9,20,24,24)
w(16,20,20,25,25)
w(84,4,20,26,26)
w(0,277,20,27,27)
w(1,125,20,28,28)
w(1,126,20,29,29)
r(111,1,20,30,30)
w(637,1,20,31,31)
w(751,1,20,32,32)
w(201,1,20,33,33)
w(591,1,20,34,34)
w(41,10,20,35,35)
w(0,278,20,36,36)
w(781,1,20,37,37)
w(953,1,20,38,38)
w(97,3,20,39,39)
w(13,9,20,40,40)
w(273,2,20,41,41)
w(257,2,20,42,42)
w(883,1,20,43,43)
w(139,2,20,44,44)
r(50,5,20,45,45)
w(179,2,20,46,46)
w(0,279,20,47,47)
w(0,280,20,48,48)
r(6,34,20,49,49)
w(24,10,20,50,50)
w(131,2,20,51,51)
w(5,42,20,52,52)
w(752,1,20,53,53)
r(133,2,20,54,54)
w(555,2,20,55,55)
w(0,281,20,56,56)
w(86,4,20,57,57)
w(9,27,20,58,58)
w(1,127,20,59,59)
w(41,11,20,60,60)
w(507,1,20,61,61)
w(121,1,20,62,62)
w(239,3,20,63,63)
w(149,1,20,64,64)
w(121,2,20,65,65)
w(32,12,20,66,66)
w(9,28,20,67,67)
w(45,6,20,68,68)
w(574,1,20,69,69)
w(1,128,20,70,70)
w(12,26,20,71,71)
r(3,65,20,72,72)
w(6,35,20,73,73)
w(9,29,20,74,74)
w(2,85,20,75,75)
w(568,2,20,76,76)
w(754,2,20,77,77)
r(77,1,20,78,78)
w(411,1,20,79,79)
w(119,1,20,80,80)
r(19,20,20,81,81)
w(58,5,20,82,82)
w(26,14,20,83,83)
w(22,13,20,84,84)
w(20,12,20,85,85)
w(1,129,20,86,86)
w(4,56,20,87,87)
w(75,3,20,88,88)
w(6,36,20,89,89)
w(61,8,20,90,90)
w(0,282,20,91,91)
w(4,57,20,92,92)
w(8,29,20,93,93)
w(1,130,20,94,94)
w(6,37,20,95,95)
w(0,283,20,96,96)
w(363,1,20,97,97)
w(0,284,20,98,98)
w(1,131,20,99,99)
w(60,5,21,0,0)
w(9,30,21,1,1)
w(47,7,21,2,2)
w(10,17,21,3,3)
w(0,285,21,4,4)
w(9,31,21,5,5)
w(40,3,21,6,6)
w(158,4,21,7,7)
w(0,286,21,8,8)
w(117,2,21,9,9)
w(7,29,21,10,10)
w(804,1,21,11,11)
r(395,0,21,12,12)
w(2,86,21,13,13)
w(0,287,21,14,14)
w(886,1,21,15,15)
w(45,7,21,16,16)
w(117,3,21,17,17)
w(264,2,21,18,18)
w(16,21,21,19,19)
r(31,14,21,20,20)
r(100,3,21,21,21)
r(0,287,21,22,22)
w(0,288,21,23,23)
w(37,7,21,24,24)
r(0,288,21,25,25)
w(17,13,21,26,26)
w(854,1,21,27,27)
w(26,15,21,28,28)
w(2,87,21,29,29)
w(499,1,21,30,30)
r(112,3,21,31,31)
w(99,3,21,32,32)
w(647,1,21,33,33)
w(3,66,21,34,34)
w(416,1,21,35,35)
w(51,7,21,36,36)
w(0,289,21,37,37)
w(7,30,21,38,38)
w(74,3,21,39,39)
w(0,290,21,40,40)
w(8,30,21,41,41)
w(228,1,21,42,42)
w(3,67,21,43,43)
w(5,43,21,44,44)
r(2,87,21,45,45)
r(1,131,21,46,46)
w(9,32,21,47,47)
w(13,10,21,48,48)
w(139,3,21,49,49)
w(3,68,21,50,50)
w(8,31,21,51,51)
w(44,4,21,52,52)
w(0,291,21,53,53)
w(190,4,21,54,54)
r(813,0,21,55,55)
w(375,2,21,56,56)
w(597,1,21,57,57)
w(19,21,21,58,58)
w(4,58,21,59,59)
w(3,69,21,60,60)
w(544,1,21,61,61)
w(26,16,21,62,62)
w(4,59,21,63,63)
w(174,3,21,64,64)
w(110,2,21,65,65)
w(5,44,21,66,66)
w(3,70,21,67,67)
w(10,18,21,68,68)
w(5,45,21,69,69)
w(14,25,21,70,70)
w(414,2,21,71,71)
w(0,292,21,72,72)
w(3,71,21,73,73)
r(9,32,21,74,74)
w(24,11,21,75,75)
w(0,293,21,76,76)
w(1,132,21,77,77)
w(243,3,21,78,78)
w(12,27,21,79,79)
w(26,17,21,80,80)
w(39,6,21,81,81)
w(419,1,21,82,82)
w(40,4,21,83,83)
w(35,11,21,84,84)
w(44,5,21,85,85)
w(2,88,21,86,86)
w(127,2,21,87,87)
w(57,5,21,88,88)
w(209,2,21,89,89)
w(12,28,21,90,90)
w(408,2,21,91,91)
w(2,89,21,92,92)
w(316,2,21,93,93)
w(9,33,21,94,94)
w(18,15,21,95,95)
w(0,294,21,96,96)
w(14,26,21,97,97)
w(0,295,21,98,98)
w(890,1,21,99,99)
w(58,6,22,0,0)
w(11,21,22,1,1)
w(1,133,22,2,2)
w(106,4,22,3,3)
r(7,30,22,4,4)
r(6,37,22,5,5)
w(305,2,22,6,6)
w(2,90,22,7,7)
w(35,12,22,8,8)
w(12,29,22,9,9)
w(489,2,22,10,10)
w(904,1,22,11,11)
w(25,7,22,12,12)
w(25,8,22,13,13)
w(27,8,22,14,14)
w(14,27,22,15,15)
w(659,1,22,16,16)
w(4,60,22,17,17)
w(1,134,22,18,18)
w(126,2,22,19,19)
w(508,1,22,20,20)
w(135,2,22,21,21)
w(22,14,22,22,22)
w(73,6,22,23,23)
w(13,11,22,24,24)
r(0,295,22,25,25)
w(517,2,22,26,26)
w(1,135,22,27,27)
w(22,15,22,28,28)
w(4,61,22,29,29)
w(60,6,22,30,30)
w(2,91,22,31,31)
w(44,6,22,32,32)
w(1,136,22,33,33)
w(181,3,22,34,34)
w(190,5,22,35,35)
w(7,31,22,36,36)
w(6,38,22,37,37)
w(143,3,22,38,38)
w(74,4,22,39,39)
w(1,137,22,40,40)
w(0,296,22,41,41)
w(498,1,22,42,42)
w(142,2,22,43,43)
w(245,2,22,44,44)
w(25,9,22,45,45)
w(2,92,22,46,46)
w(14,28,22,47,47)
w(104,1,22,48,48)
w(183,5,22,49,49)
w(11,22,22,50,50)
w(50,6,22,51,51)
w(502,1,22,52,52)
w(121,3,22,53,53)
w(7,32,22,54,54)
w(0,297,22,55,55)
w(12,30,22,56,56)
w(15,15,22,57,57)
w(564,1,22,58,58)
w(2,93,22,59,59)
r(7,32,22,60,60)
w(1,138,22,61,61)
r(20,12,22,62,62)
w(393,2,22,63,63)
r(110,2,22,64,64)
w(470,1,22,65,65)
r(0,297,22,66,66)
w(1,139,22,67,67)
w(112,4,22,68,68)
w(32,13,22,69,69)
w(2,94,22,70,70)
w(0,298,22,71,71)
w(445,2,22,72,72)
w(396,1,22,73,73)
w(44,7,22,74,74)
w(141,4,22,75,75)
w(2,95,22,76,76)
w(0,299,22,77,77)
w(11,23,22,78,78)
w(581,1,22,79,79)
w(49,7,22,80,80)
w(26,18,22,81,81)
w(64,5,22,82,82)
w(12,31,22,83,83)
w(640,1,22,84,84)
w(1,140,22,85,85)
w(17,14,22,86,86)
w(109,5,22,87,87)
w(5,46,22,88,88)
w(0,300,22,89,89)
w(127,3,22,90,90)
w(0,301,22,91,91)
w(573,1,22,92,92)
r(92,5,22,93,93)
w(2,96,22,94,94)
w(113,1,22,95,95)
w(0,302,22,96,96)
w(2,97,22,97,97)
w(4,62,22,98,98)
w(621,2,22,99,99)
w(48,6,23,0,0)
w(3,72,23,1,1)
w(10,19,23,2,2)
w(4,63,23,3,3)
w(19,22,23,4,4)
w(8,32,23,5,5)
w(16,22,23,6,6)
w(24,12,23,7,7)
w(60,7,23,8,8)
w(17,15,23,9,9)
w(236,3,23,10,10)
w(2,98,23,11,11)
w(9,34,23,12,12)
w(976,1,23,13,13)
w(91,4,23,14,14)
w(48,7,23,15,15)
w(69,5,23,16,16)
w(1,141,23,17,17)
w(130,1,23,18,18)
w(15,16,23,19,19)
w(454,1,23,20,20)
w(2,99,23,21,21)
w(0,303,23,22,22)
w(4,64,23,23,23)
w(0,304,23,24,24)
r(2,99,23,25,25)
w(281,1,23,26,26)
w(2,100,23,27,27)
w(767,2,23,28,28)
r(316,2,23,29,29)
w(1,142,23,30,30)
w(4,65,23,31,31)
w(0,305,23,32,32)
w(4,66,23,33,33)
w(352,3,23,34,34)
w(368,4,23,35,35)
w(1,143,23,36,36)
w(15,17,23,37,37)
w(0,306,23,38,38)
w(677,1,23,39,39)
w(0,307,23,40,40)
w(1,144,23,41,41)
w(17,16,23,42,42)
w(0,308,23,43,43)
w(38,8,23,44,44)
w(7,33,23,45,45)
w(33,8,23,46,46)
w(389,2,23,47,47)
w(11,24,23,48,48)
w(1,145,23,49,49)
w(949,2,23,50,50)
r(355,0,23,51,51)
w(1,146,23,52,52)
w(4,67,23,53,53)
w(7,34,23,54,54)
w(17,17,23,55,55)
w(239,4,23,56,56)
w(34,12,23,57,57)
w(84,5,23,58,58)
w(30,6,23,59,59)
w(30,7,23,60,60)
w(131,3,23,61,61)
r(666,0,23,62,62)
w(76,4,23,63,63)
w(14,29,23,64,64)
w(14,30,23,65,65)
w(37,8,23,66,66)
w(52,8,23,67,67)
w(618,3,23,68,68)
w(684,1,23,69,69)
w(155,2,23,70,70)
w(3,73,23,71,71)
w(1,147,23,72,72)
w(14,31,23,73,73)
w(1,148,23,74,74)
w(0,309,23,75,75)
w(36,14,23,76,76)
w(313,1,23,77,77)
w(56,3,23,78,78)
w(2,101,23,79,79)
w(65,4,23,80,80)
w(7,35,23,81,81)
w(0,310,23,82,82)
w(8,33,23,83,83)
w(19,23,23,84,84)
r(7,35,23,85,85)
w(45,8,23,86,86)
w(2,102,23,87,87)
w(0,311,23,88,88)
w(14,32,23,89,89)
w(151,3,23,90,90)
w(12,32,23,91,91)
w(112,5,23,92,92)
w(19,24,23,93,93)
w(17,18,23,94,94)
w(2,103,23,95,95)
w(1,149,23,96,96)
w(0,312,23,97,97)
w(419,2,23,98,98)
w(2,104,23,99,99)
w(0,313,24,0,0)
w(290,2,24,1,1)
w(250,2,24,2,2)
w(7,36,24,3,3)
w(242,1,24,4,4)
r(2,104,24,5,5)
r(923,1,24,6,6)
w(3,74,24,7,7)
w(84,6,24,8,8)
w(591,2,24,9,9)
w(4,68,24,10,10)
w(396,2,24,11,11)
r(218,0,24,12,12)
w(2,105,24,13,13)
w(1,150,24,14,14)
w(3,75,24,15,15)
w(133,3,24,16,16)
w(766,1,24,17,17)
w(36,15,24,18,18)
w(2,106,24,19,19)
r(33,8,24,20,20)
w(0,314,24,21,21)
w(29,8,24,22,22)
r(96,1,24,23,23)
w(5,47,24,24,24)
w(632,1,24,25,25)
w(1,151,24,26,26)
w(31,15,24,27,27)
r(69,5,24,28,28)
w(9,35,24,29,29)
w(2,107,24,30,30)
w(894,2,24,31,31)
w(4,69,24,32,32)
w(832,1,24,33,33)
w(416,2,24,34,34)
w(162,1,24,35,35)
w(250,3,24,36,36)
w(16,23,24,37,37)
w(470,2,24,38,38)
w(289,2,24,39,39)
w(2,108,24,40,40)
w(1,152,24,41,41)
w(831,1,24,42,42)
w(116,1,24,43,43)
w(616,1,24,44,44)
w(0,315,24,45,45)
w(593,1,24,46,46)
w(704,2,24,47,47)
w(0,316,24,48,48)
w(58,7,24,49,49)
w(5,48,24,50,50)
r(8,33,24,51,51)
w(783,2,24,52,52)
w(52,9,24,53,53)
w(9,36,24,54,54)
w(402,4,24,55,55)
w(682,1,24,56,56)
r(84,6,24,57,57)
w(7,37,24,58,58)
w(546,1,24,59,59)
w(61,9,24,60,60)
w(341,1,24,61,61)
r(0,316,24,62,62)
w(0,317,24,63,63)
w(626,1,24,64,64)
r(15,17,24,65,65)
w(5,49,24,66,66)
w(6,39,24,67,67)
w(203,4,24,68,68)
w(30,8,24,69,69)
w(119,2,24,70,70)
w(1,153,24,71,71)
w(40,5,24,72,72)
w(614,1,24,73,73)
w(2,109,24,74,74)
w(391,1,24,75,75)
w(2,110,24,76,76)
w(5,50,24,77,77)
r(100,3,24,78,78)
w(48,8,24,79,79)
w(108,5,24,80,80)
w(308,2,24,81,81)
w(0,318,24,82,82)
w(0,319,24,83,83)
w(14,33,24,84,84)
w(380,2,24,85,85)
w(2,111,24,86,86)
r(0,319,24,87,87)
w(5,51,24,88,88)
w(6,40,24,89,89)
w(5,52,24,90,90)
w(38,9,24,91,91)
r(0,319,24,92,92)
w(670,1,24,93,93)
w(40,6,24,94,94)
w(164,2,24,95,95)
w(0,320,24,96,96)
w(0,321,24,97,97)
w(2,112,24,98,98)
w(7,38,24,99,99)
w(1,154,25,0,0)
w(13,12,25,1,1)
w(10,20,25,2,2)
w(0,322,25,3,3)
w(32,14,25,4,4)
w(220,1,25,5,5)
w(4,70,25,6,6)
w(604,3,25,7,7)
w(203,5,25,8,8)
w(5,53,25,9,9)
w(214,1,25,10,10)
w(65,5,25,11,11)
r(6,40,25,12,12)
w(161,4,25,13,13)
w(1,155,25,14,14)
w(100,4,25,15,15)
w(16,24,25,16,16)
r(2,112,25,17,17)
w(1,156,25,18,18)
w(2,113,25,19,19)
r(845,0,25,20,20)
w(4,71,25,21,21)
w(242,2,25,22,22)
w(4,72,25,23,23)
w(110,3,25,24,24)
w(4,73,25,25,25)
w(247,1,25,26,26)
w(13,13,25,27,27)
w(631,1,25,28,28)
w(445,3,25,29,29)
w(71,1,25,30,30)
r(561,1,25,31,31)
w(6,41,25,32,32)
w(219,2,25,33,33)
w(15,18,25,34,34)
w(396,3,25,35,35)
w(21,9,25,36,36)
w(1,157,25,37,37)
w(7,39,25,38,38)
w(11,25,25,39,39)
w(929,1,25,40,40)
w(0,323,25,41,41)
w(8,34,25,42,42)
w(39,7,25,43,43)
w(3,76,25,44,44)
w(39,8,25,45,45)
w(40,7,25,46,46)
w(219,3,25,47,47)
w(8,35,25,48,48)
w(0,324,25,49,49)
w(843,1,25,50,50)
r(1,157,25,51,51)
w(894,3,25,52,52)
w(151,4,25,53,53)
w(530,1,25,54,54)
w(97,4,25,55,55)
w(40,8,25,56,56)
r(20,12,25,57,57)
w(5,54,25,58,58)
w(96,2,25,59,59)
w(0,325,25,60,60)
w(14,34,25,61,61)
w(50,7,25,62,62)
w(115,1,25,63,63)
w(757,2,25,64,64)
w(1,158,25,65,65)
w(150,3,25,66,66)
w(102,4,25,67,67)
w(431,1,25,68,68)
w(0,326,25,69,69)
w(1,159,25,70,70)
w(20,13,25,71,71)
w(14,35,25,72,72)
w(216,2,25,73,73)
w(122,1,25,74,74)
w(9,37,25,75,75)
w(16,25,25,76,76)
r(8,35,25,77,77)
w(3,77,25,78,78)
w(447,2,25,79,79)
w(0,327,25,80,80)
w(1,160,25,81,81)
w(1,161,25,82,82)
w(1,162,25,83,83)
w(337,1,25,84,84)
w(202,3,25,85,85)
w(19,25,25,86,86)
r(639,0,25,87,87)
w(98,1,25,88,88)
w(100,5,25,89,89)
w(21,10,25,90,90)
w(0,328,25,91,91)
w(46,3,25,92,92)
w(702,1,25,93,93)
w(81,8,25,94,94)
w(883,2,25,95,95)
w(1,163,25,96,96)
w(0,329,25,97,97)
w(0,330,25,98,98)
w(7,40,25,99,99)
w(878,2,26,0,0)
w(7,41,26,1,1)
w(6,42,26,2,2)
w(13,14,26,3,3)
r(0,330,26,4,4)
w(0,331,26,5,5)
w(12,33,26,6,6)
w(13,15,26,7,7)
w(257,3,26,8,8)
w(11,26,26,9,9)
w(988,2,26,10,10)
w(162,2,26,11,11)
w(2,114,26,12,12)
w(0,332,26,13,13)
w(4,74,26,14,14)
w(7,42,26,15,15)
w(219,4,26,16,16)
w(35,13,26,17,17)
w(34,13,26,18,18)
w(12,34,26,19,19)
w(15,19,26,20,20)
w(161,5,26,21,21)
w(428,1,26,22,22)
w(0,333,26,23,23)
w(85,3,26,24,24)
w(11,27,26,25,25)
w(627,2,26,26,26)
w(0,334,26,27,27)
w(43,11,26,28,28)
w(7,43,26,29,29)
w(188,2,26,30,30)
w(26,19,26,31,31)
w(4,75,26,32,32)
w(192,3,26,33,33)
w(607,2,26,34,34)
w(12,35,26,35,35)
w(0,335,26,36,36)
w(5,55,26,37,37)
w(0,336,26,38,38)
w(6,43,26,39,39)
w(2,115,26,40,40)
w(383,3,26,41,41)
w(22,16,26,42,42)
w(282,3,26,43,43)
w(3,78,26,44,44)
w(81,9,26,45,45)
w(962,1,26,46,46)
w(56,4,26,47,47)
w(154,2,26,48,48)
w(6,44,26,49,49)
w(1,164,26,50,50)
w(9,38,26,51,51)
w(4,76,26,52,52)
w(61,10,26,53,53)
w(3,79,26,54,54)
w(0,337,26,55,55)
w(15,20,26,56,56)
w(0,338,26,57,57)
w(49,8,26,58,58)
w(17,19,26,59,59)
w(327,1,26,60,60)
w(440,2,26,61,61)
w(222,3,26,62,62)
w(5,56,26,63,63)
w(653,1,26,64,64)
w(23,7,26,65,65)
r(320,2,26,66,66)
w(645,1,26,67,67)
w(48,9,26,68,68)
w(1,165,26,69,69)
w(1,166,26,70,70)
w(9,39,26,71,71)
w(477,1,26,72,72)
w(42,7,26,73,73)
w(11,28,26,74,74)
w(183,6,26,75,75)
w(16,26,26,76,76)
w(8,36,26,77,77)
w(3,80,26,78,78)
w(63,4,26,79,79)
r(0,338,26,80,80)
w(36,16,26,81,81)
r(390,0,26,82,82)
w(848,1,26,83,83)
w(4,77,26,84,84)
w(14,36,26,85,85)
w(33,9,26,86,86)
w(0,339,26,87,87)
w(600,2,26,88,88)
w(136,5,26,89,89)
w(0,340,26,90,90)
w(610,1,26,91,91)
w(1,167,26,92,92)
w(4,78,26,93,93)
w(1,168,26,94,94)
w(71,2,26,95,95)
w(0,341,26,96,96)
w(764,1,26,97,97)
w(38,10,26,98,98)
w(36,17,26,99,99)
w(39,9,27,0,0)
w(5,57,27,1,1)
w(1,169,27,2,2)
w(198,3,27,3,3)
w(45,9,27,4,4)
w(5,58,27,5,5)
r(1,169,27,6,6)
w(3,81,27,7,7)
w(15,21,27,8,8)
w(219,5,27,9,9)
w(221,2,27,10,10)
w(0,342,27,11,11)
r(34,13,27,12,12)
w(121,4,27,13,13)
w(4,79,27,14,14)
w(365,2,27,15,15)
r(218,0,27,16,16)
r(0,342,27,17,17)
r(464,1,27,18,18)
w(5,59,27,19,19)
w(4,80,27,20,20)
w(10,21,27,21,21)
w(13,16,27,22,22)
w(10,22,27,23,23)
w(35,14,27,24,24)
w(1,170,27,25,25)
w(4,81,27,26,26)
w(0,343,27,27,27)
w(10,23,27,28,28)
r(35,14,27,29,29)
w(310,1,27,30,30)
w(155,3,27,31,31)
w(43,12,27,32,32)
w(0,344,27,33,33)
w(75,4,27,34,34)
w(23,8,27,35,35)
w(1,171,27,36,36)
w(193,2,27,37,37)
w(3,82,27,38,38)
w(6,45,27,39,39)
w(2,116,27,40,40)
w(0,345,27,41,41)
w(14,37,27,42,42)
w(19,26,27,43,43)
w(9,40,27,44,44)
w(4,82,27,45,45)
w(78,5,27,46,46)
w(3,83,27,47,47)
w(1,172,27,48,48)
w(327,2,27,49,49)
w(13,17,27,50,50)
w(163,2,27,51,51)
r(0,345,27,52,52)
w(25,10,27,53,53)
w(3,84,27,54,54)
w(108,6,27,55,55)
w(0,346,27,56,56)
w(0,347,27,57,57)
w(21,11,27,58,58)
w(10,24,27,59,59)
w(1,173,27,60,60)
w(198,4,27,61,61)
w(175,1,27,62,62)
w(15,22,27,63,63)
w(11,29,27,64,64)
w(0,348,27,65,65)
w(1,174,27,66,66)
w(115,2,27,67,67)
w(3,85,27,68,68)
w(25,11,27,69,69)
w(0,349,27,70,70)
w(14,38,27,71,71)
r(992,0,27,72,72)
w(659,2,27,73,73)
w(343,1,27,74,74)
w(174,4,27,75,75)
w(2,117,27,76,76)
w(156,2,27,77,77)
w(1,175,27,78,78)
w(111,2,27,79,79)
w(33,10,27,80,80)
w(67,4,27,81,81)
w(2,118,27,82,82)
w(0,350,27,83,83)
r(109,5,27,84,84)
w(305,3,27,85,85)
w(0,351,27,86,86)
w(47,8,27,87,87)
w(2,119,27,88,88)
w(558,1,27,89,89)
w(563,2,27,90,90)
w(4,83,27,91,91)
w(157,2,27,92,92)
w(0,352,27,93,93)
w(11,30,27,94,94)
w(0,353,27,95,95)
w(18,16,27,96,96)
r(298,1,27,97,97)
w(16,27,27,98,98)
w(106,5,27,99,99)
w(370,1,28,0,0)
w(234,2,28,1,1)
w(37,9,28,2,2)
w(372,1,28,3,3)
w(22,17,28,4,4)
w(453,1,28,5,5)
w(51,8,28,6,6)
w(22,18,28,7,7)
w(514,1,28,8,8)
w(490,2,28,9,9)
w(3,86,28,10,10)
w(32,15,28,11,11)
w(38,11,28,12,12)
w(42,8,28,13,13)
w(0,354,28,14,14)
w(6,46,28,15,15)
w(0,355,28,16,16)
w(0,356,28,17,17)
w(988,3,28,18,18)
w(17,20,28,19,19)
w(4,84,28,20,20)
w(273,3,28,21,21)
w(2,120,28,22,22)
w(0,357,28,23,23)
w(335,3,28,24,24)
w(0,358,28,25,25)
w(0,359,28,26,26)
w(7,44,28,27,27)
w(60,8,28,28,28)
w(237,2,28,29,29)
w(338,2,28,30,30)
w(4,85,28,31,31)
w(506,2,28,32,32)
w(327,3,28,33,33)
w(18,17,28,34,34)
w(102,5,28,35,35)
w(8,37,28,36,36)
w(83,2,28,37,37)
w(131,4,28,38,38)
w(1,176,28,39,39)
r(0,359,28,40,40)
w(197,2,28,41,41)
w(753,1,28,42,42)
w(214,2,28,43,43)
r(14,38,28,44,44)
w(1,177,28,45,45)
w(5,60,28,46,46)
w(5,61,28,47,47)
w(866,1,28,48,48)
w(2,121,28,49,49)
w(18,18,28,50,50)
w(76,5,28,51,51)
w(5,62,28,52,52)
w(942,1,28,53,53)
w(0,360,28,54,54)
r(186,2,28,55,55)
w(74,5,28,56,56)
w(55,6,28,57,57)
w(8,38,28,58,58)
w(247,2,28,59,59)
r(11,30,28,60,60)
w(0,361,28,61,61)
w(54,5,28,62,62)
w(0,362,28,63,63)
w(548,2,28,64,64)
w(1,178,28,65,65)
r(1,178,28,66,66)
w(8,39,28,67,67)
w(8,40,28,68,68)
r(74,5,28,69,69)
w(5,63,28,70,70)
w(5,64,28,71,71)
w(30,9,28,72,72)
w(6,47,28,73,73)
w(1,179,28,74,74)
w(3,87,28,75,75)
w(233,2,28,76,76)
r(3,87,28,77,77)
w(200,2,28,78,78)
w(1,180,28,79,79)
w(830,1,28,80,80)
w(161,6,28,81,81)
w(0,363,28,82,82)
w(10,25,28,83,83)
w(291,2,28,84,84)
w(11,31,28,85,85)
r(129,3,28,86,86)
w(4,86,28,87,87)
w(110,4,28,88,88)
w(7,45,28,89,89)
w(0,364,28,90,90)
w(0,365,28,91,91)
w(5,65,28,92,92)
w(184,2,28,93,93)
w(174,5,28,94,94)
w(1,181,28,95,95)
w(111,3,28,96,96)
w(2,122,28,97,97)
w(144,1,28,98,98)
r(0,365,28,99,99)
w(4,87,29,0,0)
w(4,88,29,1,1)
w(1,182,29,2,2)
r(78,5,29,3,3)
w(56,5,29,4,4)
w(350,1,29,5,5)
w(43,13,29,6,6)
w(20,14,29,7,7)
w(3,88,29,8,8)
w(52,10,29,9,9)
w(31,16,29,10,10)
w(693,2,29,11,11)
w(0,366,29,12,12)
w(0,367,29,13,13)
w(6,48,29,14,14)
w(4,89,29,15,15)
w(9,41,29,16,16)
w(2,123,29,17,17)
w(3,89,29,18,18)
w(118,2,29,19,19)
w(8,41,29,20,20)
w(1,183,29,21,21)
w(316,3,29,22,22)
r(274,0,29,23,23)
w(93,2,29,24,24)
w(86,5,29,25,25)
w(0,368,29,26,26)
w(252,4,29,27,27)
w(4,90,29,28,28)
w(12,36,29,29,29)
r(1,183,29,30,30)
w(842,1,29,31,31)
w(74,6,29,32,32)
w(0,369,29,33,33)
r(230,1,29,34,34)
w(0,370,29,35,35)
w(1,184,29,36,36)
w(0,371,29,37,37)
w(1,185,29,38,38)
w(93,3,29,39,39)
w(285,1,29,40,40)
w(153,3,29,41,41)
w(2,124,29,42,42)
w(226,2,29,43,43)
w(0,372,29,44,44)
w(1,186,29,45,45)
w(57,6,29,46,46)
w(2,125,29,47,47)
w(8,42,29,48,48)
r(0,372,29,49,49)
w(29,9,29,50,50)
r(27,8,29,51,51)
w(2,126,29,52,52)
w(82,8,29,53,53)
w(0,373,29,54,54)
w(0,374,29,55,55)
w(412,1,29,56,56)
w(9,42,29,57,57)
w(775,1,29,58,58)
w(5,66,29,59,59)
w(0,375,29,60,60)
w(9,43,29,61,61)
w(0,376,29,62,62)
w(0,377,29,63,63)
w(41,12,29,64,64)
r(48,9,29,65,65)
w(58,8,29,66,66)
r(2,126,29,67,67)
r(91,4,29,68,68)
w(270,1,29,69,69)
w(0,378,29,70,70)
w(14,39,29,71,71)
r(0,378,29,72,72)
w(10,26,29,73,73)
w(440,3,29,74,74)
w(20,15,29,75,75)
r(462,1,29,76,76)
w(14,40,29,77,77)
r(984,0,29,78,78)
w(31,17,29,79,79)
w(105,4,29,80,80)
w(4,91,29,81,81)
w(702,2,29,82,82)
r(62,4,29,83,83)
w(8,43,29,84,84)
w(1,187,29,85,85)
w(6,49,29,86,86)
w(0,379,29,87,87)
w(4,92,29,88,88)
w(71,3,29,89,89)
w(36,18,29,90,90)
w(120,2,29,91,91)
w(0,380,29,92,92)
w(243,4,29,93,93)
w(1,188,29,94,94)
w(71,4,29,95,95)
r(168,2,29,96,96)
w(141,5,29,97,97)
r(511,1,29,98,98)
w(411,2,29,99,99)
