w(95,1,0,0,0)
w(82,1,0,1,1)
w(36,1,0,2,2)
w(62,1,0,3,3)
w(40,1,0,4,4)
w(97,1,0,5,5)
w(32,1,0,6,6)
w(27,1,0,7,7)
w(27,2,0,8,8)
w(84,1,0,9,9)
w(15,1,0,10,10)
r(26,0,0,11,11)
w(24,1,0,12,12)
w(86,1,0,13,13)
w(91,1,0,14,14)
w(26,1,0,15,15)
w(59,1,0,16,16)
w(86,2,0,17,17)
w(34,1,0,18,18)
w(52,1,0,19,19)
w(97,2,0,20,20)
w(98,1,0,21,21)
w(86,3,0,22,22)
w(80,1,0,23,23)
w(54,1,0,24,24)
w(17,1,0,25,25)
w(72,1,0,26,26)
w(12,1,0,27,27)
r(16,0,0,28,28)
w(91,2,0,29,29)
w(37,1,0,30,30)
r(25,0,0,31,31)
w(59,2,0,32,32)
w(10,1,0,33,33)
w(12,2,0,34,34)
w(90,1,0,35,35)
w(53,1,0,36,36)
w(67,1,0,37,37)
w(8,1,0,38,38)
w(36,2,0,39,39)
w(13,1,0,40,40)
w(45,1,0,41,41)
w(40,2,0,42,42)
w(36,3,0,43,43)
w(88,1,0,44,44)
w(70,1,0,45,45)
r(97,2,0,46,46)
w(91,3,0,47,47)
w(82,2,0,48,48)
w(85,1,0,49,49)
w(63,1,0,50,50)
w(77,1,0,51,51)
r(51,0,0,52,52)
w(83,1,0,53,53)
w(7,1,0,54,54)
w(84,2,0,55,55)
w(15,2,0,56,56)
w(24,2,0,57,57)
w(26,2,0,58,58)
w(86,4,0,59,59)
w(89,1,0,60,60)
w(53,2,0,61,61)
w(66,1,0,62,62)
r(60,0,0,63,63)
w(60,1,0,64,64)
r(19,0,0,65,65)
w(27,3,0,66,66)
w(33,1,0,67,67)
r(69,0,0,68,68)
w(65,1,0,69,69)
w(57,1,0,70,70)
w(15,3,0,71,71)
w(7,2,0,72,72)
w(11,1,0,73,73)
w(18,1,0,74,74)
w(50,1,0,75,75)
r(98,1,0,76,76)
w(56,1,0,77,77)
w(97,3,0,78,78)
w(98,2,0,79,79)
r(31,0,0,80,80)
w(42,1,0,81,81)
w(40,3,0,82,82)
w(54,2,0,83,83)
r(28,0,0,84,84)
w(41,1,0,85,85)
w(98,3,0,86,86)
w(32,2,0,87,87)
r(33,1,0,88,88)
w(8,2,0,89,89)
w(86,5,0,90,90)
w(50,2,0,91,91)
r(43,0,0,92,92)
w(92,1,0,93,93)
w(68,1,0,94,94)
w(7,3,0,95,95)
w(81,1,0,96,96)
w(10,2,0,97,97)
w(42,2,0,98,98)
w(44,1,0,99,99)
r(1,0,1,0,0)
w(56,2,1,1,1)
w(40,4,1,2,2)
w(16,1,1,3,3)
w(44,2,1,4,4)
w(28,1,1,5,5)
w(0,1,1,6,6)
r(67,1,1,7,7)
w(54,3,1,8,8)
w(85,2,1,9,9)
w(82,3,1,10,10)
w(85,3,1,11,11)
w(20,1,1,12,12)
w(34,2,1,13,13)
w(68,2,1,14,14)
w(86,6,1,15,15)
w(21,1,1,16,16)
r(53,2,1,17,17)
w(30,1,1,18,18)
w(59,3,1,19,19)
w(13,2,1,20,20)
r(35,0,1,21,21)
r(7,3,1,22,22)
w(69,1,1,23,23)
r(5,0,1,24,24)
w(9,1,1,25,25)
r(34,2,1,26,26)
w(34,3,1,27,27)
w(55,1,1,28,28)
w(69,2,1,29,29)
w(56,3,1,30,30)
w(57,2,1,31,31)
w(85,4,1,32,32)
w(59,4,1,33,33)
w(12,3,1,34,34)
w(23,1,1,35,35)
w(87,1,1,36,36)
r(97,3,1,37,37)
w(33,2,1,38,38)
r(25,0,1,39,39)
w(85,5,1,40,40)
w(99,1,1,41,41)
r(59,4,1,42,42)
w(93,1,1,43,43)
w(0,2,1,44,44)
w(40,5,1,45,45)
w(79,1,1,46,46)
w(3,1,1,47,47)
w(98,4,1,48,48)
w(82,4,1,49,49)
w(72,2,1,50,50)
w(1,1,1,51,51)
w(89,2,1,52,52)
w(63,2,1,53,53)
w(2,1,1,54,54)
r(60,1,1,55,55)
w(23,2,1,56,56)
w(75,1,1,57,57)
w(27,4,1,58,58)
w(1,2,1,59,59)
w(48,1,1,60,60)
w(28,2,1,61,61)
w(30,2,1,62,62)
w(6,1,1,63,63)
w(3,2,1,64,64)
w(14,1,1,65,65)
w(66,2,1,66,66)
w(16,2,1,67,67)
w(25,1,1,68,68)
w(29,1,1,69,69)
w(82,5,1,70,70)
w(78,1,1,71,71)
w(88,2,1,72,72)
w(41,2,1,73,73)
w(53,3,1,74,74)
w(20,2,1,75,75)
w(36,4,1,76,76)
r(49,0,1,77,77)
w(25,2,1,78,78)
w(38,1,1,79,79)
w(3,3,1,80,80)
w(69,3,1,81,81)
r(37,1,1,82,82)
r(73,0,1,83,83)
w(55,2,1,84,84)
w(91,4,1,85,85)
w(85,6,1,86,86)
w(95,2,1,87,87)
w(98,5,1,88,88)
w(20,3,1,89,89)
w(83,2,1,90,90)
w(55,3,1,91,91)
w(61,1,1,92,92)
w(35,1,1,93,93)
w(6,2,1,94,94)
w(88,3,1,95,95)
w(78,2,1,96,96)
w(42,3,1,97,97)
w(78,3,1,98,98)
w(96,1,1,99,99)
w(7,4,2,0,0)
w(77,2,2,1,1)
w(23,3,2,2,2)
w(19,1,2,3,3)
w(66,3,2,4,4)
w(58,1,2,5,5)
w(32,3,2,6,6)
w(4,1,2,7,7)
w(23,4,2,8,8)
w(31,1,2,9,9)
w(74,1,2,10,10)
w(67,2,2,11,11)
w(45,2,2,12,12)
w(42,4,2,13,13)
w(28,3,2,14,14)
w(5,1,2,15,15)
w(60,2,2,16,16)
r(41,2,2,17,17)
r(36,4,2,18,18)
w(47,1,2,19,19)
w(56,4,2,20,20)
w(4,2,2,21,21)
w(59,5,2,22,22)
w(53,4,2,23,23)
w(22,1,2,24,24)
w(41,3,2,25,25)
w(8,3,2,26,26)
w(73,1,2,27,27)
w(84,3,2,28,28)
w(79,2,2,29,29)
w(24,3,2,30,30)
r(91,4,2,31,31)
w(90,2,2,32,32)
r(7,4,2,33,33)
w(25,3,2,34,34)
w(14,2,2,35,35)
w(76,1,2,36,36)
w(82,6,2,37,37)
w(1,3,2,38,38)
w(80,2,2,39,39)
w(42,5,2,40,40)
w(9,2,2,41,41)
w(97,4,2,42,42)
w(38,2,2,43,43)
w(46,1,2,44,44)
w(60,3,2,45,45)
w(45,3,2,46,46)
w(31,2,2,47,47)
w(35,2,2,48,48)
w(91,5,2,49,49)
w(93,2,2,50,50)
w(17,2,2,51,51)
w(96,2,2,52,52)
w(57,3,2,53,53)
w(77,3,2,54,54)
w(5,2,2,55,55)
w(5,3,2,56,56)
w(90,3,2,57,57)
w(90,4,2,58,58)
w(63,3,2,59,59)
w(75,2,2,60,60)
w(31,3,2,61,61)
w(8,4,2,62,62)
w(76,2,2,63,63)
w(52,2,2,64,64)
w(1,4,2,65,65)
w(7,5,2,66,66)
w(24,4,2,67,67)
w(87,2,2,68,68)
w(69,4,2,69,69)
w(24,5,2,70,70)
w(57,4,2,71,71)
w(46,2,2,72,72)
r(45,3,2,73,73)
w(92,2,2,74,74)
w(36,5,2,75,75)
w(24,6,2,76,76)
r(53,4,2,77,77)
w(34,4,2,78,78)
w(99,2,2,79,79)
w(82,7,2,80,80)
w(87,3,2,81,81)
w(82,8,2,82,82)
w(64,1,2,83,83)
w(37,2,2,84,84)
w(42,6,2,85,85)
w(73,2,2,86,86)
w(58,2,2,87,87)
w(88,4,2,88,88)
w(46,3,2,89,89)
w(27,5,2,90,90)
w(96,3,2,91,91)
w(6,3,2,92,92)
w(2,2,2,93,93)
w(81,2,2,94,94)
w(52,3,2,95,95)
w(38,3,2,96,96)
w(71,1,2,97,97)
w(7,6,2,98,98)
w(18,2,2,99,99)
w(29,2,3,0,0)
w(39,1,3,1,1)
r(99,2,3,2,2)
w(3,4,3,3,3)
w(78,4,3,4,4)
r(7,6,3,5,5)
r(77,3,3,6,6)
w(74,2,3,7,7)
w(82,9,3,8,8)
w(3,5,3,9,9)
w(30,3,3,10,10)
w(45,4,3,11,11)
w(95,3,3,12,12)
w(10,3,3,13,13)
w(3,6,3,14,14)
w(91,6,3,15,15)
w(43,1,3,16,16)
w(27,6,3,17,17)
w(91,7,3,18,18)
w(78,5,3,19,19)
w(68,3,3,20,20)
w(70,2,3,21,21)
w(3,7,3,22,22)
w(33,3,3,23,23)
w(1,5,3,24,24)
w(18,3,3,25,25)
w(37,3,3,26,26)
w(22,2,3,27,27)
w(5,4,3,28,28)
w(3,8,3,29,29)
w(45,5,3,30,30)
w(86,7,3,31,31)
w(42,7,3,32,32)
w(73,3,3,33,33)
w(52,4,3,34,34)
w(59,6,3,35,35)
w(31,4,3,36,36)
w(70,3,3,37,37)
w(57,5,3,38,38)
w(46,4,3,39,39)
w(17,3,3,40,40)
w(5,5,3,41,41)
w(51,1,3,42,42)
w(92,3,3,43,43)
w(27,7,3,44,44)
w(72,3,3,45,45)
w(1,6,3,46,46)
w(37,4,3,47,47)
r(45,5,3,48,48)
w(82,10,3,49,49)
w(85,7,3,50,50)
w(66,4,3,51,51)
w(58,3,3,52,52)
w(35,3,3,53,53)
w(35,4,3,54,54)
w(48,2,3,55,55)
w(35,5,3,56,56)
r(34,4,3,57,57)
r(14,2,3,58,58)
w(53,5,3,59,59)
w(20,4,3,60,60)
w(25,4,3,61,61)
w(23,5,3,62,62)
w(77,4,3,63,63)
w(0,3,3,64,64)
w(53,6,3,65,65)
w(27,8,3,66,66)
w(40,6,3,67,67)
w(47,2,3,68,68)
w(95,4,3,69,69)
w(71,2,3,70,70)
r(49,0,3,71,71)
w(17,4,3,72,72)
w(5,6,3,73,73)
w(91,8,3,74,74)
w(56,5,3,75,75)
w(29,3,3,76,76)
w(33,4,3,77,77)
w(5,7,3,78,78)
w(72,4,3,79,79)
w(15,4,3,80,80)
w(97,5,3,81,81)
w(42,8,3,82,82)
w(71,3,3,83,83)
w(50,3,3,84,84)
w(7,7,3,85,85)
w(7,8,3,86,86)
w(51,2,3,87,87)
w(54,4,3,88,88)
w(23,6,3,89,89)
w(32,4,3,90,90)
r(41,3,3,91,91)
w(5,8,3,92,92)
w(25,5,3,93,93)
w(71,4,3,94,94)
w(9,3,3,95,95)
w(15,5,3,96,96)
w(12,4,3,97,97)
r(41,3,3,98,98)
w(21,2,3,99,99)
w(4,3,4,0,0)
w(44,3,4,1,1)
w(12,5,4,2,2)
w(33,5,4,3,3)
w(86,8,4,4,4)
w(26,3,4,5,5)
w(82,11,4,6,6)
w(68,4,4,7,7)
w(36,6,4,8,8)
r(89,2,4,9,9)
r(56,5,4,10,10)
w(24,7,4,11,11)
w(28,4,4,12,12)
w(56,6,4,13,13)
w(18,4,4,14,14)
w(98,6,4,15,15)
w(87,4,4,16,16)
w(3,9,4,17,17)
w(39,2,4,18,18)
w(21,3,4,19,19)
r(79,2,4,20,20)
w(10,4,4,21,21)
w(93,3,4,22,22)
w(63,4,4,23,23)
w(74,3,4,24,24)
w(54,5,4,25,25)
w(15,6,4,26,26)
w(25,6,4,27,27)
w(75,3,4,28,28)
w(11,2,4,29,29)
w(57,6,4,30,30)
w(89,3,4,31,31)
w(58,4,4,32,32)
w(28,5,4,33,33)
w(84,4,4,34,34)
w(75,4,4,35,35)
w(88,5,4,36,36)
r(11,2,4,37,37)
w(98,7,4,38,38)
w(16,3,4,39,39)
w(46,5,4,40,40)
w(98,8,4,41,41)
w(22,3,4,42,42)
w(94,1,4,43,43)
w(9,4,4,44,44)
w(31,5,4,45,45)
w(41,4,4,46,46)
w(96,4,4,47,47)
w(32,5,4,48,48)
w(67,3,4,49,49)
w(52,5,4,50,50)
w(17,5,4,51,51)
w(55,4,4,52,52)
w(39,3,4,53,53)
w(63,5,4,54,54)
w(60,4,4,55,55)
w(8,5,4,56,56)
w(36,7,4,57,57)
w(99,3,4,58,58)
w(34,5,4,59,59)
w(55,5,4,60,60)
r(71,4,4,61,61)
w(50,4,4,62,62)
w(12,6,4,63,63)
r(25,6,4,64,64)
w(36,8,4,65,65)
w(43,2,4,66,66)
w(22,4,4,67,67)
w(14,3,4,68,68)
w(70,4,4,69,69)
w(43,3,4,70,70)
w(84,5,4,71,71)
w(73,4,4,72,72)
w(11,3,4,73,73)
w(22,5,4,74,74)
w(8,6,4,75,75)
w(47,3,4,76,76)
w(37,5,4,77,77)
w(46,6,4,78,78)
w(96,5,4,79,79)
w(84,6,4,80,80)
w(4,4,4,81,81)
w(92,4,4,82,82)
w(25,7,4,83,83)
w(47,4,4,84,84)
w(14,4,4,85,85)
w(14,5,4,86,86)
w(41,5,4,87,87)
w(60,5,4,88,88)
w(93,4,4,89,89)
w(35,6,4,90,90)
w(70,5,4,91,91)
w(89,4,4,92,92)
w(7,9,4,93,93)
w(94,2,4,94,94)
w(96,6,4,95,95)
w(58,5,4,96,96)
w(54,6,4,97,97)
w(78,6,4,98,98)
w(59,7,4,99,99)
w(66,5,5,0,0)
w(25,8,5,1,1)
w(41,6,5,2,2)
w(81,3,5,3,3)
w(70,6,5,4,4)
w(59,8,5,5,5)
w(38,4,5,6,6)
w(26,4,5,7,7)
w(1,7,5,8,8)
w(14,6,5,9,9)
w(55,6,5,10,10)
r(60,5,5,11,11)
w(56,7,5,12,12)
w(49,1,5,13,13)
w(17,6,5,14,14)
r(58,5,5,15,15)
w(42,9,5,16,16)
w(85,8,5,17,17)
w(24,8,5,18,18)
w(92,5,5,19,19)
w(70,7,5,20,20)
w(23,7,5,21,21)
r(38,4,5,22,22)
w(50,5,5,23,23)
w(70,8,5,24,24)
w(41,7,5,25,25)
w(66,6,5,26,26)
w(44,4,5,27,27)
w(43,4,5,28,28)
w(44,5,5,29,29)
w(51,3,5,30,30)
w(80,3,5,31,31)
r(74,3,5,32,32)
w(59,9,5,33,33)
w(95,5,5,34,34)
w(82,12,5,35,35)
w(59,10,5,36,36)
w(51,4,5,37,37)
w(44,6,5,38,38)
w(70,9,5,39,39)
w(70,10,5,40,40)
w(83,3,5,41,41)
w(28,6,5,42,42)
w(95,6,5,43,43)
w(44,7,5,44,44)
w(88,6,5,45,45)
w(71,5,5,46,46)
w(67,4,5,47,47)
w(62,2,5,48,48)
w(45,6,5,49,49)
w(57,7,5,50,50)
w(55,7,5,51,51)
w(76,3,5,52,52)
w(5,9,5,53,53)
w(3,10,5,54,54)
w(26,5,5,55,55)
w(23,8,5,56,56)
w(78,7,5,57,57)
w(77,5,5,58,58)
w(7,10,5,59,59)
w(60,6,5,60,60)
w(69,5,5,61,61)
w(30,4,5,62,62)
w(70,11,5,63,63)
w(56,8,5,64,64)
w(81,4,5,65,65)
w(55,8,5,66,66)
w(56,9,5,67,67)
w(8,7,5,68,68)
w(35,7,5,69,69)
w(58,6,5,70,70)
w(6,4,5,71,71)
w(58,7,5,72,72)
w(33,6,5,73,73)
r(28,6,5,74,74)
w(61,2,5,75,75)
w(1,8,5,76,76)
w(86,9,5,77,77)
w(53,7,5,78,78)
w(23,9,5,79,79)
w(24,9,5,80,80)
w(54,7,5,81,81)
r(35,7,5,82,82)
w(7,11,5,83,83)
w(54,8,5,84,84)
w(35,8,5,85,85)
w(57,8,5,86,86)
r(43,4,5,87,87)
w(47,5,5,88,88)
w(16,4,5,89,89)
w(42,10,5,90,90)
w(70,12,5,91,91)
w(64,2,5,92,92)
w(35,9,5,93,93)
w(73,5,5,94,94)
w(55,9,5,95,95)
w(90,5,5,96,96)
r(28,6,5,97,97)
w(95,7,5,98,98)
w(94,3,5,99,99)
w(77,6,6,0,0)
w(11,4,6,1,1)
w(37,6,6,2,2)
w(2,3,6,3,3)
w(34,6,6,4,4)
r(37,6,6,5,5)
w(42,11,6,6,6)
w(50,6,6,7,7)
w(10,5,6,8,8)
w(60,7,6,9,9)
w(5,10,6,10,10)
w(33,7,6,11,11)
w(19,2,6,12,12)
w(35,10,6,13,13)
w(93,5,6,14,14)
w(16,5,6,15,15)
w(77,7,6,16,16)
w(57,9,6,17,17)
w(13,3,6,18,18)
w(91,9,6,19,19)
w(97,6,6,20,20)
w(2,4,6,21,21)
w(86,10,6,22,22)
w(27,9,6,23,23)
w(69,6,6,24,24)
w(10,6,6,25,25)
r(91,9,6,26,26)
w(54,9,6,27,27)
w(91,10,6,28,28)
r(80,3,6,29,29)
w(21,4,6,30,30)
r(96,6,6,31,31)
w(30,5,6,32,32)
r(91,10,6,33,33)
w(27,10,6,34,34)
w(43,5,6,35,35)
w(5,11,6,36,36)
w(53,8,6,37,37)
w(84,7,6,38,38)
w(61,3,6,39,39)
w(84,8,6,40,40)
w(99,4,6,41,41)
w(99,5,6,42,42)
r(60,7,6,43,43)
w(9,5,6,44,44)
w(64,3,6,45,45)
w(68,5,6,46,46)
r(3,10,6,47,47)
w(74,4,6,48,48)
w(46,7,6,49,49)
w(35,11,6,50,50)
r(82,12,6,51,51)
w(27,11,6,52,52)
r(94,3,6,53,53)
w(77,8,6,54,54)
w(29,4,6,55,55)
w(46,8,6,56,56)
w(37,7,6,57,57)
w(35,12,6,58,58)
w(67,5,6,59,59)
w(40,7,6,60,60)
w(9,6,6,61,61)
w(26,6,6,62,62)
w(12,7,6,63,63)
r(24,9,6,64,64)
w(74,5,6,65,65)
w(36,9,6,66,66)
w(38,5,6,67,67)
w(55,10,6,68,68)
w(4,5,6,69,69)
w(40,8,6,70,70)
w(24,10,6,71,71)
w(76,4,6,72,72)
w(27,12,6,73,73)
w(32,6,6,74,74)
w(76,5,6,75,75)
w(6,5,6,76,76)
w(8,8,6,77,77)
w(34,7,6,78,78)
w(68,6,6,79,79)
r(84,8,6,80,80)
w(48,3,6,81,81)
w(46,9,6,82,82)
w(66,7,6,83,83)
w(46,10,6,84,84)
w(43,6,6,85,85)
w(31,6,6,86,86)
w(52,6,6,87,87)
w(94,4,6,88,88)
w(54,10,6,89,89)
w(30,6,6,90,90)
w(91,11,6,91,91)
w(26,7,6,92,92)
w(88,7,6,93,93)
w(23,10,6,94,94)
w(94,5,6,95,95)
w(10,7,6,96,96)
w(63,6,6,97,97)
w(62,3,6,98,98)
w(81,5,6,99,99)
w(25,9,7,0,0)
w(29,5,7,1,1)
w(33,8,7,2,2)
w(51,5,7,3,3)
w(66,8,7,4,4)
w(52,7,7,5,5)
w(58,8,7,6,6)
w(5,12,7,7,7)
w(51,6,7,8,8)
w(13,4,7,9,9)
w(54,11,7,10,10)
w(62,4,7,11,11)
w(60,8,7,12,12)
w(32,7,7,13,13)
r(87,4,7,14,14)
w(10,8,7,15,15)
w(95,8,7,16,16)
w(47,6,7,17,17)
w(53,9,7,18,18)
r(5,12,7,19,19)
w(21,5,7,20,20)
r(41,7,7,21,21)
w(11,5,7,22,22)
w(97,7,7,23,23)
w(83,4,7,24,24)
w(91,12,7,25,25)
w(81,6,7,26,26)
w(77,9,7,27,27)
w(74,6,7,28,28)
w(91,13,7,29,29)
w(89,5,7,30,30)
w(12,8,7,31,31)
w(91,14,7,32,32)
w(39,4,7,33,33)
w(43,7,7,34,34)
w(56,10,7,35,35)
w(40,9,7,36,36)
w(92,6,7,37,37)
w(16,6,7,38,38)
w(60,9,7,39,39)
w(37,8,7,40,40)
r(8,8,7,41,41)
r(74,6,7,42,42)
w(19,3,7,43,43)
w(39,5,7,44,44)
w(67,6,7,45,45)
w(87,5,7,46,46)
r(12,8,7,47,47)
w(61,4,7,48,48)
w(85,9,7,49,49)
w(14,7,7,50,50)
w(59,11,7,51,51)
w(93,6,7,52,52)
w(7,12,7,53,53)
w(70,13,7,54,54)
w(89,6,7,55,55)
w(36,10,7,56,56)
w(87,6,7,57,57)
w(62,5,7,58,58)
w(88,8,7,59,59)
w(3,11,7,60,60)
w(81,7,7,61,61)
w(54,12,7,62,62)
w(15,7,7,63,63)
r(81,7,7,64,64)
r(29,5,7,65,65)
w(42,12,7,66,66)
w(8,9,7,67,67)
w(99,6,7,68,68)
w(58,9,7,69,69)
w(30,7,7,70,70)
w(97,8,7,71,71)
r(44,7,7,72,72)
w(36,11,7,73,73)
w(28,7,7,74,74)
w(43,8,7,75,75)
r(78,7,7,76,76)
w(47,7,7,77,77)
w(24,11,7,78,78)
w(84,9,7,79,79)
w(85,10,7,80,80)
w(61,5,7,81,81)
w(55,11,7,82,82)
w(48,4,7,83,83)
w(48,5,7,84,84)
w(40,10,7,85,85)
w(35,13,7,86,86)
w(1,9,7,87,87)
w(99,7,7,88,88)
w(32,8,7,89,89)
w(17,7,7,90,90)
w(61,6,7,91,91)
w(31,7,7,92,92)
w(16,7,7,93,93)
w(38,6,7,94,94)
w(45,7,7,95,95)
w(12,9,7,96,96)
r(67,6,7,97,97)
w(99,8,7,98,98)
w(26,8,7,99,99)
w(87,7,8,0,0)
w(52,8,8,1,1)
w(79,3,8,2,2)
w(57,10,8,3,3)
w(41,8,8,4,4)
w(54,13,8,5,5)
w(28,8,8,6,6)
w(12,10,8,7,7)
w(6,6,8,8,8)
w(67,7,8,9,9)
r(56,10,8,10,10)
w(42,13,8,11,11)
w(46,11,8,12,12)
w(94,6,8,13,13)
w(99,9,8,14,14)
w(64,4,8,15,15)
w(7,13,8,16,16)
w(10,9,8,17,17)
w(92,7,8,18,18)
w(13,5,8,19,19)
w(14,8,8,20,20)
w(36,12,8,21,21)
w(91,15,8,22,22)
w(69,7,8,23,23)
w(55,12,8,24,24)
w(78,8,8,25,25)
w(90,6,8,26,26)
w(44,8,8,27,27)
r(78,8,8,28,28)
r(1,9,8,29,29)
w(35,14,8,30,30)
w(83,5,8,31,31)
w(60,10,8,32,32)
w(37,9,8,33,33)
w(40,11,8,34,34)
w(8,10,8,35,35)
w(34,8,8,36,36)
w(92,8,8,37,37)
w(1,10,8,38,38)
w(56,11,8,39,39)
w(76,6,8,40,40)
w(86,11,8,41,41)
w(91,16,8,42,42)
w(6,7,8,43,43)
w(69,8,8,44,44)
w(29,6,8,45,45)
w(80,4,8,46,46)
w(5,13,8,47,47)
w(37,10,8,48,48)
w(70,14,8,49,49)
w(25,10,8,50,50)
w(4,6,8,51,51)
w(39,6,8,52,52)
w(39,7,8,53,53)
w(21,6,8,54,54)
w(31,8,8,55,55)
w(20,5,8,56,56)
w(58,10,8,57,57)
w(39,8,8,58,58)
w(14,9,8,59,59)
w(86,12,8,60,60)
w(70,15,8,61,61)
w(57,11,8,62,62)
w(61,7,8,63,63)
w(50,7,8,64,64)
w(88,9,8,65,65)
w(90,7,8,66,66)
w(0,4,8,67,67)
w(53,10,8,68,68)
w(30,8,8,69,69)
w(79,4,8,70,70)
w(81,8,8,71,71)
w(99,10,8,72,72)
w(38,7,8,73,73)
w(20,6,8,74,74)
w(9,7,8,75,75)
w(97,9,8,76,76)
w(98,9,8,77,77)
w(4,7,8,78,78)
w(93,7,8,79,79)
w(61,8,8,80,80)
w(95,9,8,81,81)
w(40,12,8,82,82)
w(52,9,8,83,83)
r(91,16,8,84,84)
r(44,8,8,85,85)
w(35,15,8,86,86)
w(84,10,8,87,87)
w(1,11,8,88,88)
w(1,12,8,89,89)
w(13,6,8,90,90)
w(35,16,8,91,91)
r(86,12,8,92,92)
w(23,11,8,93,93)
w(46,12,8,94,94)
w(44,9,8,95,95)
w(59,12,8,96,96)
w(81,9,8,97,97)
w(2,5,8,98,98)
w(34,9,8,99,99)
w(4,8,9,0,0)
w(91,17,9,1,1)
w(67,8,9,2,2)
w(72,5,9,3,3)
w(43,9,9,4,4)
w(47,8,9,5,5)
w(60,11,9,6,6)
w(80,5,9,7,7)
w(97,10,9,8,8)
w(31,9,9,9,9)
r(30,8,9,10,10)
w(42,14,9,11,11)
w(34,10,9,12,12)
w(39,9,9,13,13)
w(43,10,9,14,14)
w(18,5,9,15,15)
w(27,13,9,16,16)
r(70,15,9,17,17)
r(59,12,9,18,18)
w(30,9,9,19,19)
w(47,9,9,20,20)
w(1,13,9,21,21)
w(51,7,9,22,22)
w(68,7,9,23,23)
w(96,7,9,24,24)
w(51,8,9,25,25)
w(83,6,9,26,26)
w(85,11,9,27,27)
w(68,8,9,28,28)
w(22,6,9,29,29)
w(57,12,9,30,30)
w(64,5,9,31,31)
w(4,9,9,32,32)
w(80,6,9,33,33)
w(79,5,9,34,34)
w(65,2,9,35,35)
w(24,12,9,36,36)
w(7,14,9,37,37)
w(81,10,9,38,38)
w(42,15,9,39,39)
w(19,4,9,40,40)
w(67,9,9,41,41)
w(50,8,9,42,42)
r(65,2,9,43,43)
w(43,11,9,44,44)
w(48,6,9,45,45)
w(67,10,9,46,46)
w(9,8,9,47,47)
w(63,7,9,48,48)
w(90,8,9,49,49)
w(1,14,9,50,50)
w(12,11,9,51,51)
w(59,13,9,52,52)
w(89,7,9,53,53)
w(49,2,9,54,54)
w(69,9,9,55,55)
w(80,7,9,56,56)
w(41,9,9,57,57)
w(19,5,9,58,58)
w(24,13,9,59,59)
w(39,10,9,60,60)
w(45,8,9,61,61)
w(23,12,9,62,62)
w(40,13,9,63,63)
w(32,9,9,64,64)
w(98,10,9,65,65)
w(61,9,9,66,66)
w(79,6,9,67,67)
w(65,3,9,68,68)
w(41,10,9,69,69)
w(79,7,9,70,70)
w(35,17,9,71,71)
w(24,14,9,72,72)
r(55,12,9,73,73)
w(97,11,9,74,74)
w(95,10,9,75,75)
w(28,9,9,76,76)
w(65,4,9,77,77)
w(64,6,9,78,78)
w(83,7,9,79,79)
w(34,11,9,80,80)
w(39,11,9,81,81)
w(72,6,9,82,82)
r(17,7,9,83,83)
w(23,13,9,84,84)
w(95,11,9,85,85)
w(24,15,9,86,86)
w(5,14,9,87,87)
w(47,10,9,88,88)
w(81,11,9,89,89)
w(22,7,9,90,90)
w(70,16,9,91,91)
r(9,8,9,92,92)
w(79,8,9,93,93)
w(59,14,9,94,94)
w(60,12,9,95,95)
w(22,8,9,96,96)
w(85,12,9,97,97)
w(42,16,9,98,98)
r(23,13,9,99,99)
r(67,10,10,0,0)
w(36,13,10,1,1)
w(72,7,10,2,2)
w(55,13,10,3,3)
w(31,10,10,4,4)
r(61,9,10,5,5)
w(73,6,10,6,6)
r(71,5,10,7,7)
w(58,11,10,8,8)
w(95,12,10,9,9)
w(85,13,10,10,10)
w(54,14,10,11,11)
w(16,8,10,12,12)
w(10,10,10,13,13)
w(29,7,10,14,14)
w(38,8,10,15,15)
r(96,7,10,16,16)
w(80,8,10,17,17)
w(97,12,10,18,18)
w(42,17,10,19,19)
w(83,8,10,20,20)
r(2,5,10,21,21)
w(39,12,10,22,22)
r(55,13,10,23,23)
w(28,10,10,24,24)
w(21,7,10,25,25)
w(16,9,10,26,26)
w(18,6,10,27,27)
w(42,18,10,28,28)
r(93,7,10,29,29)
w(21,8,10,30,30)
w(59,15,10,31,31)
w(5,15,10,32,32)
w(36,14,10,33,33)
w(11,6,10,34,34)
r(18,6,10,35,35)
w(1,15,10,36,36)
w(74,7,10,37,37)
w(55,14,10,38,38)
w(22,9,10,39,39)
w(30,10,10,40,40)
w(75,5,10,41,41)
w(55,15,10,42,42)
w(81,12,10,43,43)
w(13,7,10,44,44)
w(88,10,10,45,45)
w(84,11,10,46,46)
w(87,8,10,47,47)
w(62,6,10,48,48)
w(0,5,10,49,49)
r(66,8,10,50,50)
w(3,12,10,51,51)
w(57,13,10,52,52)
r(32,9,10,53,53)
w(27,14,10,54,54)
w(19,6,10,55,55)
w(74,8,10,56,56)
w(77,10,10,57,57)
w(98,11,10,58,58)
w(17,8,10,59,59)
w(25,11,10,60,60)
w(99,11,10,61,61)
w(56,12,10,62,62)
w(98,12,10,63,63)
w(27,15,10,64,64)
w(86,13,10,65,65)
w(0,6,10,66,66)
w(9,9,10,67,67)
w(96,8,10,68,68)
w(87,9,10,69,69)
w(38,9,10,70,70)
w(60,13,10,71,71)
w(90,9,10,72,72)
r(19,6,10,73,73)
w(75,6,10,74,74)
r(20,6,10,75,75)
w(75,7,10,76,76)
w(76,7,10,77,77)
w(3,13,10,78,78)
w(48,7,10,79,79)
w(98,13,10,80,80)
w(5,16,10,81,81)
w(17,9,10,82,82)
w(55,16,10,83,83)
r(1,15,10,84,84)
w(74,9,10,85,85)
w(50,9,10,86,86)
w(33,9,10,87,87)
w(92,9,10,88,88)
w(83,9,10,89,89)
w(35,18,10,90,90)
r(58,11,10,91,91)
w(76,8,10,92,92)
w(57,14,10,93,93)
w(88,11,10,94,94)
w(21,9,10,95,95)
w(85,14,10,96,96)
w(49,3,10,97,97)
w(54,15,10,98,98)
w(64,7,10,99,99)
w(18,7,11,0,0)
w(38,10,11,1,1)
w(18,8,11,2,2)
w(84,12,11,3,3)
w(45,9,11,4,4)
w(0,7,11,5,5)
w(36,15,11,6,6)
w(97,13,11,7,7)
w(24,16,11,8,8)
w(19,7,11,9,9)
w(84,13,11,10,10)
w(45,10,11,11,11)
w(6,8,11,12,12)
w(2,6,11,13,13)
w(73,7,11,14,14)
w(34,12,11,15,15)
w(83,10,11,16,16)
w(73,8,11,17,17)
r(61,9,11,18,18)
w(50,10,11,19,19)
w(65,5,11,20,20)
w(83,11,11,21,21)
w(57,15,11,22,22)
w(58,12,11,23,23)
w(42,19,11,24,24)
w(54,16,11,25,25)
w(20,7,11,26,26)
w(41,11,11,27,27)
w(6,9,11,28,28)
w(71,6,11,29,29)
w(85,15,11,30,30)
w(91,18,11,31,31)
w(90,10,11,32,32)
w(79,9,11,33,33)
w(95,13,11,34,34)
w(11,7,11,35,35)
w(78,9,11,36,36)
w(99,12,11,37,37)
w(75,8,11,38,38)
w(73,9,11,39,39)
w(88,12,11,40,40)
w(95,14,11,41,41)
w(56,13,11,42,42)
w(80,9,11,43,43)
w(33,10,11,44,44)
w(65,6,11,45,45)
w(46,13,11,46,46)
r(31,10,11,47,47)
w(40,14,11,48,48)
w(13,8,11,49,49)
r(16,9,11,50,50)
r(61,9,11,51,51)
r(28,10,11,52,52)
w(75,9,11,53,53)
w(48,8,11,54,54)
w(79,10,11,55,55)
w(44,10,11,56,56)
w(16,10,11,57,57)
w(96,9,11,58,58)
w(12,12,11,59,59)
w(91,19,11,60,60)
r(65,6,11,61,61)
w(45,11,11,62,62)
w(92,10,11,63,63)
w(16,11,11,64,64)
w(97,14,11,65,65)
w(82,13,11,66,66)
w(98,14,11,67,67)
w(29,8,11,68,68)
w(1,16,11,69,69)
w(14,10,11,70,70)
w(51,9,11,71,71)
w(20,8,11,72,72)
w(22,10,11,73,73)
w(36,16,11,74,74)
w(0,8,11,75,75)
w(51,10,11,76,76)
w(68,9,11,77,77)
r(20,8,11,78,78)
w(11,8,11,79,79)
w(76,9,11,80,80)
w(8,11,11,81,81)
w(13,9,11,82,82)
r(42,19,11,83,83)
w(95,15,11,84,84)
w(38,11,11,85,85)
w(48,9,11,86,86)
w(1,17,11,87,87)
w(15,8,11,88,88)
w(19,8,11,89,89)
r(23,13,11,90,90)
w(97,15,11,91,91)
r(34,12,11,92,92)
w(43,12,11,93,93)
w(31,11,11,94,94)
w(49,4,11,95,95)
w(81,13,11,96,96)
w(30,11,11,97,97)
w(98,15,11,98,98)
w(62,7,11,99,99)
w(16,12,12,0,0)
w(55,17,12,1,1)
w(45,12,12,2,2)
w(58,13,12,3,3)
w(7,15,12,4,4)
w(18,9,12,5,5)
w(82,14,12,6,6)
w(16,13,12,7,7)
w(27,16,12,8,8)
w(70,17,12,9,9)
w(85,16,12,10,10)
w(86,14,12,11,11)
w(62,8,12,12,12)
w(30,12,12,13,13)
w(68,10,12,14,14)
w(25,12,12,15,15)
w(32,10,12,16,16)
w(81,14,12,17,17)
w(35,19,12,18,18)
w(20,9,12,19,19)
w(4,10,12,20,20)
w(39,13,12,21,21)
w(90,11,12,22,22)
w(68,11,12,23,23)
w(52,10,12,24,24)
w(84,14,12,25,25)
w(58,14,12,26,26)
w(69,10,12,27,27)
r(31,11,12,28,28)
w(55,18,12,29,29)
w(71,7,12,30,30)
w(43,13,12,31,31)
r(53,10,12,32,32)
w(7,16,12,33,33)
r(23,13,12,34,34)
w(30,13,12,35,35)
w(53,11,12,36,36)
r(50,10,12,37,37)
w(91,20,12,38,38)
w(59,16,12,39,39)
w(78,10,12,40,40)
w(41,12,12,41,41)
w(79,11,12,42,42)
r(22,10,12,43,43)
w(46,14,12,44,44)
w(94,7,12,45,45)
w(46,15,12,46,46)
w(92,11,12,47,47)
w(1,18,12,48,48)
w(99,13,12,49,49)
w(61,10,12,50,50)
w(62,9,12,51,51)
w(46,16,12,52,52)
w(30,14,12,53,53)
w(87,10,12,54,54)
w(22,11,12,55,55)
w(98,16,12,56,56)
w(14,11,12,57,57)
w(24,17,12,58,58)
w(57,16,12,59,59)
w(49,5,12,60,60)
w(66,9,12,61,61)
w(42,20,12,62,62)
w(12,13,12,63,63)
w(62,10,12,64,64)
w(54,17,12,65,65)
w(78,11,12,66,66)
w(28,11,12,67,67)
w(70,18,12,68,68)
w(75,10,12,69,69)
w(62,11,12,70,70)
w(61,11,12,71,71)
w(96,10,12,72,72)
w(9,10,12,73,73)
w(72,8,12,74,74)
w(60,14,12,75,75)
w(74,10,12,76,76)
w(24,18,12,77,77)
w(27,17,12,78,78)
w(21,10,12,79,79)
w(90,12,12,80,80)
w(9,11,12,81,81)
w(15,9,12,82,82)
w(77,11,12,83,83)
w(72,9,12,84,84)
w(97,16,12,85,85)
r(14,11,12,86,86)
w(20,10,12,87,87)
w(96,11,12,88,88)
w(14,12,12,89,89)
w(69,11,12,90,90)
r(52,10,12,91,91)
w(1,19,12,92,92)
w(12,14,12,93,93)
w(75,11,12,94,94)
w(14,13,12,95,95)
w(39,14,12,96,96)
w(71,8,12,97,97)
w(93,8,12,98,98)
w(14,14,12,99,99)
w(92,12,13,0,0)
w(12,15,13,1,1)
w(97,17,13,2,2)
w(68,12,13,3,3)
w(32,11,13,4,4)
r(95,15,13,5,5)
r(64,7,13,6,6)
w(64,8,13,7,7)
w(17,10,13,8,8)
w(53,12,13,9,9)
r(98,16,13,10,10)
w(58,15,13,11,11)
w(84,15,13,12,12)
w(52,11,13,13,13)
w(49,6,13,14,14)
w(99,14,13,15,15)
w(13,10,13,16,16)
w(74,11,13,17,17)
r(63,7,13,18,18)
w(14,15,13,19,19)
w(25,13,13,20,20)
w(17,11,13,21,21)
w(62,12,13,22,22)
w(18,10,13,23,23)
w(50,11,13,24,24)
w(40,15,13,25,25)
w(53,13,13,26,26)
w(65,7,13,27,27)
w(64,9,13,28,28)
w(24,19,13,29,29)
w(50,12,13,30,30)
w(89,8,13,31,31)
r(7,16,13,32,32)
w(35,20,13,33,33)
w(63,8,13,34,34)
w(55,19,13,35,35)
w(27,18,13,36,36)
w(67,11,13,37,37)
w(18,11,13,38,38)
w(42,21,13,39,39)
w(44,11,13,40,40)
w(78,12,13,41,41)
w(92,13,13,42,42)
w(43,14,13,43,43)
w(4,11,13,44,44)
w(0,9,13,45,45)
w(36,17,13,46,46)
w(22,12,13,47,47)
w(49,7,13,48,48)
w(0,10,13,49,49)
w(43,15,13,50,50)
w(49,8,13,51,51)
r(23,13,13,52,52)
w(64,10,13,53,53)
r(22,12,13,54,54)
w(22,13,13,55,55)
w(96,12,13,56,56)
w(47,11,13,57,57)
w(16,14,13,58,58)
w(97,18,13,59,59)
w(80,10,13,60,60)
w(43,16,13,61,61)
w(78,13,13,62,62)
w(48,10,13,63,63)
w(8,12,13,64,64)
w(76,10,13,65,65)
w(88,13,13,66,66)
w(8,13,13,67,67)
w(63,9,13,68,68)
w(93,9,13,69,69)
w(95,16,13,70,70)
w(94,8,13,71,71)
r(15,9,13,72,72)
w(97,19,13,73,73)
w(92,14,13,74,74)
w(21,11,13,75,75)
w(98,17,13,76,76)
w(78,14,13,77,77)
r(21,11,13,78,78)
w(25,14,13,79,79)
w(79,12,13,80,80)
w(32,12,13,81,81)
w(6,10,13,82,82)
w(17,12,13,83,83)
w(8,14,13,84,84)
w(49,9,13,85,85)
w(12,16,13,86,86)
w(80,11,13,87,87)
w(65,8,13,88,88)
w(19,9,13,89,89)
w(69,12,13,90,90)
r(48,10,13,91,91)
w(91,21,13,92,92)
w(54,18,13,93,93)
w(29,9,13,94,94)
w(4,12,13,95,95)
w(85,17,13,96,96)
w(75,12,13,97,97)
r(44,11,13,98,98)
w(4,13,13,99,99)
w(70,19,14,0,0)
w(32,13,14,1,1)
w(6,11,14,2,2)
w(88,14,14,3,3)
w(59,17,14,4,4)
w(73,10,14,5,5)
w(8,15,14,6,6)
w(8,16,14,7,7)
w(90,13,14,8,8)
r(63,9,14,9,9)
w(52,12,14,10,10)
w(80,12,14,11,11)
w(20,11,14,12,12)
w(33,11,14,13,13)
w(19,10,14,14,14)
w(92,15,14,15,15)
w(16,15,14,16,16)
w(31,12,14,17,17)
w(84,16,14,18,18)
w(45,13,14,19,19)
w(12,17,14,20,20)
w(70,20,14,21,21)
w(31,13,14,22,22)
r(84,16,14,23,23)
w(48,11,14,24,24)
w(26,9,14,25,25)
w(40,16,14,26,26)
w(36,18,14,27,27)
w(96,13,14,28,28)
w(1,20,14,29,29)
r(94,8,14,30,30)
w(68,13,14,31,31)
w(57,17,14,32,32)
w(60,15,14,33,33)
w(60,16,14,34,34)
w(73,11,14,35,35)
w(24,20,14,36,36)
w(13,11,14,37,37)
w(50,13,14,38,38)
w(37,11,14,39,39)
w(27,19,14,40,40)
w(45,14,14,41,41)
w(13,12,14,42,42)
w(76,11,14,43,43)
w(8,17,14,44,44)
r(61,11,14,45,45)
w(91,22,14,46,46)
w(83,12,14,47,47)
w(28,12,14,48,48)
w(90,14,14,49,49)
w(78,15,14,50,50)
w(62,13,14,51,51)
w(33,12,14,52,52)
r(67,11,14,53,53)
w(13,13,14,54,54)
w(19,11,14,55,55)
w(46,17,14,56,56)
w(33,13,14,57,57)
w(10,11,14,58,58)
w(68,14,14,59,59)
w(21,12,14,60,60)
w(21,13,14,61,61)
w(42,22,14,62,62)
w(70,21,14,63,63)
w(46,18,14,64,64)
w(37,12,14,65,65)
w(0,11,14,66,66)
w(66,10,14,67,67)
w(92,16,14,68,68)
w(30,15,14,69,69)
w(68,15,14,70,70)
w(93,10,14,71,71)
r(87,10,14,72,72)
w(46,19,14,73,73)
w(60,17,14,74,74)
r(34,12,14,75,75)
w(62,14,14,76,76)
w(8,18,14,77,77)
w(97,20,14,78,78)
w(51,11,14,79,79)
w(27,20,14,80,80)
w(26,10,14,81,81)
w(72,10,14,82,82)
w(24,21,14,83,83)
r(14,15,14,84,84)
w(67,12,14,85,85)
w(26,11,14,86,86)
w(92,17,14,87,87)
w(42,23,14,88,88)
w(7,17,14,89,89)
w(8,19,14,90,90)
w(26,12,14,91,91)
w(70,22,14,92,92)
w(65,9,14,93,93)
w(10,12,14,94,94)
w(42,24,14,95,95)
w(74,12,14,96,96)
w(25,15,14,97,97)
w(55,20,14,98,98)
w(21,14,14,99,99)
w(11,9,15,0,0)
w(80,13,15,1,1)
w(80,14,15,2,2)
w(78,16,15,3,3)
w(49,10,15,4,4)
w(81,15,15,5,5)
w(28,13,15,6,6)
w(16,16,15,7,7)
w(37,13,15,8,8)
w(91,23,15,9,9)
w(29,10,15,10,10)
r(41,12,15,11,11)
w(1,21,15,12,12)
w(49,11,15,13,13)
w(21,15,15,14,14)
w(79,13,15,15,15)
w(79,14,15,16,16)
w(26,13,15,17,17)
w(15,10,15,18,18)
w(45,15,15,19,19)
w(80,15,15,20,20)
r(38,11,15,21,21)
w(84,17,15,22,22)
w(80,16,15,23,23)
w(52,13,15,24,24)
w(62,15,15,25,25)
w(83,13,15,26,26)
w(65,10,15,27,27)
w(38,12,15,28,28)
w(15,11,15,29,29)
w(74,13,15,30,30)
w(86,15,15,31,31)
w(30,16,15,32,32)
r(4,13,15,33,33)
w(28,14,15,34,34)
w(41,13,15,35,35)
r(87,10,15,36,36)
w(48,12,15,37,37)
w(24,22,15,38,38)
w(18,12,15,39,39)
w(4,14,15,40,40)
w(46,20,15,41,41)
w(28,15,15,42,42)
w(82,15,15,43,43)
w(65,11,15,44,44)
w(30,17,15,45,45)
w(14,16,15,46,46)
w(99,15,15,47,47)
w(69,13,15,48,48)
w(39,15,15,49,49)
w(30,18,15,50,50)
w(76,12,15,51,51)
w(11,10,15,52,52)
w(19,12,15,53,53)
w(54,19,15,54,54)
w(25,16,15,55,55)
w(76,13,15,56,56)
w(69,14,15,57,57)
w(94,9,15,58,58)
w(76,14,15,59,59)
w(51,12,15,60,60)
w(86,16,15,61,61)
w(74,14,15,62,62)
w(62,16,15,63,63)
w(20,12,15,64,64)
w(11,11,15,65,65)
w(22,14,15,66,66)
w(60,18,15,67,67)
w(93,11,15,68,68)
w(56,14,15,69,69)
w(37,14,15,70,70)
w(75,13,15,71,71)
w(38,13,15,72,72)
w(44,12,15,73,73)
w(28,16,15,74,74)
r(42,24,15,75,75)
w(68,16,15,76,76)
w(71,9,15,77,77)
w(49,12,15,78,78)
w(12,18,15,79,79)
w(15,12,15,80,80)
w(9,12,15,81,81)
w(86,17,15,82,82)
w(68,17,15,83,83)
w(32,14,15,84,84)
w(68,18,15,85,85)
w(73,12,15,86,86)
w(26,14,15,87,87)
w(69,15,15,88,88)
w(57,18,15,89,89)
w(20,13,15,90,90)
w(42,25,15,91,91)
w(72,11,15,92,92)
w(11,12,15,93,93)
w(37,15,15,94,94)
w(47,12,15,95,95)
w(53,14,15,96,96)
w(24,23,15,97,97)
w(27,21,15,98,98)
w(81,16,15,99,99)
w(74,15,16,0,0)
w(27,22,16,1,1)
w(12,19,16,2,2)
w(44,13,16,3,3)
w(14,17,16,4,4)
w(20,14,16,5,5)
r(56,14,16,6,6)
r(38,13,16,7,7)
w(82,16,16,8,8)
w(77,12,16,9,9)
w(20,15,16,10,10)
w(52,14,16,11,11)
w(37,16,16,12,12)
w(29,11,16,13,13)
w(46,21,16,14,14)
w(11,13,16,15,15)
w(57,19,16,16,16)
w(4,15,16,17,17)
w(53,15,16,18,18)
w(95,17,16,19,19)
w(97,21,16,20,20)
w(29,12,16,21,21)
w(23,14,16,22,22)
w(13,14,16,23,23)
w(83,14,16,24,24)
w(29,13,16,25,25)
w(30,19,16,26,26)
w(1,22,16,27,27)
w(27,23,16,28,28)
w(9,13,16,29,29)
w(2,7,16,30,30)
r(61,11,16,31,31)
w(38,14,16,32,32)
w(33,14,16,33,33)
w(53,16,16,34,34)
w(92,18,16,35,35)
w(63,10,16,36,36)
w(74,16,16,37,37)
w(0,12,16,38,38)
w(87,11,16,39,39)
w(3,14,16,40,40)
w(34,13,16,41,41)
w(10,13,16,42,42)
w(80,17,16,43,43)
w(22,15,16,44,44)
w(19,13,16,45,45)
w(68,19,16,46,46)
w(93,12,16,47,47)
w(52,15,16,48,48)
w(21,16,16,49,49)
r(5,16,16,50,50)
w(63,11,16,51,51)
r(74,16,16,52,52)
w(60,19,16,53,53)
w(65,12,16,54,54)
w(63,12,16,55,55)
w(87,12,16,56,56)
w(69,16,16,57,57)
w(73,13,16,58,58)
r(44,13,16,59,59)
w(7,18,16,60,60)
w(87,13,16,61,61)
w(93,13,16,62,62)
w(51,13,16,63,63)
w(25,17,16,64,64)
r(32,14,16,65,65)
w(45,16,16,66,66)
w(38,15,16,67,67)
w(50,14,16,68,68)
w(44,14,16,69,69)
w(21,17,16,70,70)
w(44,15,16,71,71)
w(80,18,16,72,72)
w(27,24,16,73,73)
w(50,15,16,74,74)
w(45,17,16,75,75)
w(95,18,16,76,76)
w(86,18,16,77,77)
w(62,17,16,78,78)
w(17,13,16,79,79)
r(7,18,16,80,80)
r(51,13,16,81,81)
w(19,14,16,82,82)
w(25,18,16,83,83)
w(30,20,16,84,84)
w(8,20,16,85,85)
w(44,16,16,86,86)
w(75,14,16,87,87)
w(21,18,16,88,88)
w(20,16,16,89,89)
w(97,22,16,90,90)
w(34,14,16,91,91)
w(44,17,16,92,92)
w(71,10,16,93,93)
w(11,14,16,94,94)
w(29,14,16,95,95)
w(3,15,16,96,96)
r(9,13,16,97,97)
w(15,13,16,98,98)
w(11,15,16,99,99)
w(12,20,17,0,0)
w(27,25,17,1,1)
w(91,24,17,2,2)
w(46,22,17,3,3)
w(59,18,17,4,4)
w(9,14,17,5,5)
w(21,19,17,6,6)
w(91,25,17,7,7)
w(80,19,17,8,8)
r(18,12,17,9,9)
w(98,18,17,10,10)
w(33,15,17,11,11)
w(8,21,17,12,12)
w(46,23,17,13,13)
w(61,12,17,14,14)
w(68,20,17,15,15)
w(19,15,17,16,16)
w(87,14,17,17,17)
w(88,15,17,18,18)
w(47,13,17,19,19)
w(93,14,17,20,20)
w(48,13,17,21,21)
w(18,13,17,22,22)
w(68,21,17,23,23)
w(22,16,17,24,24)
w(7,19,17,25,25)
w(77,13,17,26,26)
w(95,19,17,27,27)
w(97,23,17,28,28)
w(78,17,17,29,29)
w(93,15,17,30,30)
w(12,21,17,31,31)
r(55,20,17,32,32)
w(51,14,17,33,33)
r(19,15,17,34,34)
w(37,17,17,35,35)
w(36,19,17,36,36)
w(84,18,17,37,37)
w(75,15,17,38,38)
w(40,17,17,39,39)
w(23,15,17,40,40)
w(12,22,17,41,41)
w(33,16,17,42,42)
w(80,20,17,43,43)
w(52,16,17,44,44)
w(25,19,17,45,45)
w(86,19,17,46,46)
w(81,17,17,47,47)
w(75,16,17,48,48)
w(20,17,17,49,49)
w(85,18,17,50,50)
w(30,21,17,51,51)
w(95,20,17,52,52)
w(65,13,17,53,53)
r(6,11,17,54,54)
w(26,15,17,55,55)
w(97,24,17,56,56)
w(99,16,17,57,57)
w(74,17,17,58,58)
w(81,18,17,59,59)
w(79,15,17,60,60)
w(32,15,17,61,61)
w(92,19,17,62,62)
w(36,20,17,63,63)
w(89,9,17,64,64)
w(44,18,17,65,65)
r(27,25,17,66,66)
w(36,21,17,67,67)
w(50,16,17,68,68)
w(33,17,17,69,69)
w(51,15,17,70,70)
w(89,10,17,71,71)
w(99,17,17,72,72)
w(82,17,17,73,73)
w(20,18,17,74,74)
w(27,26,17,75,75)
r(11,15,17,76,76)
w(81,19,17,77,77)
w(34,15,17,78,78)
w(48,14,17,79,79)
r(53,16,17,80,80)
w(69,17,17,81,81)
w(22,17,17,82,82)
w(29,15,17,83,83)
r(55,20,17,84,84)
w(92,20,17,85,85)
w(52,17,17,86,86)
w(19,16,17,87,87)
w(65,14,17,88,88)
w(78,18,17,89,89)
w(85,19,17,90,90)
w(25,20,17,91,91)
w(18,14,17,92,92)
w(24,24,17,93,93)
w(80,21,17,94,94)
w(3,16,17,95,95)
r(17,13,17,96,96)
w(42,26,17,97,97)
w(35,21,17,98,98)
r(10,13,17,99,99)
w(95,21,18,0,0)
r(97,24,18,1,1)
w(95,22,18,2,2)
w(14,18,18,3,3)
w(37,18,18,4,4)
w(4,16,18,5,5)
w(27,27,18,6,6)
w(55,21,18,7,7)
w(19,17,18,8,8)
w(41,14,18,9,9)
w(67,13,18,10,10)
w(46,24,18,11,11)
w(16,17,18,12,12)
w(37,19,18,13,13)
w(33,18,18,14,14)
w(15,14,18,15,15)
r(38,15,18,16,16)
w(66,11,18,17,17)
w(33,19,18,18,18)
w(89,11,18,19,19)
w(64,11,18,20,20)
w(31,14,18,21,21)
w(5,17,18,22,22)
r(92,20,18,23,23)
w(42,27,18,24,24)
w(11,16,18,25,25)
w(46,25,18,26,26)
w(16,18,18,27,27)
w(37,20,18,28,28)
w(1,23,18,29,29)
w(17,14,18,30,30)
w(2,8,18,31,31)
w(59,19,18,32,32)
w(73,14,18,33,33)
w(46,26,18,34,34)
w(69,18,18,35,35)
w(90,15,18,36,36)
w(22,18,18,37,37)
w(25,21,18,38,38)
w(19,18,18,39,39)
w(80,22,18,40,40)
w(25,22,18,41,41)
w(55,22,18,42,42)
w(44,19,18,43,43)
w(61,13,18,44,44)
w(7,20,18,45,45)
w(83,15,18,46,46)
r(46,26,18,47,47)
w(23,16,18,48,48)
w(13,15,18,49,49)
w(30,22,18,50,50)
w(28,17,18,51,51)
w(22,19,18,52,52)
w(96,14,18,53,53)
w(43,17,18,54,54)
w(79,16,18,55,55)
w(75,17,18,56,56)
w(84,19,18,57,57)
w(93,16,18,58,58)
w(91,26,18,59,59)
w(54,20,18,60,60)
w(12,23,18,61,61)
w(47,14,18,62,62)
w(89,12,18,63,63)
w(17,15,18,64,64)
w(14,19,18,65,65)
w(78,19,18,66,66)
w(31,15,18,67,67)
w(27,28,18,68,68)
w(33,20,18,69,69)
w(0,13,18,70,70)
w(60,20,18,71,71)
w(54,21,18,72,72)
w(71,11,18,73,73)
w(32,16,18,74,74)
w(90,16,18,75,75)
w(43,18,18,76,76)
w(72,12,18,77,77)
w(58,16,18,78,78)
w(77,14,18,79,79)
w(71,12,18,80,80)
w(91,27,18,81,81)
w(61,14,18,82,82)
w(94,10,18,83,83)
w(71,13,18,84,84)
w(23,17,18,85,85)
w(79,17,18,86,86)
w(8,22,18,87,87)
w(23,18,18,88,88)
w(34,16,18,89,89)
w(23,19,18,90,90)
w(71,14,18,91,91)
w(35,22,18,92,92)
w(11,17,18,93,93)
w(37,21,18,94,94)
w(51,16,18,95,95)
r(33,20,18,96,96)
w(17,16,18,97,97)
w(12,24,18,98,98)
w(93,17,18,99,99)
w(40,18,19,0,0)
w(31,16,19,1,1)
r(32,16,19,2,2)
w(1,24,19,3,3)
w(20,19,19,4,4)
w(85,20,19,5,5)
w(72,13,19,6,6)
w(70,23,19,7,7)
w(4,17,19,8,8)
w(86,20,19,9,9)
w(26,16,19,10,10)
w(94,11,19,11,11)
w(33,21,19,12,12)
w(98,19,19,13,13)
w(61,15,19,14,14)
w(59,20,19,15,15)
w(29,16,19,16,16)
w(82,18,19,17,17)
w(19,19,19,18,18)
w(16,19,19,19,19)
w(80,23,19,20,20)
w(58,17,19,21,21)
w(33,22,19,22,22)
w(9,15,19,23,23)
w(55,23,19,24,24)
w(97,25,19,25,25)
w(17,17,19,26,26)
w(38,16,19,27,27)
w(7,21,19,28,28)
w(49,13,19,29,29)
w(95,23,19,30,30)
w(82,19,19,31,31)
w(42,28,19,32,32)
w(26,17,19,33,33)
w(98,20,19,34,34)
w(4,18,19,35,35)
r(92,20,19,36,36)
w(29,17,19,37,37)
w(47,15,19,38,38)
w(96,15,19,39,39)
w(88,16,19,40,40)
w(27,29,19,41,41)
r(74,17,19,42,42)
w(70,24,19,43,43)
w(8,23,19,44,44)
w(9,16,19,45,45)
w(92,21,19,46,46)
w(86,21,19,47,47)
w(21,20,19,48,48)
w(89,13,19,49,49)
w(37,22,19,50,50)
r(6,11,19,51,51)
w(16,20,19,52,52)
w(94,12,19,53,53)
r(4,18,19,54,54)
w(28,18,19,55,55)
w(68,22,19,56,56)
w(41,15,19,57,57)
w(93,18,19,58,58)
w(37,23,19,59,59)
w(90,17,19,60,60)
w(25,23,19,61,61)
w(9,17,19,62,62)
r(31,16,19,63,63)
w(37,24,19,64,64)
r(15,14,19,65,65)
w(69,19,19,66,66)
w(43,19,19,67,67)
r(34,16,19,68,68)
w(37,25,19,69,69)
r(31,16,19,70,70)
w(93,19,19,71,71)
w(95,24,19,72,72)
r(97,25,19,73,73)
r(92,21,19,74,74)
r(79,17,19,75,75)
w(13,16,19,76,76)
w(17,18,19,77,77)
w(16,21,19,78,78)
w(72,14,19,79,79)
w(87,15,19,80,80)
w(82,20,19,81,81)
w(24,25,19,82,82)
w(46,27,19,83,83)
w(93,20,19,84,84)
w(91,28,19,85,85)
w(61,16,19,86,86)
w(37,26,19,87,87)
w(42,29,19,88,88)
w(83,16,19,89,89)
w(35,23,19,90,90)
w(81,20,19,91,91)
w(96,16,19,92,92)
w(22,20,19,93,93)
w(98,21,19,94,94)
w(33,23,19,95,95)
w(20,20,19,96,96)
w(65,15,19,97,97)
r(29,17,19,98,98)
r(39,15,19,99,99)
w(78,20,20,0,0)
w(65,16,20,1,1)
w(32,17,20,2,2)
w(25,24,20,3,3)
w(26,18,20,4,4)
w(33,24,20,5,5)
w(69,20,20,6,6)
w(70,25,20,7,7)
w(75,18,20,8,8)
w(33,25,20,9,9)
w(60,21,20,10,10)
w(62,18,20,11,11)
w(31,17,20,12,12)
w(99,18,20,13,13)
w(90,18,20,14,14)
w(22,21,20,15,15)
w(49,14,20,16,16)
w(66,12,20,17,17)
w(50,17,20,18,18)
w(92,22,20,19,19)
w(94,13,20,20,20)
w(66,13,20,21,21)
w(34,17,20,22,22)
w(25,25,20,23,23)
w(57,20,20,24,24)
w(77,15,20,25,25)
w(9,18,20,26,26)
w(76,15,20,27,27)
w(84,20,20,28,28)
w(35,24,20,29,29)
w(12,25,20,30,30)
w(69,21,20,31,31)
w(86,22,20,32,32)
w(11,18,20,33,33)
w(73,15,20,34,34)
w(88,17,20,35,35)
w(9,19,20,36,36)
w(37,27,20,37,37)
w(85,21,20,38,38)
w(16,22,20,39,39)
w(76,16,20,40,40)
w(27,30,20,41,41)
r(5,17,20,42,42)
w(41,16,20,43,43)
w(19,20,20,44,44)
w(4,19,20,45,45)
w(12,26,20,46,46)
w(96,17,20,47,47)
w(46,28,20,48,48)
w(38,17,20,49,49)
w(3,17,20,50,50)
w(98,22,20,51,51)
r(33,25,20,52,52)
w(6,12,20,53,53)
w(89,14,20,54,54)
w(81,21,20,55,55)
w(39,16,20,56,56)
w(34,18,20,57,57)
w(98,23,20,58,58)
w(41,17,20,59,59)
w(13,17,20,60,60)
w(64,12,20,61,61)
w(96,18,20,62,62)
w(54,22,20,63,63)
w(82,21,20,64,64)
w(50,18,20,65,65)
w(69,22,20,66,66)
w(85,22,20,67,67)
w(73,16,20,68,68)
w(52,18,20,69,69)
w(98,24,20,70,70)
r(17,18,20,71,71)
w(90,19,20,72,72)
w(79,18,20,73,73)
w(1,25,20,74,74)
r(39,16,20,75,75)
w(27,31,20,76,76)
w(34,19,20,77,77)
w(15,15,20,78,78)
w(83,17,20,79,79)
w(47,16,20,80,80)
w(92,23,20,81,81)
w(3,18,20,82,82)
r(3,18,20,83,83)
w(50,19,20,84,84)
w(8,24,20,85,85)
w(95,25,20,86,86)
w(21,21,20,87,87)
r(14,19,20,88,88)
w(94,14,20,89,89)
w(94,15,20,90,90)
w(5,18,20,91,91)
w(95,26,20,92,92)
w(88,18,20,93,93)
w(33,26,20,94,94)
w(51,17,20,95,95)
w(95,27,20,96,96)
w(39,17,20,97,97)
w(80,24,20,98,98)
w(37,28,20,99,99)
w(11,19,21,0,0)
w(39,18,21,1,1)
w(50,20,21,2,2)
w(69,23,21,3,3)
w(64,13,21,4,4)
w(38,18,21,5,5)
w(76,17,21,6,6)
w(39,19,21,7,7)
w(24,26,21,8,8)
w(20,21,21,9,9)
w(5,19,21,10,10)
w(36,22,21,11,11)
w(88,19,21,12,12)
w(29,18,21,13,13)
w(45,18,21,14,14)
w(50,21,21,15,15)
w(28,19,21,16,16)
w(37,29,21,17,17)
w(16,23,21,18,18)
w(9,20,21,19,19)
w(75,19,21,20,20)
w(91,29,21,21,21)
w(87,16,21,22,22)
r(82,21,21,23,23)
w(9,21,21,24,24)
r(30,22,21,25,25)
r(0,13,21,26,26)
w(49,15,21,27,27)
w(84,21,21,28,28)
w(44,20,21,29,29)
w(92,24,21,30,30)
w(36,23,21,31,31)
w(5,20,21,32,32)
w(14,20,21,33,33)
w(69,24,21,34,34)
w(30,23,21,35,35)
r(97,25,21,36,36)
w(83,18,21,37,37)
w(54,23,21,38,38)
w(50,22,21,39,39)
w(68,23,21,40,40)
w(93,21,21,41,41)
w(94,16,21,42,42)
w(84,22,21,43,43)
w(59,21,21,44,44)
w(57,21,21,45,45)
w(62,19,21,46,46)
w(8,25,21,47,47)
w(70,26,21,48,48)
w(79,19,21,49,49)
w(66,14,21,50,50)
w(57,22,21,51,51)
w(52,19,21,52,52)
w(76,18,21,53,53)
w(53,17,21,54,54)
w(21,22,21,55,55)
w(54,24,21,56,56)
w(19,21,21,57,57)
w(26,19,21,58,58)
w(77,16,21,59,59)
w(24,27,21,60,60)
w(21,23,21,61,61)
r(51,17,21,62,62)
w(33,27,21,63,63)
r(49,15,21,64,64)
w(28,20,21,65,65)
w(96,19,21,66,66)
w(74,18,21,67,67)
w(39,20,21,68,68)
w(54,25,21,69,69)
w(20,22,21,70,70)
w(12,27,21,71,71)
w(55,24,21,72,72)
w(76,19,21,73,73)
w(59,22,21,74,74)
w(72,15,21,75,75)
w(3,19,21,76,76)
w(25,26,21,77,77)
w(29,19,21,78,78)
w(70,27,21,79,79)
w(12,28,21,80,80)
w(68,24,21,81,81)
w(40,19,21,82,82)
w(36,24,21,83,83)
r(53,17,21,84,84)
w(32,18,21,85,85)
w(76,20,21,86,86)
w(37,30,21,87,87)
r(72,15,21,88,88)
r(9,21,21,89,89)
w(5,21,21,90,90)
w(43,20,21,91,91)
w(44,21,21,92,92)
w(19,22,21,93,93)
w(38,19,21,94,94)
r(92,24,21,95,95)
w(87,17,21,96,96)
w(68,25,21,97,97)
w(81,22,21,98,98)
w(40,20,21,99,99)
w(59,23,22,0,0)
w(58,18,22,1,1)
w(3,20,22,2,2)
w(62,20,22,3,3)
w(52,20,22,4,4)
w(89,15,22,5,5)
w(2,9,22,6,6)
w(57,23,22,7,7)
w(38,20,22,8,8)
w(53,18,22,9,9)
w(84,23,22,10,10)
w(96,20,22,11,11)
w(47,17,22,12,12)
w(79,20,22,13,13)
w(40,21,22,14,14)
w(37,31,22,15,15)
w(46,29,22,16,16)
w(94,17,22,17,17)
w(47,18,22,18,18)
w(60,22,22,19,19)
w(30,24,22,20,20)
w(66,15,22,21,21)
w(64,14,22,22,22)
w(94,18,22,23,23)
w(67,14,22,24,24)
w(81,23,22,25,25)
w(86,23,22,26,26)
w(41,18,22,27,27)
w(91,30,22,28,28)
w(26,20,22,29,29)
r(59,23,22,30,30)
w(88,20,22,31,31)
w(39,21,22,32,32)
w(92,25,22,33,33)
w(31,18,22,34,34)
w(37,32,22,35,35)
r(82,21,22,36,36)
w(75,20,22,37,37)
w(57,24,22,38,38)
w(94,19,22,39,39)
w(71,15,22,40,40)
w(75,21,22,41,41)
w(3,21,22,42,42)
w(36,25,22,43,43)
r(12,28,22,44,44)
w(7,22,22,45,45)
w(87,18,22,46,46)
w(75,22,22,47,47)
w(81,24,22,48,48)
r(6,12,22,49,49)
w(47,19,22,50,50)
w(41,19,22,51,51)
w(98,25,22,52,52)
w(15,16,22,53,53)
w(74,19,22,54,54)
w(20,23,22,55,55)
r(34,19,22,56,56)
w(79,21,22,57,57)
w(68,26,22,58,58)
w(69,25,22,59,59)
w(29,20,22,60,60)
r(36,25,22,61,61)
w(62,21,22,62,62)
w(68,27,22,63,63)
w(12,29,22,64,64)
r(41,19,22,65,65)
w(3,22,22,66,66)
w(42,30,22,67,67)
w(20,24,22,68,68)
w(42,31,22,69,69)
w(58,19,22,70,70)
w(61,17,22,71,71)
w(27,32,22,72,72)
w(13,18,22,73,73)
r(87,18,22,74,74)
w(33,28,22,75,75)
r(1,25,22,76,76)
w(60,23,22,77,77)
w(54,26,22,78,78)
w(6,13,22,79,79)
w(29,21,22,80,80)
w(16,24,22,81,81)
w(7,23,22,82,82)
w(61,18,22,83,83)
w(80,25,22,84,84)
w(61,19,22,85,85)
w(89,16,22,86,86)
w(77,17,22,87,87)
w(94,20,22,88,88)
w(12,30,22,89,89)
w(70,28,22,90,90)
w(86,24,22,91,91)
w(16,25,22,92,92)
w(18,15,22,93,93)
w(59,24,22,94,94)
r(46,29,22,95,95)
w(41,20,22,96,96)
w(47,20,22,97,97)
w(97,26,22,98,98)
w(1,26,22,99,99)
w(25,27,23,0,0)
w(53,19,23,1,1)
w(58,20,23,2,2)
w(90,20,23,3,3)
w(35,25,23,4,4)
w(83,19,23,5,5)
w(14,21,23,6,6)
w(14,22,23,7,7)
w(78,21,23,8,8)
w(94,21,23,9,9)
r(11,19,23,10,10)
w(96,21,23,11,11)
w(60,24,23,12,12)
w(11,20,23,13,13)
w(54,27,23,14,14)
w(39,22,23,15,15)
r(60,24,23,16,16)
w(15,17,23,17,17)
w(28,21,23,18,18)
w(51,18,23,19,19)
w(7,24,23,20,20)
w(74,20,23,21,21)
w(5,22,23,22,22)
w(86,25,23,23,23)
w(27,33,23,24,24)
w(75,23,23,25,25)
w(52,21,23,26,26)
w(85,23,23,27,27)
w(32,19,23,28,28)
w(50,23,23,29,29)
w(84,24,23,30,30)
w(45,19,23,31,31)
w(32,20,23,32,32)
w(67,15,23,33,33)
w(50,24,23,34,34)
w(31,19,23,35,35)
w(75,24,23,36,36)
w(77,18,23,37,37)
w(13,19,23,38,38)
w(4,20,23,39,39)
w(56,15,23,40,40)
r(11,20,23,41,41)
w(65,17,23,42,42)
w(20,25,23,43,43)
w(91,31,23,44,44)
w(95,28,23,45,45)
w(8,26,23,46,46)
w(92,26,23,47,47)
w(46,30,23,48,48)
r(54,27,23,49,49)
w(75,25,23,50,50)
w(52,22,23,51,51)
w(53,20,23,52,52)
w(61,20,23,53,53)
w(99,19,23,54,54)
w(14,23,23,55,55)
r(19,22,23,56,56)
w(66,16,23,57,57)
w(86,26,23,58,58)
w(89,17,23,59,59)
w(46,31,23,60,60)
w(5,23,23,61,61)
r(34,19,23,62,62)
w(25,28,23,63,63)
w(40,22,23,64,64)
w(97,27,23,65,65)
w(8,27,23,66,66)
w(75,26,23,67,67)
w(4,21,23,68,68)
w(27,34,23,69,69)
w(29,22,23,70,70)
w(95,29,23,71,71)
r(92,26,23,72,72)
w(89,18,23,73,73)
w(18,16,23,74,74)
w(88,21,23,75,75)
r(14,23,23,76,76)
w(29,23,23,77,77)
w(81,25,23,78,78)
w(86,27,23,79,79)
w(31,20,23,80,80)
w(29,24,23,81,81)
w(10,14,23,82,82)
w(69,26,23,83,83)
r(25,28,23,84,84)
w(82,22,23,85,85)
w(17,19,23,86,86)
w(97,28,23,87,87)
w(41,21,23,88,88)
w(55,25,23,89,89)
w(43,21,23,90,90)
r(24,27,23,91,91)
w(29,25,23,92,92)
w(49,16,23,93,93)
w(50,25,23,94,94)
w(51,19,23,95,95)
r(52,22,23,96,96)
r(64,14,23,97,97)
w(52,23,23,98,98)
w(45,20,23,99,99)
w(28,22,24,0,0)
w(55,26,24,1,1)
w(77,19,24,2,2)
w(76,21,24,3,3)
w(22,22,24,4,4)
w(9,22,24,5,5)
w(0,14,24,6,6)
w(3,23,24,7,7)
w(13,20,24,8,8)
w(46,32,24,9,9)
w(64,15,24,10,10)
r(67,15,24,11,11)
w(29,26,24,12,12)
w(93,22,24,13,13)
r(29,26,24,14,14)
w(94,22,24,15,15)
w(87,19,24,16,16)
w(81,26,24,17,17)
w(48,15,24,18,18)
r(6,13,24,19,19)
w(44,22,24,20,20)
w(64,16,24,21,21)
w(45,21,24,22,22)
r(83,19,24,23,23)
w(44,23,24,24,24)
w(61,21,24,25,25)
w(68,28,24,26,26)
w(85,24,24,27,27)
w(3,24,24,28,28)
w(70,29,24,29,29)
w(64,17,24,30,30)
w(79,22,24,31,31)
r(94,22,24,32,32)
w(46,33,24,33,33)
w(65,18,24,34,34)
w(64,18,24,35,35)
w(76,22,24,36,36)
w(15,18,24,37,37)
w(96,22,24,38,38)
r(81,26,24,39,39)
w(5,24,24,40,40)
w(93,23,24,41,41)
w(40,23,24,42,42)
w(37,33,24,43,43)
w(99,20,24,44,44)
w(94,23,24,45,45)
w(54,28,24,46,46)
w(71,16,24,47,47)
w(12,31,24,48,48)
w(3,25,24,49,49)
w(27,35,24,50,50)
w(5,25,24,51,51)
w(16,26,24,52,52)
w(28,23,24,53,53)
w(67,16,24,54,54)
w(29,27,24,55,55)
w(87,20,24,56,56)
w(60,25,24,57,57)
w(1,27,24,58,58)
w(25,29,24,59,59)
w(97,29,24,60,60)
w(81,27,24,61,61)
w(9,23,24,62,62)
w(64,19,24,63,63)
w(30,25,24,64,64)
w(64,20,24,65,65)
w(98,26,24,66,66)
w(17,20,24,67,67)
w(86,28,24,68,68)
w(36,26,24,69,69)
w(85,25,24,70,70)
w(87,21,24,71,71)
w(66,17,24,72,72)
r(39,22,24,73,73)
w(95,30,24,74,74)
w(1,28,24,75,75)
w(19,23,24,76,76)
w(89,19,24,77,77)
w(1,29,24,78,78)
w(98,27,24,79,79)
w(5,26,24,80,80)
w(55,27,24,81,81)
w(60,26,24,82,82)
w(29,28,24,83,83)
w(68,29,24,84,84)
w(75,27,24,85,85)
w(21,24,24,86,86)
w(25,30,24,87,87)
w(31,21,24,88,88)
w(66,18,24,89,89)
w(42,32,24,90,90)
w(41,22,24,91,91)
w(26,21,24,92,92)
w(84,25,24,93,93)
w(43,22,24,94,94)
w(16,27,24,95,95)
w(37,34,24,96,96)
w(44,24,24,97,97)
w(3,26,24,98,98)
w(42,33,24,99,99)
