r(64,0,0,0,0)
w(13,1,0,1,1)
w(92,1,0,2,2)
w(53,1,0,3,3)
r(16,0,0,4,4)
w(81,1,0,5,5)
w(25,1,0,6,6)
r(85,0,0,7,7)
w(60,1,0,8,8)
w(72,1,0,9,9)
r(31,0,0,10,10)
w(83,1,0,11,11)
w(45,1,0,12,12)
w(14,1,0,13,13)
r(9,0,0,14,14)
w(51,1,0,15,15)
w(36,1,0,16,16)
w(88,1,0,17,17)
w(30,1,0,18,18)
w(10,1,0,19,19)
w(10,2,0,20,20)
w(70,1,0,21,21)
w(52,1,0,22,22)
w(40,1,0,23,23)
w(46,1,0,24,24)
w(79,1,0,25,25)
w(11,1,0,26,26)
w(81,2,0,27,27)
w(27,1,0,28,28)
w(93,1,0,29,29)
w(9,1,0,30,30)
w(69,1,0,31,31)
r(79,1,0,32,32)
w(64,1,0,33,33)
w(53,2,0,34,34)
w(21,1,0,35,35)
r(45,1,0,36,36)
w(18,1,0,37,37)
r(61,0,0,38,38)
w(35,1,0,39,39)
w(86,1,0,40,40)
w(41,1,0,41,41)
w(79,2,0,42,42)
w(4,1,0,43,43)
w(1,1,0,44,44)
w(46,2,0,45,45)
w(5,1,0,46,46)
w(93,2,0,47,47)
w(99,1,0,48,48)
w(27,2,0,49,49)
w(98,1,0,50,50)
w(67,1,0,51,51)
w(95,1,0,52,52)
w(50,1,0,53,53)
w(7,1,0,54,54)
w(66,1,0,55,55)
w(37,1,0,56,56)
w(97,1,0,57,57)
w(76,1,0,58,58)
w(26,1,0,59,59)
w(98,2,0,60,60)
w(80,1,0,61,61)
w(90,1,0,62,62)
w(36,2,0,63,63)
r(11,1,0,64,64)
w(20,1,0,65,65)
w(33,1,0,66,66)
w(22,1,0,67,67)
w(85,1,0,68,68)
r(61,0,0,69,69)
w(81,3,0,70,70)
w(96,1,0,71,71)
w(18,2,0,72,72)
w(93,3,0,73,73)
w(40,2,0,74,74)
w(29,1,0,75,75)
w(0,1,0,76,76)
w(28,1,0,77,77)
w(47,1,0,78,78)
r(12,0,0,79,79)
r(89,0,0,80,80)
w(88,2,0,81,81)
w(69,2,0,82,82)
w(69,3,0,83,83)
w(27,3,0,84,84)
w(49,1,0,85,85)
w(84,1,0,86,86)
w(46,3,0,87,87)
w(28,2,0,88,88)
w(37,2,0,89,89)
w(75,1,0,90,90)
w(59,1,0,91,91)
w(24,1,0,92,92)
w(12,1,0,93,93)
r(23,0,0,94,94)
w(40,3,0,95,95)
w(55,1,0,96,96)
w(57,1,0,97,97)
w(26,2,0,98,98)
w(82,1,0,99,99)
w(26,3,1,0,0)
w(79,3,1,1,1)
w(34,1,1,2,2)
r(3,0,1,3,3)
w(51,2,1,4,4)
w(19,1,1,5,5)
w(48,1,1,6,6)
w(5,2,1,7,7)
r(91,0,1,8,8)
w(50,2,1,9,9)
w(59,2,1,10,10)
w(75,2,1,11,11)
w(10,3,1,12,12)
w(26,4,1,13,13)
r(6,0,1,14,14)
w(83,2,1,15,15)
w(2,1,1,16,16)
w(82,2,1,17,17)
w(57,2,1,18,18)
w(33,2,1,19,19)
w(36,3,1,20,20)
r(43,0,1,21,21)
w(83,3,1,22,22)
w(17,1,1,23,23)
w(47,2,1,24,24)
w(87,1,1,25,25)
r(86,1,1,26,26)
w(97,2,1,27,27)
w(58,1,1,28,28)
w(66,2,1,29,29)
w(68,1,1,30,30)
r(18,2,1,31,31)
w(44,1,1,32,32)
r(53,2,1,33,33)
w(25,2,1,34,34)
w(2,2,1,35,35)
w(5,3,1,36,36)
w(0,2,1,37,37)
w(21,2,1,38,38)
w(59,3,1,39,39)
w(36,4,1,40,40)
w(24,2,1,41,41)
w(48,2,1,42,42)
w(58,2,1,43,43)
w(71,1,1,44,44)
w(9,2,1,45,45)
w(72,2,1,46,46)
w(41,2,1,47,47)
w(65,1,1,48,48)
w(45,2,1,49,49)
w(38,1,1,50,50)
w(96,2,1,51,51)
w(26,5,1,52,52)
w(59,4,1,53,53)
w(26,6,1,54,54)
w(16,1,1,55,55)
w(26,7,1,56,56)
w(65,2,1,57,57)
w(47,3,1,58,58)
w(49,2,1,59,59)
w(86,2,1,60,60)
w(85,2,1,61,61)
w(9,3,1,62,62)
w(4,2,1,63,63)
w(97,3,1,64,64)
w(69,4,1,65,65)
w(99,2,1,66,66)
w(26,8,1,67,67)
w(13,2,1,68,68)
w(51,3,1,69,69)
w(39,1,1,70,70)
r(66,2,1,71,71)
w(33,3,1,72,72)
w(4,3,1,73,73)
w(18,3,1,74,74)
w(27,4,1,75,75)
w(37,3,1,76,76)
w(34,2,1,77,77)
r(48,2,1,78,78)
w(79,4,1,79,79)
w(32,1,1,80,80)
w(74,1,1,81,81)
w(3,1,1,82,82)
w(45,3,1,83,83)
w(59,5,1,84,84)
w(58,3,1,85,85)
r(60,1,1,86,86)
w(10,4,1,87,87)
w(96,3,1,88,88)
w(41,3,1,89,89)
w(50,3,1,90,90)
r(25,2,1,91,91)
w(21,3,1,92,92)
w(8,1,1,93,93)
w(58,4,1,94,94)
w(4,4,1,95,95)
w(13,3,1,96,96)
w(72,3,1,97,97)
w(10,5,1,98,98)
w(86,3,1,99,99)
w(39,2,2,0,0)
w(84,2,2,1,1)
w(0,3,2,2,2)
w(22,2,2,3,3)
w(35,2,2,4,4)
w(70,2,2,5,5)
w(27,5,2,6,6)
w(48,3,2,7,7)
w(81,4,2,8,8)
w(29,2,2,9,9)
r(91,0,2,10,10)
w(84,3,2,11,11)
w(45,4,2,12,12)
w(29,3,2,13,13)
w(33,4,2,14,14)
w(10,6,2,15,15)
w(47,4,2,16,16)
w(74,2,2,17,17)
w(56,1,2,18,18)
w(56,2,2,19,19)
w(8,2,2,20,20)
w(91,1,2,21,21)
w(69,5,2,22,22)
w(62,1,2,23,23)
w(47,5,2,24,24)
w(22,3,2,25,25)
w(60,2,2,26,26)
w(44,2,2,27,27)
w(96,4,2,28,28)
w(36,5,2,29,29)
w(41,4,2,30,30)
w(85,3,2,31,31)
w(66,3,2,32,32)
w(11,2,2,33,33)
w(55,2,2,34,34)
w(66,4,2,35,35)
w(5,4,2,36,36)
w(91,2,2,37,37)
w(98,3,2,38,38)
w(71,2,2,39,39)
w(6,1,2,40,40)
w(37,4,2,41,41)
w(55,3,2,42,42)
w(18,4,2,43,43)
w(48,4,2,44,44)
w(23,1,2,45,45)
w(78,1,2,46,46)
w(95,2,2,47,47)
w(14,2,2,48,48)
w(78,2,2,49,49)
w(0,4,2,50,50)
w(46,4,2,51,51)
w(63,1,2,52,52)
w(94,1,2,53,53)
w(68,2,2,54,54)
w(88,3,2,55,55)
w(83,4,2,56,56)
w(71,3,2,57,57)
w(93,4,2,58,58)
w(81,5,2,59,59)
r(56,2,2,60,60)
w(47,6,2,61,61)
w(76,2,2,62,62)
w(83,5,2,63,63)
w(66,5,2,64,64)
w(9,4,2,65,65)
w(52,2,2,66,66)
w(8,3,2,67,67)
w(22,4,2,68,68)
w(27,6,2,69,69)
w(14,3,2,70,70)
w(20,2,2,71,71)
w(80,2,2,72,72)
w(88,4,2,73,73)
w(50,4,2,74,74)
w(97,4,2,75,75)
w(38,2,2,76,76)
w(69,6,2,77,77)
w(93,5,2,78,78)
r(1,1,2,79,79)
w(26,9,2,80,80)
w(49,3,2,81,81)
w(48,5,2,82,82)
r(2,2,2,83,83)
w(58,5,2,84,84)
w(29,4,2,85,85)
w(18,5,2,86,86)
w(58,6,2,87,87)
w(70,3,2,88,88)
w(52,3,2,89,89)
w(28,3,2,90,90)
w(38,3,2,91,91)
w(46,5,2,92,92)
w(10,7,2,93,93)
w(9,5,2,94,94)
w(16,2,2,95,95)
w(89,1,2,96,96)
r(79,4,2,97,97)
w(47,7,2,98,98)
w(30,2,2,99,99)
w(52,4,3,0,0)
r(97,4,3,1,1)
w(35,3,3,2,2)
w(84,4,3,3,3)
w(25,3,3,4,4)
w(38,4,3,5,5)
w(69,7,3,6,6)
w(6,2,3,7,7)
w(60,3,3,8,8)
w(66,6,3,9,9)
r(3,1,3,10,10)
w(87,2,3,11,11)
w(33,5,3,12,12)
w(4,5,3,13,13)
r(15,0,3,14,14)
w(13,4,3,15,15)
w(9,6,3,16,16)
w(27,7,3,17,17)
w(54,1,3,18,18)
w(72,4,3,19,19)
w(28,4,3,20,20)
w(64,2,3,21,21)
w(94,2,3,22,22)
w(7,2,3,23,23)
w(51,4,3,24,24)
w(78,3,3,25,25)
w(10,8,3,26,26)
w(90,2,3,27,27)
w(86,4,3,28,28)
w(32,2,3,29,29)
w(33,6,3,30,30)
w(42,1,3,31,31)
w(10,9,3,32,32)
w(96,5,3,33,33)
w(48,6,3,34,34)
w(9,7,3,35,35)
w(83,6,3,36,36)
w(64,3,3,37,37)
w(5,5,3,38,38)
w(83,7,3,39,39)
w(72,5,3,40,40)
w(49,4,3,41,41)
w(63,2,3,42,42)
r(26,9,3,43,43)
w(27,8,3,44,44)
w(54,2,3,45,45)
w(19,2,3,46,46)
w(76,3,3,47,47)
w(3,2,3,48,48)
w(10,10,3,49,49)
r(48,6,3,50,50)
w(53,3,3,51,51)
w(46,6,3,52,52)
w(50,5,3,53,53)
w(0,5,3,54,54)
w(92,2,3,55,55)
w(58,7,3,56,56)
w(16,3,3,57,57)
w(64,4,3,58,58)
w(6,3,3,59,59)
r(31,0,3,60,60)
w(96,6,3,61,61)
w(64,5,3,62,62)
w(36,6,3,63,63)
w(13,5,3,64,64)
w(18,6,3,65,65)
w(79,5,3,66,66)
w(18,7,3,67,67)
r(80,2,3,68,68)
w(73,1,3,69,69)
w(70,4,3,70,70)
w(12,2,3,71,71)
w(48,7,3,72,72)
r(73,1,3,73,73)
w(36,7,3,74,74)
w(91,3,3,75,75)
w(44,3,3,76,76)
w(71,4,3,77,77)
w(97,5,3,78,78)
w(8,4,3,79,79)
w(5,6,3,80,80)
w(8,5,3,81,81)
r(77,0,3,82,82)
w(58,8,3,83,83)
r(79,5,3,84,84)
w(87,3,3,85,85)
w(74,3,3,86,86)
w(96,7,3,87,87)
w(77,1,3,88,88)
w(77,2,3,89,89)
r(71,4,3,90,90)
w(78,4,3,91,91)
w(9,8,3,92,92)
w(56,3,3,93,93)
w(9,9,3,94,94)
w(1,2,3,95,95)
w(39,3,3,96,96)
w(97,6,3,97,97)
w(50,6,3,98,98)
w(87,4,3,99,99)
r(21,3,4,0,0)
r(45,4,4,1,1)
w(95,3,4,2,2)
w(70,5,4,3,3)
w(16,4,4,4,4)
w(45,5,4,5,5)
w(34,3,4,6,6)
w(45,6,4,7,7)
r(16,4,4,8,8)
w(8,6,4,9,9)
w(86,5,4,10,10)
w(41,5,4,11,11)
w(71,5,4,12,12)
w(74,4,4,13,13)
w(18,8,4,14,14)
w(38,5,4,15,15)
w(5,7,4,16,16)
w(52,5,4,17,17)
w(27,9,4,18,18)
w(57,3,4,19,19)
w(19,3,4,20,20)
w(28,5,4,21,21)
w(71,6,4,22,22)
w(36,8,4,23,23)
w(86,6,4,24,24)
w(77,3,4,25,25)
w(49,5,4,26,26)
w(44,4,4,27,27)
w(34,4,4,28,28)
w(41,6,4,29,29)
w(25,4,4,30,30)
w(57,4,4,31,31)
w(7,3,4,32,32)
w(28,6,4,33,33)
w(25,5,4,34,34)
w(87,5,4,35,35)
w(30,3,4,36,36)
w(74,5,4,37,37)
w(23,2,4,38,38)
r(14,3,4,39,39)
w(20,3,4,40,40)
w(6,4,4,41,41)
w(1,3,4,42,42)
w(55,4,4,43,43)
w(97,7,4,44,44)
w(20,4,4,45,45)
w(78,5,4,46,46)
w(86,7,4,47,47)
w(74,6,4,48,48)
w(95,4,4,49,49)
w(62,2,4,50,50)
w(0,6,4,51,51)
w(87,6,4,52,52)
w(66,7,4,53,53)
w(50,7,4,54,54)
w(60,4,4,55,55)
w(77,4,4,56,56)
w(96,8,4,57,57)
w(66,8,4,58,58)
w(97,8,4,59,59)
w(81,6,4,60,60)
r(60,4,4,61,61)
r(13,5,4,62,62)
w(99,3,4,63,63)
w(89,2,4,64,64)
w(36,9,4,65,65)
w(71,7,4,66,66)
r(69,7,4,67,67)
w(31,1,4,68,68)
w(98,4,4,69,69)
w(24,3,4,70,70)
r(42,1,4,71,71)
r(13,5,4,72,72)
r(74,6,4,73,73)
r(27,9,4,74,74)
w(87,7,4,75,75)
w(5,8,4,76,76)
w(2,3,4,77,77)
w(62,3,4,78,78)
w(26,10,4,79,79)
r(66,8,4,80,80)
w(10,11,4,81,81)
w(57,5,4,82,82)
w(35,4,4,83,83)
w(62,4,4,84,84)
w(55,5,4,85,85)
w(92,3,4,86,86)
w(5,9,4,87,87)
w(44,5,4,88,88)
r(90,2,4,89,89)
w(55,6,4,90,90)
w(10,12,4,91,91)
w(29,5,4,92,92)
w(43,1,4,93,93)
w(55,7,4,94,94)
r(39,3,4,95,95)
w(39,4,4,96,96)
w(79,6,4,97,97)
w(13,6,4,98,98)
w(15,1,4,99,99)
w(72,6,5,0,0)
w(22,5,5,1,1)
w(0,7,5,2,2)
w(96,9,5,3,3)
w(98,5,5,4,4)
w(51,5,5,5,5)
w(24,4,5,6,6)
w(10,13,5,7,7)
r(50,7,5,8,8)
w(29,6,5,9,9)
w(24,5,5,10,10)
w(39,5,5,11,11)
w(8,7,5,12,12)
w(89,3,5,13,13)
r(19,3,5,14,14)
w(31,2,5,15,15)
w(2,4,5,16,16)
w(29,7,5,17,17)
r(8,7,5,18,18)
w(72,7,5,19,19)
r(32,2,5,20,20)
w(98,6,5,21,21)
w(4,6,5,22,22)
r(53,3,5,23,23)
w(95,5,5,24,24)
w(10,14,5,25,25)
w(21,4,5,26,26)
w(31,3,5,27,27)
w(86,8,5,28,28)
w(14,4,5,29,29)
w(84,5,5,30,30)
w(50,8,5,31,31)
w(4,7,5,32,32)
w(36,10,5,33,33)
w(94,3,5,34,34)
w(49,6,5,35,35)
w(83,8,5,36,36)
w(28,7,5,37,37)
w(92,4,5,38,38)
w(57,6,5,39,39)
w(7,4,5,40,40)
w(85,4,5,41,41)
w(39,6,5,42,42)
w(34,5,5,43,43)
r(98,6,5,44,44)
w(20,5,5,45,45)
w(47,8,5,46,46)
w(28,8,5,47,47)
w(23,3,5,48,48)
r(25,5,5,49,49)
w(72,8,5,50,50)
w(49,7,5,51,51)
w(6,5,5,52,52)
w(1,4,5,53,53)
r(20,5,5,54,54)
w(91,4,5,55,55)
w(76,4,5,56,56)
w(44,6,5,57,57)
w(41,7,5,58,58)
w(91,5,5,59,59)
w(89,4,5,60,60)
w(10,15,5,61,61)
w(99,4,5,62,62)
w(17,2,5,63,63)
w(26,11,5,64,64)
w(0,8,5,65,65)
w(23,4,5,66,66)
w(89,5,5,67,67)
w(58,9,5,68,68)
w(11,3,5,69,69)
r(77,4,5,70,70)
w(61,1,5,71,71)
w(24,6,5,72,72)
w(71,8,5,73,73)
w(74,7,5,74,74)
w(50,9,5,75,75)
w(59,6,5,76,76)
w(86,9,5,77,77)
r(99,4,5,78,78)
w(80,3,5,79,79)
w(73,2,5,80,80)
w(13,7,5,81,81)
w(14,5,5,82,82)
w(79,7,5,83,83)
r(85,4,5,84,84)
w(22,6,5,85,85)
w(56,4,5,86,86)
w(0,9,5,87,87)
w(87,8,5,88,88)
w(52,6,5,89,89)
w(13,8,5,90,90)
w(79,8,5,91,91)
w(62,5,5,92,92)
w(2,5,5,93,93)
w(58,10,5,94,94)
w(77,5,5,95,95)
w(87,9,5,96,96)
w(16,5,5,97,97)
w(26,12,5,98,98)
w(64,6,5,99,99)
w(89,6,6,0,0)
w(96,10,6,1,1)
w(66,9,6,2,2)
w(50,10,6,3,3)
w(7,5,6,4,4)
w(69,8,6,5,5)
w(33,7,6,6,6)
r(49,7,6,7,7)
r(4,7,6,8,8)
w(66,10,6,9,9)
r(33,7,6,10,10)
w(95,6,6,11,11)
w(55,8,6,12,12)
r(92,4,6,13,13)
w(27,10,6,14,14)
w(40,4,6,15,15)
w(2,6,6,16,16)
w(22,7,6,17,17)
w(15,2,6,18,18)
w(24,7,6,19,19)
w(98,7,6,20,20)
w(4,8,6,21,21)
w(69,9,6,22,22)
r(54,2,6,23,23)
w(12,3,6,24,24)
w(55,9,6,25,25)
w(22,8,6,26,26)
w(2,7,6,27,27)
w(94,4,6,28,28)
w(49,8,6,29,29)
w(99,5,6,30,30)
w(90,3,6,31,31)
w(75,3,6,32,32)
w(42,2,6,33,33)
w(22,9,6,34,34)
r(87,9,6,35,35)
w(88,5,6,36,36)
w(47,9,6,37,37)
w(96,11,6,38,38)
r(87,9,6,39,39)
w(60,5,6,40,40)
w(79,9,6,41,41)
w(18,9,6,42,42)
w(52,7,6,43,43)
w(56,5,6,44,44)
w(17,3,6,45,45)
w(93,6,6,46,46)
w(66,11,6,47,47)
w(59,7,6,48,48)
w(3,3,6,49,49)
w(18,10,6,50,50)
w(67,2,6,51,51)
w(3,4,6,52,52)
w(58,11,6,53,53)
w(16,6,6,54,54)
w(8,8,6,55,55)
w(83,9,6,56,56)
w(46,7,6,57,57)
w(18,11,6,58,58)
w(17,4,6,59,59)
w(21,5,6,60,60)
w(81,7,6,61,61)
r(64,6,6,62,62)
w(56,6,6,63,63)
w(26,13,6,64,64)
w(71,9,6,65,65)
w(48,8,6,66,66)
w(52,8,6,67,67)
w(34,6,6,68,68)
w(5,10,6,69,69)
w(55,10,6,70,70)
w(31,4,6,71,71)
w(80,4,6,72,72)
w(35,5,6,73,73)
w(79,10,6,74,74)
w(24,8,6,75,75)
w(53,4,6,76,76)
w(32,3,6,77,77)
w(3,5,6,78,78)
w(45,7,6,79,79)
w(54,3,6,80,80)
w(60,6,6,81,81)
w(50,11,6,82,82)
w(91,6,6,83,83)
w(41,8,6,84,84)
w(70,6,6,85,85)
w(78,6,6,86,86)
w(87,10,6,87,87)
w(28,9,6,88,88)
w(9,10,6,89,89)
w(11,4,6,90,90)
w(30,4,6,91,91)
w(76,5,6,92,92)
w(77,6,6,93,93)
r(24,8,6,94,94)
w(93,7,6,95,95)
w(28,10,6,96,96)
w(41,9,6,97,97)
w(23,5,6,98,98)
w(7,6,6,99,99)
w(48,9,7,0,0)
w(16,7,7,1,1)
w(91,7,7,2,2)
w(86,10,7,3,3)
w(81,8,7,4,4)
w(88,6,7,5,5)
w(20,6,7,6,6)
w(99,6,7,7,7)
w(79,11,7,8,8)
w(56,7,7,9,9)
w(44,7,7,10,10)
w(88,7,7,11,11)
w(45,8,7,12,12)
r(75,3,7,13,13)
w(35,6,7,14,14)
w(63,3,7,15,15)
r(67,2,7,16,16)
w(41,10,7,17,17)
w(28,11,7,18,18)
w(91,8,7,19,19)
w(38,6,7,20,20)
w(63,4,7,21,21)
w(47,10,7,22,22)
r(15,2,7,23,23)
w(1,5,7,24,24)
w(1,6,7,25,25)
w(90,4,7,26,26)
w(17,5,7,27,27)
w(28,12,7,28,28)
r(78,6,7,29,29)
w(72,9,7,30,30)
w(26,14,7,31,31)
w(39,7,7,32,32)
w(43,2,7,33,33)
w(68,3,7,34,34)
w(90,5,7,35,35)
w(62,6,7,36,36)
w(92,5,7,37,37)
r(14,5,7,38,38)
w(77,7,7,39,39)
w(8,9,7,40,40)
w(52,9,7,41,41)
w(79,12,7,42,42)
w(60,7,7,43,43)
w(13,9,7,44,44)
w(73,3,7,45,45)
w(48,10,7,46,46)
w(56,8,7,47,47)
w(46,8,7,48,48)
w(39,8,7,49,49)
w(89,7,7,50,50)
w(75,4,7,51,51)
w(11,5,7,52,52)
w(81,9,7,53,53)
w(54,4,7,54,54)
w(85,5,7,55,55)
w(2,8,7,56,56)
w(85,6,7,57,57)
w(47,11,7,58,58)
w(10,16,7,59,59)
w(56,9,7,60,60)
w(8,10,7,61,61)
w(83,10,7,62,62)
r(78,6,7,63,63)
r(25,5,7,64,64)
w(22,10,7,65,65)
w(82,3,7,66,66)
w(79,13,7,67,67)
w(60,8,7,68,68)
w(66,12,7,69,69)
w(13,10,7,70,70)
w(4,9,7,71,71)
w(70,7,7,72,72)
w(95,7,7,73,73)
w(34,7,7,74,74)
w(52,10,7,75,75)
w(12,4,7,76,76)
w(73,4,7,77,77)
w(80,5,7,78,78)
w(19,4,7,79,79)
w(72,10,7,80,80)
w(79,14,7,81,81)
w(21,6,7,82,82)
w(21,7,7,83,83)
w(85,7,7,84,84)
w(97,9,7,85,85)
w(22,11,7,86,86)
w(73,5,7,87,87)
w(66,13,7,88,88)
w(15,3,7,89,89)
w(77,8,7,90,90)
w(74,8,7,91,91)
w(72,11,7,92,92)
r(48,10,7,93,93)
w(21,8,7,94,94)
w(30,5,7,95,95)
w(3,6,7,96,96)
w(12,5,7,97,97)
w(67,3,7,98,98)
w(56,10,7,99,99)
w(2,9,8,0,0)
r(37,4,8,1,1)
r(9,10,8,2,2)
w(66,14,8,3,3)
w(65,3,8,4,4)
w(71,10,8,5,5)
w(2,10,8,6,6)
w(80,6,8,7,7)
w(46,9,8,8,8)
r(62,6,8,9,9)
w(36,11,8,10,10)
w(88,8,8,11,11)
w(67,4,8,12,12)
w(85,8,8,13,13)
w(3,7,8,14,14)
w(13,11,8,15,15)
w(61,2,8,16,16)
w(38,7,8,17,17)
w(11,6,8,18,18)
r(21,8,8,19,19)
w(91,9,8,20,20)
w(47,12,8,21,21)
w(69,10,8,22,22)
w(35,7,8,23,23)
w(16,8,8,24,24)
w(54,5,8,25,25)
w(51,6,8,26,26)
w(89,8,8,27,27)
w(54,6,8,28,28)
w(14,6,8,29,29)
w(49,9,8,30,30)
w(33,8,8,31,31)
r(8,10,8,32,32)
w(80,7,8,33,33)
w(65,4,8,34,34)
w(82,4,8,35,35)
r(79,14,8,36,36)
w(84,6,8,37,37)
w(17,6,8,38,38)
w(43,3,8,39,39)
w(13,12,8,40,40)
r(30,5,8,41,41)
w(5,11,8,42,42)
r(75,4,8,43,43)
w(45,9,8,44,44)
w(16,9,8,45,45)
w(32,4,8,46,46)
w(3,8,8,47,47)
w(79,15,8,48,48)
w(20,7,8,49,49)
w(53,5,8,50,50)
w(81,10,8,51,51)
w(56,11,8,52,52)
w(1,7,8,53,53)
w(8,11,8,54,54)
w(68,4,8,55,55)
r(78,6,8,56,56)
w(56,12,8,57,57)
w(95,8,8,58,58)
w(69,11,8,59,59)
w(96,12,8,60,60)
w(90,6,8,61,61)
w(86,11,8,62,62)
r(56,12,8,63,63)
w(25,6,8,64,64)
w(36,12,8,65,65)
w(79,16,8,66,66)
w(49,10,8,67,67)
w(79,17,8,68,68)
w(18,12,8,69,69)
w(8,12,8,70,70)
w(46,10,8,71,71)
w(31,5,8,72,72)
r(52,10,8,73,73)
w(43,4,8,74,74)
w(56,13,8,75,75)
r(11,6,8,76,76)
r(22,11,8,77,77)
w(28,13,8,78,78)
w(48,11,8,79,79)
w(37,5,8,80,80)
w(93,8,8,81,81)
w(30,6,8,82,82)
r(77,8,8,83,83)
w(41,11,8,84,84)
w(96,13,8,85,85)
w(84,7,8,86,86)
w(13,13,8,87,87)
w(24,9,8,88,88)
w(87,11,8,89,89)
w(97,10,8,90,90)
w(90,7,8,91,91)
r(80,7,8,92,92)
w(48,12,8,93,93)
w(57,7,8,94,94)
w(42,3,8,95,95)
w(54,7,8,96,96)
w(25,7,8,97,97)
w(82,5,8,98,98)
w(66,15,8,99,99)
w(53,6,9,0,0)
w(80,8,9,1,1)
w(85,9,9,2,2)
w(16,10,9,3,3)
w(92,6,9,4,4)
w(62,7,9,5,5)
w(3,9,9,6,6)
r(16,10,9,7,7)
w(20,8,9,8,8)
w(17,7,9,9,9)
r(52,10,9,10,10)
w(5,12,9,11,11)
w(18,13,9,12,12)
w(48,13,9,13,13)
w(3,10,9,14,14)
w(99,7,9,15,15)
w(71,11,9,16,16)
w(19,5,9,17,17)
w(62,8,9,18,18)
w(36,13,9,19,19)
w(39,9,9,20,20)
w(74,9,9,21,21)
w(25,8,9,22,22)
w(33,9,9,23,23)
w(29,8,9,24,24)
w(82,6,9,25,25)
w(92,7,9,26,26)
r(97,10,9,27,27)
w(72,12,9,28,28)
w(68,5,9,29,29)
w(25,9,9,30,30)
w(90,8,9,31,31)
w(86,12,9,32,32)
w(18,14,9,33,33)
w(70,8,9,34,34)
w(6,6,9,35,35)
w(12,6,9,36,36)
r(55,10,9,37,37)
w(84,8,9,38,38)
r(97,10,9,39,39)
w(96,14,9,40,40)
w(22,12,9,41,41)
w(58,12,9,42,42)
w(80,9,9,43,43)
w(43,5,9,44,44)
w(32,5,9,45,45)
w(45,10,9,46,46)
w(23,6,9,47,47)
r(3,10,9,48,48)
w(79,18,9,49,49)
w(3,11,9,50,50)
w(23,7,9,51,51)
w(18,15,9,52,52)
w(83,11,9,53,53)
w(48,14,9,54,54)
w(21,9,9,55,55)
w(92,8,9,56,56)
w(83,12,9,57,57)
w(59,8,9,58,58)
w(92,9,9,59,59)
w(25,10,9,60,60)
w(27,11,9,61,61)
w(13,14,9,62,62)
w(7,7,9,63,63)
w(17,8,9,64,64)
w(92,10,9,65,65)
w(77,9,9,66,66)
r(93,8,9,67,67)
w(23,8,9,68,68)
w(73,6,9,69,69)
w(92,11,9,70,70)
w(44,8,9,71,71)
w(22,13,9,72,72)
w(15,4,9,73,73)
w(65,5,9,74,74)
w(33,10,9,75,75)
w(99,8,9,76,76)
w(26,15,9,77,77)
w(95,9,9,78,78)
w(52,11,9,79,79)
w(47,13,9,80,80)
w(77,10,9,81,81)
w(60,9,9,82,82)
r(34,7,9,83,83)
w(54,8,9,84,84)
w(84,9,9,85,85)
w(20,9,9,86,86)
w(70,9,9,87,87)
w(71,12,9,88,88)
w(67,5,9,89,89)
w(81,11,9,90,90)
w(89,9,9,91,91)
w(33,11,9,92,92)
w(19,6,9,93,93)
w(10,17,9,94,94)
w(56,14,9,95,95)
w(95,10,9,96,96)
r(76,5,9,97,97)
w(19,7,9,98,98)
w(39,10,9,99,99)
w(19,8,10,0,0)
w(73,7,10,1,1)
w(14,7,10,2,2)
w(55,11,10,3,3)
w(84,10,10,4,4)
w(41,12,10,5,5)
w(56,15,10,6,6)
r(52,11,10,7,7)
w(60,10,10,8,8)
r(82,6,10,9,9)
w(41,13,10,10,10)
w(5,13,10,11,11)
w(55,12,10,12,12)
w(94,5,10,13,13)
w(68,6,10,14,14)
w(97,11,10,15,15)
w(24,10,10,16,16)
w(44,9,10,17,17)
w(78,7,10,18,18)
w(87,12,10,19,19)
w(80,10,10,20,20)
w(44,10,10,21,21)
w(65,6,10,22,22)
w(47,14,10,23,23)
w(99,9,10,24,24)
w(11,7,10,25,25)
w(31,6,10,26,26)
w(13,15,10,27,27)
w(61,3,10,28,28)
w(36,14,10,29,29)
w(52,12,10,30,30)
w(86,13,10,31,31)
w(53,7,10,32,32)
w(67,6,10,33,33)
w(26,16,10,34,34)
w(75,5,10,35,35)
w(65,7,10,36,36)
w(22,14,10,37,37)
w(69,12,10,38,38)
r(42,3,10,39,39)
w(65,8,10,40,40)
w(33,12,10,41,41)
w(92,12,10,42,42)
w(48,15,10,43,43)
w(2,11,10,44,44)
w(29,9,10,45,45)
w(82,7,10,46,46)
w(33,13,10,47,47)
w(80,11,10,48,48)
w(88,9,10,49,49)
w(75,6,10,50,50)
w(80,12,10,51,51)
w(51,7,10,52,52)
w(72,13,10,53,53)
w(30,7,10,54,54)
w(66,16,10,55,55)
w(2,12,10,56,56)
w(31,7,10,57,57)
w(22,15,10,58,58)
w(68,7,10,59,59)
r(38,7,10,60,60)
w(13,16,10,61,61)
w(94,6,10,62,62)
w(96,15,10,63,63)
r(69,12,10,64,64)
w(67,7,10,65,65)
w(75,7,10,66,66)
r(11,7,10,67,67)
w(8,13,10,68,68)
w(63,5,10,69,69)
r(1,7,10,70,70)
w(97,12,10,71,71)
w(68,8,10,72,72)
w(30,8,10,73,73)
r(91,9,10,74,74)
w(2,13,10,75,75)
w(30,9,10,76,76)
w(38,8,10,77,77)
w(26,17,10,78,78)
w(30,10,10,79,79)
w(8,14,10,80,80)
w(23,9,10,81,81)
w(19,9,10,82,82)
w(9,11,10,83,83)
w(84,11,10,84,84)
r(5,13,10,85,85)
w(63,6,10,86,86)
w(4,10,10,87,87)
w(82,8,10,88,88)
w(43,6,10,89,89)
w(43,7,10,90,90)
w(97,13,10,91,91)
w(72,14,10,92,92)
w(19,10,10,93,93)
w(83,13,10,94,94)
w(12,7,10,95,95)
w(89,10,10,96,96)
w(49,11,10,97,97)
w(60,11,10,98,98)
w(62,9,10,99,99)
w(17,9,11,0,0)
w(49,12,11,1,1)
w(92,13,11,2,2)
w(45,11,11,3,3)
r(73,7,11,4,4)
w(37,6,11,5,5)
w(58,13,11,6,6)
w(48,16,11,7,7)
r(90,8,11,8,8)
w(48,17,11,9,9)
w(15,5,11,10,10)
w(67,8,11,11,11)
w(44,11,11,12,12)
w(6,7,11,13,13)
w(61,4,11,14,14)
w(18,16,11,15,15)
w(9,12,11,16,16)
w(3,12,11,17,17)
w(76,6,11,18,18)
w(36,15,11,19,19)
w(25,11,11,20,20)
w(3,13,11,21,21)
w(84,12,11,22,22)
w(53,8,11,23,23)
w(50,12,11,24,24)
w(84,13,11,25,25)
w(31,8,11,26,26)
w(36,16,11,27,27)
w(36,17,11,28,28)
w(55,13,11,29,29)
w(92,14,11,30,30)
w(46,11,11,31,31)
w(23,10,11,32,32)
r(4,10,11,33,33)
w(3,14,11,34,34)
w(49,13,11,35,35)
w(39,11,11,36,36)
w(91,10,11,37,37)
w(71,13,11,38,38)
w(74,10,11,39,39)
w(84,14,11,40,40)
w(96,16,11,41,41)
w(2,14,11,42,42)
w(21,10,11,43,43)
w(72,15,11,44,44)
w(37,7,11,45,45)
r(15,5,11,46,46)
w(42,4,11,47,47)
w(48,18,11,48,48)
w(93,9,11,49,49)
w(1,8,11,50,50)
w(89,11,11,51,51)
w(87,13,11,52,52)
w(51,8,11,53,53)
w(75,8,11,54,54)
w(49,14,11,55,55)
w(47,15,11,56,56)
w(10,18,11,57,57)
w(62,10,11,58,58)
w(65,9,11,59,59)
w(92,15,11,60,60)
r(54,8,11,61,61)
w(90,9,11,62,62)
w(76,7,11,63,63)
w(83,14,11,64,64)
w(50,13,11,65,65)
w(55,14,11,66,66)
w(25,12,11,67,67)
w(56,16,11,68,68)
w(67,9,11,69,69)
w(94,7,11,70,70)
w(13,17,11,71,71)
w(79,19,11,72,72)
w(67,10,11,73,73)
w(80,13,11,74,74)
w(93,10,11,75,75)
w(22,16,11,76,76)
w(26,18,11,77,77)
w(70,10,11,78,78)
w(40,5,11,79,79)
w(44,12,11,80,80)
w(84,15,11,81,81)
w(80,14,11,82,82)
w(81,12,11,83,83)
w(25,13,11,84,84)
w(76,8,11,85,85)
w(80,15,11,86,86)
w(36,18,11,87,87)
w(15,6,11,88,88)
w(97,14,11,89,89)
w(33,14,11,90,90)
w(31,9,11,91,91)
w(94,8,11,92,92)
r(37,7,11,93,93)
w(24,11,11,94,94)
w(19,11,11,95,95)
w(15,7,11,96,96)
w(4,11,11,97,97)
r(54,8,11,98,98)
w(73,8,11,99,99)
w(50,14,12,0,0)
w(0,10,12,1,1)
w(79,20,12,2,2)
w(83,15,12,3,3)
w(67,11,12,4,4)
r(92,15,12,5,5)
r(72,15,12,6,6)
w(83,16,12,7,7)
w(3,15,12,8,8)
w(44,13,12,9,9)
w(36,19,12,10,10)
w(67,12,12,11,11)
w(1,9,12,12,12)
w(75,9,12,13,13)
w(76,9,12,14,14)
w(6,8,12,15,15)
w(48,19,12,16,16)
w(72,16,12,17,17)
w(62,11,12,18,18)
w(68,9,12,19,19)
w(53,9,12,20,20)
w(5,14,12,21,21)
w(25,14,12,22,22)
w(94,9,12,23,23)
w(52,13,12,24,24)
w(7,8,12,25,25)
w(46,12,12,26,26)
w(37,8,12,27,27)
w(46,13,12,28,28)
w(19,12,12,29,29)
w(86,14,12,30,30)
w(26,19,12,31,31)
w(83,17,12,32,32)
r(76,9,12,33,33)
w(37,9,12,34,34)
w(83,18,12,35,35)
w(35,8,12,36,36)
w(2,15,12,37,37)
w(45,12,12,38,38)
w(92,16,12,39,39)
w(48,20,12,40,40)
r(17,9,12,41,41)
w(44,14,12,42,42)
w(1,10,12,43,43)
w(38,9,12,44,44)
w(47,16,12,45,45)
w(39,12,12,46,46)
w(1,11,12,47,47)
w(77,11,12,48,48)
w(69,13,12,49,49)
w(66,17,12,50,50)
w(68,10,12,51,51)
r(56,16,12,52,52)
w(90,10,12,53,53)
w(52,14,12,54,54)
w(65,10,12,55,55)
w(71,14,12,56,56)
w(25,15,12,57,57)
w(30,11,12,58,58)
w(90,11,12,59,59)
w(18,17,12,60,60)
w(63,7,12,61,61)
w(86,15,12,62,62)
w(31,10,12,63,63)
w(72,17,12,64,64)
w(56,17,12,65,65)
w(17,10,12,66,66)
w(18,18,12,67,67)
w(16,11,12,68,68)
w(50,15,12,69,69)
w(16,12,12,70,70)
w(17,11,12,71,71)
r(93,10,12,72,72)
w(63,8,12,73,73)
w(41,14,12,74,74)
w(11,8,12,75,75)
w(51,9,12,76,76)
w(29,10,12,77,77)
r(12,7,12,78,78)
w(21,11,12,79,79)
w(66,18,12,80,80)
w(56,18,12,81,81)
w(92,17,12,82,82)
w(28,14,12,83,83)
w(0,11,12,84,84)
w(86,16,12,85,85)
w(66,19,12,86,86)
w(0,12,12,87,87)
w(22,17,12,88,88)
w(71,15,12,89,89)
w(19,13,12,90,90)
w(37,10,12,91,91)
w(61,5,12,92,92)
w(99,10,12,93,93)
w(56,19,12,94,94)
w(78,8,12,95,95)
w(51,10,12,96,96)
w(18,19,12,97,97)
w(5,15,12,98,98)
w(84,16,12,99,99)
w(49,15,13,0,0)
r(65,10,13,1,1)
w(14,8,13,2,2)
w(37,11,13,3,3)
w(16,13,13,4,4)
w(13,18,13,5,5)
w(63,9,13,6,6)
w(56,20,13,7,7)
w(52,15,13,8,8)
w(64,7,13,9,9)
w(9,13,13,10,10)
w(74,11,13,11,11)
r(84,16,13,12,12)
w(23,11,13,13,13)
r(55,14,13,14,14)
w(69,14,13,15,15)
w(60,12,13,16,16)
w(37,12,13,17,17)
w(5,16,13,18,18)
w(57,8,13,19,19)
w(30,12,13,20,20)
w(18,20,13,21,21)
w(34,8,13,22,22)
w(49,16,13,23,23)
w(6,9,13,24,24)
w(73,9,13,25,25)
w(39,13,13,26,26)
r(89,11,13,27,27)
w(28,15,13,28,28)
w(28,16,13,29,29)
w(7,9,13,30,30)
w(14,9,13,31,31)
w(17,12,13,32,32)
w(35,9,13,33,33)
w(73,10,13,34,34)
w(23,12,13,35,35)
w(29,11,13,36,36)
w(41,15,13,37,37)
w(61,6,13,38,38)
r(32,5,13,39,39)
w(44,15,13,40,40)
w(53,10,13,41,41)
w(43,8,13,42,42)
w(36,20,13,43,43)
r(62,11,13,44,44)
w(55,15,13,45,45)
w(17,13,13,46,46)
w(95,11,13,47,47)
w(32,6,13,48,48)
w(70,11,13,49,49)
w(27,12,13,50,50)
w(39,14,13,51,51)
w(50,16,13,52,52)
w(79,21,13,53,53)
w(44,16,13,54,54)
w(84,17,13,55,55)
w(45,13,13,56,56)
w(41,16,13,57,57)
w(52,16,13,58,58)
w(33,15,13,59,59)
w(23,13,13,60,60)
w(72,18,13,61,61)
w(89,12,13,62,62)
w(6,10,13,63,63)
w(92,18,13,64,64)
w(87,14,13,65,65)
w(94,10,13,66,66)
w(29,12,13,67,67)
w(27,13,13,68,68)
w(64,8,13,69,69)
w(95,12,13,70,70)
w(36,21,13,71,71)
w(84,18,13,72,72)
w(14,10,13,73,73)
w(19,14,13,74,74)
w(60,13,13,75,75)
w(77,12,13,76,76)
w(39,15,13,77,77)
w(85,10,13,78,78)
w(61,7,13,79,79)
w(85,11,13,80,80)
w(24,12,13,81,81)
w(19,15,13,82,82)
w(24,13,13,83,83)
w(44,17,13,84,84)
w(88,10,13,85,85)
w(12,8,13,86,86)
w(57,9,13,87,87)
w(19,16,13,88,88)
w(60,14,13,89,89)
w(55,16,13,90,90)
w(38,10,13,91,91)
w(54,9,13,92,92)
w(53,11,13,93,93)
w(30,13,13,94,94)
w(75,10,13,95,95)
w(6,11,13,96,96)
w(12,9,13,97,97)
w(88,11,13,98,98)
w(75,11,13,99,99)
w(62,12,14,0,0)
r(63,9,14,1,1)
w(96,17,14,2,2)
w(33,16,14,3,3)
w(57,10,14,4,4)
w(77,13,14,5,5)
w(75,12,14,6,6)
w(93,11,14,7,7)
w(38,11,14,8,8)
w(30,14,14,9,9)
w(5,17,14,10,10)
w(24,14,14,11,11)
w(26,20,14,12,12)
w(56,21,14,13,13)
w(61,8,14,14,14)
r(12,9,14,15,15)
w(24,15,14,16,16)
r(98,7,14,17,17)
w(61,9,14,18,18)
w(55,17,14,19,19)
w(98,8,14,20,20)
w(52,17,14,21,21)
w(38,12,14,22,22)
w(5,18,14,23,23)
w(99,11,14,24,24)
w(13,19,14,25,25)
w(26,21,14,26,26)
w(34,9,14,27,27)
w(65,11,14,28,28)
w(40,6,14,29,29)
r(34,9,14,30,30)
r(95,12,14,31,31)
w(34,10,14,32,32)
w(9,14,14,33,33)
w(26,22,14,34,34)
w(92,19,14,35,35)
w(6,12,14,36,36)
w(59,9,14,37,37)
w(61,10,14,38,38)
w(20,10,14,39,39)
w(32,7,14,40,40)
w(96,18,14,41,41)
w(69,15,14,42,42)
w(1,12,14,43,43)
r(61,10,14,44,44)
w(56,22,14,45,45)
w(95,13,14,46,46)
w(54,10,14,47,47)
w(88,12,14,48,48)
w(38,13,14,49,49)
w(70,12,14,50,50)
w(29,13,14,51,51)
w(65,12,14,52,52)
w(26,23,14,53,53)
w(59,10,14,54,54)
w(26,24,14,55,55)
w(89,13,14,56,56)
w(27,14,14,57,57)
w(64,9,14,58,58)
w(14,11,14,59,59)
w(77,14,14,60,60)
r(74,11,14,61,61)
w(82,9,14,62,62)
w(57,11,14,63,63)
w(56,23,14,64,64)
r(54,10,14,65,65)
w(2,16,14,66,66)
w(6,13,14,67,67)
w(91,11,14,68,68)
w(75,13,14,69,69)
w(6,14,14,70,70)
w(90,12,14,71,71)
w(22,18,14,72,72)
w(23,14,14,73,73)
w(88,13,14,74,74)
w(30,15,14,75,75)
w(33,17,14,76,76)
w(27,15,14,77,77)
w(2,17,14,78,78)
w(38,14,14,79,79)
w(97,15,14,80,80)
w(93,12,14,81,81)
w(51,11,14,82,82)
w(22,19,14,83,83)
w(23,15,14,84,84)
w(32,8,14,85,85)
w(22,20,14,86,86)
w(96,19,14,87,87)
w(35,10,14,88,88)
w(95,14,14,89,89)
r(59,10,14,90,90)
r(7,9,14,91,91)
w(35,11,14,92,92)
w(20,11,14,93,93)
w(27,16,14,94,94)
w(62,13,14,95,95)
w(10,19,14,96,96)
w(75,14,14,97,97)
w(72,19,14,98,98)
w(16,14,14,99,99)
w(53,12,15,0,0)
w(84,19,15,1,1)
w(10,20,15,2,2)
w(1,13,15,3,3)
w(5,19,15,4,4)
w(47,17,15,5,5)
w(32,9,15,6,6)
w(39,16,15,7,7)
w(11,9,15,8,8)
w(22,21,15,9,9)
w(11,10,15,10,10)
w(42,5,15,11,11)
w(3,16,15,12,12)
w(64,10,15,13,13)
w(16,15,15,14,14)
w(65,13,15,15,15)
w(91,12,15,16,16)
w(34,11,15,17,17)
w(23,16,15,18,18)
r(6,14,15,19,19)
w(87,15,15,20,20)
w(34,12,15,21,21)
w(57,12,15,22,22)
w(63,10,15,23,23)
w(54,11,15,24,24)
w(45,14,15,25,25)
w(81,13,15,26,26)
w(48,21,15,27,27)
w(89,14,15,28,28)
w(35,12,15,29,29)
w(78,9,15,30,30)
w(64,11,15,31,31)
w(7,10,15,32,32)
w(40,7,15,33,33)
w(9,15,15,34,34)
w(22,22,15,35,35)
w(95,15,15,36,36)
r(28,16,15,37,37)
w(92,20,15,38,38)
w(12,10,15,39,39)
w(54,12,15,40,40)
w(69,16,15,41,41)
w(36,22,15,42,42)
w(28,17,15,43,43)
w(60,15,15,44,44)
w(88,14,15,45,45)
w(95,16,15,46,46)
w(69,17,15,47,47)
w(34,13,15,48,48)
w(59,11,15,49,49)
w(58,14,15,50,50)
w(55,18,15,51,51)
w(61,11,15,52,52)
w(12,11,15,53,53)
w(76,10,15,54,54)
w(22,23,15,55,55)
w(80,16,15,56,56)
w(36,23,15,57,57)
w(38,15,15,58,58)
w(19,17,15,59,59)
w(63,11,15,60,60)
w(53,13,15,61,61)
r(91,12,15,62,62)
w(23,17,15,63,63)
w(68,11,15,64,64)
w(50,17,15,65,65)
w(13,20,15,66,66)
w(53,14,15,67,67)
w(72,20,15,68,68)
w(38,16,15,69,69)
w(25,16,15,70,70)
w(95,17,15,71,71)
w(59,12,15,72,72)
w(15,8,15,73,73)
w(28,18,15,74,74)
w(9,16,15,75,75)
w(70,13,15,76,76)
w(28,19,15,77,77)
w(36,24,15,78,78)
w(42,6,15,79,79)
r(1,13,15,80,80)
w(66,20,15,81,81)
w(9,17,15,82,82)
w(12,12,15,83,83)
w(65,14,15,84,84)
w(63,12,15,85,85)
w(86,17,15,86,86)
w(30,16,15,87,87)
w(1,14,15,88,88)
w(44,18,15,89,89)
w(56,24,15,90,90)
w(82,10,15,91,91)
w(9,18,15,92,92)
w(69,18,15,93,93)
w(86,18,15,94,94)
r(28,19,15,95,95)
w(87,16,15,96,96)
w(33,18,15,97,97)
w(66,21,15,98,98)
w(17,14,15,99,99)
w(57,13,16,0,0)
w(65,15,16,1,1)
w(4,12,16,2,2)
w(76,11,16,3,3)
w(64,12,16,4,4)
w(87,17,16,5,5)
w(22,24,16,6,6)
w(35,13,16,7,7)
w(88,15,16,8,8)
w(73,11,16,9,9)
w(24,16,16,10,10)
w(15,9,16,11,11)
w(55,19,16,12,12)
w(94,11,16,13,13)
w(21,12,16,14,14)
w(26,25,16,15,15)
w(32,10,16,16,16)
w(0,13,16,17,17)
w(17,15,16,18,18)
w(22,25,16,19,19)
w(6,15,16,20,20)
w(27,17,16,21,21)
w(90,13,16,22,22)
w(24,17,16,23,23)
w(77,15,16,24,24)
w(51,12,16,25,25)
w(79,22,16,26,26)
r(71,15,16,27,27)
w(14,12,16,28,28)
w(81,14,16,29,29)
w(81,15,16,30,30)
r(21,12,16,31,31)
w(12,13,16,32,32)
w(62,14,16,33,33)
r(39,16,16,34,34)
w(80,17,16,35,35)
w(43,9,16,36,36)
w(41,17,16,37,37)
w(67,13,16,38,38)
w(79,23,16,39,39)
w(20,12,16,40,40)
w(75,15,16,41,41)
w(49,17,16,42,42)
r(45,14,16,43,43)
w(81,16,16,44,44)
r(37,12,16,45,45)
w(14,13,16,46,46)
w(57,14,16,47,47)
r(93,12,16,48,48)
w(62,15,16,49,49)
w(6,16,16,50,50)
w(80,18,16,51,51)
w(3,17,16,52,52)
w(67,14,16,53,53)
w(54,13,16,54,54)
w(51,13,16,55,55)
w(95,18,16,56,56)
w(93,13,16,57,57)
w(15,10,16,58,58)
r(7,10,16,59,59)
w(4,13,16,60,60)
w(15,11,16,61,61)
w(8,15,16,62,62)
w(65,16,16,63,63)
w(64,13,16,64,64)
w(57,15,16,65,65)
w(30,17,16,66,66)
w(4,14,16,67,67)
w(97,16,16,68,68)
w(74,12,16,69,69)
w(9,19,16,70,70)
w(43,10,16,71,71)
r(20,12,16,72,72)
w(54,14,16,73,73)
w(24,18,16,74,74)
r(52,17,16,75,75)
w(31,11,16,76,76)
w(62,16,16,77,77)
w(73,12,16,78,78)
w(61,12,16,79,79)
w(69,19,16,80,80)
w(65,17,16,81,81)
w(12,14,16,82,82)
w(10,21,16,83,83)
w(99,12,16,84,84)
w(78,10,16,85,85)
w(12,15,16,86,86)
w(60,16,16,87,87)
w(13,21,16,88,88)
w(23,18,16,89,89)
w(68,12,16,90,90)
w(29,14,16,91,91)
r(82,10,16,92,92)
w(44,19,16,93,93)
w(16,16,16,94,94)
w(51,14,16,95,95)
w(24,19,16,96,96)
w(42,7,16,97,97)
w(57,16,16,98,98)
w(43,11,16,99,99)
w(53,15,17,0,0)
w(43,12,17,1,1)
w(19,18,17,2,2)
w(71,16,17,3,3)
w(75,16,17,4,4)
w(1,15,17,5,5)
w(61,13,17,6,6)
w(71,17,17,7,7)
w(71,18,17,8,8)
w(94,12,17,9,9)
w(84,20,17,10,10)
w(83,19,17,11,11)
w(89,15,17,12,12)
w(25,17,17,13,13)
w(12,16,17,14,14)
w(86,19,17,15,15)
w(26,26,17,16,16)
w(46,14,17,17,17)
w(20,13,17,18,18)
w(55,20,17,19,19)
w(90,14,17,20,20)
w(10,22,17,21,21)
w(79,24,17,22,22)
w(44,20,17,23,23)
w(61,14,17,24,24)
w(93,14,17,25,25)
w(58,15,17,26,26)
w(46,15,17,27,27)
w(52,18,17,28,28)
w(25,18,17,29,29)
w(1,16,17,30,30)
w(59,13,17,31,31)
w(47,18,17,32,32)
w(23,19,17,33,33)
w(25,19,17,34,34)
w(94,13,17,35,35)
w(53,16,17,36,36)
w(24,20,17,37,37)
w(46,16,17,38,38)
w(53,17,17,39,39)
w(19,19,17,40,40)
w(37,13,17,41,41)
w(92,21,17,42,42)
w(79,25,17,43,43)
w(56,25,17,44,44)
w(64,14,17,45,45)
w(72,21,17,46,46)
r(92,21,17,47,47)
w(25,20,17,48,48)
w(80,19,17,49,49)
w(93,15,17,50,50)
w(0,14,17,51,51)
w(38,17,17,52,52)
w(15,12,17,53,53)
w(96,20,17,54,54)
w(17,16,17,55,55)
w(12,17,17,56,56)
w(56,26,17,57,57)
w(76,12,17,58,58)
w(3,18,17,59,59)
w(25,21,17,60,60)
w(79,26,17,61,61)
w(6,17,17,62,62)
w(71,19,17,63,63)
w(58,16,17,64,64)
w(35,14,17,65,65)
w(32,11,17,66,66)
w(64,15,17,67,67)
w(21,13,17,68,68)
w(14,14,17,69,69)
w(99,13,17,70,70)
w(86,20,17,71,71)
w(47,19,17,72,72)
w(96,21,17,73,73)
r(25,21,17,74,74)
w(46,17,17,75,75)
w(91,13,17,76,76)
w(91,14,17,77,77)
r(35,14,17,78,78)
w(68,13,17,79,79)
w(88,16,17,80,80)
w(99,14,17,81,81)
w(6,18,17,82,82)
w(2,18,17,83,83)
w(37,14,17,84,84)
w(87,18,17,85,85)
w(98,9,17,86,86)
w(98,10,17,87,87)
w(5,20,17,88,88)
w(15,13,17,89,89)
w(65,18,17,90,90)
w(78,11,17,91,91)
w(63,13,17,92,92)
w(72,22,17,93,93)
w(88,17,17,94,94)
w(26,27,17,95,95)
w(3,19,17,96,96)
w(31,12,17,97,97)
w(21,14,17,98,98)
w(55,21,17,99,99)
w(83,20,18,0,0)
w(98,11,18,1,1)
w(52,19,18,2,2)
r(79,26,18,3,3)
w(75,17,18,4,4)
w(72,23,18,5,5)
w(57,17,18,6,6)
w(83,21,18,7,7)
w(98,12,18,8,8)
w(31,13,18,9,9)
r(77,15,18,10,10)
w(38,18,18,11,11)
w(88,18,18,12,12)
w(10,23,18,13,13)
w(53,18,18,14,14)
w(65,19,18,15,15)
w(76,13,18,16,16)
w(30,18,18,17,17)
w(66,22,18,18,18)
w(86,21,18,19,19)
w(28,20,18,20,20)
w(90,15,18,21,21)
w(39,17,18,22,22)
w(51,15,18,23,23)
w(46,18,18,24,24)
w(74,13,18,25,25)
w(95,19,18,26,26)
w(58,17,18,27,27)
w(4,15,18,28,28)
w(66,23,18,29,29)
w(47,20,18,30,30)
w(32,12,18,31,31)
r(99,14,18,32,32)
r(16,16,18,33,33)
r(55,21,18,34,34)
w(30,19,18,35,35)
w(40,8,18,36,36)
w(39,18,18,37,37)
w(94,14,18,38,38)
w(29,15,18,39,39)
w(74,14,18,40,40)
w(55,22,18,41,41)
w(74,15,18,42,42)
r(74,15,18,43,43)
w(49,18,18,44,44)
w(70,14,18,45,45)
w(23,20,18,46,46)
w(68,14,18,47,47)
r(66,23,18,48,48)
w(85,12,18,49,49)
w(49,19,18,50,50)
w(16,17,18,51,51)
w(27,18,18,52,52)
w(46,19,18,53,53)
w(37,15,18,54,54)
w(69,20,18,55,55)
w(70,15,18,56,56)
w(22,26,18,57,57)
w(61,15,18,58,58)
r(71,19,18,59,59)
w(81,17,18,60,60)
w(9,20,18,61,61)
r(24,20,18,62,62)
w(55,23,18,63,63)
w(3,20,18,64,64)
w(66,24,18,65,65)
w(93,16,18,66,66)
w(80,20,18,67,67)
w(99,15,18,68,68)
w(24,21,18,69,69)
w(14,15,18,70,70)
w(84,21,18,71,71)
w(35,15,18,72,72)
w(46,20,18,73,73)
r(88,18,18,74,74)
w(39,19,18,75,75)
w(81,18,18,76,76)
w(27,19,18,77,77)
w(84,22,18,78,78)
w(37,16,18,79,79)
w(9,21,18,80,80)
r(90,15,18,81,81)
w(35,16,18,82,82)
w(52,20,18,83,83)
w(31,14,18,84,84)
w(70,16,18,85,85)
w(22,27,18,86,86)
w(55,24,18,87,87)
w(32,13,18,88,88)
r(80,20,18,89,89)
w(22,28,18,90,90)
w(64,16,18,91,91)
r(39,19,18,92,92)
r(13,21,18,93,93)
w(3,21,18,94,94)
w(93,17,18,95,95)
w(57,18,18,96,96)
w(29,16,18,97,97)
w(47,21,18,98,98)
w(73,13,18,99,99)
w(42,8,19,0,0)
w(62,17,19,1,1)
w(31,15,19,2,2)
w(49,20,19,3,3)
w(66,25,19,4,4)
w(24,22,19,5,5)
w(22,29,19,6,6)
w(59,14,19,7,7)
w(7,11,19,8,8)
w(74,16,19,9,9)
w(83,22,19,10,10)
w(40,9,19,11,11)
w(8,16,19,12,12)
r(67,14,19,13,13)
w(79,27,19,14,14)
w(14,16,19,15,15)
w(32,14,19,16,16)
w(60,17,19,17,17)
w(98,13,19,18,18)
w(14,17,19,19,19)
w(90,16,19,20,20)
w(65,20,19,21,21)
w(1,17,19,22,22)
w(86,22,19,23,23)
w(24,23,19,24,24)
w(92,22,19,25,25)
w(49,21,19,26,26)
w(8,17,19,27,27)
w(80,21,19,28,28)
w(24,24,19,29,29)
w(34,14,19,30,30)
w(43,13,19,31,31)
w(46,21,19,32,32)
w(1,18,19,33,33)
w(54,15,19,34,34)
w(12,18,19,35,35)
w(47,22,19,36,36)
w(91,15,19,37,37)
w(11,11,19,38,38)
w(17,17,19,39,39)
w(98,14,19,40,40)
w(68,15,19,41,41)
w(8,18,19,42,42)
w(24,25,19,43,43)
w(15,14,19,44,44)
w(29,17,19,45,45)
w(13,22,19,46,46)
w(83,23,19,47,47)
w(42,9,19,48,48)
w(59,15,19,49,49)
w(55,25,19,50,50)
w(30,20,19,51,51)
r(13,22,19,52,52)
r(70,16,19,53,53)
w(20,14,19,54,54)
w(69,21,19,55,55)
w(69,22,19,56,56)
w(91,16,19,57,57)
w(26,28,19,58,58)
w(7,12,19,59,59)
w(85,13,19,60,60)
w(34,15,19,61,61)
w(55,26,19,62,62)
w(34,16,19,63,63)
w(55,27,19,64,64)
w(32,15,19,65,65)
w(44,21,19,66,66)
w(36,25,19,67,67)
w(44,22,19,68,68)
w(21,15,19,69,69)
w(64,17,19,70,70)
w(77,16,19,71,71)
w(12,19,19,72,72)
w(16,18,19,73,73)
w(14,18,19,74,74)
w(93,18,19,75,75)
w(30,21,19,76,76)
w(43,14,19,77,77)
w(81,19,19,78,78)
r(99,15,19,79,79)
w(37,17,19,80,80)
w(80,22,19,81,81)
w(55,28,19,82,82)
r(7,12,19,83,83)
w(88,19,19,84,84)
w(79,28,19,85,85)
w(91,17,19,86,86)
w(66,26,19,87,87)
w(5,21,19,88,88)
w(86,23,19,89,89)
w(32,16,19,90,90)
w(90,17,19,91,91)
w(38,19,19,92,92)
w(63,14,19,93,93)
w(75,18,19,94,94)
w(26,29,19,95,95)
w(9,22,19,96,96)
r(1,18,19,97,97)
w(85,14,19,98,98)
w(3,22,19,99,99)
w(23,21,20,0,0)
r(80,22,20,1,1)
w(75,19,20,2,2)
w(87,19,20,3,3)
r(17,17,20,4,4)
w(93,19,20,5,5)
w(4,16,20,6,6)
w(64,18,20,7,7)
w(82,11,20,8,8)
w(80,23,20,9,9)
w(45,15,20,10,10)
w(33,19,20,11,11)
w(1,19,20,12,12)
w(55,29,20,13,13)
w(98,15,20,14,14)
r(76,13,20,15,15)
w(52,21,20,16,16)
w(84,23,20,17,17)
r(29,17,20,18,18)
w(15,15,20,19,19)
w(62,18,20,20,20)
w(67,15,20,21,21)
w(20,15,20,22,22)
w(50,18,20,23,23)
w(18,21,20,24,24)
w(70,17,20,25,25)
w(3,23,20,26,26)
w(53,19,20,27,27)
w(35,17,20,28,28)
w(85,15,20,29,29)
w(85,16,20,30,30)
w(17,18,20,31,31)
w(85,17,20,32,32)
w(28,21,20,33,33)
w(19,20,20,34,34)
w(11,12,20,35,35)
w(19,21,20,36,36)
w(74,17,20,37,37)
w(76,14,20,38,38)
w(55,30,20,39,39)
w(61,16,20,40,40)
w(10,24,20,41,41)
r(43,14,20,42,42)
w(23,22,20,43,43)
w(72,24,20,44,44)
w(11,13,20,45,45)
w(9,23,20,46,46)
w(30,22,20,47,47)
w(28,22,20,48,48)
w(82,12,20,49,49)
w(22,30,20,50,50)
w(12,20,20,51,51)
w(65,21,20,52,52)
w(16,19,20,53,53)
w(94,15,20,54,54)
w(40,10,20,55,55)
w(75,20,20,56,56)
w(88,20,20,57,57)
w(81,20,20,58,58)
w(63,15,20,59,59)
w(50,19,20,60,60)
w(4,17,20,61,61)
r(36,25,20,62,62)
w(57,19,20,63,63)
w(47,23,20,64,64)
w(77,17,20,65,65)
w(96,22,20,66,66)
w(82,13,20,67,67)
w(88,21,20,68,68)
w(88,22,20,69,69)
r(59,15,20,70,70)
w(92,23,20,71,71)
w(93,20,20,72,72)
w(18,22,20,73,73)
w(29,18,20,74,74)
w(71,20,20,75,75)
w(9,24,20,76,76)
w(62,19,20,77,77)
w(85,18,20,78,78)
w(71,21,20,79,79)
w(4,18,20,80,80)
w(12,21,20,81,81)
w(65,22,20,82,82)
w(25,22,20,83,83)
w(63,16,20,84,84)
w(65,23,20,85,85)
w(98,16,20,86,86)
w(96,23,20,87,87)
w(76,15,20,88,88)
w(41,18,20,89,89)
r(51,15,20,90,90)
w(93,21,20,91,91)
w(81,21,20,92,92)
w(10,25,20,93,93)
w(11,14,20,94,94)
w(86,24,20,95,95)
w(16,20,20,96,96)
w(30,23,20,97,97)
w(44,23,20,98,98)
w(18,23,20,99,99)
w(35,18,21,0,0)
w(89,16,21,1,1)
w(87,20,21,2,2)
w(30,24,21,3,3)
w(55,31,21,4,4)
r(16,20,21,5,5)
w(35,19,21,6,6)
w(79,29,21,7,7)
w(54,16,21,8,8)
w(54,17,21,9,9)
w(55,32,21,10,10)
w(53,20,21,11,11)
w(11,15,21,12,12)
w(51,16,21,13,13)
w(5,22,21,14,14)
r(69,22,21,15,15)
w(6,19,21,16,16)
w(61,17,21,17,17)
w(4,19,21,18,18)
w(70,18,21,19,19)
w(5,23,21,20,20)
w(22,31,21,21,21)
w(81,22,21,22,22)
w(13,23,21,23,23)
w(6,20,21,24,24)
w(11,16,21,25,25)
w(79,30,21,26,26)
w(68,16,21,27,27)
w(53,21,21,28,28)
w(3,24,21,29,29)
w(73,14,21,30,30)
r(70,18,21,31,31)
w(24,26,21,32,32)
w(8,19,21,33,33)
w(34,17,21,34,34)
w(26,30,21,35,35)
w(18,24,21,36,36)
w(41,19,21,37,37)
w(3,25,21,38,38)
r(39,19,21,39,39)
r(31,15,21,40,40)
w(12,22,21,41,41)
r(43,14,21,42,42)
w(70,19,21,43,43)
w(77,18,21,44,44)
w(49,22,21,45,45)
w(27,20,21,46,46)
w(47,24,21,47,47)
w(22,32,21,48,48)
w(19,22,21,49,49)
w(78,12,21,50,50)
w(7,13,21,51,51)
w(51,17,21,52,52)
w(78,13,21,53,53)
w(50,20,21,54,54)
w(84,24,21,55,55)
w(26,31,21,56,56)
w(73,15,21,57,57)
w(29,19,21,58,58)
w(72,25,21,59,59)
w(15,16,21,60,60)
w(34,18,21,61,61)
w(11,17,21,62,62)
w(9,25,21,63,63)
w(1,20,21,64,64)
w(6,21,21,65,65)
w(67,16,21,66,66)
r(76,15,21,67,67)
w(89,17,21,68,68)
w(14,19,21,69,69)
w(13,24,21,70,70)
w(28,23,21,71,71)
w(57,20,21,72,72)
w(22,33,21,73,73)
w(2,19,21,74,74)
w(84,25,21,75,75)
w(22,34,21,76,76)
w(67,17,21,77,77)
w(68,17,21,78,78)
w(62,20,21,79,79)
w(60,18,21,80,80)
w(4,20,21,81,81)
w(77,19,21,82,82)
w(42,10,21,83,83)
w(31,16,21,84,84)
w(50,21,21,85,85)
w(86,25,21,86,86)
w(83,24,21,87,87)
w(35,20,21,88,88)
w(55,33,21,89,89)
w(84,26,21,90,90)
w(62,21,21,91,91)
w(28,24,21,92,92)
w(99,16,21,93,93)
w(25,23,21,94,94)
w(11,18,21,95,95)
w(68,18,21,96,96)
r(71,21,21,97,97)
w(55,34,21,98,98)
w(18,25,21,99,99)
w(87,21,22,0,0)
w(93,22,22,1,1)
w(95,20,22,2,2)
w(67,18,22,3,3)
w(66,27,22,4,4)
w(8,20,22,5,5)
w(87,22,22,6,6)
w(7,14,22,7,7)
w(43,15,22,8,8)
r(76,15,22,9,9)
w(33,20,22,10,10)
w(99,17,22,11,11)
w(26,32,22,12,12)
w(4,21,22,13,13)
w(70,20,22,14,14)
w(20,16,22,15,15)
w(18,26,22,16,16)
w(36,26,22,17,17)
w(13,25,22,18,18)
w(92,24,22,19,19)
r(79,30,22,20,20)
w(65,24,22,21,21)
w(71,22,22,22,22)
w(66,28,22,23,23)
w(73,16,22,24,24)
w(24,27,22,25,25)
w(76,16,22,26,26)
w(25,24,22,27,27)
w(15,17,22,28,28)
w(89,18,22,29,29)
w(90,18,22,30,30)
w(35,21,22,31,31)
w(47,25,22,32,32)
r(70,20,22,33,33)
w(37,18,22,34,34)
w(82,14,22,35,35)
w(29,20,22,36,36)
r(48,21,22,37,37)
w(9,26,22,38,38)
w(47,26,22,39,39)
w(76,17,22,40,40)
w(16,21,22,41,41)
w(41,20,22,42,42)
w(44,24,22,43,43)
w(55,35,22,44,44)
r(95,20,22,45,45)
w(26,33,22,46,46)
w(53,22,22,47,47)
w(82,15,22,48,48)
w(27,21,22,49,49)
w(87,23,22,50,50)
w(98,17,22,51,51)
w(13,26,22,52,52)
w(53,23,22,53,53)
w(22,35,22,54,54)
w(41,21,22,55,55)
w(53,24,22,56,56)
w(2,20,22,57,57)
w(58,18,22,58,58)
w(6,22,22,59,59)
w(69,23,22,60,60)
w(72,26,22,61,61)
w(71,23,22,62,62)
w(92,25,22,63,63)
w(24,28,22,64,64)
w(72,27,22,65,65)
w(50,22,22,66,66)
w(51,18,22,67,67)
w(64,19,22,68,68)
w(98,18,22,69,69)
r(12,22,22,70,70)
w(31,17,22,71,71)
w(29,21,22,72,72)
w(67,19,22,73,73)
w(21,16,22,74,74)
w(19,23,22,75,75)
w(84,27,22,76,76)
w(93,23,22,77,77)
w(34,19,22,78,78)
w(63,17,22,79,79)
w(4,22,22,80,80)
r(82,15,22,81,81)
w(93,24,22,82,82)
w(48,22,22,83,83)
r(24,28,22,84,84)
w(96,24,22,85,85)
w(57,21,22,86,86)
w(64,20,22,87,87)
w(86,26,22,88,88)
r(74,17,22,89,89)
w(77,20,22,90,90)
w(36,27,22,91,91)
w(73,17,22,92,92)
w(74,18,22,93,93)
w(62,22,22,94,94)
r(97,16,22,95,95)
w(67,20,22,96,96)
w(24,29,22,97,97)
w(3,26,22,98,98)
w(82,16,22,99,99)
w(97,17,23,0,0)
r(50,22,23,1,1)
w(85,19,23,2,2)
w(22,36,23,3,3)
w(40,11,23,4,4)
r(35,21,23,5,5)
r(4,22,23,6,6)
w(32,17,23,7,7)
w(42,11,23,8,8)
w(80,24,23,9,9)
w(22,37,23,10,10)
w(94,16,23,11,11)
w(73,18,23,12,12)
w(49,23,23,13,13)
w(60,19,23,14,14)
w(22,38,23,15,15)
w(41,22,23,16,16)
w(6,23,23,17,17)
r(27,21,23,18,18)
w(78,14,23,19,19)
w(1,21,23,20,20)
r(68,18,23,21,21)
w(43,16,23,22,22)
w(21,17,23,23,23)
w(75,21,23,24,24)
w(33,21,23,25,25)
w(48,23,23,26,26)
w(84,28,23,27,27)
w(27,22,23,28,28)
r(31,17,23,29,29)
w(67,21,23,30,30)
r(85,19,23,31,31)
w(12,23,23,32,32)
w(98,19,23,33,33)
w(4,23,23,34,34)
w(48,24,23,35,35)
w(81,23,23,36,36)
w(67,22,23,37,37)
w(97,18,23,38,38)
w(47,27,23,39,39)
w(2,21,23,40,40)
w(27,23,23,41,41)
r(46,21,23,42,42)
w(92,26,23,43,43)
w(13,27,23,44,44)
w(39,20,23,45,45)
w(55,36,23,46,46)
w(66,29,23,47,47)
w(60,20,23,48,48)
r(72,27,23,49,49)
w(81,24,23,50,50)
w(56,27,23,51,51)
w(78,15,23,52,52)
w(4,24,23,53,53)
w(78,16,23,54,54)
w(25,25,23,55,55)
w(59,16,23,56,56)
w(54,18,23,57,57)
w(59,17,23,58,58)
w(20,17,23,59,59)
r(79,30,23,60,60)
w(86,27,23,61,61)
r(18,26,23,62,62)
w(42,12,23,63,63)
r(74,18,23,64,64)
w(48,25,23,65,65)
w(30,25,23,66,66)
w(70,21,23,67,67)
w(8,21,23,68,68)
w(24,30,23,69,69)
w(21,18,23,70,70)
w(10,26,23,71,71)
w(83,25,23,72,72)
w(38,20,23,73,73)
r(82,16,23,74,74)
w(65,25,23,75,75)
r(3,26,23,76,76)
w(38,21,23,77,77)
r(71,23,23,78,78)
w(46,22,23,79,79)
w(41,23,23,80,80)
w(84,29,23,81,81)
w(58,19,23,82,82)
w(59,18,23,83,83)
w(10,27,23,84,84)
r(68,18,23,85,85)
w(95,21,23,86,86)
w(89,19,23,87,87)
w(43,17,23,88,88)
w(95,22,23,89,89)
w(32,18,23,90,90)
w(80,25,23,91,91)
w(32,19,23,92,92)
w(33,22,23,93,93)
w(0,15,23,94,94)
r(53,24,23,95,95)
w(17,19,23,96,96)
w(33,23,23,97,97)
w(17,20,23,98,98)
w(75,22,23,99,99)
w(81,25,24,0,0)
w(99,18,24,1,1)
r(27,23,24,2,2)
w(14,20,24,3,3)
w(88,23,24,4,4)
w(89,20,24,5,5)
w(33,24,24,6,6)
w(93,25,24,7,7)
r(44,24,24,8,8)
w(0,16,24,9,9)
w(54,19,24,10,10)
w(19,24,24,11,11)
w(24,31,24,12,12)
w(1,22,24,13,13)
w(29,22,24,14,14)
w(4,25,24,15,15)
w(51,19,24,16,16)
w(13,28,24,17,17)
w(41,24,24,18,18)
w(29,23,24,19,19)
w(45,16,24,20,20)
w(99,19,24,21,21)
w(55,37,24,22,22)
w(51,20,24,23,23)
w(78,17,24,24,24)
w(37,19,24,25,25)
w(33,25,24,26,26)
w(49,24,24,27,27)
w(17,21,24,28,28)
w(50,23,24,29,29)
w(43,18,24,30,30)
w(94,17,24,31,31)
w(35,22,24,32,32)
w(1,23,24,33,33)
w(70,22,24,34,34)
w(27,24,24,35,35)
w(31,18,24,36,36)
w(36,28,24,37,37)
w(93,26,24,38,38)
w(37,20,24,39,39)
w(48,26,24,40,40)
w(73,19,24,41,41)
w(30,26,24,42,42)
w(74,19,24,43,43)
w(50,24,24,44,44)
w(60,21,24,45,45)
w(6,24,24,46,46)
w(74,20,24,47,47)
w(68,19,24,48,48)
w(81,26,24,49,49)
w(77,21,24,50,50)
w(5,24,24,51,51)
w(11,19,24,52,52)
w(30,27,24,53,53)
w(81,27,24,54,54)
w(1,24,24,55,55)
w(11,20,24,56,56)
w(89,21,24,57,57)
w(34,20,24,58,58)
w(84,30,24,59,59)
w(0,17,24,60,60)
w(46,23,24,61,61)
w(38,22,24,62,62)
w(8,22,24,63,63)
w(54,20,24,64,64)
w(64,21,24,65,65)
w(52,22,24,66,66)
w(65,26,24,67,67)
w(3,27,24,68,68)
r(55,37,24,69,69)
w(11,21,24,70,70)
w(82,17,24,71,71)
w(42,13,24,72,72)
w(36,29,24,73,73)
w(44,25,24,74,74)
w(22,39,24,75,75)
w(85,20,24,76,76)
w(3,28,24,77,77)
r(69,23,24,78,78)
w(92,27,24,79,79)
w(52,23,24,80,80)
w(58,20,24,81,81)
r(27,24,24,82,82)
w(77,22,24,83,83)
w(63,18,24,84,84)
w(96,25,24,85,85)
w(90,19,24,86,86)
w(60,22,24,87,87)
w(92,28,24,88,88)
w(47,28,24,89,89)
w(18,27,24,90,90)
w(89,22,24,91,91)
w(18,28,24,92,92)
w(45,17,24,93,93)
w(33,26,24,94,94)
w(44,26,24,95,95)
r(62,22,24,96,96)
w(85,21,24,97,97)
w(59,19,24,98,98)
w(21,19,24,99,99)
