r(55,0,0,0,0)
r(62,0,0,1,1)
w(0,1,0,2,2)
r(147,0,0,3,3)
r(48,0,0,4,4)
r(175,0,0,5,5)
r(23,0,0,6,6)
r(0,1,0,7,7)
r(0,1,0,8,8)
r(11,0,0,9,9)
r(17,0,0,10,10)
r(85,0,0,11,11)
r(14,0,0,12,12)
r(33,0,0,13,13)
r(1,0,0,14,14)
r(5,0,0,15,15)
r(157,0,0,16,16)
r(722,0,0,17,17)
r(39,0,0,18,18)
w(490,1,0,19,19)
r(0,1,0,20,20)
r(85,0,0,21,21)
r(993,0,0,22,22)
r(749,0,0,23,23)
r(23,0,0,24,24)
r(15,0,0,25,25)
w(24,1,0,26,26)
r(33,0,0,27,27)
w(0,2,0,28,28)
r(8,0,0,29,29)
r(13,0,0,30,30)
r(384,0,0,31,31)
r(462,0,0,32,32)
r(504,0,0,33,33)
r(0,2,0,34,34)
r(184,0,0,35,35)
r(612,0,0,36,36)
r(1,0,0,37,37)
r(701,0,0,38,38)
r(2,0,0,39,39)
r(231,0,0,40,40)
r(21,0,0,41,41)
r(148,0,0,42,42)
r(702,0,0,43,43)
r(1,0,0,44,44)
r(4,0,0,45,45)
w(42,1,0,46,46)
r(12,0,0,47,47)
r(11,0,0,48,48)
r(184,0,0,49,49)
r(211,0,0,50,50)
r(323,0,0,51,51)
r(1,0,0,52,52)
r(1,0,0,53,53)
r(45,0,0,54,54)
r(8,0,0,55,55)
w(39,1,0,56,56)
r(2,0,0,57,57)
r(64,0,0,58,58)
r(53,0,0,59,59)
r(616,0,0,60,60)
r(4,0,0,61,61)
r(19,0,0,62,62)
r(322,0,0,63,63)
r(24,1,0,64,64)
r(129,0,0,65,65)
r(0,2,0,66,66)
r(2,0,0,67,67)
r(333,0,0,68,68)
r(0,2,0,69,69)
r(0,2,0,70,70)
r(3,0,0,71,71)
w(0,3,0,72,72)
r(46,0,0,73,73)
r(23,0,0,74,74)
r(112,0,0,75,75)
r(166,0,0,76,76)
r(437,0,0,77,77)
r(1,0,0,78,78)
r(8,0,0,79,79)
r(0,3,0,80,80)
r(105,0,0,81,81)
r(274,0,0,82,82)
r(60,0,0,83,83)
r(45,0,0,84,84)
r(27,0,0,85,85)
r(2,0,0,86,86)
r(3,0,0,87,87)
r(6,0,0,88,88)
r(6,0,0,89,89)
r(69,0,0,90,90)
r(848,0,0,91,91)
r(2,0,0,92,92)
w(11,1,0,93,93)
r(932,0,0,94,94)
r(1,0,0,95,95)
r(163,0,0,96,96)
w(3,1,0,97,97)
w(17,1,0,98,98)
r(582,0,0,99,99)
w(1,1,0,100,100)
r(68,0,0,101,101)
r(0,3,0,102,102)
r(12,0,0,103,103)
w(602,1,0,104,104)
r(2,0,0,105,105)
r(0,3,0,106,106)
r(8,0,0,107,107)
r(2,0,0,108,108)
r(1,1,0,109,109)
r(776,0,0,110,110)
r(47,0,0,111,111)
r(3,1,0,112,112)
r(28,0,0,113,113)
r(4,0,0,114,114)
r(42,1,0,115,115)
r(17,1,0,116,116)
r(205,0,0,117,117)
w(3,2,0,118,118)
r(1,1,0,119,119)
r(25,0,0,120,120)
r(14,0,0,121,121)
r(713,0,0,122,122)
r(47,0,0,123,123)
r(5,0,0,124,124)
r(54,0,0,125,125)
r(0,3,0,126,126)
r(1,1,0,127,127)
r(0,3,0,128,128)
r(111,0,0,129,129)
r(16,0,0,130,130)
r(69,0,0,131,131)
r(0,3,0,132,132)
r(148,0,0,133,133)
w(58,1,0,134,134)
r(502,0,0,135,135)
r(1,1,0,136,136)
r(39,1,0,137,137)
r(9,0,0,138,138)
w(58,2,0,139,139)
r(2,0,0,140,140)
r(573,0,0,141,141)
r(4,0,0,142,142)
r(30,0,0,143,143)
r(1,1,0,144,144)
r(69,0,0,145,145)
r(62,0,0,146,146)
r(580,0,0,147,147)
r(0,3,0,148,148)
r(513,0,0,149,149)
r(97,0,0,150,150)
w(73,1,0,151,151)
r(0,3,0,152,152)
r(42,1,0,153,153)
w(8,1,0,154,154)
w(97,1,0,155,155)
r(139,0,0,156,156)
r(727,0,0,157,157)
r(1,1,0,158,158)
r(5,0,0,159,159)
r(146,0,0,160,160)
r(759,0,0,161,161)
r(76,0,0,162,162)
r(17,1,0,163,163)
r(1,1,0,164,164)
r(29,0,0,165,165)
r(678,0,0,166,166)
r(5,0,0,167,167)
r(981,0,0,168,168)
w(0,4,0,169,169)
r(15,0,0,170,170)
r(761,0,0,171,171)
r(254,0,0,172,172)
r(4,0,0,173,173)
r(0,4,0,174,174)
r(84,0,0,175,175)
r(15,0,0,176,176)
r(13,0,0,177,177)
r(750,0,0,178,178)
w(0,5,0,179,179)
r(8,1,0,180,180)
r(0,5,0,181,181)
r(331,0,0,182,182)
r(317,0,0,183,183)
r(2,0,0,184,184)
r(192,0,0,185,185)
r(80,0,0,186,186)
r(83,0,0,187,187)
r(22,0,0,188,188)
r(12,0,0,189,189)
r(1,1,0,190,190)
r(461,0,0,191,191)
r(0,5,0,192,192)
r(11,1,0,193,193)
r(143,0,0,194,194)
r(561,0,0,195,195)
w(2,1,0,196,196)
r(840,0,0,197,197)
r(28,0,0,198,198)
r(31,0,0,199,199)
r(475,0,1,0,0)
w(4,1,1,1,1)
r(3,2,1,2,2)
r(24,1,1,3,3)
r(4,1,1,4,4)
r(30,0,1,5,5)
r(0,5,1,6,6)
r(0,5,1,7,7)
r(0,5,1,8,8)
r(0,5,1,9,9)
w(5,1,1,10,10)
r(15,0,1,11,11)
w(0,6,1,12,12)
r(0,6,1,13,13)
r(2,1,1,14,14)
r(8,1,1,15,15)
r(102,0,1,16,16)
r(32,0,1,17,17)
r(854,0,1,18,18)
r(28,0,1,19,19)
r(3,2,1,20,20)
r(1,1,1,21,21)
r(369,0,1,22,22)
r(0,6,1,23,23)
r(561,0,1,24,24)
r(5,1,1,25,25)
r(29,0,1,26,26)
r(19,0,1,27,27)
r(13,0,1,28,28)
r(16,0,1,29,29)
r(74,0,1,30,30)
r(15,0,1,31,31)
r(0,6,1,32,32)
r(7,0,1,33,33)
r(39,1,1,34,34)
r(373,0,1,35,35)
w(0,7,1,36,36)
r(54,0,1,37,37)
r(0,7,1,38,38)
r(9,0,1,39,39)
r(559,0,1,40,40)
r(67,0,1,41,41)
r(0,7,1,42,42)
w(2,2,1,43,43)
r(525,0,1,44,44)
r(0,7,1,45,45)
w(188,1,1,46,46)
r(8,1,1,47,47)
w(0,8,1,48,48)
w(428,1,1,49,49)
r(0,8,1,50,50)
w(1,2,1,51,51)
r(556,0,1,52,52)
w(33,1,1,53,53)
r(56,0,1,54,54)
r(67,0,1,55,55)
r(14,0,1,56,56)
r(220,0,1,57,57)
r(78,0,1,58,58)
w(223,1,1,59,59)
r(821,0,1,60,60)
r(7,0,1,61,61)
r(254,0,1,62,62)
r(284,0,1,63,63)
r(26,0,1,64,64)
r(14,0,1,65,65)
r(613,0,1,66,66)
r(30,0,1,67,67)
r(956,0,1,68,68)
r(10,0,1,69,69)
r(59,0,1,70,70)
r(60,0,1,71,71)
r(33,1,1,72,72)
r(882,0,1,73,73)
r(0,8,1,74,74)
r(1,2,1,75,75)
r(2,2,1,76,76)
r(12,0,1,77,77)
r(53,0,1,78,78)
r(329,0,1,79,79)
w(304,1,1,80,80)
r(155,0,1,81,81)
r(6,0,1,82,82)
w(2,3,1,83,83)
r(18,0,1,84,84)
r(108,0,1,85,85)
r(21,0,1,86,86)
r(2,3,1,87,87)
r(0,8,1,88,88)
r(780,0,1,89,89)
r(25,0,1,90,90)
r(447,0,1,91,91)
r(313,0,1,92,92)
r(24,1,1,93,93)
r(4,1,1,94,94)
r(265,0,1,95,95)
r(20,0,1,96,96)
r(21,0,1,97,97)
r(0,8,1,98,98)
r(213,0,1,99,99)
r(92,0,1,100,100)
r(17,1,1,101,101)
r(257,0,1,102,102)
r(13,0,1,103,103)
r(13,0,1,104,104)
r(21,0,1,105,105)
r(809,0,1,106,106)
w(0,9,1,107,107)
r(719,0,1,108,108)
w(270,1,1,109,109)
r(52,0,1,110,110)
r(1,2,1,111,111)
r(1,2,1,112,112)
w(6,1,1,113,113)
r(892,0,1,114,114)
r(0,9,1,115,115)
r(566,0,1,116,116)
r(220,0,1,117,117)
r(188,1,1,118,118)
r(86,0,1,119,119)
r(924,0,1,120,120)
r(149,0,1,121,121)
r(3,2,1,122,122)
r(55,0,1,123,123)
r(41,0,1,124,124)
r(1,2,1,125,125)
r(53,0,1,126,126)
r(0,9,1,127,127)
r(4,1,1,128,128)
r(2,3,1,129,129)
w(15,1,1,130,130)
r(1,2,1,131,131)
r(6,1,1,132,132)
r(16,0,1,133,133)
r(545,0,1,134,134)
r(2,3,1,135,135)
r(54,0,1,136,136)
r(3,2,1,137,137)
r(32,0,1,138,138)
w(145,1,1,139,139)
r(168,0,1,140,140)
r(0,9,1,141,141)
r(12,0,1,142,142)
w(955,1,1,143,143)
r(0,9,1,144,144)
r(562,0,1,145,145)
r(9,0,1,146,146)
r(12,0,1,147,147)
r(10,0,1,148,148)
r(123,0,1,149,149)
r(805,0,1,150,150)
r(2,3,1,151,151)
r(0,9,1,152,152)
r(5,1,1,153,153)
w(2,4,1,154,154)
r(5,1,1,155,155)
r(293,0,1,156,156)
r(86,0,1,157,157)
r(717,0,1,158,158)
r(2,4,1,159,159)
r(5,1,1,160,160)
r(42,1,1,161,161)
r(0,9,1,162,162)
r(0,9,1,163,163)
r(822,0,1,164,164)
w(876,1,1,165,165)
r(8,1,1,166,166)
r(130,0,1,167,167)
r(62,0,1,168,168)
r(22,0,1,169,169)
r(2,4,1,170,170)
w(4,2,1,171,171)
r(0,9,1,172,172)
r(627,0,1,173,173)
r(0,9,1,174,174)
r(64,0,1,175,175)
w(65,1,1,176,176)
r(6,1,1,177,177)
r(993,0,1,178,178)
r(44,0,1,179,179)
r(0,9,1,180,180)
r(4,2,1,181,181)
r(3,2,1,182,182)
r(50,0,1,183,183)
r(0,9,1,184,184)
r(485,0,1,185,185)
w(116,1,1,186,186)
r(61,0,1,187,187)
r(3,2,1,188,188)
r(894,0,1,189,189)
r(0,9,1,190,190)
w(2,5,1,191,191)
r(5,1,1,192,192)
r(5,1,1,193,193)
r(0,9,1,194,194)
r(1,2,1,195,195)
r(228,0,1,196,196)
r(22,0,1,197,197)
r(0,9,1,198,198)
r(390,0,1,199,199)
r(24,1,2,0,0)
r(0,9,2,1,1)
r(0,9,2,2,2)
r(4,2,2,3,3)
r(223,1,2,4,4)
r(7,0,2,5,5)
r(46,0,2,6,6)
r(769,0,2,7,7)
r(627,0,2,8,8)
r(0,9,2,9,9)
r(87,0,2,10,10)
r(3,2,2,11,11)
r(2,5,2,12,12)
r(67,0,2,13,13)
r(93,0,2,14,14)
r(3,2,2,15,15)
r(197,0,2,16,16)
w(100,1,2,17,17)
w(8,2,2,18,18)
r(0,9,2,19,19)
r(106,0,2,20,20)
r(11,1,2,21,21)
r(634,0,2,22,22)
r(81,0,2,23,23)
r(68,0,2,24,24)
r(719,0,2,25,25)
r(218,0,2,26,26)
r(0,9,2,27,27)
r(224,0,2,28,28)
r(7,0,2,29,29)
r(0,9,2,30,30)
r(301,0,2,31,31)
r(1,2,2,32,32)
r(25,0,2,33,33)
r(350,0,2,34,34)
r(246,0,2,35,35)
r(152,0,2,36,36)
r(186,0,2,37,37)
r(2,5,2,38,38)
r(0,9,2,39,39)
r(16,0,2,40,40)
r(776,0,2,41,41)
r(765,0,2,42,42)
r(368,0,2,43,43)
r(232,0,2,44,44)
r(35,0,2,45,45)
w(13,1,2,46,46)
r(119,0,2,47,47)
r(54,0,2,48,48)
r(0,9,2,49,49)
r(51,0,2,50,50)
w(15,2,2,51,51)
r(16,0,2,52,52)
r(875,0,2,53,53)
r(838,0,2,54,54)
r(20,0,2,55,55)
r(49,0,2,56,56)
r(331,0,2,57,57)
r(766,0,2,58,58)
r(1,2,2,59,59)
r(238,0,2,60,60)
r(0,9,2,61,61)
r(969,0,2,62,62)
r(42,1,2,63,63)
r(1,2,2,64,64)
r(13,1,2,65,65)
r(7,0,2,66,66)
r(4,2,2,67,67)
r(526,0,2,68,68)
r(347,0,2,69,69)
r(8,2,2,70,70)
r(21,0,2,71,71)
r(0,9,2,72,72)
r(52,0,2,73,73)
r(0,9,2,74,74)
r(305,0,2,75,75)
r(1,2,2,76,76)
r(379,0,2,77,77)
r(734,0,2,78,78)
r(1,2,2,79,79)
r(64,0,2,80,80)
r(26,0,2,81,81)
r(4,2,2,82,82)
r(147,0,2,83,83)
r(325,0,2,84,84)
r(4,2,2,85,85)
r(1,2,2,86,86)
r(98,0,2,87,87)
r(43,0,2,88,88)
r(2,5,2,89,89)
r(56,0,2,90,90)
r(14,0,2,91,91)
r(274,0,2,92,92)
r(177,0,2,93,93)
r(345,0,2,94,94)
r(165,0,2,95,95)
r(3,2,2,96,96)
w(14,1,2,97,97)
r(0,9,2,98,98)
r(0,9,2,99,99)
r(3,2,2,100,100)
r(39,1,2,101,101)
r(94,0,2,102,102)
r(414,0,2,103,103)
r(2,5,2,104,104)
r(77,0,2,105,105)
r(37,0,2,106,106)
w(75,1,2,107,107)
r(49,0,2,108,108)
r(302,0,2,109,109)
r(37,0,2,110,110)
r(274,0,2,111,111)
r(723,0,2,112,112)
r(33,1,2,113,113)
w(749,1,2,114,114)
r(5,1,2,115,115)
w(4,3,2,116,116)
w(4,4,2,117,117)
r(32,0,2,118,118)
r(36,0,2,119,119)
r(19,0,2,120,120)
r(27,0,2,121,121)
r(4,4,2,122,122)
w(7,1,2,123,123)
r(10,0,2,124,124)
r(7,1,2,125,125)
r(129,0,2,126,126)
r(349,0,2,127,127)
r(0,9,2,128,128)
r(10,0,2,129,129)
r(0,9,2,130,130)
r(218,0,2,131,131)
r(41,0,2,132,132)
r(228,0,2,133,133)
r(20,0,2,134,134)
r(0,9,2,135,135)
r(0,9,2,136,136)
r(66,0,2,137,137)
r(1,2,2,138,138)
r(303,0,2,139,139)
r(447,0,2,140,140)
r(7,1,2,141,141)
r(59,0,2,142,142)
r(10,0,2,143,143)
r(209,0,2,144,144)
r(1,2,2,145,145)
r(18,0,2,146,146)
r(0,9,2,147,147)
r(3,2,2,148,148)
r(10,0,2,149,149)
r(211,0,2,150,150)
r(8,2,2,151,151)
r(151,0,2,152,152)
r(554,0,2,153,153)
r(7,1,2,154,154)
r(21,0,2,155,155)
r(4,4,2,156,156)
r(16,0,2,157,157)
r(201,0,2,158,158)
r(0,9,2,159,159)
r(0,9,2,160,160)
r(60,0,2,161,161)
r(0,9,2,162,162)
r(11,1,2,163,163)
r(2,5,2,164,164)
r(25,0,2,165,165)
r(6,1,2,166,166)
w(9,1,2,167,167)
r(690,0,2,168,168)
r(0,9,2,169,169)
r(53,0,2,170,170)
r(0,9,2,171,171)
r(8,2,2,172,172)
r(0,9,2,173,173)
r(0,9,2,174,174)
r(0,9,2,175,175)
w(217,1,2,176,176)
w(248,1,2,177,177)
r(301,0,2,178,178)
r(217,1,2,179,179)
r(179,0,2,180,180)
r(0,9,2,181,181)
r(29,0,2,182,182)
r(3,2,2,183,183)
r(21,0,2,184,184)
r(25,0,2,185,185)
r(0,9,2,186,186)
r(0,9,2,187,187)
r(0,9,2,188,188)
r(414,0,2,189,189)
r(329,0,2,190,190)
r(783,0,2,191,191)
r(482,0,2,192,192)
w(27,1,2,193,193)
r(3,2,2,194,194)
r(249,0,2,195,195)
w(91,1,2,196,196)
r(332,0,2,197,197)
r(15,2,2,198,198)
r(968,0,2,199,199)
r(1,2,3,0,0)
r(23,0,3,1,1)
r(11,1,3,2,2)
r(42,1,3,3,3)
r(797,0,3,4,4)
r(0,9,3,5,5)
r(364,0,3,6,6)
r(0,9,3,7,7)
r(657,0,3,8,8)
w(7,2,3,9,9)
r(5,1,3,10,10)
r(0,9,3,11,11)
r(445,0,3,12,12)
r(21,0,3,13,13)
r(950,0,3,14,14)
r(29,0,3,15,15)
r(8,2,3,16,16)
r(0,9,3,17,17)
r(283,0,3,18,18)
r(60,0,3,19,19)
r(307,0,3,20,20)
r(401,0,3,21,21)
r(257,0,3,22,22)
r(150,0,3,23,23)
r(224,0,3,24,24)
r(8,2,3,25,25)
r(301,0,3,26,26)
r(635,0,3,27,27)
r(83,0,3,28,28)
r(6,1,3,29,29)
r(3,2,3,30,30)
w(81,1,3,31,31)
r(20,0,3,32,32)
r(1,2,3,33,33)
r(978,0,3,34,34)
r(134,0,3,35,35)
r(5,1,3,36,36)
r(561,0,3,37,37)
r(10,0,3,38,38)
w(136,1,3,39,39)
r(79,0,3,40,40)
r(312,0,3,41,41)
r(20,0,3,42,42)
r(166,0,3,43,43)
r(915,0,3,44,44)
r(0,9,3,45,45)
r(1,2,3,46,46)
r(2,5,3,47,47)
r(545,0,3,48,48)
w(2,6,3,49,49)
r(161,0,3,50,50)
r(994,0,3,51,51)
r(32,0,3,52,52)
r(735,0,3,53,53)
r(5,1,3,54,54)
r(22,0,3,55,55)
r(85,0,3,56,56)
r(0,9,3,57,57)
r(85,0,3,58,58)
w(84,1,3,59,59)
r(840,0,3,60,60)
r(1,2,3,61,61)
r(19,0,3,62,62)
r(0,9,3,63,63)
r(90,0,3,64,64)
r(7,2,3,65,65)
r(777,0,3,66,66)
r(6,1,3,67,67)
r(2,6,3,68,68)
w(0,10,3,69,69)
r(8,2,3,70,70)
r(429,0,3,71,71)
r(4,4,3,72,72)
r(144,0,3,73,73)
w(0,11,3,74,74)
r(16,0,3,75,75)
r(0,11,3,76,76)
w(68,1,3,77,77)
r(105,0,3,78,78)
r(19,0,3,79,79)
r(4,4,3,80,80)
r(403,0,3,81,81)
r(0,11,3,82,82)
r(15,2,3,83,83)
r(153,0,3,84,84)
r(334,0,3,85,85)
w(11,2,3,86,86)
r(4,4,3,87,87)
r(4,4,3,88,88)
w(706,1,3,89,89)
r(0,11,3,90,90)
r(6,1,3,91,91)
r(15,2,3,92,92)
r(1,2,3,93,93)
r(366,0,3,94,94)
w(69,1,3,95,95)
r(0,11,3,96,96)
r(408,0,3,97,97)
w(624,1,3,98,98)
r(97,1,3,99,99)
r(8,2,3,100,100)
r(0,11,3,101,101)
r(2,6,3,102,102)
r(3,2,3,103,103)
r(85,0,3,104,104)
r(0,11,3,105,105)
r(800,0,3,106,106)
r(47,0,3,107,107)
r(854,0,3,108,108)
r(8,2,3,109,109)
r(94,0,3,110,110)
r(2,6,3,111,111)
r(0,11,3,112,112)
r(78,0,3,113,113)
r(0,11,3,114,114)
r(128,0,3,115,115)
r(0,11,3,116,116)
r(149,0,3,117,117)
r(914,0,3,118,118)
r(22,0,3,119,119)
r(4,4,3,120,120)
r(25,0,3,121,121)
r(83,0,3,122,122)
r(20,0,3,123,123)
r(1,2,3,124,124)
r(3,2,3,125,125)
r(116,1,3,126,126)
r(33,1,3,127,127)
r(28,0,3,128,128)
r(26,0,3,129,129)
r(810,0,3,130,130)
r(0,11,3,131,131)
r(11,2,3,132,132)
r(4,4,3,133,133)
r(72,0,3,134,134)
r(16,0,3,135,135)
r(0,11,3,136,136)
r(243,0,3,137,137)
r(31,0,3,138,138)
r(137,0,3,139,139)
r(484,0,3,140,140)
r(1,2,3,141,141)
r(10,0,3,142,142)
r(0,11,3,143,143)
r(1,2,3,144,144)
r(2,6,3,145,145)
r(68,1,3,146,146)
r(64,0,3,147,147)
w(16,1,3,148,148)
r(75,1,3,149,149)
r(13,1,3,150,150)
r(225,0,3,151,151)
w(90,1,3,152,152)
r(15,2,3,153,153)
r(590,0,3,154,154)
r(16,1,3,155,155)
r(1,2,3,156,156)
r(61,0,3,157,157)
r(684,0,3,158,158)
r(3,2,3,159,159)
r(169,0,3,160,160)
r(5,1,3,161,161)
r(371,0,3,162,162)
r(153,0,3,163,163)
r(526,0,3,164,164)
w(619,1,3,165,165)
r(5,1,3,166,166)
r(2,6,3,167,167)
r(45,0,3,168,168)
r(654,0,3,169,169)
r(0,11,3,170,170)
r(143,0,3,171,171)
r(20,0,3,172,172)
r(6,1,3,173,173)
r(10,0,3,174,174)
r(20,0,3,175,175)
r(2,6,3,176,176)
r(285,0,3,177,177)
w(96,1,3,178,178)
r(70,0,3,179,179)
r(73,1,3,180,180)
r(13,1,3,181,181)
r(29,0,3,182,182)
r(25,0,3,183,183)
r(0,11,3,184,184)
r(407,0,3,185,185)
r(1,2,3,186,186)
r(10,0,3,187,187)
r(1,2,3,188,188)
w(0,12,3,189,189)
r(104,0,3,190,190)
w(46,1,3,191,191)
r(40,0,3,192,192)
r(44,0,3,193,193)
w(64,1,3,194,194)
r(133,0,3,195,195)
r(614,0,3,196,196)
r(82,0,3,197,197)
r(458,0,3,198,198)
r(0,12,3,199,199)
r(8,2,4,0,0)
r(67,0,4,1,1)
r(41,0,4,2,2)
r(0,12,4,3,3)
r(588,0,4,4,4)
r(1,2,4,5,5)
r(695,0,4,6,6)
r(4,4,4,7,7)
r(285,0,4,8,8)
r(794,0,4,9,9)
r(0,12,4,10,10)
r(385,0,4,11,11)
r(0,12,4,12,12)
r(392,0,4,13,13)
r(292,0,4,14,14)
w(0,13,4,15,15)
w(94,1,4,16,16)
w(648,1,4,17,17)
r(11,2,4,18,18)
r(54,0,4,19,19)
r(991,0,4,20,20)
r(28,0,4,21,21)
r(76,0,4,22,22)
r(1,2,4,23,23)
r(57,0,4,24,24)
r(26,0,4,25,25)
r(7,2,4,26,26)
r(21,0,4,27,27)
r(7,2,4,28,28)
r(133,0,4,29,29)
r(0,13,4,30,30)
w(124,1,4,31,31)
r(522,0,4,32,32)
r(637,0,4,33,33)
r(52,0,4,34,34)
r(29,0,4,35,35)
r(120,0,4,36,36)
r(5,1,4,37,37)
r(39,1,4,38,38)
r(913,0,4,39,39)
r(359,0,4,40,40)
r(77,0,4,41,41)
r(0,13,4,42,42)
w(10,1,4,43,43)
w(1,3,4,44,44)
r(41,0,4,45,45)
r(16,1,4,46,46)
r(18,0,4,47,47)
r(5,1,4,48,48)
r(8,2,4,49,49)
w(131,1,4,50,50)
r(165,0,4,51,51)
r(380,0,4,52,52)
r(37,0,4,53,53)
r(5,1,4,54,54)
r(1,3,4,55,55)
r(5,1,4,56,56)
w(0,14,4,57,57)
r(0,14,4,58,58)
r(132,0,4,59,59)
r(404,0,4,60,60)
r(0,14,4,61,61)
r(0,14,4,62,62)
r(437,0,4,63,63)
r(6,1,4,64,64)
r(1,3,4,65,65)
r(49,0,4,66,66)
r(9,1,4,67,67)
r(113,0,4,68,68)
r(164,0,4,69,69)
r(8,2,4,70,70)
w(921,1,4,71,71)
r(243,0,4,72,72)
r(355,0,4,73,73)
r(13,1,4,74,74)
r(25,0,4,75,75)
r(16,1,4,76,76)
w(147,1,4,77,77)
r(351,0,4,78,78)
r(172,0,4,79,79)
r(31,0,4,80,80)
r(87,0,4,81,81)
r(24,1,4,82,82)
r(288,0,4,83,83)
r(62,0,4,84,84)
r(10,1,4,85,85)
r(42,1,4,86,86)
r(150,0,4,87,87)
r(29,0,4,88,88)
r(7,2,4,89,89)
r(17,1,4,90,90)
r(122,0,4,91,91)
r(268,0,4,92,92)
r(43,0,4,93,93)
r(152,0,4,94,94)
r(606,0,4,95,95)
r(7,2,4,96,96)
r(14,1,4,97,97)
w(142,1,4,98,98)
r(194,0,4,99,99)
r(353,0,4,100,100)
r(0,14,4,101,101)
r(101,0,4,102,102)
r(79,0,4,103,103)
r(2,6,4,104,104)
r(0,14,4,105,105)
r(188,1,4,106,106)
r(0,14,4,107,107)
r(124,1,4,108,108)
r(31,0,4,109,109)
r(4,4,4,110,110)
r(924,0,4,111,111)
r(5,1,4,112,112)
w(50,1,4,113,113)
r(22,0,4,114,114)
r(213,0,4,115,115)
r(0,14,4,116,116)
r(0,14,4,117,117)
r(266,0,4,118,118)
r(4,4,4,119,119)
r(701,0,4,120,120)
r(65,1,4,121,121)
w(119,1,4,122,122)
r(17,1,4,123,123)
r(882,0,4,124,124)
r(31,0,4,125,125)
r(15,2,4,126,126)
w(530,1,4,127,127)
r(0,14,4,128,128)
r(28,0,4,129,129)
r(40,0,4,130,130)
r(2,6,4,131,131)
r(344,0,4,132,132)
r(1,3,4,133,133)
w(54,1,4,134,134)
r(3,2,4,135,135)
r(87,0,4,136,136)
r(2,6,4,137,137)
r(90,1,4,138,138)
r(181,0,4,139,139)
r(918,0,4,140,140)
r(13,1,4,141,141)
r(10,1,4,142,142)
r(7,2,4,143,143)
r(1,3,4,144,144)
r(70,0,4,145,145)
r(9,1,4,146,146)
r(310,0,4,147,147)
w(474,1,4,148,148)
w(236,1,4,149,149)
r(892,0,4,150,150)
r(2,6,4,151,151)
r(1,3,4,152,152)
r(391,0,4,153,153)
r(10,1,4,154,154)
r(0,14,4,155,155)
r(22,0,4,156,156)
r(180,0,4,157,157)
r(15,2,4,158,158)
r(34,0,4,159,159)
r(442,0,4,160,160)
r(0,14,4,161,161)
r(546,0,4,162,162)
r(1,3,4,163,163)
r(0,14,4,164,164)
r(37,0,4,165,165)
w(2,7,4,166,166)
r(0,14,4,167,167)
w(812,1,4,168,168)
r(88,0,4,169,169)
r(408,0,4,170,170)
w(399,1,4,171,171)
w(7,3,4,172,172)
r(361,0,4,173,173)
r(0,14,4,174,174)
r(1,3,4,175,175)
r(1,3,4,176,176)
r(967,0,4,177,177)
r(823,0,4,178,178)
r(42,1,4,179,179)
r(24,1,4,180,180)
r(61,0,4,181,181)
r(3,2,4,182,182)
r(4,4,4,183,183)
r(232,0,4,184,184)
r(269,0,4,185,185)
r(0,14,4,186,186)
r(4,4,4,187,187)
r(12,0,4,188,188)
r(62,0,4,189,189)
r(1,3,4,190,190)
r(7,3,4,191,191)
w(3,3,4,192,192)
r(1,3,4,193,193)
r(0,14,4,194,194)
r(239,0,4,195,195)
r(2,7,4,196,196)
w(21,1,4,197,197)
r(276,0,4,198,198)
r(0,14,4,199,199)
