r(1,0,0,0,0)
r(47,0,0,1,1)
r(7,0,0,2,2)
r(39,0,0,3,3)
r(0,0,0,4,4)
r(0,0,0,5,5)
r(58,0,0,6,6)
r(2,0,0,7,7)
r(1,0,0,8,8)
r(31,0,0,9,9)
r(5,0,0,10,10)
r(6,0,0,11,11)
r(79,0,0,12,12)
r(10,0,0,13,13)
r(1,0,0,14,14)
w(0,1,0,15,15)
r(96,0,0,16,16)
w(0,2,0,17,17)
r(0,2,0,18,18)
r(20,0,0,19,19)
r(0,2,0,20,20)
r(9,0,0,21,21)
r(12,0,0,22,22)
w(4,1,0,23,23)
r(62,0,0,24,24)
r(1,0,0,25,25)
r(1,0,0,26,26)
r(0,2,0,27,27)
r(0,2,0,28,28)
r(3,0,0,29,29)
r(20,0,0,30,30)
r(45,0,0,31,31)
r(8,0,0,32,32)
r(3,0,0,33,33)
r(21,0,0,34,34)
r(9,0,0,35,35)
r(55,0,0,36,36)
r(50,0,0,37,37)
r(89,0,0,38,38)
r(28,0,0,39,39)
r(1,0,0,40,40)
r(19,0,0,41,41)
r(57,0,0,42,42)
r(9,0,0,43,43)
r(17,0,0,44,44)
r(5,0,0,45,45)
r(37,0,0,46,46)
r(0,2,0,47,47)
r(6,0,0,48,48)
r(0,2,0,49,49)
r(2,0,0,50,50)
r(89,0,0,51,51)
w(0,3,0,52,52)
r(0,3,0,53,53)
r(85,0,0,54,54)
r(11,0,0,55,55)
r(0,3,0,56,56)
r(0,3,0,57,57)
r(12,0,0,58,58)
r(18,0,0,59,59)
r(5,0,0,60,60)
w(0,4,0,61,61)
r(4,1,0,62,62)
r(1,0,0,63,63)
r(35,0,0,64,64)
r(0,4,0,65,65)
r(82,0,0,66,66)
w(49,1,0,67,67)
r(2,0,0,68,68)
r(1,0,0,69,69)
r(14,0,0,70,70)
r(17,0,0,71,71)
r(27,0,0,72,72)
r(16,0,0,73,73)
r(40,0,0,74,74)
r(81,0,0,75,75)
r(14,0,0,76,76)
r(0,4,0,77,77)
w(18,1,0,78,78)
r(3,0,0,79,79)
r(0,4,0,80,80)
r(43,0,0,81,81)
r(24,0,0,82,82)
r(14,0,0,83,83)
r(0,4,0,84,84)
r(10,0,0,85,85)
r(50,0,0,86,86)
r(3,0,0,87,87)
r(28,0,0,88,88)
r(0,4,0,89,89)
r(1,0,0,90,90)
w(9,1,0,91,91)
r(32,0,0,92,92)
r(1,0,0,93,93)
r(1,0,0,94,94)
r(1,0,0,95,95)
r(7,0,0,96,96)
r(1,0,0,97,97)
w(13,1,0,98,98)
r(7,0,0,99,99)
r(2,0,1,0,0)
r(55,0,1,1,1)
r(4,1,1,2,2)
r(13,1,1,3,3)
r(66,0,1,4,4)
r(4,1,1,5,5)
r(44,0,1,6,6)
r(38,0,1,7,7)
r(75,0,1,8,8)
r(0,4,1,9,9)
r(46,0,1,10,10)
r(21,0,1,11,11)
r(40,0,1,12,12)
r(0,4,1,13,13)
r(0,4,1,14,14)
r(7,0,1,15,15)
w(3,1,1,16,16)
r(0,4,1,17,17)
r(3,1,1,18,18)
r(0,4,1,19,19)
r(65,0,1,20,20)
r(27,0,1,21,21)
r(2,0,1,22,22)
r(11,0,1,23,23)
r(3,1,1,24,24)
r(0,4,1,25,25)
r(0,4,1,26,26)
r(59,0,1,27,27)
r(42,0,1,28,28)
r(3,1,1,29,29)
r(87,0,1,30,30)
r(66,0,1,31,31)
r(0,4,1,32,32)
w(3,2,1,33,33)
r(13,1,1,34,34)
r(3,2,1,35,35)
r(5,0,1,36,36)
w(2,1,1,37,37)
r(8,0,1,38,38)
r(47,0,1,39,39)
r(4,1,1,40,40)
w(32,1,1,41,41)
r(76,0,1,42,42)
r(5,0,1,43,43)
r(70,0,1,44,44)
r(0,4,1,45,45)
r(6,0,1,46,46)
r(0,4,1,47,47)
r(13,1,1,48,48)
r(0,4,1,49,49)
r(9,1,1,50,50)
r(17,0,1,51,51)
r(80,0,1,52,52)
r(58,0,1,53,53)
r(0,4,1,54,54)
r(11,0,1,55,55)
r(1,0,1,56,56)
r(2,1,1,57,57)
r(5,0,1,58,58)
r(1,0,1,59,59)
r(7,0,1,60,60)
r(11,0,1,61,61)
r(52,0,1,62,62)
r(41,0,1,63,63)
r(4,1,1,64,64)
w(16,1,1,65,65)
r(55,0,1,66,66)
r(52,0,1,67,67)
r(16,1,1,68,68)
r(34,0,1,69,69)
r(23,0,1,70,70)
r(7,0,1,71,71)
w(4,2,1,72,72)
r(4,2,1,73,73)
r(2,1,1,74,74)
r(33,0,1,75,75)
r(45,0,1,76,76)
r(81,0,1,77,77)
r(68,0,1,78,78)
r(10,0,1,79,79)
r(0,4,1,80,80)
r(21,0,1,81,81)
r(1,0,1,82,82)
r(7,0,1,83,83)
r(5,0,1,84,84)
r(0,4,1,85,85)
r(3,2,1,86,86)
r(4,2,1,87,87)
r(0,4,1,88,88)
r(0,4,1,89,89)
r(3,2,1,90,90)
r(53,0,1,91,91)
r(8,0,1,92,92)
r(13,1,1,93,93)
r(0,4,1,94,94)
r(3,2,1,95,95)
r(4,2,1,96,96)
r(4,2,1,97,97)
w(34,1,1,98,98)
r(38,0,1,99,99)
r(7,0,2,0,0)
r(0,4,2,1,1)
r(43,0,2,2,2)
r(0,4,2,3,3)
r(3,2,2,4,4)
r(45,0,2,5,5)
r(4,2,2,6,6)
r(3,2,2,7,7)
r(0,4,2,8,8)
r(8,0,2,9,9)
r(59,0,2,10,10)
r(1,0,2,11,11)
r(1,0,2,12,12)
r(1,0,2,13,13)
w(0,5,2,14,14)
r(0,5,2,15,15)
r(0,5,2,16,16)
r(0,5,2,17,17)
r(2,1,2,18,18)
r(0,5,2,19,19)
r(11,0,2,20,20)
w(14,1,2,21,21)
r(70,0,2,22,22)
r(9,1,2,23,23)
r(5,0,2,24,24)
r(25,0,2,25,25)
r(86,0,2,26,26)
r(0,5,2,27,27)
r(24,0,2,28,28)
r(42,0,2,29,29)
r(18,1,2,30,30)
w(4,3,2,31,31)
r(4,3,2,32,32)
r(23,0,2,33,33)
r(3,2,2,34,34)
w(15,1,2,35,35)
r(2,1,2,36,36)
r(0,5,2,37,37)
r(0,5,2,38,38)
r(13,1,2,39,39)
r(21,0,2,40,40)
r(1,0,2,41,41)
r(7,0,2,42,42)
r(4,3,2,43,43)
r(13,1,2,44,44)
r(0,5,2,45,45)
r(39,0,2,46,46)
r(2,1,2,47,47)
r(72,0,2,48,48)
r(60,0,2,49,49)
r(1,0,2,50,50)
r(0,5,2,51,51)
r(34,1,2,52,52)
r(0,5,2,53,53)
r(56,0,2,54,54)
w(21,1,2,55,55)
r(0,5,2,56,56)
r(0,5,2,57,57)
r(1,0,2,58,58)
r(0,5,2,59,59)
r(0,5,2,60,60)
r(1,0,2,61,61)
w(1,1,2,62,62)
r(8,0,2,63,63)
r(15,1,2,64,64)
w(14,2,2,65,65)
r(27,0,2,66,66)
r(7,0,2,67,67)
w(17,1,2,68,68)
r(60,0,2,69,69)
r(16,1,2,70,70)
r(0,5,2,71,71)
r(33,0,2,72,72)
r(0,5,2,73,73)
r(25,0,2,74,74)
r(19,0,2,75,75)
w(2,2,2,76,76)
r(27,0,2,77,77)
r(0,5,2,78,78)
r(72,0,2,79,79)
r(0,5,2,80,80)
w(2,3,2,81,81)
r(28,0,2,82,82)
r(2,3,2,83,83)
r(42,0,2,84,84)
r(3,2,2,85,85)
r(4,3,2,86,86)
w(2,4,2,87,87)
r(4,3,2,88,88)
r(12,0,2,89,89)
r(1,1,2,90,90)
r(43,0,2,91,91)
r(0,5,2,92,92)
r(0,5,2,93,93)
r(0,5,2,94,94)
r(18,1,2,95,95)
r(39,0,2,96,96)
r(30,0,2,97,97)
r(0,5,2,98,98)
r(1,1,2,99,99)
r(7,0,3,0,0)
r(16,1,3,1,1)
r(31,0,3,2,2)
r(16,1,3,3,3)
r(13,1,3,4,4)
r(97,0,3,5,5)
r(2,4,3,6,6)
r(2,4,3,7,7)
r(7,0,3,8,8)
w(27,1,3,9,9)
r(71,0,3,10,10)
r(71,0,3,11,11)
r(12,0,3,12,12)
r(0,5,3,13,13)
r(1,1,3,14,14)
r(2,4,3,15,15)
r(72,0,3,16,16)
r(2,4,3,17,17)
r(0,5,3,18,18)
r(6,0,3,19,19)
r(3,2,3,20,20)
r(43,0,3,21,21)
r(10,0,3,22,22)
r(0,5,3,23,23)
r(13,1,3,24,24)
r(37,0,3,25,25)
r(13,1,3,26,26)
r(4,3,3,27,27)
r(16,1,3,28,28)
w(79,1,3,29,29)
r(1,1,3,30,30)
r(5,0,3,31,31)
r(30,0,3,32,32)
r(43,0,3,33,33)
r(2,4,3,34,34)
r(1,1,3,35,35)
r(12,0,3,36,36)
r(24,0,3,37,37)
r(0,5,3,38,38)
r(0,5,3,39,39)
r(6,0,3,40,40)
r(0,5,3,41,41)
r(1,1,3,42,42)
r(20,0,3,43,43)
r(16,1,3,44,44)
r(6,0,3,45,45)
r(12,0,3,46,46)
w(51,1,3,47,47)
r(0,5,3,48,48)
r(0,5,3,49,49)
r(9,1,3,50,50)
r(39,0,3,51,51)
r(35,0,3,52,52)
w(52,1,3,53,53)
r(23,0,3,54,54)
w(0,6,3,55,55)
r(6,0,3,56,56)
r(0,6,3,57,57)
r(46,0,3,58,58)
r(1,1,3,59,59)
r(8,0,3,60,60)
r(2,4,3,61,61)
r(1,1,3,62,62)
r(0,6,3,63,63)
r(37,0,3,64,64)
r(2,4,3,65,65)
r(5,0,3,66,66)
r(2,4,3,67,67)
r(8,0,3,68,68)
r(35,0,3,69,69)
r(4,3,3,70,70)
r(13,1,3,71,71)
w(86,1,3,72,72)
r(18,1,3,73,73)
r(0,6,3,74,74)
r(13,1,3,75,75)
r(22,0,3,76,76)
r(13,1,3,77,77)
r(4,3,3,78,78)
r(0,6,3,79,79)
r(2,4,3,80,80)
r(0,6,3,81,81)
r(0,6,3,82,82)
w(0,7,3,83,83)
r(22,0,3,84,84)
r(17,1,3,85,85)
r(32,1,3,86,86)
r(2,4,3,87,87)
r(2,4,3,88,88)
r(3,2,3,89,89)
r(0,7,3,90,90)
r(9,1,3,91,91)
r(0,7,3,92,92)
r(13,1,3,93,93)
r(72,0,3,94,94)
r(1,1,3,95,95)
r(88,0,3,96,96)
r(0,7,3,97,97)
r(8,0,3,98,98)
r(12,0,3,99,99)
r(10,0,4,0,0)
r(47,0,4,1,1)
r(61,0,4,2,2)
r(74,0,4,3,3)
r(0,7,4,4,4)
r(57,0,4,5,5)
r(5,0,4,6,6)
r(0,7,4,7,7)
w(68,1,4,8,8)
r(0,7,4,9,9)
r(6,0,4,10,10)
w(0,8,4,11,11)
r(1,1,4,12,12)
r(5,0,4,13,13)
r(1,1,4,14,14)
r(3,2,4,15,15)
r(11,0,4,16,16)
r(0,8,4,17,17)
r(17,1,4,18,18)
w(42,1,4,19,19)
r(8,0,4,20,20)
r(0,8,4,21,21)
r(13,1,4,22,22)
r(1,1,4,23,23)
r(7,0,4,24,24)
r(1,1,4,25,25)
r(12,0,4,26,26)
r(3,2,4,27,27)
r(0,8,4,28,28)
r(2,4,4,29,29)
r(3,2,4,30,30)
r(33,0,4,31,31)
r(5,0,4,32,32)
r(45,0,4,33,33)
r(37,0,4,34,34)
r(58,0,4,35,35)
r(4,3,4,36,36)
r(1,1,4,37,37)
r(0,8,4,38,38)
r(8,0,4,39,39)
r(7,0,4,40,40)
r(2,4,4,41,41)
r(37,0,4,42,42)
w(0,9,4,43,43)
r(1,1,4,44,44)
r(35,0,4,45,45)
r(5,0,4,46,46)
r(3,2,4,47,47)
w(25,1,4,48,48)
r(4,3,4,49,49)
r(30,0,4,50,50)
r(5,0,4,51,51)
r(21,1,4,52,52)
r(21,1,4,53,53)
r(22,0,4,54,54)
r(5,0,4,55,55)
r(1,1,4,56,56)
r(0,9,4,57,57)
r(0,9,4,58,58)
r(63,0,4,59,59)
r(2,4,4,60,60)
r(11,0,4,61,61)
r(65,0,4,62,62)
r(1,1,4,63,63)
r(10,0,4,64,64)
r(26,0,4,65,65)
r(81,0,4,66,66)
r(1,1,4,67,67)
r(0,9,4,68,68)
r(10,0,4,69,69)
r(9,1,4,70,70)
w(21,2,4,71,71)
w(1,2,4,72,72)
r(0,9,4,73,73)
r(0,9,4,74,74)
w(20,1,4,75,75)
r(0,9,4,76,76)
r(82,0,4,77,77)
r(10,0,4,78,78)
r(0,9,4,79,79)
r(4,3,4,80,80)
r(1,2,4,81,81)
r(0,9,4,82,82)
w(0,10,4,83,83)
r(84,0,4,84,84)
r(14,2,4,85,85)
r(22,0,4,86,86)
r(70,0,4,87,87)
r(0,10,4,88,88)
r(1,2,4,89,89)
r(21,2,4,90,90)
r(5,0,4,91,91)
r(1,2,4,92,92)
r(6,0,4,93,93)
r(1,2,4,94,94)
r(1,2,4,95,95)
r(1,2,4,96,96)
r(34,1,4,97,97)
r(1,2,4,98,98)
r(66,0,4,99,99)
r(26,0,5,0,0)
r(2,4,5,1,1)
r(29,0,5,2,2)
r(7,0,5,3,3)
r(38,0,5,4,4)
r(0,10,5,5,5)
r(0,10,5,6,6)
w(46,1,5,7,7)
r(0,10,5,8,8)
r(0,10,5,9,9)
r(0,10,5,10,10)
r(3,2,5,11,11)
r(1,2,5,12,12)
w(48,1,5,13,13)
r(26,0,5,14,14)
r(0,10,5,15,15)
r(71,0,5,16,16)
r(47,0,5,17,17)
r(57,0,5,18,18)
r(2,4,5,19,19)
w(0,11,5,20,20)
r(3,2,5,21,21)
r(55,0,5,22,22)
r(23,0,5,23,23)
w(4,4,5,24,24)
r(9,1,5,25,25)
r(0,11,5,26,26)
r(47,0,5,27,27)
w(96,1,5,28,28)
r(4,4,5,29,29)
r(1,2,5,30,30)
r(2,4,5,31,31)
r(71,0,5,32,32)
r(83,0,5,33,33)
r(25,1,5,34,34)
r(3,2,5,35,35)
r(3,2,5,36,36)
w(27,2,5,37,37)
r(13,1,5,38,38)
r(0,11,5,39,39)
r(62,0,5,40,40)
r(1,2,5,41,41)
r(2,4,5,42,42)
r(0,11,5,43,43)
r(1,2,5,44,44)
r(8,0,5,45,45)
r(2,4,5,46,46)
r(1,2,5,47,47)
r(59,0,5,48,48)
w(0,12,5,49,49)
r(2,4,5,50,50)
r(74,0,5,51,51)
r(2,4,5,52,52)
w(2,5,5,53,53)
r(0,12,5,54,54)
r(0,12,5,55,55)
r(0,12,5,56,56)
w(1,3,5,57,57)
r(57,0,5,58,58)
r(26,0,5,59,59)
r(19,0,5,60,60)
r(20,1,5,61,61)
r(29,0,5,62,62)
r(65,0,5,63,63)
r(45,0,5,64,64)
r(18,1,5,65,65)
r(3,2,5,66,66)
r(9,1,5,67,67)
r(45,0,5,68,68)
r(0,12,5,69,69)
r(1,3,5,70,70)
r(20,1,5,71,71)
r(99,0,5,72,72)
r(6,0,5,73,73)
r(5,0,5,74,74)
r(39,0,5,75,75)
w(8,1,5,76,76)
r(4,4,5,77,77)
r(69,0,5,78,78)
r(69,0,5,79,79)
r(0,12,5,80,80)
r(0,12,5,81,81)
r(16,1,5,82,82)
r(86,1,5,83,83)
r(0,12,5,84,84)
r(1,3,5,85,85)
r(46,1,5,86,86)
r(44,0,5,87,87)
w(93,1,5,88,88)
r(2,5,5,89,89)
r(0,12,5,90,90)
w(67,1,5,91,91)
r(4,4,5,92,92)
r(3,2,5,93,93)
r(43,0,5,94,94)
r(39,0,5,95,95)
r(57,0,5,96,96)
r(0,12,5,97,97)
r(1,3,5,98,98)
r(19,0,5,99,99)
r(1,3,6,0,0)
r(15,1,6,1,1)
r(0,12,6,2,2)
r(0,12,6,3,3)
r(40,0,6,4,4)
r(2,5,6,5,5)
r(25,1,6,6,6)
r(0,12,6,7,7)
r(25,1,6,8,8)
r(26,0,6,9,9)
r(32,1,6,10,10)
r(13,1,6,11,11)
w(14,3,6,12,12)
r(4,4,6,13,13)
r(1,3,6,14,14)
w(48,2,6,15,15)
r(9,1,6,16,16)
r(42,1,6,17,17)
r(18,1,6,18,18)
r(6,0,6,19,19)
r(3,2,6,20,20)
w(0,13,6,21,21)
r(25,1,6,22,22)
r(1,3,6,23,23)
r(21,2,6,24,24)
r(68,1,6,25,25)
r(25,1,6,26,26)
r(1,3,6,27,27)
r(0,13,6,28,28)
r(0,13,6,29,29)
r(9,1,6,30,30)
r(3,2,6,31,31)
r(25,1,6,32,32)
w(3,3,6,33,33)
r(7,0,6,34,34)
r(7,0,6,35,35)
r(5,0,6,36,36)
r(5,0,6,37,37)
r(25,1,6,38,38)
r(40,0,6,39,39)
r(38,0,6,40,40)
r(95,0,6,41,41)
r(17,1,6,42,42)
w(0,14,6,43,43)
r(13,1,6,44,44)
r(10,0,6,45,45)
r(3,3,6,46,46)
r(1,3,6,47,47)
r(13,1,6,48,48)
r(0,14,6,49,49)
r(7,0,6,50,50)
r(2,5,6,51,51)
r(0,14,6,52,52)
r(6,0,6,53,53)
r(5,0,6,54,54)
r(60,0,6,55,55)
r(13,1,6,56,56)
r(81,0,6,57,57)
r(0,14,6,58,58)
r(1,3,6,59,59)
r(15,1,6,60,60)
r(0,14,6,61,61)
r(2,5,6,62,62)
r(3,3,6,63,63)
r(12,0,6,64,64)
r(0,14,6,65,65)
r(4,4,6,66,66)
r(17,1,6,67,67)
r(0,14,6,68,68)
w(6,1,6,69,69)
r(7,0,6,70,70)
r(25,1,6,71,71)
r(31,0,6,72,72)
w(61,1,6,73,73)
r(0,14,6,74,74)
r(10,0,6,75,75)
r(2,5,6,76,76)
r(11,0,6,77,77)
w(2,6,6,78,78)
r(73,0,6,79,79)
r(13,1,6,80,80)
r(1,3,6,81,81)
r(6,1,6,82,82)
r(6,1,6,83,83)
r(31,0,6,84,84)
r(0,14,6,85,85)
r(14,3,6,86,86)
r(0,14,6,87,87)
w(14,4,6,88,88)
r(2,6,6,89,89)
r(0,14,6,90,90)
r(4,4,6,91,91)
r(2,6,6,92,92)
r(0,14,6,93,93)
r(38,0,6,94,94)
r(2,6,6,95,95)
r(3,3,6,96,96)
w(0,15,6,97,97)
r(0,15,6,98,98)
r(20,1,6,99,99)
w(29,1,7,0,0)
r(1,3,7,1,1)
r(2,6,7,2,2)
r(90,0,7,3,3)
w(12,1,7,4,4)
r(5,0,7,5,5)
r(19,0,7,6,6)
r(0,15,7,7,7)
r(11,0,7,8,8)
w(98,1,7,9,9)
w(5,1,7,10,10)
r(9,1,7,11,11)
r(43,0,7,12,12)
r(0,15,7,13,13)
r(78,0,7,14,14)
r(13,1,7,15,15)
r(0,15,7,16,16)
r(13,1,7,17,17)
r(51,1,7,18,18)
r(2,6,7,19,19)
r(1,3,7,20,20)
r(1,3,7,21,21)
w(25,2,7,22,22)
r(28,0,7,23,23)
r(74,0,7,24,24)
w(3,4,7,25,25)
r(63,0,7,26,26)
r(1,3,7,27,27)
r(1,3,7,28,28)
r(21,2,7,29,29)
w(1,4,7,30,30)
w(5,2,7,31,31)
r(22,0,7,32,32)
r(3,4,7,33,33)
r(7,0,7,34,34)
r(0,15,7,35,35)
r(89,0,7,36,36)
r(14,4,7,37,37)
r(10,0,7,38,38)
r(7,0,7,39,39)
w(2,7,7,40,40)
r(61,1,7,41,41)
r(34,1,7,42,42)
r(0,15,7,43,43)
r(37,0,7,44,44)
w(28,1,7,45,45)
r(10,0,7,46,46)
r(10,0,7,47,47)
r(0,15,7,48,48)
r(43,0,7,49,49)
r(94,0,7,50,50)
r(84,0,7,51,51)
r(30,0,7,52,52)
r(2,7,7,53,53)
r(7,0,7,54,54)
w(50,1,7,55,55)
r(67,1,7,56,56)
r(0,15,7,57,57)
r(39,0,7,58,58)
r(4,4,7,59,59)
r(21,2,7,60,60)
r(6,1,7,61,61)
r(4,4,7,62,62)
r(5,2,7,63,63)
r(29,1,7,64,64)
w(0,16,7,65,65)
r(8,1,7,66,66)
r(0,16,7,67,67)
r(24,0,7,68,68)
r(36,0,7,69,69)
r(73,0,7,70,70)
r(4,4,7,71,71)
r(4,4,7,72,72)
r(0,16,7,73,73)
r(7,0,7,74,74)
r(0,16,7,75,75)
r(6,1,7,76,76)
r(57,0,7,77,77)
r(2,7,7,78,78)
r(11,0,7,79,79)
r(2,7,7,80,80)
r(16,1,7,81,81)
r(25,2,7,82,82)
r(55,0,7,83,83)
r(26,0,7,84,84)
r(1,4,7,85,85)
w(18,2,7,86,86)
r(1,4,7,87,87)
r(0,16,7,88,88)
r(0,16,7,89,89)
r(52,1,7,90,90)
r(6,1,7,91,91)
r(17,1,7,92,92)
r(8,1,7,93,93)
r(0,16,7,94,94)
r(12,1,7,95,95)
r(2,7,7,96,96)
r(3,4,7,97,97)
r(0,16,7,98,98)
r(6,1,7,99,99)
r(1,4,8,0,0)
r(6,1,8,1,1)
r(0,16,8,2,2)
r(47,0,8,3,3)
r(2,7,8,4,4)
r(15,1,8,5,5)
r(0,16,8,6,6)
w(0,17,8,7,7)
r(14,4,8,8,8)
r(1,4,8,9,9)
r(1,4,8,10,10)
r(10,0,8,11,11)
r(63,0,8,12,12)
r(16,1,8,13,13)
r(0,17,8,14,14)
w(0,18,8,15,15)
r(21,2,8,16,16)
w(1,5,8,17,17)
r(6,1,8,18,18)
r(0,18,8,19,19)
r(1,5,8,20,20)
r(52,1,8,21,21)
r(74,0,8,22,22)
r(3,4,8,23,23)
r(30,0,8,24,24)
r(3,4,8,25,25)
w(78,1,8,26,26)
r(13,1,8,27,27)
r(13,1,8,28,28)
r(0,18,8,29,29)
r(0,18,8,30,30)
r(1,5,8,31,31)
r(1,5,8,32,32)
r(71,0,8,33,33)
r(46,1,8,34,34)
r(26,0,8,35,35)
w(19,1,8,36,36)
r(67,1,8,37,37)
r(0,18,8,38,38)
r(1,5,8,39,39)
r(19,1,8,40,40)
w(0,19,8,41,41)
r(22,0,8,42,42)
r(11,0,8,43,43)
r(10,0,8,44,44)
r(0,19,8,45,45)
r(1,5,8,46,46)
r(26,0,8,47,47)
r(82,0,8,48,48)
r(40,0,8,49,49)
w(12,2,8,50,50)
r(0,19,8,51,51)
r(1,5,8,52,52)
r(13,1,8,53,53)
r(53,0,8,54,54)
r(10,0,8,55,55)
r(35,0,8,56,56)
r(10,0,8,57,57)
r(0,19,8,58,58)
r(35,0,8,59,59)
r(1,5,8,60,60)
r(1,5,8,61,61)
r(12,2,8,62,62)
r(20,1,8,63,63)
w(0,20,8,64,64)
r(1,5,8,65,65)
r(5,2,8,66,66)
r(0,20,8,67,67)
r(0,20,8,68,68)
r(98,1,8,69,69)
r(54,0,8,70,70)
r(5,2,8,71,71)
r(19,1,8,72,72)
r(44,0,8,73,73)
w(0,21,8,74,74)
w(12,3,8,75,75)
w(0,22,8,76,76)
r(33,0,8,77,77)
w(0,23,8,78,78)
r(1,5,8,79,79)
w(2,8,8,80,80)
r(74,0,8,81,81)
r(31,0,8,82,82)
r(0,23,8,83,83)
r(0,23,8,84,84)
w(0,24,8,85,85)
r(4,4,8,86,86)
r(94,0,8,87,87)
r(30,0,8,88,88)
r(99,0,8,89,89)
r(7,0,8,90,90)
r(49,1,8,91,91)
r(1,5,8,92,92)
r(0,24,8,93,93)
r(0,24,8,94,94)
r(28,1,8,95,95)
r(42,1,8,96,96)
r(9,1,8,97,97)
r(23,0,8,98,98)
r(2,8,8,99,99)
r(1,5,9,0,0)
r(17,1,9,1,1)
r(62,0,9,2,2)
r(0,24,9,3,3)
r(3,4,9,4,4)
r(0,24,9,5,5)
r(0,24,9,6,6)
r(0,24,9,7,7)
r(45,0,9,8,8)
r(35,0,9,9,9)
r(2,8,9,10,10)
r(9,1,9,11,11)
r(1,5,9,12,12)
w(0,25,9,13,13)
r(2,8,9,14,14)
r(8,1,9,15,15)
r(6,1,9,16,16)
r(2,8,9,17,17)
r(7,0,9,18,18)
r(1,5,9,19,19)
r(7,0,9,20,20)
w(0,26,9,21,21)
r(7,0,9,22,22)
w(10,1,9,23,23)
r(6,1,9,24,24)
r(11,0,9,25,25)
r(62,0,9,26,26)
r(2,8,9,27,27)
r(0,26,9,28,28)
r(26,0,9,29,29)
r(2,8,9,30,30)
r(55,0,9,31,31)
r(8,1,9,32,32)
r(0,26,9,33,33)
r(56,0,9,34,34)
r(61,1,9,35,35)
r(25,2,9,36,36)
r(8,1,9,37,37)
r(79,1,9,38,38)
r(1,5,9,39,39)
r(2,8,9,40,40)
r(23,0,9,41,41)
r(71,0,9,42,42)
w(1,6,9,43,43)
r(5,2,9,44,44)
r(21,2,9,45,45)
r(0,26,9,46,46)
r(10,1,9,47,47)
r(1,6,9,48,48)
r(5,2,9,49,49)
w(9,2,9,50,50)
r(23,0,9,51,51)
r(0,26,9,52,52)
w(70,1,9,53,53)
r(20,1,9,54,54)
r(66,0,9,55,55)
r(62,0,9,56,56)
r(42,1,9,57,57)
r(15,1,9,58,58)
r(26,0,9,59,59)
r(33,0,9,60,60)
r(67,1,9,61,61)
r(0,26,9,62,62)
r(2,8,9,63,63)
r(35,0,9,64,64)
r(36,0,9,65,65)
r(87,0,9,66,66)
r(3,4,9,67,67)
w(21,3,9,68,68)
w(72,1,9,69,69)
r(11,0,9,70,70)
r(72,1,9,71,71)
r(0,26,9,72,72)
r(45,0,9,73,73)
r(1,6,9,74,74)
r(3,4,9,75,75)
r(1,6,9,76,76)
r(0,26,9,77,77)
r(0,26,9,78,78)
r(0,26,9,79,79)
r(43,0,9,80,80)
r(6,1,9,81,81)
r(8,1,9,82,82)
r(0,26,9,83,83)
r(7,0,9,84,84)
r(15,1,9,85,85)
r(17,1,9,86,86)
r(7,0,9,87,87)
r(25,2,9,88,88)
r(15,1,9,89,89)
r(8,1,9,90,90)
r(26,0,9,91,91)
r(0,26,9,92,92)
r(10,1,9,93,93)
r(44,0,9,94,94)
w(71,1,9,95,95)
r(0,26,9,96,96)
r(40,0,9,97,97)
r(11,0,9,98,98)
r(5,2,9,99,99)
r(73,0,10,0,0)
r(36,0,10,1,1)
r(5,2,10,2,2)
r(17,1,10,3,3)
r(3,4,10,4,4)
r(0,26,10,5,5)
r(2,8,10,6,6)
r(4,4,10,7,7)
r(4,4,10,8,8)
r(0,26,10,9,9)
w(6,2,10,10,10)
r(31,0,10,11,11)
r(3,4,10,12,12)
r(2,8,10,13,13)
r(92,0,10,14,14)
r(1,6,10,15,15)
r(6,2,10,16,16)
r(89,0,10,17,17)
r(10,1,10,18,18)
w(11,1,10,19,19)
r(7,0,10,20,20)
r(15,1,10,21,21)
r(56,0,10,22,22)
w(0,27,10,23,23)
r(25,2,10,24,24)
r(0,27,10,25,25)
r(0,27,10,26,26)
r(96,1,10,27,27)
r(0,27,10,28,28)
r(0,27,10,29,29)
w(0,28,10,30,30)
r(86,1,10,31,31)
r(19,1,10,32,32)
r(43,0,10,33,33)
w(1,7,10,34,34)
r(19,1,10,35,35)
r(0,28,10,36,36)
r(2,8,10,37,37)
w(2,9,10,38,38)
r(9,2,10,39,39)
r(13,1,10,40,40)
r(0,28,10,41,41)
r(9,2,10,42,42)
r(0,28,10,43,43)
r(6,2,10,44,44)
w(48,3,10,45,45)
r(1,7,10,46,46)
r(4,4,10,47,47)
r(42,1,10,48,48)
r(6,2,10,49,49)
r(5,2,10,50,50)
r(22,0,10,51,51)
r(19,1,10,52,52)
r(44,0,10,53,53)
r(0,28,10,54,54)
r(49,1,10,55,55)
r(38,0,10,56,56)
r(64,0,10,57,57)
r(1,7,10,58,58)
r(0,28,10,59,59)
r(1,7,10,60,60)
r(40,0,10,61,61)
r(12,3,10,62,62)
r(4,4,10,63,63)
r(0,28,10,64,64)
r(6,2,10,65,65)
r(3,4,10,66,66)
r(29,1,10,67,67)
r(22,0,10,68,68)
r(11,1,10,69,69)
r(14,4,10,70,70)
r(55,0,10,71,71)
r(0,28,10,72,72)
r(3,4,10,73,73)
r(23,0,10,74,74)
r(1,7,10,75,75)
r(4,4,10,76,76)
r(9,2,10,77,77)
r(2,9,10,78,78)
r(45,0,10,79,79)
w(4,5,10,80,80)
r(51,1,10,81,81)
r(5,2,10,82,82)
r(1,7,10,83,83)
r(34,1,10,84,84)
r(1,7,10,85,85)
r(14,4,10,86,86)
r(12,3,10,87,87)
w(6,3,10,88,88)
w(33,1,10,89,89)
r(0,28,10,90,90)
r(62,0,10,91,91)
r(4,5,10,92,92)
r(0,28,10,93,93)
r(0,28,10,94,94)
r(28,1,10,95,95)
w(1,8,10,96,96)
r(0,28,10,97,97)
w(0,29,10,98,98)
r(0,29,10,99,99)
r(18,2,11,0,0)
r(1,8,11,1,1)
r(5,2,11,2,2)
r(7,0,11,3,3)
r(51,1,11,4,4)
w(6,4,11,5,5)
r(12,3,11,6,6)
w(48,4,11,7,7)
r(1,8,11,8,8)
r(2,9,11,9,9)
r(87,0,11,10,10)
r(83,0,11,11,11)
r(17,1,11,12,12)
r(39,0,11,13,13)
r(86,1,11,14,14)
w(2,10,11,15,15)
r(67,1,11,16,16)
r(2,10,11,17,17)
w(9,3,11,18,18)
r(5,2,11,19,19)
r(4,5,11,20,20)
r(2,10,11,21,21)
r(20,1,11,22,22)
r(3,4,11,23,23)
r(13,1,11,24,24)
r(88,0,11,25,25)
r(0,29,11,26,26)
r(0,29,11,27,27)
r(1,8,11,28,28)
r(36,0,11,29,29)
r(0,29,11,30,30)
w(0,30,11,31,31)
r(4,5,11,32,32)
r(1,8,11,33,33)
r(19,1,11,34,34)
r(1,8,11,35,35)
r(15,1,11,36,36)
r(1,8,11,37,37)
r(3,4,11,38,38)
r(3,4,11,39,39)
r(15,1,11,40,40)
w(0,31,11,41,41)
r(1,8,11,42,42)
r(0,31,11,43,43)
r(9,3,11,44,44)
r(4,5,11,45,45)
r(63,0,11,46,46)
r(32,1,11,47,47)
r(8,1,11,48,48)
r(41,0,11,49,49)
r(2,10,11,50,50)
r(14,4,11,51,51)
r(7,0,11,52,52)
r(13,1,11,53,53)
r(13,1,11,54,54)
r(5,2,11,55,55)
r(0,31,11,56,56)
r(1,8,11,57,57)
r(52,1,11,58,58)
r(0,31,11,59,59)
w(0,32,11,60,60)
r(2,10,11,61,61)
r(99,0,11,62,62)
r(0,32,11,63,63)
r(2,10,11,64,64)
r(0,32,11,65,65)
r(35,0,11,66,66)
w(1,9,11,67,67)
r(4,5,11,68,68)
r(17,1,11,69,69)
r(92,0,11,70,70)
r(35,0,11,71,71)
r(28,1,11,72,72)
r(3,4,11,73,73)
r(7,0,11,74,74)
r(27,2,11,75,75)
r(0,32,11,76,76)
r(11,1,11,77,77)
r(50,1,11,78,78)
r(0,32,11,79,79)
r(4,5,11,80,80)
r(1,9,11,81,81)
r(19,1,11,82,82)
r(25,2,11,83,83)
r(1,9,11,84,84)
r(0,32,11,85,85)
r(1,9,11,86,86)
r(2,10,11,87,87)
r(88,0,11,88,88)
w(77,1,11,89,89)
r(2,10,11,90,90)
r(1,9,11,91,91)
r(49,1,11,92,92)
w(33,2,11,93,93)
r(73,0,11,94,94)
r(0,32,11,95,95)
r(69,0,11,96,96)
r(14,4,11,97,97)
r(59,0,11,98,98)
w(4,6,11,99,99)
r(3,4,12,0,0)
r(1,9,12,1,1)
r(0,32,12,2,2)
r(6,4,12,3,3)
w(1,10,12,4,4)
r(0,32,12,5,5)
r(1,10,12,6,6)
r(63,0,12,7,7)
r(0,32,12,8,8)
w(9,4,12,9,9)
r(70,1,12,10,10)
r(19,1,12,11,11)
r(6,4,12,12,12)
r(0,32,12,13,13)
r(8,1,12,14,14)
r(89,0,12,15,15)
r(0,32,12,16,16)
r(90,0,12,17,17)
r(6,4,12,18,18)
r(32,1,12,19,19)
r(3,4,12,20,20)
r(50,1,12,21,21)
r(46,1,12,22,22)
r(37,0,12,23,23)
w(11,2,12,24,24)
r(3,4,12,25,25)
r(3,4,12,26,26)
r(21,3,12,27,27)
w(3,5,12,28,28)
r(13,1,12,29,29)
w(0,33,12,30,30)
r(0,33,12,31,31)
w(72,2,12,32,32)
r(3,5,12,33,33)
w(3,6,12,34,34)
r(21,3,12,35,35)
r(3,6,12,36,36)
r(47,0,12,37,37)
r(69,0,12,38,38)
r(26,0,12,39,39)
r(2,10,12,40,40)
r(1,10,12,41,41)
w(0,34,12,42,42)
r(0,34,12,43,43)
r(3,6,12,44,44)
w(0,35,12,45,45)
r(5,2,12,46,46)
r(13,1,12,47,47)
r(47,0,12,48,48)
w(1,11,12,49,49)
r(4,6,12,50,50)
r(42,1,12,51,51)
r(1,11,12,52,52)
r(7,0,12,53,53)
w(63,1,12,54,54)
r(0,35,12,55,55)
r(0,35,12,56,56)
r(4,6,12,57,57)
r(98,1,12,58,58)
r(1,11,12,59,59)
w(2,11,12,60,60)
w(2,12,12,61,61)
r(1,11,12,62,62)
r(1,11,12,63,63)
r(20,1,12,64,64)
r(78,1,12,65,65)
r(6,4,12,66,66)
r(24,0,12,67,67)
r(0,35,12,68,68)
r(3,6,12,69,69)
r(0,35,12,70,70)
r(9,4,12,71,71)
r(13,1,12,72,72)
r(0,35,12,73,73)
r(3,6,12,74,74)
r(5,2,12,75,75)
r(7,0,12,76,76)
r(37,0,12,77,77)
r(0,35,12,78,78)
r(95,0,12,79,79)
r(13,1,12,80,80)
r(51,1,12,81,81)
r(4,6,12,82,82)
r(1,11,12,83,83)
r(0,35,12,84,84)
r(57,0,12,85,85)
r(91,0,12,86,86)
r(50,1,12,87,87)
r(0,35,12,88,88)
r(2,12,12,89,89)
r(0,35,12,90,90)
r(4,6,12,91,91)
r(9,4,12,92,92)
w(1,12,12,93,93)
r(0,35,12,94,94)
r(62,0,12,95,95)
r(5,2,12,96,96)
r(2,12,12,97,97)
r(14,4,12,98,98)
r(66,0,12,99,99)
r(0,35,13,0,0)
r(1,12,13,1,1)
w(53,1,13,2,2)
r(1,12,13,3,3)
r(1,12,13,4,4)
r(0,35,13,5,5)
r(0,35,13,6,6)
r(25,2,13,7,7)
r(10,1,13,8,8)
w(99,1,13,9,9)
r(9,4,13,10,10)
r(0,35,13,11,11)
w(3,7,13,12,12)
r(17,1,13,13,13)
r(56,0,13,14,14)
r(28,1,13,15,15)
r(11,2,13,16,16)
r(1,12,13,17,17)
w(0,36,13,18,18)
r(5,2,13,19,19)
r(0,36,13,20,20)
r(5,2,13,21,21)
r(36,0,13,22,22)
r(2,12,13,23,23)
w(29,2,13,24,24)
r(85,0,13,25,25)
r(1,12,13,26,26)
r(70,1,13,27,27)
r(7,0,13,28,28)
r(1,12,13,29,29)
r(2,12,13,30,30)
w(1,13,13,31,31)
r(78,1,13,32,32)
w(19,2,13,33,33)
r(8,1,13,34,34)
r(2,12,13,35,35)
r(0,36,13,36,36)
r(5,2,13,37,37)
r(0,36,13,38,38)
r(2,12,13,39,39)
r(45,0,13,40,40)
r(59,0,13,41,41)
r(1,13,13,42,42)
r(4,6,13,43,43)
r(1,13,13,44,44)
r(0,36,13,45,45)
r(0,36,13,46,46)
r(1,13,13,47,47)
w(0,37,13,48,48)
r(0,37,13,49,49)
r(2,12,13,50,50)
r(1,13,13,51,51)
r(6,4,13,52,52)
r(1,13,13,53,53)
r(5,2,13,54,54)
r(16,1,13,55,55)
r(10,1,13,56,56)
r(92,0,13,57,57)
w(32,2,13,58,58)
r(27,2,13,59,59)
r(33,2,13,60,60)
r(70,1,13,61,61)
r(7,0,13,62,62)
r(64,0,13,63,63)
w(1,14,13,64,64)
r(3,7,13,65,65)
r(0,37,13,66,66)
r(8,1,13,67,67)
r(32,2,13,68,68)
r(3,7,13,69,69)
r(3,7,13,70,70)
r(67,1,13,71,71)
r(0,37,13,72,72)
r(12,3,13,73,73)
r(0,37,13,74,74)
r(0,37,13,75,75)
r(11,2,13,76,76)
r(5,2,13,77,77)
r(2,12,13,78,78)
r(75,0,13,79,79)
r(9,4,13,80,80)
r(12,3,13,81,81)
r(3,7,13,82,82)
r(27,2,13,83,83)
r(1,14,13,84,84)
r(36,0,13,85,85)
w(0,38,13,86,86)
r(1,14,13,87,87)
r(10,1,13,88,88)
w(0,39,13,89,89)
r(0,39,13,90,90)
r(27,2,13,91,91)
r(28,1,13,92,92)
r(0,39,13,93,93)
r(20,1,13,94,94)
r(10,1,13,95,95)
r(50,1,13,96,96)
r(0,39,13,97,97)
r(1,14,13,98,98)
r(29,2,13,99,99)
r(2,12,14,0,0)
r(2,12,14,1,1)
r(0,39,14,2,2)
r(37,0,14,3,3)
r(2,12,14,4,4)
r(10,1,14,5,5)
r(0,39,14,6,6)
r(40,0,14,7,7)
r(9,4,14,8,8)
r(21,3,14,9,9)
r(29,2,14,10,10)
w(48,5,14,11,11)
r(6,4,14,12,12)
r(15,1,14,13,13)
r(1,14,14,14,14)
r(32,2,14,15,15)
r(0,39,14,16,16)
r(53,1,14,17,17)
w(16,2,14,18,18)
r(14,4,14,19,19)
r(5,2,14,20,20)
r(8,1,14,21,21)
r(2,12,14,22,22)
r(1,14,14,23,23)
r(22,0,14,24,24)
r(11,2,14,25,25)
w(3,8,14,26,26)
r(11,2,14,27,27)
r(4,6,14,28,28)
r(17,1,14,29,29)
r(82,0,14,30,30)
r(22,0,14,31,31)
r(53,1,14,32,32)
r(2,12,14,33,33)
r(1,14,14,34,34)
r(8,1,14,35,35)
w(1,15,14,36,36)
r(55,0,14,37,37)
r(2,12,14,38,38)
r(77,1,14,39,39)
r(0,39,14,40,40)
r(70,1,14,41,41)
r(12,3,14,42,42)
r(0,39,14,43,43)
r(0,39,14,44,44)
r(29,2,14,45,45)
r(38,0,14,46,46)
r(58,0,14,47,47)
r(1,15,14,48,48)
r(15,1,14,49,49)
r(13,1,14,50,50)
w(2,13,14,51,51)
r(1,15,14,52,52)
r(37,0,14,53,53)
r(45,0,14,54,54)
r(0,39,14,55,55)
r(1,15,14,56,56)
r(3,8,14,57,57)
w(8,2,14,58,58)
r(3,8,14,59,59)
r(3,8,14,60,60)
r(10,1,14,61,61)
r(72,2,14,62,62)
r(0,39,14,63,63)
r(0,39,14,64,64)
r(25,2,14,65,65)
r(0,39,14,66,66)
r(1,15,14,67,67)
r(19,2,14,68,68)
w(80,1,14,69,69)
r(1,15,14,70,70)
r(0,39,14,71,71)
r(1,15,14,72,72)
w(0,40,14,73,73)
r(91,0,14,74,74)
w(0,41,14,75,75)
r(28,1,14,76,76)
r(7,0,14,77,77)
r(26,0,14,78,78)
r(1,15,14,79,79)
r(8,2,14,80,80)
r(0,41,14,81,81)
r(2,13,14,82,82)
r(21,3,14,83,83)
r(3,8,14,84,84)
r(56,0,14,85,85)
r(1,15,14,86,86)
w(2,14,14,87,87)
r(9,4,14,88,88)
w(38,1,14,89,89)
w(6,5,14,90,90)
r(68,1,14,91,91)
r(0,41,14,92,92)
r(0,41,14,93,93)
r(1,15,14,94,94)
r(8,2,14,95,95)
r(77,1,14,96,96)
r(14,4,14,97,97)
r(16,2,14,98,98)
r(24,0,14,99,99)
r(48,5,15,0,0)
r(31,0,15,1,1)
r(28,1,15,2,2)
r(4,6,15,3,3)
r(29,2,15,4,4)
r(17,1,15,5,5)
r(45,0,15,6,6)
r(89,0,15,7,7)
r(56,0,15,8,8)
r(19,2,15,9,9)
r(2,14,15,10,10)
r(3,8,15,11,11)
r(48,5,15,12,12)
r(14,4,15,13,13)
r(2,14,15,14,14)
r(31,0,15,15,15)
r(6,5,15,16,16)
r(7,0,15,17,17)
r(1,15,15,18,18)
r(48,5,15,19,19)
w(81,1,15,20,20)
r(81,1,15,21,21)
r(0,41,15,22,22)
r(0,41,15,23,23)
r(1,15,15,24,24)
w(3,9,15,25,25)
r(2,14,15,26,26)
r(55,0,15,27,27)
r(4,6,15,28,28)
r(6,5,15,29,29)
r(24,0,15,30,30)
r(4,6,15,31,31)
w(3,10,15,32,32)
r(5,2,15,33,33)
r(44,0,15,34,34)
w(2,15,15,35,35)
r(0,41,15,36,36)
r(29,2,15,37,37)
r(31,0,15,38,38)
r(63,1,15,39,39)
w(13,2,15,40,40)
r(0,41,15,41,41)
r(3,10,15,42,42)
r(2,15,15,43,43)
r(3,10,15,44,44)
r(58,0,15,45,45)
r(6,5,15,46,46)
r(0,41,15,47,47)
r(28,1,15,48,48)
r(9,4,15,49,49)
r(65,0,15,50,50)
r(15,1,15,51,51)
r(0,41,15,52,52)
r(36,0,15,53,53)
r(2,15,15,54,54)
r(38,1,15,55,55)
w(0,42,15,56,56)
r(5,2,15,57,57)
r(6,5,15,58,58)
r(0,42,15,59,59)
r(1,15,15,60,60)
w(0,43,15,61,61)
r(61,1,15,62,62)
r(31,0,15,63,63)
r(96,1,15,64,64)
r(58,0,15,65,65)
r(5,2,15,66,66)
r(0,43,15,67,67)
r(12,3,15,68,68)
r(1,15,15,69,69)
r(2,15,15,70,70)
r(4,6,15,71,71)
r(36,0,15,72,72)
r(0,43,15,73,73)
r(1,15,15,74,74)
r(1,15,15,75,75)
r(17,1,15,76,76)
r(3,10,15,77,77)
r(2,15,15,78,78)
r(47,0,15,79,79)
r(14,4,15,80,80)
r(5,2,15,81,81)
r(2,15,15,82,82)
r(36,0,15,83,83)
r(0,43,15,84,84)
r(1,15,15,85,85)
r(30,0,15,86,86)
w(19,3,15,87,87)
r(1,15,15,88,88)
r(0,43,15,89,89)
r(3,10,15,90,90)
r(8,2,15,91,91)
r(4,6,15,92,92)
r(0,43,15,93,93)
r(0,43,15,94,94)
w(86,2,15,95,95)
r(21,3,15,96,96)
r(5,2,15,97,97)
r(2,15,15,98,98)
r(0,43,15,99,99)
r(95,0,16,0,0)
r(0,43,16,1,1)
r(3,10,16,2,2)
w(4,7,16,3,3)
r(9,4,16,4,4)
r(43,0,16,5,5)
r(20,1,16,6,6)
r(1,15,16,7,7)
r(13,2,16,8,8)
r(0,43,16,9,9)
r(63,1,16,10,10)
r(0,43,16,11,11)
r(46,1,16,12,12)
r(65,0,16,13,13)
r(0,43,16,14,14)
r(25,2,16,15,15)
r(82,0,16,16,16)
r(0,43,16,17,17)
r(6,5,16,18,18)
r(6,5,16,19,19)
r(0,43,16,20,20)
r(3,10,16,21,21)
r(44,0,16,22,22)
r(33,2,16,23,23)
r(12,3,16,24,24)
r(0,43,16,25,25)
r(9,4,16,26,26)
w(1,16,16,27,27)
w(17,2,16,28,28)
r(7,0,16,29,29)
r(0,43,16,30,30)
r(2,15,16,31,31)
r(0,43,16,32,32)
r(3,10,16,33,33)
r(16,2,16,34,34)
r(1,16,16,35,35)
r(2,15,16,36,36)
r(0,43,16,37,37)
r(1,16,16,38,38)
r(30,0,16,39,39)
r(29,2,16,40,40)
r(16,2,16,41,41)
r(15,1,16,42,42)
r(6,5,16,43,43)
w(4,8,16,44,44)
r(52,1,16,45,45)
w(0,44,16,46,46)
r(52,1,16,47,47)
w(31,1,16,48,48)
r(10,1,16,49,49)
r(12,3,16,50,50)
r(14,4,16,51,51)
r(52,1,16,52,52)
r(0,44,16,53,53)
r(49,1,16,54,54)
r(64,0,16,55,55)
r(1,16,16,56,56)
r(23,0,16,57,57)
r(4,8,16,58,58)
r(13,2,16,59,59)
r(1,16,16,60,60)
r(7,0,16,61,61)
r(11,2,16,62,62)
r(0,44,16,63,63)
r(12,3,16,64,64)
r(0,44,16,65,65)
r(72,2,16,66,66)
r(0,44,16,67,67)
r(4,8,16,68,68)
r(43,0,16,69,69)
r(29,2,16,70,70)
r(4,8,16,71,71)
r(97,0,16,72,72)
r(0,44,16,73,73)
r(0,44,16,74,74)
r(20,1,16,75,75)
r(0,44,16,76,76)
r(0,44,16,77,77)
r(29,2,16,78,78)
r(6,5,16,79,79)
w(0,45,16,80,80)
r(80,1,16,81,81)
r(3,10,16,82,82)
r(4,8,16,83,83)
r(0,45,16,84,84)
r(13,2,16,85,85)
r(4,8,16,86,86)
r(20,1,16,87,87)
r(0,45,16,88,88)
r(58,0,16,89,89)
w(29,3,16,90,90)
r(13,2,16,91,91)
r(21,3,16,92,92)
r(71,1,16,93,93)
r(6,5,16,94,94)
r(3,10,16,95,95)
r(11,2,16,96,96)
w(0,46,16,97,97)
r(1,16,16,98,98)
r(52,1,16,99,99)
r(85,0,17,0,0)
r(55,0,17,1,1)
r(10,1,17,2,2)
r(0,46,17,3,3)
r(0,46,17,4,4)
r(0,46,17,5,5)
r(1,16,17,6,6)
r(1,16,17,7,7)
r(73,0,17,8,8)
r(1,16,17,9,9)
r(0,46,17,10,10)
r(58,0,17,11,11)
r(4,8,17,12,12)
r(0,46,17,13,13)
r(9,4,17,14,14)
r(3,10,17,15,15)
r(53,1,17,16,16)
r(52,1,17,17,17)
r(4,8,17,18,18)
r(15,1,17,19,19)
r(76,0,17,20,20)
r(51,1,17,21,21)
r(4,8,17,22,22)
r(6,5,17,23,23)
r(30,0,17,24,24)
r(4,8,17,25,25)
r(0,46,17,26,26)
r(1,16,17,27,27)
r(26,0,17,28,28)
r(0,46,17,29,29)
r(3,10,17,30,30)
r(22,0,17,31,31)
r(1,16,17,32,32)
r(51,1,17,33,33)
r(0,46,17,34,34)
r(4,8,17,35,35)
r(44,0,17,36,36)
r(26,0,17,37,37)
r(0,46,17,38,38)
r(17,2,17,39,39)
w(83,1,17,40,40)
r(4,8,17,41,41)
w(2,16,17,42,42)
r(3,10,17,43,43)
r(25,2,17,44,44)
r(6,5,17,45,45)
w(0,47,17,46,46)
r(2,16,17,47,47)
r(4,8,17,48,48)
r(1,16,17,49,49)
r(4,8,17,50,50)
r(4,8,17,51,51)
r(2,16,17,52,52)
r(0,47,17,53,53)
r(0,47,17,54,54)
r(9,4,17,55,55)
w(19,4,17,56,56)
r(7,0,17,57,57)
w(4,9,17,58,58)
r(97,0,17,59,59)
r(0,47,17,60,60)
r(0,47,17,61,61)
r(12,3,17,62,62)
r(50,1,17,63,63)
r(69,0,17,64,64)
r(16,2,17,65,65)
r(0,47,17,66,66)
r(66,0,17,67,67)
w(81,2,17,68,68)
r(74,0,17,69,69)
r(13,2,17,70,70)
r(0,47,17,71,71)
r(2,16,17,72,72)
r(2,16,17,73,73)
r(13,2,17,74,74)
r(26,0,17,75,75)
r(0,47,17,76,76)
r(3,10,17,77,77)
r(2,16,17,78,78)
r(2,16,17,79,79)
r(1,16,17,80,80)
r(15,1,17,81,81)
r(0,47,17,82,82)
r(1,16,17,83,83)
r(1,16,17,84,84)
r(3,10,17,85,85)
r(0,47,17,86,86)
r(7,0,17,87,87)
r(1,16,17,88,88)
r(0,47,17,89,89)
r(11,2,17,90,90)
r(2,16,17,91,91)
r(17,2,17,92,92)
r(11,2,17,93,93)
r(32,2,17,94,94)
w(5,3,17,95,95)
r(4,9,17,96,96)
r(8,2,17,97,97)
r(5,3,17,98,98)
r(7,0,17,99,99)
r(2,16,18,0,0)
r(3,10,18,1,1)
r(7,0,18,2,2)
r(6,5,18,3,3)
r(4,9,18,4,4)
r(12,3,18,5,5)
r(2,16,18,6,6)
w(3,11,18,7,7)
r(7,0,18,8,8)
r(42,1,18,9,9)
r(4,9,18,10,10)
r(9,4,18,11,11)
r(4,9,18,12,12)
r(0,47,18,13,13)
r(18,2,18,14,14)
r(79,1,18,15,15)
r(9,4,18,16,16)
r(7,0,18,17,17)
r(1,16,18,18,18)
r(0,47,18,19,19)
r(73,0,18,20,20)
r(0,47,18,21,21)
r(0,47,18,22,22)
r(1,16,18,23,23)
r(51,1,18,24,24)
r(0,47,18,25,25)
r(33,2,18,26,26)
r(1,16,18,27,27)
r(8,2,18,28,28)
r(2,16,18,29,29)
r(69,0,18,30,30)
r(2,16,18,31,31)
r(7,0,18,32,32)
r(48,5,18,33,33)
r(90,0,18,34,34)
r(28,1,18,35,35)
r(52,1,18,36,36)
r(2,16,18,37,37)
r(1,16,18,38,38)
r(0,47,18,39,39)
r(0,47,18,40,40)
r(0,47,18,41,41)
r(11,2,18,42,42)
w(2,17,18,43,43)
r(1,16,18,44,44)
r(3,11,18,45,45)
w(3,12,18,46,46)
w(3,13,18,47,47)
r(43,0,18,48,48)
r(60,0,18,49,49)
r(8,2,18,50,50)
r(67,1,18,51,51)
w(0,48,18,52,52)
r(0,48,18,53,53)
r(0,48,18,54,54)
r(5,3,18,55,55)
r(0,48,18,56,56)
r(8,2,18,57,57)
r(17,2,18,58,58)
r(14,4,18,59,59)
r(47,0,18,60,60)
r(2,17,18,61,61)
r(0,48,18,62,62)
r(52,1,18,63,63)
r(2,17,18,64,64)
r(0,48,18,65,65)
r(32,2,18,66,66)
r(18,2,18,67,67)
r(12,3,18,68,68)
r(0,48,18,69,69)
r(29,3,18,70,70)
r(6,5,18,71,71)
r(5,3,18,72,72)
r(2,17,18,73,73)
r(2,17,18,74,74)
r(4,9,18,75,75)
r(5,3,18,76,76)
r(8,2,18,77,77)
r(0,48,18,78,78)
r(8,2,18,79,79)
w(10,2,18,80,80)
r(1,16,18,81,81)
r(35,0,18,82,82)
r(90,0,18,83,83)
r(2,17,18,84,84)
r(1,16,18,85,85)
r(24,0,18,86,86)
r(0,48,18,87,87)
r(10,2,18,88,88)
r(20,1,18,89,89)
r(47,0,18,90,90)
r(0,48,18,91,91)
r(7,0,18,92,92)
r(1,16,18,93,93)
r(6,5,18,94,94)
r(1,16,18,95,95)
r(2,17,18,96,96)
r(12,3,18,97,97)
w(44,1,18,98,98)
r(26,0,18,99,99)
r(2,17,19,0,0)
r(3,13,19,1,1)
r(4,9,19,2,2)
r(1,16,19,3,3)
r(1,16,19,4,4)
r(19,4,19,5,5)
r(2,17,19,6,6)
r(9,4,19,7,7)
r(62,0,19,8,8)
w(3,14,19,9,9)
r(0,48,19,10,10)
w(0,49,19,11,11)
r(2,17,19,12,12)
r(0,49,19,13,13)
r(14,4,19,14,14)
r(0,49,19,15,15)
r(1,16,19,16,16)
r(0,49,19,17,17)
r(13,2,19,18,18)
r(5,3,19,19,19)
w(52,2,19,20,20)
r(0,49,19,21,21)
r(0,49,19,22,22)
r(84,0,19,23,23)
r(1,16,19,24,24)
r(4,9,19,25,25)
r(4,9,19,26,26)
r(38,1,19,27,27)
r(34,1,19,28,28)
r(32,2,19,29,29)
r(65,0,19,30,30)
r(2,17,19,31,31)
r(1,16,19,32,32)
r(9,4,19,33,33)
r(20,1,19,34,34)
r(1,16,19,35,35)
r(2,17,19,36,36)
r(75,0,19,37,37)
w(39,1,19,38,38)
r(3,14,19,39,39)
r(5,3,19,40,40)
r(1,16,19,41,41)
r(77,1,19,42,42)
r(0,49,19,43,43)
r(3,14,19,44,44)
r(20,1,19,45,45)
r(31,1,19,46,46)
r(60,0,19,47,47)
r(1,16,19,48,48)
w(17,3,19,49,49)
r(29,3,19,50,50)
r(18,2,19,51,51)
r(38,1,19,52,52)
r(0,49,19,53,53)
r(48,5,19,54,54)
r(7,0,19,55,55)
r(15,1,19,56,56)
r(0,49,19,57,57)
r(0,49,19,58,58)
r(7,0,19,59,59)
r(0,49,19,60,60)
r(1,16,19,61,61)
r(28,1,19,62,62)
r(4,9,19,63,63)
r(5,3,19,64,64)
r(12,3,19,65,65)
w(14,5,19,66,66)
r(18,2,19,67,67)
r(68,1,19,68,68)
r(23,0,19,69,69)
r(1,16,19,70,70)
r(98,1,19,71,71)
r(14,5,19,72,72)
r(45,0,19,73,73)
r(1,16,19,74,74)
r(1,16,19,75,75)
r(96,1,19,76,76)
r(5,3,19,77,77)
r(1,16,19,78,78)
r(0,49,19,79,79)
r(0,49,19,80,80)
r(8,2,19,81,81)
r(2,17,19,82,82)
r(1,16,19,83,83)
r(5,3,19,84,84)
r(42,1,19,85,85)
r(4,9,19,86,86)
r(21,3,19,87,87)
r(1,16,19,88,88)
r(0,49,19,89,89)
r(1,16,19,90,90)
r(44,1,19,91,91)
r(32,2,19,92,92)
w(0,50,19,93,93)
r(1,16,19,94,94)
r(0,50,19,95,95)
r(11,2,19,96,96)
w(0,51,19,97,97)
r(5,3,19,98,98)
w(2,18,19,99,99)
r(44,1,20,0,0)
r(71,1,20,1,1)
r(31,1,20,2,2)
r(0,51,20,3,3)
r(25,2,20,4,4)
w(3,15,20,5,5)
r(8,2,20,6,6)
r(7,0,20,7,7)
r(4,9,20,8,8)
r(1,16,20,9,9)
r(65,0,20,10,10)
r(0,51,20,11,11)
r(0,51,20,12,12)
r(21,3,20,13,13)
r(8,2,20,14,14)
r(3,15,20,15,15)
r(65,0,20,16,16)
r(26,0,20,17,17)
r(41,0,20,18,18)
r(2,18,20,19,19)
r(2,18,20,20,20)
r(0,51,20,21,21)
r(11,2,20,22,22)
r(4,9,20,23,23)
r(87,0,20,24,24)
r(8,2,20,25,25)
w(0,52,20,26,26)
r(0,52,20,27,27)
r(3,15,20,28,28)
r(32,2,20,29,29)
r(1,16,20,30,30)
r(0,52,20,31,31)
w(5,4,20,32,32)
r(1,16,20,33,33)
r(0,52,20,34,34)
r(54,0,20,35,35)
r(0,52,20,36,36)
r(28,1,20,37,37)
r(70,1,20,38,38)
r(1,16,20,39,39)
r(0,52,20,40,40)
r(30,0,20,41,41)
r(25,2,20,42,42)
w(0,53,20,43,43)
r(0,53,20,44,44)
r(0,53,20,45,45)
r(84,0,20,46,46)
r(25,2,20,47,47)
r(6,5,20,48,48)
r(16,2,20,49,49)
r(2,18,20,50,50)
r(2,18,20,51,51)
r(7,0,20,52,52)
r(1,16,20,53,53)
r(1,16,20,54,54)
r(89,0,20,55,55)
r(42,1,20,56,56)
r(2,18,20,57,57)
r(0,53,20,58,58)
r(3,15,20,59,59)
r(2,18,20,60,60)
r(23,0,20,61,61)
r(7,0,20,62,62)
r(1,16,20,63,63)
r(6,5,20,64,64)
r(5,4,20,65,65)
r(1,16,20,66,66)
r(69,0,20,67,67)
r(98,1,20,68,68)
r(3,15,20,69,69)
r(17,3,20,70,70)
r(48,5,20,71,71)
r(28,1,20,72,72)
r(17,3,20,73,73)
r(0,53,20,74,74)
r(28,1,20,75,75)
r(4,9,20,76,76)
r(87,0,20,77,77)
r(35,0,20,78,78)
r(5,4,20,79,79)
r(0,53,20,80,80)
r(24,0,20,81,81)
r(3,15,20,82,82)
r(3,15,20,83,83)
r(17,3,20,84,84)
r(0,53,20,85,85)
r(85,0,20,86,86)
r(0,53,20,87,87)
r(64,0,20,88,88)
r(1,16,20,89,89)
r(55,0,20,90,90)
r(13,2,20,91,91)
r(78,1,20,92,92)
r(0,53,20,93,93)
r(48,5,20,94,94)
r(5,4,20,95,95)
r(99,1,20,96,96)
r(8,2,20,97,97)
r(0,53,20,98,98)
r(0,53,20,99,99)
r(33,2,21,0,0)
r(9,4,21,1,1)
r(4,9,21,2,2)
w(43,1,21,3,3)
r(25,2,21,4,4)
r(8,2,21,5,5)
w(62,1,21,6,6)
r(17,3,21,7,7)
r(96,1,21,8,8)
r(19,4,21,9,9)
r(56,0,21,10,10)
r(0,53,21,11,11)
r(8,2,21,12,12)
w(12,4,21,13,13)
r(5,4,21,14,14)
r(6,5,21,15,15)
w(31,2,21,16,16)
r(11,2,21,17,17)
r(19,4,21,18,18)
r(3,15,21,19,19)
r(30,0,21,20,20)
r(70,1,21,21,21)
r(2,18,21,22,22)
r(2,18,21,23,23)
r(16,2,21,24,24)
r(21,3,21,25,25)
r(18,2,21,26,26)
r(30,0,21,27,27)
r(5,4,21,28,28)
r(1,16,21,29,29)
r(76,0,21,30,30)
r(53,1,21,31,31)
r(5,4,21,32,32)
w(1,17,21,33,33)
r(7,0,21,34,34)
r(30,0,21,35,35)
r(0,53,21,36,36)
r(2,18,21,37,37)
r(11,2,21,38,38)
r(43,1,21,39,39)
r(67,1,21,40,40)
r(20,1,21,41,41)
r(20,1,21,42,42)
r(11,2,21,43,43)
r(6,5,21,44,44)
r(0,53,21,45,45)
w(83,2,21,46,46)
r(0,53,21,47,47)
r(4,9,21,48,48)
r(21,3,21,49,49)
r(6,5,21,50,50)
r(13,2,21,51,51)
w(53,2,21,52,52)
r(11,2,21,53,53)
r(1,17,21,54,54)
r(7,0,21,55,55)
r(15,1,21,56,56)
r(3,15,21,57,57)
r(30,0,21,58,58)
r(0,53,21,59,59)
r(6,5,21,60,60)
r(55,0,21,61,61)
r(36,0,21,62,62)
r(3,15,21,63,63)
r(73,0,21,64,64)
r(11,2,21,65,65)
r(22,0,21,66,66)
r(7,0,21,67,67)
r(1,17,21,68,68)
r(28,1,21,69,69)
r(59,0,21,70,70)
r(0,53,21,71,71)
r(2,18,21,72,72)
r(86,2,21,73,73)
r(0,53,21,74,74)
r(16,2,21,75,75)
r(5,4,21,76,76)
r(6,5,21,77,77)
r(22,0,21,78,78)
r(1,17,21,79,79)
r(1,17,21,80,80)
r(58,0,21,81,81)
r(2,18,21,82,82)
r(0,53,21,83,83)
r(52,2,21,84,84)
r(87,0,21,85,85)
r(34,1,21,86,86)
w(90,1,21,87,87)
r(11,2,21,88,88)
r(11,2,21,89,89)
r(4,9,21,90,90)
r(16,2,21,91,91)
r(9,4,21,92,92)
r(82,0,21,93,93)
r(4,9,21,94,94)
r(1,17,21,95,95)
r(0,53,21,96,96)
r(37,0,21,97,97)
w(1,18,21,98,98)
r(2,18,21,99,99)
w(31,3,22,0,0)
r(78,1,22,1,1)
r(1,18,22,2,2)
r(0,53,22,3,3)
r(21,3,22,4,4)
r(5,4,22,5,5)
r(0,53,22,6,6)
r(5,4,22,7,7)
r(10,2,22,8,8)
r(9,4,22,9,9)
r(3,15,22,10,10)
r(28,1,22,11,11)
r(26,0,22,12,12)
r(2,18,22,13,13)
r(62,1,22,14,14)
r(36,0,22,15,15)
r(0,53,22,16,16)
r(65,0,22,17,17)
r(0,53,22,18,18)
r(46,1,22,19,19)
r(0,53,22,20,20)
r(84,0,22,21,21)
r(39,1,22,22,22)
r(4,9,22,23,23)
r(2,18,22,24,24)
r(0,53,22,25,25)
r(76,0,22,26,26)
r(1,18,22,27,27)
w(69,1,22,28,28)
r(34,1,22,29,29)
r(46,1,22,30,30)
r(0,53,22,31,31)
r(7,0,22,32,32)
w(2,19,22,33,33)
r(1,18,22,34,34)
r(74,0,22,35,35)
r(0,53,22,36,36)
r(86,2,22,37,37)
r(26,0,22,38,38)
r(74,0,22,39,39)
r(0,53,22,40,40)
r(1,18,22,41,41)
r(45,0,22,42,42)
r(17,3,22,43,43)
r(0,53,22,44,44)
r(6,5,22,45,45)
r(0,53,22,46,46)
r(0,53,22,47,47)
r(1,18,22,48,48)
r(55,0,22,49,49)
r(42,1,22,50,50)
r(9,4,22,51,51)
w(2,20,22,52,52)
r(50,1,22,53,53)
r(0,53,22,54,54)
r(0,53,22,55,55)
r(8,2,22,56,56)
r(1,18,22,57,57)
r(3,15,22,58,58)
r(2,20,22,59,59)
r(10,2,22,60,60)
r(3,15,22,61,61)
r(0,53,22,62,62)
w(0,54,22,63,63)
r(10,2,22,64,64)
r(3,15,22,65,65)
r(8,2,22,66,66)
r(0,54,22,67,67)
r(5,4,22,68,68)
r(32,2,22,69,69)
r(33,2,22,70,70)
r(0,54,22,71,71)
r(12,4,22,72,72)
r(74,0,22,73,73)
r(41,0,22,74,74)
r(43,1,22,75,75)
r(28,1,22,76,76)
w(6,6,22,77,77)
r(8,2,22,78,78)
r(22,0,22,79,79)
r(62,1,22,80,80)
r(4,9,22,81,81)
r(2,20,22,82,82)
r(77,1,22,83,83)
r(99,1,22,84,84)
r(0,54,22,85,85)
w(3,16,22,86,86)
r(4,9,22,87,87)
r(75,0,22,88,88)
r(20,1,22,89,89)
r(66,0,22,90,90)
r(1,18,22,91,91)
r(0,54,22,92,92)
r(70,1,22,93,93)
r(26,0,22,94,94)
r(21,3,22,95,95)
r(8,2,22,96,96)
w(13,3,22,97,97)
r(37,0,22,98,98)
r(1,18,22,99,99)
r(0,54,23,0,0)
r(85,0,23,1,1)
r(89,0,23,2,2)
r(0,54,23,3,3)
r(9,4,23,4,4)
r(2,20,23,5,5)
r(1,18,23,6,6)
r(38,1,23,7,7)
r(0,54,23,8,8)
r(14,5,23,9,9)
w(1,19,23,10,10)
r(64,0,23,11,11)
r(39,1,23,12,12)
r(0,54,23,13,13)
r(3,16,23,14,14)
r(26,0,23,15,15)
r(0,54,23,16,16)
r(28,1,23,17,17)
r(3,16,23,18,18)
r(16,2,23,19,19)
r(1,19,23,20,20)
w(7,1,23,21,21)
r(4,9,23,22,22)
r(1,19,23,23,23)
r(38,1,23,24,24)
r(0,54,23,25,25)
r(16,2,23,26,26)
r(8,2,23,27,27)
r(72,2,23,28,28)
r(1,19,23,29,29)
r(70,1,23,30,30)
r(26,0,23,31,31)
r(36,0,23,32,32)
r(1,19,23,33,33)
r(0,54,23,34,34)
r(1,19,23,35,35)
r(42,1,23,36,36)
r(13,3,23,37,37)
r(7,1,23,38,38)
r(2,20,23,39,39)
r(0,54,23,40,40)
r(0,54,23,41,41)
r(8,2,23,42,42)
r(0,54,23,43,43)
r(40,0,23,44,44)
r(45,0,23,45,45)
r(30,0,23,46,46)
r(0,54,23,47,47)
w(6,7,23,48,48)
r(0,54,23,49,49)
r(14,5,23,50,50)
r(10,2,23,51,51)
r(15,1,23,52,52)
r(57,0,23,53,53)
r(6,7,23,54,54)
r(79,1,23,55,55)
r(0,54,23,56,56)
r(70,1,23,57,57)
r(0,54,23,58,58)
r(77,1,23,59,59)
r(9,4,23,60,60)
r(2,20,23,61,61)
r(3,16,23,62,62)
r(56,0,23,63,63)
r(32,2,23,64,64)
r(44,1,23,65,65)
r(0,54,23,66,66)
r(48,5,23,67,67)
r(0,54,23,68,68)
r(2,20,23,69,69)
r(0,54,23,70,70)
r(20,1,23,71,71)
w(0,55,23,72,72)
r(5,4,23,73,73)
r(0,55,23,74,74)
r(2,20,23,75,75)
r(2,20,23,76,76)
r(15,1,23,77,77)
r(16,2,23,78,78)
r(0,55,23,79,79)
r(0,55,23,80,80)
r(1,19,23,81,81)
r(2,20,23,82,82)
r(1,19,23,83,83)
r(18,2,23,84,84)
r(4,9,23,85,85)
r(0,55,23,86,86)
w(6,8,23,87,87)
r(0,55,23,88,88)
r(0,55,23,89,89)
r(46,1,23,90,90)
w(4,10,23,91,91)
r(10,2,23,92,92)
w(89,1,23,93,93)
r(0,55,23,94,94)
r(1,19,23,95,95)
r(21,3,23,96,96)
r(5,4,23,97,97)
r(10,2,23,98,98)
r(6,8,23,99,99)
w(5,5,24,0,0)
r(2,20,24,1,1)
r(85,0,24,2,2)
r(1,19,24,3,3)
w(28,2,24,4,4)
r(9,4,24,5,5)
r(67,1,24,6,6)
r(5,5,24,7,7)
r(5,5,24,8,8)
w(16,3,24,9,9)
r(14,5,24,10,10)
r(0,55,24,11,11)
r(0,55,24,12,12)
r(68,1,24,13,13)
r(9,4,24,14,14)
r(2,20,24,15,15)
r(23,0,24,16,16)
r(6,8,24,17,17)
r(1,19,24,18,18)
r(7,1,24,19,19)
r(12,4,24,20,20)
r(0,55,24,21,21)
w(15,2,24,22,22)
r(46,1,24,23,23)
r(0,55,24,24,24)
r(16,3,24,25,25)
w(1,20,24,26,26)
r(19,4,24,27,27)
r(20,1,24,28,28)
r(21,3,24,29,29)
r(0,55,24,30,30)
r(66,0,24,31,31)
r(11,2,24,32,32)
r(38,1,24,33,33)
r(1,20,24,34,34)
r(27,2,24,35,35)
r(0,55,24,36,36)
r(1,20,24,37,37)
r(1,20,24,38,38)
r(26,0,24,39,39)
r(0,55,24,40,40)
r(5,5,24,41,41)
r(41,0,24,42,42)
w(35,1,24,43,43)
r(0,55,24,44,44)
r(21,3,24,45,45)
r(0,55,24,46,46)
r(16,3,24,47,47)
r(9,4,24,48,48)
w(3,17,24,49,49)
r(9,4,24,50,50)
r(0,55,24,51,51)
r(65,0,24,52,52)
r(1,20,24,53,53)
r(0,55,24,54,54)
w(47,1,24,55,55)
r(17,3,24,56,56)
r(22,0,24,57,57)
r(53,2,24,58,58)
r(0,55,24,59,59)
r(3,17,24,60,60)
r(1,20,24,61,61)
r(12,4,24,62,62)
r(20,1,24,63,63)
r(20,1,24,64,64)
r(5,5,24,65,65)
w(3,18,24,66,66)
r(9,4,24,67,67)
r(5,5,24,68,68)
r(1,20,24,69,69)
r(0,55,24,70,70)
r(10,2,24,71,71)
r(3,18,24,72,72)
r(0,55,24,73,73)
r(0,55,24,74,74)
r(75,0,24,75,75)
r(44,1,24,76,76)
r(14,5,24,77,77)
r(12,4,24,78,78)
r(9,4,24,79,79)
r(22,0,24,80,80)
r(4,10,24,81,81)
r(56,0,24,82,82)
r(6,8,24,83,83)
r(14,5,24,84,84)
r(0,55,24,85,85)
r(3,18,24,86,86)
r(99,1,24,87,87)
r(18,2,24,88,88)
r(5,5,24,89,89)
r(0,55,24,90,90)
r(37,0,24,91,91)
r(11,2,24,92,92)
r(40,0,24,93,93)
r(0,55,24,94,94)
r(2,20,24,95,95)
r(16,3,24,96,96)
r(3,18,24,97,97)
r(55,0,24,98,98)
r(8,2,24,99,99)
