r(23,0,0,0,0)
r(15,0,0,1,1)
r(12,0,0,2,2)
r(94,0,0,3,3)
r(5,0,0,4,4)
r(21,0,0,5,5)
r(10,0,0,6,6)
r(89,0,0,7,7)
r(10,0,0,8,8)
r(57,0,0,9,9)
w(45,1,0,10,10)
r(0,0,0,11,11)
r(16,0,0,12,12)
r(51,0,0,13,13)
r(19,0,0,14,14)
r(69,0,0,15,15)
r(0,0,0,16,16)
r(4,0,0,17,17)
r(0,0,0,18,18)
r(41,0,0,19,19)
r(73,0,0,20,20)
r(0,0,0,21,21)
r(0,0,0,22,22)
r(9,0,0,23,23)
r(9,0,0,24,24)
r(0,0,0,25,25)
r(72,0,0,26,26)
r(13,0,0,27,27)
r(4,0,0,28,28)
w(22,1,0,29,29)
r(7,0,0,30,30)
r(8,0,0,31,31)
r(6,0,0,32,32)
r(5,0,0,33,33)
r(1,0,0,34,34)
r(19,0,0,35,35)
r(34,0,0,36,36)
w(3,1,0,37,37)
r(25,0,0,38,38)
r(5,0,0,39,39)
r(27,0,0,40,40)
r(61,0,0,41,41)
r(0,0,0,42,42)
r(19,0,0,43,43)
r(30,0,0,44,44)
r(82,0,0,45,45)
r(17,0,0,46,46)
r(0,0,0,47,47)
r(27,0,0,48,48)
r(0,0,0,49,49)
r(0,0,0,50,50)
r(0,0,0,51,51)
r(0,0,0,52,52)
r(32,0,0,53,53)
r(4,0,0,54,54)
r(2,0,0,55,55)
r(17,0,0,56,56)
r(12,0,0,57,57)
w(0,1,0,58,58)
r(2,0,0,59,59)
r(69,0,0,60,60)
r(35,0,0,61,61)
r(58,0,0,62,62)
r(0,1,0,63,63)
r(3,1,0,64,64)
r(18,0,0,65,65)
r(12,0,0,66,66)
r(1,0,0,67,67)
r(23,0,0,68,68)
r(12,0,0,69,69)
r(49,0,0,70,70)
r(19,0,0,71,71)
r(0,1,0,72,72)
r(46,0,0,73,73)
r(2,0,0,74,74)
r(47,0,0,75,75)
r(36,0,0,76,76)
r(86,0,0,77,77)
r(2,0,0,78,78)
w(83,1,0,79,79)
r(0,1,0,80,80)
r(58,0,0,81,81)
r(18,0,0,82,82)
r(11,0,0,83,83)
w(12,1,0,84,84)
r(0,1,0,85,85)
r(1,0,0,86,86)
r(2,0,0,87,87)
r(5,0,0,88,88)
r(3,1,0,89,89)
r(21,0,0,90,90)
r(0,1,0,91,91)
r(23,0,0,92,92)
w(72,1,0,93,93)
r(61,0,0,94,94)
r(3,1,0,95,95)
r(2,0,0,96,96)
r(81,0,0,97,97)
r(1,0,0,98,98)
r(1,0,0,99,99)
r(14,0,1,0,0)
w(0,2,1,1,1)
r(10,0,1,2,2)
w(27,1,1,3,3)
r(18,0,1,4,4)
r(2,0,1,5,5)
r(8,0,1,6,6)
r(8,0,1,7,7)
r(4,0,1,8,8)
w(1,1,1,9,9)
r(0,2,1,10,10)
r(1,1,1,11,11)
r(1,1,1,12,12)
r(13,0,1,13,13)
w(3,2,1,14,14)
w(4,1,1,15,15)
r(0,2,1,16,16)
r(0,2,1,17,17)
r(42,0,1,18,18)
r(0,2,1,19,19)
r(5,0,1,20,20)
r(24,0,1,21,21)
r(66,0,1,22,22)
r(5,0,1,23,23)
r(64,0,1,24,24)
r(1,1,1,25,25)
r(0,2,1,26,26)
r(6,0,1,27,27)
r(2,0,1,28,28)
r(0,2,1,29,29)
r(7,0,1,30,30)
r(16,0,1,31,31)
r(6,0,1,32,32)
r(0,2,1,33,33)
r(7,0,1,34,34)
r(57,0,1,35,35)
w(9,1,1,36,36)
r(37,0,1,37,37)
r(1,1,1,38,38)
r(1,1,1,39,39)
r(47,0,1,40,40)
r(56,0,1,41,41)
r(3,2,1,42,42)
r(12,1,1,43,43)
r(0,2,1,44,44)
r(5,0,1,45,45)
r(10,0,1,46,46)
r(7,0,1,47,47)
r(53,0,1,48,48)
r(3,2,1,49,49)
r(49,0,1,50,50)
r(0,2,1,51,51)
w(47,1,1,52,52)
r(1,1,1,53,53)
r(74,0,1,54,54)
r(24,0,1,55,55)
r(7,0,1,56,56)
r(82,0,1,57,57)
w(0,3,1,58,58)
r(3,2,1,59,59)
r(0,3,1,60,60)
w(0,4,1,61,61)
r(4,1,1,62,62)
r(97,0,1,63,63)
r(65,0,1,64,64)
r(83,1,1,65,65)
r(8,0,1,66,66)
r(7,0,1,67,67)
r(2,0,1,68,68)
r(16,0,1,69,69)
r(0,4,1,70,70)
w(18,1,1,71,71)
r(1,1,1,72,72)
r(16,0,1,73,73)
r(6,0,1,74,74)
w(14,1,1,75,75)
r(20,0,1,76,76)
r(39,0,1,77,77)
r(12,1,1,78,78)
r(2,0,1,79,79)
r(7,0,1,80,80)
r(2,0,1,81,81)
r(2,0,1,82,82)
w(59,1,1,83,83)
w(4,2,1,84,84)
r(9,1,1,85,85)
r(6,0,1,86,86)
r(3,2,1,87,87)
r(3,2,1,88,88)
r(0,4,1,89,89)
r(1,1,1,90,90)
r(10,0,1,91,91)
w(4,3,1,92,92)
r(28,0,1,93,93)
r(89,0,1,94,94)
r(0,4,1,95,95)
r(3,2,1,96,96)
r(83,1,1,97,97)
r(6,0,1,98,98)
r(14,1,1,99,99)
r(56,0,2,0,0)
r(8,0,2,1,1)
r(1,1,2,2,2)
w(4,4,2,3,3)
r(22,1,2,4,4)
r(2,0,2,5,5)
r(63,0,2,6,6)
r(23,0,2,7,7)
r(11,0,2,8,8)
r(2,0,2,9,9)
r(78,0,2,10,10)
w(20,1,2,11,11)
r(26,0,2,12,12)
r(45,1,2,13,13)
r(55,0,2,14,14)
r(9,1,2,15,15)
r(97,0,2,16,16)
r(1,1,2,17,17)
r(73,0,2,18,18)
r(73,0,2,19,19)
r(2,0,2,20,20)
r(0,4,2,21,21)
r(1,1,2,22,22)
r(11,0,2,23,23)
r(1,1,2,24,24)
r(5,0,2,25,25)
r(47,1,2,26,26)
r(11,0,2,27,27)
r(0,4,2,28,28)
r(14,1,2,29,29)
r(19,0,2,30,30)
r(23,0,2,31,31)
r(0,4,2,32,32)
w(39,1,2,33,33)
r(57,0,2,34,34)
r(0,4,2,35,35)
r(5,0,2,36,36)
r(5,0,2,37,37)
r(14,1,2,38,38)
r(15,0,2,39,39)
r(36,0,2,40,40)
r(9,1,2,41,41)
r(1,1,2,42,42)
r(0,4,2,43,43)
w(7,1,2,44,44)
r(0,4,2,45,45)
r(6,0,2,46,46)
r(36,0,2,47,47)
r(5,0,2,48,48)
r(0,4,2,49,49)
r(99,0,2,50,50)
r(26,0,2,51,51)
r(1,1,2,52,52)
r(54,0,2,53,53)
r(0,4,2,54,54)
r(2,0,2,55,55)
r(18,1,2,56,56)
r(3,2,2,57,57)
r(42,0,2,58,58)
r(15,0,2,59,59)
r(0,4,2,60,60)
r(0,4,2,61,61)
r(8,0,2,62,62)
r(0,4,2,63,63)
r(0,4,2,64,64)
r(95,0,2,65,65)
r(7,1,2,66,66)
w(2,1,2,67,67)
r(1,1,2,68,68)
r(0,4,2,69,69)
r(21,0,2,70,70)
w(16,1,2,71,71)
r(0,4,2,72,72)
r(5,0,2,73,73)
r(0,4,2,74,74)
r(15,0,2,75,75)
r(73,0,2,76,76)
w(22,2,2,77,77)
r(12,1,2,78,78)
r(1,1,2,79,79)
r(12,1,2,80,80)
r(2,1,2,81,81)
r(8,0,2,82,82)
w(28,1,2,83,83)
r(0,4,2,84,84)
r(25,0,2,85,85)
r(2,1,2,86,86)
r(94,0,2,87,87)
w(9,2,2,88,88)
r(7,1,2,89,89)
r(0,4,2,90,90)
r(1,1,2,91,91)
r(2,1,2,92,92)
r(2,1,2,93,93)
w(2,2,2,94,94)
w(3,3,2,95,95)
r(72,1,2,96,96)
r(5,0,2,97,97)
r(0,4,2,98,98)
r(1,1,2,99,99)
r(43,0,3,0,0)
r(0,4,3,1,1)
r(3,3,3,2,2)
r(3,3,3,3,3)
r(17,0,3,4,4)
w(2,3,3,5,5)
r(14,1,3,6,6)
w(95,1,3,7,7)
r(23,0,3,8,8)
r(2,3,3,9,9)
r(7,1,3,10,10)
r(0,4,3,11,11)
r(2,3,3,12,12)
r(32,0,3,13,13)
w(4,5,3,14,14)
r(31,0,3,15,15)
r(0,4,3,16,16)
w(11,1,3,17,17)
r(0,4,3,18,18)
r(0,4,3,19,19)
r(39,1,3,20,20)
r(5,0,3,21,21)
r(1,1,3,22,22)
r(0,4,3,23,23)
r(3,3,3,24,24)
r(18,1,3,25,25)
r(3,3,3,26,26)
r(91,0,3,27,27)
r(1,1,3,28,28)
r(0,4,3,29,29)
r(0,4,3,30,30)
r(12,1,3,31,31)
r(0,4,3,32,32)
r(0,4,3,33,33)
r(9,2,3,34,34)
r(4,5,3,35,35)
w(30,1,3,36,36)
r(5,0,3,37,37)
r(46,0,3,38,38)
r(5,0,3,39,39)
r(20,1,3,40,40)
r(0,4,3,41,41)
r(1,1,3,42,42)
r(30,1,3,43,43)
r(5,0,3,44,44)
r(2,3,3,45,45)
w(70,1,3,46,46)
r(3,3,3,47,47)
r(4,5,3,48,48)
r(17,0,3,49,49)
r(10,0,3,50,50)
r(0,4,3,51,51)
r(0,4,3,52,52)
r(33,0,3,53,53)
r(3,3,3,54,54)
r(4,5,3,55,55)
r(9,2,3,56,56)
r(0,4,3,57,57)
r(22,2,3,58,58)
w(9,3,3,59,59)
r(0,4,3,60,60)
r(0,4,3,61,61)
r(84,0,3,62,62)
w(13,1,3,63,63)
r(0,4,3,64,64)
r(80,0,3,65,65)
r(1,1,3,66,66)
r(23,0,3,67,67)
r(5,0,3,68,68)
r(32,0,3,69,69)
w(0,5,3,70,70)
r(16,1,3,71,71)
r(8,0,3,72,72)
r(13,1,3,73,73)
r(28,1,3,74,74)
r(2,3,3,75,75)
w(0,6,3,76,76)
r(0,6,3,77,77)
r(41,0,3,78,78)
r(1,1,3,79,79)
r(0,6,3,80,80)
r(13,1,3,81,81)
w(19,1,3,82,82)
r(44,0,3,83,83)
r(2,3,3,84,84)
r(84,0,3,85,85)
r(0,6,3,86,86)
r(0,6,3,87,87)
r(6,0,3,88,88)
r(37,0,3,89,89)
r(0,6,3,90,90)
r(91,0,3,91,91)
r(25,0,3,92,92)
r(2,3,3,93,93)
r(62,0,3,94,94)
r(0,6,3,95,95)
r(2,3,3,96,96)
r(29,0,3,97,97)
r(0,6,3,98,98)
r(0,6,3,99,99)
r(5,0,4,0,0)
r(14,1,4,1,1)
r(0,6,4,2,2)
r(39,1,4,3,3)
r(27,1,4,4,4)
r(14,1,4,5,5)
r(0,6,4,6,6)
r(1,1,4,7,7)
r(8,0,4,8,8)
r(37,0,4,9,9)
r(0,6,4,10,10)
w(0,7,4,11,11)
r(7,1,4,12,12)
r(63,0,4,13,13)
r(2,3,4,14,14)
r(18,1,4,15,15)
r(43,0,4,16,16)
w(0,8,4,17,17)
w(3,4,4,18,18)
r(0,8,4,19,19)
w(25,1,4,20,20)
w(16,2,4,21,21)
r(1,1,4,22,22)
r(54,0,4,23,23)
r(3,4,4,24,24)
r(0,8,4,25,25)
r(0,8,4,26,26)
r(3,4,4,27,27)
r(19,1,4,28,28)
r(22,2,4,29,29)
r(10,0,4,30,30)
r(29,0,4,31,31)
r(2,3,4,32,32)
w(15,1,4,33,33)
r(17,0,4,34,34)
w(3,5,4,35,35)
r(0,8,4,36,36)
w(30,2,4,37,37)
r(3,5,4,38,38)
w(1,2,4,39,39)
r(2,3,4,40,40)
r(41,0,4,41,41)
r(7,1,4,42,42)
r(6,0,4,43,43)
r(86,0,4,44,44)
r(1,2,4,45,45)
r(81,0,4,46,46)
w(25,2,4,47,47)
r(64,0,4,48,48)
r(0,8,4,49,49)
r(40,0,4,50,50)
r(17,0,4,51,51)
r(56,0,4,52,52)
r(34,0,4,53,53)
r(53,0,4,54,54)
r(0,8,4,55,55)
r(1,2,4,56,56)
r(1,2,4,57,57)
r(0,8,4,58,58)
r(11,1,4,59,59)
r(62,0,4,60,60)
r(27,1,4,61,61)
r(69,0,4,62,62)
r(0,8,4,63,63)
r(15,1,4,64,64)
r(1,2,4,65,65)
w(41,1,4,66,66)
r(0,8,4,67,67)
r(99,0,4,68,68)
r(16,2,4,69,69)
r(11,1,4,70,70)
r(0,8,4,71,71)
r(3,5,4,72,72)
w(3,6,4,73,73)
r(0,8,4,74,74)
r(3,6,4,75,75)
r(1,2,4,76,76)
r(3,6,4,77,77)
r(89,0,4,78,78)
r(2,3,4,79,79)
r(1,2,4,80,80)
r(2,3,4,81,81)
r(0,8,4,82,82)
r(0,8,4,83,83)
r(7,1,4,84,84)
r(7,1,4,85,85)
r(3,6,4,86,86)
r(41,1,4,87,87)
w(1,3,4,88,88)
w(36,1,4,89,89)
r(11,1,4,90,90)
w(5,1,4,91,91)
r(5,1,4,92,92)
r(0,8,4,93,93)
r(64,0,4,94,94)
r(42,0,4,95,95)
r(10,0,4,96,96)
r(2,3,4,97,97)
r(73,0,4,98,98)
r(20,1,4,99,99)
r(98,0,5,0,0)
r(2,3,5,1,1)
r(1,3,5,2,2)
r(3,6,5,3,3)
r(83,1,5,4,4)
r(0,8,5,5,5)
r(0,8,5,6,6)
r(24,0,5,7,7)
r(42,0,5,8,8)
r(4,5,5,9,9)
r(42,0,5,10,10)
w(0,9,5,11,11)
w(1,4,5,12,12)
r(74,0,5,13,13)
r(18,1,5,14,14)
r(2,3,5,15,15)
r(55,0,5,16,16)
r(0,9,5,17,17)
r(19,1,5,18,18)
r(0,9,5,19,19)
w(5,2,5,20,20)
r(0,9,5,21,21)
r(1,4,5,22,22)
r(0,9,5,23,23)
r(0,9,5,24,24)
r(23,0,5,25,25)
r(0,9,5,26,26)
r(7,1,5,27,27)
r(39,1,5,28,28)
r(63,0,5,29,29)
r(50,0,5,30,30)
w(36,2,5,31,31)
r(0,9,5,32,32)
r(14,1,5,33,33)
r(2,3,5,34,34)
r(0,9,5,35,35)
r(14,1,5,36,36)
r(0,9,5,37,37)
r(2,3,5,38,38)
r(0,9,5,39,39)
r(89,0,5,40,40)
r(4,5,5,41,41)
r(8,0,5,42,42)
r(1,4,5,43,43)
r(0,9,5,44,44)
r(0,9,5,45,45)
r(25,2,5,46,46)
r(3,6,5,47,47)
r(2,3,5,48,48)
r(5,2,5,49,49)
r(12,1,5,50,50)
r(9,3,5,51,51)
r(75,0,5,52,52)
w(2,4,5,53,53)
r(1,4,5,54,54)
r(1,4,5,55,55)
r(34,0,5,56,56)
r(32,0,5,57,57)
r(0,9,5,58,58)
r(4,5,5,59,59)
r(6,0,5,60,60)
r(25,2,5,61,61)
r(32,0,5,62,62)
r(96,0,5,63,63)
r(1,4,5,64,64)
r(3,6,5,65,65)
r(19,1,5,66,66)
r(20,1,5,67,67)
r(4,5,5,68,68)
r(0,9,5,69,69)
r(11,1,5,70,70)
r(6,0,5,71,71)
r(61,0,5,72,72)
r(25,2,5,73,73)
r(13,1,5,74,74)
r(0,9,5,75,75)
r(1,4,5,76,76)
w(72,2,5,77,77)
r(6,0,5,78,78)
r(1,4,5,79,79)
r(2,4,5,80,80)
r(0,9,5,81,81)
r(3,6,5,82,82)
w(26,1,5,83,83)
w(0,10,5,84,84)
r(1,4,5,85,85)
r(20,1,5,86,86)
r(3,6,5,87,87)
w(11,2,5,88,88)
r(5,2,5,89,89)
r(14,1,5,90,90)
r(99,0,5,91,91)
r(76,0,5,92,92)
r(80,0,5,93,93)
r(1,4,5,94,94)
r(0,10,5,95,95)
r(64,0,5,96,96)
r(97,0,5,97,97)
r(2,4,5,98,98)
r(1,4,5,99,99)
r(40,0,6,0,0)
r(62,0,6,1,1)
r(60,0,6,2,2)
r(67,0,6,3,3)
r(75,0,6,4,4)
r(29,0,6,5,5)
r(25,2,6,6,6)
r(14,1,6,7,7)
r(45,1,6,8,8)
r(38,0,6,9,9)
r(0,10,6,10,10)
r(9,3,6,11,11)
r(13,1,6,12,12)
r(2,4,6,13,13)
r(1,4,6,14,14)
w(55,1,6,15,15)
r(3,6,6,16,16)
r(32,0,6,17,17)
r(69,0,6,18,18)
r(16,2,6,19,19)
w(62,1,6,20,20)
r(48,0,6,21,21)
r(17,0,6,22,22)
r(4,5,6,23,23)
r(2,4,6,24,24)
r(1,4,6,25,25)
r(80,0,6,26,26)
r(13,1,6,27,27)
r(12,1,6,28,28)
w(88,1,6,29,29)
r(59,1,6,30,30)
r(6,0,6,31,31)
r(5,2,6,32,32)
r(1,4,6,33,33)
r(0,10,6,34,34)
w(65,1,6,35,35)
r(44,0,6,36,36)
r(94,0,6,37,37)
r(0,10,6,38,38)
r(14,1,6,39,39)
r(1,4,6,40,40)
r(2,4,6,41,41)
r(22,2,6,42,42)
w(0,11,6,43,43)
r(3,6,6,44,44)
r(6,0,6,45,45)
r(17,0,6,46,46)
r(24,0,6,47,47)
r(20,1,6,48,48)
r(0,11,6,49,49)
r(1,4,6,50,50)
r(0,11,6,51,51)
r(0,11,6,52,52)
r(33,0,6,53,53)
r(6,0,6,54,54)
r(0,11,6,55,55)
r(15,1,6,56,56)
r(1,4,6,57,57)
r(0,11,6,58,58)
r(0,11,6,59,59)
r(0,11,6,60,60)
r(0,11,6,61,61)
w(82,1,6,62,62)
r(29,0,6,63,63)
r(33,0,6,64,64)
r(22,2,6,65,65)
r(5,2,6,66,66)
r(70,1,6,67,67)
r(0,11,6,68,68)
r(63,0,6,69,69)
r(3,6,6,70,70)
w(0,12,6,71,71)
r(0,12,6,72,72)
r(4,5,6,73,73)
r(5,2,6,74,74)
r(0,12,6,75,75)
r(14,1,6,76,76)
w(0,13,6,77,77)
r(6,0,6,78,78)
r(0,13,6,79,79)
r(24,0,6,80,80)
r(4,5,6,81,81)
r(0,13,6,82,82)
w(42,1,6,83,83)
r(45,1,6,84,84)
r(1,4,6,85,85)
r(3,6,6,86,86)
r(49,0,6,87,87)
r(1,4,6,88,88)
r(10,0,6,89,89)
r(0,13,6,90,90)
r(2,4,6,91,91)
r(4,5,6,92,92)
r(1,4,6,93,93)
r(4,5,6,94,94)
r(40,0,6,95,95)
r(3,6,6,96,96)
r(13,1,6,97,97)
r(0,13,6,98,98)
r(43,0,6,99,99)
r(65,1,7,0,0)
r(7,1,7,1,1)
w(1,5,7,2,2)
r(4,5,7,3,3)
r(15,1,7,4,4)
r(5,2,7,5,5)
r(31,0,7,6,6)
r(2,4,7,7,7)
r(10,0,7,8,8)
r(3,6,7,9,9)
r(3,6,7,10,10)
r(45,1,7,11,11)
r(1,5,7,12,12)
w(3,7,7,13,13)
r(40,0,7,14,14)
r(5,2,7,15,15)
r(54,0,7,16,16)
r(80,0,7,17,17)
r(70,1,7,18,18)
r(1,5,7,19,19)
r(82,1,7,20,20)
r(86,0,7,21,21)
r(51,0,7,22,22)
w(18,2,7,23,23)
r(0,13,7,24,24)
r(28,1,7,25,25)
r(4,5,7,26,26)
r(60,0,7,27,27)
r(0,13,7,28,28)
r(3,7,7,29,29)
r(82,1,7,30,30)
w(15,2,7,31,31)
r(5,2,7,32,32)
r(3,7,7,33,33)
w(35,1,7,34,34)
r(14,1,7,35,35)
r(4,5,7,36,36)
r(13,1,7,37,37)
r(13,1,7,38,38)
r(49,0,7,39,39)
r(0,13,7,40,40)
r(5,2,7,41,41)
r(1,5,7,42,42)
r(24,0,7,43,43)
w(4,6,7,44,44)
r(1,5,7,45,45)
r(0,13,7,46,46)
r(66,0,7,47,47)
r(0,13,7,48,48)
r(3,7,7,49,49)
r(1,5,7,50,50)
r(0,13,7,51,51)
r(3,7,7,52,52)
r(1,5,7,53,53)
r(0,13,7,54,54)
r(13,1,7,55,55)
r(16,2,7,56,56)
r(18,2,7,57,57)
r(5,2,7,58,58)
r(1,5,7,59,59)
r(10,0,7,60,60)
r(19,1,7,61,61)
r(0,13,7,62,62)
r(52,0,7,63,63)
r(0,13,7,64,64)
r(32,0,7,65,65)
r(8,0,7,66,66)
r(0,13,7,67,67)
r(0,13,7,68,68)
r(29,0,7,69,69)
r(2,4,7,70,70)
r(0,13,7,71,71)
r(13,1,7,72,72)
r(45,1,7,73,73)
r(4,6,7,74,74)
r(40,0,7,75,75)
r(42,1,7,76,76)
r(43,0,7,77,77)
r(38,0,7,78,78)
r(24,0,7,79,79)
r(17,0,7,80,80)
r(2,4,7,81,81)
r(16,2,7,82,82)
r(3,7,7,83,83)
r(0,13,7,84,84)
r(37,0,7,85,85)
r(0,13,7,86,86)
r(3,7,7,87,87)
r(9,3,7,88,88)
r(23,0,7,89,89)
r(1,5,7,90,90)
r(0,13,7,91,91)
r(4,6,7,92,92)
r(43,0,7,93,93)
r(64,0,7,94,94)
r(98,0,7,95,95)
r(0,13,7,96,96)
r(0,13,7,97,97)
r(25,2,7,98,98)
r(14,1,7,99,99)
r(8,0,8,0,0)
r(5,2,8,1,1)
r(0,13,8,2,2)
w(47,2,8,3,3)
r(1,5,8,4,4)
r(59,1,8,5,5)
r(97,0,8,6,6)
r(10,0,8,7,7)
r(11,2,8,8,8)
r(9,3,8,9,9)
r(1,5,8,10,10)
r(3,7,8,11,11)
r(4,6,8,12,12)
r(0,13,8,13,13)
r(5,2,8,14,14)
r(12,1,8,15,15)
r(70,1,8,16,16)
r(16,2,8,17,17)
r(0,13,8,18,18)
r(1,5,8,19,19)
r(15,2,8,20,20)
r(33,0,8,21,21)
r(49,0,8,22,22)
r(36,2,8,23,23)
w(4,7,8,24,24)
r(2,4,8,25,25)
r(0,13,8,26,26)
w(11,3,8,27,27)
r(5,2,8,28,28)
r(26,1,8,29,29)
r(8,0,8,30,30)
r(54,0,8,31,31)
r(2,4,8,32,32)
r(10,0,8,33,33)
r(3,7,8,34,34)
r(21,0,8,35,35)
r(3,7,8,36,36)
r(7,1,8,37,37)
w(20,2,8,38,38)
w(0,14,8,39,39)
r(23,0,8,40,40)
r(2,4,8,41,41)
w(30,3,8,42,42)
w(32,1,8,43,43)
r(4,7,8,44,44)
r(4,7,8,45,45)
r(2,4,8,46,46)
r(11,3,8,47,47)
r(1,5,8,48,48)
w(0,15,8,49,49)
r(77,0,8,50,50)
r(31,0,8,51,51)
r(0,15,8,52,52)
r(2,4,8,53,53)
r(9,3,8,54,54)
r(21,0,8,55,55)
r(33,0,8,56,56)
r(43,0,8,57,57)
r(1,5,8,58,58)
r(0,15,8,59,59)
r(0,15,8,60,60)
r(7,1,8,61,61)
r(1,5,8,62,62)
r(9,3,8,63,63)
r(0,15,8,64,64)
r(0,15,8,65,65)
r(8,0,8,66,66)
r(10,0,8,67,67)
r(40,0,8,68,68)
r(0,15,8,69,69)
r(4,7,8,70,70)
r(6,0,8,71,71)
r(44,0,8,72,72)
r(29,0,8,73,73)
r(26,1,8,74,74)
r(26,1,8,75,75)
r(20,2,8,76,76)
r(14,1,8,77,77)
r(9,3,8,78,78)
r(11,3,8,79,79)
r(60,0,8,80,80)
w(21,1,8,81,81)
r(0,15,8,82,82)
r(7,1,8,83,83)
r(9,3,8,84,84)
r(8,0,8,85,85)
r(2,4,8,86,86)
r(3,7,8,87,87)
w(0,16,8,88,88)
r(50,0,8,89,89)
r(34,0,8,90,90)
r(5,2,8,91,91)
r(1,5,8,92,92)
r(25,2,8,93,93)
r(2,4,8,94,94)
r(43,0,8,95,95)
r(1,5,8,96,96)
r(62,1,8,97,97)
r(0,16,8,98,98)
r(34,0,8,99,99)
r(31,0,9,0,0)
r(24,0,9,1,1)
r(0,16,9,2,2)
r(3,7,9,3,3)
r(8,0,9,4,4)
r(1,5,9,5,5)
r(31,0,9,6,6)
r(2,4,9,7,7)
r(0,16,9,8,8)
r(0,16,9,9,9)
r(1,5,9,10,10)
r(28,1,9,11,11)
r(0,16,9,12,12)
r(99,0,9,13,13)
r(19,1,9,14,14)
r(65,1,9,15,15)
r(76,0,9,16,16)
r(1,5,9,17,17)
r(13,1,9,18,18)
r(9,3,9,19,19)
r(28,1,9,20,20)
r(0,16,9,21,21)
r(89,0,9,22,22)
r(23,0,9,23,23)
r(76,0,9,24,24)
r(6,0,9,25,25)
r(3,7,9,26,26)
r(15,2,9,27,27)
w(8,1,9,28,28)
w(0,17,9,29,29)
r(76,0,9,30,30)
r(2,4,9,31,31)
w(2,5,9,32,32)
r(95,1,9,33,33)
r(99,0,9,34,34)
r(4,7,9,35,35)
r(1,5,9,36,36)
r(5,2,9,37,37)
w(1,6,9,38,38)
w(47,3,9,39,39)
r(1,6,9,40,40)
r(25,2,9,41,41)
r(21,1,9,42,42)
r(0,17,9,43,43)
w(1,7,9,44,44)
r(7,1,9,45,45)
r(0,17,9,46,46)
r(0,17,9,47,47)
r(0,17,9,48,48)
r(1,7,9,49,49)
w(0,18,9,50,50)
r(8,1,9,51,51)
r(2,5,9,52,52)
r(35,1,9,53,53)
r(22,2,9,54,54)
r(1,7,9,55,55)
w(0,19,9,56,56)
r(16,2,9,57,57)
r(0,19,9,58,58)
r(60,0,9,59,59)
r(2,5,9,60,60)
w(0,20,9,61,61)
r(4,7,9,62,62)
r(32,1,9,63,63)
r(3,7,9,64,64)
r(0,20,9,65,65)
r(0,20,9,66,66)
r(1,7,9,67,67)
r(1,7,9,68,68)
r(13,1,9,69,69)
w(31,1,9,70,70)
r(51,0,9,71,71)
r(12,1,9,72,72)
r(0,20,9,73,73)
r(1,7,9,74,74)
w(0,21,9,75,75)
r(0,21,9,76,76)
r(3,7,9,77,77)
r(0,21,9,78,78)
r(4,7,9,79,79)
r(17,0,9,80,80)
r(27,1,9,81,81)
r(58,0,9,82,82)
r(83,1,9,83,83)
r(82,1,9,84,84)
w(1,8,9,85,85)
r(54,0,9,86,86)
r(32,1,9,87,87)
r(2,5,9,88,88)
r(63,0,9,89,89)
r(31,1,9,90,90)
w(0,22,9,91,91)
r(10,0,9,92,92)
r(41,1,9,93,93)
r(8,1,9,94,94)
r(3,7,9,95,95)
w(63,1,9,96,96)
r(1,8,9,97,97)
r(89,0,9,98,98)
r(1,8,9,99,99)
r(22,2,10,0,0)
r(47,3,10,1,1)
r(84,0,10,2,2)
r(2,5,10,3,3)
r(50,0,10,4,4)
r(90,0,10,5,5)
r(6,0,10,6,6)
r(0,22,10,7,7)
r(17,0,10,8,8)
r(39,1,10,9,9)
w(32,2,10,10,10)
r(0,22,10,11,11)
r(11,3,10,12,12)
w(11,4,10,13,13)
w(1,9,10,14,14)
r(73,0,10,15,15)
r(99,0,10,16,16)
r(24,0,10,17,17)
w(0,23,10,18,18)
r(35,1,10,19,19)
r(5,2,10,20,20)
r(74,0,10,21,21)
r(0,23,10,22,22)
r(3,7,10,23,23)
r(53,0,10,24,24)
w(10,1,10,25,25)
r(0,23,10,26,26)
w(3,8,10,27,27)
r(56,0,10,28,28)
r(7,1,10,29,29)
r(0,23,10,30,30)
w(90,1,10,31,31)
r(0,23,10,32,32)
w(17,1,10,33,33)
r(67,0,10,34,34)
r(3,8,10,35,35)
r(3,8,10,36,36)
r(0,23,10,37,37)
r(1,9,10,38,38)
r(5,2,10,39,39)
r(40,0,10,40,40)
r(77,0,10,41,41)
r(15,2,10,42,42)
r(36,2,10,43,43)
r(3,8,10,44,44)
r(25,2,10,45,45)
r(12,1,10,46,46)
w(1,10,10,47,47)
r(27,1,10,48,48)
r(74,0,10,49,49)
r(10,1,10,50,50)
r(1,10,10,51,51)
r(65,1,10,52,52)
r(0,23,10,53,53)
r(2,5,10,54,54)
r(2,5,10,55,55)
r(3,8,10,56,56)
r(0,23,10,57,57)
r(2,5,10,58,58)
w(28,2,10,59,59)
r(6,0,10,60,60)
r(71,0,10,61,61)
r(69,0,10,62,62)
r(10,1,10,63,63)
r(98,0,10,64,64)
r(58,0,10,65,65)
r(0,23,10,66,66)
r(3,8,10,67,67)
r(49,0,10,68,68)
r(35,1,10,69,69)
r(0,23,10,70,70)
r(0,23,10,71,71)
r(6,0,10,72,72)
r(7,1,10,73,73)
r(53,0,10,74,74)
r(10,1,10,75,75)
r(0,23,10,76,76)
r(17,1,10,77,77)
r(6,0,10,78,78)
r(64,0,10,79,79)
r(0,23,10,80,80)
r(0,23,10,81,81)
w(18,3,10,82,82)
r(0,23,10,83,83)
r(20,2,10,84,84)
r(6,0,10,85,85)
r(84,0,10,86,86)
r(1,10,10,87,87)
r(0,23,10,88,88)
r(13,1,10,89,89)
r(2,5,10,90,90)
r(0,23,10,91,91)
r(1,10,10,92,92)
r(35,1,10,93,93)
r(25,2,10,94,94)
r(75,0,10,95,95)
w(15,3,10,96,96)
r(14,1,10,97,97)
r(0,23,10,98,98)
r(31,1,10,99,99)
r(0,23,11,0,0)
r(3,8,11,1,1)
r(0,23,11,2,2)
r(24,0,11,3,3)
r(22,2,11,4,4)
r(3,8,11,5,5)
w(14,2,11,6,6)
r(21,1,11,7,7)
r(1,10,11,8,8)
r(85,0,11,9,9)
r(15,3,11,10,10)
r(4,7,11,11,11)
r(0,23,11,12,12)
w(0,24,11,13,13)
r(19,1,11,14,14)
r(0,24,11,15,15)
w(42,2,11,16,16)
r(41,1,11,17,17)
w(0,25,11,18,18)
r(16,2,11,19,19)
w(3,9,11,20,20)
r(0,25,11,21,21)
r(3,9,11,22,22)
r(12,1,11,23,23)
r(4,7,11,24,24)
r(6,0,11,25,25)
r(0,25,11,26,26)
r(17,1,11,27,27)
r(0,25,11,28,28)
r(8,1,11,29,29)
r(2,5,11,30,30)
r(42,2,11,31,31)
r(6,0,11,32,32)
r(0,25,11,33,33)
r(13,1,11,34,34)
r(1,10,11,35,35)
r(10,1,11,36,36)
r(39,1,11,37,37)
r(0,25,11,38,38)
r(8,1,11,39,39)
w(1,11,11,40,40)
r(93,0,11,41,41)
r(0,25,11,42,42)
r(85,0,11,43,43)
r(11,4,11,44,44)
r(0,25,11,45,45)
r(17,1,11,46,46)
r(17,1,11,47,47)
r(3,9,11,48,48)
w(44,1,11,49,49)
r(0,25,11,50,50)
r(13,1,11,51,51)
r(25,2,11,52,52)
r(1,11,11,53,53)
r(6,0,11,54,54)
r(15,3,11,55,55)
w(46,1,11,56,56)
r(90,1,11,57,57)
r(1,11,11,58,58)
r(21,1,11,59,59)
r(0,25,11,60,60)
r(11,4,11,61,61)
w(0,26,11,62,62)
w(1,12,11,63,63)
r(25,2,11,64,64)
r(3,9,11,65,65)
r(0,26,11,66,66)
r(25,2,11,67,67)
r(28,2,11,68,68)
r(5,2,11,69,69)
r(0,26,11,70,70)
r(1,12,11,71,71)
r(16,2,11,72,72)
r(4,7,11,73,73)
r(2,5,11,74,74)
r(13,1,11,75,75)
r(87,0,11,76,76)
r(1,12,11,77,77)
r(0,26,11,78,78)
r(67,0,11,79,79)
r(70,1,11,80,80)
r(1,12,11,81,81)
r(20,2,11,82,82)
r(34,0,11,83,83)
r(2,5,11,84,84)
r(1,12,11,85,85)
r(13,1,11,86,86)
r(0,26,11,87,87)
r(81,0,11,88,88)
r(18,3,11,89,89)
r(37,0,11,90,90)
r(2,5,11,91,91)
r(1,12,11,92,92)
r(20,2,11,93,93)
r(79,0,11,94,94)
r(1,12,11,95,95)
w(49,1,11,96,96)
w(4,8,11,97,97)
r(75,0,11,98,98)
r(0,26,11,99,99)
r(30,3,12,0,0)
r(3,9,12,1,1)
r(64,0,12,2,2)
r(9,3,12,3,3)
r(10,1,12,4,4)
r(1,12,12,5,5)
r(34,0,12,6,6)
r(48,0,12,7,7)
r(28,2,12,8,8)
r(87,0,12,9,9)
r(97,0,12,10,10)
r(0,26,12,11,11)
r(0,26,12,12,12)
r(78,0,12,13,13)
r(79,0,12,14,14)
r(5,2,12,15,15)
r(66,0,12,16,16)
w(91,1,12,17,17)
r(0,26,12,18,18)
r(0,26,12,19,19)
r(7,1,12,20,20)
r(8,1,12,21,21)
r(1,12,12,22,22)
r(27,1,12,23,23)
w(4,9,12,24,24)
r(18,3,12,25,25)
r(12,1,12,26,26)
r(7,1,12,27,27)
w(94,1,12,28,28)
r(39,1,12,29,29)
r(1,12,12,30,30)
r(9,3,12,31,31)
r(72,2,12,32,32)
r(4,9,12,33,33)
r(77,0,12,34,34)
r(77,0,12,35,35)
r(17,1,12,36,36)
r(94,1,12,37,37)
r(53,0,12,38,38)
r(25,2,12,39,39)
r(9,3,12,40,40)
r(16,2,12,41,41)
r(82,1,12,42,42)
r(25,2,12,43,43)
r(6,0,12,44,44)
r(5,2,12,45,45)
r(1,12,12,46,46)
r(7,1,12,47,47)
r(6,0,12,48,48)
w(5,3,12,49,49)
r(0,26,12,50,50)
r(4,9,12,51,51)
r(45,1,12,52,52)
r(2,5,12,53,53)
r(13,1,12,54,54)
r(2,5,12,55,55)
r(1,12,12,56,56)
r(32,2,12,57,57)
w(1,13,12,58,58)
r(1,13,12,59,59)
r(93,0,12,60,60)
r(0,26,12,61,61)
r(63,1,12,62,62)
r(7,1,12,63,63)
r(0,26,12,64,64)
r(25,2,12,65,65)
r(3,9,12,66,66)
r(95,1,12,67,67)
r(5,3,12,68,68)
r(6,0,12,69,69)
r(0,26,12,70,70)
r(78,0,12,71,71)
r(44,1,12,72,72)
r(3,9,12,73,73)
r(7,1,12,74,74)
r(0,26,12,75,75)
r(9,3,12,76,76)
r(9,3,12,77,77)
r(32,2,12,78,78)
r(28,2,12,79,79)
r(2,5,12,80,80)
r(2,5,12,81,81)
r(6,0,12,82,82)
r(0,26,12,83,83)
r(11,4,12,84,84)
r(72,2,12,85,85)
w(1,14,12,86,86)
r(11,4,12,87,87)
r(13,1,12,88,88)
w(5,4,12,89,89)
r(6,0,12,90,90)
r(7,1,12,91,91)
r(6,0,12,92,92)
r(77,0,12,93,93)
r(19,1,12,94,94)
r(0,26,12,95,95)
r(10,1,12,96,96)
r(4,9,12,97,97)
r(2,5,12,98,98)
w(12,2,12,99,99)
r(18,3,13,0,0)
r(9,3,13,1,1)
r(23,0,13,2,2)
r(1,14,13,3,3)
r(0,26,13,4,4)
r(2,5,13,5,5)
r(0,26,13,6,6)
r(0,26,13,7,7)
r(7,1,13,8,8)
r(77,0,13,9,9)
r(0,26,13,10,10)
r(30,3,13,11,11)
r(0,26,13,12,12)
r(16,2,13,13,13)
r(4,9,13,14,14)
r(1,14,13,15,15)
r(13,1,13,16,16)
r(11,4,13,17,17)
r(4,9,13,18,18)
r(1,14,13,19,19)
r(0,26,13,20,20)
r(16,2,13,21,21)
r(6,0,13,22,22)
r(0,26,13,23,23)
r(50,0,13,24,24)
r(26,1,13,25,25)
r(0,26,13,26,26)
r(0,26,13,27,27)
r(12,2,13,28,28)
r(26,1,13,29,29)
r(9,3,13,30,30)
r(29,0,13,31,31)
r(1,14,13,32,32)
r(14,2,13,33,33)
w(1,15,13,34,34)
r(19,1,13,35,35)
r(73,0,13,36,36)
w(6,1,13,37,37)
r(23,0,13,38,38)
r(9,3,13,39,39)
r(81,0,13,40,40)
r(0,26,13,41,41)
r(9,3,13,42,42)
r(12,2,13,43,43)
r(1,15,13,44,44)
r(62,1,13,45,45)
r(0,26,13,46,46)
r(1,15,13,47,47)
r(0,26,13,48,48)
r(10,1,13,49,49)
r(1,15,13,50,50)
r(0,26,13,51,51)
r(1,15,13,52,52)
w(47,4,13,53,53)
r(54,0,13,54,54)
r(16,2,13,55,55)
r(20,2,13,56,56)
r(0,26,13,57,57)
r(78,0,13,58,58)
r(0,26,13,59,59)
r(51,0,13,60,60)
r(57,0,13,61,61)
r(0,26,13,62,62)
r(3,9,13,63,63)
r(0,26,13,64,64)
r(41,1,13,65,65)
r(3,9,13,66,66)
r(74,0,13,67,67)
r(0,26,13,68,68)
r(1,15,13,69,69)
r(0,26,13,70,70)
w(14,3,13,71,71)
r(0,26,13,72,72)
r(0,26,13,73,73)
r(77,0,13,74,74)
r(7,1,13,75,75)
r(0,26,13,76,76)
r(4,9,13,77,77)
r(15,3,13,78,78)
w(97,1,13,79,79)
r(2,5,13,80,80)
r(39,1,13,81,81)
r(0,26,13,82,82)
r(44,1,13,83,83)
r(37,0,13,84,84)
r(8,1,13,85,85)
r(39,1,13,86,86)
r(14,3,13,87,87)
r(2,5,13,88,88)
r(3,9,13,89,89)
r(0,26,13,90,90)
r(7,1,13,91,91)
r(5,4,13,92,92)
r(2,5,13,93,93)
r(0,26,13,94,94)
w(8,2,13,95,95)
r(13,1,13,96,96)
r(47,4,13,97,97)
w(1,16,13,98,98)
r(8,2,13,99,99)
r(3,9,14,0,0)
r(45,1,14,1,1)
r(0,26,14,2,2)
r(12,2,14,3,3)
r(14,3,14,4,4)
w(9,4,14,5,5)
r(0,26,14,6,6)
w(40,1,14,7,7)
r(0,26,14,8,8)
r(12,2,14,9,9)
r(20,2,14,10,10)
r(66,0,14,11,11)
r(4,9,14,12,12)
r(20,2,14,13,13)
r(3,9,14,14,14)
r(4,9,14,15,15)
r(32,2,14,16,16)
r(20,2,14,17,17)
r(1,16,14,18,18)
r(1,16,14,19,19)
r(0,26,14,20,20)
r(0,26,14,21,21)
r(13,1,14,22,22)
r(43,0,14,23,23)
w(1,17,14,24,24)
r(5,4,14,25,25)
r(20,2,14,26,26)
r(6,1,14,27,27)
r(79,0,14,28,28)
r(56,0,14,29,29)
w(0,27,14,30,30)
r(7,1,14,31,31)
r(2,5,14,32,32)
r(1,17,14,33,33)
r(8,2,14,34,34)
r(16,2,14,35,35)
r(0,27,14,36,36)
r(7,1,14,37,37)
r(97,1,14,38,38)
r(14,3,14,39,39)
r(0,27,14,40,40)
r(45,1,14,41,41)
r(1,17,14,42,42)
r(13,1,14,43,43)
r(29,0,14,44,44)
r(0,27,14,45,45)
r(30,3,14,46,46)
r(34,0,14,47,47)
r(11,4,14,48,48)
r(1,17,14,49,49)
r(5,4,14,50,50)
r(21,1,14,51,51)
r(9,4,14,52,52)
r(0,27,14,53,53)
r(0,27,14,54,54)
r(78,0,14,55,55)
r(34,0,14,56,56)
r(0,27,14,57,57)
w(15,4,14,58,58)
r(14,3,14,59,59)
r(0,27,14,60,60)
w(1,18,14,61,61)
r(3,9,14,62,62)
r(31,1,14,63,63)
r(3,9,14,64,64)
r(8,2,14,65,65)
r(43,0,14,66,66)
r(0,27,14,67,67)
r(0,27,14,68,68)
w(0,28,14,69,69)
r(0,28,14,70,70)
r(4,9,14,71,71)
r(9,4,14,72,72)
r(1,18,14,73,73)
r(6,1,14,74,74)
w(0,29,14,75,75)
r(0,29,14,76,76)
r(7,1,14,77,77)
r(18,3,14,78,78)
r(1,18,14,79,79)
r(1,18,14,80,80)
r(12,2,14,81,81)
r(20,2,14,82,82)
r(84,0,14,83,83)
r(0,29,14,84,84)
r(2,5,14,85,85)
r(55,1,14,86,86)
w(0,30,14,87,87)
r(2,5,14,88,88)
r(0,30,14,89,89)
r(5,4,14,90,90)
r(17,1,14,91,91)
r(94,1,14,92,92)
r(73,0,14,93,93)
r(42,2,14,94,94)
r(5,4,14,95,95)
r(37,0,14,96,96)
r(75,0,14,97,97)
r(20,2,14,98,98)
r(4,9,14,99,99)
r(6,1,15,0,0)
r(22,2,15,1,1)
r(0,30,15,2,2)
r(0,30,15,3,3)
r(0,30,15,4,4)
r(25,2,15,5,5)
r(23,0,15,6,6)
r(0,30,15,7,7)
w(1,19,15,8,8)
r(71,0,15,9,9)
w(0,31,15,10,10)
r(0,31,15,11,11)
w(12,3,15,12,12)
w(1,20,15,13,13)
r(45,1,15,14,14)
r(25,2,15,15,15)
r(95,1,15,16,16)
r(27,1,15,17,17)
r(0,31,15,18,18)
w(7,2,15,19,19)
r(0,31,15,20,20)
r(1,20,15,21,21)
r(32,2,15,22,22)
r(12,3,15,23,23)
r(1,20,15,24,24)
r(41,1,15,25,25)
r(0,31,15,26,26)
r(0,31,15,27,27)
r(1,20,15,28,28)
r(1,20,15,29,29)
r(18,3,15,30,30)
w(0,32,15,31,31)
r(12,3,15,32,32)
r(11,4,15,33,33)
r(47,4,15,34,34)
r(3,9,15,35,35)
r(0,32,15,36,36)
r(2,5,15,37,37)
r(0,32,15,38,38)
r(7,2,15,39,39)
r(29,0,15,40,40)
r(16,2,15,41,41)
r(3,9,15,42,42)
r(69,0,15,43,43)
w(55,2,15,44,44)
r(0,32,15,45,45)
r(52,0,15,46,46)
r(4,9,15,47,47)
r(1,20,15,48,48)
w(29,1,15,49,49)
r(50,0,15,50,50)
r(85,0,15,51,51)
r(1,20,15,52,52)
r(7,2,15,53,53)
r(1,20,15,54,54)
r(5,4,15,55,55)
r(3,9,15,56,56)
r(8,2,15,57,57)
r(3,9,15,58,58)
r(8,2,15,59,59)
r(55,2,15,60,60)
r(0,32,15,61,61)
r(59,1,15,62,62)
r(3,9,15,63,63)
r(0,32,15,64,64)
r(3,9,15,65,65)
r(15,4,15,66,66)
r(2,5,15,67,67)
r(26,1,15,68,68)
r(87,0,15,69,69)
r(55,2,15,70,70)
r(3,9,15,71,71)
r(98,0,15,72,72)
r(0,32,15,73,73)
w(88,2,15,74,74)
r(47,4,15,75,75)
r(1,20,15,76,76)
r(4,9,15,77,77)
r(84,0,15,78,78)
r(50,0,15,79,79)
r(2,5,15,80,80)
r(2,5,15,81,81)
r(4,9,15,82,82)
r(55,2,15,83,83)
r(1,20,15,84,84)
r(4,9,15,85,85)
r(32,2,15,86,86)
w(33,1,15,87,87)
r(3,9,15,88,88)
r(85,0,15,89,89)
r(2,5,15,90,90)
w(2,6,15,91,91)
r(0,32,15,92,92)
r(13,1,15,93,93)
r(15,4,15,94,94)
w(17,2,15,95,95)
r(25,2,15,96,96)
w(0,33,15,97,97)
r(5,4,15,98,98)
r(5,4,15,99,99)
r(44,1,16,0,0)
r(36,2,16,1,1)
r(1,20,16,2,2)
r(8,2,16,3,3)
r(68,0,16,4,4)
r(2,6,16,5,5)
r(1,20,16,6,6)
r(2,6,16,7,7)
r(0,33,16,8,8)
r(6,1,16,9,9)
r(2,6,16,10,10)
r(1,20,16,11,11)
r(8,2,16,12,12)
w(3,10,16,13,13)
r(6,1,16,14,14)
r(6,1,16,15,15)
r(0,33,16,16,16)
r(5,4,16,17,17)
r(46,1,16,18,18)
r(6,1,16,19,19)
w(0,34,16,20,20)
r(72,2,16,21,21)
r(5,4,16,22,22)
w(74,1,16,23,23)
r(52,0,16,24,24)
r(8,2,16,25,25)
r(27,1,16,26,26)
r(14,3,16,27,27)
r(19,1,16,28,28)
w(75,1,16,29,29)
r(7,2,16,30,30)
r(0,34,16,31,31)
w(20,3,16,32,32)
r(5,4,16,33,33)
r(0,34,16,34,34)
r(17,2,16,35,35)
r(30,3,16,36,36)
r(51,0,16,37,37)
r(8,2,16,38,38)
r(0,34,16,39,39)
r(85,0,16,40,40)
r(0,34,16,41,41)
r(26,1,16,42,42)
w(7,3,16,43,43)
r(29,1,16,44,44)
r(2,6,16,45,45)
r(1,20,16,46,46)
r(14,3,16,47,47)
r(10,1,16,48,48)
w(10,2,16,49,49)
r(0,34,16,50,50)
r(60,0,16,51,51)
w(16,3,16,52,52)
r(0,34,16,53,53)
r(25,2,16,54,54)
r(11,4,16,55,55)
r(30,3,16,56,56)
r(20,3,16,57,57)
r(2,6,16,58,58)
r(84,0,16,59,59)
r(1,20,16,60,60)
r(0,34,16,61,61)
r(67,0,16,62,62)
r(31,1,16,63,63)
r(34,0,16,64,64)
r(0,34,16,65,65)
r(29,1,16,66,66)
r(6,1,16,67,67)
w(20,4,16,68,68)
w(10,3,16,69,69)
r(51,0,16,70,70)
r(13,1,16,71,71)
r(0,34,16,72,72)
r(77,0,16,73,73)
r(82,1,16,74,74)
r(4,9,16,75,75)
r(0,34,16,76,76)
r(10,3,16,77,77)
r(1,20,16,78,78)
r(6,1,16,79,79)
r(2,6,16,80,80)
r(4,9,16,81,81)
r(17,2,16,82,82)
r(15,4,16,83,83)
r(13,1,16,84,84)
r(23,0,16,85,85)
w(0,35,16,86,86)
r(2,6,16,87,87)
r(0,35,16,88,88)
r(0,35,16,89,89)
r(18,3,16,90,90)
r(68,0,16,91,91)
r(18,3,16,92,92)
r(11,4,16,93,93)
r(10,3,16,94,94)
r(5,4,16,95,95)
r(32,2,16,96,96)
w(21,2,16,97,97)
r(39,1,16,98,98)
w(7,4,16,99,99)
r(0,35,17,0,0)
r(5,4,17,1,1)
r(0,35,17,2,2)
r(1,20,17,3,3)
r(12,3,17,4,4)
w(3,11,17,5,5)
r(6,1,17,6,6)
r(33,1,17,7,7)
w(0,36,17,8,8)
r(80,0,17,9,9)
r(96,0,17,10,10)
r(0,36,17,11,11)
r(2,6,17,12,12)
r(6,1,17,13,13)
r(0,36,17,14,14)
r(97,1,17,15,15)
r(33,1,17,16,16)
r(0,36,17,17,17)
w(0,37,17,18,18)
w(59,2,17,19,19)
r(0,37,17,20,20)
r(0,37,17,21,21)
r(53,0,17,22,22)
r(46,1,17,23,23)
r(38,0,17,24,24)
r(23,0,17,25,25)
r(15,4,17,26,26)
w(4,10,17,27,27)
r(11,4,17,28,28)
r(0,37,17,29,29)
r(2,6,17,30,30)
r(30,3,17,31,31)
r(0,37,17,32,32)
r(3,11,17,33,33)
w(6,2,17,34,34)
r(1,20,17,35,35)
r(5,4,17,36,36)
r(1,20,17,37,37)
r(0,37,17,38,38)
r(3,11,17,39,39)
r(0,37,17,40,40)
r(64,0,17,41,41)
r(4,10,17,42,42)
r(2,6,17,43,43)
r(0,37,17,44,44)
r(0,37,17,45,45)
r(5,4,17,46,46)
r(1,20,17,47,47)
r(0,37,17,48,48)
r(53,0,17,49,49)
r(17,2,17,50,50)
r(2,6,17,51,51)
r(98,0,17,52,52)
r(55,2,17,53,53)
r(0,37,17,54,54)
r(4,10,17,55,55)
r(28,2,17,56,56)
r(0,37,17,57,57)
w(3,12,17,58,58)
w(33,2,17,59,59)
r(0,37,17,60,60)
r(20,4,17,61,61)
r(13,1,17,62,62)
r(14,3,17,63,63)
r(57,0,17,64,64)
r(1,20,17,65,65)
r(17,2,17,66,66)
r(0,37,17,67,67)
r(5,4,17,68,68)
r(2,6,17,69,69)
r(7,4,17,70,70)
r(0,37,17,71,71)
r(0,37,17,72,72)
w(87,1,17,73,73)
r(42,2,17,74,74)
r(49,1,17,75,75)
r(68,0,17,76,76)
r(5,4,17,77,77)
r(0,37,17,78,78)
r(0,37,17,79,79)
r(0,37,17,80,80)
r(5,4,17,81,81)
r(0,37,17,82,82)
r(10,3,17,83,83)
r(2,6,17,84,84)
r(29,1,17,85,85)
w(18,4,17,86,86)
r(90,1,17,87,87)
r(80,0,17,88,88)
r(0,37,17,89,89)
r(18,4,17,90,90)
r(7,4,17,91,91)
r(10,3,17,92,92)
r(1,20,17,93,93)
r(5,4,17,94,94)
r(6,2,17,95,95)
r(4,10,17,96,96)
r(39,1,17,97,97)
w(88,3,17,98,98)
r(4,10,17,99,99)
r(11,4,18,0,0)
r(0,37,18,1,1)
r(23,0,18,2,2)
r(0,37,18,3,3)
r(31,1,18,4,4)
r(1,20,18,5,5)
r(89,0,18,6,6)
r(0,37,18,7,7)
r(21,2,18,8,8)
w(1,21,18,9,9)
r(5,4,18,10,10)
r(37,0,18,11,11)
r(1,21,18,12,12)
r(0,37,18,13,13)
r(60,0,18,14,14)
r(24,0,18,15,15)
r(2,6,18,16,16)
r(5,4,18,17,17)
r(60,0,18,18,18)
r(4,10,18,19,19)
r(0,37,18,20,20)
r(5,4,18,21,21)
w(88,4,18,22,22)
r(1,21,18,23,23)
r(42,2,18,24,24)
r(0,37,18,25,25)
r(8,2,18,26,26)
r(34,0,18,27,27)
r(46,1,18,28,28)
r(1,21,18,29,29)
r(84,0,18,30,30)
r(13,1,18,31,31)
r(81,0,18,32,32)
r(2,6,18,33,33)
r(4,10,18,34,34)
r(80,0,18,35,35)
r(48,0,18,36,36)
r(0,37,18,37,37)
r(0,37,18,38,38)
r(10,3,18,39,39)
r(46,1,18,40,40)
r(7,4,18,41,41)
w(2,7,18,42,42)
r(7,4,18,43,43)
r(0,37,18,44,44)
r(55,2,18,45,45)
r(0,37,18,46,46)
r(7,4,18,47,47)
r(12,3,18,48,48)
r(17,2,18,49,49)
r(3,12,18,50,50)
r(26,1,18,51,51)
r(18,4,18,52,52)
r(1,21,18,53,53)
r(12,3,18,54,54)
r(0,37,18,55,55)
r(2,7,18,56,56)
r(24,0,18,57,57)
r(8,2,18,58,58)
r(0,37,18,59,59)
r(1,21,18,60,60)
r(0,37,18,61,61)
r(2,7,18,62,62)
r(0,37,18,63,63)
r(3,12,18,64,64)
r(8,2,18,65,65)
r(21,2,18,66,66)
r(3,12,18,67,67)
r(0,37,18,68,68)
r(1,21,18,69,69)
r(63,1,18,70,70)
r(28,2,18,71,71)
r(9,4,18,72,72)
r(33,2,18,73,73)
r(23,0,18,74,74)
r(0,37,18,75,75)
r(6,2,18,76,76)
r(17,2,18,77,77)
r(36,2,18,78,78)
r(70,1,18,79,79)
r(4,10,18,80,80)
r(3,12,18,81,81)
w(22,3,18,82,82)
r(0,37,18,83,83)
r(0,37,18,84,84)
r(0,37,18,85,85)
r(46,1,18,86,86)
r(35,1,18,87,87)
r(28,2,18,88,88)
r(6,2,18,89,89)
r(1,21,18,90,90)
r(93,0,18,91,91)
r(0,37,18,92,92)
r(54,0,18,93,93)
r(0,37,18,94,94)
r(4,10,18,95,95)
r(3,12,18,96,96)
r(31,1,18,97,97)
r(0,37,18,98,98)
r(41,1,18,99,99)
r(28,2,19,0,0)
r(2,7,19,1,1)
r(6,2,19,2,2)
w(2,8,19,3,3)
r(1,21,19,4,4)
w(1,22,19,5,5)
r(5,4,19,6,6)
r(2,8,19,7,7)
r(31,1,19,8,8)
r(37,0,19,9,9)
r(6,2,19,10,10)
r(0,37,19,11,11)
w(24,1,19,12,12)
r(2,8,19,13,13)
r(0,37,19,14,14)
r(8,2,19,15,15)
r(14,3,19,16,16)
r(5,4,19,17,17)
r(13,1,19,18,18)
r(0,37,19,19,19)
r(32,2,19,20,20)
r(2,8,19,21,21)
w(6,3,19,22,22)
r(55,2,19,23,23)
r(28,2,19,24,24)
r(3,12,19,25,25)
r(8,2,19,26,26)
r(4,10,19,27,27)
r(27,1,19,28,28)
r(63,1,19,29,29)
r(25,2,19,30,30)
r(54,0,19,31,31)
r(1,22,19,32,32)
r(3,12,19,33,33)
r(44,1,19,34,34)
r(0,37,19,35,35)
r(0,37,19,36,36)
r(31,1,19,37,37)
w(5,5,19,38,38)
r(1,22,19,39,39)
w(77,1,19,40,40)
r(8,2,19,41,41)
r(61,0,19,42,42)
r(0,37,19,43,43)
r(13,1,19,44,44)
r(9,4,19,45,45)
r(71,0,19,46,46)
r(3,12,19,47,47)
r(1,22,19,48,48)
r(2,8,19,49,49)
r(12,3,19,50,50)
r(0,37,19,51,51)
r(12,3,19,52,52)
r(21,2,19,53,53)
r(11,4,19,54,54)
r(15,4,19,55,55)
r(2,8,19,56,56)
r(72,2,19,57,57)
r(0,37,19,58,58)
r(10,3,19,59,59)
r(1,22,19,60,60)
w(4,11,19,61,61)
r(1,22,19,62,62)
r(17,2,19,63,63)
r(4,11,19,64,64)
r(50,0,19,65,65)
r(1,22,19,66,66)
r(0,37,19,67,67)
r(0,37,19,68,68)
r(11,4,19,69,69)
w(0,38,19,70,70)
r(4,11,19,71,71)
r(0,38,19,72,72)
r(13,1,19,73,73)
r(68,0,19,74,74)
r(8,2,19,75,75)
r(2,8,19,76,76)
r(5,5,19,77,77)
r(13,1,19,78,78)
r(0,38,19,79,79)
r(0,38,19,80,80)
r(3,12,19,81,81)
r(1,22,19,82,82)
r(5,5,19,83,83)
r(14,3,19,84,84)
r(0,38,19,85,85)
r(5,5,19,86,86)
r(3,12,19,87,87)
r(0,38,19,88,88)
r(3,12,19,89,89)
w(16,4,19,90,90)
r(34,0,19,91,91)
r(5,5,19,92,92)
r(0,38,19,93,93)
r(1,22,19,94,94)
r(0,38,19,95,95)
r(35,1,19,96,96)
w(2,9,19,97,97)
r(4,11,19,98,98)
w(0,39,19,99,99)
r(20,4,20,0,0)
r(23,0,20,1,1)
r(12,3,20,2,2)
w(8,3,20,3,3)
r(47,4,20,4,4)
r(11,4,20,5,5)
r(4,11,20,6,6)
r(1,22,20,7,7)
r(30,3,20,8,8)
r(19,1,20,9,9)
r(55,2,20,10,10)
r(28,2,20,11,11)
r(1,22,20,12,12)
r(55,2,20,13,13)
r(1,22,20,14,14)
r(2,9,20,15,15)
r(64,0,20,16,16)
r(3,12,20,17,17)
r(23,0,20,18,18)
r(0,39,20,19,19)
r(39,1,20,20,20)
r(0,39,20,21,21)
r(0,39,20,22,22)
r(9,4,20,23,23)
r(12,3,20,24,24)
r(7,4,20,25,25)
r(19,1,20,26,26)
r(4,11,20,27,27)
r(41,1,20,28,28)
r(1,22,20,29,29)
w(8,4,20,30,30)
r(62,1,20,31,31)
r(49,1,20,32,32)
r(3,12,20,33,33)
r(17,2,20,34,34)
r(34,0,20,35,35)
r(0,39,20,36,36)
w(2,10,20,37,37)
r(2,10,20,38,38)
r(0,39,20,39,39)
r(4,11,20,40,40)
r(12,3,20,41,41)
r(16,4,20,42,42)
r(1,22,20,43,43)
r(2,10,20,44,44)
r(94,1,20,45,45)
r(34,0,20,46,46)
r(1,22,20,47,47)
r(59,2,20,48,48)
r(0,39,20,49,49)
r(15,4,20,50,50)
w(19,2,20,51,51)
r(11,4,20,52,52)
r(48,0,20,53,53)
r(65,1,20,54,54)
r(48,0,20,55,55)
r(0,39,20,56,56)
r(11,4,20,57,57)
r(27,1,20,58,58)
r(26,1,20,59,59)
r(63,1,20,60,60)
r(14,3,20,61,61)
w(24,2,20,62,62)
w(0,40,20,63,63)
r(0,40,20,64,64)
r(0,40,20,65,65)
r(19,2,20,66,66)
r(7,4,20,67,67)
r(40,1,20,68,68)
r(58,0,20,69,69)
r(0,40,20,70,70)
r(19,2,20,71,71)
r(1,22,20,72,72)
w(0,41,20,73,73)
r(0,41,20,74,74)
r(4,11,20,75,75)
r(58,0,20,76,76)
r(5,5,20,77,77)
r(85,0,20,78,78)
r(64,0,20,79,79)
r(1,22,20,80,80)
r(2,10,20,81,81)
r(55,2,20,82,82)
r(1,22,20,83,83)
r(59,2,20,84,84)
r(0,41,20,85,85)
r(15,4,20,86,86)
r(1,22,20,87,87)
r(0,41,20,88,88)
r(0,41,20,89,89)
w(0,42,20,90,90)
r(42,2,20,91,91)
r(2,10,20,92,92)
r(6,3,20,93,93)
r(72,2,20,94,94)
r(0,42,20,95,95)
r(5,5,20,96,96)
r(19,2,20,97,97)
r(0,42,20,98,98)
r(6,3,20,99,99)
r(20,4,21,0,0)
r(31,1,21,1,1)
r(9,4,21,2,2)
r(12,3,21,3,3)
r(37,0,21,4,4)
r(23,0,21,5,5)
r(0,42,21,6,6)
r(0,42,21,7,7)
r(5,5,21,8,8)
r(1,22,21,9,9)
r(5,5,21,10,10)
r(73,0,21,11,11)
r(38,0,21,12,12)
r(64,0,21,13,13)
r(60,0,21,14,14)
r(40,1,21,15,15)
r(58,0,21,16,16)
r(6,3,21,17,17)
w(37,1,21,18,18)
r(0,42,21,19,19)
r(3,12,21,20,20)
r(1,22,21,21,21)
r(35,1,21,22,22)
r(77,1,21,23,23)
r(0,42,21,24,24)
r(37,1,21,25,25)
r(0,42,21,26,26)
w(5,6,21,27,27)
r(10,3,21,28,28)
r(2,10,21,29,29)
r(0,42,21,30,30)
r(36,2,21,31,31)
r(7,4,21,32,32)
w(20,5,21,33,33)
r(94,1,21,34,34)
r(21,2,21,35,35)
r(0,42,21,36,36)
r(26,1,21,37,37)
r(89,0,21,38,38)
r(2,10,21,39,39)
r(2,10,21,40,40)
r(36,2,21,41,41)
r(60,0,21,42,42)
r(0,42,21,43,43)
r(1,22,21,44,44)
r(2,10,21,45,45)
r(5,6,21,46,46)
r(4,11,21,47,47)
r(0,42,21,48,48)
r(0,42,21,49,49)
r(0,42,21,50,50)
w(0,43,21,51,51)
r(13,1,21,52,52)
r(35,1,21,53,53)
r(11,4,21,54,54)
r(0,43,21,55,55)
r(0,43,21,56,56)
r(1,22,21,57,57)
r(10,3,21,58,58)
r(53,0,21,59,59)
r(96,0,21,60,60)
r(0,43,21,61,61)
r(4,11,21,62,62)
r(98,0,21,63,63)
r(16,4,21,64,64)
r(0,43,21,65,65)
r(23,0,21,66,66)
r(3,12,21,67,67)
r(36,2,21,68,68)
r(1,22,21,69,69)
r(1,22,21,70,70)
r(0,43,21,71,71)
r(3,12,21,72,72)
r(9,4,21,73,73)
r(0,43,21,74,74)
r(3,12,21,75,75)
r(0,43,21,76,76)
r(84,0,21,77,77)
r(1,22,21,78,78)
r(78,0,21,79,79)
w(41,2,21,80,80)
r(1,22,21,81,81)
r(57,0,21,82,82)
r(0,43,21,83,83)
r(20,5,21,84,84)
r(45,1,21,85,85)
r(0,43,21,86,86)
r(0,43,21,87,87)
r(34,0,21,88,88)
r(5,6,21,89,89)
r(97,1,21,90,90)
r(57,0,21,91,91)
r(6,3,21,92,92)
r(10,3,21,93,93)
r(5,6,21,94,94)
w(27,2,21,95,95)
r(5,6,21,96,96)
r(0,43,21,97,97)
r(0,43,21,98,98)
r(42,2,21,99,99)
r(35,1,22,0,0)
r(6,3,22,1,1)
r(41,2,22,2,2)
r(0,43,22,3,3)
r(0,43,22,4,4)
r(1,22,22,5,5)
r(48,0,22,6,6)
r(0,43,22,7,7)
r(1,22,22,8,8)
r(22,3,22,9,9)
r(1,22,22,10,10)
r(24,2,22,11,11)
r(20,5,22,12,12)
r(87,1,22,13,13)
r(34,0,22,14,14)
r(3,12,22,15,15)
r(2,10,22,16,16)
r(0,43,22,17,17)
w(65,2,22,18,18)
r(11,4,22,19,19)
r(5,6,22,20,20)
r(12,3,22,21,21)
r(0,43,22,22,22)
r(76,0,22,23,23)
r(16,4,22,24,24)
r(6,3,22,25,25)
w(49,2,22,26,26)
r(51,0,22,27,27)
r(4,11,22,28,28)
r(26,1,22,29,29)
r(38,0,22,30,30)
r(4,11,22,31,31)
r(3,12,22,32,32)
r(38,0,22,33,33)
r(1,22,22,34,34)
r(0,43,22,35,35)
r(3,12,22,36,36)
r(1,22,22,37,37)
r(8,4,22,38,38)
r(32,2,22,39,39)
w(11,5,22,40,40)
r(20,5,22,41,41)
r(12,3,22,42,42)
r(1,22,22,43,43)
r(2,10,22,44,44)
r(21,2,22,45,45)
r(29,1,22,46,46)
r(2,10,22,47,47)
w(0,44,22,48,48)
r(47,4,22,49,49)
r(9,4,22,50,50)
r(1,22,22,51,51)
r(4,11,22,52,52)
r(40,1,22,53,53)
r(83,1,22,54,54)
r(0,44,22,55,55)
r(54,0,22,56,56)
r(0,44,22,57,57)
r(4,11,22,58,58)
r(0,44,22,59,59)
r(72,2,22,60,60)
r(2,10,22,61,61)
r(29,1,22,62,62)
r(44,1,22,63,63)
r(0,44,22,64,64)
r(2,10,22,65,65)
r(9,4,22,66,66)
r(15,4,22,67,67)
r(2,10,22,68,68)
w(25,3,22,69,69)
r(56,0,22,70,70)
r(3,12,22,71,71)
r(4,11,22,72,72)
r(1,22,22,73,73)
r(44,1,22,74,74)
r(0,44,22,75,75)
r(7,4,22,76,76)
w(0,45,22,77,77)
r(10,3,22,78,78)
r(1,22,22,79,79)
r(2,10,22,80,80)
r(1,22,22,81,81)
r(79,0,22,82,82)
r(60,0,22,83,83)
r(60,0,22,84,84)
r(15,4,22,85,85)
r(6,3,22,86,86)
r(0,45,22,87,87)
r(70,1,22,88,88)
r(2,10,22,89,89)
r(1,22,22,90,90)
r(30,3,22,91,91)
r(0,45,22,92,92)
w(12,4,22,93,93)
r(5,6,22,94,94)
r(18,4,22,95,95)
r(0,45,22,96,96)
r(0,45,22,97,97)
w(16,5,22,98,98)
w(12,5,22,99,99)
w(81,1,23,0,0)
r(6,3,23,1,1)
r(75,1,23,2,2)
r(4,11,23,3,3)
r(0,45,23,4,4)
w(17,3,23,5,5)
w(7,5,23,6,6)
r(75,1,23,7,7)
r(21,2,23,8,8)
r(55,2,23,9,9)
r(81,1,23,10,10)
r(0,45,23,11,11)
r(9,4,23,12,12)
r(18,4,23,13,13)
r(66,0,23,14,14)
w(14,4,23,15,15)
r(81,1,23,16,16)
r(0,45,23,17,17)
r(2,10,23,18,18)
r(2,10,23,19,19)
w(2,11,23,20,20)
r(71,0,23,21,21)
r(56,0,23,22,22)
r(7,5,23,23,23)
r(3,12,23,24,24)
r(0,45,23,25,25)
r(0,45,23,26,26)
r(1,22,23,27,27)
r(1,22,23,28,28)
r(1,22,23,29,29)
r(0,45,23,30,30)
r(7,5,23,31,31)
r(1,22,23,32,32)
r(1,22,23,33,33)
r(3,12,23,34,34)
r(37,1,23,35,35)
r(12,5,23,36,36)
r(7,5,23,37,37)
r(1,22,23,38,38)
r(27,2,23,39,39)
r(45,1,23,40,40)
r(1,22,23,41,41)
r(11,5,23,42,42)
r(32,2,23,43,43)
r(1,22,23,44,44)
r(4,11,23,45,45)
r(0,45,23,46,46)
r(2,11,23,47,47)
r(0,45,23,48,48)
w(2,12,23,49,49)
r(20,5,23,50,50)
r(36,2,23,51,51)
r(13,1,23,52,52)
r(0,45,23,53,53)
r(3,12,23,54,54)
r(0,45,23,55,55)
r(0,45,23,56,56)
r(4,11,23,57,57)
r(2,12,23,58,58)
r(3,12,23,59,59)
r(20,5,23,60,60)
r(0,45,23,61,61)
r(4,11,23,62,62)
r(30,3,23,63,63)
r(0,45,23,64,64)
r(1,22,23,65,65)
w(19,3,23,66,66)
r(11,5,23,67,67)
r(13,1,23,68,68)
r(7,5,23,69,69)
r(21,2,23,70,70)
r(5,6,23,71,71)
r(14,4,23,72,72)
r(2,12,23,73,73)
r(1,22,23,74,74)
r(30,3,23,75,75)
r(4,11,23,76,76)
w(2,13,23,77,77)
r(92,0,23,78,78)
r(50,0,23,79,79)
r(30,3,23,80,80)
r(37,1,23,81,81)
r(1,22,23,82,82)
r(1,22,23,83,83)
r(2,13,23,84,84)
r(81,1,23,85,85)
r(58,0,23,86,86)
r(1,22,23,87,87)
r(26,1,23,88,88)
r(1,22,23,89,89)
r(19,3,23,90,90)
r(3,12,23,91,91)
r(77,1,23,92,92)
r(8,4,23,93,93)
r(10,3,23,94,94)
r(0,45,23,95,95)
r(98,0,23,96,96)
r(0,45,23,97,97)
r(0,45,23,98,98)
r(1,22,23,99,99)
r(13,1,24,0,0)
w(30,4,24,1,1)
r(1,22,24,2,2)
r(8,4,24,3,3)
r(19,3,24,4,4)
w(0,46,24,5,5)
r(17,3,24,6,6)
r(1,22,24,7,7)
r(5,6,24,8,8)
r(5,6,24,9,9)
r(75,1,24,10,10)
r(0,46,24,11,11)
r(10,3,24,12,12)
r(30,4,24,13,13)
r(15,4,24,14,14)
r(0,46,24,15,15)
r(79,0,24,16,16)
r(1,22,24,17,17)
r(3,12,24,18,18)
r(4,11,24,19,19)
r(21,2,24,20,20)
r(0,46,24,21,21)
r(61,0,24,22,22)
r(23,0,24,23,23)
r(8,4,24,24,24)
r(2,13,24,25,25)
r(13,1,24,26,26)
r(12,5,24,27,27)
r(0,46,24,28,28)
r(10,3,24,29,29)
r(1,22,24,30,30)
r(0,46,24,31,31)
r(95,1,24,32,32)
r(7,5,24,33,33)
r(86,0,24,34,34)
r(2,13,24,35,35)
r(0,46,24,36,36)
r(9,4,24,37,37)
r(0,46,24,38,38)
r(69,0,24,39,39)
r(1,22,24,40,40)
r(9,4,24,41,41)
r(35,1,24,42,42)
r(2,13,24,43,43)
r(39,1,24,44,44)
w(0,47,24,45,45)
r(86,0,24,46,46)
r(58,0,24,47,47)
r(0,47,24,48,48)
r(1,22,24,49,49)
r(3,12,24,50,50)
r(0,47,24,51,51)
w(6,4,24,52,52)
w(10,4,24,53,53)
r(27,2,24,54,54)
r(40,1,24,55,55)
r(1,22,24,56,56)
r(18,4,24,57,57)
r(46,1,24,58,58)
w(2,14,24,59,59)
r(1,22,24,60,60)
r(83,1,24,61,61)
r(8,4,24,62,62)
r(5,6,24,63,63)
r(0,47,24,64,64)
r(3,12,24,65,65)
r(0,47,24,66,66)
r(57,0,24,67,67)
r(3,12,24,68,68)
r(1,22,24,69,69)
r(22,3,24,70,70)
r(19,3,24,71,71)
w(17,4,24,72,72)
r(21,2,24,73,73)
r(71,0,24,74,74)
w(25,4,24,75,75)
r(6,4,24,76,76)
r(17,4,24,77,77)
r(72,2,24,78,78)
r(6,4,24,79,79)
r(0,47,24,80,80)
r(19,3,24,81,81)
w(82,2,24,82,82)
r(26,1,24,83,83)
r(0,47,24,84,84)
r(33,2,24,85,85)
r(0,47,24,86,86)
w(73,1,24,87,87)
r(36,2,24,88,88)
r(21,2,24,89,89)
r(0,47,24,90,90)
r(0,47,24,91,91)
w(1,23,24,92,92)
r(1,23,24,93,93)
r(4,11,24,94,94)
r(10,4,24,95,95)
r(0,47,24,96,96)
r(1,23,24,97,97)
r(52,0,24,98,98)
r(67,0,24,99,99)
