w(358,1,0,0,0)
w(505,1,0,1,1)
w(117,1,0,2,2)
r(759,0,0,3,3)
w(45,1,0,4,4)
w(634,1,0,5,5)
w(836,1,0,6,6)
r(207,0,0,7,7)
w(79,1,0,8,8)
w(945,1,0,9,9)
w(156,1,0,10,10)
w(105,1,0,11,11)
w(208,1,0,12,12)
w(623,1,0,13,13)
w(232,1,0,14,14)
w(974,1,0,15,15)
w(429,1,0,16,16)
w(731,1,0,17,17)
w(726,1,0,18,18)
w(836,2,0,19,19)
r(905,0,0,20,20)
r(586,0,0,21,21)
w(892,1,0,22,22)
w(812,1,0,23,23)
w(383,1,0,24,24)
r(706,0,0,25,25)
w(26,1,0,26,26)
w(279,1,0,27,27)
w(999,1,0,28,28)
r(217,0,0,29,29)
w(813,1,0,30,30)
w(204,1,0,31,31)
w(172,1,0,32,32)
r(304,0,0,33,33)
w(591,1,0,34,34)
w(587,1,0,35,35)
w(196,1,0,36,36)
w(205,1,0,37,37)
w(394,1,0,38,38)
w(682,1,0,39,39)
w(689,1,0,40,40)
w(582,1,0,41,41)
w(579,1,0,42,42)
w(123,1,0,43,43)
w(850,1,0,44,44)
w(818,1,0,45,45)
w(373,1,0,46,46)
w(420,1,0,47,47)
w(118,1,0,48,48)
w(685,1,0,49,49)
w(781,1,0,50,50)
w(148,1,0,51,51)
r(289,0,0,52,52)
w(156,2,0,53,53)
w(516,1,0,54,54)
w(897,1,0,55,55)
w(276,1,0,56,56)
w(290,1,0,57,57)
w(543,1,0,58,58)
w(250,1,0,59,59)
w(936,1,0,60,60)
w(576,1,0,61,61)
w(958,1,0,62,62)
r(871,0,0,63,63)
w(691,1,0,64,64)
w(750,1,0,65,65)
w(146,1,0,66,66)
w(258,1,0,67,67)
w(78,1,0,68,68)
w(797,1,0,69,69)
w(72,1,0,70,70)
r(95,0,0,71,71)
w(965,1,0,72,72)
w(669,1,0,73,73)
w(918,1,0,74,74)
w(251,1,0,75,75)
w(461,1,0,76,76)
w(321,1,0,77,77)
r(707,0,0,78,78)
w(892,2,0,79,79)
w(357,1,0,80,80)
r(626,0,0,81,81)
w(935,1,0,82,82)
w(546,1,0,83,83)
w(314,1,0,84,84)
w(979,1,0,85,85)
w(448,1,0,86,86)
w(362,1,0,87,87)
w(633,1,0,88,88)
r(945,1,0,89,89)
w(837,1,0,90,90)
w(371,1,0,91,91)
w(87,1,0,92,92)
w(884,1,0,93,93)
w(997,1,0,94,94)
w(146,2,0,95,95)
w(113,1,0,96,96)
r(134,0,0,97,97)
w(209,1,0,98,98)
w(1,1,0,99,99)
w(431,1,1,0,0)
r(406,0,1,1,1)
w(115,1,1,2,2)
w(217,1,1,3,3)
w(515,1,1,4,4)
w(214,1,1,5,5)
w(992,1,1,6,6)
w(6,1,1,7,7)
w(929,1,1,8,8)
w(125,1,1,9,9)
w(80,1,1,10,10)
w(942,1,1,11,11)
w(252,1,1,12,12)
w(933,1,1,13,13)
w(524,1,1,14,14)
w(438,1,1,15,15)
w(65,1,1,16,16)
w(815,1,1,17,17)
w(711,1,1,18,18)
w(599,1,1,19,19)
w(810,1,1,20,20)
w(419,1,1,21,21)
w(421,1,1,22,22)
w(25,1,1,23,23)
w(159,1,1,24,24)
w(906,1,1,25,25)
w(408,1,1,26,26)
w(327,1,1,27,27)
w(88,1,1,28,28)
w(730,1,1,29,29)
r(711,1,1,30,30)
w(66,1,1,31,31)
w(861,1,1,32,32)
w(63,1,1,33,33)
w(484,1,1,34,34)
w(17,1,1,35,35)
w(214,2,1,36,36)
w(813,2,1,37,37)
w(319,1,1,38,38)
w(663,1,1,39,39)
w(341,1,1,40,40)
w(763,1,1,41,41)
w(449,1,1,42,42)
w(480,1,1,43,43)
w(974,2,1,44,44)
w(894,1,1,45,45)
w(591,2,1,46,46)
w(663,2,1,47,47)
w(324,1,1,48,48)
r(594,0,1,49,49)
w(102,1,1,50,50)
w(963,1,1,51,51)
w(700,1,1,52,52)
w(108,1,1,53,53)
w(920,1,1,54,54)
w(496,1,1,55,55)
w(968,1,1,56,56)
r(500,0,1,57,57)
w(765,1,1,58,58)
w(752,1,1,59,59)
w(75,1,1,60,60)
w(635,1,1,61,61)
r(960,0,1,62,62)
r(866,0,1,63,63)
w(709,1,1,64,64)
w(625,1,1,65,65)
w(754,1,1,66,66)
w(275,1,1,67,67)
w(754,2,1,68,68)
w(708,1,1,69,69)
w(182,1,1,70,70)
w(862,1,1,71,71)
w(852,1,1,72,72)
w(458,1,1,73,73)
r(507,0,1,74,74)
w(394,2,1,75,75)
w(105,2,1,76,76)
w(503,1,1,77,77)
w(901,1,1,78,78)
w(291,1,1,79,79)
w(634,2,1,80,80)
w(800,1,1,81,81)
w(694,1,1,82,82)
w(241,1,1,83,83)
w(323,1,1,84,84)
w(116,1,1,85,85)
w(728,1,1,86,86)
w(288,1,1,87,87)
w(286,1,1,88,88)
w(340,1,1,89,89)
w(683,1,1,90,90)
w(159,2,1,91,91)
w(163,1,1,92,92)
w(274,1,1,93,93)
w(13,1,1,94,94)
r(900,0,1,95,95)
w(800,2,1,96,96)
w(869,1,1,97,97)
w(331,1,1,98,98)
w(233,1,1,99,99)
w(937,1,2,0,0)
w(145,1,2,1,1)
w(396,1,2,2,2)
w(588,1,2,3,3)
w(658,1,2,4,4)
w(979,2,2,5,5)
w(71,1,2,6,6)
w(112,1,2,7,7)
r(729,0,2,8,8)
w(713,1,2,9,9)
w(463,1,2,10,10)
w(730,2,2,11,11)
w(909,1,2,12,12)
w(842,1,2,13,13)
w(479,1,2,14,14)
w(657,1,2,15,15)
w(772,1,2,16,16)
w(321,2,2,17,17)
w(61,1,2,18,18)
r(958,1,2,19,19)
w(419,2,2,20,20)
r(332,0,2,21,21)
w(191,1,2,22,22)
w(289,1,2,23,23)
w(48,1,2,24,24)
r(869,1,2,25,25)
w(903,1,2,26,26)
w(685,2,2,27,27)
w(321,3,2,28,28)
w(632,1,2,29,29)
w(7,1,2,30,30)
w(437,1,2,31,31)
w(884,2,2,32,32)
w(475,1,2,33,33)
w(105,3,2,34,34)
w(972,1,2,35,35)
w(965,2,2,36,36)
w(519,1,2,37,37)
w(949,1,2,38,38)
w(73,1,2,39,39)
r(811,0,2,40,40)
w(199,1,2,41,41)
w(93,1,2,42,42)
w(81,1,2,43,43)
w(22,1,2,44,44)
w(991,1,2,45,45)
w(982,1,2,46,46)
w(313,1,2,47,47)
w(7,2,2,48,48)
w(556,1,2,49,49)
w(308,1,2,50,50)
w(39,1,2,51,51)
w(98,1,2,52,52)
r(295,0,2,53,53)
w(369,1,2,54,54)
w(37,1,2,55,55)
r(849,0,2,56,56)
w(732,1,2,57,57)
w(859,1,2,58,58)
w(437,2,2,59,59)
r(14,0,2,60,60)
w(701,1,2,61,61)
w(576,2,2,62,62)
w(55,1,2,63,63)
w(636,1,2,64,64)
w(472,1,2,65,65)
w(800,3,2,66,66)
w(219,1,2,67,67)
w(131,1,2,68,68)
w(229,1,2,69,69)
w(646,1,2,70,70)
w(759,1,2,71,71)
w(487,1,2,72,72)
r(44,0,2,73,73)
w(945,2,2,74,74)
w(74,1,2,75,75)
w(217,2,2,76,76)
w(828,1,2,77,77)
w(881,1,2,78,78)
w(235,1,2,79,79)
w(880,1,2,80,80)
w(391,1,2,81,81)
w(154,1,2,82,82)
r(859,1,2,83,83)
w(694,2,2,84,84)
w(268,1,2,85,85)
w(766,1,2,86,86)
r(906,1,2,87,87)
r(570,0,2,88,88)
w(301,1,2,89,89)
w(104,1,2,90,90)
w(735,1,2,91,91)
w(225,1,2,92,92)
w(467,1,2,93,93)
w(760,1,2,94,94)
w(702,1,2,95,95)
w(927,1,2,96,96)
w(456,1,2,97,97)
w(310,1,2,98,98)
w(513,1,2,99,99)
w(533,1,3,0,0)
w(499,1,3,1,1)
r(59,0,3,2,2)
w(806,1,3,3,3)
w(912,1,3,4,4)
w(307,1,3,5,5)
w(44,1,3,6,6)
w(298,1,3,7,7)
w(619,1,3,8,8)
w(836,3,3,9,9)
w(888,1,3,10,10)
w(468,1,3,11,11)
w(805,1,3,12,12)
w(791,1,3,13,13)
w(446,1,3,14,14)
w(353,1,3,15,15)
w(275,2,3,16,16)
w(725,1,3,17,17)
w(246,1,3,18,18)
w(732,2,3,19,19)
w(298,2,3,20,20)
w(246,2,3,21,21)
w(291,2,3,22,22)
w(143,1,3,23,23)
w(97,1,3,24,24)
w(212,1,3,25,25)
w(84,1,3,26,26)
w(96,1,3,27,27)
w(188,1,3,28,28)
w(985,1,3,29,29)
w(956,1,3,30,30)
w(386,1,3,31,31)
w(399,1,3,32,32)
w(204,2,3,33,33)
w(156,3,3,34,34)
w(318,1,3,35,35)
w(316,1,3,36,36)
w(512,1,3,37,37)
w(667,1,3,38,38)
w(741,1,3,39,39)
r(437,2,3,40,40)
r(619,1,3,41,41)
w(188,2,3,42,42)
w(20,1,3,43,43)
w(77,1,3,44,44)
w(486,1,3,45,45)
w(195,1,3,46,46)
w(957,1,3,47,47)
w(556,2,3,48,48)
w(539,1,3,49,49)
w(544,1,3,50,50)
r(409,0,3,51,51)
w(777,1,3,52,52)
w(61,2,3,53,53)
w(29,1,3,54,54)
w(36,1,3,55,55)
w(65,2,3,56,56)
w(319,2,3,57,57)
w(658,2,3,58,58)
w(261,1,3,59,59)
r(961,0,3,60,60)
w(39,2,3,61,61)
w(122,1,3,62,62)
w(648,1,3,63,63)
w(83,1,3,64,64)
w(669,2,3,65,65)
w(121,1,3,66,66)
w(800,4,3,67,67)
r(639,0,3,68,68)
w(556,3,3,69,69)
w(958,2,3,70,70)
w(957,2,3,71,71)
w(653,1,3,72,72)
w(601,1,3,73,73)
w(312,1,3,74,74)
w(577,1,3,75,75)
w(215,1,3,76,76)
r(149,0,3,77,77)
r(258,1,3,78,78)
w(705,1,3,79,79)
w(648,2,3,80,80)
w(558,1,3,81,81)
w(900,1,3,82,82)
w(770,1,3,83,83)
w(773,1,3,84,84)
w(155,1,3,85,85)
w(621,1,3,86,86)
w(416,1,3,87,87)
w(937,2,3,88,88)
w(187,1,3,89,89)
w(75,2,3,90,90)
w(690,1,3,91,91)
w(518,1,3,92,92)
w(257,1,3,93,93)
w(769,1,3,94,94)
w(517,1,3,95,95)
w(495,1,3,96,96)
w(963,2,3,97,97)
w(116,2,3,98,98)
w(863,1,3,99,99)
w(628,1,4,0,0)
w(808,1,4,1,1)
w(925,1,4,2,2)
w(703,1,4,3,3)
w(934,1,4,4,4)
w(61,3,4,5,5)
w(160,1,4,6,6)
w(610,1,4,7,7)
w(412,1,4,8,8)
w(452,1,4,9,9)
w(628,2,4,10,10)
w(941,1,4,11,11)
w(229,2,4,12,12)
w(458,2,4,13,13)
r(493,0,4,14,14)
r(193,0,4,15,15)
w(498,1,4,16,16)
w(736,1,4,17,17)
w(837,2,4,18,18)
w(465,1,4,19,19)
w(67,1,4,20,20)
w(479,2,4,21,21)
r(18,0,4,22,22)
w(652,1,4,23,23)
r(677,0,4,24,24)
w(828,2,4,25,25)
w(550,1,4,26,26)
w(481,1,4,27,27)
w(672,1,4,28,28)
w(160,2,4,29,29)
w(211,1,4,30,30)
w(133,1,4,31,31)
w(352,1,4,32,32)
w(426,1,4,33,33)
w(765,2,4,34,34)
r(595,0,4,35,35)
w(635,2,4,36,36)
w(206,1,4,37,37)
r(21,0,4,38,38)
w(565,1,4,39,39)
w(326,1,4,40,40)
w(303,1,4,41,41)
w(607,1,4,42,42)
w(471,1,4,43,43)
w(570,1,4,44,44)
w(157,1,4,45,45)
w(221,1,4,46,46)
w(618,1,4,47,47)
w(200,1,4,48,48)
w(468,2,4,49,49)
w(700,2,4,50,50)
w(917,1,4,51,51)
w(577,2,4,52,52)
w(888,2,4,53,53)
w(404,1,4,54,54)
w(838,1,4,55,55)
r(125,1,4,56,56)
w(717,1,4,57,57)
w(537,1,4,58,58)
r(637,0,4,59,59)
w(927,2,4,60,60)
w(528,1,4,61,61)
w(718,1,4,62,62)
w(989,1,4,63,63)
w(928,1,4,64,64)
w(326,2,4,65,65)
w(375,1,4,66,66)
w(275,3,4,67,67)
w(899,1,4,68,68)
r(85,0,4,69,69)
w(507,1,4,70,70)
w(241,2,4,71,71)
w(764,1,4,72,72)
w(359,1,4,73,73)
w(950,1,4,74,74)
w(726,2,4,75,75)
w(851,1,4,76,76)
w(838,2,4,77,77)
w(98,2,4,78,78)
w(189,1,4,79,79)
w(524,2,4,80,80)
w(384,1,4,81,81)
w(804,1,4,82,82)
w(876,1,4,83,83)
w(910,1,4,84,84)
w(275,4,4,85,85)
w(453,1,4,86,86)
w(29,2,4,87,87)
w(823,1,4,88,88)
w(516,2,4,89,89)
w(951,1,4,90,90)
w(882,1,4,91,91)
w(817,1,4,92,92)
w(160,3,4,93,93)
w(868,1,4,94,94)
w(936,2,4,95,95)
w(513,2,4,96,96)
r(700,2,4,97,97)
w(479,3,4,98,98)
w(613,1,4,99,99)
w(228,1,5,0,0)
w(94,1,5,1,1)
w(710,1,5,2,2)
w(818,2,5,3,3)
w(457,1,5,4,4)
w(148,2,5,5,5)
w(65,3,5,6,6)
w(78,2,5,7,7)
w(649,1,5,8,8)
w(797,2,5,9,9)
w(515,2,5,10,10)
w(10,1,5,11,11)
w(543,2,5,12,12)
w(928,2,5,13,13)
w(276,2,5,14,14)
w(149,1,5,15,15)
r(823,1,5,16,16)
w(398,1,5,17,17)
w(571,1,5,18,18)
w(335,1,5,19,19)
w(716,1,5,20,20)
w(199,2,5,21,21)
w(541,1,5,22,22)
w(974,3,5,23,23)
w(108,2,5,24,24)
w(570,2,5,25,25)
w(455,1,5,26,26)
w(51,1,5,27,27)
w(80,2,5,28,28)
w(744,1,5,29,29)
w(565,2,5,30,30)
w(395,1,5,31,31)
r(701,1,5,32,32)
w(965,3,5,33,33)
w(405,1,5,34,34)
w(606,1,5,35,35)
w(541,2,5,36,36)
w(657,2,5,37,37)
w(87,2,5,38,38)
r(600,0,5,39,39)
w(155,2,5,40,40)
w(446,2,5,41,41)
w(444,1,5,42,42)
w(56,1,5,43,43)
w(967,1,5,44,44)
w(689,2,5,45,45)
w(126,1,5,46,46)
w(787,1,5,47,47)
w(863,2,5,48,48)
w(119,1,5,49,49)
w(783,1,5,50,50)
r(531,0,5,51,51)
w(436,1,5,52,52)
w(85,1,5,53,53)
w(268,2,5,54,54)
w(547,1,5,55,55)
w(663,3,5,56,56)
w(524,3,5,57,57)
w(908,1,5,58,58)
w(402,1,5,59,59)
w(624,1,5,60,60)
w(666,1,5,61,61)
w(176,1,5,62,62)
w(10,2,5,63,63)
w(293,1,5,64,64)
w(593,1,5,65,65)
r(487,1,5,66,66)
w(787,2,5,67,67)
w(672,2,5,68,68)
w(797,3,5,69,69)
w(927,3,5,70,70)
w(176,2,5,71,71)
w(670,1,5,72,72)
w(532,1,5,73,73)
w(526,1,5,74,74)
w(660,1,5,75,75)
r(138,0,5,76,76)
w(21,1,5,77,77)
w(559,1,5,78,78)
w(114,1,5,79,79)
r(792,0,5,80,80)
w(450,1,5,81,81)
w(685,3,5,82,82)
w(899,2,5,83,83)
w(78,3,5,84,84)
w(125,2,5,85,85)
w(535,1,5,86,86)
w(214,3,5,87,87)
w(648,3,5,88,88)
r(104,1,5,89,89)
w(543,3,5,90,90)
w(690,2,5,91,91)
w(156,4,5,92,92)
r(182,1,5,93,93)
w(0,1,5,94,94)
w(514,1,5,95,95)
w(841,1,5,96,96)
w(224,1,5,97,97)
w(421,2,5,98,98)
w(859,2,5,99,99)
w(858,1,6,0,0)
w(746,1,6,1,1)
w(633,2,6,2,2)
r(235,1,6,3,3)
r(893,0,6,4,4)
w(893,1,6,5,5)
w(253,1,6,6,6)
w(558,2,6,7,7)
w(111,1,6,8,8)
w(287,1,6,9,9)
r(650,0,6,10,10)
w(820,1,6,11,11)
w(765,3,6,12,12)
r(552,0,6,13,13)
w(586,1,6,14,14)
w(955,1,6,15,15)
w(785,1,6,16,16)
w(961,1,6,17,17)
w(787,3,6,18,18)
w(600,1,6,19,19)
w(657,3,6,20,20)
w(957,3,6,21,21)
w(380,1,6,22,22)
w(97,2,6,23,23)
w(911,1,6,24,24)
w(586,2,6,25,25)
w(73,2,6,26,26)
w(345,1,6,27,27)
w(934,2,6,28,28)
w(489,1,6,29,29)
w(58,1,6,30,30)
w(29,3,6,31,31)
w(585,1,6,32,32)
r(297,0,6,33,33)
w(351,1,6,34,34)
r(986,0,6,35,35)
w(34,1,6,36,36)
w(523,1,6,37,37)
r(450,1,6,38,38)
w(52,1,6,39,39)
w(641,1,6,40,40)
w(635,3,6,41,41)
w(701,2,6,42,42)
w(598,1,6,43,43)
w(216,1,6,44,44)
w(213,1,6,45,45)
w(176,3,6,46,46)
w(586,3,6,47,47)
w(846,1,6,48,48)
w(840,1,6,49,49)
w(624,2,6,50,50)
r(208,1,6,51,51)
w(502,1,6,52,52)
w(785,2,6,53,53)
w(179,1,6,54,54)
w(979,3,6,55,55)
w(628,3,6,56,56)
w(472,2,6,57,57)
w(729,1,6,58,58)
w(417,1,6,59,59)
w(870,1,6,60,60)
w(501,1,6,61,61)
w(973,1,6,62,62)
r(592,0,6,63,63)
w(16,1,6,64,64)
w(563,1,6,65,65)
w(525,1,6,66,66)
w(149,2,6,67,67)
w(991,2,6,68,68)
w(239,1,6,69,69)
w(486,2,6,70,70)
w(266,1,6,71,71)
w(5,1,6,72,72)
w(785,3,6,73,73)
w(345,2,6,74,74)
w(291,3,6,75,75)
w(112,2,6,76,76)
w(844,1,6,77,77)
r(293,1,6,78,78)
w(826,1,6,79,79)
w(61,4,6,80,80)
w(561,1,6,81,81)
w(66,2,6,82,82)
w(795,1,6,83,83)
w(921,1,6,84,84)
w(582,2,6,85,85)
w(48,2,6,86,86)
w(449,2,6,87,87)
w(455,2,6,88,88)
w(202,1,6,89,89)
r(19,0,6,90,90)
w(435,1,6,91,91)
w(15,1,6,92,92)
w(700,3,6,93,93)
w(172,2,6,94,94)
w(937,3,6,95,95)
w(393,1,6,96,96)
w(752,2,6,97,97)
w(570,3,6,98,98)
w(107,1,6,99,99)
w(184,1,7,0,0)
w(815,2,7,1,1)
w(124,1,7,2,2)
w(190,1,7,3,3)
w(493,1,7,4,4)
w(448,2,7,5,5)
r(701,2,7,6,6)
w(243,1,7,7,7)
w(233,2,7,8,8)
w(118,2,7,9,9)
w(449,3,7,10,10)
w(271,1,7,11,11)
w(290,2,7,12,12)
w(227,1,7,13,13)
w(697,1,7,14,14)
w(19,1,7,15,15)
w(487,2,7,16,16)
w(242,1,7,17,17)
w(714,1,7,18,18)
w(548,1,7,19,19)
w(64,1,7,20,20)
w(121,2,7,21,21)
w(133,2,7,22,22)
w(54,1,7,23,23)
w(572,1,7,24,24)
w(266,2,7,25,25)
r(704,0,7,26,26)
w(671,1,7,27,27)
w(383,2,7,28,28)
w(228,2,7,29,29)
w(758,1,7,30,30)
w(335,2,7,31,31)
w(250,2,7,32,32)
w(95,1,7,33,33)
w(567,1,7,34,34)
w(504,1,7,35,35)
w(73,3,7,36,36)
w(830,1,7,37,37)
w(618,2,7,38,38)
w(512,2,7,39,39)
w(455,3,7,40,40)
w(547,2,7,41,41)
w(735,2,7,42,42)
w(180,1,7,43,43)
w(532,2,7,44,44)
r(753,0,7,45,45)
w(97,3,7,46,46)
w(320,1,7,47,47)
w(389,1,7,48,48)
w(101,1,7,49,49)
w(533,2,7,50,50)
w(35,1,7,51,51)
w(141,1,7,52,52)
w(105,4,7,53,53)
w(412,2,7,54,54)
w(523,2,7,55,55)
w(489,2,7,56,56)
w(674,1,7,57,57)
w(742,1,7,58,58)
w(844,2,7,59,59)
w(612,1,7,60,60)
w(239,2,7,61,61)
w(285,1,7,62,62)
w(502,2,7,63,63)
w(69,1,7,64,64)
w(968,2,7,65,65)
w(768,1,7,66,66)
w(494,1,7,67,67)
w(548,2,7,68,68)
w(259,1,7,69,69)
w(313,2,7,70,70)
w(690,3,7,71,71)
w(656,1,7,72,72)
w(79,2,7,73,73)
w(102,2,7,74,74)
w(487,3,7,75,75)
w(867,1,7,76,76)
w(631,1,7,77,77)
w(424,1,7,78,78)
w(584,1,7,79,79)
w(175,1,7,80,80)
w(582,3,7,81,81)
w(958,3,7,82,82)
w(619,2,7,83,83)
w(427,1,7,84,84)
w(957,4,7,85,85)
w(334,1,7,86,86)
r(113,1,7,87,87)
w(499,2,7,88,88)
w(594,1,7,89,89)
w(770,2,7,90,90)
w(977,1,7,91,91)
r(908,1,7,92,92)
w(974,4,7,93,93)
r(498,1,7,94,94)
w(282,1,7,95,95)
w(943,1,7,96,96)
w(697,2,7,97,97)
w(431,2,7,98,98)
w(458,3,7,99,99)
w(260,1,8,0,0)
w(340,2,8,1,1)
w(330,1,8,2,2)
w(233,3,8,3,3)
w(989,2,8,4,4)
w(971,1,8,5,5)
w(124,2,8,6,6)
w(11,1,8,7,7)
w(66,3,8,8,8)
r(449,3,8,9,9)
w(194,1,8,10,10)
w(843,1,8,11,11)
w(227,2,8,12,12)
w(416,2,8,13,13)
w(396,2,8,14,14)
w(696,1,8,15,15)
w(90,1,8,16,16)
w(859,3,8,17,17)
w(438,2,8,18,18)
w(139,1,8,19,19)
w(263,1,8,20,20)
w(787,4,8,21,21)
w(989,3,8,22,22)
w(648,4,8,23,23)
w(449,4,8,24,24)
w(396,3,8,25,25)
w(225,2,8,26,26)
w(360,1,8,27,27)
w(489,3,8,28,28)
r(508,0,8,29,29)
w(972,2,8,30,30)
w(50,1,8,31,31)
r(657,3,8,32,32)
w(265,1,8,33,33)
w(496,2,8,34,34)
w(922,1,8,35,35)
w(991,3,8,36,36)
w(738,1,8,37,37)
w(130,1,8,38,38)
w(305,1,8,39,39)
w(698,1,8,40,40)
w(738,2,8,41,41)
w(284,1,8,42,42)
w(439,1,8,43,43)
w(25,2,8,44,44)
w(745,1,8,45,45)
w(168,1,8,46,46)
w(453,2,8,47,47)
w(705,2,8,48,48)
w(110,1,8,49,49)
w(315,1,8,50,50)
w(771,1,8,51,51)
w(273,1,8,52,52)
w(642,1,8,53,53)
w(928,3,8,54,54)
w(721,1,8,55,55)
r(39,2,8,56,56)
w(902,1,8,57,57)
w(830,2,8,58,58)
w(533,3,8,59,59)
w(73,4,8,60,60)
w(589,1,8,61,61)
w(758,2,8,62,62)
w(65,4,8,63,63)
w(809,1,8,64,64)
w(912,2,8,65,65)
w(965,4,8,66,66)
r(642,1,8,67,67)
w(808,2,8,68,68)
w(244,1,8,69,69)
w(984,1,8,70,70)
w(787,5,8,71,71)
w(427,2,8,72,72)
w(517,2,8,73,73)
w(962,1,8,74,74)
w(403,1,8,75,75)
w(69,2,8,76,76)
w(441,1,8,77,77)
w(841,2,8,78,78)
w(818,3,8,79,79)
w(219,2,8,80,80)
w(301,2,8,81,81)
w(282,2,8,82,82)
w(351,2,8,83,83)
w(893,2,8,84,84)
w(360,2,8,85,85)
w(877,1,8,86,86)
w(150,1,8,87,87)
w(405,2,8,88,88)
w(203,1,8,89,89)
w(290,3,8,90,90)
w(429,2,8,91,91)
r(858,1,8,92,92)
w(81,2,8,93,93)
w(145,2,8,94,94)
w(745,2,8,95,95)
w(942,2,8,96,96)
w(170,1,8,97,97)
w(835,1,8,98,98)
w(78,4,8,99,99)
w(308,2,9,0,0)
w(127,1,9,1,1)
w(496,3,9,2,2)
r(885,0,9,3,3)
w(605,1,9,4,4)
w(7,3,9,5,5)
w(117,2,9,6,6)
r(276,2,9,7,7)
r(869,1,9,8,8)
w(438,3,9,9,9)
w(35,2,9,10,10)
w(294,1,9,11,11)
w(911,2,9,12,12)
r(163,1,9,13,13)
w(874,1,9,14,14)
w(283,1,9,15,15)
w(328,1,9,16,16)
w(637,1,9,17,17)
w(927,4,9,18,18)
w(209,2,9,19,19)
w(540,1,9,20,20)
w(419,3,9,21,21)
w(628,4,9,22,22)
r(445,0,9,23,23)
w(968,3,9,24,24)
w(941,2,9,25,25)
w(654,1,9,26,26)
w(205,2,9,27,27)
w(855,1,9,28,28)
w(663,4,9,29,29)
w(759,2,9,30,30)
w(627,1,9,31,31)
w(652,2,9,32,32)
w(514,2,9,33,33)
w(143,2,9,34,34)
w(615,1,9,35,35)
w(960,1,9,36,36)
w(596,1,9,37,37)
w(718,2,9,38,38)
w(805,2,9,39,39)
w(783,2,9,40,40)
w(665,1,9,41,41)
w(457,2,9,42,42)
w(770,3,9,43,43)
w(921,2,9,44,44)
w(190,2,9,45,45)
w(73,5,9,46,46)
w(544,2,9,47,47)
w(352,2,9,48,48)
w(371,2,9,49,49)
w(560,1,9,50,50)
w(177,1,9,51,51)
w(864,1,9,52,52)
w(538,1,9,53,53)
w(877,2,9,54,54)
w(299,1,9,55,55)
w(979,4,9,56,56)
w(894,2,9,57,57)
w(220,1,9,58,58)
w(690,4,9,59,59)
w(627,2,9,60,60)
w(554,1,9,61,61)
w(893,3,9,62,62)
w(644,1,9,63,63)
r(570,3,9,64,64)
w(253,2,9,65,65)
w(991,4,9,66,66)
w(264,1,9,67,67)
w(21,2,9,68,68)
w(251,2,9,69,69)
r(271,1,9,70,70)
w(930,1,9,71,71)
w(428,1,9,72,72)
w(467,2,9,73,73)
w(408,2,9,74,74)
w(885,1,9,75,75)
w(247,1,9,76,76)
r(730,2,9,77,77)
w(891,1,9,78,78)
w(480,2,9,79,79)
w(801,1,9,80,80)
w(28,1,9,81,81)
w(774,1,9,82,82)
w(432,1,9,83,83)
w(565,3,9,84,84)
w(791,2,9,85,85)
w(147,1,9,86,86)
w(529,1,9,87,87)
w(990,1,9,88,88)
w(864,2,9,89,89)
w(798,1,9,90,90)
w(434,1,9,91,91)
w(152,1,9,92,92)
w(539,2,9,93,93)
w(620,1,9,94,94)
w(52,2,9,95,95)
w(838,3,9,96,96)
w(893,4,9,97,97)
r(502,2,9,98,98)
w(738,3,9,99,99)
w(359,2,10,0,0)
w(767,1,10,1,1)
w(665,2,10,2,2)
w(890,1,10,3,3)
w(851,2,10,4,4)
w(524,4,10,5,5)
r(118,2,10,6,6)
w(348,1,10,7,7)
w(697,3,10,8,8)
w(833,1,10,9,9)
w(657,4,10,10,10)
w(78,5,10,11,11)
w(221,2,10,12,12)
w(817,2,10,13,13)
w(431,3,10,14,14)
w(930,2,10,15,15)
w(623,2,10,16,16)
w(568,1,10,17,17)
w(779,1,10,18,18)
w(752,3,10,19,19)
w(278,1,10,20,20)
r(337,0,10,21,21)
w(540,2,10,22,22)
r(603,0,10,23,23)
w(59,1,10,24,24)
w(896,1,10,25,25)
w(523,3,10,26,26)
w(919,1,10,27,27)
w(208,2,10,28,28)
w(778,1,10,29,29)
w(444,2,10,30,30)
w(949,2,10,31,31)
w(676,1,10,32,32)
w(389,2,10,33,33)
w(225,3,10,34,34)
w(611,1,10,35,35)
w(41,1,10,36,36)
w(736,2,10,37,37)
w(286,2,10,38,38)
r(61,4,10,39,39)
w(659,1,10,40,40)
w(334,2,10,41,41)
w(976,1,10,42,42)
w(696,2,10,43,43)
w(259,2,10,44,44)
w(996,1,10,45,45)
w(87,3,10,46,46)
w(745,3,10,47,47)
w(469,1,10,48,48)
w(183,1,10,49,49)
w(471,2,10,50,50)
w(445,1,10,51,51)
w(757,1,10,52,52)
w(316,2,10,53,53)
w(812,2,10,54,54)
w(535,2,10,55,55)
w(572,2,10,56,56)
w(558,3,10,57,57)
w(803,1,10,58,58)
w(90,2,10,59,59)
w(837,3,10,60,60)
w(767,2,10,61,61)
w(589,2,10,62,62)
w(769,2,10,63,63)
w(299,2,10,64,64)
w(357,2,10,65,65)
w(986,1,10,66,66)
w(139,2,10,67,67)
w(702,2,10,68,68)
w(32,1,10,69,69)
w(607,2,10,70,70)
w(335,3,10,71,71)
w(353,2,10,72,72)
w(896,2,10,73,73)
w(782,1,10,74,74)
w(53,1,10,75,75)
w(462,1,10,76,76)
w(89,1,10,77,77)
r(325,0,10,78,78)
w(650,1,10,79,79)
w(147,2,10,80,80)
w(781,2,10,81,81)
w(758,3,10,82,82)
w(343,1,10,83,83)
w(141,2,10,84,84)
w(65,5,10,85,85)
w(159,3,10,86,86)
w(475,2,10,87,87)
w(583,1,10,88,88)
w(730,3,10,89,89)
w(429,3,10,90,90)
w(78,6,10,91,91)
r(547,2,10,92,92)
w(959,1,10,93,93)
w(979,5,10,94,94)
w(597,1,10,95,95)
w(262,1,10,96,96)
w(621,2,10,97,97)
w(869,2,10,98,98)
w(715,1,10,99,99)
w(240,1,11,0,0)
w(439,2,11,1,1)
w(463,2,11,2,2)
w(236,1,11,3,3)
w(88,2,11,4,4)
w(814,1,11,5,5)
w(727,1,11,6,6)
w(717,2,11,7,7)
w(768,2,11,8,8)
w(387,1,11,9,9)
w(472,3,11,10,10)
w(107,2,11,11,11)
w(810,2,11,12,12)
w(199,3,11,13,13)
w(846,2,11,14,14)
w(649,2,11,15,15)
w(830,3,11,16,16)
w(804,2,11,17,17)
w(62,1,11,18,18)
r(493,1,11,19,19)
r(768,2,11,20,20)
w(526,2,11,21,21)
w(886,1,11,22,22)
w(561,2,11,23,23)
w(891,2,11,24,24)
w(795,2,11,25,25)
w(54,2,11,26,26)
w(956,2,11,27,27)
w(878,1,11,28,28)
w(394,3,11,29,29)
w(450,2,11,30,30)
w(412,3,11,31,31)
w(742,2,11,32,32)
w(371,3,11,33,33)
w(162,1,11,34,34)
w(660,2,11,35,35)
w(832,1,11,36,36)
w(544,3,11,37,37)
w(94,2,11,38,38)
r(983,0,11,39,39)
w(384,2,11,40,40)
w(228,3,11,41,41)
w(422,1,11,42,42)
w(671,2,11,43,43)
w(910,2,11,44,44)
w(491,1,11,45,45)
w(110,2,11,46,46)
w(827,1,11,47,47)
w(925,2,11,48,48)
w(815,3,11,49,49)
r(942,2,11,50,50)
w(78,7,11,51,51)
w(331,2,11,52,52)
w(127,2,11,53,53)
r(64,1,11,54,54)
w(608,1,11,55,55)
w(403,2,11,56,56)
w(617,1,11,57,57)
r(628,4,11,58,58)
w(679,1,11,59,59)
w(977,2,11,60,60)
r(414,0,11,61,61)
w(619,3,11,62,62)
w(33,1,11,63,63)
w(941,3,11,64,64)
w(45,2,11,65,65)
w(280,1,11,66,66)
w(522,1,11,67,67)
w(704,1,11,68,68)
w(273,2,11,69,69)
w(185,1,11,70,70)
w(357,3,11,71,71)
w(962,2,11,72,72)
w(696,3,11,73,73)
w(549,1,11,74,74)
w(390,1,11,75,75)
w(771,2,11,76,76)
w(550,2,11,77,77)
w(812,3,11,78,78)
w(13,2,11,79,79)
r(147,2,11,80,80)
w(858,2,11,81,81)
w(695,1,11,82,82)
w(861,2,11,83,83)
w(107,3,11,84,84)
w(204,3,11,85,85)
r(931,0,11,86,86)
w(196,2,11,87,87)
w(701,3,11,88,88)
r(393,1,11,89,89)
w(207,1,11,90,90)
w(799,1,11,91,91)
w(299,3,11,92,92)
w(799,2,11,93,93)
w(144,1,11,94,94)
w(604,1,11,95,95)
w(741,2,11,96,96)
w(732,3,11,97,97)
w(567,2,11,98,98)
w(841,3,11,99,99)
w(905,1,12,0,0)
w(474,1,12,1,1)
w(11,2,12,2,2)
w(69,3,12,3,3)
w(482,1,12,4,4)
w(396,4,12,5,5)
r(932,0,12,6,6)
w(659,2,12,7,7)
w(536,1,12,8,8)
w(854,1,12,9,9)
w(109,1,12,10,10)
w(442,1,12,11,11)
w(449,5,12,12,12)
w(225,4,12,13,13)
w(578,1,12,14,14)
w(72,2,12,15,15)
w(645,1,12,16,16)
w(110,3,12,17,17)
w(68,1,12,18,18)
w(952,1,12,19,19)
w(738,4,12,20,20)
r(516,2,12,21,21)
w(678,1,12,22,22)
w(679,2,12,23,23)
w(694,3,12,24,24)
w(736,3,12,25,25)
w(841,4,12,26,26)
w(306,1,12,27,27)
r(532,2,12,28,28)
w(213,2,12,29,29)
w(683,2,12,30,30)
r(14,0,12,31,31)
w(756,1,12,32,32)
w(10,3,12,33,33)
w(997,2,12,34,34)
w(100,1,12,35,35)
w(292,1,12,36,36)
w(755,1,12,37,37)
w(854,2,12,38,38)
w(643,1,12,39,39)
w(859,4,12,40,40)
w(263,2,12,41,41)
w(380,2,12,42,42)
w(855,2,12,43,43)
w(921,3,12,44,44)
w(325,1,12,45,45)
w(22,2,12,46,46)
w(215,2,12,47,47)
w(553,1,12,48,48)
w(503,2,12,49,49)
w(754,3,12,50,50)
w(277,1,12,51,51)
w(258,2,12,52,52)
w(867,2,12,53,53)
w(456,2,12,54,54)
w(733,1,12,55,55)
w(758,4,12,56,56)
w(106,1,12,57,57)
r(212,1,12,58,58)
w(196,3,12,59,59)
r(830,3,12,60,60)
w(765,4,12,61,61)
w(428,2,12,62,62)
w(802,1,12,63,63)
w(719,1,12,64,64)
w(727,2,12,65,65)
w(721,2,12,66,66)
w(598,2,12,67,67)
r(233,3,12,68,68)
w(654,2,12,69,69)
w(303,2,12,70,70)
w(99,1,12,71,71)
w(993,1,12,72,72)
w(221,3,12,73,73)
w(812,4,12,74,74)
w(855,3,12,75,75)
w(182,2,12,76,76)
w(390,2,12,77,77)
w(581,1,12,78,78)
w(740,1,12,79,79)
w(658,3,12,80,80)
w(334,3,12,81,81)
w(295,1,12,82,82)
r(661,0,12,83,83)
w(546,2,12,84,84)
w(566,1,12,85,85)
w(813,3,12,86,86)
w(150,2,12,87,87)
w(265,2,12,88,88)
w(133,3,12,89,89)
w(911,3,12,90,90)
w(948,1,12,91,91)
w(499,3,12,92,92)
w(253,3,12,93,93)
w(888,3,12,94,94)
w(825,1,12,95,95)
w(187,2,12,96,96)
w(37,2,12,97,97)
w(873,1,12,98,98)
w(884,3,12,99,99)
w(127,3,13,0,0)
w(943,2,13,1,1)
w(372,1,13,2,2)
w(521,1,13,3,3)
w(628,5,13,4,4)
r(840,1,13,5,5)
w(681,1,13,6,6)
w(837,4,13,7,7)
r(833,1,13,8,8)
w(214,4,13,9,9)
w(844,3,13,10,10)
w(853,1,13,11,11)
w(408,3,13,12,12)
w(769,3,13,13,13)
w(121,3,13,14,14)
w(834,1,13,15,15)
w(838,4,13,16,16)
w(461,2,13,17,17)
w(20,2,13,18,18)
w(701,4,13,19,19)
w(566,2,13,20,20)
w(738,5,13,21,21)
r(282,2,13,22,22)
w(990,2,13,23,23)
w(99,2,13,24,24)
w(976,2,13,25,25)
w(245,1,13,26,26)
w(619,4,13,27,27)
w(682,2,13,28,28)
w(977,3,13,29,29)
r(435,1,13,30,30)
w(400,1,13,31,31)
w(914,1,13,32,32)
w(758,5,13,33,33)
w(317,1,13,34,34)
w(915,1,13,35,35)
w(434,2,13,36,36)
w(411,1,13,37,37)
w(316,3,13,38,38)
w(260,2,13,39,39)
r(541,2,13,40,40)
w(459,1,13,41,41)
w(628,6,13,42,42)
w(6,2,13,43,43)
w(588,2,13,44,44)
w(370,1,13,45,45)
w(959,2,13,46,46)
w(231,1,13,47,47)
w(751,1,13,48,48)
w(702,3,13,49,49)
w(26,2,13,50,50)
w(100,2,13,51,51)
w(432,2,13,52,52)
w(890,2,13,53,53)
w(507,2,13,54,54)
w(115,2,13,55,55)
w(926,1,13,56,56)
w(102,3,13,57,57)
w(191,2,13,58,58)
w(331,3,13,59,59)
w(851,3,13,60,60)
w(647,1,13,61,61)
w(463,3,13,62,62)
w(972,3,13,63,63)
w(345,3,13,64,64)
w(806,2,13,65,65)
w(884,4,13,66,66)
w(490,1,13,67,67)
w(656,2,13,68,68)
r(721,2,13,69,69)
w(783,3,13,70,70)
w(212,2,13,71,71)
w(745,4,13,72,72)
w(858,3,13,73,73)
w(967,2,13,74,74)
w(90,3,13,75,75)
w(793,1,13,76,76)
w(891,3,13,77,77)
w(799,3,13,78,78)
w(2,1,13,79,79)
w(141,3,13,80,80)
r(650,1,13,81,81)
w(280,2,13,82,82)
w(189,2,13,83,83)
w(242,2,13,84,84)
w(288,2,13,85,85)
w(22,3,13,86,86)
w(98,3,13,87,87)
w(156,5,13,88,88)
w(243,2,13,89,89)
w(938,1,13,90,90)
w(545,1,13,91,91)
w(389,3,13,92,92)
w(649,3,13,93,93)
w(822,1,13,94,94)
w(899,3,13,95,95)
w(610,2,13,96,96)
w(590,1,13,97,97)
w(99,3,13,98,98)
w(107,4,13,99,99)
r(670,1,14,0,0)
w(564,1,14,1,1)
w(883,1,14,2,2)
w(760,2,14,3,3)
w(746,2,14,4,4)
w(532,3,14,5,5)
w(82,1,14,6,6)
w(485,1,14,7,7)
w(483,1,14,8,8)
w(298,3,14,9,9)
w(437,3,14,10,10)
w(726,3,14,11,11)
w(285,2,14,12,12)
w(697,4,14,13,13)
w(410,1,14,14,14)
w(993,2,14,15,15)
r(276,2,14,16,16)
r(413,0,14,17,17)
r(277,1,14,18,18)
w(55,2,14,19,19)
w(671,3,14,20,20)
w(248,1,14,21,21)
r(211,1,14,22,22)
w(337,1,14,23,23)
w(247,2,14,24,24)
w(277,2,14,25,25)
w(868,2,14,26,26)
w(278,2,14,27,27)
r(207,1,14,28,28)
w(430,1,14,29,29)
w(562,1,14,30,30)
w(923,1,14,31,31)
w(569,1,14,32,32)
w(518,2,14,33,33)
w(635,4,14,34,34)
w(772,2,14,35,35)
w(884,5,14,36,36)
w(681,2,14,37,37)
w(879,1,14,38,38)
w(975,1,14,39,39)
w(772,3,14,40,40)
w(115,3,14,41,41)
w(308,3,14,42,42)
w(241,3,14,43,43)
w(946,1,14,44,44)
w(136,1,14,45,45)
w(780,1,14,46,46)
w(67,2,14,47,47)
w(168,2,14,48,48)
w(354,1,14,49,49)
w(526,3,14,50,50)
w(37,3,14,51,51)
w(669,3,14,52,52)
w(626,1,14,53,53)
w(447,1,14,54,54)
w(899,4,14,55,55)
w(443,1,14,56,56)
w(635,5,14,57,57)
w(186,1,14,58,58)
w(610,3,14,59,59)
w(510,1,14,60,60)
w(837,5,14,61,61)
w(475,3,14,62,62)
w(753,1,14,63,63)
w(382,1,14,64,64)
w(665,3,14,65,65)
r(119,1,14,66,66)
r(998,0,14,67,67)
w(999,2,14,68,68)
w(688,1,14,69,69)
w(24,1,14,70,70)
w(803,2,14,71,71)
w(205,3,14,72,72)
w(901,2,14,73,73)
w(272,1,14,74,74)
w(553,2,14,75,75)
w(145,3,14,76,76)
w(916,1,14,77,77)
w(285,3,14,78,78)
w(723,1,14,79,79)
r(286,2,14,80,80)
r(395,1,14,81,81)
w(401,1,14,82,82)
w(678,2,14,83,83)
w(548,3,14,84,84)
w(185,2,14,85,85)
w(740,2,14,86,86)
r(494,1,14,87,87)
w(449,6,14,88,88)
w(79,3,14,89,89)
w(633,3,14,90,90)
w(571,2,14,91,91)
w(190,3,14,92,92)
w(556,4,14,93,93)
w(159,4,14,94,94)
w(550,3,14,95,95)
r(257,1,14,96,96)
r(444,2,14,97,97)
w(133,4,14,98,98)
w(351,3,14,99,99)
w(257,2,15,0,0)
w(498,2,15,1,1)
w(888,4,15,2,2)
w(276,3,15,3,3)
w(748,1,15,4,4)
r(558,3,15,5,5)
w(865,1,15,6,6)
r(503,2,15,7,7)
w(668,1,15,8,8)
w(867,3,15,9,9)
w(67,3,15,10,10)
w(901,3,15,11,11)
r(265,2,15,12,12)
r(803,2,15,13,13)
r(397,0,15,14,14)
w(81,3,15,15,15)
w(160,4,15,16,16)
w(660,3,15,17,17)
w(275,5,15,18,18)
w(313,3,15,19,19)
w(401,2,15,20,20)
w(775,1,15,21,21)
w(47,1,15,22,22)
w(470,1,15,23,23)
w(152,2,15,24,24)
w(999,3,15,25,25)
w(326,3,15,26,26)
w(922,2,15,27,27)
w(988,1,15,28,28)
w(162,2,15,29,29)
r(27,0,15,30,30)
w(214,5,15,31,31)
w(8,1,15,32,32)
r(936,2,15,33,33)
w(752,4,15,34,34)
w(125,3,15,35,35)
w(737,1,15,36,36)
w(85,2,15,37,37)
r(454,0,15,38,38)
w(753,2,15,39,39)
r(853,1,15,40,40)
w(967,3,15,41,41)
w(518,3,15,42,42)
w(914,2,15,43,43)
w(613,2,15,44,44)
w(645,2,15,45,45)
w(803,3,15,46,46)
w(152,3,15,47,47)
w(361,1,15,48,48)
w(72,3,15,49,49)
w(436,2,15,50,50)
w(517,3,15,51,51)
w(800,5,15,52,52)
w(111,2,15,53,53)
w(44,2,15,54,54)
w(93,2,15,55,55)
r(10,3,15,56,56)
w(941,4,15,57,57)
w(84,2,15,58,58)
r(942,2,15,59,59)
w(803,4,15,60,60)
w(697,5,15,61,61)
w(795,3,15,62,62)
w(23,1,15,63,63)
w(134,1,15,64,64)
w(814,2,15,65,65)
w(905,2,15,66,66)
w(75,3,15,67,67)
w(299,4,15,68,68)
w(320,2,15,69,69)
w(9,1,15,70,70)
w(586,4,15,71,71)
w(848,1,15,72,72)
w(847,1,15,73,73)
w(176,4,15,74,74)
w(885,2,15,75,75)
w(424,2,15,76,76)
w(614,1,15,77,77)
w(410,2,15,78,78)
w(280,3,15,79,79)
r(789,0,15,80,80)
w(165,1,15,81,81)
w(71,2,15,82,82)
w(848,2,15,83,83)
r(836,3,15,84,84)
w(492,1,15,85,85)
w(60,1,15,86,86)
w(254,1,15,87,87)
w(514,3,15,88,88)
w(613,3,15,89,89)
w(517,4,15,90,90)
w(243,3,15,91,91)
r(530,0,15,92,92)
w(701,5,15,93,93)
w(850,2,15,94,94)
w(270,1,15,95,95)
w(414,1,15,96,96)
w(596,2,15,97,97)
w(472,4,15,98,98)
w(10,4,15,99,99)
w(710,2,16,0,0)
w(457,3,16,1,1)
w(298,4,16,2,2)
w(802,2,16,3,3)
w(818,4,16,4,4)
w(352,3,16,5,5)
w(44,3,16,6,6)
w(853,2,16,7,7)
w(391,2,16,8,8)
w(233,4,16,9,9)
w(552,1,16,10,10)
r(783,3,16,11,11)
w(277,3,16,12,12)
w(692,1,16,13,13)
w(409,1,16,14,14)
w(599,2,16,15,15)
w(4,1,16,16,16)
w(138,1,16,17,17)
w(591,3,16,18,18)
w(788,1,16,19,19)
w(482,2,16,20,20)
w(398,2,16,21,21)
w(623,3,16,22,22)
w(445,2,16,23,23)
w(703,2,16,24,24)
w(165,2,16,25,25)
w(661,1,16,26,26)
w(976,3,16,27,27)
w(888,5,16,28,28)
r(707,0,16,29,29)
w(440,1,16,30,30)
w(908,2,16,31,31)
w(501,2,16,32,32)
w(544,4,16,33,33)
w(336,1,16,34,34)
w(962,3,16,35,35)
w(996,2,16,36,36)
w(456,3,16,37,37)
w(983,1,16,38,38)
w(924,1,16,39,39)
w(218,1,16,40,40)
r(32,1,16,41,41)
w(205,4,16,42,42)
w(232,2,16,43,43)
w(5,2,16,44,44)
w(700,4,16,45,45)
w(82,2,16,46,46)
w(177,2,16,47,47)
r(381,0,16,48,48)
w(168,3,16,49,49)
w(284,2,16,50,50)
w(544,5,16,51,51)
w(493,2,16,52,52)
r(916,1,16,53,53)
w(792,1,16,54,54)
w(815,4,16,55,55)
w(726,4,16,56,56)
w(64,2,16,57,57)
r(706,0,16,58,58)
w(77,2,16,59,59)
w(57,1,16,60,60)
w(963,3,16,61,61)
w(980,1,16,62,62)
w(669,4,16,63,63)
w(47,2,16,64,64)
w(943,3,16,65,65)
w(230,1,16,66,66)
w(339,1,16,67,67)
w(320,3,16,68,68)
w(691,2,16,69,69)
w(755,2,16,70,70)
w(408,4,16,71,71)
w(737,2,16,72,72)
w(365,1,16,73,73)
w(660,4,16,74,74)
w(913,1,16,75,75)
w(546,3,16,76,76)
w(108,3,16,77,77)
w(596,3,16,78,78)
r(294,1,16,79,79)
w(325,2,16,80,80)
w(364,1,16,81,81)
w(697,6,16,82,82)
w(45,3,16,83,83)
w(842,2,16,84,84)
w(331,4,16,85,85)
w(942,3,16,86,86)
w(86,1,16,87,87)
w(795,4,16,88,88)
r(92,0,16,89,89)
r(648,4,16,90,90)
w(631,2,16,91,91)
w(842,3,16,92,92)
w(925,3,16,93,93)
w(204,4,16,94,94)
w(524,5,16,95,95)
w(693,1,16,96,96)
w(249,1,16,97,97)
w(794,1,16,98,98)
w(851,4,16,99,99)
w(723,2,17,0,0)
w(341,2,17,1,1)
w(336,2,17,2,2)
w(478,1,17,3,3)
w(648,5,17,4,4)
r(758,5,17,5,5)
w(616,1,17,6,6)
w(805,3,17,7,7)
w(740,3,17,8,8)
w(874,2,17,9,9)
w(712,1,17,10,10)
w(757,2,17,11,11)
w(876,2,17,12,12)
w(415,1,17,13,13)
w(209,3,17,14,14)
w(210,1,17,15,15)
w(269,1,17,16,16)
w(270,2,17,17,17)
r(318,1,17,18,18)
w(783,4,17,19,19)
w(291,4,17,20,20)
w(812,5,17,21,21)
w(454,1,17,22,22)
w(565,4,17,23,23)
r(114,1,17,24,24)
w(143,3,17,25,25)
w(656,3,17,26,26)
w(239,3,17,27,27)
w(318,2,17,28,28)
w(231,2,17,29,29)
w(816,1,17,30,30)
w(134,2,17,31,31)
w(950,2,17,32,32)
w(58,2,17,33,33)
w(809,2,17,34,34)
w(889,1,17,35,35)
w(361,2,17,36,36)
w(727,3,17,37,37)
w(285,4,17,38,38)
w(434,3,17,39,39)
w(278,3,17,40,40)
w(625,2,17,41,41)
w(233,5,17,42,42)
w(556,5,17,43,43)
w(23,2,17,44,44)
r(715,1,17,45,45)
w(430,2,17,46,46)
w(922,3,17,47,47)
w(545,2,17,48,48)
w(680,1,17,49,49)
w(649,4,17,50,50)
w(903,2,17,51,51)
w(579,2,17,52,52)
r(444,2,17,53,53)
w(303,3,17,54,54)
w(145,4,17,55,55)
w(838,5,17,56,56)
w(980,2,17,57,57)
w(352,4,17,58,58)
w(274,2,17,59,59)
w(883,2,17,60,60)
w(111,3,17,61,61)
r(49,0,17,62,62)
w(155,3,17,63,63)
r(287,1,17,64,64)
w(516,3,17,65,65)
w(929,2,17,66,66)
r(267,0,17,67,67)
w(607,3,17,68,68)
w(195,2,17,69,69)
w(995,1,17,70,70)
w(268,3,17,71,71)
w(556,6,17,72,72)
w(34,2,17,73,73)
r(600,1,17,74,74)
w(670,2,17,75,75)
w(997,3,17,76,76)
r(852,1,17,77,77)
r(295,1,17,78,78)
w(154,2,17,79,79)
w(221,4,17,80,80)
w(929,3,17,81,81)
w(701,6,17,82,82)
w(641,2,17,83,83)
w(5,3,17,84,84)
w(696,4,17,85,85)
w(821,1,17,86,86)
w(412,4,17,87,87)
w(670,3,17,88,88)
w(922,4,17,89,89)
w(241,4,17,90,90)
w(392,1,17,91,91)
w(122,2,17,92,92)
w(740,4,17,93,93)
w(162,3,17,94,94)
w(8,2,17,95,95)
w(831,1,17,96,96)
w(226,1,17,97,97)
w(863,3,17,98,98)
w(720,1,17,99,99)
w(408,5,18,0,0)
w(118,3,18,1,1)
r(784,0,18,2,2)
w(244,2,18,3,3)
r(514,3,18,4,4)
r(266,2,18,5,5)
w(123,2,18,6,6)
w(759,3,18,7,7)
w(407,1,18,8,8)
w(966,1,18,9,9)
r(644,1,18,10,10)
w(739,1,18,11,11)
w(553,3,18,12,12)
w(89,2,18,13,13)
w(972,4,18,14,14)
w(274,3,18,15,15)
w(156,6,18,16,16)
w(602,1,18,17,17)
w(612,2,18,18,18)
r(362,1,18,19,19)
w(629,1,18,20,20)
w(375,2,18,21,21)
w(922,5,18,22,22)
w(244,3,18,23,23)
w(188,3,18,24,24)
w(484,2,18,25,25)
w(874,3,18,26,26)
w(180,2,18,27,27)
w(164,1,18,28,28)
w(102,4,18,29,29)
w(389,4,18,30,30)
w(437,4,18,31,31)
w(414,2,18,32,32)
w(51,2,18,33,33)
w(106,2,18,34,34)
w(62,2,18,35,35)
w(228,4,18,36,36)
w(310,2,18,37,37)
w(826,2,18,38,38)
w(430,3,18,39,39)
w(645,3,18,40,40)
r(222,0,18,41,41)
w(968,4,18,42,42)
w(913,2,18,43,43)
w(144,2,18,44,44)
w(808,3,18,45,45)
w(371,4,18,46,46)
w(787,6,18,47,47)
w(557,1,18,48,48)
r(298,4,18,49,49)
w(764,2,18,50,50)
w(92,1,18,51,51)
w(903,3,18,52,52)
w(350,1,18,53,53)
w(955,2,18,54,54)
w(601,2,18,55,55)
w(246,3,18,56,56)
w(593,2,18,57,57)
w(152,4,18,58,58)
w(62,3,18,59,59)
w(891,4,18,60,60)
w(607,4,18,61,61)
w(51,3,18,62,62)
r(671,3,18,63,63)
r(238,0,18,64,64)
w(305,2,18,65,65)
w(868,3,18,66,66)
w(695,2,18,67,67)
w(761,1,18,68,68)
w(882,2,18,69,69)
w(319,3,18,70,70)
w(664,1,18,71,71)
w(435,2,18,72,72)
w(455,4,18,73,73)
w(855,4,18,74,74)
w(780,2,18,75,75)
w(936,3,18,76,76)
w(825,2,18,77,77)
w(60,2,18,78,78)
r(544,5,18,79,79)
w(60,3,18,80,80)
w(803,5,18,81,81)
r(440,1,18,82,82)
r(231,2,18,83,83)
w(862,2,18,84,84)
w(667,2,18,85,85)
w(415,2,18,86,86)
w(280,4,18,87,87)
w(977,4,18,88,88)
w(639,1,18,89,89)
w(337,2,18,90,90)
w(50,2,18,91,91)
w(370,2,18,92,92)
w(152,5,18,93,93)
w(990,3,18,94,94)
w(511,1,18,95,95)
w(339,2,18,96,96)
w(214,6,18,97,97)
w(830,4,18,98,98)
w(155,4,18,99,99)
w(390,3,19,0,0)
w(53,2,19,1,1)
w(450,3,19,2,2)
w(660,5,19,3,3)
w(997,4,19,4,4)
w(456,4,19,5,5)
w(79,4,19,6,6)
w(688,2,19,7,7)
w(45,4,19,8,8)
r(551,0,19,9,9)
w(50,3,19,10,10)
w(273,3,19,11,11)
w(209,4,19,12,12)
w(627,3,19,13,13)
r(9,1,19,14,14)
r(182,2,19,15,15)
w(800,6,19,16,16)
w(70,1,19,17,17)
w(606,2,19,18,18)
w(637,2,19,19,19)
w(751,2,19,20,20)
w(761,2,19,21,21)
w(399,2,19,22,22)
w(897,2,19,23,23)
w(341,3,19,24,24)
w(215,3,19,25,25)
w(543,4,19,26,26)
w(665,4,19,27,27)
w(361,3,19,28,28)
w(557,2,19,29,29)
w(15,2,19,30,30)
w(936,4,19,31,31)
w(311,1,19,32,32)
w(241,5,19,33,33)
w(477,1,19,34,34)
w(144,3,19,35,35)
w(824,1,19,36,36)
w(60,4,19,37,37)
w(567,3,19,38,38)
w(543,5,19,39,39)
w(983,2,19,40,40)
w(131,2,19,41,41)
w(411,2,19,42,42)
w(142,1,19,43,43)
w(882,3,19,44,44)
w(580,1,19,45,45)
w(966,2,19,46,46)
w(506,1,19,47,47)
w(382,2,19,48,48)
w(753,3,19,49,49)
w(1,2,19,50,50)
w(371,5,19,51,51)
w(540,3,19,52,52)
w(497,1,19,53,53)
w(600,2,19,54,54)
w(728,2,19,55,55)
w(12,1,19,56,56)
r(52,2,19,57,57)
w(905,3,19,58,58)
w(821,2,19,59,59)
r(670,3,19,60,60)
w(673,1,19,61,61)
w(360,3,19,62,62)
w(97,4,19,63,63)
r(193,0,19,64,64)
w(909,2,19,65,65)
w(194,2,19,66,66)
w(578,2,19,67,67)
w(111,4,19,68,68)
w(984,2,19,69,69)
w(166,1,19,70,70)
w(399,3,19,71,71)
w(669,5,19,72,72)
w(598,3,19,73,73)
w(260,3,19,74,74)
w(573,1,19,75,75)
w(756,2,19,76,76)
w(864,3,19,77,77)
w(157,2,19,78,78)
w(171,1,19,79,79)
w(897,3,19,80,80)
w(741,3,19,81,81)
w(459,2,19,82,82)
w(523,4,19,83,83)
r(701,6,19,84,84)
w(659,3,19,85,85)
w(556,7,19,86,86)
w(713,2,19,87,87)
w(67,4,19,88,88)
w(855,5,19,89,89)
w(45,5,19,90,90)
w(31,1,19,91,91)
w(77,3,19,92,92)
w(829,1,19,93,93)
w(196,4,19,94,94)
w(659,4,19,95,95)
w(19,2,19,96,96)
w(806,3,19,97,97)
w(672,3,19,98,98)
w(751,3,19,99,99)
w(322,1,20,0,0)
w(779,2,20,1,1)
w(270,3,20,2,2)
w(746,3,20,3,3)
r(730,3,20,4,4)
w(494,2,20,5,5)
w(938,2,20,6,6)
w(470,2,20,7,7)
r(180,2,20,8,8)
w(59,2,20,9,9)
w(232,3,20,10,10)
w(367,1,20,11,11)
w(673,2,20,12,12)
w(874,4,20,13,13)
w(168,4,20,14,14)
w(163,2,20,15,15)
w(221,5,20,16,16)
w(957,5,20,17,17)
w(342,1,20,18,18)
w(232,4,20,19,19)
w(442,2,20,20,20)
w(584,2,20,21,21)
w(835,2,20,22,22)
w(318,3,20,23,23)
w(641,3,20,24,24)
w(78,8,20,25,25)
w(958,4,20,26,26)
w(661,2,20,27,27)
w(377,1,20,28,28)
w(817,3,20,29,29)
w(53,3,20,30,30)
w(355,1,20,31,31)
w(877,3,20,32,32)
w(178,1,20,33,33)
w(166,2,20,34,34)
r(770,3,20,35,35)
w(727,4,20,36,36)
w(960,2,20,37,37)
r(449,6,20,38,38)
w(714,2,20,39,39)
w(657,5,20,40,40)
w(132,1,20,41,41)
w(848,3,20,42,42)
w(999,4,20,43,43)
w(235,2,20,44,44)
w(154,3,20,45,45)
w(33,2,20,46,46)
w(965,5,20,47,47)
w(865,2,20,48,48)
w(900,2,20,49,49)
w(46,1,20,50,50)
w(484,3,20,51,51)
w(643,2,20,52,52)
w(973,2,20,53,53)
w(567,4,20,54,54)
w(326,4,20,55,55)
w(491,2,20,56,56)
w(362,2,20,57,57)
w(976,4,20,58,58)
r(823,1,20,59,59)
w(170,2,20,60,60)
r(676,1,20,61,61)
w(513,3,20,62,62)
w(262,2,20,63,63)
r(517,4,20,64,64)
w(664,2,20,65,65)
w(97,5,20,66,66)
w(889,2,20,67,67)
w(851,5,20,68,68)
r(370,2,20,69,69)
w(268,4,20,70,70)
w(32,2,20,71,71)
w(470,3,20,72,72)
r(563,1,20,73,73)
w(315,2,20,74,74)
w(839,1,20,75,75)
w(679,3,20,76,76)
w(318,4,20,77,77)
w(105,5,20,78,78)
w(202,2,20,79,79)
w(446,3,20,80,80)
w(272,2,20,81,81)
r(115,3,20,82,82)
w(124,3,20,83,83)
w(264,2,20,84,84)
w(173,1,20,85,85)
w(29,4,20,86,86)
w(500,1,20,87,87)
w(720,2,20,88,88)
w(496,4,20,89,89)
w(36,2,20,90,90)
w(636,2,20,91,91)
w(140,1,20,92,92)
w(500,2,20,93,93)
w(48,3,20,94,94)
r(469,1,20,95,95)
w(758,6,20,96,96)
w(900,3,20,97,97)
w(885,3,20,98,98)
w(720,3,20,99,99)
w(136,2,21,0,0)
w(401,3,21,1,1)
w(944,1,21,2,2)
r(994,0,21,3,3)
w(619,5,21,4,4)
w(148,3,21,5,5)
r(534,0,21,6,6)
w(532,4,21,7,7)
w(523,5,21,8,8)
w(77,4,21,9,9)
w(183,2,21,10,10)
w(295,2,21,11,11)
w(40,1,21,12,12)
w(407,2,21,13,13)
w(937,4,21,14,14)
w(303,4,21,15,15)
w(713,3,21,16,16)
w(632,2,21,17,17)
w(873,2,21,18,18)
w(957,6,21,19,19)
w(588,3,21,20,20)
r(656,3,21,21,21)
w(660,6,21,22,22)
w(421,3,21,23,23)
w(499,4,21,24,24)
w(569,2,21,25,25)
w(855,6,21,26,26)
w(811,1,21,27,27)
w(417,2,21,28,28)
w(686,1,21,29,29)
w(409,2,21,30,30)
w(434,4,21,31,31)
w(921,4,21,32,32)
w(450,4,21,33,33)
w(267,1,21,34,34)
w(774,2,21,35,35)
w(213,3,21,36,36)
w(120,1,21,37,37)
w(489,4,21,38,38)
w(260,4,21,39,39)
w(15,3,21,40,40)
w(733,2,21,41,41)
r(815,4,21,42,42)
w(762,1,21,43,43)
w(983,3,21,44,44)
w(900,4,21,45,45)
w(65,6,21,46,46)
w(103,1,21,47,47)
w(475,4,21,48,48)
w(599,3,21,49,49)
w(118,4,21,50,50)
w(938,3,21,51,51)
w(725,2,21,52,52)
w(751,4,21,53,53)
w(461,3,21,54,54)
w(138,2,21,55,55)
w(971,2,21,56,56)
w(601,3,21,57,57)
w(419,4,21,58,58)
w(198,1,21,59,59)
w(947,1,21,60,60)
w(982,2,21,61,61)
w(69,4,21,62,62)
w(714,3,21,63,63)
w(866,1,21,64,64)
w(336,3,21,65,65)
w(849,1,21,66,66)
w(347,1,21,67,67)
w(412,5,21,68,68)
w(329,1,21,69,69)
w(995,2,21,70,70)
w(268,5,21,71,71)
w(834,2,21,72,72)
w(323,2,21,73,73)
r(291,4,21,74,74)
w(176,5,21,75,75)
w(855,7,21,76,76)
w(90,4,21,77,77)
w(21,3,21,78,78)
w(709,2,21,79,79)
w(210,2,21,80,80)
r(476,0,21,81,81)
w(915,2,21,82,82)
w(788,2,21,83,83)
w(433,1,21,84,84)
r(117,2,21,85,85)
r(781,2,21,86,86)
w(236,2,21,87,87)
w(869,3,21,88,88)
w(474,2,21,89,89)
w(292,2,21,90,90)
w(925,4,21,91,91)
w(689,3,21,92,92)
r(187,2,21,93,93)
r(88,2,21,94,94)
w(292,3,21,95,95)
w(161,1,21,96,96)
w(74,2,21,97,97)
w(122,3,21,98,98)
r(579,2,21,99,99)
w(647,2,22,0,0)
w(848,4,22,1,1)
r(575,0,22,2,2)
w(254,2,22,3,3)
w(158,1,22,4,4)
w(425,1,22,5,5)
w(417,3,22,6,6)
r(29,4,22,7,7)
w(978,1,22,8,8)
w(69,5,22,9,9)
w(620,2,22,10,10)
w(566,3,22,11,11)
w(624,3,22,12,12)
w(481,2,22,13,13)
w(341,4,22,14,14)
w(497,2,22,15,15)
w(877,4,22,16,16)
w(245,2,22,17,17)
w(461,4,22,18,18)
w(629,2,22,19,19)
w(719,2,22,20,20)
w(494,3,22,21,21)
w(128,1,22,22,22)
w(399,4,22,23,23)
r(742,2,22,24,24)
r(644,1,22,25,25)
w(547,3,22,26,26)
w(362,3,22,27,27)
w(158,2,22,28,28)
w(113,2,22,29,29)
w(840,2,22,30,30)
w(507,3,22,31,31)
w(139,3,22,32,32)
w(898,1,22,33,33)
w(166,3,22,34,34)
r(697,6,22,35,35)
r(763,1,22,36,36)
w(211,2,22,37,37)
w(574,1,22,38,38)
w(404,2,22,39,39)
r(308,3,22,40,40)
w(974,5,22,41,41)
w(117,3,22,42,42)
w(604,2,22,43,43)
w(474,3,22,44,44)
w(813,4,22,45,45)
w(954,1,22,46,46)
w(336,4,22,47,47)
w(449,7,22,48,48)
r(41,1,22,49,49)
w(527,1,22,50,50)
w(795,5,22,51,51)
w(277,4,22,52,52)
r(277,4,22,53,53)
w(331,5,22,54,54)
w(153,1,22,55,55)
w(478,2,22,56,56)
w(500,3,22,57,57)
w(451,1,22,58,58)
r(434,4,22,59,59)
w(41,2,22,60,60)
w(703,3,22,61,61)
w(103,2,22,62,62)
r(905,3,22,63,63)
w(889,3,22,64,64)
w(208,3,22,65,65)
w(701,7,22,66,66)
w(578,3,22,67,67)
w(897,4,22,68,68)
w(274,4,22,69,69)
w(210,3,22,70,70)
w(677,1,22,71,71)
r(628,6,22,72,72)
w(273,4,22,73,73)
w(439,3,22,74,74)
w(64,3,22,75,75)
w(449,8,22,76,76)
w(491,3,22,77,77)
w(866,2,22,78,78)
w(897,5,22,79,79)
r(589,2,22,80,80)
w(977,5,22,81,81)
r(952,1,22,82,82)
w(821,3,22,83,83)
w(103,3,22,84,84)
w(769,4,22,85,85)
w(147,3,22,86,86)
w(110,4,22,87,87)
w(486,3,22,88,88)
w(534,1,22,89,89)
w(981,1,22,90,90)
w(568,2,22,91,91)
w(414,3,22,92,92)
w(936,5,22,93,93)
w(493,3,22,94,94)
w(294,2,22,95,95)
r(53,3,22,96,96)
w(671,4,22,97,97)
r(185,2,22,98,98)
w(648,6,22,99,99)
w(345,4,23,0,0)
w(695,3,23,1,1)
w(314,2,23,2,2)
w(595,1,23,3,3)
w(37,4,23,4,4)
w(709,3,23,5,5)
w(120,2,23,6,6)
w(704,2,23,7,7)
w(960,3,23,8,8)
w(928,4,23,9,9)
w(452,2,23,10,10)
w(613,4,23,11,11)
w(825,3,23,12,12)
w(187,3,23,13,13)
w(698,2,23,14,14)
w(917,2,23,15,15)
w(187,4,23,16,16)
w(829,2,23,17,17)
r(384,2,23,18,18)
w(502,3,23,19,19)
r(655,0,23,20,20)
w(873,3,23,21,21)
w(941,5,23,22,22)
w(6,3,23,23,23)
w(283,2,23,24,24)
w(573,2,23,25,25)
w(232,5,23,26,26)
w(286,3,23,27,27)
w(392,2,23,28,28)
w(225,5,23,29,29)
w(627,4,23,30,30)
w(533,4,23,31,31)
w(184,2,23,32,32)
w(847,2,23,33,33)
w(983,4,23,34,34)
w(525,2,23,35,35)
w(273,5,23,36,36)
w(660,7,23,37,37)
w(361,4,23,38,38)
w(807,1,23,39,39)
w(23,3,23,40,40)
w(825,4,23,41,41)
w(429,4,23,42,42)
w(329,2,23,43,43)
w(663,5,23,44,44)
w(986,2,23,45,45)
w(132,2,23,46,46)
w(910,3,23,47,47)
w(5,4,23,48,48)
w(360,4,23,49,49)
w(42,1,23,50,50)
w(614,2,23,51,51)
w(832,2,23,52,52)
w(909,3,23,53,53)
w(246,4,23,54,54)
r(587,1,23,55,55)
w(719,3,23,56,56)
w(234,1,23,57,57)
w(264,3,23,58,58)
w(587,2,23,59,59)
w(237,1,23,60,60)
w(663,6,23,61,61)
w(998,1,23,62,62)
w(760,3,23,63,63)
w(698,3,23,64,64)
w(888,6,23,65,65)
w(201,1,23,66,66)
w(121,4,23,67,67)
w(969,1,23,68,68)
w(864,4,23,69,69)
w(361,5,23,70,70)
w(121,5,23,71,71)
w(894,3,23,72,72)
w(23,4,23,73,73)
w(232,6,23,74,74)
r(939,0,23,75,75)
r(652,2,23,76,76)
w(898,2,23,77,77)
w(932,1,23,78,78)
w(550,4,23,79,79)
w(748,2,23,80,80)
w(217,3,23,81,81)
w(189,3,23,82,82)
w(266,3,23,83,83)
w(333,1,23,84,84)
w(602,2,23,85,85)
w(588,4,23,86,86)
w(386,2,23,87,87)
w(699,1,23,88,88)
w(332,1,23,89,89)
w(835,3,23,90,90)
w(328,2,23,91,91)
w(57,2,23,92,92)
w(66,4,23,93,93)
w(16,2,23,94,94)
w(354,2,23,95,95)
w(138,3,23,96,96)
w(125,4,23,97,97)
r(737,2,23,98,98)
w(228,5,23,99,99)
w(999,5,24,0,0)
w(785,4,24,1,1)
w(74,3,24,2,2)
w(786,1,24,3,3)
w(583,2,24,4,4)
w(947,2,24,5,5)
w(829,3,24,6,6)
w(68,2,24,7,7)
w(83,2,24,8,8)
w(994,1,24,9,9)
w(225,6,24,10,10)
w(657,6,24,11,11)
w(69,6,24,12,12)
w(13,3,24,13,13)
w(73,6,24,14,14)
w(554,2,24,15,15)
w(48,4,24,16,16)
w(273,6,24,17,17)
w(400,2,24,18,18)
w(964,1,24,19,19)
w(222,1,24,20,20)
w(739,2,24,21,21)
w(960,4,24,22,22)
w(407,3,24,23,23)
w(451,2,24,24,24)
w(100,3,24,25,25)
w(396,5,24,26,26)
w(866,3,24,27,27)
w(427,3,24,28,28)
w(980,3,24,29,29)
w(80,3,24,30,30)
w(659,5,24,31,31)
w(6,4,24,32,32)
r(220,1,24,33,33)
w(271,2,24,34,34)
w(685,4,24,35,35)
w(734,1,24,36,36)
w(588,5,24,37,37)
w(22,4,24,38,38)
w(3,1,24,39,39)
w(65,7,24,40,40)
w(632,3,24,41,41)
w(202,3,24,42,42)
w(225,7,24,43,43)
w(522,2,24,44,44)
w(965,6,24,45,45)
w(964,2,24,46,46)
w(751,5,24,47,47)
w(274,5,24,48,48)
w(749,1,24,49,49)
w(423,1,24,50,50)
w(551,1,24,51,51)
w(542,1,24,52,52)
w(946,2,24,53,53)
w(208,4,24,54,54)
w(134,3,24,55,55)
w(817,4,24,56,56)
w(101,2,24,57,57)
w(590,2,24,58,58)
w(686,2,24,59,59)
w(782,2,24,60,60)
w(719,4,24,61,61)
w(899,5,24,62,62)
w(648,7,24,63,63)
w(92,2,24,64,64)
w(819,1,24,65,65)
w(704,3,24,66,66)
w(128,2,24,67,67)
w(715,2,24,68,68)
w(925,5,24,69,69)
w(343,2,24,70,70)
w(539,3,24,71,71)
w(839,2,24,72,72)
w(681,3,24,73,73)
w(411,3,24,74,74)
w(953,1,24,75,75)
w(318,5,24,76,76)
w(164,2,24,77,77)
w(287,2,24,78,78)
w(58,3,24,79,79)
w(47,3,24,80,80)
w(874,5,24,81,81)
w(270,4,24,82,82)
w(956,3,24,83,83)
w(0,2,24,84,84)
w(729,2,24,85,85)
w(184,3,24,86,86)
w(76,1,24,87,87)
w(5,5,24,88,88)
w(765,5,24,89,89)
r(92,2,24,90,90)
w(784,1,24,91,91)
w(417,4,24,92,92)
w(537,2,24,93,93)
w(292,4,24,94,94)
w(567,5,24,95,95)
w(428,3,24,96,96)
w(955,3,24,97,97)
w(222,2,24,98,98)
w(282,3,24,99,99)
w(300,1,25,0,0)
w(420,2,25,1,1)
w(433,2,25,2,2)
w(352,5,25,3,3)
w(69,7,25,4,4)
w(865,3,25,5,5)
w(66,5,25,6,6)
w(402,2,25,7,7)
w(498,3,25,8,8)
r(57,2,25,9,9)
w(672,4,25,10,10)
w(272,3,25,11,11)
r(561,2,25,12,12)
w(365,2,25,13,13)
w(593,3,25,14,14)
w(650,2,25,15,15)
w(703,4,25,16,16)
w(637,3,25,17,17)
w(977,6,25,18,18)
w(638,1,25,19,19)
w(160,5,25,20,20)
w(656,4,25,21,21)
w(829,4,25,22,22)
w(840,3,25,23,23)
w(409,3,25,24,24)
w(449,9,25,25,25)
w(605,2,25,26,26)
w(769,5,25,27,27)
w(203,2,25,28,28)
r(336,4,25,29,29)
w(118,5,25,30,30)
w(349,1,25,31,31)
w(896,3,25,32,32)
w(39,3,25,33,33)
w(226,2,25,34,34)
w(958,5,25,35,35)
w(372,2,25,36,36)
w(193,1,25,37,37)
w(577,3,25,38,38)
w(397,1,25,39,39)
w(48,5,25,40,40)
w(455,5,25,41,41)
w(726,5,25,42,42)
w(684,1,25,43,43)
w(975,2,25,44,44)
w(90,5,25,45,45)
w(252,2,25,46,46)
r(414,3,25,47,47)
w(898,3,25,48,48)
w(369,2,25,49,49)
w(15,4,25,50,50)
w(436,3,25,51,51)
w(103,4,25,52,52)
w(204,5,25,53,53)
r(244,3,25,54,54)
w(469,2,25,55,55)
w(689,4,25,56,56)
w(749,2,25,57,57)
w(38,1,25,58,58)
w(974,6,25,59,59)
w(59,3,25,60,60)
w(561,3,25,61,61)
w(485,2,25,62,62)
w(931,1,25,63,63)
w(764,3,25,64,64)
w(791,3,25,65,65)
w(839,3,25,66,66)
w(340,3,25,67,67)
w(229,3,25,68,68)
w(894,4,25,69,69)
w(804,3,25,70,70)
w(370,3,25,71,71)
w(436,4,25,72,72)
w(225,8,25,73,73)
w(598,4,25,74,74)
w(555,1,25,75,75)
w(655,1,25,76,76)
w(107,5,25,77,77)
w(929,4,25,78,78)
w(168,5,25,79,79)
w(804,4,25,80,80)
w(995,3,25,81,81)
w(176,6,25,82,82)
r(463,3,25,83,83)
w(599,4,25,84,84)
w(794,2,25,85,85)
w(30,1,25,86,86)
w(220,2,25,87,87)
w(655,2,25,88,88)
w(571,3,25,89,89)
w(779,3,25,90,90)
w(297,1,25,91,91)
w(623,4,25,92,92)
w(739,3,25,93,93)
w(268,6,25,94,94)
w(246,5,25,95,95)
w(116,3,25,96,96)
w(380,3,25,97,97)
w(149,3,25,98,98)
w(817,5,25,99,99)
w(529,2,26,0,0)
w(927,5,26,1,1)
w(19,3,26,2,2)
w(648,8,26,3,3)
w(562,2,26,4,4)
w(142,2,26,5,5)
w(737,3,26,6,6)
w(457,4,26,7,7)
w(407,4,26,8,8)
w(355,2,26,9,9)
w(464,1,26,10,10)
w(911,4,26,11,11)
w(382,3,26,12,12)
w(77,5,26,13,13)
w(534,2,26,14,14)
w(869,4,26,15,15)
w(407,5,26,16,16)
w(589,3,26,17,17)
w(381,1,26,18,18)
w(790,1,26,19,19)
w(952,2,26,20,20)
w(740,5,26,21,21)
w(82,3,26,22,22)
r(491,3,26,23,23)
w(8,3,26,24,24)
w(446,4,26,25,25)
r(706,0,26,26,26)
w(368,1,26,27,27)
w(885,4,26,28,28)
w(894,5,26,29,29)
w(163,3,26,30,30)
w(35,3,26,31,31)
w(390,4,26,32,32)
r(659,5,26,33,33)
w(308,4,26,34,34)
r(369,2,26,35,35)
r(750,1,26,36,36)
w(478,3,26,37,37)
w(391,3,26,38,38)
w(613,5,26,39,39)
w(571,4,26,40,40)
w(285,5,26,41,41)
w(321,4,26,42,42)
w(709,4,26,43,43)
r(825,4,26,44,44)
w(837,6,26,45,45)
w(545,3,26,46,46)
w(273,7,26,47,47)
w(249,2,26,48,48)
w(866,4,26,49,49)
w(960,5,26,50,50)
r(358,1,26,51,51)
w(34,3,26,52,52)
w(226,3,26,53,53)
w(409,4,26,54,54)
w(403,3,26,55,55)
w(754,4,26,56,56)
w(446,5,26,57,57)
w(464,2,26,58,58)
w(710,3,26,59,59)
w(843,2,26,60,60)
w(852,2,26,61,61)
w(862,3,26,62,62)
w(133,5,26,63,63)
w(835,4,26,64,64)
w(769,6,26,65,65)
w(620,3,26,66,66)
w(729,3,26,67,67)
r(762,1,26,68,68)
w(239,4,26,69,69)
w(296,1,26,70,70)
w(122,4,26,71,71)
w(728,3,26,72,72)
w(834,3,26,73,73)
w(137,1,26,74,74)
w(711,2,26,75,75)
w(290,4,26,76,76)
w(560,2,26,77,77)
w(14,1,26,78,78)
w(443,2,26,79,79)
w(144,4,26,80,80)
w(169,1,26,81,81)
w(721,3,26,82,82)
w(55,3,26,83,83)
w(303,5,26,84,84)
w(114,2,26,85,85)
w(191,3,26,86,86)
w(123,3,26,87,87)
w(659,6,26,88,88)
w(690,5,26,89,89)
r(316,3,26,90,90)
w(764,4,26,91,91)
w(243,4,26,92,92)
r(14,1,26,93,93)
w(158,3,26,94,94)
w(645,4,26,95,95)
w(332,2,26,96,96)
w(827,2,26,97,97)
r(753,3,26,98,98)
w(203,3,26,99,99)
w(912,3,27,0,0)
w(693,2,27,1,1)
w(150,3,27,2,2)
w(317,2,27,3,3)
w(757,3,27,4,4)
w(601,4,27,5,5)
w(736,4,27,6,6)
w(474,4,27,7,7)
w(251,3,27,8,8)
w(227,3,27,9,9)
w(32,3,27,10,10)
r(600,2,27,11,11)
w(67,5,27,12,12)
r(160,5,27,13,13)
r(513,3,27,14,14)
w(323,3,27,15,15)
w(432,3,27,16,16)
w(580,2,27,17,17)
w(875,1,27,18,18)
w(362,4,27,19,19)
w(812,6,27,20,20)
w(527,2,27,21,21)
w(337,3,27,22,22)
w(395,2,27,23,23)
w(155,5,27,24,24)
w(1,3,27,25,25)
w(301,3,27,26,26)
w(430,4,27,27,27)
r(292,4,27,28,28)
w(724,1,27,29,29)
r(798,1,27,30,30)
w(251,4,27,31,31)
w(120,3,27,32,32)
w(330,2,27,33,33)
w(633,4,27,34,34)
w(487,4,27,35,35)
w(40,2,27,36,36)
w(55,4,27,37,37)
w(331,6,27,38,38)
w(479,4,27,39,39)
w(247,3,27,40,40)
w(244,4,27,41,41)
w(397,2,27,42,42)
w(553,4,27,43,43)
w(348,2,27,44,44)
w(192,1,27,45,45)
w(907,1,27,46,46)
w(821,4,27,47,47)
w(793,2,27,48,48)
w(394,4,27,49,49)
w(596,4,27,50,50)
w(353,3,27,51,51)
w(421,4,27,52,52)
w(159,5,27,53,53)
w(632,4,27,54,54)
r(718,2,27,55,55)
w(777,2,27,56,56)
w(656,5,27,57,57)
w(41,3,27,58,58)
w(192,2,27,59,59)
w(613,6,27,60,60)
w(584,3,27,61,61)
w(682,3,27,62,62)
w(406,1,27,63,63)
w(602,3,27,64,64)
w(17,2,27,65,65)
w(482,3,27,66,66)
w(236,3,27,67,67)
w(603,1,27,68,68)
w(124,4,27,69,69)
w(410,3,27,70,70)
w(473,1,27,71,71)
w(827,3,27,72,72)
r(93,2,27,73,73)
w(585,2,27,74,74)
w(459,3,27,75,75)
w(856,1,27,76,76)
w(323,4,27,77,77)
r(892,2,27,78,78)
w(846,3,27,79,79)
w(390,5,27,80,80)
w(630,1,27,81,81)
r(101,2,27,82,82)
w(926,2,27,83,83)
w(539,4,27,84,84)
w(283,3,27,85,85)
w(652,3,27,86,86)
w(778,2,27,87,87)
w(404,3,27,88,88)
w(513,4,27,89,89)
w(591,4,27,90,90)
w(659,7,27,91,91)
w(615,2,27,92,92)
w(746,4,27,93,93)
w(863,4,27,94,94)
w(222,3,27,95,95)
w(765,6,27,96,96)
w(249,3,27,97,97)
w(361,6,27,98,98)
w(750,2,27,99,99)
r(407,5,28,0,0)
w(156,7,28,1,1)
w(996,3,28,2,2)
w(497,3,28,3,3)
w(832,3,28,4,4)
w(448,3,28,5,5)
w(412,6,28,6,6)
w(297,2,28,7,7)
w(551,2,28,8,8)
w(581,2,28,9,9)
w(56,2,28,10,10)
w(62,4,28,11,11)
w(923,2,28,12,12)
w(856,2,28,13,13)
w(359,3,28,14,14)
w(941,6,28,15,15)
r(129,0,28,16,16)
w(797,4,28,17,17)
w(425,2,28,18,18)
w(798,2,28,19,19)
r(674,1,28,20,20)
r(973,2,28,21,21)
w(969,2,28,22,22)
w(522,3,28,23,23)
w(425,3,28,24,24)
w(15,5,28,25,25)
w(121,6,28,26,26)
w(446,6,28,27,27)
w(990,4,28,28,28)
w(641,4,28,29,29)
w(43,1,28,30,30)
w(61,5,28,31,31)
w(257,3,28,32,32)
w(148,4,28,33,33)
r(946,2,28,34,34)
w(292,5,28,35,35)
w(381,2,28,36,36)
w(259,3,28,37,37)
w(739,4,28,38,38)
w(593,4,28,39,39)
w(196,5,28,40,40)
w(306,2,28,41,41)
w(160,6,28,42,42)
w(895,1,28,43,43)
w(882,4,28,44,44)
w(992,2,28,45,45)
w(227,4,28,46,46)
w(907,2,28,47,47)
w(572,3,28,48,48)
w(480,3,28,49,49)
w(689,5,28,50,50)
w(901,4,28,51,51)
w(25,3,28,52,52)
r(280,4,28,53,53)
w(218,2,28,54,54)
w(218,3,28,55,55)
w(134,4,28,56,56)
w(32,4,28,57,57)
w(991,5,28,58,58)
w(621,3,28,59,59)
w(199,4,28,60,60)
w(375,3,28,61,61)
w(787,7,28,62,62)
w(338,1,28,63,63)
w(480,4,28,64,64)
w(618,3,28,65,65)
w(871,1,28,66,66)
w(82,4,28,67,67)
w(193,2,28,68,68)
w(815,5,28,69,69)
w(863,5,28,70,70)
w(607,5,28,71,71)
w(599,5,28,72,72)
w(98,4,28,73,73)
w(606,3,28,74,74)
w(362,5,28,75,75)
w(315,3,28,76,76)
w(59,4,28,77,77)
w(4,2,28,78,78)
w(137,2,28,79,79)
w(683,3,28,80,80)
w(272,4,28,81,81)
w(769,7,28,82,82)
w(478,4,28,83,83)
w(775,2,28,84,84)
w(498,4,28,85,85)
w(985,2,28,86,86)
w(259,4,28,87,87)
w(672,5,28,88,88)
w(674,2,28,89,89)
w(16,3,28,90,90)
w(856,3,28,91,91)
w(868,4,28,92,92)
w(557,3,28,93,93)
w(582,4,28,94,94)
w(171,2,28,95,95)
w(676,2,28,96,96)
w(943,4,28,97,97)
w(507,4,28,98,98)
w(585,3,28,99,99)
w(699,2,29,0,0)
w(257,4,29,1,1)
w(754,5,29,2,2)
w(477,2,29,3,3)
w(237,2,29,4,4)
w(224,2,29,5,5)
w(73,7,29,6,6)
w(87,4,29,7,7)
w(646,2,29,8,8)
w(700,5,29,9,9)
w(158,4,29,10,10)
w(1,4,29,11,11)
r(1,4,29,12,12)
r(998,1,29,13,13)
r(515,2,29,14,14)
w(728,4,29,15,15)
w(5,6,29,16,16)
w(416,3,29,17,17)
w(233,6,29,18,18)
w(987,1,29,19,19)
w(999,6,29,20,20)
w(717,3,29,21,21)
r(632,4,29,22,22)
w(588,6,29,23,23)
r(448,3,29,24,24)
w(768,3,29,25,25)
w(271,3,29,26,26)
w(309,1,29,27,27)
r(961,1,29,28,28)
w(841,5,29,29,29)
w(451,3,29,30,30)
w(311,2,29,31,31)
w(439,4,29,32,32)
w(555,2,29,33,33)
w(138,4,29,34,34)
w(753,4,29,35,35)
w(347,2,29,36,36)
w(93,3,29,37,37)
r(213,3,29,38,38)
w(508,1,29,39,39)
w(667,3,29,40,40)
w(19,4,29,41,41)
w(209,5,29,42,42)
w(934,3,29,43,43)
w(135,1,29,44,44)
w(90,6,29,45,45)
w(678,3,29,46,46)
w(11,3,29,47,47)
w(358,2,29,48,48)
w(376,1,29,49,49)
w(890,3,29,50,50)
w(402,3,29,51,51)
w(727,5,29,52,52)
w(162,4,29,53,53)
w(710,4,29,54,54)
w(697,7,29,55,55)
w(890,4,29,56,56)
r(476,0,29,57,57)
w(101,3,29,58,58)
w(323,5,29,59,59)
w(422,2,29,60,60)
r(855,7,29,61,61)
w(932,2,29,62,62)
w(81,4,29,63,63)
w(748,3,29,64,64)
w(175,2,29,65,65)
w(211,3,29,66,66)
w(886,2,29,67,67)
w(944,2,29,68,68)
w(685,5,29,69,69)
w(5,7,29,70,70)
w(863,6,29,71,71)
w(889,4,29,72,72)
w(880,2,29,73,73)
w(707,1,29,74,74)
w(712,2,29,75,75)
w(481,3,29,76,76)
w(750,3,29,77,77)
w(917,3,29,78,78)
w(446,7,29,79,79)
w(421,5,29,80,80)
w(311,3,29,81,81)
w(803,6,29,82,82)
w(481,4,29,83,83)
w(309,2,29,84,84)
w(357,4,29,85,85)
w(230,2,29,86,86)
w(442,3,29,87,87)
r(39,3,29,88,88)
w(409,5,29,89,89)
w(977,7,29,90,90)
w(830,5,29,91,91)
r(769,7,29,92,92)
w(551,3,29,93,93)
w(241,6,29,94,94)
r(30,1,29,95,95)
w(505,2,29,96,96)
w(531,1,29,97,97)
w(260,5,29,98,98)
w(8,4,29,99,99)
w(793,3,30,0,0)
w(746,5,30,1,1)
w(807,2,30,2,2)
w(728,5,30,3,3)
w(801,2,30,4,4)
r(124,4,30,5,5)
w(457,5,30,6,6)
w(722,1,30,7,7)
w(293,2,30,8,8)
w(44,4,30,9,9)
w(52,3,30,10,10)
w(961,2,30,11,11)
w(168,6,30,12,12)
w(757,4,30,13,13)
w(160,7,30,14,14)
w(238,1,30,15,15)
w(725,3,30,16,16)
w(82,5,30,17,17)
w(173,2,30,18,18)
w(533,5,30,19,19)
r(261,1,30,20,20)
w(467,3,30,21,21)
w(547,4,30,22,22)
w(203,4,30,23,23)
w(671,5,30,24,24)
r(304,0,30,25,25)
w(341,5,30,26,26)
w(619,6,30,27,27)
w(648,9,30,28,28)
w(87,5,30,29,29)
w(643,3,30,30,30)
w(567,6,30,31,31)
w(912,4,30,32,32)
w(870,2,30,33,33)
w(59,5,30,34,34)
r(305,2,30,35,35)
w(548,4,30,36,36)
w(976,5,30,37,37)
w(97,6,30,38,38)
w(795,6,30,39,39)
w(91,1,30,40,40)
w(672,6,30,41,41)
w(427,4,30,42,42)
w(329,3,30,43,43)
w(713,4,30,44,44)
w(156,8,30,45,45)
w(247,4,30,46,46)
w(553,5,30,47,47)
w(182,3,30,48,48)
w(695,4,30,49,49)
w(412,7,30,50,50)
w(712,3,30,51,51)
r(254,2,30,52,52)
w(979,6,30,53,53)
w(544,6,30,54,54)
w(28,2,30,55,55)
r(376,1,30,56,56)
w(645,5,30,57,57)
w(854,3,30,58,58)
w(210,4,30,59,59)
w(682,4,30,60,60)
w(855,8,30,61,61)
w(10,5,30,62,62)
w(825,5,30,63,63)
w(457,6,30,64,64)
w(535,3,30,65,65)
w(933,2,30,66,66)
w(844,4,30,67,67)
w(451,4,30,68,68)
r(563,1,30,69,69)
w(477,3,30,70,70)
w(16,4,30,71,71)
w(704,4,30,72,72)
w(487,5,30,73,73)
w(352,6,30,74,74)
w(731,2,30,75,75)
w(28,3,30,76,76)
w(71,3,30,77,77)
w(927,6,30,78,78)
w(442,4,30,79,79)
w(354,3,30,80,80)
w(826,3,30,81,81)
r(429,4,30,82,82)
w(362,6,30,83,83)
w(624,4,30,84,84)
w(635,6,30,85,85)
w(417,5,30,86,86)
w(152,6,30,87,87)
w(728,6,30,88,88)
w(826,4,30,89,89)
w(221,6,30,90,90)
w(744,2,30,91,91)
w(21,4,30,92,92)
w(329,4,30,93,93)
w(579,3,30,94,94)
w(559,2,30,95,95)
w(115,4,30,96,96)
w(803,7,30,97,97)
w(364,2,30,98,98)
w(752,5,30,99,99)
w(760,4,31,0,0)
w(813,5,31,1,1)
w(637,4,31,2,2)
w(116,4,31,3,3)
w(700,6,31,4,4)
w(757,5,31,5,5)
w(146,3,31,6,6)
w(790,2,31,7,7)
w(628,7,31,8,8)
w(927,7,31,9,9)
w(354,4,31,10,10)
w(398,3,31,11,11)
w(515,3,31,12,12)
w(102,5,31,13,13)
r(648,9,31,14,14)
w(37,5,31,15,15)
w(490,2,31,16,16)
w(18,1,31,17,17)
w(290,5,31,18,18)
w(239,5,31,19,19)
r(264,3,31,20,20)
w(148,5,31,21,21)
r(173,2,31,22,22)
w(548,5,31,23,23)
r(768,3,31,24,24)
w(393,2,31,25,25)
w(942,4,31,26,26)
w(794,3,31,27,27)
w(861,3,31,28,28)
w(162,5,31,29,29)
w(892,3,31,30,30)
w(572,4,31,31,31)
w(83,3,31,32,32)
w(645,6,31,33,33)
r(299,4,31,34,34)
w(788,3,31,35,35)
r(747,0,31,36,36)
w(568,3,31,37,37)
w(175,3,31,38,38)
w(874,6,31,39,39)
w(410,4,31,40,40)
w(122,5,31,41,41)
w(701,8,31,42,42)
w(689,6,31,43,43)
w(764,5,31,44,44)
w(488,1,31,45,45)
w(175,4,31,46,46)
w(854,4,31,47,47)
w(125,5,31,48,48)
w(160,8,31,49,49)
w(591,5,31,50,50)
w(836,4,31,51,51)
w(214,7,31,52,52)
w(40,3,31,53,53)
w(989,4,31,54,54)
w(985,3,31,55,55)
w(640,1,31,56,56)
w(708,2,31,57,57)
r(143,3,31,58,58)
w(804,5,31,59,59)
w(397,3,31,60,60)
w(403,4,31,61,61)
w(129,1,31,62,62)
r(2,1,31,63,63)
w(271,4,31,64,64)
r(347,2,31,65,65)
w(662,1,31,66,66)
r(287,2,31,67,67)
w(720,4,31,68,68)
w(639,2,31,69,69)
w(31,2,31,70,70)
w(71,4,31,71,71)
w(165,3,31,72,72)
w(929,5,31,73,73)
w(184,4,31,74,74)
w(738,6,31,75,75)
w(844,5,31,76,76)
w(398,4,31,77,77)
w(64,4,31,78,78)
w(610,4,31,79,79)
w(563,2,31,80,80)
w(938,4,31,81,81)
w(187,5,31,82,82)
w(391,4,31,83,83)
w(107,6,31,84,84)
w(308,5,31,85,85)
w(580,3,31,86,86)
w(375,4,31,87,87)
r(998,1,31,88,88)
w(782,3,31,89,89)
w(44,5,31,90,90)
r(606,3,31,91,91)
w(864,5,31,92,92)
w(183,3,31,93,93)
w(754,6,31,94,94)
w(964,3,31,95,95)
w(882,5,31,96,96)
w(5,8,31,97,97)
w(130,2,31,98,98)
w(410,5,31,99,99)
r(529,2,32,0,0)
w(191,4,32,1,1)
w(606,4,32,2,2)
w(100,4,32,3,3)
w(407,6,32,4,4)
w(474,5,32,5,5)
w(649,5,32,6,6)
w(302,1,32,7,7)
w(627,5,32,8,8)
w(963,4,32,9,9)
r(958,5,32,10,10)
w(278,4,32,11,11)
w(581,3,32,12,12)
r(366,0,32,13,13)
w(256,1,32,14,14)
w(163,4,32,15,15)
w(717,4,32,16,16)
r(944,2,32,17,17)
w(241,7,32,18,18)
r(391,4,32,19,19)
w(372,3,32,20,20)
w(793,4,32,21,21)
w(21,5,32,22,22)
w(239,6,32,23,23)
w(767,3,32,24,24)
w(102,6,32,25,25)
w(583,3,32,26,26)
w(535,4,32,27,27)
w(780,3,32,28,28)
w(401,4,32,29,29)
w(872,1,32,30,30)
r(103,4,32,31,31)
w(638,2,32,32,32)
w(43,2,32,33,33)
w(824,2,32,34,34)
r(621,3,32,35,35)
w(984,3,32,36,36)
w(590,3,32,37,37)
r(239,6,32,38,38)
w(111,5,32,39,39)
w(747,1,32,40,40)
w(867,4,32,41,41)
w(365,3,32,42,42)
w(773,2,32,43,43)
w(968,5,32,44,44)
w(18,2,32,45,45)
w(468,3,32,46,46)
r(185,2,32,47,47)
r(781,2,32,48,48)
w(422,3,32,49,49)
w(575,1,32,50,50)
w(623,5,32,51,51)
w(828,3,32,52,52)
r(25,3,32,53,53)
w(6,5,32,54,54)
w(497,4,32,55,55)
w(932,3,32,56,56)
w(294,3,32,57,57)
w(9,2,32,58,58)
w(602,4,32,59,59)
r(677,1,32,60,60)
w(438,4,32,61,61)
w(276,4,32,62,62)
w(611,2,32,63,63)
r(57,2,32,64,64)
w(161,2,32,65,65)
w(439,5,32,66,66)
w(218,4,32,67,67)
w(195,3,32,68,68)
w(839,4,32,69,69)
w(873,4,32,70,70)
w(98,5,32,71,71)
w(601,5,32,72,72)
w(267,2,32,73,73)
w(287,3,32,74,74)
w(183,4,32,75,75)
w(253,4,32,76,76)
w(506,2,32,77,77)
w(50,4,32,78,78)
w(537,3,32,79,79)
w(529,3,32,80,80)
w(538,2,32,81,81)
r(566,3,32,82,82)
w(936,6,32,83,83)
r(588,6,32,84,84)
w(896,4,32,85,85)
w(631,3,32,86,86)
w(162,6,32,87,87)
w(854,5,32,88,88)
w(964,4,32,89,89)
w(218,5,32,90,90)
w(526,4,32,91,91)
w(594,2,32,92,92)
w(86,2,32,93,93)
w(884,6,32,94,94)
r(375,4,32,95,95)
w(292,6,32,96,96)
w(80,4,32,97,97)
w(163,5,32,98,98)
w(207,2,32,99,99)
w(472,5,33,0,0)
w(25,4,33,1,1)
r(549,1,33,2,2)
w(843,3,33,3,3)
w(605,3,33,4,4)
w(555,3,33,5,5)
w(344,1,33,6,6)
w(66,6,33,7,7)
w(457,7,33,8,8)
w(988,2,33,9,9)
w(477,4,33,10,10)
w(962,4,33,11,11)
w(338,2,33,12,12)
r(190,3,33,13,13)
r(162,6,33,14,14)
w(291,5,33,15,15)
w(429,5,33,16,16)
w(988,3,33,17,17)
w(559,3,33,18,18)
r(618,3,33,19,19)
w(957,7,33,20,20)
w(706,1,33,21,21)
w(800,7,33,22,22)
w(460,1,33,23,23)
w(676,3,33,24,24)
r(171,2,33,25,25)
w(385,1,33,26,26)
w(724,2,33,27,27)
w(134,5,33,28,28)
w(362,7,33,29,29)
w(901,5,33,30,30)
w(587,3,33,31,31)
w(347,3,33,32,32)
r(10,5,33,33,33)
w(372,4,33,34,34)
w(400,3,33,35,35)
w(655,3,33,36,36)
w(313,4,33,37,37)
w(82,6,33,38,38)
w(462,2,33,39,39)
w(894,6,33,40,40)
w(125,6,33,41,41)
w(778,3,33,42,42)
w(337,4,33,43,43)
r(153,1,33,44,44)
w(908,3,33,45,45)
w(730,4,33,46,46)
r(605,3,33,47,47)
w(376,2,33,48,48)
w(681,4,33,49,49)
w(209,6,33,50,50)
r(983,4,33,51,51)
w(615,3,33,52,52)
w(214,8,33,53,53)
r(990,4,33,54,54)
w(95,2,33,55,55)
r(871,1,33,56,56)
w(888,7,33,57,57)
w(397,4,33,58,58)
w(140,2,33,59,59)
r(985,3,33,60,60)
w(651,1,33,61,61)
w(789,1,33,62,62)
w(389,5,33,63,63)
w(383,3,33,64,64)
w(732,4,33,65,65)
w(974,7,33,66,66)
w(831,2,33,67,67)
r(11,3,33,68,68)
w(640,2,33,69,69)
w(713,5,33,70,70)
w(3,2,33,71,71)
w(459,4,33,72,72)
w(584,4,33,73,73)
w(955,4,33,74,74)
w(50,5,33,75,75)
w(696,5,33,76,76)
w(292,7,33,77,77)
w(759,4,33,78,78)
w(706,2,33,79,79)
w(409,6,33,80,80)
w(347,4,33,81,81)
w(543,6,33,82,82)
w(139,4,33,83,83)
w(247,5,33,84,84)
w(307,2,33,85,85)
w(389,6,33,86,86)
w(562,3,33,87,87)
w(944,3,33,88,88)
w(115,5,33,89,89)
w(164,3,33,90,90)
r(684,1,33,91,91)
w(756,3,33,92,92)
w(872,2,33,93,93)
r(377,1,33,94,94)
w(177,3,33,95,95)
w(23,5,33,96,96)
w(396,6,33,97,97)
w(488,2,33,98,98)
w(186,2,33,99,99)
w(196,6,34,0,0)
w(307,3,34,1,1)
w(963,5,34,2,2)
w(288,3,34,3,3)
r(940,0,34,4,4)
r(965,6,34,5,5)
w(123,4,34,6,6)
r(856,3,34,7,7)
w(656,6,34,8,8)
r(423,1,34,9,9)
r(185,2,34,10,10)
w(30,2,34,11,11)
w(324,2,34,12,12)
w(272,5,34,13,13)
w(497,5,34,14,14)
w(232,7,34,15,15)
w(170,3,34,16,16)
w(231,3,34,17,17)
w(669,6,34,18,18)
w(340,4,34,19,19)
w(580,4,34,20,20)
w(989,5,34,21,21)
w(795,7,34,22,22)
w(9,3,34,23,23)
w(83,4,34,24,24)
w(863,7,34,25,25)
w(783,5,34,26,26)
w(106,3,34,27,27)
w(148,6,34,28,28)
r(339,2,34,29,29)
w(112,3,34,30,30)
w(575,2,34,31,31)
w(335,4,34,32,32)
r(469,2,34,33,33)
w(47,4,34,34,34)
w(403,5,34,35,35)
w(257,5,34,36,36)
w(895,2,34,37,37)
w(531,2,34,38,38)
w(154,4,34,39,39)
w(711,3,34,40,40)
r(925,5,34,41,41)
w(846,4,34,42,42)
w(892,4,34,43,43)
w(898,4,34,44,44)
w(224,3,34,45,45)
w(278,5,34,46,46)
w(530,1,34,47,47)
w(893,5,34,48,48)
w(377,2,34,49,49)
r(312,1,34,50,50)
w(117,4,34,51,51)
w(702,4,34,52,52)
w(648,10,34,53,53)
r(881,1,34,54,54)
w(800,8,34,55,55)
w(202,4,34,56,56)
w(153,2,34,57,57)
w(85,3,34,58,58)
w(312,2,34,59,59)
w(168,7,34,60,60)
w(641,5,34,61,61)
w(195,4,34,62,62)
w(808,4,34,63,63)
w(224,4,34,64,64)
w(530,2,34,65,65)
w(5,9,34,66,66)
w(143,4,34,67,67)
r(162,6,34,68,68)
w(663,7,34,69,69)
w(610,5,34,70,70)
w(417,6,34,71,71)
w(995,4,34,72,72)
w(886,3,34,73,73)
w(74,4,34,74,74)
w(765,7,34,75,75)
w(585,4,34,76,76)
w(733,3,34,77,77)
r(263,2,34,78,78)
w(966,3,34,79,79)
w(718,3,34,80,80)
w(240,2,34,81,81)
w(518,4,34,82,82)
w(395,3,34,83,83)
w(820,2,34,84,84)
w(61,6,34,85,85)
w(1,5,34,86,86)
w(139,5,34,87,87)
w(160,9,34,88,88)
w(458,4,34,89,89)
w(555,4,34,90,90)
w(902,2,34,91,91)
w(984,4,34,92,92)
w(326,5,34,93,93)
w(247,6,34,94,94)
w(457,8,34,95,95)
r(71,4,34,96,96)
w(524,6,34,97,97)
w(400,4,34,98,98)
r(491,3,34,99,99)
w(141,4,35,0,0)
w(880,3,35,1,1)
w(540,4,35,2,2)
w(692,2,35,3,3)
w(66,7,35,4,4)
w(10,6,35,5,5)
r(76,1,35,6,6)
w(755,3,35,7,7)
w(329,5,35,8,8)
w(46,2,35,9,9)
w(944,4,35,10,10)
w(660,8,35,11,11)
w(604,3,35,12,12)
w(515,4,35,13,13)
r(62,4,35,14,14)
r(292,7,35,15,15)
w(895,3,35,16,16)
w(195,5,35,17,17)
w(701,9,35,18,18)
w(131,3,35,19,19)
w(616,2,35,20,20)
r(210,4,35,21,21)
w(253,5,35,22,22)
w(328,3,35,23,23)
w(306,3,35,24,24)
w(638,3,35,25,25)
w(901,6,35,26,26)
r(826,4,35,27,27)
w(599,6,35,28,28)
w(678,4,35,29,29)
r(513,4,35,30,30)
w(776,1,35,31,31)
r(85,3,35,32,32)
w(224,5,35,33,33)
w(416,4,35,34,34)
w(320,4,35,35,35)
r(254,2,35,36,36)
w(890,5,35,37,37)
w(190,4,35,38,38)
w(545,4,35,39,39)
w(550,5,35,40,40)
w(363,1,35,41,41)
w(601,6,35,42,42)
w(300,2,35,43,43)
w(32,5,35,44,44)
w(926,3,35,45,45)
w(98,6,35,46,46)
w(966,4,35,47,47)
w(506,3,35,48,48)
w(509,1,35,49,49)
w(372,5,35,50,50)
w(897,6,35,51,51)
w(219,3,35,52,52)
w(634,3,35,53,53)
w(592,1,35,54,54)
r(570,3,35,55,55)
w(914,3,35,56,56)
w(847,3,35,57,57)
w(791,4,35,58,58)
w(948,2,35,59,59)
w(653,2,35,60,60)
w(596,5,35,61,61)
w(552,2,35,62,62)
w(815,6,35,63,63)
w(6,6,35,64,64)
w(829,5,35,65,65)
w(211,4,35,66,66)
w(692,3,35,67,67)
w(665,5,35,68,68)
w(211,5,35,69,69)
w(811,2,35,70,70)
w(818,5,35,71,71)
w(736,5,35,72,72)
w(606,5,35,73,73)
r(334,3,35,74,74)
w(704,5,35,75,75)
w(899,6,35,76,76)
w(596,6,35,77,77)
w(891,5,35,78,78)
w(359,4,35,79,79)
w(362,8,35,80,80)
w(588,7,35,81,81)
w(302,2,35,82,82)
w(28,4,35,83,83)
w(764,6,35,84,84)
w(109,2,35,85,85)
w(850,3,35,86,86)
w(498,5,35,87,87)
w(93,4,35,88,88)
w(924,2,35,89,89)
w(285,6,35,90,90)
w(664,3,35,91,91)
w(563,3,35,92,92)
w(776,2,35,93,93)
w(662,2,35,94,94)
w(740,6,35,95,95)
w(442,5,35,96,96)
w(705,3,35,97,97)
w(442,6,35,98,98)
r(750,3,35,99,99)
w(329,6,36,0,0)
w(138,5,36,1,1)
w(776,3,36,2,2)
w(389,7,36,3,3)
w(521,2,36,4,4)
w(524,7,36,5,5)
w(910,4,36,6,6)
w(327,2,36,7,7)
w(53,4,36,8,8)
w(137,3,36,9,9)
w(48,6,36,10,10)
w(807,3,36,11,11)
w(696,6,36,12,12)
w(181,1,36,13,13)
r(786,1,36,14,14)
w(346,1,36,15,15)
w(657,7,36,16,16)
w(440,2,36,17,17)
w(902,3,36,18,18)
w(329,7,36,19,19)
w(339,3,36,20,20)
w(642,2,36,21,21)
w(102,7,36,22,22)
w(757,6,36,23,23)
w(50,6,36,24,24)
w(427,5,36,25,25)
w(589,4,36,26,26)
w(255,1,36,27,27)
w(618,4,36,28,28)
w(760,5,36,29,29)
w(202,5,36,30,30)
w(228,6,36,31,31)
w(195,6,36,32,32)
w(237,3,36,33,33)
w(638,4,36,34,34)
w(134,6,36,35,35)
w(398,5,36,36,36)
w(791,5,36,37,37)
w(855,9,36,38,38)
w(176,7,36,39,39)
w(522,4,36,40,40)
r(320,4,36,41,41)
w(212,3,36,42,42)
r(124,4,36,43,43)
w(300,3,36,44,44)
w(648,11,36,45,45)
w(730,5,36,46,46)
w(684,2,36,47,47)
w(226,4,36,48,48)
w(129,2,36,49,49)
w(220,3,36,50,50)
w(647,3,36,51,51)
w(859,5,36,52,52)
w(796,1,36,53,53)
w(774,3,36,54,54)
w(710,5,36,55,55)
w(103,5,36,56,56)
w(324,3,36,57,57)
w(770,4,36,58,58)
r(892,4,36,59,59)
w(120,4,36,60,60)
w(68,3,36,61,61)
w(36,3,36,62,62)
w(619,7,36,63,63)
w(745,5,36,64,64)
w(849,2,36,65,65)
w(764,7,36,66,66)
w(237,4,36,67,67)
w(158,5,36,68,68)
w(135,2,36,69,69)
w(813,6,36,70,70)
w(186,3,36,71,71)
w(950,3,36,72,72)
w(981,2,36,73,73)
w(280,5,36,74,74)
w(13,4,36,75,75)
w(267,3,36,76,76)
w(152,7,36,77,77)
w(866,5,36,78,78)
w(524,8,36,79,79)
w(530,3,36,80,80)
w(554,3,36,81,81)
w(733,4,36,82,82)
w(388,1,36,83,83)
w(818,6,36,84,84)
w(2,2,36,85,85)
w(284,3,36,86,86)
w(543,7,36,87,87)
w(334,4,36,88,88)
w(976,6,36,89,89)
r(348,2,36,90,90)
w(968,6,36,91,91)
w(879,2,36,92,92)
w(62,5,36,93,93)
w(456,5,36,94,94)
r(991,5,36,95,95)
w(137,4,36,96,96)
w(692,4,36,97,97)
r(710,5,36,98,98)
w(519,2,36,99,99)
w(831,3,37,0,0)
w(839,5,37,1,1)
w(60,5,37,2,2)
w(285,7,37,3,3)
w(796,2,37,4,4)
r(290,5,37,5,5)
w(758,7,37,6,6)
w(714,4,37,7,7)
r(88,2,37,8,8)
w(355,3,37,9,9)
w(193,3,37,10,10)
w(651,2,37,11,11)
w(587,4,37,12,12)
w(34,4,37,13,13)
w(109,3,37,14,14)
w(291,6,37,15,15)
w(861,4,37,16,16)
w(569,3,37,17,17)
r(715,2,37,18,18)
r(823,1,37,19,19)
w(970,1,37,20,20)
r(478,4,37,21,21)
w(350,2,37,22,22)
w(2,3,37,23,23)
w(209,7,37,24,24)
w(827,4,37,25,25)
w(785,5,37,26,26)
w(526,5,37,27,27)
w(797,5,37,28,28)
w(346,2,37,29,29)
w(570,4,37,30,30)
w(884,7,37,31,31)
w(743,1,37,32,32)
w(737,4,37,33,33)
w(903,4,37,34,34)
w(450,5,37,35,35)
w(885,5,37,36,36)
w(253,6,37,37,37)
w(210,5,37,38,38)
w(350,3,37,39,39)
w(698,4,37,40,40)
w(493,4,37,41,41)
w(407,7,37,42,42)
w(445,3,37,43,43)
w(932,4,37,44,44)
w(548,6,37,45,45)
w(977,8,37,46,46)
r(263,2,37,47,47)
w(133,6,37,48,48)
w(452,3,37,49,49)
w(260,6,37,50,50)
w(912,5,37,51,51)
w(164,4,37,52,52)
r(647,3,37,53,53)
r(604,3,37,54,54)
w(457,9,37,55,55)
w(760,6,37,56,56)
w(432,4,37,57,57)
w(515,5,37,58,58)
w(707,2,37,59,59)
w(992,3,37,60,60)
w(176,8,37,61,61)
w(660,9,37,62,62)
w(198,2,37,63,63)
w(712,4,37,64,64)
w(581,4,37,65,65)
w(440,3,37,66,66)
w(98,7,37,67,67)
w(613,7,37,68,68)
r(725,3,37,69,69)
w(503,3,37,70,70)
w(50,7,37,71,71)
w(274,6,37,72,72)
w(870,3,37,73,73)
w(682,5,37,74,74)
w(536,2,37,75,75)
r(689,6,37,76,76)
w(304,1,37,77,77)
w(969,3,37,78,78)
w(354,5,37,79,79)
w(136,3,37,80,80)
w(398,6,37,81,81)
w(466,1,37,82,82)
w(440,4,37,83,83)
w(161,3,37,84,84)
w(340,5,37,85,85)
w(451,5,37,86,86)
w(701,10,37,87,87)
w(512,3,37,88,88)
w(752,6,37,89,89)
w(643,4,37,90,90)
w(493,5,37,91,91)
w(367,2,37,92,92)
r(478,4,37,93,93)
w(397,5,37,94,94)
w(882,6,37,95,95)
w(732,5,37,96,96)
w(535,5,37,97,97)
r(540,4,37,98,98)
r(889,4,37,99,99)
w(835,5,38,0,0)
w(764,8,38,1,1)
w(543,8,38,2,2)
r(655,3,38,3,3)
w(539,5,38,4,4)
w(859,6,38,5,5)
w(798,3,38,6,6)
w(866,6,38,7,7)
w(730,6,38,8,8)
w(757,7,38,9,9)
w(915,3,38,10,10)
w(390,6,38,11,11)
w(45,6,38,12,12)
w(110,5,38,13,13)
w(935,2,38,14,14)
w(90,7,38,15,15)
w(172,3,38,16,16)
r(679,3,38,17,17)
w(800,9,38,18,18)
w(370,4,38,19,19)
r(250,2,38,20,20)
w(764,9,38,21,21)
w(470,4,38,22,22)
r(329,7,38,23,23)
w(422,4,38,24,24)
w(940,1,38,25,25)
w(50,8,38,26,26)
w(799,4,38,27,27)
r(88,2,38,28,28)
w(936,7,38,29,29)
w(786,2,38,30,30)
w(469,3,38,31,31)
w(677,2,38,32,32)
r(506,3,38,33,33)
w(356,1,38,34,34)
r(895,3,38,35,35)
w(517,5,38,36,36)
w(341,6,38,37,37)
w(197,1,38,38,38)
r(873,4,38,39,39)
w(172,4,38,40,40)
w(82,7,38,41,41)
w(696,7,38,42,42)
w(108,4,38,43,43)
w(88,3,38,44,44)
w(418,1,38,45,45)
w(513,5,38,46,46)
w(977,9,38,47,47)
r(646,2,38,48,48)
w(655,4,38,49,49)
w(727,6,38,50,50)
w(949,3,38,51,51)
w(453,3,38,52,52)
w(775,3,38,53,53)
w(637,5,38,54,54)
w(342,2,38,55,55)
w(731,3,38,56,56)
w(211,6,38,57,57)
w(95,3,38,58,58)
w(411,4,38,59,59)
r(661,2,38,60,60)
r(300,3,38,61,61)
w(0,3,38,62,62)
w(369,3,38,63,63)
w(132,3,38,64,64)
w(94,3,38,65,65)
w(876,3,38,66,66)
w(897,7,38,67,67)
w(602,5,38,68,68)
w(827,5,38,69,69)
w(311,4,38,70,70)
w(842,4,38,71,71)
w(41,4,38,72,72)
w(969,4,38,73,73)
r(48,6,38,74,74)
w(344,2,38,75,75)
w(566,4,38,76,76)
w(552,3,38,77,77)
w(547,5,38,78,78)
w(779,4,38,79,79)
r(964,4,38,80,80)
w(333,2,38,81,81)
w(438,5,38,82,82)
w(552,4,38,83,83)
w(824,3,38,84,84)
r(741,3,38,85,85)
w(30,3,38,86,86)
r(621,3,38,87,87)
w(461,5,38,88,88)
w(791,6,38,89,89)
w(876,4,38,90,90)
w(823,2,38,91,91)
w(598,5,38,92,92)
w(79,5,38,93,93)
w(18,3,38,94,94)
w(574,2,38,95,95)
w(695,5,38,96,96)
w(926,4,38,97,97)
w(110,6,38,98,98)
w(451,6,38,99,99)
w(80,5,39,0,0)
w(944,5,39,1,1)
w(620,4,39,2,2)
w(396,7,39,3,3)
w(463,4,39,4,4)
w(703,5,39,5,5)
w(914,4,39,6,6)
w(592,2,39,7,7)
w(643,5,39,8,8)
w(240,3,39,9,9)
w(769,8,39,10,10)
w(22,5,39,11,11)
w(256,2,39,12,12)
w(316,4,39,13,13)
w(375,5,39,14,14)
w(194,3,39,15,15)
w(65,8,39,16,16)
w(103,6,39,17,17)
w(479,5,39,18,18)
w(25,5,39,19,19)
w(938,5,39,20,20)
r(644,1,39,21,21)
w(102,8,39,22,22)
w(571,5,39,23,23)
w(547,6,39,24,24)
w(597,2,39,25,25)
w(112,4,39,26,26)
w(422,5,39,27,27)
w(889,5,39,28,28)
w(317,3,39,29,29)
w(422,6,39,30,30)
w(379,1,39,31,31)
w(950,4,39,32,32)
w(335,5,39,33,33)
w(164,5,39,34,34)
r(690,5,39,35,35)
w(678,5,39,36,36)
w(98,8,39,37,37)
r(474,5,39,38,38)
w(184,5,39,39,39)
w(656,7,39,40,40)
r(456,5,39,41,41)
w(679,4,39,42,42)
w(375,6,39,43,43)
w(146,4,39,44,44)
w(618,5,39,45,45)
w(570,5,39,46,46)
w(632,5,39,47,47)
w(855,10,39,48,48)
w(743,2,39,49,49)
w(397,6,39,50,50)
w(813,7,39,51,51)
w(369,4,39,52,52)
w(3,3,39,53,53)
w(644,2,39,54,54)
w(797,6,39,55,55)
w(196,7,39,56,56)
w(137,5,39,57,57)
w(837,7,39,58,58)
w(283,4,39,59,59)
w(59,6,39,60,60)
w(283,5,39,61,61)
w(882,7,39,62,62)
w(10,7,39,63,63)
w(157,3,39,64,64)
w(923,3,39,65,65)
w(999,7,39,66,66)
w(388,2,39,67,67)
r(527,2,39,68,68)
w(239,7,39,69,69)
w(844,6,39,70,70)
w(162,7,39,71,71)
w(543,9,39,72,72)
w(329,8,39,73,73)
w(794,4,39,74,74)
r(867,4,39,75,75)
w(994,2,39,76,76)
w(879,3,39,77,77)
w(730,7,39,78,78)
w(425,4,39,79,79)
w(546,4,39,80,80)
r(612,2,39,81,81)
w(117,5,39,82,82)
w(703,6,39,83,83)
w(960,6,39,84,84)
w(617,2,39,85,85)
w(896,5,39,86,86)
w(934,4,39,87,87)
w(237,5,39,88,88)
w(140,3,39,89,89)
w(574,3,39,90,90)
w(51,4,39,91,91)
w(466,2,39,92,92)
w(676,4,39,93,93)
w(582,5,39,94,94)
w(711,4,39,95,95)
w(521,3,39,96,96)
w(353,4,39,97,97)
w(165,4,39,98,98)
w(740,7,39,99,99)
w(738,7,40,0,0)
r(864,5,40,1,1)
w(945,3,40,2,2)
w(293,3,40,3,3)
w(236,4,40,4,4)
w(919,2,40,5,5)
w(348,3,40,6,6)
w(162,8,40,7,7)
w(198,3,40,8,8)
w(958,6,40,9,9)
w(463,5,40,10,10)
w(334,5,40,11,11)
w(963,6,40,12,12)
r(835,5,40,13,13)
w(447,2,40,14,14)
w(463,6,40,15,15)
w(85,4,40,16,16)
w(729,4,40,17,17)
w(422,7,40,18,18)
r(330,2,40,19,19)
w(198,4,40,20,20)
w(696,8,40,21,21)
w(520,1,40,22,22)
w(287,4,40,23,23)
w(444,3,40,24,24)
w(544,7,40,25,25)
w(403,6,40,26,26)
w(507,5,40,27,27)
w(769,9,40,28,28)
w(371,6,40,29,29)
w(207,3,40,30,30)
w(356,2,40,31,31)
w(525,3,40,32,32)
w(800,10,40,33,33)
w(845,1,40,34,34)
w(171,3,40,35,35)
w(856,4,40,36,36)
w(777,3,40,37,37)
w(750,4,40,38,38)
w(483,2,40,39,39)
w(731,4,40,40,40)
w(369,5,40,41,41)
r(283,5,40,42,42)
w(885,6,40,43,43)
w(275,6,40,44,44)
w(514,4,40,45,45)
w(627,6,40,46,46)
w(166,4,40,47,47)
w(308,6,40,48,48)
w(842,5,40,49,49)
r(832,3,40,50,50)
w(627,7,40,51,51)
w(484,4,40,52,52)
w(791,7,40,53,53)
w(773,3,40,54,54)
w(46,3,40,55,55)
w(527,3,40,56,56)
w(679,5,40,57,57)
w(226,5,40,58,58)
w(189,4,40,59,59)
w(607,6,40,60,60)
r(656,7,40,61,61)
w(166,5,40,62,62)
w(138,6,40,63,63)
w(191,5,40,64,64)
w(934,5,40,65,65)
w(577,4,40,66,66)
w(834,4,40,67,67)
w(750,5,40,68,68)
w(932,5,40,69,69)
w(887,1,40,70,70)
w(833,2,40,71,71)
w(582,6,40,72,72)
w(297,3,40,73,73)
w(815,7,40,74,74)
w(451,7,40,75,75)
w(441,2,40,76,76)
w(234,2,40,77,77)
w(233,7,40,78,78)
w(564,2,40,79,79)
w(90,8,40,80,80)
w(92,3,40,81,81)
w(699,3,40,82,82)
w(239,8,40,83,83)
w(850,4,40,84,84)
w(313,5,40,85,85)
w(247,7,40,86,86)
w(81,5,40,87,87)
w(787,8,40,88,88)
w(834,5,40,89,89)
w(358,3,40,90,90)
r(752,6,40,91,91)
w(278,6,40,92,92)
r(321,4,40,93,93)
r(923,3,40,94,94)
w(859,7,40,95,95)
w(49,1,40,96,96)
w(792,2,40,97,97)
w(413,1,40,98,98)
w(367,3,40,99,99)
w(867,5,41,0,0)
w(428,4,41,1,1)
w(726,6,41,2,2)
r(508,1,41,3,3)
w(788,4,41,4,4)
w(452,4,41,5,5)
w(834,6,41,6,6)
w(373,2,41,7,7)
w(960,7,41,8,8)
w(313,6,41,9,9)
w(224,6,41,10,10)
w(411,5,41,11,11)
w(761,3,41,12,12)
w(937,5,41,13,13)
r(809,2,41,14,14)
w(777,4,41,15,15)
w(153,3,41,16,16)
w(963,7,41,17,17)
w(199,5,41,18,18)
r(398,6,41,19,19)
w(994,3,41,20,20)
w(876,5,41,21,21)
w(162,9,41,22,22)
w(49,2,41,23,23)
w(207,4,41,24,24)
w(214,9,41,25,25)
w(742,3,41,26,26)
w(604,4,41,27,27)
w(250,3,41,28,28)
w(291,7,41,29,29)
w(985,4,41,30,30)
w(855,11,41,31,31)
w(27,1,41,32,32)
r(669,6,41,33,33)
w(310,3,41,34,34)
w(81,6,41,35,35)
w(20,3,41,36,36)
w(564,3,41,37,37)
w(113,3,41,38,38)
w(743,3,41,39,39)
w(869,5,41,40,40)
w(299,5,41,41,41)
w(746,6,41,42,42)
w(194,4,41,43,43)
w(132,4,41,44,44)
w(768,4,41,45,45)
w(369,6,41,46,46)
w(333,3,41,47,47)
w(267,4,41,48,48)
w(691,3,41,49,49)
w(284,4,41,50,50)
w(557,4,41,51,51)
w(906,2,41,52,52)
w(948,3,41,53,53)
w(802,3,41,54,54)
w(260,7,41,55,55)
w(868,5,41,56,56)
w(180,3,41,57,57)
r(565,4,41,58,58)
w(583,4,41,59,59)
w(965,7,41,60,60)
w(113,4,41,61,61)
w(20,4,41,62,62)
w(999,8,41,63,63)
w(127,4,41,64,64)
w(32,6,41,65,65)
w(25,6,41,66,66)
w(610,6,41,67,67)
w(742,4,41,68,68)
w(462,3,41,69,69)
w(379,2,41,70,70)
w(52,4,41,71,71)
w(312,3,41,72,72)
w(292,8,41,73,73)
w(245,3,41,74,74)
w(148,7,41,75,75)
w(20,5,41,76,76)
w(503,4,41,77,77)
w(56,3,41,78,78)
w(100,5,41,79,79)
w(160,10,41,80,80)
w(137,6,41,81,81)
w(455,6,41,82,82)
w(473,2,41,83,83)
r(484,4,41,84,84)
w(1,6,41,85,85)
w(932,6,41,86,86)
w(669,7,41,87,87)
w(28,5,41,88,88)
w(562,4,41,89,89)
w(815,8,41,90,90)
w(406,2,41,91,91)
w(782,4,41,92,92)
w(333,4,41,93,93)
w(194,5,41,94,94)
w(730,8,41,95,95)
w(745,6,41,96,96)
w(386,3,41,97,97)
w(448,4,41,98,98)
w(897,8,41,99,99)
r(571,5,42,0,0)
w(248,2,42,1,1)
w(20,6,42,2,2)
w(708,3,42,3,3)
w(777,5,42,4,4)
w(810,3,42,5,5)
r(281,0,42,6,6)
w(3,4,42,7,7)
w(652,4,42,8,8)
w(656,8,42,9,9)
w(623,6,42,10,10)
w(778,4,42,11,11)
w(668,2,42,12,12)
w(691,4,42,13,13)
w(54,3,42,14,14)
r(617,2,42,15,15)
w(245,4,42,16,16)
w(847,4,42,17,17)
w(858,4,42,18,18)
w(786,3,42,19,19)
w(63,2,42,20,20)
r(96,1,42,21,21)
w(432,5,42,22,22)
w(720,5,42,23,23)
w(488,3,42,24,24)
w(588,8,42,25,25)
w(379,3,42,26,26)
w(364,3,42,27,27)
w(308,7,42,28,28)
w(991,6,42,29,29)
w(26,3,42,30,30)
w(19,5,42,31,31)
w(399,5,42,32,32)
w(332,3,42,33,33)
w(694,4,42,34,34)
w(417,7,42,35,35)
r(43,2,42,36,36)
w(715,3,42,37,37)
w(233,8,42,38,38)
w(900,5,42,39,39)
w(493,6,42,40,40)
w(384,3,42,41,41)
r(180,3,42,42,42)
w(121,7,42,43,43)
w(825,6,42,44,44)
w(966,5,42,45,45)
w(105,6,42,46,46)
w(987,2,42,47,47)
w(896,6,42,48,48)
w(368,2,42,49,49)
w(391,5,42,50,50)
w(945,4,42,51,51)
w(975,3,42,52,52)
w(130,3,42,53,53)
w(408,6,42,54,54)
w(736,6,42,55,55)
w(623,7,42,56,56)
w(582,7,42,57,57)
w(255,2,42,58,58)
w(946,3,42,59,59)
w(449,10,42,60,60)
w(278,7,42,61,61)
w(632,6,42,62,62)
w(597,3,42,63,63)
w(994,4,42,64,64)
w(321,5,42,65,65)
w(630,2,42,66,66)
w(282,4,42,67,67)
w(65,9,42,68,68)
w(132,5,42,69,69)
w(845,2,42,70,70)
w(323,6,42,71,71)
w(689,7,42,72,72)
w(898,5,42,73,73)
r(378,0,42,74,74)
w(149,4,42,75,75)
w(268,7,42,76,76)
r(633,4,42,77,77)
w(531,3,42,78,78)
w(743,4,42,79,79)
w(900,6,42,80,80)
w(451,8,42,81,81)
w(182,4,42,82,82)
w(148,8,42,83,83)
w(941,7,42,84,84)
w(417,8,42,85,85)
w(151,1,42,86,86)
w(491,4,42,87,87)
w(442,7,42,88,88)
w(79,6,42,89,89)
w(750,6,42,90,90)
w(964,5,42,91,91)
w(665,6,42,92,92)
r(315,3,42,93,93)
w(217,4,42,94,94)
w(173,3,42,95,95)
w(725,4,42,96,96)
w(10,8,42,97,97)
w(762,2,42,98,98)
w(677,3,42,99,99)
r(36,3,43,0,0)
w(374,1,43,1,1)
r(376,2,43,2,2)
w(131,4,43,3,3)
w(65,10,43,4,4)
w(397,7,43,5,5)
w(29,5,43,6,6)
w(964,6,43,7,7)
w(887,2,43,8,8)
w(391,6,43,9,9)
w(477,5,43,10,10)
w(965,8,43,11,11)
w(521,4,43,12,12)
w(569,4,43,13,13)
w(518,5,43,14,14)
w(360,5,43,15,15)
w(788,5,43,16,16)
w(550,6,43,17,17)
w(84,3,43,18,18)
w(186,4,43,19,19)
w(271,5,43,20,20)
w(204,6,43,21,21)
w(419,5,43,22,22)
w(258,3,43,23,23)
w(977,10,43,24,24)
w(803,8,43,25,25)
r(384,3,43,26,26)
w(310,4,43,27,27)
w(533,6,43,28,28)
w(719,5,43,29,29)
w(237,6,43,30,30)
w(643,6,43,31,31)
w(500,4,43,32,32)
w(504,2,43,33,33)
w(533,7,43,34,34)
w(771,3,43,35,35)
r(187,5,43,36,36)
r(426,1,43,37,37)
w(208,5,43,38,38)
w(837,8,43,39,39)
w(722,2,43,40,40)
w(96,2,43,41,41)
w(607,7,43,42,42)
w(172,5,43,43,43)
w(882,8,43,44,44)
w(992,4,43,45,45)
w(979,7,43,46,46)
r(539,5,43,47,47)
w(200,2,43,48,48)
w(471,3,43,49,49)
w(156,9,43,50,50)
w(100,6,43,51,51)
w(182,5,43,52,52)
w(990,5,43,53,53)
w(346,3,43,54,54)
r(550,6,43,55,55)
w(55,5,43,56,56)
w(977,11,43,57,57)
w(504,3,43,58,58)
r(999,8,43,59,59)
w(839,6,43,60,60)
w(566,5,43,61,61)
w(113,5,43,62,62)
w(937,6,43,63,63)
w(252,3,43,64,64)
w(439,6,43,65,65)
w(530,4,43,66,66)
w(360,6,43,67,67)
w(338,3,43,68,68)
w(25,7,43,69,69)
w(311,5,43,70,70)
w(518,6,43,71,71)
w(372,6,43,72,72)
w(663,8,43,73,73)
w(523,6,43,74,74)
w(334,6,43,75,75)
w(659,8,43,76,76)
w(484,5,43,77,77)
w(985,5,43,78,78)
r(938,5,43,79,79)
w(257,6,43,80,80)
w(524,9,43,81,81)
w(556,8,43,82,82)
w(500,5,43,83,83)
r(858,4,43,84,84)
w(147,4,43,85,85)
w(133,7,43,86,86)
w(254,3,43,87,87)
r(886,3,43,88,88)
w(338,4,43,89,89)
w(473,3,43,90,90)
w(908,4,43,91,91)
w(507,6,43,92,92)
w(733,5,43,93,93)
w(229,4,43,94,94)
w(467,4,43,95,95)
r(442,7,43,96,96)
w(389,8,43,97,97)
w(344,3,43,98,98)
w(239,9,43,99,99)
w(117,6,44,0,0)
w(381,3,44,1,1)
w(227,5,44,2,2)
w(618,6,44,3,3)
r(925,5,44,4,4)
w(657,8,44,5,5)
w(870,4,44,6,6)
w(28,6,44,7,7)
w(237,7,44,8,8)
w(199,6,44,9,9)
w(977,12,44,10,10)
w(359,5,44,11,11)
w(892,5,44,12,12)
w(405,3,44,13,13)
w(816,2,44,14,14)
w(85,5,44,15,15)
w(524,10,44,16,16)
w(980,4,44,17,17)
w(528,2,44,18,18)
w(650,3,44,19,19)
r(811,2,44,20,20)
w(273,8,44,21,21)
w(814,3,44,22,22)
w(777,6,44,23,23)
r(176,8,44,24,24)
w(668,3,44,25,25)
w(702,5,44,26,26)
w(174,1,44,27,27)
w(502,4,44,28,28)
w(399,6,44,29,29)
w(282,5,44,30,30)
w(455,7,44,31,31)
w(632,7,44,32,32)
w(85,6,44,33,33)
w(415,3,44,34,34)
r(498,5,44,35,35)
w(358,4,44,36,36)
w(550,7,44,37,37)
r(513,5,44,38,38)
w(653,3,44,39,39)
w(721,4,44,40,40)
r(331,6,44,41,41)
w(235,3,44,42,42)
w(460,2,44,43,43)
w(987,3,44,44,44)
w(498,6,44,45,45)
r(25,7,44,46,46)
w(255,3,44,47,47)
w(150,4,44,48,48)
w(984,5,44,49,49)
w(222,4,44,50,50)
w(117,7,44,51,51)
w(254,4,44,52,52)
w(683,4,44,53,53)
w(984,6,44,54,54)
w(841,6,44,55,55)
w(33,3,44,56,56)
w(461,6,44,57,57)
w(642,3,44,58,58)
w(77,6,44,59,59)
w(723,3,44,60,60)
w(404,4,44,61,61)
r(574,3,44,62,62)
w(534,3,44,63,63)
w(240,4,44,64,64)
w(836,5,44,65,65)
w(705,4,44,66,66)
w(342,3,44,67,67)
w(372,7,44,68,68)
w(644,3,44,69,69)
w(335,6,44,70,70)
w(808,5,44,71,71)
r(905,3,44,72,72)
r(455,7,44,73,73)
w(316,5,44,74,74)
w(680,2,44,75,75)
w(784,2,44,76,76)
w(640,3,44,77,77)
w(263,3,44,78,78)
w(29,6,44,79,79)
w(417,9,44,80,80)
r(852,2,44,81,81)
w(49,3,44,82,82)
w(812,7,44,83,83)
w(718,4,44,84,84)
w(618,7,44,85,85)
w(653,4,44,86,86)
w(516,4,44,87,87)
w(554,4,44,88,88)
w(833,3,44,89,89)
w(13,5,44,90,90)
w(900,7,44,91,91)
w(483,3,44,92,92)
w(137,7,44,93,93)
w(42,2,44,94,94)
w(919,3,44,95,95)
w(732,6,44,96,96)
w(655,5,44,97,97)
w(847,5,44,98,98)
w(959,3,44,99,99)
w(263,4,45,0,0)
w(229,5,45,1,1)
w(604,5,45,2,2)
w(341,7,45,3,3)
r(810,3,45,4,4)
w(66,8,45,5,5)
w(387,2,45,6,6)
w(73,8,45,7,7)
r(148,8,45,8,8)
w(143,5,45,9,9)
w(616,3,45,10,10)
w(694,5,45,11,11)
w(758,8,45,12,12)
w(468,4,45,13,13)
w(594,3,45,14,14)
w(938,6,45,15,15)
w(712,5,45,16,16)
w(828,4,45,17,17)
w(289,2,45,18,18)
w(415,4,45,19,19)
w(743,5,45,20,20)
w(516,5,45,21,21)
w(175,5,45,22,22)
w(51,5,45,23,23)
w(864,6,45,24,24)
w(859,8,45,25,25)
w(187,6,45,26,26)
w(411,6,45,27,27)
w(766,2,45,28,28)
w(742,5,45,29,29)
w(272,6,45,30,30)
w(376,3,45,31,31)
w(273,9,45,32,32)
w(398,7,45,33,33)
w(824,4,45,34,34)
w(986,3,45,35,35)
r(578,3,45,36,36)
w(840,4,45,37,37)
w(840,5,45,38,38)
w(605,4,45,39,39)
w(380,4,45,40,40)
w(474,6,45,41,41)
w(664,4,45,42,42)
w(264,4,45,43,43)
w(671,6,45,44,44)
w(170,4,45,45,45)
w(347,5,45,46,46)
w(541,3,45,47,47)
w(130,4,45,48,48)
w(776,4,45,49,49)
w(296,2,45,50,50)
w(773,4,45,51,51)
w(622,1,45,52,52)
w(362,9,45,53,53)
w(190,5,45,54,54)
w(988,4,45,55,55)
w(824,5,45,56,56)
w(82,8,45,57,57)
w(846,5,45,58,58)
w(947,3,45,59,59)
w(976,7,45,60,60)
w(270,5,45,61,61)
w(74,5,45,62,62)
w(891,6,45,63,63)
w(183,5,45,64,64)
w(890,6,45,65,65)
w(277,5,45,66,66)
w(804,6,45,67,67)
w(800,11,45,68,68)
w(138,7,45,69,69)
w(762,3,45,70,70)
w(990,6,45,71,71)
w(57,3,45,72,72)
w(89,3,45,73,73)
w(804,7,45,74,74)
r(531,3,45,75,75)
w(607,8,45,76,76)
w(96,3,45,77,77)
w(408,7,45,78,78)
w(412,8,45,79,79)
r(290,5,45,80,80)
w(298,5,45,81,81)
w(184,6,45,82,82)
w(324,4,45,83,83)
r(455,7,45,84,84)
r(619,7,45,85,85)
w(793,5,45,86,86)
w(31,3,45,87,87)
w(187,7,45,88,88)
w(821,5,45,89,89)
w(513,6,45,90,90)
w(937,7,45,91,91)
w(13,6,45,92,92)
w(185,3,45,93,93)
w(346,4,45,94,94)
w(130,5,45,95,95)
w(264,5,45,96,96)
w(550,8,45,97,97)
w(813,8,45,98,98)
w(66,9,45,99,99)
w(472,6,46,0,0)
w(97,7,46,1,1)
w(391,7,46,2,2)
r(293,3,46,3,3)
w(468,5,46,4,4)
w(172,6,46,5,5)
w(747,2,46,6,6)
w(918,2,46,7,7)
w(323,7,46,8,8)
w(437,5,46,9,9)
w(904,1,46,10,10)
r(277,5,46,11,11)
w(939,1,46,12,12)
w(114,3,46,13,13)
w(749,3,46,14,14)
w(71,5,46,15,15)
w(430,5,46,16,16)
w(743,6,46,17,17)
r(766,2,46,18,18)
w(257,7,46,19,19)
w(957,8,46,20,20)
w(950,5,46,21,21)
r(697,7,46,22,22)
w(721,5,46,23,23)
w(476,1,46,24,24)
r(636,2,46,25,25)
w(912,6,46,26,26)
w(293,4,46,27,27)
w(760,7,46,28,28)
r(652,4,46,29,29)
w(290,6,46,30,30)
w(665,7,46,31,31)
w(543,10,46,32,32)
w(168,8,46,33,33)
w(878,2,46,34,34)
w(672,7,46,35,35)
w(506,4,46,36,36)
w(630,3,46,37,37)
w(942,5,46,38,38)
w(298,6,46,39,39)
w(110,7,46,40,40)
w(612,3,46,41,41)
w(678,6,46,42,42)
w(3,5,46,43,43)
w(969,5,46,44,44)
w(479,6,46,45,45)
w(193,4,46,46,46)
w(954,2,46,47,47)
w(909,4,46,48,48)
w(983,5,46,49,49)
w(822,2,46,50,50)
w(326,6,46,51,51)
w(913,3,46,52,52)
w(727,7,46,53,53)
w(377,3,46,54,54)
w(97,8,46,55,55)
w(895,4,46,56,56)
w(595,2,46,57,57)
w(128,3,46,58,58)
w(810,4,46,59,59)
w(932,7,46,60,60)
w(164,6,46,61,61)
w(808,6,46,62,62)
w(119,2,46,63,63)
w(365,4,46,64,64)
w(583,5,46,65,65)
w(859,9,46,66,66)
w(67,6,46,67,67)
w(108,5,46,68,68)
w(95,4,46,69,69)
w(778,5,46,70,70)
w(838,6,46,71,71)
w(567,7,46,72,72)
w(841,7,46,73,73)
w(605,5,46,74,74)
w(544,8,46,75,75)
w(359,6,46,76,76)
w(992,5,46,77,77)
w(948,4,46,78,78)
w(592,3,46,79,79)
w(268,8,46,80,80)
w(578,4,46,81,81)
w(194,6,46,82,82)
w(206,2,46,83,83)
w(545,5,46,84,84)
w(945,5,46,85,85)
w(407,8,46,86,86)
w(168,9,46,87,87)
w(224,7,46,88,88)
r(234,2,46,89,89)
w(346,5,46,90,90)
w(482,4,46,91,91)
w(990,7,46,92,92)
w(834,7,46,93,93)
w(0,4,46,94,94)
w(354,6,46,95,95)
w(739,5,46,96,96)
w(894,7,46,97,97)
w(661,3,46,98,98)
w(316,6,46,99,99)
w(731,5,47,0,0)
w(637,6,47,1,1)
w(135,3,47,2,2)
r(748,3,47,3,3)
w(974,8,47,4,4)
w(290,7,47,5,5)
w(418,2,47,6,6)
w(987,4,47,7,7)
w(719,6,47,8,8)
w(17,3,47,9,9)
r(783,5,47,10,10)
w(96,4,47,11,11)
w(930,3,47,12,12)
w(797,7,47,13,13)
w(901,7,47,14,14)
w(588,9,47,15,15)
w(799,5,47,16,16)
r(587,4,47,17,17)
w(679,6,47,18,18)
w(460,3,47,19,19)
w(429,6,47,20,20)
w(722,3,47,21,21)
w(747,3,47,22,22)
w(958,7,47,23,23)
w(675,1,47,24,24)
w(401,5,47,25,25)
w(413,2,47,26,26)
w(577,5,47,27,27)
w(807,4,47,28,28)
w(797,8,47,29,29)
w(626,2,47,30,30)
w(342,4,47,31,31)
w(658,4,47,32,32)
w(954,3,47,33,33)
w(912,7,47,34,34)
w(29,7,47,35,35)
w(474,7,47,36,36)
w(225,9,47,37,37)
w(901,8,47,38,38)
w(15,6,47,39,39)
w(574,4,47,40,40)
w(753,5,47,41,41)
w(65,11,47,42,42)
w(975,4,47,43,43)
r(962,4,47,44,44)
w(259,5,47,45,45)
w(124,5,47,46,46)
w(264,6,47,47,47)
r(647,3,47,48,48)
w(734,2,47,49,49)
w(859,10,47,50,50)
w(25,8,47,51,51)
w(258,4,47,52,52)
w(649,6,47,53,53)
w(49,4,47,54,54)
r(222,4,47,55,55)
w(246,6,47,56,56)
w(633,5,47,57,57)
w(852,3,47,58,58)
w(383,4,47,59,59)
w(296,3,47,60,60)
w(852,4,47,61,61)
w(988,5,47,62,62)
w(823,3,47,63,63)
w(381,4,47,64,64)
w(696,9,47,65,65)
w(696,10,47,66,66)
r(61,6,47,67,67)
w(277,6,47,68,68)
w(866,7,47,69,69)
w(369,7,47,70,70)
w(787,9,47,71,71)
w(497,6,47,72,72)
w(74,6,47,73,73)
w(107,7,47,74,74)
w(141,5,47,75,75)
w(844,7,47,76,76)
w(554,5,47,77,77)
w(462,4,47,78,78)
w(905,4,47,79,79)
w(439,7,47,80,80)
w(545,6,47,81,81)
r(780,3,47,82,82)
w(276,5,47,83,83)
w(279,2,47,84,84)
w(337,5,47,85,85)
w(199,7,47,86,86)
r(195,6,47,87,87)
w(495,2,47,88,88)
w(974,9,47,89,89)
w(295,3,47,90,90)
w(227,6,47,91,91)
w(890,7,47,92,92)
w(656,9,47,93,93)
w(323,8,47,94,94)
w(385,2,47,95,95)
w(325,3,47,96,96)
w(582,8,47,97,97)
w(833,4,47,98,98)
w(162,10,47,99,99)
w(896,7,48,0,0)
w(624,5,48,1,1)
w(519,3,48,2,2)
w(964,7,48,3,3)
w(714,5,48,4,4)
w(119,3,48,5,5)
w(490,3,48,6,6)
w(442,8,48,7,7)
w(796,3,48,8,8)
w(945,6,48,9,9)
w(747,4,48,10,10)
w(142,3,48,11,11)
w(554,6,48,12,12)
w(346,6,48,13,13)
w(687,1,48,14,14)
w(890,8,48,15,15)
w(866,8,48,16,16)
w(783,6,48,17,17)
w(352,7,48,18,18)
w(613,8,48,19,19)
w(438,6,48,20,20)
w(618,8,48,21,21)
w(865,4,48,22,22)
w(615,4,48,23,23)
w(116,5,48,24,24)
w(355,4,48,25,25)
w(48,7,48,26,26)
w(238,2,48,27,27)
w(64,5,48,28,28)
w(424,3,48,29,29)
w(684,3,48,30,30)
w(520,2,48,31,31)
w(802,4,48,32,32)
r(917,3,48,33,33)
w(998,2,48,34,34)
w(95,5,48,35,35)
w(342,5,48,36,36)
w(305,3,48,37,37)
w(542,2,48,38,38)
w(670,4,48,39,39)
w(808,7,48,40,40)
w(136,4,48,41,41)
w(709,5,48,42,42)
w(667,4,48,43,43)
w(192,3,48,44,44)
w(54,4,48,45,45)
w(167,1,48,46,46)
w(603,2,48,47,47)
w(513,7,48,48,48)
w(30,4,48,49,49)
w(858,5,48,50,50)
w(442,9,48,51,51)
w(179,2,48,52,52)
w(67,7,48,53,53)
w(23,6,48,54,54)
w(567,8,48,55,55)
w(22,6,48,56,56)
w(649,7,48,57,57)
w(735,3,48,58,58)
w(819,2,48,59,59)
w(732,7,48,60,60)
w(709,6,48,61,61)
w(747,5,48,62,62)
w(161,4,48,63,63)
w(419,6,48,64,64)
w(197,2,48,65,65)
w(423,2,48,66,66)
w(161,5,48,67,67)
w(895,5,48,68,68)
w(851,6,48,69,69)
w(784,3,48,70,70)
w(290,8,48,71,71)
w(388,3,48,72,72)
w(911,5,48,73,73)
w(708,4,48,74,74)
w(536,3,48,75,75)
w(317,4,48,76,76)
r(236,4,48,77,77)
w(10,9,48,78,78)
w(311,6,48,79,79)
w(555,5,48,80,80)
w(938,7,48,81,81)
r(918,2,48,82,82)
w(377,4,48,83,83)
w(731,6,48,84,84)
w(668,4,48,85,85)
w(108,6,48,86,86)
w(22,7,48,87,87)
w(790,3,48,88,88)
w(756,4,48,89,89)
w(606,6,48,90,90)
w(237,8,48,91,91)
w(431,4,48,92,92)
w(547,7,48,93,93)
w(469,4,48,94,94)
w(306,4,48,95,95)
w(157,4,48,96,96)
w(613,9,48,97,97)
r(207,4,48,98,98)
w(896,8,48,99,99)
w(994,5,49,0,0)
w(665,8,49,1,1)
w(207,5,49,2,2)
w(142,4,49,3,3)
w(489,5,49,4,4)
w(122,6,49,5,5)
w(29,8,49,6,6)
w(155,6,49,7,7)
w(752,7,49,8,8)
w(99,4,49,9,9)
w(972,5,49,10,10)
w(211,7,49,11,11)
w(584,5,49,12,12)
w(801,3,49,13,13)
w(1,7,49,14,14)
w(533,8,49,15,15)
r(647,3,49,16,16)
w(374,2,49,17,17)
w(827,6,49,18,18)
r(460,3,49,19,19)
w(709,7,49,20,20)
r(865,4,49,21,21)
w(242,3,49,22,22)
w(313,7,49,23,23)
w(347,6,49,24,24)
r(795,7,49,25,25)
w(573,3,49,26,26)
w(739,6,49,27,27)
w(96,5,49,28,28)
w(393,3,49,29,29)
w(990,8,49,30,30)
w(912,8,49,31,31)
w(388,4,49,32,32)
w(798,4,49,33,33)
w(157,5,49,34,34)
r(199,7,49,35,35)
w(268,9,49,36,36)
w(22,8,49,37,37)
w(859,11,49,38,38)
w(937,8,49,39,39)
w(862,4,49,40,40)
w(59,7,49,41,41)
w(630,4,49,42,42)
w(920,2,49,43,43)
r(130,5,49,44,44)
w(100,7,49,45,45)
w(777,7,49,46,46)
w(868,6,49,47,47)
w(160,11,49,48,48)
w(304,2,49,49,49)
w(713,6,49,50,50)
w(791,8,49,51,51)
w(900,8,49,52,52)
w(476,2,49,53,53)
r(329,8,49,54,54)
w(183,6,49,55,55)
w(751,6,49,56,56)
w(43,3,49,57,57)
w(701,11,49,58,58)
w(360,7,49,59,59)
w(794,5,49,60,60)
w(688,3,49,61,61)
w(792,3,49,62,62)
w(582,9,49,63,63)
w(493,7,49,64,64)
w(994,6,49,65,65)
r(805,3,49,66,66)
w(914,5,49,67,67)
w(356,3,49,68,68)
w(885,7,49,69,69)
w(157,6,49,70,70)
w(85,7,49,71,71)
w(37,6,49,72,72)
w(556,9,49,73,73)
w(138,8,49,74,74)
w(821,6,49,75,75)
w(746,7,49,76,76)
w(947,4,49,77,77)
w(960,8,49,78,78)
w(829,6,49,79,79)
w(35,4,49,80,80)
w(955,5,49,81,81)
w(668,5,49,82,82)
w(563,4,49,83,83)
w(31,4,49,84,84)
w(108,7,49,85,85)
w(621,4,49,86,86)
w(82,9,49,87,87)
w(77,7,49,88,88)
w(960,9,49,89,89)
w(628,8,49,90,90)
w(867,6,49,91,91)
w(393,4,49,92,92)
w(776,5,49,93,93)
w(421,6,49,94,94)
w(940,2,49,95,95)
r(653,4,49,96,96)
w(436,5,49,97,97)
w(353,5,49,98,98)
w(519,4,49,99,99)
