w(1,1,0,0,0)
w(33,1,0,1,1)
w(87,1,0,2,2)
w(9,1,0,3,3)
w(0,1,0,4,4)
w(104,1,0,5,5)
w(348,1,0,6,6)
w(9,2,0,7,7)
w(12,1,0,8,8)
w(13,1,0,9,9)
w(1,2,0,10,10)
w(38,1,0,11,11)
w(1,3,0,12,12)
w(549,1,0,13,13)
w(539,1,0,14,14)
w(162,1,0,15,15)
w(14,1,0,16,16)
w(10,1,0,17,17)
w(0,2,0,18,18)
w(0,3,0,19,19)
w(3,1,0,20,20)
w(2,1,0,21,21)
w(20,1,0,22,22)
w(760,1,0,23,23)
w(374,1,0,24,24)
w(9,3,0,25,25)
w(77,1,0,26,26)
w(2,2,0,27,27)
w(1,4,0,28,28)
w(3,2,0,29,29)
r(61,0,0,30,30)
w(4,1,0,31,31)
w(0,4,0,32,32)
w(14,2,0,33,33)
w(6,1,0,34,34)
w(8,1,0,35,35)
w(348,2,0,36,36)
w(15,1,0,37,37)
w(485,1,0,38,38)
w(37,1,0,39,39)
w(8,2,0,40,40)
r(67,0,0,41,41)
w(689,1,0,42,42)
w(0,5,0,43,43)
w(213,1,0,44,44)
w(34,1,0,45,45)
w(12,2,0,46,46)
w(34,2,0,47,47)
w(2,3,0,48,48)
w(1,5,0,49,49)
r(3,2,0,50,50)
w(0,6,0,51,51)
w(66,1,0,52,52)
w(0,7,0,53,53)
w(237,1,0,54,54)
w(54,1,0,55,55)
r(1,5,0,56,56)
w(2,4,0,57,57)
w(8,3,0,58,58)
w(24,1,0,59,59)
w(344,1,0,60,60)
w(795,1,0,61,61)
w(4,2,0,62,62)
w(1,6,0,63,63)
w(46,1,0,64,64)
w(6,2,0,65,65)
w(838,1,0,66,66)
w(24,2,0,67,67)
w(40,1,0,68,68)
w(1,7,0,69,69)
w(14,3,0,70,70)
w(3,3,0,71,71)
r(51,0,0,72,72)
w(1,8,0,73,73)
w(140,1,0,74,74)
w(34,3,0,75,75)
w(0,8,0,76,76)
w(36,1,0,77,77)
w(2,5,0,78,78)
r(2,5,0,79,79)
w(9,4,0,80,80)
w(252,1,0,81,81)
w(52,1,0,82,82)
w(11,1,0,83,83)
w(613,1,0,84,84)
w(1,9,0,85,85)
w(202,1,0,86,86)
w(449,1,0,87,87)
w(6,3,0,88,88)
w(58,1,0,89,89)
w(123,1,0,90,90)
w(5,1,0,91,91)
w(0,9,0,92,92)
w(67,1,0,93,93)
w(540,1,0,94,94)
r(0,9,0,95,95)
w(3,4,0,96,96)
w(6,4,0,97,97)
w(622,1,0,98,98)
w(204,1,0,99,99)
w(8,4,0,100,100)
r(5,1,0,101,101)
w(707,1,0,102,102)
w(18,1,0,103,103)
w(262,1,0,104,104)
w(31,1,0,105,105)
w(7,1,0,106,106)
w(0,10,0,107,107)
w(28,1,0,108,108)
w(101,1,0,109,109)
w(774,1,0,110,110)
w(321,1,0,111,111)
w(119,1,0,112,112)
w(0,11,0,113,113)
w(31,2,0,114,114)
r(13,1,0,115,115)
w(0,12,0,116,116)
w(180,1,0,117,117)
w(3,5,0,118,118)
w(222,1,0,119,119)
w(1,10,0,120,120)
w(0,13,0,121,121)
w(389,1,0,122,122)
w(9,5,0,123,123)
w(1,11,0,124,124)
w(132,1,0,125,125)
w(2,6,0,126,126)
w(717,1,0,127,127)
w(138,1,0,128,128)
w(36,2,0,129,129)
w(49,1,0,130,130)
w(7,2,0,131,131)
w(2,7,0,132,132)
r(356,0,0,133,133)
w(398,1,0,134,134)
w(331,1,0,135,135)
w(56,1,0,136,136)
w(1,12,0,137,137)
w(628,1,0,138,138)
w(582,1,0,139,139)
w(80,1,0,140,140)
w(160,1,0,141,141)
w(115,1,0,142,142)
w(557,1,0,143,143)
w(0,14,0,144,144)
w(0,15,0,145,145)
w(0,16,0,146,146)
w(13,2,0,147,147)
w(43,1,0,148,148)
w(4,3,0,149,149)
w(5,2,0,150,150)
w(75,1,0,151,151)
w(184,1,0,152,152)
w(61,1,0,153,153)
w(10,2,0,154,154)
w(453,1,0,155,155)
w(917,1,0,156,156)
w(8,5,0,157,157)
w(98,1,0,158,158)
w(3,6,0,159,159)
w(201,1,0,160,160)
w(123,2,0,161,161)
w(2,8,0,162,162)
w(152,1,0,163,163)
r(0,16,0,164,164)
w(10,3,0,165,165)
w(0,17,0,166,166)
w(1,13,0,167,167)
w(15,2,0,168,168)
w(0,18,0,169,169)
w(4,4,0,170,170)
w(0,19,0,171,171)
w(525,1,0,172,172)
w(117,1,0,173,173)
w(342,1,0,174,174)
w(4,5,0,175,175)
w(0,20,0,176,176)
w(1,14,0,177,177)
w(71,1,0,178,178)
w(58,2,0,179,179)
w(2,9,0,180,180)
w(12,3,0,181,181)
r(3,6,0,182,182)
w(0,21,0,183,183)
w(200,1,0,184,184)
w(37,2,0,185,185)
w(552,1,0,186,186)
r(0,21,0,187,187)
w(1,15,0,188,188)
w(14,4,0,189,189)
w(34,4,0,190,190)
w(136,1,0,191,191)
w(14,5,0,192,192)
w(607,1,0,193,193)
w(0,22,0,194,194)
w(196,1,0,195,195)
w(213,2,0,196,196)
w(99,1,0,197,197)
w(96,1,0,198,198)
w(862,1,0,199,199)
r(0,22,0,200,200)
w(9,6,0,201,201)
w(1,16,0,202,202)
w(26,1,0,203,203)
w(71,2,0,204,204)
w(326,1,0,205,205)
r(5,2,0,206,206)
w(6,5,0,207,207)
w(670,1,0,208,208)
w(5,3,0,209,209)
w(22,1,0,210,210)
w(9,7,0,211,211)
w(12,4,0,212,212)
w(4,6,0,213,213)
w(0,23,0,214,214)
r(20,1,0,215,215)
w(493,1,0,216,216)
w(728,1,0,217,217)
w(17,1,0,218,218)
w(374,2,0,219,219)
w(1,17,0,220,220)
w(90,1,0,221,221)
w(11,2,0,222,222)
w(242,1,0,223,223)
w(196,2,0,224,224)
w(15,3,0,225,225)
w(0,24,0,226,226)
w(11,3,0,227,227)
w(0,25,0,228,228)
w(14,6,0,229,229)
w(986,1,0,230,230)
w(122,1,0,231,231)
w(70,1,0,232,232)
w(23,1,0,233,233)
w(3,7,0,234,234)
w(0,26,0,235,235)
w(2,10,0,236,236)
w(64,1,0,237,237)
w(0,27,0,238,238)
r(421,0,0,239,239)
w(61,2,0,240,240)
w(0,28,0,241,241)
w(3,8,0,242,242)
w(1,18,0,243,243)
w(17,2,0,244,244)
r(49,1,0,245,245)
w(629,1,0,246,246)
w(177,1,0,247,247)
w(146,1,0,248,248)
w(726,1,0,249,249)
w(22,2,0,250,250)
w(62,1,0,251,251)
w(0,29,0,252,252)
w(368,1,0,253,253)
w(7,3,0,254,254)
r(97,0,0,255,255)
w(76,1,0,256,256)
w(38,2,0,257,257)
w(552,2,0,258,258)
w(724,1,0,259,259)
r(367,0,0,260,260)
w(19,1,0,261,261)
w(124,1,0,262,262)
w(32,1,0,263,263)
w(6,6,0,264,264)
w(162,2,0,265,265)
r(2,10,0,266,266)
w(4,7,0,267,267)
r(2,10,0,268,268)
w(7,4,0,269,269)
w(6,7,0,270,270)
w(1,19,0,271,271)
w(19,2,0,272,272)
w(0,30,0,273,273)
w(43,2,0,274,274)
w(26,2,0,275,275)
w(7,5,0,276,276)
w(0,31,0,277,277)
r(0,31,0,278,278)
w(1,20,0,279,279)
w(20,2,0,280,280)
w(2,11,0,281,281)
w(931,1,0,282,282)
w(88,1,0,283,283)
w(0,32,0,284,284)
w(187,1,0,285,285)
w(85,1,0,286,286)
w(60,1,0,287,287)
r(1,20,0,288,288)
w(29,1,0,289,289)
w(0,33,0,290,290)
w(5,4,0,291,291)
w(529,1,0,292,292)
w(453,2,0,293,293)
w(0,34,0,294,294)
w(557,2,0,295,295)
w(114,1,0,296,296)
w(1,21,0,297,297)
w(679,1,0,298,298)
w(65,1,0,299,299)
r(168,0,0,300,300)
w(10,4,0,301,301)
w(609,1,0,302,302)
w(603,1,0,303,303)
w(2,12,0,304,304)
r(1,21,0,305,305)
w(225,1,0,306,306)
w(3,9,0,307,307)
w(3,10,0,308,308)
w(9,8,0,309,309)
w(262,2,0,310,310)
w(20,3,0,311,311)
w(13,3,0,312,312)
w(2,13,0,313,313)
w(429,1,0,314,314)
w(780,1,0,315,315)
w(0,35,0,316,316)
w(141,1,0,317,317)
w(0,36,0,318,318)
w(505,1,0,319,319)
w(138,2,0,320,320)
w(3,11,0,321,321)
w(287,1,0,322,322)
w(517,1,0,323,323)
w(112,1,0,324,324)
w(5,5,0,325,325)
w(240,1,0,326,326)
w(76,2,0,327,327)
w(1,22,0,328,328)
w(0,37,0,329,329)
w(1,23,0,330,330)
w(0,38,0,331,331)
w(12,5,0,332,332)
w(0,39,0,333,333)
w(2,14,0,334,334)
w(296,1,0,335,335)
w(380,1,0,336,336)
w(359,1,0,337,337)
w(17,3,0,338,338)
w(0,40,0,339,339)
r(2,14,0,340,340)
r(89,0,0,341,341)
r(15,3,0,342,342)
w(560,1,0,343,343)
w(0,41,0,344,344)
w(27,1,0,345,345)
w(2,15,0,346,346)
w(76,3,0,347,347)
w(60,2,0,348,348)
w(4,8,0,349,349)
w(11,4,0,350,350)
w(74,1,0,351,351)
w(0,42,0,352,352)
w(384,1,0,353,353)
w(14,7,0,354,354)
w(453,3,0,355,355)
w(470,1,0,356,356)
w(471,1,0,357,357)
w(0,43,0,358,358)
w(141,2,0,359,359)
w(142,1,0,360,360)
w(19,3,0,361,361)
w(907,1,0,362,362)
w(2,16,0,363,363)
w(0,44,0,364,364)
w(73,1,0,365,365)
w(19,4,0,366,366)
w(16,1,0,367,367)
w(389,2,0,368,368)
w(77,2,0,369,369)
w(1,24,0,370,370)
w(11,5,0,371,371)
w(60,3,0,372,372)
w(9,9,0,373,373)
w(0,45,0,374,374)
w(0,46,0,375,375)
w(669,1,0,376,376)
w(6,8,0,377,377)
w(883,1,0,378,378)
w(38,3,0,379,379)
r(59,0,0,380,380)
w(5,6,0,381,381)
w(238,1,0,382,382)
w(603,2,0,383,383)
w(5,7,0,384,384)
r(452,0,0,385,385)
w(196,3,0,386,386)
w(3,12,0,387,387)
r(3,12,0,388,388)
w(125,1,0,389,389)
w(21,1,0,390,390)
w(0,47,0,391,391)
w(5,8,0,392,392)
w(331,2,0,393,393)
w(0,48,0,394,394)
w(629,2,0,395,395)
w(204,2,0,396,396)
w(19,5,0,397,397)
w(139,1,0,398,398)
w(149,1,0,399,399)
w(300,1,0,400,400)
r(1,24,0,401,401)
w(3,13,0,402,402)
w(0,49,0,403,403)
w(353,1,0,404,404)
w(61,3,0,405,405)
w(49,2,0,406,406)
w(8,6,0,407,407)
w(9,10,0,408,408)
w(0,50,0,409,409)
w(26,3,0,410,410)
w(4,9,0,411,411)
w(11,6,0,412,412)
w(167,1,0,413,413)
w(155,1,0,414,414)
w(522,1,0,415,415)
w(6,9,0,416,416)
w(178,1,0,417,417)
w(678,1,0,418,418)
w(18,2,0,419,419)
w(717,2,0,420,420)
w(0,51,0,421,421)
w(6,10,0,422,422)
w(47,1,0,423,423)
r(3,13,0,424,424)
w(569,1,0,425,425)
w(2,17,0,426,426)
w(2,18,0,427,427)
w(571,1,0,428,428)
w(0,52,0,429,429)
r(0,52,0,430,430)
w(28,2,0,431,431)
w(117,2,0,432,432)
w(1,25,0,433,433)
w(33,2,0,434,434)
w(12,6,0,435,435)
r(2,18,0,436,436)
w(50,1,0,437,437)
w(2,19,0,438,438)
w(67,2,0,439,439)
r(0,52,0,440,440)
w(10,5,0,441,441)
w(11,7,0,442,442)
w(128,1,0,443,443)
w(0,53,0,444,444)
w(0,54,0,445,445)
w(98,2,0,446,446)
w(28,3,0,447,447)
w(198,1,0,448,448)
w(233,1,0,449,449)
w(24,3,0,450,450)
w(58,3,0,451,451)
w(84,1,0,452,452)
w(13,4,0,453,453)
w(71,3,0,454,454)
w(64,2,0,455,455)
w(143,1,0,456,456)
w(23,2,0,457,457)
w(2,20,0,458,458)
w(3,14,0,459,459)
w(23,3,0,460,460)
w(1,26,0,461,461)
w(6,11,0,462,462)
w(82,1,0,463,463)
w(116,1,0,464,464)
w(47,2,0,465,465)
w(116,2,0,466,466)
w(15,4,0,467,467)
w(2,21,0,468,468)
w(396,1,0,469,469)
w(0,55,0,470,470)
w(141,3,0,471,471)
r(475,0,0,472,472)
w(2,22,0,473,473)
w(1,27,0,474,474)
r(3,14,0,475,475)
w(179,1,0,476,476)
w(2,23,0,477,477)
w(38,4,0,478,478)
r(7,5,0,479,479)
w(17,4,0,480,480)
w(20,4,0,481,481)
w(46,2,0,482,482)
w(0,56,0,483,483)
w(132,2,0,484,484)
w(35,1,0,485,485)
r(514,0,0,486,486)
w(8,7,0,487,487)
w(308,1,0,488,488)
w(8,8,0,489,489)
w(24,4,0,490,490)
w(306,1,0,491,491)
w(36,3,0,492,492)
w(430,1,0,493,493)
w(73,2,0,494,494)
w(13,5,0,495,495)
w(55,1,0,496,496)
w(481,1,0,497,497)
w(237,2,0,498,498)
w(0,57,0,499,499)
w(0,58,1,0,0)
w(947,1,1,1,1)
w(257,1,1,2,2)
r(19,5,1,3,3)
w(3,15,1,4,4)
w(54,2,1,5,5)
w(456,1,1,6,6)
w(40,2,1,7,7)
w(12,7,1,8,8)
w(0,59,1,9,9)
w(158,1,1,10,10)
w(0,60,1,11,11)
w(22,3,1,12,12)
w(271,1,1,13,13)
w(2,24,1,14,14)
r(0,60,1,15,15)
w(485,2,1,16,16)
w(561,1,1,17,17)
w(48,1,1,18,18)
w(126,1,1,19,19)
w(305,1,1,20,20)
w(10,6,1,21,21)
w(20,5,1,22,22)
w(0,61,1,23,23)
w(6,12,1,24,24)
w(1,28,1,25,25)
w(508,1,1,26,26)
w(60,4,1,27,27)
w(2,25,1,28,28)
w(7,6,1,29,29)
w(5,9,1,30,30)
w(14,8,1,31,31)
w(182,1,1,32,32)
w(3,16,1,33,33)
w(4,10,1,34,34)
w(0,62,1,35,35)
w(1,29,1,36,36)
w(149,2,1,37,37)
w(551,1,1,38,38)
w(40,3,1,39,39)
w(549,2,1,40,40)
w(14,9,1,41,41)
w(347,1,1,42,42)
w(48,2,1,43,43)
w(1,30,1,44,44)
w(12,8,1,45,45)
w(1,31,1,46,46)
w(7,7,1,47,47)
w(6,13,1,48,48)
w(1,32,1,49,49)
w(69,1,1,50,50)
w(0,63,1,51,51)
w(310,1,1,52,52)
w(21,2,1,53,53)
w(152,2,1,54,54)
w(0,64,1,55,55)
w(398,2,1,56,56)
w(0,65,1,57,57)
w(49,3,1,58,58)
w(8,9,1,59,59)
r(3,16,1,60,60)
w(7,8,1,61,61)
w(4,11,1,62,62)
w(404,1,1,63,63)
w(37,3,1,64,64)
w(496,1,1,65,65)
w(0,66,1,66,66)
w(2,26,1,67,67)
w(0,67,1,68,68)
r(432,0,1,69,69)
w(1,33,1,70,70)
w(21,3,1,71,71)
r(255,0,1,72,72)
w(59,1,1,73,73)
w(807,1,1,74,74)
w(31,3,1,75,75)
w(63,1,1,76,76)
w(20,6,1,77,77)
w(41,1,1,78,78)
w(609,2,1,79,79)
w(523,1,1,80,80)
w(86,1,1,81,81)
w(12,9,1,82,82)
w(0,68,1,83,83)
w(398,3,1,84,84)
w(278,1,1,85,85)
w(4,12,1,86,86)
w(142,2,1,87,87)
w(51,1,1,88,88)
w(3,17,1,89,89)
w(121,1,1,90,90)
w(526,1,1,91,91)
w(10,7,1,92,92)
w(2,27,1,93,93)
w(33,3,1,94,94)
w(94,1,1,95,95)
w(554,1,1,96,96)
r(1,33,1,97,97)
r(97,0,1,98,98)
w(1,34,1,99,99)
w(107,1,1,100,100)
r(8,9,1,101,101)
w(9,11,1,102,102)
w(24,5,1,103,103)
w(101,2,1,104,104)
w(349,1,1,105,105)
w(2,28,1,106,106)
w(3,18,1,107,107)
w(4,13,1,108,108)
w(4,14,1,109,109)
w(4,15,1,110,110)
w(199,1,1,111,111)
w(87,2,1,112,112)
w(482,1,1,113,113)
w(45,1,1,114,114)
w(19,6,1,115,115)
w(39,1,1,116,116)
w(0,69,1,117,117)
w(2,29,1,118,118)
w(75,2,1,119,119)
r(13,5,1,120,120)
w(5,10,1,121,121)
r(130,0,1,122,122)
w(435,1,1,123,123)
w(13,6,1,124,124)
w(0,70,1,125,125)
w(99,2,1,126,126)
w(1,35,1,127,127)
w(39,2,1,128,128)
w(78,1,1,129,129)
w(395,1,1,130,130)
w(826,1,1,131,131)
w(211,1,1,132,132)
w(0,71,1,133,133)
w(49,4,1,134,134)
w(881,1,1,135,135)
w(34,5,1,136,136)
w(189,1,1,137,137)
w(3,19,1,138,138)
w(28,4,1,139,139)
r(61,3,1,140,140)
w(126,2,1,141,141)
w(210,1,1,142,142)
w(10,8,1,143,143)
w(543,1,1,144,144)
w(0,72,1,145,145)
w(19,7,1,146,146)
w(43,3,1,147,147)
w(80,2,1,148,148)
w(25,1,1,149,149)
w(6,14,1,150,150)
w(3,20,1,151,151)
w(80,3,1,152,152)
r(20,6,1,153,153)
r(11,7,1,154,154)
w(750,1,1,155,155)
w(2,30,1,156,156)
w(16,2,1,157,157)
w(0,73,1,158,158)
w(5,11,1,159,159)
w(4,16,1,160,160)
w(0,74,1,161,161)
w(352,1,1,162,162)
r(4,16,1,163,163)
w(170,1,1,164,164)
w(2,31,1,165,165)
w(0,75,1,166,166)
w(0,76,1,167,167)
w(0,77,1,168,168)
r(16,2,1,169,169)
w(427,1,1,170,170)
w(3,21,1,171,171)
w(9,12,1,172,172)
w(20,7,1,173,173)
w(0,78,1,174,174)
w(33,4,1,175,175)
w(356,1,1,176,176)
r(4,16,1,177,177)
w(0,79,1,178,178)
w(36,4,1,179,179)
w(0,80,1,180,180)
w(84,2,1,181,181)
w(11,8,1,182,182)
w(538,1,1,183,183)
w(0,81,1,184,184)
w(4,17,1,185,185)
w(7,9,1,186,186)
w(0,82,1,187,187)
w(14,10,1,188,188)
w(476,1,1,189,189)
w(1,36,1,190,190)
w(469,1,1,191,191)
w(15,5,1,192,192)
w(540,2,1,193,193)
w(10,9,1,194,194)
w(24,6,1,195,195)
w(0,83,1,196,196)
w(6,15,1,197,197)
w(63,2,1,198,198)
w(0,84,1,199,199)
w(194,1,1,200,200)
w(8,10,1,201,201)
w(0,85,1,202,202)
w(89,1,1,203,203)
w(67,3,1,204,204)
r(913,0,1,205,205)
w(2,32,1,206,206)
w(566,1,1,207,207)
w(19,8,1,208,208)
w(190,1,1,209,209)
w(112,2,1,210,210)
w(3,22,1,211,211)
w(750,2,1,212,212)
r(6,15,1,213,213)
w(690,1,1,214,214)
w(4,18,1,215,215)
w(135,1,1,216,216)
w(0,86,1,217,217)
w(168,1,1,218,218)
w(87,3,1,219,219)
r(67,3,1,220,220)
w(14,11,1,221,221)
w(976,1,1,222,222)
w(1,37,1,223,223)
r(923,0,1,224,224)
w(24,7,1,225,225)
w(34,6,1,226,226)
w(272,1,1,227,227)
w(4,19,1,228,228)
w(6,16,1,229,229)
w(68,1,1,230,230)
w(3,23,1,231,231)
w(1,38,1,232,232)
w(1,39,1,233,233)
w(64,3,1,234,234)
w(220,1,1,235,235)
w(18,3,1,236,236)
w(20,8,1,237,237)
w(510,1,1,238,238)
w(0,87,1,239,239)
w(78,2,1,240,240)
w(363,1,1,241,241)
w(51,2,1,242,242)
w(8,11,1,243,243)
w(0,88,1,244,244)
w(44,1,1,245,245)
w(2,33,1,246,246)
w(0,89,1,247,247)
w(9,13,1,248,248)
w(0,90,1,249,249)
w(14,12,1,250,250)
w(2,34,1,251,251)
w(17,5,1,252,252)
w(3,24,1,253,253)
w(95,1,1,254,254)
w(155,2,1,255,255)
w(79,1,1,256,256)
w(0,91,1,257,257)
w(44,2,1,258,258)
w(0,92,1,259,259)
w(2,35,1,260,260)
w(18,4,1,261,261)
w(1,40,1,262,262)
w(7,10,1,263,263)
w(3,25,1,264,264)
w(9,14,1,265,265)
w(32,2,1,266,266)
w(11,9,1,267,267)
w(7,11,1,268,268)
w(331,3,1,269,269)
w(445,1,1,270,270)
w(0,93,1,271,271)
w(38,5,1,272,272)
w(219,1,1,273,273)
w(78,3,1,274,274)
w(849,1,1,275,275)
w(10,10,1,276,276)
w(353,2,1,277,277)
w(7,12,1,278,278)
w(0,94,1,279,279)
w(892,1,1,280,280)
w(32,3,1,281,281)
w(40,4,1,282,282)
w(8,12,1,283,283)
w(0,95,1,284,284)
w(30,1,1,285,285)
r(82,1,1,286,286)
w(189,2,1,287,287)
w(3,26,1,288,288)
w(27,2,1,289,289)
w(7,13,1,290,290)
w(271,2,1,291,291)
w(6,17,1,292,292)
w(794,1,1,293,293)
w(187,2,1,294,294)
w(47,3,1,295,295)
w(6,18,1,296,296)
w(36,5,1,297,297)
w(2,36,1,298,298)
w(54,3,1,299,299)
w(9,15,1,300,300)
w(3,27,1,301,301)
w(476,2,1,302,302)
w(952,1,1,303,303)
w(2,37,1,304,304)
w(3,28,1,305,305)
r(204,2,1,306,306)
w(2,38,1,307,307)
w(48,3,1,308,308)
w(426,1,1,309,309)
w(443,1,1,310,310)
w(20,9,1,311,311)
w(264,1,1,312,312)
w(8,13,1,313,313)
w(19,9,1,314,314)
w(3,29,1,315,315)
w(0,96,1,316,316)
w(850,1,1,317,317)
r(95,1,1,318,318)
w(0,97,1,319,319)
w(201,2,1,320,320)
w(18,5,1,321,321)
w(27,3,1,322,322)
w(1,41,1,323,323)
w(1,42,1,324,324)
r(6,18,1,325,325)
w(0,98,1,326,326)
w(5,12,1,327,327)
w(15,6,1,328,328)
w(365,1,1,329,329)
w(159,1,1,330,330)
w(232,1,1,331,331)
w(289,1,1,332,332)
w(243,1,1,333,333)
w(9,16,1,334,334)
w(232,2,1,335,335)
w(78,4,1,336,336)
w(0,99,1,337,337)
w(154,1,1,338,338)
w(1,43,1,339,339)
w(4,20,1,340,340)
w(16,3,1,341,341)
w(961,1,1,342,342)
w(610,1,1,343,343)
r(14,12,1,344,344)
w(553,1,1,345,345)
w(64,4,1,346,346)
w(1,44,1,347,347)
w(28,5,1,348,348)
w(5,13,1,349,349)
w(0,100,1,350,350)
w(255,1,1,351,351)
w(2,39,1,352,352)
w(19,10,1,353,353)
w(12,10,1,354,354)
r(26,3,1,355,355)
w(0,101,1,356,356)
w(197,1,1,357,357)
w(253,1,1,358,358)
r(106,0,1,359,359)
w(4,21,1,360,360)
w(1,45,1,361,361)
w(0,102,1,362,362)
r(379,0,1,363,363)
w(170,2,1,364,364)
w(7,14,1,365,365)
w(51,3,1,366,366)
w(21,4,1,367,367)
r(762,0,1,368,368)
w(0,103,1,369,369)
w(191,1,1,370,370)
w(136,2,1,371,371)
w(1,46,1,372,372)
w(17,6,1,373,373)
w(0,104,1,374,374)
w(39,3,1,375,375)
w(2,40,1,376,376)
w(13,7,1,377,377)
w(19,11,1,378,378)
w(0,105,1,379,379)
w(29,2,1,380,380)
w(139,2,1,381,381)
r(4,21,1,382,382)
r(3,29,1,383,383)
w(987,1,1,384,384)
w(0,106,1,385,385)
w(135,2,1,386,386)
w(16,4,1,387,387)
w(2,41,1,388,388)
w(0,107,1,389,389)
w(5,14,1,390,390)
w(114,2,1,391,391)
w(2,42,1,392,392)
w(713,1,1,393,393)
w(0,108,1,394,394)
w(26,4,1,395,395)
w(53,1,1,396,396)
w(0,109,1,397,397)
w(1,47,1,398,398)
w(21,5,1,399,399)
w(4,22,1,400,400)
w(4,23,1,401,401)
r(650,0,1,402,402)
w(0,110,1,403,403)
w(1,48,1,404,404)
w(94,2,1,405,405)
w(6,19,1,406,406)
r(689,1,1,407,407)
w(0,111,1,408,408)
r(0,111,1,409,409)
w(9,17,1,410,410)
w(21,6,1,411,411)
w(13,8,1,412,412)
w(12,11,1,413,413)
w(105,1,1,414,414)
w(61,4,1,415,415)
w(5,15,1,416,416)
w(2,43,1,417,417)
w(47,4,1,418,418)
w(2,44,1,419,419)
r(443,1,1,420,420)
w(90,2,1,421,421)
w(6,20,1,422,422)
w(1,49,1,423,423)
w(18,6,1,424,424)
w(118,1,1,425,425)
w(294,1,1,426,426)
r(28,5,1,427,427)
w(3,30,1,428,428)
w(74,2,1,429,429)
w(2,45,1,430,430)
w(99,3,1,431,431)
w(0,112,1,432,432)
w(7,15,1,433,433)
w(0,113,1,434,434)
w(651,1,1,435,435)
w(6,21,1,436,436)
w(47,5,1,437,437)
w(20,10,1,438,438)
w(352,2,1,439,439)
r(1,49,1,440,440)
w(1,50,1,441,441)
w(31,4,1,442,442)
w(623,1,1,443,443)
w(0,114,1,444,444)
w(534,1,1,445,445)
w(245,1,1,446,446)
w(4,24,1,447,447)
w(278,2,1,448,448)
w(569,2,1,449,449)
w(94,3,1,450,450)
w(16,5,1,451,451)
w(313,1,1,452,452)
w(861,1,1,453,453)
r(111,0,1,454,454)
w(6,22,1,455,455)
w(4,25,1,456,456)
w(233,2,1,457,457)
w(482,2,1,458,458)
w(1,51,1,459,459)
w(6,23,1,460,460)
w(630,1,1,461,461)
w(50,2,1,462,462)
w(185,1,1,463,463)
w(772,1,1,464,464)
w(14,13,1,465,465)
w(4,26,1,466,466)
w(62,2,1,467,467)
w(9,18,1,468,468)
w(16,6,1,469,469)
w(6,24,1,470,470)
w(16,7,1,471,471)
w(17,7,1,472,472)
w(1,52,1,473,473)
w(0,115,1,474,474)
w(2,46,1,475,475)
w(872,1,1,476,476)
w(2,47,1,477,477)
w(17,8,1,478,478)
w(394,1,1,479,479)
w(39,4,1,480,480)
r(3,30,1,481,481)
r(215,0,1,482,482)
w(150,1,1,483,483)
w(45,2,1,484,484)
w(2,48,1,485,485)
w(75,3,1,486,486)
w(495,1,1,487,487)
w(218,1,1,488,488)
w(6,25,1,489,489)
w(585,1,1,490,490)
w(126,3,1,491,491)
w(3,31,1,492,492)
w(0,116,1,493,493)
w(38,6,1,494,494)
w(17,9,1,495,495)
w(0,117,1,496,496)
w(4,27,1,497,497)
w(1,53,1,498,498)
w(694,1,1,499,499)
w(1,54,2,0,0)
w(356,2,2,1,1)
w(61,5,2,2,2)
w(0,118,2,3,3)
w(4,28,2,4,4)
w(528,1,2,5,5)
w(63,3,2,6,6)
w(202,2,2,7,7)
w(562,1,2,8,8)
w(0,119,2,9,9)
r(8,13,2,10,10)
r(0,119,2,11,11)
w(46,3,2,12,12)
r(262,2,2,13,13)
w(0,120,2,14,14)
r(12,11,2,15,15)
r(79,1,2,16,16)
w(58,4,2,17,17)
w(15,7,2,18,18)
w(90,3,2,19,19)
w(58,5,2,20,20)
w(92,1,2,21,21)
w(7,16,2,22,22)
w(59,2,2,23,23)
r(1,54,2,24,24)
r(8,13,2,25,25)
w(2,49,2,26,26)
w(431,1,2,27,27)
w(13,9,2,28,28)
w(37,4,2,29,29)
w(190,2,2,30,30)
w(43,4,2,31,31)
w(3,32,2,32,32)
w(1,55,2,33,33)
w(1,56,2,34,34)
r(898,0,2,35,35)
w(8,14,2,36,36)
w(0,121,2,37,37)
w(10,11,2,38,38)
r(1,56,2,39,39)
w(2,50,2,40,40)
w(22,4,2,41,41)
w(0,122,2,42,42)
w(3,33,2,43,43)
w(22,5,2,44,44)
w(9,19,2,45,45)
w(34,7,2,46,46)
w(1,57,2,47,47)
w(0,123,2,48,48)
w(10,12,2,49,49)
w(9,20,2,50,50)
w(1,58,2,51,51)
w(294,2,2,52,52)
w(5,16,2,53,53)
w(17,10,2,54,54)
w(2,51,2,55,55)
w(1,59,2,56,56)
w(1,60,2,57,57)
w(13,10,2,58,58)
r(18,6,2,59,59)
w(369,1,2,60,60)
w(349,2,2,61,61)
w(6,26,2,62,62)
w(116,3,2,63,63)
w(457,1,2,64,64)
w(1,61,2,65,65)
w(106,1,2,66,66)
w(324,1,2,67,67)
w(175,1,2,68,68)
w(8,15,2,69,69)
w(2,52,2,70,70)
w(2,53,2,71,71)
w(551,2,2,72,72)
w(121,2,2,73,73)
w(1,62,2,74,74)
w(266,1,2,75,75)
w(0,124,2,76,76)
w(8,16,2,77,77)
w(0,125,2,78,78)
w(127,1,2,79,79)
w(0,126,2,80,80)
w(69,2,2,81,81)
w(16,8,2,82,82)
w(2,54,2,83,83)
w(65,2,2,84,84)
r(31,4,2,85,85)
w(101,3,2,86,86)
w(7,17,2,87,87)
w(21,7,2,88,88)
w(1,63,2,89,89)
w(42,1,2,90,90)
w(555,1,2,91,91)
w(666,1,2,92,92)
w(369,2,2,93,93)
w(52,2,2,94,94)
w(348,3,2,95,95)
w(1,64,2,96,96)
w(63,4,2,97,97)
w(528,2,2,98,98)
w(765,1,2,99,99)
w(8,17,2,100,100)
w(3,34,2,101,101)
w(17,11,2,102,102)
w(45,3,2,103,103)
r(19,11,2,104,104)
w(9,21,2,105,105)
w(38,7,2,106,106)
w(374,3,2,107,107)
w(536,1,2,108,108)
r(436,0,2,109,109)
w(661,1,2,110,110)
w(64,5,2,111,111)
w(401,1,2,112,112)
w(1,65,2,113,113)
r(23,3,2,114,114)
w(4,29,2,115,115)
w(1,66,2,116,116)
w(364,1,2,117,117)
w(21,8,2,118,118)
w(631,1,2,119,119)
w(6,27,2,120,120)
w(9,22,2,121,121)
w(10,13,2,122,122)
w(93,1,2,123,123)
w(0,127,2,124,124)
w(0,128,2,125,125)
w(160,2,2,126,126)
w(1,67,2,127,127)
w(1,68,2,128,128)
w(136,3,2,129,129)
w(0,129,2,130,130)
r(116,3,2,131,131)
w(690,2,2,132,132)
w(0,130,2,133,133)
w(0,131,2,134,134)
w(203,1,2,135,135)
w(67,4,2,136,136)
r(21,8,2,137,137)
w(488,1,2,138,138)
w(78,5,2,139,139)
w(5,17,2,140,140)
w(148,1,2,141,141)
w(133,1,2,142,142)
w(2,55,2,143,143)
w(29,3,2,144,144)
w(334,1,2,145,145)
w(778,1,2,146,146)
w(502,1,2,147,147)
w(0,132,2,148,148)
r(112,2,2,149,149)
w(13,11,2,150,150)
w(18,7,2,151,151)
w(0,133,2,152,152)
r(157,0,2,153,153)
w(411,1,2,154,154)
w(4,30,2,155,155)
w(41,2,2,156,156)
w(225,2,2,157,157)
w(86,2,2,158,158)
w(0,134,2,159,159)
w(570,1,2,160,160)
w(0,135,2,161,161)
r(2,55,2,162,162)
w(45,4,2,163,163)
w(3,35,2,164,164)
w(3,36,2,165,165)
w(186,1,2,166,166)
w(1,69,2,167,167)
w(0,136,2,168,168)
w(2,56,2,169,169)
w(538,2,2,170,170)
w(154,2,2,171,171)
w(4,31,2,172,172)
w(22,6,2,173,173)
w(0,137,2,174,174)
w(0,138,2,175,175)
w(37,5,2,176,176)
w(46,4,2,177,177)
w(279,1,2,178,178)
w(1,70,2,179,179)
w(1,71,2,180,180)
w(2,57,2,181,181)
w(278,3,2,182,182)
w(0,139,2,183,183)
w(131,1,2,184,184)
w(69,3,2,185,185)
w(30,2,2,186,186)
w(530,1,2,187,187)
w(94,4,2,188,188)
w(10,14,2,189,189)
w(85,2,2,190,190)
w(51,4,2,191,191)
w(496,2,2,192,192)
w(42,2,2,193,193)
w(83,1,2,194,194)
w(310,2,2,195,195)
r(282,0,2,196,196)
w(61,6,2,197,197)
w(14,14,2,198,198)
w(17,12,2,199,199)
w(20,11,2,200,200)
w(10,15,2,201,201)
w(0,140,2,202,202)
w(5,18,2,203,203)
w(0,141,2,204,204)
w(388,1,2,205,205)
w(1,72,2,206,206)
w(22,7,2,207,207)
w(0,142,2,208,208)
w(1,73,2,209,209)
w(104,2,2,210,210)
w(0,143,2,211,211)
w(134,1,2,212,212)
w(561,2,2,213,213)
w(0,144,2,214,214)
w(165,1,2,215,215)
w(407,1,2,216,216)
w(11,10,2,217,217)
r(0,144,2,218,218)
w(127,2,2,219,219)
w(229,1,2,220,220)
w(4,32,2,221,221)
w(623,2,2,222,222)
w(25,2,2,223,223)
w(13,12,2,224,224)
w(36,6,2,225,225)
w(736,1,2,226,226)
w(5,19,2,227,227)
r(60,4,2,228,228)
r(94,4,2,229,229)
w(1,74,2,230,230)
r(4,32,2,231,231)
w(59,3,2,232,232)
w(56,2,2,233,233)
w(44,3,2,234,234)
w(0,145,2,235,235)
w(15,8,2,236,236)
w(358,1,2,237,237)
w(449,2,2,238,238)
r(132,2,2,239,239)
w(1,75,2,240,240)
w(8,18,2,241,241)
w(250,1,2,242,242)
w(2,58,2,243,243)
w(182,2,2,244,244)
w(0,146,2,245,245)
w(1,76,2,246,246)
w(16,9,2,247,247)
w(15,9,2,248,248)
w(0,147,2,249,249)
w(3,37,2,250,250)
w(19,12,2,251,251)
w(165,2,2,252,252)
w(82,2,2,253,253)
w(1,77,2,254,254)
w(31,5,2,255,255)
w(10,16,2,256,256)
w(15,10,2,257,257)
r(194,1,2,258,258)
w(9,23,2,259,259)
w(94,5,2,260,260)
w(2,59,2,261,261)
w(0,148,2,262,262)
w(9,24,2,263,263)
w(486,1,2,264,264)
w(85,3,2,265,265)
w(0,149,2,266,266)
w(825,1,2,267,267)
w(147,1,2,268,268)
w(0,150,2,269,269)
w(187,3,2,270,270)
w(934,1,2,271,271)
w(84,3,2,272,272)
w(0,151,2,273,273)
w(122,2,2,274,274)
w(10,17,2,275,275)
w(14,15,2,276,276)
w(0,152,2,277,277)
w(0,153,2,278,278)
w(80,4,2,279,279)
w(127,3,2,280,280)
w(10,18,2,281,281)
w(29,4,2,282,282)
w(60,5,2,283,283)
w(0,154,2,284,284)
r(36,6,2,285,285)
w(0,155,2,286,286)
w(0,156,2,287,287)
w(0,157,2,288,288)
w(3,38,2,289,289)
w(139,3,2,290,290)
r(3,38,2,291,291)
w(912,1,2,292,292)
w(0,158,2,293,293)
w(12,12,2,294,294)
w(900,1,2,295,295)
w(45,5,2,296,296)
r(1,77,2,297,297)
w(95,2,2,298,298)
w(912,2,2,299,299)
w(165,3,2,300,300)
w(4,33,2,301,301)
w(22,8,2,302,302)
w(174,1,2,303,303)
w(4,34,2,304,304)
r(12,12,2,305,305)
w(0,159,2,306,306)
w(78,6,2,307,307)
w(46,5,2,308,308)
w(537,1,2,309,309)
w(16,10,2,310,310)
w(0,160,2,311,311)
w(188,1,2,312,312)
w(0,161,2,313,313)
r(234,0,2,314,314)
w(9,25,2,315,315)
w(300,2,2,316,316)
w(22,9,2,317,317)
w(1,78,2,318,318)
w(4,35,2,319,319)
w(30,3,2,320,320)
w(292,1,2,321,321)
w(18,8,2,322,322)
w(370,1,2,323,323)
w(768,1,2,324,324)
r(0,161,2,325,325)
w(610,2,2,326,326)
w(3,39,2,327,327)
w(1,79,2,328,328)
w(4,36,2,329,329)
w(43,5,2,330,330)
w(413,1,2,331,331)
w(58,6,2,332,332)
w(959,1,2,333,333)
w(8,19,2,334,334)
w(12,13,2,335,335)
w(12,14,2,336,336)
w(2,60,2,337,337)
w(946,1,2,338,338)
w(25,3,2,339,339)
w(0,162,2,340,340)
w(11,11,2,341,341)
w(222,2,2,342,342)
r(23,3,2,343,343)
w(70,2,2,344,344)
w(197,2,2,345,345)
w(456,2,2,346,346)
w(37,6,2,347,347)
w(472,1,2,348,348)
w(149,3,2,349,349)
w(6,28,2,350,350)
w(0,163,2,351,351)
w(484,1,2,352,352)
r(10,18,2,353,353)
w(28,6,2,354,354)
w(13,13,2,355,355)
w(88,2,2,356,356)
w(0,164,2,357,357)
w(7,18,2,358,358)
w(3,40,2,359,359)
w(124,2,2,360,360)
w(1,80,2,361,361)
w(164,1,2,362,362)
w(337,1,2,363,363)
r(301,0,2,364,364)
r(257,1,2,365,365)
w(604,1,2,366,366)
r(1,80,2,367,367)
w(1,81,2,368,368)
w(6,29,2,369,369)
w(84,4,2,370,370)
w(358,2,2,371,371)
w(83,2,2,372,372)
w(3,41,2,373,373)
w(32,4,2,374,374)
w(132,3,2,375,375)
w(834,1,2,376,376)
r(346,0,2,377,377)
r(0,164,2,378,378)
r(202,2,2,379,379)
w(959,2,2,380,380)
w(3,42,2,381,381)
w(2,61,2,382,382)
w(174,2,2,383,383)
w(0,165,2,384,384)
r(17,12,2,385,385)
w(411,2,2,386,386)
w(0,166,2,387,387)
w(8,20,2,388,388)
w(15,11,2,389,389)
w(0,167,2,390,390)
w(3,43,2,391,391)
w(71,4,2,392,392)
r(18,8,2,393,393)
r(0,167,2,394,394)
w(385,1,2,395,395)
w(40,5,2,396,396)
w(129,1,2,397,397)
r(20,11,2,398,398)
w(233,3,2,399,399)
w(204,3,2,400,400)
w(3,44,2,401,401)
w(1,82,2,402,402)
w(68,2,2,403,403)
w(91,1,2,404,404)
r(162,2,2,405,405)
w(1,83,2,406,406)
r(0,167,2,407,407)
w(14,16,2,408,408)
w(826,2,2,409,409)
w(539,2,2,410,410)
r(2,61,2,411,411)
w(307,1,2,412,412)
w(49,5,2,413,413)
r(141,3,2,414,414)
w(5,20,2,415,415)
w(49,6,2,416,416)
r(88,2,2,417,417)
r(11,11,2,418,418)
r(48,3,2,419,419)
w(546,1,2,420,420)
w(1,84,2,421,421)
r(171,0,2,422,422)
r(16,10,2,423,423)
w(102,1,2,424,424)
w(1,85,2,425,425)
r(0,167,2,426,426)
w(242,2,2,427,427)
w(517,2,2,428,428)
w(24,8,2,429,429)
w(0,168,2,430,430)
w(8,21,2,431,431)
w(131,2,2,432,432)
w(0,169,2,433,433)
w(101,4,2,434,434)
r(0,169,2,435,435)
r(3,44,2,436,436)
w(0,170,2,437,437)
w(0,171,2,438,438)
w(50,3,2,439,439)
w(31,6,2,440,440)
w(441,1,2,441,441)
w(16,11,2,442,442)
w(7,19,2,443,443)
w(432,1,2,444,444)
w(17,13,2,445,445)
w(1,86,2,446,446)
w(27,4,2,447,447)
w(5,21,2,448,448)
w(102,2,2,449,449)
w(84,5,2,450,450)
r(405,0,2,451,451)
w(991,1,2,452,452)
w(260,1,2,453,453)
w(0,172,2,454,454)
w(0,173,2,455,455)
w(500,1,2,456,456)
w(3,45,2,457,457)
r(0,173,2,458,458)
w(72,1,2,459,459)
w(15,12,2,460,460)
w(165,4,2,461,461)
w(170,3,2,462,462)
w(77,3,2,463,463)
w(5,22,2,464,464)
w(23,4,2,465,465)
w(265,1,2,466,466)
w(517,3,2,467,467)
w(9,26,2,468,468)
w(4,37,2,469,469)
w(395,2,2,470,470)
w(168,2,2,471,471)
w(0,174,2,472,472)
w(0,175,2,473,473)
w(1,87,2,474,474)
w(11,12,2,475,475)
w(795,2,2,476,476)
w(94,6,2,477,477)
w(55,2,2,478,478)
w(1,88,2,479,479)
w(3,46,2,480,480)
w(24,9,2,481,481)
w(0,176,2,482,482)
w(138,3,2,483,483)
w(33,5,2,484,484)
w(126,4,2,485,485)
w(606,1,2,486,486)
r(2,61,2,487,487)
w(574,1,2,488,488)
w(3,47,2,489,489)
w(267,1,2,490,490)
w(33,6,2,491,491)
w(151,1,2,492,492)
w(203,2,2,493,493)
w(25,4,2,494,494)
w(39,5,2,495,495)
w(4,38,2,496,496)
w(14,17,2,497,497)
w(40,6,2,498,498)
w(1,89,2,499,499)
w(342,2,3,0,0)
w(40,7,3,1,1)
w(9,27,3,2,2)
r(127,3,3,3,3)
w(60,6,3,4,4)
w(72,2,3,5,5)
w(120,1,3,6,6)
w(0,177,3,7,7)
r(0,177,3,8,8)
w(3,48,3,9,9)
w(5,23,3,10,10)
w(14,18,3,11,11)
w(3,49,3,12,12)
w(27,5,3,13,13)
w(937,1,3,14,14)
r(1,89,3,15,15)
w(16,12,3,16,16)
w(7,20,3,17,17)
w(92,2,3,18,18)
w(1,90,3,19,19)
w(247,1,3,20,20)
w(249,1,3,21,21)
w(16,13,3,22,22)
w(244,1,3,23,23)
w(0,178,3,24,24)
r(0,178,3,25,25)
w(10,19,3,26,26)
w(9,28,3,27,27)
w(529,2,3,28,28)
w(0,179,3,29,29)
w(0,180,3,30,30)
w(4,39,3,31,31)
w(0,181,3,32,32)
w(281,1,3,33,33)
w(0,182,3,34,34)
w(958,1,3,35,35)
w(60,7,3,36,36)
w(28,7,3,37,37)
w(2,62,3,38,38)
w(34,8,3,39,39)
r(0,182,3,40,40)
w(60,8,3,41,41)
w(703,1,3,42,42)
w(19,13,3,43,43)
w(299,1,3,44,44)
w(0,183,3,45,45)
w(899,1,3,46,46)
w(49,7,3,47,47)
w(0,184,3,48,48)
w(79,2,3,49,49)
w(6,30,3,50,50)
w(112,3,3,51,51)
w(10,20,3,52,52)
w(4,40,3,53,53)
w(0,185,3,54,54)
w(40,8,3,55,55)
w(0,186,3,56,56)
r(220,1,3,57,57)
w(5,24,3,58,58)
w(9,29,3,59,59)
w(585,2,3,60,60)
w(190,3,3,61,61)
w(110,1,3,62,62)
w(8,22,3,63,63)
w(49,8,3,64,64)
w(51,5,3,65,65)
w(100,1,3,66,66)
w(159,2,3,67,67)
r(352,2,3,68,68)
r(9,29,3,69,69)
w(787,1,3,70,70)
w(630,2,3,71,71)
w(34,9,3,72,72)
w(0,187,3,73,73)
w(4,41,3,74,74)
w(3,50,3,75,75)
w(1,91,3,76,76)
w(129,2,3,77,77)
w(1,92,3,78,78)
w(129,3,3,79,79)
w(303,1,3,80,80)
w(304,1,3,81,81)
w(0,188,3,82,82)
w(2,63,3,83,83)
w(660,1,3,84,84)
r(97,0,3,85,85)
w(87,4,3,86,86)
w(0,189,3,87,87)
w(10,21,3,88,88)
w(140,2,3,89,89)
r(4,41,3,90,90)
w(0,190,3,91,91)
w(6,31,3,92,92)
r(3,50,3,93,93)
w(0,191,3,94,94)
w(57,1,3,95,95)
w(0,192,3,96,96)
w(3,51,3,97,97)
r(167,1,3,98,98)
w(1,93,3,99,99)
w(103,1,3,100,100)
w(94,7,3,101,101)
w(10,22,3,102,102)
w(2,64,3,103,103)
r(612,0,3,104,104)
w(77,4,3,105,105)
w(52,3,3,106,106)
w(1,94,3,107,107)
w(8,23,3,108,108)
w(231,1,3,109,109)
w(0,193,3,110,110)
w(741,1,3,111,111)
w(1,95,3,112,112)
w(467,1,3,113,113)
w(18,9,3,114,114)
w(6,32,3,115,115)
r(677,0,3,116,116)
w(4,42,3,117,117)
w(22,10,3,118,118)
w(15,13,3,119,119)
w(12,15,3,120,120)
w(7,21,3,121,121)
w(135,3,3,122,122)
w(0,194,3,123,123)
w(849,2,3,124,124)
w(14,19,3,125,125)
r(10,22,3,126,126)
w(70,3,3,127,127)
w(558,1,3,128,128)
w(355,1,3,129,129)
w(595,1,3,130,130)
w(61,7,3,131,131)
w(0,195,3,132,132)
w(95,3,3,133,133)
w(0,196,3,134,134)
r(90,3,3,135,135)
w(4,43,3,136,136)
w(151,2,3,137,137)
w(1,96,3,138,138)
w(1,97,3,139,139)
w(0,197,3,140,140)
w(1,98,3,141,141)
w(225,3,3,142,142)
w(16,14,3,143,143)
r(1,98,3,144,144)
w(259,1,3,145,145)
w(948,1,3,146,146)
w(60,9,3,147,147)
w(3,52,3,148,148)
w(25,5,3,149,149)
w(21,9,3,150,150)
w(492,1,3,151,151)
w(682,1,3,152,152)
w(3,53,3,153,153)
w(663,1,3,154,154)
w(3,54,3,155,155)
w(0,198,3,156,156)
w(45,6,3,157,157)
w(77,5,3,158,158)
w(2,65,3,159,159)
w(30,4,3,160,160)
r(906,0,3,161,161)
w(6,33,3,162,162)
w(75,4,3,163,163)
w(2,66,3,164,164)
w(0,199,3,165,165)
r(71,4,3,166,166)
w(416,1,3,167,167)
w(16,15,3,168,168)
w(13,14,3,169,169)
r(3,54,3,170,170)
w(5,25,3,171,171)
w(326,2,3,172,172)
w(35,2,3,173,173)
w(183,1,3,174,174)
w(1,99,3,175,175)
w(20,12,3,176,176)
w(5,26,3,177,177)
w(12,16,3,178,178)
w(45,7,3,179,179)
w(215,1,3,180,180)
w(97,1,3,181,181)
w(0,200,3,182,182)
r(2,66,3,183,183)
w(134,2,3,184,184)
w(10,23,3,185,185)
w(335,1,3,186,186)
w(2,67,3,187,187)
w(1,100,3,188,188)
w(204,4,3,189,189)
w(3,55,3,190,190)
w(40,9,3,191,191)
w(0,201,3,192,192)
w(247,2,3,193,193)
w(0,202,3,194,194)
w(26,5,3,195,195)
r(5,26,3,196,196)
r(5,26,3,197,197)
w(1,101,3,198,198)
w(578,1,3,199,199)
w(312,1,3,200,200)
w(1,102,3,201,201)
w(12,17,3,202,202)
w(0,203,3,203,203)
w(7,22,3,204,204)
w(0,204,3,205,205)
w(10,24,3,206,206)
w(575,1,3,207,207)
w(3,56,3,208,208)
w(180,2,3,209,209)
w(10,25,3,210,210)
w(47,6,3,211,211)
w(0,205,3,212,212)
w(0,206,3,213,213)
w(4,44,3,214,214)
w(9,30,3,215,215)
w(490,1,3,216,216)
w(43,6,3,217,217)
w(20,13,3,218,218)
w(238,2,3,219,219)
w(333,1,3,220,220)
r(76,3,3,221,221)
w(228,1,3,222,222)
w(15,14,3,223,223)
w(1,103,3,224,224)
w(0,207,3,225,225)
w(59,4,3,226,226)
w(4,45,3,227,227)
w(0,208,3,228,228)
w(9,31,3,229,229)
w(15,15,3,230,230)
w(1,104,3,231,231)
w(602,1,3,232,232)
w(8,24,3,233,233)
w(12,18,3,234,234)
w(4,46,3,235,235)
w(0,209,3,236,236)
w(308,2,3,237,237)
w(3,57,3,238,238)
w(0,210,3,239,239)
w(0,211,3,240,240)
w(196,4,3,241,241)
w(1,105,3,242,242)
w(5,27,3,243,243)
w(28,8,3,244,244)
w(5,28,3,245,245)
r(3,57,3,246,246)
w(0,212,3,247,247)
w(6,34,3,248,248)
w(1,106,3,249,249)
w(12,19,3,250,250)
w(509,1,3,251,251)
w(7,23,3,252,252)
w(2,68,3,253,253)
w(3,58,3,254,254)
w(376,1,3,255,255)
w(114,3,3,256,256)
w(0,213,3,257,257)
w(277,1,3,258,258)
w(201,3,3,259,259)
w(6,35,3,260,260)
w(10,26,3,261,261)
w(17,14,3,262,262)
w(11,13,3,263,263)
w(1,107,3,264,264)
w(6,36,3,265,265)
w(223,1,3,266,266)
w(15,16,3,267,267)
w(0,214,3,268,268)
w(77,6,3,269,269)
w(7,24,3,270,270)
w(0,215,3,271,271)
w(471,2,3,272,272)
w(25,6,3,273,273)
w(224,1,3,274,274)
w(19,14,3,275,275)
w(146,2,3,276,276)
w(1,108,3,277,277)
w(1,109,3,278,278)
w(762,1,3,279,279)
w(70,4,3,280,280)
w(21,10,3,281,281)
w(8,25,3,282,282)
r(339,0,3,283,283)
w(8,26,3,284,284)
w(0,216,3,285,285)
w(28,9,3,286,286)
w(704,1,3,287,287)
w(5,29,3,288,288)
w(5,30,3,289,289)
w(136,4,3,290,290)
w(59,5,3,291,291)
w(351,1,3,292,292)
r(3,58,3,293,293)
w(60,10,3,294,294)
r(15,16,3,295,295)
w(17,15,3,296,296)
w(0,217,3,297,297)
w(683,1,3,298,298)
w(0,218,3,299,299)
w(38,8,3,300,300)
r(623,2,3,301,301)
w(3,59,3,302,302)
w(347,2,3,303,303)
r(19,14,3,304,304)
w(0,219,3,305,305)
w(76,4,3,306,306)
w(27,6,3,307,307)
w(55,3,3,308,308)
w(22,11,3,309,309)
w(0,220,3,310,310)
w(35,3,3,311,311)
r(3,59,3,312,312)
w(228,2,3,313,313)
w(0,221,3,314,314)
w(3,60,3,315,315)
r(308,2,3,316,316)
w(57,2,3,317,317)
w(0,222,3,318,318)
w(980,1,3,319,319)
w(6,37,3,320,320)
r(456,2,3,321,321)
w(999,1,3,322,322)
w(181,1,3,323,323)
w(1,110,3,324,324)
w(510,2,3,325,325)
w(2,69,3,326,326)
w(10,27,3,327,327)
w(1,111,3,328,328)
w(0,223,3,329,329)
w(6,38,3,330,330)
w(502,2,3,331,331)
w(4,47,3,332,332)
w(12,20,3,333,333)
w(1,112,3,334,334)
r(1,112,3,335,335)
r(2,69,3,336,336)
w(287,2,3,337,337)
w(33,7,3,338,338)
w(169,1,3,339,339)
r(54,3,3,340,340)
w(15,17,3,341,341)
r(654,0,3,342,342)
w(153,1,3,343,343)
w(1,113,3,344,344)
w(84,6,3,345,345)
w(77,7,3,346,346)
w(91,2,3,347,347)
w(66,2,3,348,348)
w(6,39,3,349,349)
w(4,48,3,350,350)
w(327,1,3,351,351)
w(2,70,3,352,352)
w(29,5,3,353,353)
w(1,114,3,354,354)
w(1,115,3,355,355)
w(132,4,3,356,356)
w(1,116,3,357,357)
w(143,2,3,358,358)
w(8,27,3,359,359)
w(0,224,3,360,360)
w(259,2,3,361,361)
w(237,3,3,362,362)
w(773,1,3,363,363)
r(14,19,3,364,364)
w(49,9,3,365,365)
w(7,25,3,366,366)
w(319,1,3,367,367)
w(0,225,3,368,368)
r(4,48,3,369,369)
w(25,7,3,370,370)
w(2,71,3,371,371)
w(0,226,3,372,372)
w(0,227,3,373,373)
w(548,1,3,374,374)
w(4,49,3,375,375)
w(2,72,3,376,376)
r(1,116,3,377,377)
w(0,228,3,378,378)
w(2,73,3,379,379)
w(23,5,3,380,380)
w(208,1,3,381,381)
w(336,1,3,382,382)
w(19,15,3,383,383)
w(15,18,3,384,384)
w(30,5,3,385,385)
w(28,10,3,386,386)
w(47,7,3,387,387)
w(1,117,3,388,388)
w(0,229,3,389,389)
r(0,229,3,390,390)
r(507,0,3,391,391)
w(7,26,3,392,392)
r(1,117,3,393,393)
w(5,31,3,394,394)
w(70,5,3,395,395)
w(2,74,3,396,396)
w(150,2,3,397,397)
w(8,28,3,398,398)
w(27,7,3,399,399)
w(12,21,3,400,400)
w(0,230,3,401,401)
w(137,1,3,402,402)
w(5,32,3,403,403)
w(17,16,3,404,404)
w(10,28,3,405,405)
r(924,0,3,406,406)
w(302,1,3,407,407)
r(0,230,3,408,408)
w(82,3,3,409,409)
w(8,29,3,410,410)
w(7,27,3,411,411)
w(63,5,3,412,412)
w(139,4,3,413,413)
w(347,3,3,414,414)
w(4,50,3,415,415)
w(670,2,3,416,416)
r(3,60,3,417,417)
w(2,75,3,418,418)
w(1,118,3,419,419)
w(21,11,3,420,420)
w(786,1,3,421,421)
w(3,61,3,422,422)
w(0,231,3,423,423)
r(172,0,3,424,424)
r(1,118,3,425,425)
w(12,22,3,426,426)
w(12,23,3,427,427)
w(1,119,3,428,428)
w(601,1,3,429,429)
w(70,6,3,430,430)
r(8,29,3,431,431)
w(18,10,3,432,432)
w(37,7,3,433,433)
w(21,12,3,434,434)
r(217,0,3,435,435)
w(5,33,3,436,436)
w(351,2,3,437,437)
w(387,1,3,438,438)
w(308,3,3,439,439)
w(30,6,3,440,440)
w(681,1,3,441,441)
w(0,232,3,442,442)
w(1,120,3,443,443)
w(2,76,3,444,444)
w(370,2,3,445,445)
w(68,3,3,446,446)
w(2,77,3,447,447)
w(320,1,3,448,448)
w(0,233,3,449,449)
r(1,120,3,450,450)
w(192,1,3,451,451)
w(866,1,3,452,452)
w(108,1,3,453,453)
w(1,121,3,454,454)
r(0,233,3,455,455)
w(73,3,3,456,456)
w(145,1,3,457,457)
w(0,234,3,458,458)
w(6,40,3,459,459)
w(363,2,3,460,460)
w(3,62,3,461,461)
w(35,4,3,462,462)
w(1,122,3,463,463)
w(169,2,3,464,464)
r(1,122,3,465,465)
w(2,78,3,466,466)
w(26,6,3,467,467)
w(1,123,3,468,468)
w(996,1,3,469,469)
w(184,2,3,470,470)
w(76,5,3,471,471)
w(76,6,3,472,472)
w(1,124,3,473,473)
w(84,7,3,474,474)
w(66,3,3,475,475)
w(18,11,3,476,476)
w(52,4,3,477,477)
w(165,5,3,478,478)
r(868,0,3,479,479)
r(38,8,3,480,480)
r(220,1,3,481,481)
w(5,34,3,482,482)
w(151,3,3,483,483)
w(3,63,3,484,484)
w(24,10,3,485,485)
w(651,2,3,486,486)
w(1,125,3,487,487)
w(326,3,3,488,488)
w(710,1,3,489,489)
w(301,1,3,490,490)
w(59,6,3,491,491)
w(472,2,3,492,492)
r(6,40,3,493,493)
w(4,51,3,494,494)
w(0,235,3,495,495)
w(632,1,3,496,496)
w(955,1,3,497,497)
w(703,2,3,498,498)
w(675,1,3,499,499)
w(0,236,4,0,0)
w(60,11,4,1,1)
w(1,126,4,2,2)
w(15,19,4,3,3)
w(127,4,4,4,4)
w(0,237,4,5,5)
w(858,1,4,6,6)
w(127,5,4,7,7)
w(2,79,4,8,8)
w(3,64,4,9,9)
r(0,237,4,10,10)
w(104,3,4,11,11)
w(217,1,4,12,12)
r(447,0,4,13,13)
w(556,1,4,14,14)
w(106,2,4,15,15)
w(183,2,4,16,16)
w(3,65,4,17,17)
w(0,238,4,18,18)
w(820,1,4,19,19)
w(367,1,4,20,20)
w(2,80,4,21,21)
r(329,0,4,22,22)
w(733,1,4,23,23)
w(29,6,4,24,24)
w(0,239,4,25,25)
w(0,240,4,26,26)
w(117,3,4,27,27)
w(2,81,4,28,28)
w(0,241,4,29,29)
w(75,5,4,30,30)
w(698,1,4,31,31)
w(2,82,4,32,32)
w(0,242,4,33,33)
w(8,30,4,34,34)
w(619,1,4,35,35)
w(0,243,4,36,36)
w(21,13,4,37,37)
r(119,1,4,38,38)
w(594,1,4,39,39)
w(9,32,4,40,40)
r(346,0,4,41,41)
w(2,83,4,42,42)
w(0,244,4,43,43)
w(0,245,4,44,44)
w(138,4,4,45,45)
w(450,1,4,46,46)
w(290,1,4,47,47)
w(1,127,4,48,48)
w(301,2,4,49,49)
w(829,1,4,50,50)
w(0,246,4,51,51)
w(18,12,4,52,52)
w(0,247,4,53,53)
w(2,84,4,54,54)
w(38,9,4,55,55)
w(137,2,4,56,56)
w(311,1,4,57,57)
w(1,128,4,58,58)
w(159,3,4,59,59)
w(2,85,4,60,60)
w(4,52,4,61,61)
w(49,10,4,62,62)
w(0,248,4,63,63)
w(432,2,4,64,64)
w(4,53,4,65,65)
w(116,4,4,66,66)
w(93,2,4,67,67)
r(16,15,4,68,68)
w(0,249,4,69,69)
w(653,1,4,70,70)
w(308,4,4,71,71)
w(59,7,4,72,72)
r(583,0,4,73,73)
w(62,3,4,74,74)
w(15,20,4,75,75)
r(318,0,4,76,76)
w(0,250,4,77,77)
w(115,2,4,78,78)
w(146,3,4,79,79)
r(123,2,4,80,80)
r(1,128,4,81,81)
r(107,1,4,82,82)
w(507,1,4,83,83)
w(757,1,4,84,84)
w(0,251,4,85,85)
w(8,31,4,86,86)
w(731,1,4,87,87)
r(9,32,4,88,88)
w(0,252,4,89,89)
w(4,54,4,90,90)
w(10,29,4,91,91)
w(1,129,4,92,92)
w(280,1,4,93,93)
w(75,6,4,94,94)
r(356,2,4,95,95)
w(62,4,4,96,96)
w(354,1,4,97,97)
w(8,32,4,98,98)
w(376,2,4,99,99)
w(188,2,4,100,100)
w(21,14,4,101,101)
w(8,33,4,102,102)
w(1,130,4,103,103)
r(192,1,4,104,104)
w(0,253,4,105,105)
w(146,4,4,106,106)
w(0,254,4,107,107)
w(0,255,4,108,108)
r(494,0,4,109,109)
r(8,33,4,110,110)
w(438,1,4,111,111)
w(11,14,4,112,112)
r(2,85,4,113,113)
w(73,4,4,114,114)
w(0,256,4,115,115)
w(6,41,4,116,116)
w(62,5,4,117,117)
w(1,131,4,118,118)
w(9,33,4,119,119)
r(44,3,4,120,120)
w(83,3,4,121,121)
w(25,8,4,122,122)
w(785,1,4,123,123)
r(20,13,4,124,124)
w(0,257,4,125,125)
w(65,3,4,126,126)
w(0,258,4,127,127)
w(3,66,4,128,128)
r(110,1,4,129,129)
w(124,3,4,130,130)
w(17,17,4,131,131)
r(0,258,4,132,132)
w(10,30,4,133,133)
w(95,4,4,134,134)
w(642,1,4,135,135)
w(0,259,4,136,136)
w(29,7,4,137,137)
w(59,8,4,138,138)
w(7,28,4,139,139)
w(388,2,4,140,140)
w(15,21,4,141,141)
w(1,132,4,142,142)
w(208,2,4,143,143)
w(427,2,4,144,144)
w(12,24,4,145,145)
r(0,259,4,146,146)
w(3,67,4,147,147)
w(202,3,4,148,148)
w(683,2,4,149,149)
w(232,3,4,150,150)
w(353,3,4,151,151)
w(183,3,4,152,152)
w(16,16,4,153,153)
w(10,31,4,154,154)
w(41,3,4,155,155)
w(4,55,4,156,156)
w(0,260,4,157,157)
w(13,15,4,158,158)
w(179,2,4,159,159)
w(3,68,4,160,160)
w(0,261,4,161,161)
w(48,4,4,162,162)
w(595,2,4,163,163)
w(4,56,4,164,164)
r(22,11,4,165,165)
w(3,69,4,166,166)
w(39,6,4,167,167)
w(21,15,4,168,168)
w(31,7,4,169,169)
w(0,262,4,170,170)
w(181,2,4,171,171)
w(8,34,4,172,172)
w(939,1,4,173,173)
w(2,86,4,174,174)
w(2,87,4,175,175)
w(750,3,4,176,176)
w(127,6,4,177,177)
w(21,16,4,178,178)
w(5,35,4,179,179)
w(175,2,4,180,180)
w(1,133,4,181,181)
w(124,4,4,182,182)
w(343,1,4,183,183)
w(0,263,4,184,184)
w(19,16,4,185,185)
w(143,3,4,186,186)
w(585,3,4,187,187)
w(69,4,4,188,188)
w(10,32,4,189,189)
w(141,4,4,190,190)
w(19,17,4,191,191)
w(718,1,4,192,192)
w(0,264,4,193,193)
w(7,29,4,194,194)
w(193,1,4,195,195)
w(19,18,4,196,196)
w(5,36,4,197,197)
w(256,1,4,198,198)
w(94,8,4,199,199)
w(40,10,4,200,200)
w(58,7,4,201,201)
w(136,5,4,202,202)
w(507,2,4,203,203)
w(9,34,4,204,204)
w(16,17,4,205,205)
w(10,33,4,206,206)
w(358,3,4,207,207)
r(3,69,4,208,208)
r(178,1,4,209,209)
w(147,2,4,210,210)
w(8,35,4,211,211)
w(0,265,4,212,212)
w(39,7,4,213,213)
w(18,13,4,214,214)
w(55,4,4,215,215)
r(13,15,4,216,216)
r(10,33,4,217,217)
w(0,266,4,218,218)
r(46,5,4,219,219)
w(7,30,4,220,220)
w(9,35,4,221,221)
r(7,30,4,222,222)
w(32,5,4,223,223)
w(104,4,4,224,224)
w(351,3,4,225,225)
w(170,4,4,226,226)
w(1,134,4,227,227)
w(1,135,4,228,228)
w(16,18,4,229,229)
w(6,42,4,230,230)
w(81,1,4,231,231)
w(11,15,4,232,232)
w(54,4,4,233,233)
w(1,136,4,234,234)
w(79,3,4,235,235)
w(123,3,4,236,236)
w(316,1,4,237,237)
w(393,1,4,238,238)
w(2,88,4,239,239)
w(88,3,4,240,240)
w(47,8,4,241,241)
w(6,43,4,242,242)
w(90,4,4,243,243)
w(3,70,4,244,244)
w(135,4,4,245,245)
r(0,266,4,246,246)
r(128,1,4,247,247)
w(63,6,4,248,248)
w(29,8,4,249,249)
w(5,37,4,250,250)
w(76,7,4,251,251)
w(2,89,4,252,252)
w(112,4,4,253,253)
w(1,137,4,254,254)
w(540,3,4,255,255)
w(741,2,4,256,256)
w(102,3,4,257,257)
w(180,3,4,258,258)
w(2,90,4,259,259)
w(296,2,4,260,260)
w(3,71,4,261,261)
w(2,91,4,262,262)
r(306,1,4,263,263)
r(0,266,4,264,264)
w(14,20,4,265,265)
w(0,267,4,266,266)
w(0,268,4,267,267)
w(7,31,4,268,268)
w(0,269,4,269,269)
w(81,2,4,270,270)
w(108,2,4,271,271)
w(0,270,4,272,272)
w(16,19,4,273,273)
w(658,1,4,274,274)
w(90,5,4,275,275)
w(7,32,4,276,276)
w(3,72,4,277,277)
w(52,5,4,278,278)
w(31,8,4,279,279)
w(683,3,4,280,280)
w(0,271,4,281,281)
w(4,57,4,282,282)
w(5,38,4,283,283)
r(676,0,4,284,284)
w(20,14,4,285,285)
w(13,16,4,286,286)
w(4,58,4,287,287)
w(1,138,4,288,288)
r(4,58,4,289,289)
w(0,272,4,290,290)
w(1,139,4,291,291)
r(667,0,4,292,292)
w(479,1,4,293,293)
w(428,1,4,294,294)
w(17,18,4,295,295)
w(188,3,4,296,296)
w(200,2,4,297,297)
w(3,73,4,298,298)
w(0,273,4,299,299)
w(90,6,4,300,300)
r(63,6,4,301,301)
r(124,4,4,302,302)
w(0,274,4,303,303)
w(3,74,4,304,304)
w(1,140,4,305,305)
w(6,44,4,306,306)
w(640,1,4,307,307)
w(17,19,4,308,308)
w(3,75,4,309,309)
r(1,140,4,310,310)
w(114,4,4,311,311)
r(119,1,4,312,312)
w(75,7,4,313,313)
w(20,15,4,314,314)
r(37,7,4,315,315)
w(10,34,4,316,316)
w(44,4,4,317,317)
r(2,91,4,318,318)
w(55,5,4,319,319)
w(11,16,4,320,320)
w(8,36,4,321,321)
w(54,5,4,322,322)
w(5,39,4,323,323)
w(12,25,4,324,324)
w(23,6,4,325,325)
w(4,59,4,326,326)
w(21,17,4,327,327)
w(0,275,4,328,328)
w(422,1,4,329,329)
w(76,8,4,330,330)
w(81,3,4,331,331)
w(28,11,4,332,332)
w(0,276,4,333,333)
w(101,5,4,334,334)
w(387,2,4,335,335)
w(25,9,4,336,336)
w(444,1,4,337,337)
w(9,36,4,338,338)
w(99,4,4,339,339)
w(122,3,4,340,340)
w(202,4,4,341,341)
w(826,3,4,342,342)
w(2,92,4,343,343)
w(14,21,4,344,344)
w(865,1,4,345,345)
w(28,12,4,346,346)
w(3,76,4,347,347)
r(49,10,4,348,348)
w(401,2,4,349,349)
r(6,44,4,350,350)
w(87,5,4,351,351)
w(244,2,4,352,352)
w(28,13,4,353,353)
w(1,141,4,354,354)
w(3,77,4,355,355)
w(425,1,4,356,356)
w(38,10,4,357,357)
w(112,5,4,358,358)
w(2,93,4,359,359)
w(0,277,4,360,360)
w(49,11,4,361,361)
w(188,4,4,362,362)
w(5,40,4,363,363)
w(634,1,4,364,364)
r(0,277,4,365,365)
w(0,278,4,366,366)
w(333,2,4,367,367)
r(0,278,4,368,368)
w(610,3,4,369,369)
r(0,278,4,370,370)
w(143,4,4,371,371)
w(2,94,4,372,372)
w(0,279,4,373,373)
w(35,5,4,374,374)
w(0,280,4,375,375)
w(1,142,4,376,376)
r(4,59,4,377,377)
w(17,20,4,378,378)
w(199,2,4,379,379)
w(3,78,4,380,380)
w(15,22,4,381,381)
w(141,5,4,382,382)
w(0,281,4,383,383)
w(884,1,4,384,384)
w(0,282,4,385,385)
w(0,283,4,386,386)
w(4,60,4,387,387)
w(58,8,4,388,388)
w(0,284,4,389,389)
w(256,2,4,390,390)
w(471,3,4,391,391)
w(10,35,4,392,392)
w(552,3,4,393,393)
w(15,23,4,394,394)
w(15,24,4,395,395)
w(280,2,4,396,396)
w(150,3,4,397,397)
w(11,17,4,398,398)
w(3,79,4,399,399)
w(5,41,4,400,400)
r(342,2,4,401,401)
r(966,0,4,402,402)
w(3,80,4,403,403)
w(0,285,4,404,404)
w(3,81,4,405,405)
w(27,8,4,406,406)
w(625,1,4,407,407)
w(443,2,4,408,408)
w(404,2,4,409,409)
w(8,37,4,410,410)
w(0,286,4,411,411)
w(19,19,4,412,412)
w(52,6,4,413,413)
w(232,4,4,414,414)
w(1,143,4,415,415)
w(44,5,4,416,416)
r(765,1,4,417,417)
w(6,45,4,418,418)
w(384,2,4,419,419)
w(0,287,4,420,420)
w(0,288,4,421,421)
w(20,16,4,422,422)
w(3,82,4,423,423)
w(199,3,4,424,424)
w(5,42,4,425,425)
r(20,16,4,426,426)
w(113,1,4,427,427)
w(9,37,4,428,428)
w(493,2,4,429,429)
w(246,1,4,430,430)
w(2,95,4,431,431)
w(6,46,4,432,432)
w(29,9,4,433,433)
w(24,11,4,434,434)
w(94,9,4,435,435)
w(0,289,4,436,436)
w(104,5,4,437,437)
w(6,47,4,438,438)
w(0,290,4,439,439)
w(36,7,4,440,440)
w(1,144,4,441,441)
w(4,61,4,442,442)
w(1,145,4,443,443)
w(7,33,4,444,444)
w(1,146,4,445,445)
w(0,291,4,446,446)
w(651,3,4,447,447)
w(5,43,4,448,448)
w(2,96,4,449,449)
w(54,6,4,450,450)
r(88,3,4,451,451)
w(0,292,4,452,452)
w(348,4,4,453,453)
w(4,62,4,454,454)
w(47,9,4,455,455)
w(10,36,4,456,456)
w(3,83,4,457,457)
w(0,293,4,458,458)
w(55,6,4,459,459)
w(3,84,4,460,460)
w(280,3,4,461,461)
w(745,1,4,462,462)
w(17,21,4,463,463)
r(0,293,4,464,464)
r(55,6,4,465,465)
w(6,48,4,466,466)
w(18,14,4,467,467)
w(128,2,4,468,468)
w(0,294,4,469,469)
w(162,3,4,470,470)
w(14,22,4,471,471)
w(4,63,4,472,472)
w(4,64,4,473,473)
w(2,97,4,474,474)
w(25,10,4,475,475)
w(27,9,4,476,476)
r(16,19,4,477,477)
w(942,1,4,478,478)
w(0,295,4,479,479)
w(858,2,4,480,480)
w(762,2,4,481,481)
w(1,147,4,482,482)
w(0,296,4,483,483)
w(411,3,4,484,484)
w(380,2,4,485,485)
w(5,44,4,486,486)
w(8,38,4,487,487)
w(131,3,4,488,488)
w(43,7,4,489,489)
w(809,1,4,490,490)
w(0,297,4,491,491)
w(128,3,4,492,492)
w(541,1,4,493,493)
w(0,298,4,494,494)
w(11,18,4,495,495)
w(1,148,4,496,496)
w(94,10,4,497,497)
w(131,4,4,498,498)
w(3,85,4,499,499)
