w(45,1,0,0,0)
w(13,1,0,1,1)
r(43,0,0,2,2)
w(16,1,0,3,3)
w(37,1,0,4,4)
w(23,1,0,5,5)
w(29,1,0,6,6)
w(5,1,0,7,7)
w(23,2,0,8,8)
w(92,1,0,9,9)
w(4,1,0,10,10)
w(4,2,0,11,11)
w(75,1,0,12,12)
r(5,1,0,13,13)
w(39,1,0,14,14)
w(41,1,0,15,15)
w(19,1,0,16,16)
w(71,1,0,17,17)
w(87,1,0,18,18)
w(86,1,0,19,19)
w(5,2,0,20,20)
w(82,1,0,21,21)
w(49,1,0,22,22)
w(34,1,0,23,23)
w(48,1,0,24,24)
w(47,1,0,25,25)
w(14,1,0,26,26)
w(62,1,0,27,27)
r(82,1,0,28,28)
w(43,1,0,29,29)
w(62,2,0,30,30)
w(7,1,0,31,31)
w(3,1,0,32,32)
w(70,1,0,33,33)
r(71,1,0,34,34)
w(95,1,0,35,35)
w(34,2,0,36,36)
w(82,2,0,37,37)
w(0,1,0,38,38)
w(30,1,0,39,39)
w(42,1,0,40,40)
r(78,0,0,41,41)
w(84,1,0,42,42)
w(96,1,0,43,43)
w(79,1,0,44,44)
w(66,1,0,45,45)
w(59,1,0,46,46)
w(6,1,0,47,47)
w(86,2,0,48,48)
w(69,1,0,49,49)
w(25,1,0,50,50)
w(28,1,0,51,51)
w(46,1,0,52,52)
w(13,2,0,53,53)
w(43,2,0,54,54)
w(53,1,0,55,55)
w(78,1,0,56,56)
w(24,1,0,57,57)
w(46,2,0,58,58)
w(44,1,0,59,59)
w(22,1,0,60,60)
w(89,1,0,61,61)
w(37,2,0,62,62)
w(61,1,0,63,63)
w(52,1,0,64,64)
w(31,1,0,65,65)
w(46,3,0,66,66)
w(83,1,0,67,67)
w(22,2,0,68,68)
w(99,1,0,69,69)
w(1,1,0,70,70)
r(69,1,0,71,71)
w(14,2,0,72,72)
w(47,2,0,73,73)
w(46,4,0,74,74)
w(34,3,0,75,75)
w(87,2,0,76,76)
w(9,1,0,77,77)
w(97,1,0,78,78)
w(91,1,0,79,79)
w(44,2,0,80,80)
w(72,1,0,81,81)
w(8,1,0,82,82)
w(82,3,0,83,83)
r(29,1,0,84,84)
w(34,4,0,85,85)
r(82,3,0,86,86)
w(16,2,0,87,87)
w(24,2,0,88,88)
w(23,3,0,89,89)
r(22,2,0,90,90)
w(26,1,0,91,91)
w(38,1,0,92,92)
w(76,1,0,93,93)
w(16,3,0,94,94)
w(2,1,0,95,95)
w(93,1,0,96,96)
r(44,2,0,97,97)
w(89,2,0,98,98)
w(88,1,0,99,99)
w(8,2,0,100,100)
w(79,2,0,101,101)
w(29,2,0,102,102)
w(95,2,0,103,103)
w(10,1,0,104,104)
w(78,2,0,105,105)
w(97,2,0,106,106)
w(9,2,0,107,107)
w(61,2,0,108,108)
w(26,2,0,109,109)
w(85,1,0,110,110)
w(38,2,0,111,111)
w(86,3,0,112,112)
w(52,2,0,113,113)
w(49,2,0,114,114)
w(81,1,0,115,115)
r(51,0,0,116,116)
w(1,2,0,117,117)
w(22,3,0,118,118)
w(57,1,0,119,119)
r(77,0,0,120,120)
w(50,1,0,121,121)
w(8,3,0,122,122)
w(10,2,0,123,123)
w(42,2,0,124,124)
w(33,1,0,125,125)
w(76,2,0,126,126)
w(38,3,0,127,127)
w(81,2,0,128,128)
w(52,3,0,129,129)
w(91,2,0,130,130)
w(74,1,0,131,131)
w(26,3,0,132,132)
w(26,4,0,133,133)
w(16,4,0,134,134)
w(7,2,0,135,135)
w(39,2,0,136,136)
w(14,3,0,137,137)
w(30,2,0,138,138)
w(82,4,0,139,139)
w(39,3,0,140,140)
r(45,1,0,141,141)
w(94,1,0,142,142)
w(33,2,0,143,143)
w(27,1,0,144,144)
w(54,1,0,145,145)
w(28,2,0,146,146)
r(90,0,0,147,147)
w(15,1,0,148,148)
w(42,3,0,149,149)
w(99,2,0,150,150)
r(51,0,0,151,151)
w(23,4,0,152,152)
w(6,2,0,153,153)
r(14,3,0,154,154)
w(83,2,0,155,155)
w(86,4,0,156,156)
w(47,3,0,157,157)
r(80,0,0,158,158)
w(13,3,0,159,159)
r(26,4,0,160,160)
r(62,2,0,161,161)
w(31,2,0,162,162)
w(89,3,0,163,163)
w(63,1,0,164,164)
w(25,2,0,165,165)
w(4,3,0,166,166)
w(33,3,0,167,167)
w(99,3,0,168,168)
w(47,4,0,169,169)
w(69,2,0,170,170)
w(8,4,0,171,171)
w(36,1,0,172,172)
w(8,5,0,173,173)
w(26,5,0,174,174)
w(6,3,0,175,175)
w(84,2,0,176,176)
w(48,2,0,177,177)
w(98,1,0,178,178)
w(82,5,0,179,179)
w(37,3,0,180,180)
w(93,2,0,181,181)
w(85,2,0,182,182)
w(87,3,0,183,183)
w(39,4,0,184,184)
w(25,3,0,185,185)
w(64,1,0,186,186)
w(3,2,0,187,187)
w(59,2,0,188,188)
w(24,3,0,189,189)
w(87,4,0,190,190)
r(34,4,0,191,191)
w(98,2,0,192,192)
w(9,3,0,193,193)
w(25,4,0,194,194)
r(46,4,0,195,195)
w(2,2,0,196,196)
w(3,3,0,197,197)
w(64,2,0,198,198)
w(80,1,0,199,199)
w(66,2,1,0,0)
w(28,3,1,1,1)
w(4,4,1,2,2)
w(80,2,1,3,3)
w(31,3,1,4,4)
w(19,2,1,5,5)
w(35,1,1,6,6)
w(10,3,1,7,7)
w(55,1,1,8,8)
w(36,2,1,9,9)
w(51,1,1,10,10)
w(21,1,1,11,11)
w(64,3,1,12,12)
r(58,0,1,13,13)
w(21,2,1,14,14)
w(64,4,1,15,15)
w(25,5,1,16,16)
w(44,3,1,17,17)
w(90,1,1,18,18)
w(64,5,1,19,19)
w(71,2,1,20,20)
w(66,3,1,21,21)
w(32,1,1,22,22)
w(1,3,1,23,23)
w(53,2,1,24,24)
w(50,2,1,25,25)
w(93,3,1,26,26)
r(10,3,1,27,27)
w(35,2,1,28,28)
w(91,3,1,29,29)
w(21,3,1,30,30)
w(21,4,1,31,31)
r(0,1,1,32,32)
w(59,3,1,33,33)
w(1,4,1,34,34)
w(48,3,1,35,35)
w(24,4,1,36,36)
w(93,4,1,37,37)
w(98,3,1,38,38)
w(64,6,1,39,39)
w(12,1,1,40,40)
w(5,3,1,41,41)
w(70,2,1,42,42)
w(88,2,1,43,43)
w(96,2,1,44,44)
w(25,6,1,45,45)
w(46,5,1,46,46)
w(71,3,1,47,47)
w(52,4,1,48,48)
w(40,1,1,49,49)
r(30,2,1,50,50)
w(59,4,1,51,51)
w(62,3,1,52,52)
w(49,3,1,53,53)
w(30,3,1,54,54)
w(41,2,1,55,55)
w(69,3,1,56,56)
w(94,2,1,57,57)
w(30,4,1,58,58)
r(29,2,1,59,59)
w(63,2,1,60,60)
w(91,4,1,61,61)
w(75,2,1,62,62)
w(9,4,1,63,63)
w(55,2,1,64,64)
w(72,2,1,65,65)
w(63,3,1,66,66)
w(81,3,1,67,67)
w(16,5,1,68,68)
w(9,5,1,69,69)
w(12,2,1,70,70)
r(35,2,1,71,71)
w(20,1,1,72,72)
w(20,2,1,73,73)
w(81,4,1,74,74)
w(95,3,1,75,75)
w(14,4,1,76,76)
w(58,1,1,77,77)
w(11,1,1,78,78)
w(47,5,1,79,79)
w(6,4,1,80,80)
w(50,3,1,81,81)
w(85,3,1,82,82)
w(85,4,1,83,83)
w(91,5,1,84,84)
w(63,4,1,85,85)
w(56,1,1,86,86)
w(50,4,1,87,87)
w(68,1,1,88,88)
w(90,2,1,89,89)
w(83,3,1,90,90)
w(29,3,1,91,91)
w(33,4,1,92,92)
w(38,4,1,93,93)
w(67,1,1,94,94)
w(13,4,1,95,95)
w(20,3,1,96,96)
r(66,3,1,97,97)
w(98,4,1,98,98)
w(34,5,1,99,99)
w(2,3,1,100,100)
r(74,1,1,101,101)
w(58,2,1,102,102)
w(32,2,1,103,103)
w(9,6,1,104,104)
w(71,4,1,105,105)
w(38,5,1,106,106)
w(60,1,1,107,107)
w(4,5,1,108,108)
w(69,4,1,109,109)
w(41,3,1,110,110)
r(56,1,1,111,111)
w(37,4,1,112,112)
w(62,4,1,113,113)
w(24,5,1,114,114)
w(50,5,1,115,115)
w(10,4,1,116,116)
w(31,4,1,117,117)
w(48,4,1,118,118)
r(64,6,1,119,119)
w(1,5,1,120,120)
w(51,2,1,121,121)
w(58,3,1,122,122)
r(9,6,1,123,123)
w(80,3,1,124,124)
w(44,4,1,125,125)
w(48,5,1,126,126)
w(48,6,1,127,127)
w(97,3,1,128,128)
w(93,5,1,129,129)
w(24,6,1,130,130)
w(77,1,1,131,131)
w(5,4,1,132,132)
w(41,4,1,133,133)
w(20,4,1,134,134)
w(89,4,1,135,135)
w(94,3,1,136,136)
w(3,4,1,137,137)
w(94,4,1,138,138)
r(38,5,1,139,139)
r(31,4,1,140,140)
w(0,2,1,141,141)
w(14,5,1,142,142)
w(38,6,1,143,143)
w(52,5,1,144,144)
w(25,7,1,145,145)
w(24,7,1,146,146)
w(50,6,1,147,147)
w(22,4,1,148,148)
w(89,5,1,149,149)
w(83,4,1,150,150)
w(27,2,1,151,151)
w(68,2,1,152,152)
w(13,5,1,153,153)
w(63,5,1,154,154)
w(78,3,1,155,155)
w(62,5,1,156,156)
w(47,6,1,157,157)
r(69,4,1,158,158)
w(24,8,1,159,159)
w(77,2,1,160,160)
w(1,6,1,161,161)
w(65,1,1,162,162)
w(62,6,1,163,163)
r(31,4,1,164,164)
w(85,5,1,165,165)
w(76,3,1,166,166)
w(98,5,1,167,167)
w(10,5,1,168,168)
w(93,6,1,169,169)
w(90,3,1,170,170)
w(1,7,1,171,171)
w(68,3,1,172,172)
w(98,6,1,173,173)
w(70,3,1,174,174)
w(68,4,1,175,175)
w(19,3,1,176,176)
w(70,4,1,177,177)
w(37,5,1,178,178)
w(60,2,1,179,179)
w(70,5,1,180,180)
w(56,2,1,181,181)
w(23,5,1,182,182)
r(51,2,1,183,183)
w(58,4,1,184,184)
w(89,6,1,185,185)
w(47,7,1,186,186)
w(10,6,1,187,187)
w(77,3,1,188,188)
w(11,2,1,189,189)
w(58,5,1,190,190)
w(99,4,1,191,191)
w(77,4,1,192,192)
w(55,3,1,193,193)
w(73,1,1,194,194)
w(43,3,1,195,195)
w(63,6,1,196,196)
w(92,2,1,197,197)
w(36,3,1,198,198)
w(74,2,1,199,199)
w(7,3,2,0,0)
w(69,5,2,1,1)
w(40,2,2,2,2)
w(65,2,2,3,3)
w(64,7,2,4,4)
w(13,6,2,5,5)
w(79,3,2,6,6)
w(9,7,2,7,7)
w(44,5,2,8,8)
r(2,3,2,9,9)
r(10,6,2,10,10)
w(13,7,2,11,11)
w(94,5,2,12,12)
w(69,6,2,13,13)
w(85,6,2,14,14)
r(38,6,2,15,15)
w(99,5,2,16,16)
w(74,3,2,17,17)
r(87,4,2,18,18)
w(38,7,2,19,19)
r(74,3,2,20,20)
w(46,6,2,21,21)
w(67,2,2,22,22)
w(84,3,2,23,23)
w(63,7,2,24,24)
w(21,5,2,25,25)
w(67,3,2,26,26)
w(90,4,2,27,27)
w(66,4,2,28,28)
w(32,3,2,29,29)
w(67,4,2,30,30)
w(98,7,2,31,31)
w(68,5,2,32,32)
w(93,7,2,33,33)
r(13,7,2,34,34)
w(71,5,2,35,35)
w(2,4,2,36,36)
w(65,3,2,37,37)
w(96,3,2,38,38)
w(89,7,2,39,39)
w(36,4,2,40,40)
w(10,7,2,41,41)
r(43,3,2,42,42)
w(19,4,2,43,43)
w(95,4,2,44,44)
w(50,7,2,45,45)
r(20,4,2,46,46)
w(5,5,2,47,47)
w(15,2,2,48,48)
w(1,8,2,49,49)
w(16,6,2,50,50)
w(58,6,2,51,51)
w(22,5,2,52,52)
w(29,4,2,53,53)
w(15,3,2,54,54)
w(64,8,2,55,55)
w(25,8,2,56,56)
w(66,5,2,57,57)
w(20,5,2,58,58)
w(98,8,2,59,59)
w(66,6,2,60,60)
w(93,8,2,61,61)
w(18,1,2,62,62)
w(77,5,2,63,63)
w(34,6,2,64,64)
w(35,3,2,65,65)
w(99,6,2,66,66)
r(98,8,2,67,67)
w(80,4,2,68,68)
w(4,6,2,69,69)
w(81,5,2,70,70)
w(33,5,2,71,71)
w(76,4,2,72,72)
w(37,6,2,73,73)
w(18,2,2,74,74)
w(50,8,2,75,75)
w(66,7,2,76,76)
w(54,2,2,77,77)
w(92,3,2,78,78)
r(4,6,2,79,79)
w(65,4,2,80,80)
w(54,3,2,81,81)
w(11,3,2,82,82)
r(49,3,2,83,83)
w(67,5,2,84,84)
w(10,8,2,85,85)
w(71,6,2,86,86)
w(15,4,2,87,87)
w(41,5,2,88,88)
w(97,4,2,89,89)
w(29,5,2,90,90)
w(67,6,2,91,91)
w(76,5,2,92,92)
w(1,9,2,93,93)
w(32,4,2,94,94)
w(15,5,2,95,95)
w(95,5,2,96,96)
w(56,3,2,97,97)
w(73,2,2,98,98)
w(81,6,2,99,99)
r(20,5,2,100,100)
w(16,7,2,101,101)
r(19,4,2,102,102)
w(99,7,2,103,103)
w(69,7,2,104,104)
w(54,4,2,105,105)
w(92,4,2,106,106)
w(59,5,2,107,107)
r(5,5,2,108,108)
w(44,6,2,109,109)
w(41,6,2,110,110)
w(76,6,2,111,111)
w(65,5,2,112,112)
r(68,5,2,113,113)
w(74,4,2,114,114)
w(12,3,2,115,115)
w(9,8,2,116,116)
w(46,7,2,117,117)
w(67,7,2,118,118)
w(42,4,2,119,119)
w(88,3,2,120,120)
w(76,7,2,121,121)
w(53,3,2,122,122)
w(46,8,2,123,123)
w(1,10,2,124,124)
w(83,5,2,125,125)
r(82,5,2,126,126)
w(67,8,2,127,127)
w(41,7,2,128,128)
w(23,6,2,129,129)
w(39,5,2,130,130)
w(85,7,2,131,131)
w(73,3,2,132,132)
w(20,6,2,133,133)
w(76,8,2,134,134)
r(45,1,2,135,135)
r(24,8,2,136,136)
w(16,8,2,137,137)
w(15,6,2,138,138)
w(5,6,2,139,139)
r(82,5,2,140,140)
w(5,7,2,141,141)
w(81,7,2,142,142)
r(90,4,2,143,143)
w(86,5,2,144,144)
w(98,9,2,145,145)
w(22,6,2,146,146)
w(91,6,2,147,147)
w(66,8,2,148,148)
w(60,3,2,149,149)
w(2,5,2,150,150)
w(65,6,2,151,151)
w(49,4,2,152,152)
w(73,4,2,153,153)
w(88,4,2,154,154)
w(3,5,2,155,155)
w(58,7,2,156,156)
w(52,6,2,157,157)
w(92,5,2,158,158)
w(87,5,2,159,159)
w(35,4,2,160,160)
w(19,5,2,161,161)
w(46,9,2,162,162)
w(92,6,2,163,163)
w(11,4,2,164,164)
w(80,5,2,165,165)
w(94,6,2,166,166)
r(59,5,2,167,167)
w(49,5,2,168,168)
w(4,7,2,169,169)
w(88,5,2,170,170)
w(48,7,2,171,171)
w(22,7,2,172,172)
w(77,6,2,173,173)
w(44,7,2,174,174)
w(20,7,2,175,175)
w(32,5,2,176,176)
r(67,8,2,177,177)
w(83,6,2,178,178)
w(73,5,2,179,179)
w(78,4,2,180,180)
w(89,8,2,181,181)
w(84,4,2,182,182)
w(6,5,2,183,183)
w(10,9,2,184,184)
w(91,7,2,185,185)
w(80,6,2,186,186)
w(14,6,2,187,187)
w(57,2,2,188,188)
w(73,6,2,189,189)
w(71,7,2,190,190)
w(24,9,2,191,191)
r(80,6,2,192,192)
r(37,6,2,193,193)
w(57,3,2,194,194)
w(16,9,2,195,195)
w(43,4,2,196,196)
w(36,5,2,197,197)
w(2,6,2,198,198)
r(55,3,2,199,199)
w(3,6,3,0,0)
w(91,8,3,1,1)
r(36,5,3,2,2)
w(10,10,3,3,3)
w(57,4,3,4,4)
w(12,4,3,5,5)
w(87,6,3,6,6)
w(18,3,3,7,7)
w(8,6,3,8,8)
w(62,7,3,9,9)
w(32,6,3,10,10)
w(21,6,3,11,11)
w(10,11,3,12,12)
w(24,10,3,13,13)
r(70,5,3,14,14)
w(6,6,3,15,15)
w(25,9,3,16,16)
w(46,10,3,17,17)
w(6,7,3,18,18)
r(43,4,3,19,19)
w(84,5,3,20,20)
r(93,8,3,21,21)
w(45,2,3,22,22)
w(89,9,3,23,23)
w(42,5,3,24,24)
w(15,7,3,25,25)
w(93,9,3,26,26)
w(1,11,3,27,27)
w(24,11,3,28,28)
w(11,5,3,29,29)
w(62,8,3,30,30)
w(91,9,3,31,31)
w(43,5,3,32,32)
w(37,7,3,33,33)
w(2,7,3,34,34)
w(96,4,3,35,35)
w(57,5,3,36,36)
w(36,6,3,37,37)
r(91,9,3,38,38)
w(88,6,3,39,39)
w(56,4,3,40,40)
r(20,7,3,41,41)
w(33,6,3,42,42)
w(30,5,3,43,43)
w(5,8,3,44,44)
w(86,6,3,45,45)
w(87,7,3,46,46)
w(97,5,3,47,47)
w(43,6,3,48,48)
w(58,8,3,49,49)
w(41,8,3,50,50)
w(16,10,3,51,51)
w(10,12,3,52,52)
w(99,8,3,53,53)
w(45,3,3,54,54)
w(34,7,3,55,55)
w(84,6,3,56,56)
w(17,1,3,57,57)
w(65,7,3,58,58)
w(86,7,3,59,59)
w(48,8,3,60,60)
w(87,8,3,61,61)
w(61,3,3,62,62)
w(22,8,3,63,63)
w(41,9,3,64,64)
w(73,7,3,65,65)
w(84,7,3,66,66)
w(16,11,3,67,67)
w(20,8,3,68,68)
w(73,8,3,69,69)
w(71,8,3,70,70)
w(85,8,3,71,71)
w(11,6,3,72,72)
w(69,8,3,73,73)
w(91,10,3,74,74)
w(99,9,3,75,75)
r(85,8,3,76,76)
w(31,5,3,77,77)
w(35,5,3,78,78)
w(80,7,3,79,79)
w(90,5,3,80,80)
w(32,7,3,81,81)
w(31,6,3,82,82)
r(92,6,3,83,83)
w(6,8,3,84,84)
w(82,6,3,85,85)
w(96,5,3,86,86)
w(35,6,3,87,87)
w(0,3,3,88,88)
r(45,3,3,89,89)
w(35,7,3,90,90)
w(88,7,3,91,91)
w(51,3,3,92,92)
w(99,10,3,93,93)
w(5,9,3,94,94)
w(83,7,3,95,95)
w(75,3,3,96,96)
w(68,6,3,97,97)
w(61,4,3,98,98)
w(57,6,3,99,99)
w(72,3,3,100,100)
w(98,10,3,101,101)
w(66,9,3,102,102)
w(13,8,3,103,103)
w(19,6,3,104,104)
w(17,2,3,105,105)
w(72,4,3,106,106)
w(44,8,3,107,107)
r(1,11,3,108,108)
w(92,7,3,109,109)
w(26,6,3,110,110)
w(19,7,3,111,111)
w(41,10,3,112,112)
w(29,6,3,113,113)
w(80,8,3,114,114)
w(69,9,3,115,115)
w(92,8,3,116,116)
w(96,6,3,117,117)
w(37,8,3,118,118)
w(95,6,3,119,119)
w(65,8,3,120,120)
r(15,7,3,121,121)
w(22,9,3,122,122)
w(32,8,3,123,123)
w(54,5,3,124,124)
w(27,3,3,125,125)
w(52,7,3,126,126)
w(17,3,3,127,127)
w(94,7,3,128,128)
w(60,4,3,129,129)
r(18,3,3,130,130)
w(74,5,3,131,131)
r(86,7,3,132,132)
w(37,9,3,133,133)
w(93,10,3,134,134)
w(71,9,3,135,135)
w(49,6,3,136,136)
w(69,10,3,137,137)
r(44,8,3,138,138)
w(83,8,3,139,139)
w(23,7,3,140,140)
w(34,8,3,141,141)
w(98,11,3,142,142)
w(59,6,3,143,143)
r(92,8,3,144,144)
w(69,11,3,145,145)
w(4,8,3,146,146)
w(33,7,3,147,147)
w(59,7,3,148,148)
w(46,11,3,149,149)
w(8,7,3,150,150)
r(78,4,3,151,151)
w(90,6,3,152,152)
w(50,9,3,153,153)
w(86,8,3,154,154)
w(68,7,3,155,155)
r(85,8,3,156,156)
r(74,5,3,157,157)
w(72,5,3,158,158)
w(25,10,3,159,159)
w(79,4,3,160,160)
w(75,4,3,161,161)
w(30,6,3,162,162)
r(15,7,3,163,163)
w(23,8,3,164,164)
w(38,8,3,165,165)
w(83,9,3,166,166)
w(12,5,3,167,167)
w(40,3,3,168,168)
w(73,9,3,169,169)
w(21,7,3,170,170)
w(63,8,3,171,171)
w(4,9,3,172,172)
w(18,4,3,173,173)
w(92,9,3,174,174)
w(68,8,3,175,175)
w(64,9,3,176,176)
w(14,7,3,177,177)
w(51,4,3,178,178)
w(92,10,3,179,179)
w(72,6,3,180,180)
w(61,5,3,181,181)
w(65,9,3,182,182)
w(67,9,3,183,183)
w(76,9,3,184,184)
w(62,9,3,185,185)
w(7,4,3,186,186)
w(87,9,3,187,187)
r(43,6,3,188,188)
w(46,12,3,189,189)
w(23,9,3,190,190)
w(79,5,3,191,191)
w(4,10,3,192,192)
w(19,8,3,193,193)
w(50,10,3,194,194)
w(49,7,3,195,195)
w(64,10,3,196,196)
w(7,5,3,197,197)
w(37,10,3,198,198)
r(97,5,3,199,199)
r(74,5,4,0,0)
w(69,12,4,1,1)
w(36,7,4,2,2)
w(5,10,4,3,3)
w(24,12,4,4,4)
w(60,5,4,5,5)
w(65,10,4,6,6)
w(16,12,4,7,7)
r(37,10,4,8,8)
w(72,7,4,9,9)
w(93,11,4,10,10)
w(76,10,4,11,11)
w(91,11,4,12,12)
w(22,10,4,13,13)
w(45,4,4,14,14)
w(91,12,4,15,15)
w(32,9,4,16,16)
w(69,13,4,17,17)
w(66,10,4,18,18)
w(93,12,4,19,19)
w(16,13,4,20,20)
w(58,9,4,21,21)
w(80,9,4,22,22)
w(3,7,4,23,23)
w(38,9,4,24,24)
w(17,4,4,25,25)
w(84,8,4,26,26)
w(19,9,4,27,27)
w(56,5,4,28,28)
w(58,10,4,29,29)
w(13,9,4,30,30)
w(20,9,4,31,31)
w(39,6,4,32,32)
w(21,8,4,33,33)
w(98,12,4,34,34)
w(57,7,4,35,35)
w(84,9,4,36,36)
w(98,13,4,37,37)
w(0,4,4,38,38)
w(45,5,4,39,39)
w(2,8,4,40,40)
w(94,8,4,41,41)
r(53,3,4,42,42)
w(2,9,4,43,43)
w(31,7,4,44,44)
w(59,8,4,45,45)
w(19,10,4,46,46)
w(62,10,4,47,47)
w(56,6,4,48,48)
w(9,9,4,49,49)
w(1,12,4,50,50)
w(55,4,4,51,51)
w(40,4,4,52,52)
r(31,7,4,53,53)
w(17,5,4,54,54)
w(82,7,4,55,55)
w(98,14,4,56,56)
w(68,9,4,57,57)
w(76,11,4,58,58)
w(49,8,4,59,59)
w(81,8,4,60,60)
w(37,11,4,61,61)
w(72,8,4,62,62)
w(32,10,4,63,63)
w(28,4,4,64,64)
w(41,11,4,65,65)
w(24,13,4,66,66)
w(91,13,4,67,67)
w(71,10,4,68,68)
w(20,10,4,69,69)
w(51,5,4,70,70)
w(84,10,4,71,71)
w(52,8,4,72,72)
w(54,6,4,73,73)
w(81,9,4,74,74)
w(29,7,4,75,75)
w(20,11,4,76,76)
w(32,11,4,77,77)
w(2,10,4,78,78)
w(52,9,4,79,79)
w(3,8,4,80,80)
w(71,11,4,81,81)
w(64,11,4,82,82)
w(45,6,4,83,83)
w(93,13,4,84,84)
w(35,8,4,85,85)
w(91,14,4,86,86)
w(26,7,4,87,87)
w(55,5,4,88,88)
r(95,6,4,89,89)
w(85,9,4,90,90)
w(28,5,4,91,91)
w(53,4,4,92,92)
w(78,5,4,93,93)
w(78,6,4,94,94)
w(80,10,4,95,95)
r(94,8,4,96,96)
w(28,6,4,97,97)
w(61,6,4,98,98)
w(97,6,4,99,99)
w(47,8,4,100,100)
w(14,8,4,101,101)
w(77,7,4,102,102)
w(51,6,4,103,103)
w(55,6,4,104,104)
w(95,7,4,105,105)
w(44,9,4,106,106)
w(76,12,4,107,107)
w(41,12,4,108,108)
w(15,8,4,109,109)
w(21,9,4,110,110)
w(0,5,4,111,111)
w(97,7,4,112,112)
w(1,13,4,113,113)
w(20,12,4,114,114)
w(47,9,4,115,115)
w(86,9,4,116,116)
w(22,11,4,117,117)
r(63,8,4,118,118)
w(50,11,4,119,119)
w(29,8,4,120,120)
w(40,5,4,121,121)
w(47,10,4,122,122)
w(58,11,4,123,123)
w(52,10,4,124,124)
w(32,12,4,125,125)
w(89,10,4,126,126)
w(66,11,4,127,127)
r(75,4,4,128,128)
w(16,14,4,129,129)
w(72,9,4,130,130)
r(91,14,4,131,131)
w(71,12,4,132,132)
w(93,14,4,133,133)
w(82,8,4,134,134)
w(83,10,4,135,135)
w(28,7,4,136,136)
w(27,4,4,137,137)
r(71,12,4,138,138)
w(34,9,4,139,139)
w(26,8,4,140,140)
w(14,9,4,141,141)
w(3,9,4,142,142)
w(29,9,4,143,143)
w(83,11,4,144,144)
r(19,10,4,145,145)
w(21,10,4,146,146)
w(47,11,4,147,147)
w(19,11,4,148,148)
w(19,12,4,149,149)
w(28,8,4,150,150)
w(64,12,4,151,151)
w(64,13,4,152,152)
w(82,9,4,153,153)
w(16,15,4,154,154)
w(81,10,4,155,155)
w(84,11,4,156,156)
w(19,13,4,157,157)
w(20,13,4,158,158)
w(81,11,4,159,159)
w(11,7,4,160,160)
w(98,15,4,161,161)
w(99,11,4,162,162)
w(64,14,4,163,163)
w(60,6,4,164,164)
w(22,12,4,165,165)
w(73,10,4,166,166)
w(69,14,4,167,167)
w(35,9,4,168,168)
w(93,15,4,169,169)
w(60,7,4,170,170)
w(87,10,4,171,171)
w(99,12,4,172,172)
w(55,7,4,173,173)
r(26,8,4,174,174)
w(55,8,4,175,175)
r(59,8,4,176,176)
w(84,12,4,177,177)
w(30,7,4,178,178)
w(5,11,4,179,179)
w(46,13,4,180,180)
w(97,8,4,181,181)
w(84,13,4,182,182)
w(93,16,4,183,183)
w(35,10,4,184,184)
w(35,11,4,185,185)
w(43,7,4,186,186)
w(93,17,4,187,187)
w(47,12,4,188,188)
w(10,13,4,189,189)
w(72,10,4,190,190)
w(82,10,4,191,191)
w(8,8,4,192,192)
r(57,7,4,193,193)
w(40,6,4,194,194)
w(97,9,4,195,195)
r(20,13,4,196,196)
w(51,7,4,197,197)
r(65,10,4,198,198)
w(13,10,4,199,199)
r(32,12,5,0,0)
w(47,13,5,1,1)
w(5,12,5,2,2)
r(92,10,5,3,3)
r(95,7,5,4,4)
w(26,9,5,5,5)
w(69,15,5,6,6)
w(82,11,5,7,7)
w(47,14,5,8,8)
w(99,13,5,9,9)
w(0,6,5,10,10)
w(53,5,5,11,11)
w(46,14,5,12,12)
w(44,10,5,13,13)
w(23,10,5,14,14)
w(92,11,5,15,15)
w(88,8,5,16,16)
w(9,10,5,17,17)
w(44,11,5,18,18)
w(2,11,5,19,19)
w(14,10,5,20,20)
w(90,7,5,21,21)
w(16,16,5,22,22)
r(46,14,5,23,23)
w(39,7,5,24,24)
w(23,11,5,25,25)
w(74,6,5,26,26)
w(4,11,5,27,27)
w(87,11,5,28,28)
r(25,10,5,29,29)
w(47,15,5,30,30)
w(60,8,5,31,31)
w(20,14,5,32,32)
w(15,9,5,33,33)
w(64,15,5,34,34)
w(94,9,5,35,35)
w(68,10,5,36,36)
w(80,11,5,37,37)
w(82,12,5,38,38)
w(30,8,5,39,39)
w(96,7,5,40,40)
w(48,9,5,41,41)
w(83,12,5,42,42)
w(59,9,5,43,43)
w(61,7,5,44,44)
w(94,10,5,45,45)
w(14,11,5,46,46)
w(79,6,5,47,47)
w(71,13,5,48,48)
w(81,12,5,49,49)
w(10,14,5,50,50)
w(40,7,5,51,51)
w(64,16,5,52,52)
w(16,17,5,53,53)
w(94,11,5,54,54)
w(36,8,5,55,55)
w(95,8,5,56,56)
w(11,8,5,57,57)
w(83,13,5,58,58)
w(73,11,5,59,59)
w(17,6,5,60,60)
w(22,13,5,61,61)
w(24,14,5,62,62)
r(71,13,5,63,63)
w(81,13,5,64,64)
r(49,8,5,65,65)
w(1,14,5,66,66)
w(94,12,5,67,67)
w(42,6,5,68,68)
w(42,7,5,69,69)
w(80,12,5,70,70)
w(5,13,5,71,71)
w(50,12,5,72,72)
w(17,7,5,73,73)
w(76,13,5,74,74)
w(14,12,5,75,75)
w(16,18,5,76,76)
w(27,5,5,77,77)
w(0,7,5,78,78)
w(92,12,5,79,79)
w(53,6,5,80,80)
w(53,7,5,81,81)
w(77,8,5,82,82)
w(44,12,5,83,83)
w(13,11,5,84,84)
w(44,13,5,85,85)
w(66,12,5,86,86)
w(26,10,5,87,87)
w(61,8,5,88,88)
w(39,8,5,89,89)
w(7,6,5,90,90)
r(92,12,5,91,91)
w(64,17,5,92,92)
w(45,7,5,93,93)
w(54,7,5,94,94)
w(40,8,5,95,95)
w(6,9,5,96,96)
w(78,7,5,97,97)
w(44,14,5,98,98)
w(51,8,5,99,99)
w(29,10,5,100,100)
w(9,11,5,101,101)
w(28,9,5,102,102)
w(58,12,5,103,103)
w(75,5,5,104,104)
w(96,8,5,105,105)
w(33,8,5,106,106)
r(23,11,5,107,107)
w(59,10,5,108,108)
w(7,7,5,109,109)
w(19,14,5,110,110)
w(14,13,5,111,111)
w(74,7,5,112,112)
w(27,6,5,113,113)
w(49,9,5,114,114)
w(1,15,5,115,115)
w(41,13,5,116,116)
w(97,10,5,117,117)
w(41,14,5,118,118)
w(25,11,5,119,119)
r(2,11,5,120,120)
w(29,11,5,121,121)
w(2,12,5,122,122)
w(50,13,5,123,123)
w(38,10,5,124,124)
w(80,13,5,125,125)
w(31,8,5,126,126)
w(45,8,5,127,127)
w(44,15,5,128,128)
w(9,12,5,129,129)
w(28,10,5,130,130)
w(96,9,5,131,131)
w(55,9,5,132,132)
w(16,19,5,133,133)
w(0,8,5,134,134)
w(8,9,5,135,135)
w(49,10,5,136,136)
w(66,13,5,137,137)
w(71,14,5,138,138)
w(42,8,5,139,139)
w(14,14,5,140,140)
w(61,9,5,141,141)
w(52,11,5,142,142)
r(3,9,5,143,143)
w(4,12,5,144,144)
w(63,9,5,145,145)
w(65,11,5,146,146)
w(51,9,5,147,147)
w(82,13,5,148,148)
w(66,14,5,149,149)
w(48,10,5,150,150)
r(9,12,5,151,151)
w(40,9,5,152,152)
w(81,14,5,153,153)
r(45,8,5,154,154)
w(82,14,5,155,155)
w(11,9,5,156,156)
w(63,10,5,157,157)
w(61,10,5,158,158)
w(37,12,5,159,159)
w(70,6,5,160,160)
w(17,8,5,161,161)
w(56,7,5,162,162)
w(21,11,5,163,163)
w(10,15,5,164,164)
w(35,12,5,165,165)
w(83,14,5,166,166)
w(34,10,5,167,167)
w(16,20,5,168,168)
w(53,8,5,169,169)
w(22,14,5,170,170)
w(14,15,5,171,171)
r(33,8,5,172,172)
w(70,7,5,173,173)
w(8,10,5,174,174)
w(54,8,5,175,175)
w(80,14,5,176,176)
w(87,12,5,177,177)
r(16,20,5,178,178)
r(55,9,5,179,179)
w(76,14,5,180,180)
w(87,13,5,181,181)
w(92,13,5,182,182)
w(64,18,5,183,183)
w(0,9,5,184,184)
w(77,9,5,185,185)
w(61,11,5,186,186)
w(91,15,5,187,187)
w(0,10,5,188,188)
w(85,10,5,189,189)
w(71,15,5,190,190)
w(33,9,5,191,191)
w(3,10,5,192,192)
w(98,16,5,193,193)
r(22,14,5,194,194)
w(23,12,5,195,195)
w(10,16,5,196,196)
w(84,14,5,197,197)
w(50,14,5,198,198)
w(54,9,5,199,199)
w(38,11,6,0,0)
w(16,21,6,1,1)
r(66,14,6,2,2)
w(57,8,6,3,3)
w(77,10,6,4,4)
r(65,11,6,5,5)
w(29,12,6,6,6)
w(66,15,6,7,7)
w(66,16,6,8,8)
w(27,7,6,9,9)
w(1,16,6,10,10)
w(86,10,6,11,11)
w(36,9,6,12,12)
w(4,13,6,13,13)
w(21,12,6,14,14)
w(27,8,6,15,15)
w(95,9,6,16,16)
w(89,11,6,17,17)
w(14,16,6,18,18)
r(67,9,6,19,19)
w(30,9,6,20,20)
w(5,14,6,21,21)
w(53,9,6,22,22)
w(84,15,6,23,23)
w(68,11,6,24,24)
w(89,12,6,25,25)
w(54,10,6,26,26)
w(74,8,6,27,27)
w(39,9,6,28,28)
r(50,14,6,29,29)
w(93,18,6,30,30)
w(54,11,6,31,31)
w(79,7,6,32,32)
r(91,15,6,33,33)
w(12,6,6,34,34)
w(89,13,6,35,35)
r(40,9,6,36,36)
w(18,5,6,37,37)
w(3,11,6,38,38)
w(85,11,6,39,39)
r(97,10,6,40,40)
w(93,19,6,41,41)
w(21,13,6,42,42)
w(96,10,6,43,43)
w(7,8,6,44,44)
w(72,11,6,45,45)
w(35,13,6,46,46)
w(6,10,6,47,47)
w(50,15,6,48,48)
w(55,10,6,49,49)
w(57,9,6,50,50)
w(59,11,6,51,51)
w(10,17,6,52,52)
w(26,11,6,53,53)
r(22,14,6,54,54)
w(57,10,6,55,55)
w(0,11,6,56,56)
w(94,13,6,57,57)
w(58,13,6,58,58)
w(95,10,6,59,59)
w(76,15,6,60,60)
r(22,14,6,61,61)
w(1,17,6,62,62)
w(65,12,6,63,63)
w(98,17,6,64,64)
w(32,13,6,65,65)
w(54,12,6,66,66)
w(59,12,6,67,67)
w(49,11,6,68,68)
w(43,8,6,69,69)
w(23,13,6,70,70)
w(7,9,6,71,71)
w(15,10,6,72,72)
w(34,11,6,73,73)
w(49,12,6,74,74)
w(15,11,6,75,75)
r(95,10,6,76,76)
w(8,11,6,77,77)
w(5,15,6,78,78)
w(65,13,6,79,79)
r(0,11,6,80,80)
w(65,14,6,81,81)
w(90,8,6,82,82)
w(61,12,6,83,83)
r(87,13,6,84,84)
w(79,8,6,85,85)
r(25,11,6,86,86)
w(77,11,6,87,87)
w(82,15,6,88,88)
w(32,14,6,89,89)
w(61,13,6,90,90)
w(23,14,6,91,91)
w(75,6,6,92,92)
w(70,8,6,93,93)
w(7,10,6,94,94)
w(46,15,6,95,95)
w(22,15,6,96,96)
w(95,11,6,97,97)
r(39,9,6,98,98)
w(4,14,6,99,99)
w(6,11,6,100,100)
w(53,10,6,101,101)
w(11,10,6,102,102)
w(66,17,6,103,103)
w(14,17,6,104,104)
w(97,11,6,105,105)
w(29,13,6,106,106)
r(79,8,6,107,107)
r(27,8,6,108,108)
w(75,7,6,109,109)
w(94,14,6,110,110)
w(28,11,6,111,111)
w(69,16,6,112,112)
w(13,12,6,113,113)
w(40,10,6,114,114)
w(94,15,6,115,115)
w(1,18,6,116,116)
w(52,12,6,117,117)
w(64,19,6,118,118)
w(77,12,6,119,119)
w(93,20,6,120,120)
w(61,14,6,121,121)
w(98,18,6,122,122)
w(14,18,6,123,123)
w(88,9,6,124,124)
w(76,16,6,125,125)
w(0,12,6,126,126)
w(13,13,6,127,127)
w(84,16,6,128,128)
w(50,16,6,129,129)
w(97,12,6,130,130)
w(56,8,6,131,131)
w(20,15,6,132,132)
w(76,17,6,133,133)
w(44,16,6,134,134)
w(72,12,6,135,135)
r(90,8,6,136,136)
w(31,9,6,137,137)
w(85,12,6,138,138)
w(66,18,6,139,139)
w(2,13,6,140,140)
w(65,15,6,141,141)
w(29,14,6,142,142)
w(64,20,6,143,143)
w(75,8,6,144,144)
w(24,15,6,145,145)
w(14,19,6,146,146)
w(93,21,6,147,147)
r(44,16,6,148,148)
w(24,16,6,149,149)
r(99,13,6,150,150)
w(76,18,6,151,151)
w(34,12,6,152,152)
r(42,8,6,153,153)
w(3,12,6,154,154)
r(41,14,6,155,155)
w(8,12,6,156,156)
w(91,16,6,157,157)
w(3,13,6,158,158)
w(72,13,6,159,159)
w(17,9,6,160,160)
r(80,14,6,161,161)
w(75,9,6,162,162)
w(88,10,6,163,163)
w(92,14,6,164,164)
w(38,12,6,165,165)
w(72,14,6,166,166)
w(71,16,6,167,167)
r(84,16,6,168,168)
w(86,11,6,169,169)
w(4,15,6,170,170)
w(42,9,6,171,171)
w(1,19,6,172,172)
w(62,11,6,173,173)
w(9,13,6,174,174)
w(55,11,6,175,175)
w(52,13,6,176,176)
w(79,9,6,177,177)
w(84,17,6,178,178)
w(97,13,6,179,179)
w(42,10,6,180,180)
w(64,21,6,181,181)
w(12,7,6,182,182)
w(71,17,6,183,183)
w(96,11,6,184,184)
w(3,14,6,185,185)
w(91,17,6,186,186)
r(11,10,6,187,187)
w(99,14,6,188,188)
w(91,18,6,189,189)
w(81,15,6,190,190)
w(69,17,6,191,191)
w(80,15,6,192,192)
w(85,13,6,193,193)
w(56,9,6,194,194)
w(41,15,6,195,195)
w(55,12,6,196,196)
w(58,14,6,197,197)
w(0,13,6,198,198)
w(26,12,6,199,199)
w(67,10,7,0,0)
w(87,14,7,1,1)
w(73,12,7,2,2)
w(45,9,7,3,3)
w(80,16,7,4,4)
w(26,13,7,5,5)
w(53,11,7,6,6)
w(38,13,7,7,7)
w(65,16,7,8,8)
w(81,16,7,9,9)
w(28,12,7,10,10)
w(37,13,7,11,11)
w(80,17,7,12,12)
w(16,22,7,13,13)
w(53,12,7,14,14)
r(22,15,7,15,15)
w(96,12,7,16,16)
w(88,11,7,17,17)
w(43,9,7,18,18)
w(94,16,7,19,19)
w(11,11,7,20,20)
w(66,19,7,21,21)
w(52,14,7,22,22)
w(22,16,7,23,23)
r(54,12,7,24,24)
w(45,10,7,25,25)
w(52,15,7,26,26)
w(72,15,7,27,27)
w(85,14,7,28,28)
w(82,16,7,29,29)
w(0,14,7,30,30)
w(38,14,7,31,31)
w(70,9,7,32,32)
w(94,17,7,33,33)
w(25,12,7,34,34)
w(16,23,7,35,35)
w(19,15,7,36,36)
w(51,10,7,37,37)
w(23,15,7,38,38)
w(58,15,7,39,39)
w(57,11,7,40,40)
w(27,9,7,41,41)
w(96,13,7,42,42)
w(36,10,7,43,43)
w(4,16,7,44,44)
w(95,12,7,45,45)
w(56,10,7,46,46)
w(20,16,7,47,47)
w(32,15,7,48,48)
w(49,13,7,49,49)
w(18,6,7,50,50)
w(9,14,7,51,51)
w(85,15,7,52,52)
w(4,17,7,53,53)
w(66,20,7,54,54)
w(14,20,7,55,55)
w(41,16,7,56,56)
w(73,13,7,57,57)
w(79,10,7,58,58)
w(84,18,7,59,59)
w(2,14,7,60,60)
w(83,15,7,61,61)
w(4,18,7,62,62)
w(85,16,7,63,63)
w(77,13,7,64,64)
w(43,10,7,65,65)
w(56,11,7,66,66)
w(24,17,7,67,67)
r(68,11,7,68,68)
w(56,12,7,69,69)
w(30,10,7,70,70)
w(57,12,7,71,71)
w(33,10,7,72,72)
w(67,11,7,73,73)
w(12,8,7,74,74)
w(92,15,7,75,75)
r(24,17,7,76,76)
w(91,19,7,77,77)
w(60,9,7,78,78)
w(72,16,7,79,79)
w(0,15,7,80,80)
w(10,18,7,81,81)
w(71,18,7,82,82)
w(19,16,7,83,83)
w(81,17,7,84,84)
w(15,12,7,85,85)
w(41,17,7,86,86)
r(28,12,7,87,87)
w(66,21,7,88,88)
w(31,10,7,89,89)
w(74,9,7,90,90)
w(87,15,7,91,91)
w(94,18,7,92,92)
w(21,14,7,93,93)
w(87,16,7,94,94)
w(73,14,7,95,95)
w(30,11,7,96,96)
w(61,15,7,97,97)
w(52,16,7,98,98)
w(30,12,7,99,99)
w(28,13,7,100,100)
w(34,13,7,101,101)
w(10,19,7,102,102)
w(40,11,7,103,103)
w(23,16,7,104,104)
w(94,19,7,105,105)
w(14,21,7,106,106)
w(2,15,7,107,107)
w(33,11,7,108,108)
r(78,7,7,109,109)
w(81,18,7,110,110)
w(68,12,7,111,111)
w(85,17,7,112,112)
w(60,10,7,113,113)
w(15,13,7,114,114)
w(23,17,7,115,115)
r(5,15,7,116,116)
w(37,14,7,117,117)
r(65,16,7,118,118)
w(58,16,7,119,119)
w(6,12,7,120,120)
w(86,12,7,121,121)
w(25,13,7,122,122)
w(94,20,7,123,123)
r(1,19,7,124,124)
w(38,15,7,125,125)
w(98,19,7,126,126)
w(59,13,7,127,127)
w(23,18,7,128,128)
w(37,15,7,129,129)
w(66,22,7,130,130)
r(6,12,7,131,131)
w(73,15,7,132,132)
w(67,12,7,133,133)
w(11,12,7,134,134)
w(5,16,7,135,135)
w(97,14,7,136,136)
w(84,19,7,137,137)
w(54,13,7,138,138)
w(50,17,7,139,139)
w(96,14,7,140,140)
w(66,23,7,141,141)
w(96,15,7,142,142)
w(0,16,7,143,143)
r(5,16,7,144,144)
w(47,16,7,145,145)
w(81,19,7,146,146)
w(34,14,7,147,147)
w(65,17,7,148,148)
w(69,18,7,149,149)
w(99,15,7,150,150)
w(97,15,7,151,151)
w(44,17,7,152,152)
w(31,11,7,153,153)
w(36,11,7,154,154)
w(42,11,7,155,155)
w(32,16,7,156,156)
w(3,15,7,157,157)
w(31,12,7,158,158)
w(5,17,7,159,159)
w(63,11,7,160,160)
w(79,11,7,161,161)
w(20,17,7,162,162)
w(96,16,7,163,163)
w(45,11,7,164,164)
w(54,14,7,165,165)
r(81,19,7,166,166)
w(94,21,7,167,167)
w(58,17,7,168,168)
r(38,15,7,169,169)
w(54,15,7,170,170)
w(50,18,7,171,171)
w(39,10,7,172,172)
w(42,12,7,173,173)
w(36,12,7,174,174)
w(3,16,7,175,175)
w(28,14,7,176,176)
r(40,11,7,177,177)
w(16,24,7,178,178)
w(58,18,7,179,179)
w(62,12,7,180,180)
w(29,15,7,181,181)
r(72,16,7,182,182)
w(23,19,7,183,183)
w(90,9,7,184,184)
w(96,17,7,185,185)
w(76,19,7,186,186)
w(17,10,7,187,187)
w(60,11,7,188,188)
w(35,14,7,189,189)
w(3,17,7,190,190)
w(99,16,7,191,191)
w(61,16,7,192,192)
w(36,13,7,193,193)
w(89,14,7,194,194)
w(30,13,7,195,195)
w(76,20,7,196,196)
w(77,14,7,197,197)
w(71,19,7,198,198)
r(13,13,7,199,199)
w(74,10,8,0,0)
w(53,13,8,1,1)
w(49,14,8,2,2)
w(13,14,8,3,3)
w(10,20,8,4,4)
r(15,13,8,5,5)
w(16,25,8,6,6)
w(17,11,8,7,7)
w(10,21,8,8,8)
w(19,17,8,9,9)
r(16,25,8,10,10)
r(68,12,8,11,11)
w(22,17,8,12,12)
w(34,15,8,13,13)
w(10,22,8,14,14)
w(41,18,8,15,15)
w(47,17,8,16,16)
w(48,11,8,17,17)
w(34,16,8,18,18)
w(18,7,8,19,19)
w(76,21,8,20,20)
w(19,18,8,21,21)
w(74,11,8,22,22)
w(6,13,8,23,23)
w(36,14,8,24,24)
w(36,15,8,25,25)
w(69,19,8,26,26)
w(40,12,8,27,27)
w(28,15,8,28,28)
w(33,12,8,29,29)
w(50,19,8,30,30)
w(98,20,8,31,31)
w(94,22,8,32,32)
w(32,17,8,33,33)
w(8,13,8,34,34)
w(60,12,8,35,35)
w(28,16,8,36,36)
w(0,17,8,37,37)
w(21,15,8,38,38)
w(18,8,8,39,39)
w(71,20,8,40,40)
w(87,17,8,41,41)
w(70,10,8,42,42)
w(28,17,8,43,43)
w(60,13,8,44,44)
w(50,20,8,45,45)
w(73,16,8,46,46)
w(96,18,8,47,47)
w(31,13,8,48,48)
w(30,14,8,49,49)
w(40,13,8,50,50)
w(76,22,8,51,51)
w(12,9,8,52,52)
w(12,10,8,53,53)
w(50,21,8,54,54)
w(86,13,8,55,55)
w(45,12,8,56,56)
w(57,13,8,57,57)
w(37,16,8,58,58)
w(7,11,8,59,59)
w(53,14,8,60,60)
w(26,14,8,61,61)
r(16,25,8,62,62)
w(6,14,8,63,63)
w(43,11,8,64,64)
w(46,16,8,65,65)
w(78,8,8,66,66)
w(70,11,8,67,67)
r(4,18,8,68,68)
w(75,10,8,69,69)
w(57,14,8,70,70)
w(47,18,8,71,71)
r(44,17,8,72,72)
w(57,15,8,73,73)
r(43,11,8,74,74)
w(76,23,8,75,75)
w(16,26,8,76,76)
w(50,22,8,77,77)
w(51,11,8,78,78)
w(1,20,8,79,79)
w(63,12,8,80,80)
w(41,19,8,81,81)
w(55,13,8,82,82)
w(11,13,8,83,83)
w(30,15,8,84,84)
w(85,18,8,85,85)
w(59,14,8,86,86)
w(44,18,8,87,87)
w(2,16,8,88,88)
w(10,23,8,89,89)
w(13,15,8,90,90)
w(4,19,8,91,91)
w(14,22,8,92,92)
w(16,27,8,93,93)
r(15,13,8,94,94)
w(96,19,8,95,95)
w(37,17,8,96,96)
w(34,17,8,97,97)
w(21,16,8,98,98)
w(70,12,8,99,99)
w(29,16,8,100,100)
w(2,17,8,101,101)
w(54,16,8,102,102)
w(25,14,8,103,103)
w(49,15,8,104,104)
w(2,18,8,105,105)
w(85,19,8,106,106)
w(39,11,8,107,107)
w(4,20,8,108,108)
w(11,14,8,109,109)
w(66,24,8,110,110)
w(2,19,8,111,111)
w(88,12,8,112,112)
w(71,21,8,113,113)
w(36,16,8,114,114)
w(40,14,8,115,115)
r(23,19,8,116,116)
w(14,23,8,117,117)
w(97,16,8,118,118)
w(21,17,8,119,119)
w(93,22,8,120,120)
w(32,18,8,121,121)
w(25,15,8,122,122)
w(83,16,8,123,123)
w(43,12,8,124,124)
w(41,20,8,125,125)
w(59,15,8,126,126)
w(59,16,8,127,127)
w(15,14,8,128,128)
w(97,17,8,129,129)
w(59,17,8,130,130)
r(98,20,8,131,131)
w(79,12,8,132,132)
w(86,14,8,133,133)
w(13,16,8,134,134)
w(64,22,8,135,135)
w(43,13,8,136,136)
w(71,22,8,137,137)
w(21,18,8,138,138)
w(59,18,8,139,139)
w(70,13,8,140,140)
w(83,17,8,141,141)
w(95,13,8,142,142)
w(17,12,8,143,143)
w(52,17,8,144,144)
r(63,12,8,145,145)
w(14,24,8,146,146)
w(24,18,8,147,147)
w(45,13,8,148,148)
w(66,25,8,149,149)
w(65,18,8,150,150)
w(9,15,8,151,151)
w(38,16,8,152,152)
w(55,14,8,153,153)
r(83,17,8,154,154)
w(92,16,8,155,155)
w(99,17,8,156,156)
w(45,14,8,157,157)
w(47,19,8,158,158)
w(80,18,8,159,159)
w(36,17,8,160,160)
w(8,14,8,161,161)
w(57,16,8,162,162)
w(0,18,8,163,163)
w(39,12,8,164,164)
w(43,14,8,165,165)
w(47,20,8,166,166)
w(87,18,8,167,167)
w(24,19,8,168,168)
w(6,15,8,169,169)
w(56,13,8,170,170)
w(41,21,8,171,171)
w(4,21,8,172,172)
w(55,15,8,173,173)
w(14,25,8,174,174)
w(19,19,8,175,175)
w(83,18,8,176,176)
w(40,15,8,177,177)
r(59,18,8,178,178)
w(25,16,8,179,179)
w(10,24,8,180,180)
w(34,18,8,181,181)
w(68,13,8,182,182)
w(23,20,8,183,183)
w(58,19,8,184,184)
w(35,15,8,185,185)
w(68,14,8,186,186)
w(64,23,8,187,187)
w(19,20,8,188,188)
w(22,18,8,189,189)
w(22,19,8,190,190)
w(14,26,8,191,191)
w(54,17,8,192,192)
w(60,14,8,193,193)
w(70,14,8,194,194)
r(21,18,8,195,195)
w(5,18,8,196,196)
w(11,15,8,197,197)
w(37,18,8,198,198)
w(33,13,8,199,199)
w(62,13,9,0,0)
w(14,27,9,1,1)
w(66,26,9,2,2)
w(38,17,9,3,3)
w(10,25,9,4,4)
w(53,15,9,5,5)
w(25,17,9,6,6)
w(77,15,9,7,7)
r(10,25,9,8,8)
w(42,13,9,9,9)
w(53,16,9,10,10)
w(53,17,9,11,11)
r(94,22,9,12,12)
w(13,17,9,13,13)
w(15,15,9,14,14)
w(24,20,9,15,15)
w(26,15,9,16,16)
w(43,15,9,17,17)
w(50,23,9,18,18)
w(3,18,9,19,19)
w(3,19,9,20,20)
r(98,20,9,21,21)
w(49,16,9,22,22)
w(50,24,9,23,23)
r(74,11,9,24,24)
w(61,17,9,25,25)
w(92,17,9,26,26)
w(73,17,9,27,27)
w(81,20,9,28,28)
w(58,20,9,29,29)
w(82,17,9,30,30)
w(75,11,9,31,31)
w(59,19,9,32,32)
w(96,20,9,33,33)
w(79,13,9,34,34)
w(62,14,9,35,35)
w(29,17,9,36,36)
w(7,12,9,37,37)
w(50,25,9,38,38)
w(5,19,9,39,39)
w(31,14,9,40,40)
w(2,20,9,41,41)
w(52,18,9,42,42)
w(78,9,9,43,43)
w(30,16,9,44,44)
r(81,20,9,45,45)
w(79,14,9,46,46)
w(9,16,9,47,47)
w(2,21,9,48,48)
w(39,13,9,49,49)
w(12,11,9,50,50)
w(21,19,9,51,51)
w(65,19,9,52,52)
w(5,20,9,53,53)
w(37,19,9,54,54)
w(79,15,9,55,55)
w(57,17,9,56,56)
w(74,12,9,57,57)
w(34,19,9,58,58)
w(93,23,9,59,59)
w(30,17,9,60,60)
w(39,14,9,61,61)
w(72,17,9,62,62)
w(21,20,9,63,63)
w(40,16,9,64,64)
w(9,17,9,65,65)
w(76,24,9,66,66)
w(28,18,9,67,67)
w(11,16,9,68,68)
w(66,27,9,69,69)
w(1,21,9,70,70)
w(1,22,9,71,71)
w(27,10,9,72,72)
w(68,15,9,73,73)
r(67,12,9,74,74)
w(35,16,9,75,75)
w(25,18,9,76,76)
w(54,18,9,77,77)
w(54,19,9,78,78)
r(77,15,9,79,79)
w(49,17,9,80,80)
w(49,18,9,81,81)
w(19,21,9,82,82)
w(57,18,9,83,83)
w(74,13,9,84,84)
w(42,14,9,85,85)
w(71,23,9,86,86)
w(15,16,9,87,87)
w(70,15,9,88,88)
w(67,13,9,89,89)
w(65,20,9,90,90)
w(85,20,9,91,91)
w(8,15,9,92,92)
w(73,18,9,93,93)
w(84,20,9,94,94)
w(60,15,9,95,95)
r(21,20,9,96,96)
w(43,16,9,97,97)
r(61,17,9,98,98)
w(60,16,9,99,99)
w(42,15,9,100,100)
w(41,22,9,101,101)
w(1,23,9,102,102)
w(80,19,9,103,103)
w(87,19,9,104,104)
w(19,22,9,105,105)
w(12,12,9,106,106)
w(75,12,9,107,107)
w(4,22,9,108,108)
w(5,21,9,109,109)
w(14,28,9,110,110)
w(87,20,9,111,111)
w(20,18,9,112,112)
w(35,17,9,113,113)
r(30,17,9,114,114)
w(44,19,9,115,115)
w(65,21,9,116,116)
w(98,21,9,117,117)
w(2,22,9,118,118)
w(52,19,9,119,119)
w(90,10,9,120,120)
w(43,17,9,121,121)
w(52,20,9,122,122)
w(97,18,9,123,123)
w(17,13,9,124,124)
w(13,18,9,125,125)
w(8,16,9,126,126)
w(70,16,9,127,127)
w(22,20,9,128,128)
w(14,29,9,129,129)
w(74,14,9,130,130)
w(72,18,9,131,131)
w(87,21,9,132,132)
w(19,23,9,133,133)
r(68,15,9,134,134)
w(95,14,9,135,135)
w(78,10,9,136,136)
r(73,18,9,137,137)
w(30,18,9,138,138)
w(1,24,9,139,139)
w(65,22,9,140,140)
w(32,19,9,141,141)
w(76,25,9,142,142)
w(13,19,9,143,143)
w(51,12,9,144,144)
w(20,19,9,145,145)
w(64,24,9,146,146)
w(21,21,9,147,147)
w(68,16,9,148,148)
r(8,16,9,149,149)
w(44,20,9,150,150)
w(45,15,9,151,151)
w(15,17,9,152,152)
w(29,18,9,153,153)
w(83,19,9,154,154)
r(56,13,9,155,155)
r(38,17,9,156,156)
w(75,13,9,157,157)
w(90,11,9,158,158)
w(56,14,9,159,159)
r(67,13,9,160,160)
w(56,15,9,161,161)
w(45,16,9,162,162)
w(84,21,9,163,163)
w(40,17,9,164,164)
w(78,11,9,165,165)
w(94,23,9,166,166)
w(65,23,9,167,167)
w(4,23,9,168,168)
r(11,16,9,169,169)
r(74,14,9,170,170)
w(11,17,9,171,171)
r(60,16,9,172,172)
w(70,17,9,173,173)
w(42,16,9,174,174)
w(59,20,9,175,175)
w(84,22,9,176,176)
w(17,14,9,177,177)
w(90,12,9,178,178)
w(58,21,9,179,179)
w(55,16,9,180,180)
w(18,9,9,181,181)
w(60,17,9,182,182)
w(17,15,9,183,183)
r(42,16,9,184,184)
w(83,20,9,185,185)
w(36,18,9,186,186)
r(1,24,9,187,187)
w(56,16,9,188,188)
w(56,17,9,189,189)
w(90,13,9,190,190)
w(42,17,9,191,191)
w(50,26,9,192,192)
w(24,21,9,193,193)
w(97,19,9,194,194)
w(8,17,9,195,195)
w(21,22,9,196,196)
r(11,17,9,197,197)
r(33,13,9,198,198)
w(3,20,9,199,199)
w(2,23,10,0,0)
w(90,14,10,1,1)
w(34,20,10,2,2)
r(3,20,10,3,3)
w(54,20,10,4,4)
w(23,21,10,5,5)
w(54,21,10,6,6)
w(32,20,10,7,7)
w(18,10,10,8,8)
r(38,17,10,9,9)
w(7,13,10,10,10)
w(38,18,10,11,11)
w(2,24,10,12,12)
w(88,13,10,13,13)
w(96,21,10,14,14)
w(56,18,10,15,15)
w(60,18,10,16,16)
w(78,12,10,17,17)
w(7,14,10,18,18)
w(39,15,10,19,19)
w(86,15,10,20,20)
w(75,14,10,21,21)
w(49,19,10,22,22)
w(13,20,10,23,23)
w(8,18,10,24,24)
w(42,18,10,25,25)
w(83,21,10,26,26)
w(17,16,10,27,27)
w(0,19,10,28,28)
w(67,14,10,29,29)
w(91,20,10,30,30)
w(2,25,10,31,31)
w(17,17,10,32,32)
w(83,22,10,33,33)
w(69,20,10,34,34)
w(92,18,10,35,35)
w(20,20,10,36,36)
w(2,26,10,37,37)
w(18,11,10,38,38)
w(21,23,10,39,39)
w(5,22,10,40,40)
w(49,20,10,41,41)
w(17,18,10,42,42)
w(60,19,10,43,43)
w(94,24,10,44,44)
w(15,18,10,45,45)
w(38,19,10,46,46)
w(62,15,10,47,47)
w(82,18,10,48,48)
w(17,19,10,49,49)
w(76,26,10,50,50)
w(64,25,10,51,51)
w(32,21,10,52,52)
w(35,18,10,53,53)
w(64,26,10,54,54)
w(60,20,10,55,55)
r(72,18,10,56,56)
w(14,30,10,57,57)
w(26,16,10,58,58)
w(55,17,10,59,59)
w(45,17,10,60,60)
w(82,19,10,61,61)
r(55,17,10,62,62)
w(46,17,10,63,63)
w(64,27,10,64,64)
w(16,28,10,65,65)
w(84,23,10,66,66)
w(7,15,10,67,67)
w(97,20,10,68,68)
w(2,27,10,69,69)
w(64,28,10,70,70)
w(64,29,10,71,71)
w(94,25,10,72,72)
w(98,22,10,73,73)
w(85,21,10,74,74)
w(75,15,10,75,75)
w(41,23,10,76,76)
w(85,22,10,77,77)
w(31,15,10,78,78)
w(26,17,10,79,79)
w(96,22,10,80,80)
w(33,14,10,81,81)
w(12,13,10,82,82)
w(16,29,10,83,83)
w(29,19,10,84,84)
w(4,24,10,85,85)
w(45,18,10,86,86)
w(57,19,10,87,87)
w(47,21,10,88,88)
w(80,20,10,89,89)
r(5,22,10,90,90)
r(21,23,10,91,91)
w(44,21,10,92,92)
w(15,19,10,93,93)
w(33,15,10,94,94)
w(96,23,10,95,95)
w(87,22,10,96,96)
w(7,16,10,97,97)
r(69,20,10,98,98)
r(96,23,10,99,99)
w(1,25,10,100,100)
w(30,19,10,101,101)
w(63,13,10,102,102)
w(38,20,10,103,103)
w(89,15,10,104,104)
w(84,24,10,105,105)
w(56,19,10,106,106)
w(60,21,10,107,107)
w(39,16,10,108,108)
w(53,18,10,109,109)
w(27,11,10,110,110)
w(37,20,10,111,111)
w(4,25,10,112,112)
w(65,24,10,113,113)
w(29,20,10,114,114)
w(67,15,10,115,115)
r(42,18,10,116,116)
w(28,19,10,117,117)
w(16,30,10,118,118)
w(87,23,10,119,119)
w(74,15,10,120,120)
r(59,20,10,121,121)
w(93,24,10,122,122)
w(47,22,10,123,123)
w(46,18,10,124,124)
w(15,20,10,125,125)
r(33,15,10,126,126)
w(83,23,10,127,127)
w(98,23,10,128,128)
w(4,26,10,129,129)
r(37,20,10,130,130)
w(16,31,10,131,131)
w(28,20,10,132,132)
w(7,17,10,133,133)
w(2,28,10,134,134)
r(32,21,10,135,135)
w(81,21,10,136,136)
w(66,28,10,137,137)
w(15,21,10,138,138)
w(44,22,10,139,139)
w(78,13,10,140,140)
w(58,22,10,141,141)
w(95,15,10,142,142)
w(73,19,10,143,143)
w(34,21,10,144,144)
w(54,22,10,145,145)
w(18,12,10,146,146)
w(95,16,10,147,147)
w(47,23,10,148,148)
w(25,19,10,149,149)
w(30,20,10,150,150)
w(61,18,10,151,151)
w(41,24,10,152,152)
w(27,12,10,153,153)
w(31,16,10,154,154)
w(89,16,10,155,155)
w(61,19,10,156,156)
w(80,21,10,157,157)
w(16,32,10,158,158)
w(73,20,10,159,159)
w(26,18,10,160,160)
w(5,23,10,161,161)
w(44,23,10,162,162)
w(6,16,10,163,163)
w(6,17,10,164,164)
w(97,21,10,165,165)
w(22,21,10,166,166)
w(56,20,10,167,167)
w(52,21,10,168,168)
w(58,23,10,169,169)
w(17,20,10,170,170)
w(82,20,10,171,171)
w(97,22,10,172,172)
w(34,22,10,173,173)
w(82,21,10,174,174)
r(67,15,10,175,175)
r(44,23,10,176,176)
w(66,29,10,177,177)
w(14,31,10,178,178)
w(95,17,10,179,179)
r(45,18,10,180,180)
w(57,20,10,181,181)
r(33,15,10,182,182)
w(7,18,10,183,183)
w(40,18,10,184,184)
w(91,21,10,185,185)
w(14,32,10,186,186)
w(17,21,10,187,187)
w(45,19,10,188,188)
w(49,21,10,189,189)
r(57,20,10,190,190)
w(51,13,10,191,191)
w(61,20,10,192,192)
w(79,16,10,193,193)
w(45,20,10,194,194)
r(2,28,10,195,195)
w(46,19,10,196,196)
w(94,26,10,197,197)
w(6,18,10,198,198)
r(59,20,10,199,199)
w(0,20,11,0,0)
w(87,24,11,1,1)
w(39,17,11,2,2)
w(64,30,11,3,3)
w(7,19,11,4,4)
w(6,19,11,5,5)
w(28,21,11,6,6)
w(39,18,11,7,7)
w(95,18,11,8,8)
w(99,18,11,9,9)
w(83,24,11,10,10)
r(41,24,11,11,11)
w(11,18,11,12,12)
w(0,21,11,13,13)
w(50,27,11,14,14)
w(76,27,11,15,15)
w(67,16,11,16,16)
w(80,22,11,17,17)
w(3,21,11,18,18)
w(34,23,11,19,19)
w(29,21,11,20,20)
w(89,17,11,21,21)
w(35,19,11,22,22)
w(12,14,11,23,23)
w(12,15,11,24,24)
w(57,21,11,25,25)
w(96,24,11,26,26)
w(58,24,11,27,27)
w(21,24,11,28,28)
w(67,17,11,29,29)
w(63,14,11,30,30)
w(28,22,11,31,31)
w(84,25,11,32,32)
w(36,19,11,33,33)
w(38,21,11,34,34)
w(44,24,11,35,35)
w(75,16,11,36,36)
w(75,17,11,37,37)
w(14,33,11,38,38)
w(59,21,11,39,39)
w(72,19,11,40,40)
w(49,22,11,41,41)
w(66,30,11,42,42)
w(10,26,11,43,43)
w(52,22,11,44,44)
w(29,22,11,45,45)
w(90,15,11,46,46)
w(40,19,11,47,47)
w(33,16,11,48,48)
w(1,26,11,49,49)
w(95,19,11,50,50)
w(79,17,11,51,51)
w(12,16,11,52,52)
w(75,18,11,53,53)
w(20,21,11,54,54)
w(3,22,11,55,55)
w(87,25,11,56,56)
w(74,16,11,57,57)
w(16,33,11,58,58)
w(70,18,11,59,59)
w(60,22,11,60,60)
w(39,19,11,61,61)
w(98,24,11,62,62)
r(54,22,11,63,63)
w(63,15,11,64,64)
w(88,14,11,65,65)
w(44,25,11,66,66)
w(32,22,11,67,67)
w(80,23,11,68,68)
w(84,26,11,69,69)
w(53,19,11,70,70)
w(16,34,11,71,71)
w(52,23,11,72,72)
w(29,23,11,73,73)
w(84,27,11,74,74)
w(18,13,11,75,75)
w(56,21,11,76,76)
w(25,20,11,77,77)
w(58,25,11,78,78)
w(29,24,11,79,79)
w(87,26,11,80,80)
w(51,14,11,81,81)
w(44,26,11,82,82)
r(11,18,11,83,83)
r(74,16,11,84,84)
w(79,18,11,85,85)
w(24,22,11,86,86)
w(18,14,11,87,87)
w(84,28,11,88,88)
r(82,21,11,89,89)
w(35,20,11,90,90)
w(14,34,11,91,91)
w(22,22,11,92,92)
w(11,19,11,93,93)
w(31,17,11,94,94)
r(89,17,11,95,95)
w(97,23,11,96,96)
w(54,23,11,97,97)
w(95,20,11,98,98)
w(81,22,11,99,99)
w(36,20,11,100,100)
w(6,20,11,101,101)
r(22,22,11,102,102)
r(23,21,11,103,103)
w(53,20,11,104,104)
w(79,19,11,105,105)
w(12,17,11,106,106)
w(64,31,11,107,107)
w(57,22,11,108,108)
w(27,13,11,109,109)
w(86,16,11,110,110)
r(74,16,11,111,111)
w(64,32,11,112,112)
w(58,26,11,113,113)
w(4,27,11,114,114)
w(93,25,11,115,115)
w(28,23,11,116,116)
w(44,27,11,117,117)
w(8,19,11,118,118)
w(13,21,11,119,119)
w(30,21,11,120,120)
w(66,31,11,121,121)
w(4,28,11,122,122)
w(60,23,11,123,123)
r(22,22,11,124,124)
w(29,25,11,125,125)
w(16,35,11,126,126)
w(43,18,11,127,127)
r(17,21,11,128,128)
w(17,22,11,129,129)
w(30,22,11,130,130)
w(76,28,11,131,131)
w(33,17,11,132,132)
w(50,28,11,133,133)
w(27,14,11,134,134)
w(82,22,11,135,135)
w(99,19,11,136,136)
w(93,26,11,137,137)
w(90,16,11,138,138)
w(97,24,11,139,139)
r(30,22,11,140,140)
w(97,25,11,141,141)
w(21,25,11,142,142)
w(50,29,11,143,143)
w(97,26,11,144,144)
w(92,19,11,145,145)
w(44,28,11,146,146)
r(88,14,11,147,147)
w(36,21,11,148,148)
w(57,23,11,149,149)
r(71,23,11,150,150)
w(9,18,11,151,151)
w(19,24,11,152,152)
w(69,21,11,153,153)
w(50,30,11,154,154)
w(51,15,11,155,155)
w(11,20,11,156,156)
w(63,16,11,157,157)
w(56,22,11,158,158)
w(60,24,11,159,159)
w(22,23,11,160,160)
w(61,21,11,161,161)
w(21,26,11,162,162)
w(4,29,11,163,163)
w(19,25,11,164,164)
w(63,17,11,165,165)
w(69,22,11,166,166)
w(32,23,11,167,167)
w(29,26,11,168,168)
w(35,21,11,169,169)
w(13,22,11,170,170)
w(53,21,11,171,171)
w(5,24,11,172,172)
w(79,20,11,173,173)
w(77,16,11,174,174)
w(31,18,11,175,175)
w(70,19,11,176,176)
w(79,21,11,177,177)
r(23,21,11,178,178)
w(94,27,11,179,179)
w(34,24,11,180,180)
w(37,21,11,181,181)
w(14,35,11,182,182)
r(69,22,11,183,183)
r(25,20,11,184,184)
w(94,28,11,185,185)
w(28,24,11,186,186)
w(27,15,11,187,187)
w(34,25,11,188,188)
w(31,19,11,189,189)
w(28,25,11,190,190)
w(28,26,11,191,191)
w(37,22,11,192,192)
w(64,33,11,193,193)
w(38,22,11,194,194)
w(61,22,11,195,195)
r(24,22,11,196,196)
w(15,22,11,197,197)
w(72,20,11,198,198)
w(67,18,11,199,199)
w(22,24,12,0,0)
r(67,18,12,1,1)
r(94,28,12,2,2)
w(97,27,12,3,3)
w(30,23,12,4,4)
w(48,12,12,5,5)
w(95,21,12,6,6)
w(70,20,12,7,7)
w(46,20,12,8,8)
w(87,27,12,9,9)
w(99,20,12,10,10)
w(36,22,12,11,11)
w(11,21,12,12,12)
w(60,25,12,13,13)
w(93,27,12,14,14)
w(96,25,12,15,15)
w(69,23,12,16,16)
r(71,23,12,17,17)
w(67,19,12,18,18)
w(74,17,12,19,19)
w(42,19,12,20,20)
w(49,23,12,21,21)
w(77,17,12,22,22)
w(87,28,12,23,23)
w(34,26,12,24,24)
w(61,23,12,25,25)
w(44,29,12,26,26)
w(86,17,12,27,27)
r(14,35,12,28,28)
w(71,24,12,29,29)
w(44,30,12,30,30)
w(37,23,12,31,31)
w(51,16,12,32,32)
w(34,27,12,33,33)
w(9,19,12,34,34)
w(9,20,12,35,35)
w(47,24,12,36,36)
w(2,29,12,37,37)
w(57,24,12,38,38)
w(25,21,12,39,39)
w(71,25,12,40,40)
w(7,20,12,41,41)
w(57,25,12,42,42)
w(19,26,12,43,43)
w(97,28,12,44,44)
w(31,20,12,45,45)
r(73,20,12,46,46)
w(37,24,12,47,47)
w(75,19,12,48,48)
w(60,26,12,49,49)
w(2,30,12,50,50)
w(61,24,12,51,51)
w(70,21,12,52,52)
r(55,17,12,53,53)
w(69,24,12,54,54)
w(98,25,12,55,55)
w(11,22,12,56,56)
w(43,19,12,57,57)
w(31,21,12,58,58)
w(0,22,12,59,59)
w(53,22,12,60,60)
w(66,32,12,61,61)
w(76,29,12,62,62)
w(0,23,12,63,63)
w(92,20,12,64,64)
w(54,24,12,65,65)
w(93,28,12,66,66)
r(28,26,12,67,67)
r(21,26,12,68,68)
w(9,21,12,69,69)
r(16,35,12,70,70)
w(45,21,12,71,71)
w(45,22,12,72,72)
w(5,25,12,73,73)
w(11,23,12,74,74)
w(79,22,12,75,75)
r(69,24,12,76,76)
w(66,33,12,77,77)
w(3,23,12,78,78)
w(70,22,12,79,79)
w(30,24,12,80,80)
w(11,24,12,81,81)
w(78,14,12,82,82)
w(50,31,12,83,83)
w(53,23,12,84,84)
w(79,23,12,85,85)
w(13,23,12,86,86)
w(49,24,12,87,87)
w(21,27,12,88,88)
r(29,26,12,89,89)
w(45,23,12,90,90)
w(93,29,12,91,91)
r(95,21,12,92,92)
w(81,23,12,93,93)
w(34,28,12,94,94)
w(70,23,12,95,95)
w(54,25,12,96,96)
w(19,27,12,97,97)
w(53,24,12,98,98)
w(30,25,12,99,99)
w(2,31,12,100,100)
w(22,25,12,101,101)
w(10,27,12,102,102)
w(67,20,12,103,103)
w(82,23,12,104,104)
w(13,24,12,105,105)
r(81,23,12,106,106)
r(63,17,12,107,107)
w(40,20,12,108,108)
w(95,22,12,109,109)
r(10,27,12,110,110)
w(24,23,12,111,111)
w(79,24,12,112,112)
w(65,25,12,113,113)
w(82,24,12,114,114)
w(69,25,12,115,115)
w(48,13,12,116,116)
w(19,28,12,117,117)
w(2,32,12,118,118)
w(89,18,12,119,119)
w(82,25,12,120,120)
w(91,22,12,121,121)
w(41,25,12,122,122)
w(15,23,12,123,123)
r(16,35,12,124,124)
w(65,26,12,125,125)
w(26,19,12,126,126)
w(95,23,12,127,127)
w(71,26,12,128,128)
w(72,21,12,129,129)
w(81,24,12,130,130)
w(6,21,12,131,131)
w(85,23,12,132,132)
w(47,25,12,133,133)
w(26,20,12,134,134)
w(65,27,12,135,135)
w(12,18,12,136,136)
w(7,21,12,137,137)
w(88,15,12,138,138)
w(7,22,12,139,139)
r(59,21,12,140,140)
w(64,34,12,141,141)
w(83,25,12,142,142)
w(85,24,12,143,143)
w(12,19,12,144,144)
r(61,24,12,145,145)
r(49,24,12,146,146)
w(22,26,12,147,147)
w(9,22,12,148,148)
r(23,21,12,149,149)
w(34,29,12,150,150)
w(6,22,12,151,151)
w(93,30,12,152,152)
w(68,17,12,153,153)
w(24,24,12,154,154)
w(4,30,12,155,155)
w(98,26,12,156,156)
w(90,17,12,157,157)
w(58,27,12,158,158)
w(21,28,12,159,159)
w(54,26,12,160,160)
w(44,31,12,161,161)
w(71,27,12,162,162)
w(73,21,12,163,163)
w(2,33,12,164,164)
w(86,18,12,165,165)
w(48,14,12,166,166)
w(63,18,12,167,167)
r(22,26,12,168,168)
w(19,29,12,169,169)
w(69,26,12,170,170)
r(59,21,12,171,171)
w(55,18,12,172,172)
w(60,27,12,173,173)
r(75,19,12,174,174)
w(8,20,12,175,175)
w(19,30,12,176,176)
w(87,29,12,177,177)
w(26,21,12,178,178)
w(53,25,12,179,179)
r(3,23,12,180,180)
w(0,24,12,181,181)
w(41,26,12,182,182)
w(9,23,12,183,183)
w(73,22,12,184,184)
w(34,30,12,185,185)
w(54,27,12,186,186)
w(17,23,12,187,187)
w(78,15,12,188,188)
w(22,27,12,189,189)
w(26,22,12,190,190)
w(31,22,12,191,191)
w(20,22,12,192,192)
w(37,25,12,193,193)
w(29,27,12,194,194)
w(78,16,12,195,195)
w(32,24,12,196,196)
r(53,25,12,197,197)
w(43,20,12,198,198)
w(18,15,12,199,199)
w(85,25,13,0,0)
w(85,26,13,1,1)
w(12,20,13,2,2)
w(44,32,13,3,3)
w(18,16,13,4,4)
w(21,29,13,5,5)
w(11,25,13,6,6)
w(90,18,13,7,7)
r(85,26,13,8,8)
w(8,21,13,9,9)
w(65,28,13,10,10)
w(58,28,13,11,11)
w(4,31,13,12,12)
w(18,17,13,13,13)
w(38,23,13,14,14)
w(52,24,13,15,15)
w(59,22,13,16,16)
w(44,33,13,17,17)
w(12,21,13,18,18)
w(55,19,13,19,19)
w(37,26,13,20,20)
r(5,25,13,21,21)
w(37,27,13,22,22)
r(4,31,13,23,23)
w(93,31,13,24,24)
w(24,25,13,25,25)
r(38,23,13,26,26)
w(35,22,13,27,27)
w(77,18,13,28,28)
w(82,26,13,29,29)
w(5,26,13,30,30)
w(51,17,13,31,31)
w(93,32,13,32,32)
w(16,36,13,33,33)
w(25,22,13,34,34)
w(11,26,13,35,35)
w(75,20,13,36,36)
w(34,31,13,37,37)
w(75,21,13,38,38)
w(2,34,13,39,39)
w(19,31,13,40,40)
w(51,18,13,41,41)
w(20,23,13,42,42)
w(88,16,13,43,43)
w(33,18,13,44,44)
w(93,33,13,45,45)
w(80,24,13,46,46)
w(65,29,13,47,47)
w(42,20,13,48,48)
w(67,21,13,49,49)
w(47,26,13,50,50)
w(44,34,13,51,51)
w(37,28,13,52,52)
w(47,27,13,53,53)
w(28,27,13,54,54)
w(38,24,13,55,55)
r(55,19,13,56,56)
r(62,15,13,57,57)
w(69,27,13,58,58)
w(54,28,13,59,59)
w(46,21,13,60,60)
w(9,24,13,61,61)
r(32,24,13,62,62)
w(23,22,13,63,63)
w(39,20,13,64,64)
w(52,25,13,65,65)
w(86,19,13,66,66)
w(16,37,13,67,67)
w(50,32,13,68,68)
w(42,21,13,69,69)
r(51,18,13,70,70)
w(8,22,13,71,71)
w(84,29,13,72,72)
r(48,14,13,73,73)
w(30,26,13,74,74)
w(15,24,13,75,75)
w(75,22,13,76,76)
w(26,23,13,77,77)
w(96,26,13,78,78)
w(29,28,13,79,79)
w(51,19,13,80,80)
w(65,30,13,81,81)
w(21,30,13,82,82)
w(5,27,13,83,83)
w(39,21,13,84,84)
w(70,24,13,85,85)
w(29,29,13,86,86)
w(74,18,13,87,87)
w(35,23,13,88,88)
w(81,25,13,89,89)
w(90,19,13,90,90)
w(94,29,13,91,91)
w(26,24,13,92,92)
w(92,21,13,93,93)
w(90,20,13,94,94)
w(39,22,13,95,95)
w(16,38,13,96,96)
w(37,29,13,97,97)
r(4,31,13,98,98)
w(79,25,13,99,99)
w(51,20,13,100,100)
w(96,27,13,101,101)
w(75,23,13,102,102)
w(59,23,13,103,103)
w(19,32,13,104,104)
w(22,28,13,105,105)
w(67,22,13,106,106)
w(87,30,13,107,107)
r(88,16,13,108,108)
w(22,29,13,109,109)
w(22,30,13,110,110)
w(58,29,13,111,111)
r(20,23,13,112,112)
w(35,24,13,113,113)
w(2,35,13,114,114)
w(91,23,13,115,115)
w(85,27,13,116,116)
w(14,36,13,117,117)
w(36,23,13,118,118)
w(49,25,13,119,119)
w(92,22,13,120,120)
w(97,29,13,121,121)
w(43,21,13,122,122)
w(49,26,13,123,123)
w(3,24,13,124,124)
w(11,27,13,125,125)
w(67,23,13,126,126)
w(51,21,13,127,127)
w(78,17,13,128,128)
w(85,28,13,129,129)
w(76,30,13,130,130)
w(41,27,13,131,131)
w(81,26,13,132,132)
w(8,23,13,133,133)
w(57,26,13,134,134)
w(4,32,13,135,135)
w(19,33,13,136,136)
w(3,25,13,137,137)
w(44,35,13,138,138)
r(1,26,13,139,139)
w(83,26,13,140,140)
w(43,22,13,141,141)
w(98,27,13,142,142)
w(66,34,13,143,143)
w(48,15,13,144,144)
r(18,17,13,145,145)
w(97,30,13,146,146)
r(97,30,13,147,147)
w(59,24,13,148,148)
w(31,23,13,149,149)
w(39,23,13,150,150)
w(82,27,13,151,151)
w(35,25,13,152,152)
w(97,31,13,153,153)
w(28,28,13,154,154)
w(11,28,13,155,155)
w(24,26,13,156,156)
w(96,28,13,157,157)
w(57,27,13,158,158)
w(9,25,13,159,159)
w(82,28,13,160,160)
w(66,35,13,161,161)
w(26,25,13,162,162)
w(23,23,13,163,163)
r(61,24,13,164,164)
w(30,27,13,165,165)
w(36,24,13,166,166)
w(27,16,13,167,167)
w(36,25,13,168,168)
r(2,35,13,169,169)
w(99,21,13,170,170)
w(17,24,13,171,171)
w(23,24,13,172,172)
r(87,30,13,173,173)
w(46,22,13,174,174)
w(12,22,13,175,175)
w(66,36,13,176,176)
w(1,27,13,177,177)
r(97,31,13,178,178)
w(38,25,13,179,179)
w(14,37,13,180,180)
w(60,28,13,181,181)
w(29,30,13,182,182)
w(70,25,13,183,183)
w(52,26,13,184,184)
w(40,21,13,185,185)
w(34,32,13,186,186)
w(11,29,13,187,187)
w(42,22,13,188,188)
w(8,24,13,189,189)
w(89,19,13,190,190)
w(28,29,13,191,191)
w(75,24,13,192,192)
w(21,31,13,193,193)
w(31,24,13,194,194)
w(90,21,13,195,195)
r(93,33,13,196,196)
w(79,26,13,197,197)
w(5,28,13,198,198)
w(6,23,13,199,199)
w(73,23,14,0,0)
r(58,29,14,1,1)
w(89,20,14,2,2)
w(86,20,14,3,3)
w(25,23,14,4,4)
w(15,25,14,5,5)
w(2,36,14,6,6)
w(28,30,14,7,7)
r(74,18,14,8,8)
w(42,23,14,9,9)
w(78,18,14,10,10)
w(32,25,14,11,11)
w(48,16,14,12,12)
w(99,22,14,13,13)
r(11,29,14,14,14)
w(66,37,14,15,15)
w(3,26,14,16,16)
r(59,24,14,17,17)
r(36,25,14,18,18)
w(67,24,14,19,19)
w(47,28,14,20,20)
w(90,22,14,21,21)
w(44,36,14,22,22)
w(67,25,14,23,23)
w(8,25,14,24,24)
w(53,26,14,25,25)
w(3,27,14,26,26)
w(39,24,14,27,27)
w(10,28,14,28,28)
w(90,23,14,29,29)
r(16,38,14,30,30)
w(78,19,14,31,31)
w(77,19,14,32,32)
w(24,27,14,33,33)
w(66,38,14,34,34)
w(56,23,14,35,35)
w(87,31,14,36,36)
w(95,24,14,37,37)
w(21,32,14,38,38)
w(92,23,14,39,39)
w(47,29,14,40,40)
w(20,24,14,41,41)
w(84,30,14,42,42)
w(22,31,14,43,43)
w(39,25,14,44,44)
w(39,26,14,45,45)
w(98,28,14,46,46)
w(94,30,14,47,47)
w(81,27,14,48,48)
w(66,39,14,49,49)
w(77,20,14,50,50)
w(82,29,14,51,51)
w(93,34,14,52,52)
w(46,23,14,53,53)
w(25,24,14,54,54)
w(99,23,14,55,55)
w(30,28,14,56,56)
w(60,29,14,57,57)
w(2,37,14,58,58)
w(10,29,14,59,59)
w(44,37,14,60,60)
w(76,31,14,61,61)
w(33,19,14,62,62)
w(33,20,14,63,63)
w(87,32,14,64,64)
w(97,32,14,65,65)
w(29,31,14,66,66)
r(30,28,14,67,67)
w(20,25,14,68,68)
w(67,26,14,69,69)
w(51,22,14,70,70)
w(69,28,14,71,71)
w(67,27,14,72,72)
w(90,24,14,73,73)
w(32,26,14,74,74)
w(32,27,14,75,75)
w(35,26,14,76,76)
w(72,22,14,77,77)
w(71,28,14,78,78)
r(67,27,14,79,79)
w(1,28,14,80,80)
w(97,33,14,81,81)
w(84,31,14,82,82)
w(26,26,14,83,83)
w(5,29,14,84,84)
w(74,19,14,85,85)
w(70,26,14,86,86)
w(17,25,14,87,87)
w(48,17,14,88,88)
w(29,32,14,89,89)
w(38,26,14,90,90)
w(89,21,14,91,91)
w(0,25,14,92,92)
w(35,27,14,93,93)
w(35,28,14,94,94)
w(16,39,14,95,95)
w(17,26,14,96,96)
w(52,27,14,97,97)
w(83,27,14,98,98)
w(74,20,14,99,99)
w(62,16,14,100,100)
w(89,22,14,101,101)
w(98,29,14,102,102)
w(7,23,14,103,103)
w(27,17,14,104,104)
w(20,26,14,105,105)
w(54,29,14,106,106)
w(58,30,14,107,107)
w(19,34,14,108,108)
w(15,26,14,109,109)
w(67,28,14,110,110)
w(33,21,14,111,111)
w(71,29,14,112,112)
w(6,24,14,113,113)
w(80,25,14,114,114)
w(65,31,14,115,115)
r(2,37,14,116,116)
w(45,24,14,117,117)
r(24,27,14,118,118)
w(9,26,14,119,119)
w(93,35,14,120,120)
w(8,26,14,121,121)
w(11,30,14,122,122)
w(43,23,14,123,123)
w(88,17,14,124,124)
w(61,25,14,125,125)
r(43,23,14,126,126)
w(99,24,14,127,127)
w(0,26,14,128,128)
w(66,40,14,129,129)
w(2,38,14,130,130)
w(45,25,14,131,131)
w(85,29,14,132,132)
w(74,21,14,133,133)
w(39,27,14,134,134)
w(73,24,14,135,135)
w(27,18,14,136,136)
r(89,22,14,137,137)
w(88,18,14,138,138)
w(0,27,14,139,139)
w(84,32,14,140,140)
w(78,20,14,141,141)
w(16,40,14,142,142)
w(38,27,14,143,143)
w(19,35,14,144,144)
r(59,24,14,145,145)
w(70,27,14,146,146)
w(21,33,14,147,147)
w(97,34,14,148,148)
w(98,30,14,149,149)
w(89,23,14,150,150)
w(82,30,14,151,151)
w(28,31,14,152,152)
r(75,24,14,153,153)
w(80,26,14,154,154)
w(87,33,14,155,155)
w(73,25,14,156,156)
w(66,41,14,157,157)
r(60,29,14,158,158)
w(45,26,14,159,159)
w(43,24,14,160,160)
w(86,21,14,161,161)
w(43,25,14,162,162)
w(48,18,14,163,163)
w(51,23,14,164,164)
w(92,24,14,165,165)
w(99,25,14,166,166)
w(92,25,14,167,167)
w(69,29,14,168,168)
w(6,25,14,169,169)
w(1,29,14,170,170)
w(43,26,14,171,171)
w(61,26,14,172,172)
w(97,35,14,173,173)
w(5,30,14,174,174)
w(5,31,14,175,175)
w(52,28,14,176,176)
w(83,28,14,177,177)
w(37,30,14,178,178)
w(1,30,14,179,179)
w(20,27,14,180,180)
w(57,28,14,181,181)
w(70,28,14,182,182)
w(28,32,14,183,183)
w(41,28,14,184,184)
w(69,30,14,185,185)
w(60,30,14,186,186)
w(17,27,14,187,187)
w(31,25,14,188,188)
w(86,22,14,189,189)
w(98,31,14,190,190)
w(83,29,14,191,191)
w(96,29,14,192,192)
w(50,33,14,193,193)
w(40,22,14,194,194)
w(18,18,14,195,195)
w(9,27,14,196,196)
w(91,24,14,197,197)
w(56,24,14,198,198)
w(91,25,14,199,199)
w(4,33,15,0,0)
w(23,25,15,1,1)
w(7,24,15,2,2)
w(47,30,15,3,3)
w(91,26,15,4,4)
w(95,25,15,5,5)
w(36,26,15,6,6)
w(23,26,15,7,7)
w(1,31,15,8,8)
w(97,36,15,9,9)
w(47,31,15,10,10)
w(53,27,15,11,11)
w(27,19,15,12,12)
w(6,26,15,13,13)
w(28,33,15,14,14)
w(54,30,15,15,15)
w(75,25,15,16,16)
w(70,29,15,17,17)
w(81,28,15,18,18)
w(84,33,15,19,19)
w(25,25,15,20,20)
w(34,33,15,21,21)
w(75,26,15,22,22)
w(21,34,15,23,23)
w(71,30,15,24,24)
r(87,33,15,25,25)
w(90,25,15,26,26)
w(11,31,15,27,27)
w(59,25,15,28,28)
w(27,20,15,29,29)
w(34,34,15,30,30)
w(68,18,15,31,31)
w(57,29,15,32,32)
w(76,32,15,33,33)
w(56,25,15,34,34)
w(64,35,15,35,35)
w(43,27,15,36,36)
w(33,22,15,37,37)
w(82,31,15,38,38)
w(72,23,15,39,39)
w(48,19,15,40,40)
w(55,20,15,41,41)
w(64,36,15,42,42)
w(64,37,15,43,43)
w(86,23,15,44,44)
w(63,19,15,45,45)
w(85,30,15,46,46)
w(87,34,15,47,47)
w(18,19,15,48,48)
w(15,27,15,49,49)
w(40,23,15,50,50)
w(77,21,15,51,51)
w(19,36,15,52,52)
w(20,28,15,53,53)
w(66,42,15,54,54)
w(2,39,15,55,55)
r(75,26,15,56,56)
r(49,26,15,57,57)
w(66,43,15,58,58)
w(20,29,15,59,59)
w(31,26,15,60,60)
w(52,29,15,61,61)
r(84,33,15,62,62)
w(56,26,15,63,63)
w(63,20,15,64,64)
w(51,24,15,65,65)
w(86,24,15,66,66)
r(82,31,15,67,67)
w(6,27,15,68,68)
w(26,27,15,69,69)
w(3,28,15,70,70)
w(13,25,15,71,71)
w(97,37,15,72,72)
r(14,37,15,73,73)
w(24,28,15,74,74)
w(28,34,15,75,75)
w(78,21,15,76,76)
w(91,27,15,77,77)
w(48,20,15,78,78)
w(14,38,15,79,79)
w(52,30,15,80,80)
w(23,27,15,81,81)
w(75,27,15,82,82)
w(4,34,15,83,83)
w(12,23,15,84,84)
w(99,26,15,85,85)
w(30,29,15,86,86)
w(81,29,15,87,87)
w(0,28,15,88,88)
w(56,27,15,89,89)
w(40,24,15,90,90)
w(29,33,15,91,91)
w(67,29,15,92,92)
w(59,26,15,93,93)
w(50,34,15,94,94)
w(70,30,15,95,95)
w(72,24,15,96,96)
w(69,31,15,97,97)
w(25,26,15,98,98)
r(23,27,15,99,99)
w(23,28,15,100,100)
w(44,38,15,101,101)
w(93,36,15,102,102)
w(86,25,15,103,103)
w(0,29,15,104,104)
r(98,31,15,105,105)
w(80,27,15,106,106)
w(82,32,15,107,107)
w(79,27,15,108,108)
w(90,26,15,109,109)
w(10,30,15,110,110)
r(76,32,15,111,111)
w(31,27,15,112,112)
w(71,31,15,113,113)
w(49,27,15,114,114)
w(56,28,15,115,115)
w(51,25,15,116,116)
w(41,29,15,117,117)
w(66,44,15,118,118)
w(54,31,15,119,119)
w(53,28,15,120,120)
w(90,27,15,121,121)
r(88,18,15,122,122)
w(95,26,15,123,123)
w(21,35,15,124,124)
w(89,24,15,125,125)
w(3,29,15,126,126)
w(84,34,15,127,127)
w(78,22,15,128,128)
r(50,34,15,129,129)
w(82,33,15,130,130)
w(30,30,15,131,131)
w(74,22,15,132,132)
w(68,19,15,133,133)
r(36,26,15,134,134)
w(9,28,15,135,135)
w(38,28,15,136,136)
w(92,26,15,137,137)
w(40,25,15,138,138)
w(10,31,15,139,139)
w(33,23,15,140,140)
w(9,29,15,141,141)
w(78,23,15,142,142)
w(4,35,15,143,143)
r(26,27,15,144,144)
w(22,32,15,145,145)
w(77,22,15,146,146)
w(63,21,15,147,147)
w(77,23,15,148,148)
w(56,29,15,149,149)
w(34,35,15,150,150)
w(97,38,15,151,151)
r(91,27,15,152,152)
w(1,32,15,153,153)
r(44,38,15,154,154)
w(78,24,15,155,155)
w(36,27,15,156,156)
w(32,28,15,157,157)
r(89,24,15,158,158)
r(20,29,15,159,159)
w(29,34,15,160,160)
w(36,28,15,161,161)
w(25,27,15,162,162)
w(24,29,15,163,163)
w(19,37,15,164,164)
w(87,35,15,165,165)
w(82,34,15,166,166)
w(31,28,15,167,167)
w(8,27,15,168,168)
w(5,32,15,169,169)
w(63,22,15,170,170)
w(72,25,15,171,171)
w(19,38,15,172,172)
w(99,27,15,173,173)
w(15,28,15,174,174)
w(17,28,15,175,175)
w(87,36,15,176,176)
w(4,36,15,177,177)
w(23,29,15,178,178)
w(51,26,15,179,179)
w(95,27,15,180,180)
w(33,24,15,181,181)
w(15,29,15,182,182)
w(17,29,15,183,183)
w(59,27,15,184,184)
w(98,32,15,185,185)
w(90,28,15,186,186)
w(18,20,15,187,187)
w(76,33,15,188,188)
w(24,30,15,189,189)
w(9,30,15,190,190)
w(20,30,15,191,191)
w(90,29,15,192,192)
w(63,23,15,193,193)
w(74,23,15,194,194)
r(72,25,15,195,195)
w(7,25,15,196,196)
w(15,30,15,197,197)
w(35,29,15,198,198)
w(44,39,15,199,199)
w(4,37,16,0,0)
w(63,24,16,1,1)
w(67,30,16,2,2)
w(47,32,16,3,3)
w(71,32,16,4,4)
r(4,37,16,5,5)
w(86,26,16,6,6)
w(7,26,16,7,7)
w(93,37,16,8,8)
w(81,30,16,9,9)
r(47,32,16,10,10)
r(85,30,16,11,11)
w(33,25,16,12,12)
r(94,30,16,13,13)
w(34,36,16,14,14)
r(27,20,16,15,15)
w(55,21,16,16,16)
w(59,28,16,17,17)
w(2,40,16,18,18)
w(1,33,16,19,19)
w(53,29,16,20,20)
w(6,28,16,21,21)
w(24,31,16,22,22)
w(6,29,16,23,23)
w(94,31,16,24,24)
w(50,35,16,25,25)
w(84,35,16,26,26)
w(22,33,16,27,27)
w(36,29,16,28,28)
w(1,34,16,29,29)
w(34,37,16,30,30)
w(68,20,16,31,31)
w(21,36,16,32,32)
w(99,28,16,33,33)
w(93,38,16,34,34)
w(29,35,16,35,35)
w(1,35,16,36,36)
w(77,24,16,37,37)
w(70,31,16,38,38)
w(0,30,16,39,39)
w(2,41,16,40,40)
w(47,33,16,41,41)
w(10,32,16,42,42)
w(77,25,16,43,43)
w(56,30,16,44,44)
w(82,35,16,45,45)
w(64,38,16,46,46)
r(96,29,16,47,47)
w(86,27,16,48,48)
w(22,34,16,49,49)
w(65,32,16,50,50)
w(10,33,16,51,51)
w(78,25,16,52,52)
r(53,29,16,53,53)
w(25,28,16,54,54)
r(95,27,16,55,55)
w(71,33,16,56,56)
w(98,33,16,57,57)
w(69,32,16,58,58)
w(13,26,16,59,59)
w(60,31,16,60,60)
w(33,26,16,61,61)
w(75,28,16,62,62)
w(74,24,16,63,63)
w(1,36,16,64,64)
w(60,32,16,65,65)
w(35,30,16,66,66)
w(51,27,16,67,67)
w(91,28,16,68,68)
w(60,33,16,69,69)
w(15,31,16,70,70)
w(38,29,16,71,71)
w(15,32,16,72,72)
w(55,22,16,73,73)
w(51,28,16,74,74)
w(25,29,16,75,75)
w(85,31,16,76,76)
r(32,28,16,77,77)
r(60,33,16,78,78)
w(55,23,16,79,79)
w(25,30,16,80,80)
r(14,38,16,81,81)
w(9,31,16,82,82)
r(36,29,16,83,83)
w(79,28,16,84,84)
w(93,39,16,85,85)
r(47,33,16,86,86)
w(72,26,16,87,87)
w(82,36,16,88,88)
w(94,32,16,89,89)
w(5,33,16,90,90)
w(27,21,16,91,91)
w(13,27,16,92,92)
w(14,39,16,93,93)
w(85,32,16,94,94)
w(11,32,16,95,95)
w(57,30,16,96,96)
r(10,33,16,97,97)
w(35,31,16,98,98)
w(79,29,16,99,99)
w(9,32,16,100,100)
r(40,25,16,101,101)
w(9,33,16,102,102)
w(4,38,16,103,103)
w(72,27,16,104,104)
w(36,30,16,105,105)
w(91,29,16,106,106)
w(10,34,16,107,107)
w(32,29,16,108,108)
w(95,28,16,109,109)
w(10,35,16,110,110)
w(11,33,16,111,111)
w(86,28,16,112,112)
w(22,35,16,113,113)
w(76,34,16,114,114)
w(62,17,16,115,115)
w(6,30,16,116,116)
w(30,31,16,117,117)
w(0,31,16,118,118)
w(40,26,16,119,119)
w(42,24,16,120,120)
w(55,24,16,121,121)
w(45,27,16,122,122)
w(26,28,16,123,123)
w(15,33,16,124,124)
r(40,26,16,125,125)
w(2,42,16,126,126)
w(53,30,16,127,127)
w(78,26,16,128,128)
w(27,22,16,129,129)
w(87,37,16,130,130)
r(38,29,16,131,131)
w(43,28,16,132,132)
w(19,39,16,133,133)
w(82,37,16,134,134)
w(17,30,16,135,135)
w(97,39,16,136,136)
w(21,37,16,137,137)
w(62,18,16,138,138)
r(76,34,16,139,139)
w(80,28,16,140,140)
w(55,25,16,141,141)
w(95,29,16,142,142)
w(62,19,16,143,143)
w(21,38,16,144,144)
w(24,32,16,145,145)
w(19,40,16,146,146)
r(2,42,16,147,147)
r(50,35,16,148,148)
w(58,31,16,149,149)
w(37,31,16,150,150)
w(5,34,16,151,151)
w(48,21,16,152,152)
w(27,23,16,153,153)
w(95,30,16,154,154)
w(79,30,16,155,155)
w(36,31,16,156,156)
w(20,31,16,157,157)
w(70,32,16,158,158)
w(50,36,16,159,159)
w(66,45,16,160,160)
w(23,30,16,161,161)
w(72,28,16,162,162)
w(63,25,16,163,163)
w(53,31,16,164,164)
w(42,25,16,165,165)
w(23,31,16,166,166)
w(51,29,16,167,167)
w(6,31,16,168,168)
w(29,36,16,169,169)
w(56,31,16,170,170)
w(92,27,16,171,171)
w(87,38,16,172,172)
w(64,39,16,173,173)
w(60,34,16,174,174)
w(22,36,16,175,175)
w(55,26,16,176,176)
w(53,32,16,177,177)
w(32,30,16,178,178)
w(62,20,16,179,179)
r(31,28,16,180,180)
w(41,30,16,181,181)
w(65,33,16,182,182)
w(28,35,16,183,183)
w(33,27,16,184,184)
w(94,33,16,185,185)
w(1,37,16,186,186)
w(62,21,16,187,187)
w(69,33,16,188,188)
w(97,40,16,189,189)
w(22,37,16,190,190)
w(70,33,16,191,191)
w(83,30,16,192,192)
w(20,32,16,193,193)
w(43,29,16,194,194)
w(13,28,16,195,195)
w(9,34,16,196,196)
w(48,22,16,197,197)
w(92,28,16,198,198)
w(2,43,16,199,199)
w(51,30,17,0,0)
w(30,32,17,1,1)
w(45,28,17,2,2)
w(46,24,17,3,3)
w(80,29,17,4,4)
w(38,30,17,5,5)
w(87,39,17,6,6)
w(96,30,17,7,7)
w(72,29,17,8,8)
w(56,32,17,9,9)
w(57,31,17,10,10)
w(38,31,17,11,11)
w(69,34,17,12,12)
r(85,32,17,13,13)
r(48,22,17,14,14)
w(65,34,17,15,15)
w(26,29,17,16,16)
w(23,32,17,17,17)
w(42,26,17,18,18)
w(54,32,17,19,19)
w(55,27,17,20,20)
w(42,27,17,21,21)
w(15,34,17,22,22)
w(44,40,17,23,23)
w(67,31,17,24,24)
w(64,40,17,25,25)
w(84,36,17,26,26)
w(74,25,17,27,27)
w(23,33,17,28,28)
w(6,32,17,29,29)
r(88,18,17,30,30)
w(46,25,17,31,31)
w(9,35,17,32,32)
w(77,26,17,33,33)
w(98,34,17,34,34)
r(1,37,17,35,35)
w(19,41,17,36,36)
w(31,29,17,37,37)
w(90,30,17,38,38)
w(66,46,17,39,39)
w(21,39,17,40,40)
w(69,35,17,41,41)
w(21,40,17,42,42)
r(92,28,17,43,43)
w(15,35,17,44,44)
w(34,38,17,45,45)
w(98,35,17,46,46)
w(7,27,17,47,47)
w(71,34,17,48,48)
w(4,39,17,49,49)
w(69,36,17,50,50)
w(8,28,17,51,51)
w(29,37,17,52,52)
w(70,34,17,53,53)
w(50,37,17,54,54)
w(39,28,17,55,55)
w(24,33,17,56,56)
w(47,34,17,57,57)
w(31,30,17,58,58)
w(56,33,17,59,59)
w(0,32,17,60,60)
w(90,31,17,61,61)
w(2,44,17,62,62)
w(37,32,17,63,63)
w(32,31,17,64,64)
w(71,35,17,65,65)
w(51,31,17,66,66)
w(97,41,17,67,67)
w(84,37,17,68,68)
w(3,30,17,69,69)
w(60,35,17,70,70)
w(10,36,17,71,71)
w(37,33,17,72,72)
w(30,33,17,73,73)
w(91,30,17,74,74)
w(4,40,17,75,75)
w(95,31,17,76,76)
w(67,32,17,77,77)
w(7,28,17,78,78)
w(15,36,17,79,79)
w(87,40,17,80,80)
w(48,23,17,81,81)
w(64,41,17,82,82)
w(37,34,17,83,83)
w(83,31,17,84,84)
w(16,41,17,85,85)
w(13,29,17,86,86)
w(22,38,17,87,87)
w(56,34,17,88,88)
w(56,35,17,89,89)
w(86,29,17,90,90)
w(14,40,17,91,91)
w(21,41,17,92,92)
w(9,36,17,93,93)
w(67,33,17,94,94)
w(8,29,17,95,95)
w(84,38,17,96,96)
w(23,34,17,97,97)
w(9,37,17,98,98)
w(55,28,17,99,99)
r(61,26,17,100,100)
w(38,32,17,101,101)
w(89,25,17,102,102)
w(40,27,17,103,103)
w(50,38,17,104,104)
w(8,30,17,105,105)
w(22,39,17,106,106)
w(13,30,17,107,107)
w(72,30,17,108,108)
w(26,30,17,109,109)
w(87,41,17,110,110)
w(50,39,17,111,111)
w(88,19,17,112,112)
w(78,27,17,113,113)
w(69,37,17,114,114)
w(18,21,17,115,115)
w(1,38,17,116,116)
w(74,26,17,117,117)
w(0,33,17,118,118)
w(44,41,17,119,119)
w(11,34,17,120,120)
w(61,27,17,121,121)
w(0,34,17,122,122)
r(43,29,17,123,123)
r(43,29,17,124,124)
w(61,28,17,125,125)
w(42,28,17,126,126)
w(21,42,17,127,127)
w(46,26,17,128,128)
w(35,32,17,129,129)
w(39,29,17,130,130)
w(42,29,17,131,131)
w(85,33,17,132,132)
w(31,31,17,133,133)
w(38,33,17,134,134)
w(2,45,17,135,135)
w(14,41,17,136,136)
w(57,32,17,137,137)
w(83,32,17,138,138)
w(29,38,17,139,139)
w(35,33,17,140,140)
w(34,39,17,141,141)
w(19,42,17,142,142)
w(48,24,17,143,143)
r(75,28,17,144,144)
r(10,36,17,145,145)
w(7,29,17,146,146)
w(19,43,17,147,147)
w(8,31,17,148,148)
w(5,35,17,149,149)
w(97,42,17,150,150)
w(32,32,17,151,151)
w(33,28,17,152,152)
r(9,37,17,153,153)
r(81,30,17,154,154)
w(93,40,17,155,155)
w(86,30,17,156,156)
w(91,31,17,157,157)
w(22,40,17,158,158)
w(59,29,17,159,159)
w(8,32,17,160,160)
w(65,35,17,161,161)
w(30,34,17,162,162)
w(80,30,17,163,163)
w(78,28,17,164,164)
w(92,29,17,165,165)
w(54,33,17,166,166)
w(74,27,17,167,167)
w(28,36,17,168,168)
w(34,40,17,169,169)
w(73,26,17,170,170)
w(60,36,17,171,171)
w(39,30,17,172,172)
w(33,29,17,173,173)
w(82,38,17,174,174)
w(97,43,17,175,175)
w(12,24,17,176,176)
w(40,28,17,177,177)
w(80,31,17,178,178)
w(14,42,17,179,179)
w(20,33,17,180,180)
w(90,32,17,181,181)
w(76,35,17,182,182)
w(51,32,17,183,183)
w(95,32,17,184,184)
r(27,23,17,185,185)
r(55,28,17,186,186)
w(90,33,17,187,187)
w(82,39,17,188,188)
w(41,31,17,189,189)
w(20,34,17,190,190)
w(16,42,17,191,191)
w(20,35,17,192,192)
w(7,30,17,193,193)
w(44,42,17,194,194)
w(4,41,17,195,195)
w(31,32,17,196,196)
w(66,47,17,197,197)
w(14,43,17,198,198)
w(19,44,17,199,199)
w(38,34,18,0,0)
w(15,37,18,1,1)
w(99,29,18,2,2)
w(4,42,18,3,3)
w(54,34,18,4,4)
w(56,36,18,5,5)
r(18,21,18,6,6)
w(63,26,18,7,7)
w(13,31,18,8,8)
w(73,27,18,9,9)
w(38,35,18,10,10)
w(52,31,18,11,11)
w(31,33,18,12,12)
w(14,44,18,13,13)
w(59,30,18,14,14)
w(75,29,18,15,15)
w(35,34,18,16,16)
w(89,26,18,17,17)
r(62,21,18,18,18)
w(67,34,18,19,19)
w(86,31,18,20,20)
w(26,31,18,21,21)
w(98,36,18,22,22)
r(87,41,18,23,23)
r(3,30,18,24,24)
r(77,26,18,25,25)
r(88,19,18,26,26)
w(37,35,18,27,27)
w(75,30,18,28,28)
w(79,31,18,29,29)
w(77,27,18,30,30)
w(51,33,18,31,31)
w(97,44,18,32,32)
w(59,31,18,33,33)
w(99,30,18,34,34)
w(48,25,18,35,35)
w(44,43,18,36,36)
w(86,32,18,37,37)
w(53,33,18,38,38)
w(85,34,18,39,39)
w(57,33,18,40,40)
w(8,33,18,41,41)
w(33,30,18,42,42)
w(87,42,18,43,43)
w(92,30,18,44,44)
w(95,33,18,45,45)
w(75,31,18,46,46)
w(82,40,18,47,47)
w(43,30,18,48,48)
w(0,35,18,49,49)
w(37,36,18,50,50)
w(52,32,18,51,51)
w(13,32,18,52,52)
w(45,29,18,53,53)
w(28,37,18,54,54)
w(23,35,18,55,55)
r(86,32,18,56,56)
w(96,31,18,57,57)
r(60,36,18,58,58)
w(73,28,18,59,59)
w(10,37,18,60,60)
w(47,35,18,61,61)
w(49,28,18,62,62)
w(27,24,18,63,63)
w(96,32,18,64,64)
w(59,32,18,65,65)
w(14,45,18,66,66)
w(98,37,18,67,67)
w(75,32,18,68,68)
w(22,41,18,69,69)
w(38,36,18,70,70)
w(7,31,18,71,71)
r(83,32,18,72,72)
r(12,24,18,73,73)
w(63,27,18,74,74)
w(38,37,18,75,75)
w(43,31,18,76,76)
w(48,26,18,77,77)
w(20,36,18,78,78)
w(41,32,18,79,79)
w(86,33,18,80,80)
w(28,38,18,81,81)
w(52,33,18,82,82)
w(37,37,18,83,83)
r(91,31,18,84,84)
w(33,31,18,85,85)
w(28,39,18,86,86)
w(55,29,18,87,87)
w(77,28,18,88,88)
w(56,37,18,89,89)
w(90,34,18,90,90)
w(55,30,18,91,91)
w(61,29,18,92,92)
w(35,35,18,93,93)
w(15,38,18,94,94)
w(93,41,18,95,95)
w(55,31,18,96,96)
r(32,32,18,97,97)
w(70,35,18,98,98)
w(32,33,18,99,99)
w(72,31,18,100,100)
w(37,38,18,101,101)
w(56,38,18,102,102)
w(59,33,18,103,103)
w(83,33,18,104,104)
w(57,34,18,105,105)
w(10,38,18,106,106)
r(71,35,18,107,107)
w(93,42,18,108,108)
w(81,31,18,109,109)
w(21,43,18,110,110)
w(86,34,18,111,111)
w(31,34,18,112,112)
w(13,33,18,113,113)
w(20,37,18,114,114)
r(73,28,18,115,115)
w(28,40,18,116,116)
w(57,35,18,117,117)
w(35,36,18,118,118)
w(7,32,18,119,119)
w(64,42,18,120,120)
w(69,38,18,121,121)
w(66,48,18,122,122)
w(16,43,18,123,123)
w(12,25,18,124,124)
w(61,30,18,125,125)
w(88,20,18,126,126)
w(97,45,18,127,127)
w(76,36,18,128,128)
w(72,32,18,129,129)
w(7,33,18,130,130)
w(78,29,18,131,131)
w(78,30,18,132,132)
w(68,21,18,133,133)
w(1,39,18,134,134)
w(13,34,18,135,135)
w(47,36,18,136,136)
w(53,34,18,137,137)
w(94,34,18,138,138)
r(66,48,18,139,139)
w(23,36,18,140,140)
w(62,22,18,141,141)
w(21,44,18,142,142)
w(36,32,18,143,143)
w(89,27,18,144,144)
w(64,43,18,145,145)
w(26,32,18,146,146)
w(11,35,18,147,147)
w(93,43,18,148,148)
w(23,37,18,149,149)
w(1,40,18,150,150)
w(36,33,18,151,151)
w(41,33,18,152,152)
w(5,36,18,153,153)
w(2,46,18,154,154)
w(77,29,18,155,155)
w(47,37,18,156,156)
w(76,37,18,157,157)
w(97,46,18,158,158)
w(42,30,18,159,159)
w(39,31,18,160,160)
w(98,38,18,161,161)
w(83,34,18,162,162)
w(51,34,18,163,163)
w(40,29,18,164,164)
w(18,22,18,165,165)
w(62,23,18,166,166)
r(35,36,18,167,167)
w(25,31,18,168,168)
w(7,34,18,169,169)
w(50,40,18,170,170)
w(35,37,18,171,171)
w(93,44,18,172,172)
w(59,34,18,173,173)
w(7,35,18,174,174)
w(96,33,18,175,175)
w(27,25,18,176,176)
r(39,31,18,177,177)
w(37,39,18,178,178)
w(39,32,18,179,179)
w(32,34,18,180,180)
w(54,35,18,181,181)
r(49,28,18,182,182)
w(43,32,18,183,183)
w(72,33,18,184,184)
r(6,32,18,185,185)
w(72,34,18,186,186)
w(92,31,18,187,187)
w(82,41,18,188,188)
w(85,35,18,189,189)
w(66,49,18,190,190)
w(38,38,18,191,191)
w(14,46,18,192,192)
r(6,32,18,193,193)
w(6,33,18,194,194)
w(36,34,18,195,195)
w(57,36,18,196,196)
w(73,29,18,197,197)
w(4,43,18,198,198)
w(61,31,18,199,199)
w(48,27,19,0,0)
w(72,35,19,1,1)
w(65,36,19,2,2)
w(66,50,19,3,3)
w(20,38,19,4,4)
w(31,35,19,5,5)
w(87,43,19,6,6)
w(63,28,19,7,7)
w(46,27,19,8,8)
w(41,34,19,9,9)
w(80,32,19,10,10)
w(97,47,19,11,11)
w(91,32,19,12,12)
w(64,44,19,13,13)
w(90,35,19,14,14)
w(16,44,19,15,15)
w(43,33,19,16,16)
w(6,34,19,17,17)
w(66,51,19,18,18)
w(69,39,19,19,19)
w(58,32,19,20,20)
w(70,36,19,21,21)
w(27,26,19,22,22)
w(19,45,19,23,23)
w(93,45,19,24,24)
w(18,23,19,25,25)
w(17,31,19,26,26)
w(45,30,19,27,27)
w(14,47,19,28,28)
w(59,35,19,29,29)
w(79,32,19,30,30)
w(38,39,19,31,31)
w(53,35,19,32,32)
w(11,36,19,33,33)
w(89,28,19,34,34)
w(65,37,19,35,35)
w(97,48,19,36,36)
w(88,21,19,37,37)
w(84,39,19,38,38)
w(33,32,19,39,39)
w(93,46,19,40,40)
w(13,35,19,41,41)
w(70,37,19,42,42)
w(77,30,19,43,43)
w(41,35,19,44,44)
w(62,24,19,45,45)
w(79,33,19,46,46)
w(77,31,19,47,47)
w(30,35,19,48,48)
r(10,38,19,49,49)
w(42,31,19,50,50)
w(83,35,19,51,51)
r(29,38,19,52,52)
w(72,36,19,53,53)
w(17,32,19,54,54)
w(49,29,19,55,55)
w(67,35,19,56,56)
w(49,30,19,57,57)
w(70,38,19,58,58)
w(0,36,19,59,59)
w(58,33,19,60,60)
r(12,25,19,61,61)
w(62,25,19,62,62)
w(40,30,19,63,63)
w(74,28,19,64,64)
w(82,42,19,65,65)
w(11,37,19,66,66)
w(60,37,19,67,67)
w(0,37,19,68,68)
w(34,41,19,69,69)
w(49,31,19,70,70)
w(62,26,19,71,71)
w(16,45,19,72,72)
w(97,49,19,73,73)
w(73,30,19,74,74)
w(24,34,19,75,75)
w(37,40,19,76,76)
w(68,22,19,77,77)
r(48,27,19,78,78)
r(44,43,19,79,79)
w(2,47,19,80,80)
r(42,31,19,81,81)
w(31,36,19,82,82)
w(89,29,19,83,83)
w(94,35,19,84,84)
w(97,50,19,85,85)
w(99,31,19,86,86)
w(21,45,19,87,87)
r(47,37,19,88,88)
r(19,45,19,89,89)
r(0,37,19,90,90)
w(14,48,19,91,91)
r(36,34,19,92,92)
w(85,36,19,93,93)
w(76,38,19,94,94)
w(99,32,19,95,95)
r(20,38,19,96,96)
w(82,43,19,97,97)
w(28,41,19,98,98)
w(93,47,19,99,99)
r(64,44,19,100,100)
w(42,32,19,101,101)
w(89,30,19,102,102)
w(79,34,19,103,103)
w(22,42,19,104,104)
w(26,33,19,105,105)
w(10,39,19,106,106)
w(19,46,19,107,107)
w(43,34,19,108,108)
r(51,34,19,109,109)
w(76,39,19,110,110)
w(30,36,19,111,111)
r(65,37,19,112,112)
w(50,41,19,113,113)
w(7,36,19,114,114)
r(60,37,19,115,115)
w(57,37,19,116,116)
w(34,42,19,117,117)
w(9,38,19,118,118)
w(46,28,19,119,119)
w(85,37,19,120,120)
w(77,32,19,121,121)
r(2,47,19,122,122)
w(43,35,19,123,123)
w(81,32,19,124,124)
w(23,38,19,125,125)
w(18,24,19,126,126)
w(75,33,19,127,127)
w(87,44,19,128,128)
w(18,25,19,129,129)
w(2,48,19,130,130)
w(21,46,19,131,131)
w(1,41,19,132,132)
w(11,38,19,133,133)
r(62,26,19,134,134)
w(99,33,19,135,135)
r(83,35,19,136,136)
w(54,36,19,137,137)
w(85,38,19,138,138)
w(73,31,19,139,139)
w(79,35,19,140,140)
r(18,25,19,141,141)
w(28,42,19,142,142)
w(0,38,19,143,143)
w(48,28,19,144,144)
w(26,34,19,145,145)
w(86,35,19,146,146)
w(71,36,19,147,147)
w(57,38,19,148,148)
w(12,26,19,149,149)
w(64,45,19,150,150)
w(3,31,19,151,151)
w(69,40,19,152,152)
r(70,38,19,153,153)
r(97,50,19,154,154)
w(22,43,19,155,155)
w(73,32,19,156,156)
w(88,22,19,157,157)
w(34,43,19,158,158)
w(89,31,19,159,159)
w(68,23,19,160,160)
w(32,35,19,161,161)
w(42,33,19,162,162)
w(26,35,19,163,163)
w(85,39,19,164,164)
w(76,40,19,165,165)
w(1,42,19,166,166)
w(60,38,19,167,167)
w(21,47,19,168,168)
w(28,43,19,169,169)
w(4,44,19,170,170)
w(31,37,19,171,171)
w(65,38,19,172,172)
w(9,39,19,173,173)
w(63,29,19,174,174)
w(94,36,19,175,175)
w(68,24,19,176,176)
r(23,38,19,177,177)
w(2,49,19,178,178)
w(54,37,19,179,179)
w(47,38,19,180,180)
w(79,36,19,181,181)
w(97,51,19,182,182)
w(50,42,19,183,183)
w(17,33,19,184,184)
r(90,35,19,185,185)
w(94,37,19,186,186)
w(29,39,19,187,187)
w(38,40,19,188,188)
w(18,26,19,189,189)
r(50,42,19,190,190)
w(44,44,19,191,191)
w(46,29,19,192,192)
w(22,44,19,193,193)
w(99,34,19,194,194)
w(88,23,19,195,195)
r(99,34,19,196,196)
w(29,40,19,197,197)
w(71,37,19,198,198)
w(92,32,19,199,199)
