w(456,1,0,0,0)
w(816,1,0,1,1)
r(17,0,0,2,2)
w(595,1,0,3,3)
w(908,1,0,4,4)
w(707,1,0,5,5)
w(735,1,0,6,6)
w(947,1,0,7,7)
w(281,1,0,8,8)
w(496,1,0,9,9)
w(331,1,0,10,10)
w(904,1,0,11,11)
w(809,1,0,12,12)
w(239,1,0,13,13)
w(911,1,0,14,14)
w(286,1,0,15,15)
w(85,1,0,16,16)
w(338,1,0,17,17)
r(914,0,0,18,18)
w(633,1,0,19,19)
w(173,1,0,20,20)
w(533,1,0,21,21)
w(422,1,0,22,22)
w(418,1,0,23,23)
w(940,1,0,24,24)
w(800,1,0,25,25)
w(804,1,0,26,26)
w(773,1,0,27,27)
w(74,1,0,28,28)
r(133,0,0,29,29)
r(399,0,0,30,30)
w(509,1,0,31,31)
w(475,1,0,32,32)
w(735,2,0,33,33)
w(533,2,0,34,34)
w(52,1,0,35,35)
w(441,1,0,36,36)
w(80,1,0,37,37)
w(882,1,0,38,38)
r(695,0,0,39,39)
w(21,1,0,40,40)
w(142,1,0,41,41)
w(225,1,0,42,42)
w(910,1,0,43,43)
w(673,1,0,44,44)
w(186,1,0,45,45)
w(925,1,0,46,46)
w(904,2,0,47,47)
w(379,1,0,48,48)
w(989,1,0,49,49)
r(116,0,0,50,50)
w(484,1,0,51,51)
w(846,1,0,52,52)
w(487,1,0,53,53)
w(245,1,0,54,54)
w(764,1,0,55,55)
r(622,0,0,56,56)
r(284,0,0,57,57)
w(942,1,0,58,58)
r(542,0,0,59,59)
w(837,1,0,60,60)
w(769,1,0,61,61)
w(821,1,0,62,62)
w(818,1,0,63,63)
w(79,1,0,64,64)
w(825,1,0,65,65)
w(673,2,0,66,66)
w(514,1,0,67,67)
w(85,2,0,68,68)
w(640,1,0,69,69)
w(635,1,0,70,70)
w(929,1,0,71,71)
w(26,1,0,72,72)
w(109,1,0,73,73)
w(384,1,0,74,74)
w(457,1,0,75,75)
r(196,0,0,76,76)
w(802,1,0,77,77)
w(948,1,0,78,78)
w(848,1,0,79,79)
w(780,1,0,80,80)
w(499,1,0,81,81)
w(563,1,0,82,82)
w(236,1,0,83,83)
r(694,0,0,84,84)
w(348,1,0,85,85)
w(367,1,0,86,86)
w(302,1,0,87,87)
w(558,1,0,88,88)
w(820,1,0,89,89)
r(517,0,0,90,90)
w(516,1,0,91,91)
w(145,1,0,92,92)
w(386,1,0,93,93)
w(508,1,0,94,94)
w(856,1,0,95,95)
w(266,1,0,96,96)
w(96,1,0,97,97)
r(68,0,0,98,98)
w(180,1,0,99,99)
w(707,2,1,0,0)
w(433,1,1,1,1)
w(587,1,1,2,2)
w(389,1,1,3,3)
w(12,1,1,4,4)
w(114,1,1,5,5)
w(403,1,1,6,6)
w(963,1,1,7,7)
w(791,1,1,8,8)
w(140,1,1,9,9)
w(616,1,1,10,10)
w(569,1,1,11,11)
w(269,1,1,12,12)
w(519,1,1,13,13)
w(831,1,1,14,14)
w(897,1,1,15,15)
w(44,1,1,16,16)
w(657,1,1,17,17)
r(800,1,1,18,18)
r(639,0,1,19,19)
w(655,1,1,20,20)
w(877,1,1,21,21)
r(571,0,1,22,22)
w(282,1,1,23,23)
w(517,1,1,24,24)
w(938,1,1,25,25)
w(119,1,1,26,26)
r(957,0,1,27,27)
r(315,0,1,28,28)
w(622,1,1,29,29)
w(498,1,1,30,30)
w(13,1,1,31,31)
w(909,1,1,32,32)
w(906,1,1,33,33)
w(596,1,1,34,34)
w(743,1,1,35,35)
w(559,1,1,36,36)
w(468,1,1,37,37)
w(139,1,1,38,38)
w(200,1,1,39,39)
w(368,1,1,40,40)
w(619,1,1,41,41)
r(363,0,1,42,42)
w(668,1,1,43,43)
w(148,1,1,44,44)
r(232,0,1,45,45)
w(406,1,1,46,46)
w(905,1,1,47,47)
w(111,1,1,48,48)
w(438,1,1,49,49)
w(406,2,1,50,50)
w(190,1,1,51,51)
w(584,1,1,52,52)
w(752,1,1,53,53)
w(709,1,1,54,54)
w(748,1,1,55,55)
w(173,2,1,56,56)
w(392,1,1,57,57)
w(340,1,1,58,58)
w(297,1,1,59,59)
w(509,2,1,60,60)
w(124,1,1,61,61)
w(838,1,1,62,62)
w(102,1,1,63,63)
w(326,1,1,64,64)
w(312,1,1,65,65)
w(482,1,1,66,66)
w(897,2,1,67,67)
w(259,1,1,68,68)
w(876,1,1,69,69)
w(943,1,1,70,70)
r(572,0,1,71,71)
w(508,2,1,72,72)
w(839,1,1,73,73)
w(189,1,1,74,74)
w(862,1,1,75,75)
w(935,1,1,76,76)
r(189,1,1,77,77)
w(938,2,1,78,78)
w(70,1,1,79,79)
w(8,1,1,80,80)
w(576,1,1,81,81)
w(872,1,1,82,82)
w(796,1,1,83,83)
r(245,1,1,84,84)
w(447,1,1,85,85)
w(159,1,1,86,86)
w(645,1,1,87,87)
w(775,1,1,88,88)
w(872,2,1,89,89)
w(251,1,1,90,90)
w(898,1,1,91,91)
w(806,1,1,92,92)
w(347,1,1,93,93)
w(155,1,1,94,94)
w(95,1,1,95,95)
w(28,1,1,96,96)
w(163,1,1,97,97)
w(518,1,1,98,98)
w(538,1,1,99,99)
w(789,1,2,0,0)
w(551,1,2,1,1)
w(686,1,2,2,2)
r(306,0,2,3,3)
w(42,1,2,4,4)
w(693,1,2,5,5)
r(409,0,2,6,6)
w(127,1,2,7,7)
w(900,1,2,8,8)
w(425,1,2,9,9)
w(852,1,2,10,10)
w(727,1,2,11,11)
w(604,1,2,12,12)
w(758,1,2,13,13)
w(162,1,2,14,14)
w(460,1,2,15,15)
w(836,1,2,16,16)
w(451,1,2,17,17)
w(548,1,2,18,18)
w(423,1,2,19,19)
r(333,0,2,20,20)
w(595,2,2,21,21)
w(509,3,2,22,22)
w(267,1,2,23,23)
w(700,1,2,24,24)
w(878,1,2,25,25)
w(170,1,2,26,26)
w(179,1,2,27,27)
w(412,1,2,28,28)
r(376,0,2,29,29)
w(143,1,2,30,30)
r(84,0,2,31,31)
w(650,1,2,32,32)
w(835,1,2,33,33)
w(234,1,2,34,34)
w(272,1,2,35,35)
w(289,1,2,36,36)
w(196,1,2,37,37)
w(990,1,2,38,38)
w(922,1,2,39,39)
w(270,1,2,40,40)
w(894,1,2,41,41)
r(260,0,2,42,42)
r(751,0,2,43,43)
w(48,1,2,44,44)
w(181,1,2,45,45)
w(940,2,2,46,46)
w(298,1,2,47,47)
w(802,2,2,48,48)
w(959,1,2,49,49)
w(679,1,2,50,50)
w(512,1,2,51,51)
w(48,2,2,52,52)
w(748,2,2,53,53)
w(684,1,2,54,54)
r(746,0,2,55,55)
w(847,1,2,56,56)
w(248,1,2,57,57)
w(267,2,2,58,58)
w(782,1,2,59,59)
w(242,1,2,60,60)
w(766,1,2,61,61)
w(145,2,2,62,62)
r(602,0,2,63,63)
w(41,1,2,64,64)
w(616,2,2,65,65)
w(95,2,2,66,66)
w(693,2,2,67,67)
w(709,2,2,68,68)
w(385,1,2,69,69)
w(806,2,2,70,70)
w(849,1,2,71,71)
w(622,2,2,72,72)
w(803,1,2,73,73)
w(299,1,2,74,74)
r(635,1,2,75,75)
w(458,1,2,76,76)
w(805,1,2,77,77)
w(701,1,2,78,78)
w(702,1,2,79,79)
w(547,1,2,80,80)
r(861,0,2,81,81)
w(671,1,2,82,82)
w(468,2,2,83,83)
w(777,1,2,84,84)
w(370,1,2,85,85)
w(561,1,2,86,86)
w(412,2,2,87,87)
w(497,1,2,88,88)
w(846,2,2,89,89)
w(258,1,2,90,90)
w(174,1,2,91,91)
w(698,1,2,92,92)
w(694,1,2,93,93)
w(79,2,2,94,94)
w(494,1,2,95,95)
w(704,1,2,96,96)
w(340,2,2,97,97)
w(762,1,2,98,98)
w(907,1,2,99,99)
r(831,1,3,0,0)
w(3,1,3,1,1)
w(799,1,3,2,2)
w(89,1,3,3,3)
w(343,1,3,4,4)
w(38,1,3,5,5)
w(304,1,3,6,6)
w(525,1,3,7,7)
w(20,1,3,8,8)
r(522,0,3,9,9)
w(522,1,3,10,10)
r(190,1,3,11,11)
w(503,1,3,12,12)
w(619,2,3,13,13)
w(102,2,3,14,14)
w(308,1,3,15,15)
w(205,1,3,16,16)
w(703,1,3,17,17)
r(452,0,3,18,18)
w(192,1,3,19,19)
w(666,1,3,20,20)
w(394,1,3,21,21)
w(644,1,3,22,22)
w(889,1,3,23,23)
w(620,1,3,24,24)
w(302,2,3,25,25)
w(522,2,3,26,26)
w(735,3,3,27,27)
w(863,1,3,28,28)
w(189,2,3,29,29)
w(178,1,3,30,30)
w(993,1,3,31,31)
w(311,1,3,32,32)
w(500,1,3,33,33)
w(813,1,3,34,34)
w(95,3,3,35,35)
r(752,1,3,36,36)
r(419,0,3,37,37)
w(326,2,3,38,38)
r(730,0,3,39,39)
r(889,1,3,40,40)
w(679,2,3,41,41)
w(327,1,3,42,42)
w(649,1,3,43,43)
w(647,1,3,44,44)
w(67,1,3,45,45)
w(142,2,3,46,46)
w(767,1,3,47,47)
w(515,1,3,48,48)
w(985,1,3,49,49)
w(444,1,3,50,50)
w(483,1,3,51,51)
w(195,1,3,52,52)
w(927,1,3,53,53)
w(150,1,3,54,54)
r(32,0,3,55,55)
r(882,1,3,56,56)
w(734,1,3,57,57)
r(477,0,3,58,58)
w(805,2,3,59,59)
w(779,1,3,60,60)
w(806,3,3,61,61)
w(495,1,3,62,62)
w(287,1,3,63,63)
w(505,1,3,64,64)
w(884,1,3,65,65)
w(107,1,3,66,66)
w(719,1,3,67,67)
w(349,1,3,68,68)
w(586,1,3,69,69)
w(936,1,3,70,70)
r(407,0,3,71,71)
w(970,1,3,72,72)
w(715,1,3,73,73)
w(587,2,3,74,74)
w(521,1,3,75,75)
w(508,3,3,76,76)
w(972,1,3,77,77)
w(977,1,3,78,78)
w(381,1,3,79,79)
w(351,1,3,80,80)
w(918,1,3,81,81)
w(109,2,3,82,82)
w(831,2,3,83,83)
w(283,1,3,84,84)
w(454,1,3,85,85)
w(837,2,3,86,86)
w(883,1,3,87,87)
w(688,1,3,88,88)
w(541,1,3,89,89)
w(222,1,3,90,90)
w(433,2,3,91,91)
w(269,2,3,92,92)
w(896,1,3,93,93)
w(594,1,3,94,94)
r(224,0,3,95,95)
w(78,1,3,96,96)
w(657,2,3,97,97)
w(347,2,3,98,98)
w(898,2,3,99,99)
w(624,1,4,0,0)
w(344,1,4,1,1)
w(879,1,4,2,2)
w(178,2,4,3,3)
w(858,1,4,4,4)
w(455,1,4,5,5)
w(394,2,4,6,6)
w(667,1,4,7,7)
r(609,0,4,8,8)
w(531,1,4,9,9)
w(911,2,4,10,10)
w(132,1,4,11,11)
w(904,3,4,12,12)
w(553,1,4,13,13)
w(636,1,4,14,14)
w(66,1,4,15,15)
w(15,1,4,16,16)
w(737,1,4,17,17)
w(829,1,4,18,18)
w(348,2,4,19,19)
w(873,1,4,20,20)
w(285,1,4,21,21)
w(117,1,4,22,22)
w(454,2,4,23,23)
r(330,0,4,24,24)
w(161,1,4,25,25)
w(361,1,4,26,26)
w(245,2,4,27,27)
w(356,1,4,28,28)
w(318,1,4,29,29)
r(118,0,4,30,30)
w(38,2,4,31,31)
w(847,2,4,32,32)
r(758,1,4,33,33)
w(588,1,4,34,34)
w(75,1,4,35,35)
w(360,1,4,36,36)
w(512,2,4,37,37)
w(713,1,4,38,38)
w(280,1,4,39,39)
w(677,1,4,40,40)
w(168,1,4,41,41)
w(608,1,4,42,42)
w(16,1,4,43,43)
w(143,2,4,44,44)
w(467,1,4,45,45)
w(776,1,4,46,46)
w(727,2,4,47,47)
w(89,2,4,48,48)
w(239,2,4,49,49)
w(557,1,4,50,50)
w(875,1,4,51,51)
w(818,2,4,52,52)
w(284,1,4,53,53)
w(793,1,4,54,54)
w(868,1,4,55,55)
w(694,2,4,56,56)
r(581,0,4,57,57)
w(169,1,4,58,58)
w(593,1,4,59,59)
w(454,3,4,60,60)
w(188,1,4,61,61)
w(290,1,4,62,62)
w(104,1,4,63,63)
w(750,1,4,64,64)
w(307,1,4,65,65)
w(667,2,4,66,66)
r(919,0,4,67,67)
w(157,1,4,68,68)
w(858,2,4,69,69)
w(52,2,4,70,70)
w(720,1,4,71,71)
w(89,3,4,72,72)
w(584,2,4,73,73)
w(155,2,4,74,74)
w(702,2,4,75,75)
w(411,1,4,76,76)
w(971,1,4,77,77)
w(14,1,4,78,78)
w(120,1,4,79,79)
w(493,1,4,80,80)
w(435,1,4,81,81)
w(370,2,4,82,82)
w(54,1,4,83,83)
r(551,1,4,84,84)
w(273,1,4,85,85)
w(642,1,4,86,86)
w(618,1,4,87,87)
w(550,1,4,88,88)
w(868,2,4,89,89)
w(860,1,4,90,90)
w(368,2,4,91,91)
w(807,1,4,92,92)
w(590,1,4,93,93)
w(86,1,4,94,94)
w(902,1,4,95,95)
w(750,2,4,96,96)
w(546,1,4,97,97)
w(33,1,4,98,98)
w(910,2,4,99,99)
w(269,3,5,0,0)
w(870,1,5,1,1)
w(842,1,5,2,2)
w(542,1,5,3,3)
w(184,1,5,4,4)
w(832,1,5,5,5)
w(813,2,5,6,6)
w(573,1,5,7,7)
r(627,0,5,8,8)
w(546,2,5,9,9)
w(98,1,5,10,10)
w(406,3,5,11,11)
w(635,2,5,12,12)
w(341,1,5,13,13)
w(794,1,5,14,14)
w(374,1,5,15,15)
r(83,0,5,16,16)
w(479,1,5,17,17)
w(718,1,5,18,18)
w(962,1,5,19,19)
w(798,1,5,20,20)
w(940,3,5,21,21)
w(260,1,5,22,22)
w(448,1,5,23,23)
w(393,1,5,24,24)
w(683,1,5,25,25)
w(236,2,5,26,26)
w(627,1,5,27,27)
r(137,0,5,28,28)
w(385,2,5,29,29)
w(289,2,5,30,30)
w(696,1,5,31,31)
w(22,1,5,32,32)
w(358,1,5,33,33)
w(882,2,5,34,34)
w(744,1,5,35,35)
w(352,1,5,36,36)
w(364,1,5,37,37)
r(524,0,5,38,38)
w(949,1,5,39,39)
r(436,0,5,40,40)
w(545,1,5,41,41)
w(726,1,5,42,42)
w(658,1,5,43,43)
w(139,2,5,44,44)
w(420,1,5,45,45)
w(618,2,5,46,46)
w(739,1,5,47,47)
w(559,2,5,48,48)
w(105,1,5,49,49)
w(233,1,5,50,50)
w(664,1,5,51,51)
w(862,2,5,52,52)
r(48,2,5,53,53)
w(521,2,5,54,54)
w(480,1,5,55,55)
w(214,1,5,56,56)
w(887,1,5,57,57)
w(575,1,5,58,58)
w(722,1,5,59,59)
w(248,2,5,60,60)
w(815,1,5,61,61)
w(27,1,5,62,62)
w(849,2,5,63,63)
w(825,2,5,64,64)
w(536,1,5,65,65)
w(276,1,5,66,66)
w(398,1,5,67,67)
w(836,2,5,68,68)
w(823,1,5,69,69)
w(485,1,5,70,70)
w(940,4,5,71,71)
w(874,1,5,72,72)
r(982,0,5,73,73)
w(471,1,5,74,74)
w(29,1,5,75,75)
r(672,0,5,76,76)
w(247,1,5,77,77)
w(715,2,5,78,78)
w(652,1,5,79,79)
w(995,1,5,80,80)
w(346,1,5,81,81)
w(380,1,5,82,82)
w(84,1,5,83,83)
r(397,0,5,84,84)
r(35,0,5,85,85)
w(278,1,5,86,86)
w(790,1,5,87,87)
w(137,1,5,88,88)
w(491,1,5,89,89)
w(662,1,5,90,90)
r(538,1,5,91,91)
w(384,2,5,92,92)
r(958,0,5,93,93)
w(709,3,5,94,94)
w(410,1,5,95,95)
w(647,2,5,96,96)
w(251,2,5,97,97)
w(584,3,5,98,98)
w(457,2,5,99,99)
w(647,3,6,0,0)
w(93,1,6,1,1)
w(128,1,6,2,2)
w(166,1,6,3,3)
w(998,1,6,4,4)
w(680,1,6,5,5)
w(369,1,6,6,6)
w(800,2,6,7,7)
r(285,1,6,8,8)
w(592,1,6,9,9)
w(195,2,6,10,10)
w(148,2,6,11,11)
w(949,2,6,12,12)
w(84,2,6,13,13)
w(250,1,6,14,14)
w(635,3,6,15,15)
w(677,2,6,16,16)
r(867,0,6,17,17)
w(521,3,6,18,18)
w(397,1,6,19,19)
w(699,1,6,20,20)
w(356,2,6,21,21)
w(257,1,6,22,22)
w(383,1,6,23,23)
w(412,3,6,24,24)
r(285,1,6,25,25)
w(520,1,6,26,26)
w(351,2,6,27,27)
w(253,1,6,28,28)
w(225,2,6,29,29)
w(111,2,6,30,30)
w(776,2,6,31,31)
w(292,1,6,32,32)
w(878,2,6,33,33)
w(430,1,6,34,34)
w(773,2,6,35,35)
w(343,2,6,36,36)
w(23,1,6,37,37)
w(661,1,6,38,38)
w(359,1,6,39,39)
w(633,2,6,40,40)
w(21,2,6,41,41)
w(883,2,6,42,42)
w(360,2,6,43,43)
w(974,1,6,44,44)
w(302,3,6,45,45)
w(296,1,6,46,46)
w(613,1,6,47,47)
w(579,1,6,48,48)
w(702,3,6,49,49)
w(468,3,6,50,50)
w(748,3,6,51,51)
r(603,0,6,52,52)
w(629,1,6,53,53)
w(797,1,6,54,54)
w(202,1,6,55,55)
w(105,2,6,56,56)
w(511,1,6,57,57)
w(636,2,6,58,58)
r(743,1,6,59,59)
w(375,1,6,60,60)
r(459,0,6,61,61)
w(801,1,6,62,62)
w(324,1,6,63,63)
w(521,4,6,64,64)
w(736,1,6,65,65)
w(900,2,6,66,66)
w(301,1,6,67,67)
w(568,1,6,68,68)
w(76,1,6,69,69)
w(855,1,6,70,70)
w(791,2,6,71,71)
w(850,1,6,72,72)
w(159,2,6,73,73)
w(417,1,6,74,74)
w(823,2,6,75,75)
w(114,2,6,76,76)
w(361,2,6,77,77)
w(93,2,6,78,78)
w(788,1,6,79,79)
w(267,3,6,80,80)
w(297,2,6,81,81)
w(171,1,6,82,82)
r(880,0,6,83,83)
w(87,1,6,84,84)
w(721,1,6,85,85)
w(36,1,6,86,86)
w(308,2,6,87,87)
r(765,0,6,88,88)
w(993,2,6,89,89)
w(145,3,6,90,90)
w(379,2,6,91,91)
w(768,1,6,92,92)
w(448,2,6,93,93)
w(36,2,6,94,94)
w(706,1,6,95,95)
r(29,1,6,96,96)
w(541,2,6,97,97)
w(495,2,6,98,98)
w(824,1,6,99,99)
w(871,1,7,0,0)
w(159,3,7,1,1)
w(232,1,7,2,2)
w(298,2,7,3,3)
w(8,2,7,4,4)
w(116,1,7,5,5)
w(932,1,7,6,6)
w(723,1,7,7,7)
w(108,1,7,8,8)
w(705,1,7,9,9)
w(947,2,7,10,10)
w(220,1,7,11,11)
w(787,1,7,12,12)
r(372,0,7,13,13)
w(326,3,7,14,14)
r(492,0,7,15,15)
w(187,1,7,16,16)
w(980,1,7,17,17)
w(958,1,7,18,18)
w(375,2,7,19,19)
r(755,0,7,20,20)
w(120,2,7,21,21)
w(822,1,7,22,22)
w(18,1,7,23,23)
w(341,2,7,24,24)
w(32,1,7,25,25)
w(444,2,7,26,26)
w(403,2,7,27,27)
w(903,1,7,28,28)
w(814,1,7,29,29)
w(113,1,7,30,30)
r(930,0,7,31,31)
w(807,2,7,32,32)
w(413,1,7,33,33)
w(825,3,7,34,34)
w(975,1,7,35,35)
w(325,1,7,36,36)
w(416,1,7,37,37)
w(503,2,7,38,38)
w(207,1,7,39,39)
w(378,1,7,40,40)
r(11,0,7,41,41)
w(237,1,7,42,42)
w(292,2,7,43,43)
w(887,2,7,44,44)
w(686,2,7,45,45)
w(148,3,7,46,46)
w(938,3,7,47,47)
w(290,2,7,48,48)
w(194,1,7,49,49)
r(169,1,7,50,50)
w(533,3,7,51,51)
w(231,1,7,52,52)
w(680,2,7,53,53)
w(621,1,7,54,54)
w(303,1,7,55,55)
w(348,3,7,56,56)
w(767,2,7,57,57)
w(723,2,7,58,58)
w(762,2,7,59,59)
w(168,2,7,60,60)
w(331,2,7,61,61)
r(511,1,7,62,62)
w(729,1,7,63,63)
w(493,2,7,64,64)
w(853,1,7,65,65)
w(747,1,7,66,66)
w(308,3,7,67,67)
w(188,2,7,68,68)
w(3,2,7,69,69)
r(142,2,7,70,70)
w(548,2,7,71,71)
w(506,1,7,72,72)
w(841,1,7,73,73)
w(902,2,7,74,74)
w(770,1,7,75,75)
w(862,3,7,76,76)
r(322,0,7,77,77)
w(63,1,7,78,78)
w(740,1,7,79,79)
w(403,3,7,80,80)
w(473,1,7,81,81)
r(852,1,7,82,82)
w(973,1,7,83,83)
w(329,1,7,84,84)
w(37,1,7,85,85)
w(442,1,7,86,86)
w(498,2,7,87,87)
w(619,3,7,88,88)
w(568,2,7,89,89)
w(471,2,7,90,90)
w(517,2,7,91,91)
w(861,1,7,92,92)
w(122,1,7,93,93)
r(506,1,7,94,94)
w(436,1,7,95,95)
w(68,1,7,96,96)
w(129,1,7,97,97)
w(160,1,7,98,98)
w(983,1,7,99,99)
w(572,1,8,0,0)
w(248,3,8,1,1)
w(396,1,8,2,2)
w(244,1,8,3,3)
w(252,1,8,4,4)
w(166,2,8,5,5)
w(105,3,8,6,6)
r(540,0,8,7,7)
r(403,3,8,8,8)
w(796,2,8,9,9)
w(264,1,8,10,10)
w(605,1,8,11,11)
w(749,1,8,12,12)
w(137,2,8,13,13)
w(13,2,8,14,14)
w(727,3,8,15,15)
w(940,5,8,16,16)
w(375,3,8,17,17)
w(29,2,8,18,18)
w(974,2,8,19,19)
w(346,2,8,20,20)
w(925,2,8,21,21)
w(795,1,8,22,22)
w(762,3,8,23,23)
w(977,2,8,24,24)
r(577,0,8,25,25)
r(988,0,8,26,26)
r(736,1,8,27,27)
w(895,1,8,28,28)
w(998,2,8,29,29)
r(80,1,8,30,30)
w(526,1,8,31,31)
w(934,1,8,32,32)
w(123,1,8,33,33)
w(870,2,8,34,34)
w(418,2,8,35,35)
r(207,1,8,36,36)
w(795,2,8,37,37)
r(496,1,8,38,38)
w(286,2,8,39,39)
w(209,1,8,40,40)
w(754,1,8,41,41)
w(582,1,8,42,42)
w(19,1,8,43,43)
w(479,2,8,44,44)
w(136,1,8,45,45)
w(717,1,8,46,46)
w(651,1,8,47,47)
w(853,2,8,48,48)
w(463,1,8,49,49)
w(42,2,8,50,50)
w(519,2,8,51,51)
w(741,1,8,52,52)
w(338,2,8,53,53)
w(977,3,8,54,54)
w(659,1,8,55,55)
w(352,2,8,56,56)
w(219,1,8,57,57)
r(613,1,8,58,58)
w(630,1,8,59,59)
w(140,2,8,60,60)
w(30,1,8,61,61)
w(636,3,8,62,62)
w(877,2,8,63,63)
w(706,2,8,64,64)
w(216,1,8,65,65)
r(173,2,8,66,66)
w(923,1,8,67,67)
w(659,2,8,68,68)
r(230,0,8,69,69)
w(145,4,8,70,70)
r(11,0,8,71,71)
r(106,0,8,72,72)
r(167,0,8,73,73)
w(559,3,8,74,74)
r(659,2,8,75,75)
w(21,3,8,76,76)
w(713,2,8,77,77)
w(261,1,8,78,78)
w(696,2,8,79,79)
w(475,2,8,80,80)
w(151,1,8,81,81)
w(604,2,8,82,82)
w(803,2,8,83,83)
w(231,2,8,84,84)
w(436,2,8,85,85)
w(74,2,8,86,86)
w(735,4,8,87,87)
w(231,3,8,88,88)
w(757,1,8,89,89)
r(418,2,8,90,90)
w(659,3,8,91,91)
w(835,2,8,92,92)
r(449,0,8,93,93)
w(165,1,8,94,94)
w(707,3,8,95,95)
w(714,1,8,96,96)
w(506,2,8,97,97)
w(252,2,8,98,98)
w(129,2,8,99,99)
w(98,2,9,0,0)
w(440,1,9,1,1)
w(999,1,9,2,2)
w(15,2,9,3,3)
w(577,1,9,4,4)
r(820,1,9,5,5)
r(282,1,9,6,6)
w(658,2,9,7,7)
w(849,3,9,8,8)
w(236,3,9,9,9)
w(191,1,9,10,10)
w(113,2,9,11,11)
w(208,1,9,12,12)
r(401,0,9,13,13)
w(841,2,9,14,14)
w(289,3,9,15,15)
w(983,2,9,16,16)
w(120,3,9,17,17)
w(266,2,9,18,18)
w(67,2,9,19,19)
w(128,2,9,20,20)
w(997,1,9,21,21)
w(223,1,9,22,22)
w(434,1,9,23,23)
w(604,3,9,24,24)
w(103,1,9,25,25)
w(181,2,9,26,26)
w(223,2,9,27,27)
w(472,1,9,28,28)
w(219,2,9,29,29)
w(341,3,9,30,30)
w(806,4,9,31,31)
r(843,0,9,32,32)
w(962,2,9,33,33)
w(96,2,9,34,34)
w(562,1,9,35,35)
w(845,1,9,36,36)
w(401,1,9,37,37)
w(363,1,9,38,38)
w(493,3,9,39,39)
r(799,1,9,40,40)
r(741,1,9,41,41)
w(539,1,9,42,42)
w(26,2,9,43,43)
w(50,1,9,44,44)
w(340,3,9,45,45)
w(538,2,9,46,46)
w(299,2,9,47,47)
w(795,3,9,48,48)
w(323,1,9,49,49)
w(780,2,9,50,50)
w(134,1,9,51,51)
r(757,1,9,52,52)
w(180,2,9,53,53)
r(571,0,9,54,54)
w(403,4,9,55,55)
w(443,1,9,56,56)
w(932,2,9,57,57)
w(618,3,9,58,58)
w(690,1,9,59,59)
w(192,2,9,60,60)
w(718,2,9,61,61)
w(188,3,9,62,62)
w(436,3,9,63,63)
w(141,1,9,64,64)
w(868,3,9,65,65)
w(353,1,9,66,66)
w(356,3,9,67,67)
w(447,2,9,68,68)
w(430,2,9,69,69)
w(230,1,9,70,70)
w(284,2,9,71,71)
w(428,1,9,72,72)
w(307,2,9,73,73)
w(166,3,9,74,74)
w(391,1,9,75,75)
w(23,2,9,76,76)
w(689,1,9,77,77)
w(698,2,9,78,78)
w(87,2,9,79,79)
w(637,1,9,80,80)
w(824,2,9,81,81)
w(139,3,9,82,82)
w(663,1,9,83,83)
w(766,2,9,84,84)
w(45,1,9,85,85)
w(107,2,9,86,86)
w(662,2,9,87,87)
w(302,4,9,88,88)
w(251,3,9,89,89)
w(764,2,9,90,90)
w(381,2,9,91,91)
w(819,1,9,92,92)
w(626,1,9,93,93)
w(225,3,9,94,94)
w(111,3,9,95,95)
w(518,2,9,96,96)
w(550,2,9,97,97)
w(514,2,9,98,98)
w(41,2,9,99,99)
w(787,2,10,0,0)
w(957,1,10,1,1)
w(609,1,10,2,2)
r(848,1,10,3,3)
w(236,4,10,4,4)
w(510,1,10,5,5)
w(577,2,10,6,6)
w(864,1,10,7,7)
w(376,1,10,8,8)
w(441,2,10,9,9)
w(726,2,10,10,10)
r(624,1,10,11,11)
w(610,1,10,12,12)
w(303,2,10,13,13)
w(588,2,10,14,14)
w(701,2,10,15,15)
w(551,2,10,16,16)
r(390,0,10,17,17)
w(494,2,10,18,18)
w(835,3,10,19,19)
w(66,2,10,20,20)
w(526,2,10,21,21)
w(143,3,10,22,22)
w(461,1,10,23,23)
w(279,1,10,24,24)
w(85,3,10,25,25)
w(783,1,10,26,26)
w(453,1,10,27,27)
r(748,3,10,28,28)
w(665,1,10,29,29)
w(365,1,10,30,30)
w(235,1,10,31,31)
w(879,2,10,32,32)
w(355,1,10,33,33)
w(590,2,10,34,34)
w(460,2,10,35,35)
w(247,2,10,36,36)
w(510,2,10,37,37)
w(980,2,10,38,38)
w(819,2,10,39,39)
w(798,2,10,40,40)
r(466,0,10,41,41)
w(531,2,10,42,42)
w(206,1,10,43,43)
w(223,3,10,44,44)
w(89,4,10,45,45)
r(24,0,10,46,46)
w(455,2,10,47,47)
w(34,1,10,48,48)
w(945,1,10,49,49)
w(782,2,10,50,50)
r(785,0,10,51,51)
w(416,2,10,52,52)
w(628,1,10,53,53)
w(651,2,10,54,54)
w(68,2,10,55,55)
w(898,3,10,56,56)
w(901,1,10,57,57)
w(704,2,10,58,58)
w(722,2,10,59,59)
w(693,3,10,60,60)
w(833,1,10,61,61)
w(438,2,10,62,62)
w(348,4,10,63,63)
w(629,2,10,64,64)
w(193,1,10,65,65)
w(779,2,10,66,66)
w(963,2,10,67,67)
w(706,3,10,68,68)
r(744,1,10,69,69)
r(73,0,10,70,70)
w(250,2,10,71,71)
w(893,1,10,72,72)
w(870,3,10,73,73)
w(79,3,10,74,74)
w(944,1,10,75,75)
w(104,2,10,76,76)
w(100,1,10,77,77)
r(663,1,10,78,78)
w(336,1,10,79,79)
w(462,1,10,80,80)
w(518,3,10,81,81)
w(199,1,10,82,82)
w(606,1,10,83,83)
w(696,3,10,84,84)
w(913,1,10,85,85)
w(608,2,10,86,86)
w(508,4,10,87,87)
w(466,1,10,88,88)
w(114,3,10,89,89)
w(105,4,10,90,90)
r(59,0,10,91,91)
r(428,1,10,92,92)
w(748,4,10,93,93)
w(39,1,10,94,94)
w(583,1,10,95,95)
r(504,0,10,96,96)
w(919,1,10,97,97)
w(798,3,10,98,98)
w(406,4,10,99,99)
w(261,2,11,0,0)
w(242,2,11,1,1)
w(561,2,11,2,2)
w(427,1,11,3,3)
w(192,3,11,4,4)
w(434,2,11,5,5)
r(262,0,11,6,6)
w(895,2,11,7,7)
w(474,1,11,8,8)
r(41,2,11,9,9)
w(699,2,11,10,10)
w(506,3,11,11,11)
r(368,2,11,12,12)
w(341,4,11,13,13)
w(827,1,11,14,14)
w(451,2,11,15,15)
w(406,5,11,16,16)
w(66,3,11,17,17)
w(662,3,11,18,18)
w(675,1,11,19,19)
r(67,2,11,20,20)
w(26,3,11,21,21)
w(111,4,11,22,22)
w(760,1,11,23,23)
w(746,1,11,24,24)
w(396,2,11,25,25)
w(890,1,11,26,26)
w(873,2,11,27,27)
w(802,3,11,28,28)
w(130,1,11,29,29)
w(457,3,11,30,30)
w(311,2,11,31,31)
w(800,3,11,32,32)
w(511,2,11,33,33)
w(846,3,11,34,34)
w(367,2,11,35,35)
w(532,1,11,36,36)
w(116,2,11,37,37)
w(356,4,11,38,38)
w(930,1,11,39,39)
w(390,1,11,40,40)
w(423,2,11,41,41)
w(225,4,11,42,42)
w(337,1,11,43,43)
w(588,3,11,44,44)
w(157,2,11,45,45)
w(997,2,11,46,46)
r(334,0,11,47,47)
w(494,3,11,48,48)
w(659,4,11,49,49)
w(213,1,11,50,50)
w(714,2,11,51,51)
w(421,1,11,52,52)
w(37,2,11,53,53)
w(773,3,11,54,54)
w(693,4,11,55,55)
w(59,1,11,56,56)
w(56,1,11,57,57)
w(117,2,11,58,58)
w(52,3,11,59,59)
r(931,0,11,60,60)
w(13,3,11,61,61)
w(860,2,11,62,62)
w(275,1,11,63,63)
w(961,1,11,64,64)
w(71,1,11,65,65)
w(657,3,11,66,66)
w(128,3,11,67,67)
w(448,3,11,68,68)
w(733,1,11,69,69)
w(766,3,11,70,70)
w(154,1,11,71,71)
w(49,1,11,72,72)
r(454,3,11,73,73)
w(992,1,11,74,74)
w(683,2,11,75,75)
w(629,3,11,76,76)
w(744,2,11,77,77)
w(804,2,11,78,78)
w(729,2,11,79,79)
w(333,1,11,80,80)
w(711,1,11,81,81)
w(922,2,11,82,82)
w(432,1,11,83,83)
w(997,3,11,84,84)
w(620,2,11,85,85)
w(545,2,11,86,86)
w(813,3,11,87,87)
w(113,3,11,88,88)
w(778,1,11,89,89)
w(712,1,11,90,90)
w(820,2,11,91,91)
w(850,2,11,92,92)
w(611,1,11,93,93)
w(659,5,11,94,94)
w(516,2,11,95,95)
w(472,2,11,96,96)
w(99,1,11,97,97)
w(693,5,11,98,98)
r(405,0,11,99,99)
w(312,2,12,0,0)
w(351,3,12,1,1)
w(342,1,12,2,2)
w(939,1,12,3,3)
w(441,3,12,4,4)
w(711,2,12,5,5)
w(519,3,12,6,6)
w(504,1,12,7,7)
r(512,2,12,8,8)
w(324,2,12,9,9)
w(894,2,12,10,10)
w(773,4,12,11,11)
w(897,3,12,12,12)
w(186,2,12,13,13)
w(711,3,12,14,14)
w(296,2,12,15,15)
w(757,2,12,16,16)
w(899,1,12,17,17)
w(610,2,12,18,18)
w(713,3,12,19,19)
r(147,0,12,20,20)
w(321,1,12,21,21)
w(218,1,12,22,22)
w(568,3,12,23,23)
w(370,3,12,24,24)
w(841,3,12,25,25)
w(510,3,12,26,26)
r(715,2,12,27,27)
w(433,3,12,28,28)
w(614,1,12,29,29)
w(644,2,12,30,30)
w(578,1,12,31,31)
w(158,1,12,32,32)
w(866,1,12,33,33)
r(16,1,12,34,34)
w(688,2,12,35,35)
w(870,4,12,36,36)
w(281,2,12,37,37)
w(426,1,12,38,38)
w(658,3,12,39,39)
w(127,2,12,40,40)
w(551,3,12,41,41)
w(808,1,12,42,42)
r(427,1,12,43,43)
w(488,1,12,44,44)
w(888,1,12,45,45)
w(286,3,12,46,46)
w(203,1,12,47,47)
w(830,1,12,48,48)
w(155,3,12,49,49)
w(221,1,12,50,50)
w(199,2,12,51,51)
w(567,1,12,52,52)
w(608,3,12,53,53)
w(511,3,12,54,54)
w(826,1,12,55,55)
w(954,1,12,56,56)
w(102,3,12,57,57)
w(858,3,12,58,58)
w(721,2,12,59,59)
w(323,2,12,60,60)
w(665,2,12,61,61)
w(560,1,12,62,62)
w(395,1,12,63,63)
w(537,1,12,64,64)
w(726,3,12,65,65)
w(486,1,12,66,66)
r(535,0,12,67,67)
w(739,2,12,68,68)
w(631,1,12,69,69)
w(379,3,12,70,70)
w(535,1,12,71,71)
w(587,3,12,72,72)
w(318,2,12,73,73)
w(192,4,12,74,74)
w(386,2,12,75,75)
w(689,2,12,76,76)
w(556,1,12,77,77)
w(578,2,12,78,78)
w(466,2,12,79,79)
w(165,2,12,80,80)
w(833,2,12,81,81)
w(23,3,12,82,82)
w(471,3,12,83,83)
w(955,1,12,84,84)
w(140,3,12,85,85)
r(360,2,12,86,86)
w(262,1,12,87,87)
w(645,2,12,88,88)
w(757,3,12,89,89)
w(631,2,12,90,90)
w(852,2,12,91,91)
w(96,3,12,92,92)
w(492,1,12,93,93)
w(551,4,12,94,94)
w(311,3,12,95,95)
w(892,1,12,96,96)
w(702,4,12,97,97)
r(178,2,12,98,98)
w(431,1,12,99,99)
r(501,0,13,0,0)
r(526,2,13,1,1)
r(662,3,13,2,2)
w(295,1,13,3,3)
w(205,2,13,4,4)
w(426,2,13,5,5)
r(628,1,13,6,6)
w(431,2,13,7,7)
w(536,2,13,8,8)
w(167,1,13,9,9)
w(530,1,13,10,10)
w(933,1,13,11,11)
w(527,1,13,12,12)
w(992,2,13,13,13)
r(657,3,13,14,14)
w(581,1,13,15,15)
w(153,1,13,16,16)
w(2,1,13,17,17)
r(780,2,13,18,18)
w(33,2,13,19,19)
w(250,3,13,20,20)
w(982,1,13,21,21)
w(446,1,13,22,22)
w(996,1,13,23,23)
w(817,1,13,24,24)
w(256,1,13,25,25)
w(759,1,13,26,26)
w(480,2,13,27,27)
w(771,1,13,28,28)
w(278,2,13,29,29)
w(91,1,13,30,30)
w(992,3,13,31,31)
w(939,2,13,32,32)
w(964,1,13,33,33)
w(447,3,13,34,34)
w(931,1,13,35,35)
w(256,2,13,36,36)
w(221,2,13,37,37)
w(398,2,13,38,38)
w(347,3,13,39,39)
w(573,2,13,40,40)
r(214,1,13,41,41)
r(866,1,13,42,42)
w(796,3,13,43,43)
w(83,1,13,44,44)
w(318,3,13,45,45)
w(697,1,13,46,46)
w(671,2,13,47,47)
w(654,1,13,48,48)
w(948,2,13,49,49)
w(588,4,13,50,50)
w(788,2,13,51,51)
w(120,4,13,52,52)
r(687,0,13,53,53)
w(210,1,13,54,54)
w(545,3,13,55,55)
w(209,2,13,56,56)
w(119,2,13,57,57)
w(21,4,13,58,58)
r(335,0,13,59,59)
w(34,2,13,60,60)
w(178,3,13,61,61)
w(895,3,13,62,62)
w(545,4,13,63,63)
w(55,1,13,64,64)
r(865,0,13,65,65)
w(321,2,13,66,66)
w(406,6,13,67,67)
w(500,2,13,68,68)
w(843,1,13,69,69)
w(739,3,13,70,70)
r(352,2,13,71,71)
w(280,2,13,72,72)
w(793,2,13,73,73)
w(959,2,13,74,74)
w(80,2,13,75,75)
w(834,1,13,76,76)
w(992,4,13,77,77)
w(426,3,13,78,78)
w(463,2,13,79,79)
w(280,3,13,80,80)
w(948,3,13,81,81)
r(486,1,13,82,82)
w(749,2,13,83,83)
w(217,1,13,84,84)
w(167,2,13,85,85)
w(675,2,13,86,86)
r(681,0,13,87,87)
w(472,3,13,88,88)
w(743,2,13,89,89)
w(42,3,13,90,90)
r(137,2,13,91,91)
w(322,1,13,92,92)
r(51,0,13,93,93)
w(346,3,13,94,94)
w(483,2,13,95,95)
w(370,4,13,96,96)
w(328,1,13,97,97)
w(112,1,13,98,98)
w(33,3,13,99,99)
w(551,5,14,0,0)
w(512,3,14,1,1)
w(536,3,14,2,2)
w(725,1,14,3,3)
r(273,1,14,4,4)
w(474,2,14,5,5)
w(872,3,14,6,6)
w(348,5,14,7,7)
w(906,2,14,8,8)
w(512,4,14,9,9)
w(93,3,14,10,10)
r(891,0,14,11,11)
w(476,1,14,12,12)
w(631,3,14,13,13)
w(325,2,14,14,14)
w(943,2,14,15,15)
r(709,3,14,16,16)
w(831,3,14,17,17)
w(663,2,14,18,18)
r(250,3,14,19,19)
w(107,3,14,20,20)
r(644,2,14,21,21)
w(182,1,14,22,22)
w(897,4,14,23,23)
w(497,2,14,24,24)
w(102,4,14,25,25)
w(923,2,14,26,26)
w(885,1,14,27,27)
w(100,2,14,28,28)
w(75,2,14,29,29)
w(991,1,14,30,30)
w(887,3,14,31,31)
w(838,2,14,32,32)
w(682,1,14,33,33)
w(498,3,14,34,34)
w(111,5,14,35,35)
w(424,1,14,36,36)
w(442,2,14,37,37)
w(692,1,14,38,38)
w(697,2,14,39,39)
r(542,1,14,40,40)
w(539,2,14,41,41)
w(358,2,14,42,42)
w(408,1,14,43,43)
w(237,2,14,44,44)
w(229,1,14,45,45)
w(700,2,14,46,46)
w(322,2,14,47,47)
w(368,3,14,48,48)
w(157,3,14,49,49)
w(37,3,14,50,50)
w(453,2,14,51,51)
w(478,1,14,52,52)
w(511,4,14,53,53)
w(297,3,14,54,54)
w(912,1,14,55,55)
w(258,2,14,56,56)
w(331,3,14,57,57)
w(930,2,14,58,58)
w(504,2,14,59,59)
w(94,1,14,60,60)
w(54,2,14,61,61)
w(546,3,14,62,62)
w(826,2,14,63,63)
w(665,3,14,64,64)
w(460,3,14,65,65)
w(698,3,14,66,66)
w(951,1,14,67,67)
w(701,3,14,68,68)
w(101,1,14,69,69)
w(843,2,14,70,70)
w(536,4,14,71,71)
w(951,2,14,72,72)
w(218,2,14,73,73)
w(414,1,14,74,74)
w(736,2,14,75,75)
w(784,1,14,76,76)
w(32,2,14,77,77)
w(874,2,14,78,78)
w(84,3,14,79,79)
w(46,1,14,80,80)
w(57,1,14,81,81)
w(800,4,14,82,82)
w(560,2,14,83,83)
w(378,2,14,84,84)
w(235,2,14,85,85)
w(784,2,14,86,86)
w(21,5,14,87,87)
w(576,2,14,88,88)
w(282,2,14,89,89)
w(230,2,14,90,90)
w(417,2,14,91,91)
w(497,3,14,92,92)
w(706,4,14,93,93)
w(430,3,14,94,94)
w(883,3,14,95,95)
w(446,2,14,96,96)
w(857,1,14,97,97)
w(638,1,14,98,98)
w(5,1,14,99,99)
w(867,1,15,0,0)
w(398,3,15,1,1)
w(52,4,15,2,2)
r(394,2,15,3,3)
r(111,5,15,4,4)
w(487,2,15,5,5)
w(317,1,15,6,6)
w(137,3,15,7,7)
w(315,1,15,8,8)
w(951,3,15,9,9)
r(927,1,15,10,10)
w(265,1,15,11,11)
w(628,2,15,12,12)
w(128,4,15,13,13)
w(102,5,15,14,14)
w(415,1,15,15,15)
r(967,0,15,16,16)
w(437,1,15,17,17)
w(432,2,15,18,18)
w(666,2,15,19,19)
r(151,1,15,20,20)
w(294,1,15,21,21)
w(911,3,15,22,22)
w(259,2,15,23,23)
w(87,3,15,24,24)
w(631,4,15,25,25)
w(691,1,15,26,26)
w(908,2,15,27,27)
w(69,1,15,28,28)
w(241,1,15,29,29)
w(192,5,15,30,30)
w(900,3,15,31,31)
w(487,3,15,32,32)
w(952,1,15,33,33)
w(20,2,15,34,34)
w(956,1,15,35,35)
w(173,3,15,36,36)
r(111,5,15,37,37)
w(223,4,15,38,38)
w(183,1,15,39,39)
w(411,2,15,40,40)
w(501,1,15,41,41)
w(638,2,15,42,42)
w(117,3,15,43,43)
w(808,2,15,44,44)
w(977,4,15,45,45)
w(920,1,15,46,46)
w(523,1,15,47,47)
w(794,2,15,48,48)
w(237,3,15,49,49)
w(326,4,15,50,50)
w(158,2,15,51,51)
w(483,3,15,52,52)
r(129,2,15,53,53)
r(278,2,15,54,54)
w(876,2,15,55,55)
w(883,4,15,56,56)
w(449,1,15,57,57)
w(959,3,15,58,58)
w(660,1,15,59,59)
w(157,4,15,60,60)
w(118,1,15,61,61)
w(391,2,15,62,62)
w(346,4,15,63,63)
w(871,2,15,64,64)
w(7,1,15,65,65)
w(340,4,15,66,66)
w(435,2,15,67,67)
w(687,1,15,68,68)
w(317,2,15,69,69)
w(827,2,15,70,70)
w(650,2,15,71,71)
r(925,2,15,72,72)
w(40,1,15,73,73)
w(399,1,15,74,74)
w(564,1,15,75,75)
w(503,3,15,76,76)
w(972,2,15,77,77)
w(655,2,15,78,78)
w(161,2,15,79,79)
w(552,1,15,80,80)
r(877,2,15,81,81)
w(935,2,15,82,82)
w(360,3,15,83,83)
w(977,5,15,84,84)
w(767,3,15,85,85)
w(311,4,15,86,86)
w(49,2,15,87,87)
w(503,4,15,88,88)
w(948,4,15,89,89)
w(564,2,15,90,90)
w(552,2,15,91,91)
w(517,3,15,92,92)
w(758,2,15,93,93)
w(49,3,15,94,94)
w(142,3,15,95,95)
w(510,4,15,96,96)
w(274,1,15,97,97)
w(232,2,15,98,98)
w(445,1,15,99,99)
r(349,1,16,0,0)
r(661,1,16,1,1)
w(26,4,16,2,2)
r(396,2,16,3,3)
w(557,2,16,4,4)
w(671,3,16,5,5)
r(841,3,16,6,6)
w(431,3,16,7,7)
w(439,1,16,8,8)
w(699,3,16,9,9)
w(581,2,16,10,10)
w(701,4,16,11,11)
w(561,3,16,12,12)
w(206,2,16,13,13)
w(720,2,16,14,14)
w(508,5,16,15,15)
r(241,1,16,16,16)
w(574,1,16,17,17)
w(714,3,16,18,18)
w(333,2,16,19,19)
w(714,4,16,20,20)
w(480,3,16,21,21)
r(774,0,16,22,22)
w(439,2,16,23,23)
w(950,1,16,24,24)
w(817,2,16,25,25)
w(806,5,16,26,26)
w(788,3,16,27,27)
w(766,4,16,28,28)
r(288,0,16,29,29)
w(522,3,16,30,30)
w(912,2,16,31,31)
w(659,6,16,32,32)
w(453,3,16,33,33)
w(605,2,16,34,34)
w(589,1,16,35,35)
w(429,1,16,36,36)
w(787,3,16,37,37)
w(800,5,16,38,38)
w(475,3,16,39,39)
w(636,4,16,40,40)
w(125,1,16,41,41)
w(487,4,16,42,42)
w(69,2,16,43,43)
w(179,2,16,44,44)
w(163,2,16,45,45)
w(625,1,16,46,46)
w(568,4,16,47,47)
w(532,2,16,48,48)
w(828,1,16,49,49)
w(671,4,16,50,50)
w(808,3,16,51,51)
w(344,2,16,52,52)
w(454,4,16,53,53)
r(274,1,16,54,54)
w(944,2,16,55,55)
w(819,3,16,56,56)
w(648,1,16,57,57)
w(281,3,16,58,58)
w(779,3,16,59,59)
w(934,2,16,60,60)
w(715,3,16,61,61)
w(248,4,16,62,62)
w(877,3,16,63,63)
w(289,4,16,64,64)
w(272,2,16,65,65)
r(208,1,16,66,66)
w(851,1,16,67,67)
w(19,2,16,68,68)
w(867,2,16,69,69)
w(789,2,16,70,70)
r(612,0,16,71,71)
w(129,3,16,72,72)
w(870,5,16,73,73)
w(797,2,16,74,74)
w(65,1,16,75,75)
w(857,2,16,76,76)
r(931,1,16,77,77)
w(582,2,16,78,78)
w(104,3,16,79,79)
w(397,2,16,80,80)
w(591,1,16,81,81)
w(698,4,16,82,82)
w(695,1,16,83,83)
w(466,3,16,84,84)
w(726,4,16,85,85)
w(648,2,16,86,86)
w(99,2,16,87,87)
w(140,4,16,88,88)
w(106,1,16,89,89)
w(210,2,16,90,90)
w(73,1,16,91,91)
w(349,2,16,92,92)
w(202,2,16,93,93)
w(824,3,16,94,94)
r(6,0,16,95,95)
w(465,1,16,96,96)
w(850,3,16,97,97)
w(674,1,16,98,98)
w(432,3,16,99,99)
w(565,1,17,0,0)
w(11,1,17,1,1)
w(492,2,17,2,2)
w(802,4,17,3,3)
w(653,1,17,4,4)
w(98,3,17,5,5)
w(753,1,17,6,6)
w(783,2,17,7,7)
w(764,3,17,8,8)
r(924,0,17,9,9)
w(775,2,17,10,10)
w(644,3,17,11,11)
w(858,4,17,12,12)
w(681,1,17,13,13)
w(383,2,17,14,14)
w(466,4,17,15,15)
w(291,1,17,16,16)
w(716,1,17,17,17)
w(928,1,17,18,18)
r(421,1,17,19,19)
w(319,1,17,20,20)
r(232,2,17,21,21)
w(793,3,17,22,22)
w(315,2,17,23,23)
w(288,1,17,24,24)
r(420,1,17,25,25)
w(903,2,17,26,26)
w(685,1,17,27,27)
w(257,2,17,28,28)
w(725,2,17,29,29)
r(619,3,17,30,30)
w(838,3,17,31,31)
w(798,4,17,32,32)
w(333,3,17,33,33)
w(640,2,17,34,34)
w(162,2,17,35,35)
w(202,3,17,36,36)
w(12,2,17,37,37)
w(244,2,17,38,38)
w(656,1,17,39,39)
w(688,3,17,40,40)
w(133,1,17,41,41)
w(951,4,17,42,42)
w(225,5,17,43,43)
w(536,5,17,44,44)
w(380,2,17,45,45)
w(682,2,17,46,46)
w(275,2,17,47,47)
w(382,1,17,48,48)
w(71,2,17,49,49)
r(828,1,17,50,50)
w(560,3,17,51,51)
w(185,1,17,52,52)
w(309,1,17,53,53)
w(420,2,17,54,54)
w(926,1,17,55,55)
w(905,2,17,56,56)
r(722,2,17,57,57)
w(716,2,17,58,58)
w(733,2,17,59,59)
w(333,4,17,60,60)
w(555,1,17,61,61)
w(673,3,17,62,62)
w(530,2,17,63,63)
w(802,5,17,64,64)
w(77,1,17,65,65)
r(908,2,17,66,66)
r(296,2,17,67,67)
w(966,1,17,68,68)
w(521,5,17,69,69)
w(603,1,17,70,70)
w(871,3,17,71,71)
w(744,3,17,72,72)
w(412,4,17,73,73)
w(658,4,17,74,74)
w(695,2,17,75,75)
r(175,0,17,76,76)
w(676,1,17,77,77)
r(860,2,17,78,78)
w(394,3,17,79,79)
r(592,1,17,80,80)
w(156,1,17,81,81)
r(574,1,17,82,82)
w(3,3,17,83,83)
r(760,1,17,84,84)
w(693,6,17,85,85)
w(248,5,17,86,86)
w(458,2,17,87,87)
w(896,2,17,88,88)
w(125,2,17,89,89)
w(986,1,17,90,90)
w(729,3,17,91,91)
w(284,3,17,92,92)
w(532,3,17,93,93)
r(75,2,17,94,94)
w(290,3,17,95,95)
w(118,2,17,96,96)
w(838,4,17,97,97)
r(131,0,17,98,98)
w(202,4,17,99,99)
r(799,1,18,0,0)
w(613,2,18,1,1)
w(668,2,18,2,2)
w(787,4,18,3,3)
w(276,2,18,4,4)
w(879,3,18,5,5)
w(89,5,18,6,6)
w(562,2,18,7,7)
r(517,3,18,8,8)
w(38,3,18,9,9)
w(505,2,18,10,10)
r(300,0,18,11,11)
w(206,3,18,12,12)
w(184,2,18,13,13)
w(412,5,18,14,14)
w(512,5,18,15,15)
w(721,3,18,16,16)
w(145,5,18,17,17)
w(826,3,18,18,18)
w(89,6,18,19,19)
w(254,1,18,20,20)
w(357,1,18,21,21)
w(332,1,18,22,22)
w(730,1,18,23,23)
w(468,4,18,24,24)
w(961,2,18,25,25)
w(189,3,18,26,26)
w(752,2,18,27,27)
w(389,2,18,28,28)
w(193,2,18,29,29)
w(898,4,18,30,30)
w(953,1,18,31,31)
w(833,3,18,32,32)
w(117,4,18,33,33)
w(499,2,18,34,34)
w(965,1,18,35,35)
r(589,1,18,36,36)
r(755,0,18,37,37)
r(931,1,18,38,38)
w(401,2,18,39,39)
w(535,2,18,40,40)
w(411,3,18,41,41)
w(361,3,18,42,42)
r(626,1,18,43,43)
w(856,2,18,44,44)
w(527,2,18,45,45)
w(895,4,18,46,46)
w(159,4,18,47,47)
w(32,3,18,48,48)
w(830,2,18,49,49)
w(306,1,18,50,50)
w(430,4,18,51,51)
w(395,2,18,52,52)
w(111,6,18,53,53)
r(468,4,18,54,54)
w(296,3,18,55,55)
w(496,2,18,56,56)
w(180,3,18,57,57)
w(203,2,18,58,58)
r(838,4,18,59,59)
w(433,4,18,60,60)
w(887,4,18,61,61)
w(230,3,18,62,62)
w(267,4,18,63,63)
w(502,1,18,64,64)
w(130,2,18,65,65)
w(507,1,18,66,66)
w(479,3,18,67,67)
w(396,3,18,68,68)
w(354,1,18,69,69)
w(831,4,18,70,70)
w(110,1,18,71,71)
w(158,3,18,72,72)
w(951,5,18,73,73)
w(180,4,18,74,74)
w(546,4,18,75,75)
w(967,1,18,76,76)
w(556,2,18,77,77)
w(782,3,18,78,78)
r(71,2,18,79,79)
w(522,4,18,80,80)
w(462,2,18,81,81)
w(829,2,18,82,82)
w(330,1,18,83,83)
w(607,1,18,84,84)
w(783,3,18,85,85)
w(818,3,18,86,86)
w(823,3,18,87,87)
w(190,2,18,88,88)
w(775,3,18,89,89)
w(930,3,18,90,90)
w(254,2,18,91,91)
w(448,4,18,92,92)
w(205,3,18,93,93)
w(698,5,18,94,94)
r(39,1,18,95,95)
w(88,1,18,96,96)
w(572,2,18,97,97)
w(468,5,18,98,98)
w(288,2,18,99,99)
w(822,2,19,0,0)
w(461,2,19,1,1)
w(475,4,19,2,2)
w(908,3,19,3,3)
w(545,5,19,4,4)
w(928,2,19,5,5)
w(388,1,19,6,6)
w(446,3,19,7,7)
w(730,2,19,8,8)
w(507,2,19,9,9)
w(264,2,19,10,10)
w(991,2,19,11,11)
w(849,4,19,12,12)
w(980,3,19,13,13)
w(170,2,19,14,14)
w(569,2,19,15,15)
w(309,2,19,16,16)
w(737,2,19,17,17)
w(616,3,19,18,18)
w(719,2,19,19,19)
w(846,4,19,20,20)
r(828,1,19,21,21)
w(735,5,19,22,22)
w(58,1,19,23,23)
w(133,2,19,24,24)
w(35,1,19,25,25)
w(515,2,19,26,26)
w(670,1,19,27,27)
w(119,3,19,28,28)
r(540,0,19,29,29)
w(911,4,19,30,30)
w(361,4,19,31,31)
w(101,2,19,32,32)
w(614,2,19,33,33)
w(743,3,19,34,34)
w(607,2,19,35,35)
w(669,1,19,36,36)
w(246,1,19,37,37)
w(634,1,19,38,38)
w(144,1,19,39,39)
w(251,4,19,40,40)
w(220,2,19,41,41)
w(536,6,19,42,42)
r(740,1,19,43,43)
w(983,3,19,44,44)
w(966,2,19,45,45)
r(724,0,19,46,46)
w(884,2,19,47,47)
w(244,3,19,48,48)
w(409,1,19,49,49)
w(226,1,19,50,50)
w(661,2,19,51,51)
w(663,3,19,52,52)
w(165,3,19,53,53)
w(952,2,19,54,54)
r(132,1,19,55,55)
w(678,1,19,56,56)
w(857,3,19,57,57)
r(392,1,19,58,58)
w(1,1,19,59,59)
w(779,4,19,60,60)
w(437,2,19,61,61)
w(76,2,19,62,62)
w(900,4,19,63,63)
w(23,4,19,64,64)
w(769,2,19,65,65)
r(16,1,19,66,66)
w(228,1,19,67,67)
w(546,5,19,68,68)
w(25,1,19,69,69)
r(286,3,19,70,70)
w(789,3,19,71,71)
w(443,2,19,72,72)
w(817,3,19,73,73)
w(465,2,19,74,74)
w(28,2,19,75,75)
w(50,2,19,76,76)
w(132,2,19,77,77)
w(32,4,19,78,78)
w(539,3,19,79,79)
w(315,3,19,80,80)
w(191,2,19,81,81)
w(793,4,19,82,82)
w(870,6,19,83,83)
w(761,1,19,84,84)
w(33,4,19,85,85)
w(217,2,19,86,86)
w(166,4,19,87,87)
w(875,2,19,88,88)
w(322,3,19,89,89)
w(615,1,19,90,90)
w(691,2,19,91,91)
w(634,2,19,92,92)
w(492,3,19,93,93)
w(212,1,19,94,94)
w(34,3,19,95,95)
w(286,4,19,96,96)
w(903,3,19,97,97)
r(494,3,19,98,98)
w(872,4,19,99,99)
w(830,3,20,0,0)
w(810,1,20,1,1)
w(58,2,20,2,2)
w(917,1,20,3,3)
w(794,3,20,4,4)
w(107,4,20,5,5)
r(193,2,20,6,6)
w(828,2,20,7,7)
w(917,2,20,8,8)
w(831,5,20,9,9)
w(64,1,20,10,10)
w(580,1,20,11,11)
w(33,5,20,12,12)
w(806,6,20,13,13)
w(574,2,20,14,14)
r(251,4,20,15,15)
w(540,1,20,16,16)
w(654,2,20,17,17)
w(939,3,20,18,18)
w(369,2,20,19,19)
w(85,4,20,20,20)
w(324,3,20,21,21)
w(43,1,20,22,22)
w(705,2,20,23,23)
w(263,1,20,24,24)
w(803,3,20,25,25)
w(450,1,20,26,26)
w(268,1,20,27,27)
w(443,3,20,28,28)
r(187,1,20,29,29)
w(268,2,20,30,30)
w(514,3,20,31,31)
w(247,3,20,32,32)
w(327,2,20,33,33)
w(876,3,20,34,34)
w(425,2,20,35,35)
r(320,0,20,36,36)
w(237,4,20,37,37)
w(822,3,20,38,38)
w(735,6,20,39,39)
w(724,1,20,40,40)
w(975,2,20,41,41)
w(200,2,20,42,42)
r(678,1,20,43,43)
w(567,2,20,44,44)
w(332,2,20,45,45)
w(336,2,20,46,46)
w(611,2,20,47,47)
w(178,4,20,48,48)
w(739,4,20,49,49)
w(729,4,20,50,50)
w(910,3,20,51,51)
w(214,2,20,52,52)
r(146,0,20,53,53)
w(545,6,20,54,54)
w(671,5,20,55,55)
w(688,4,20,56,56)
w(984,1,20,57,57)
w(317,3,20,58,58)
w(772,1,20,59,59)
w(889,2,20,60,60)
w(929,2,20,61,61)
w(966,3,20,62,62)
w(924,1,20,63,63)
r(349,2,20,64,64)
w(802,6,20,65,65)
w(502,2,20,66,66)
w(303,3,20,67,67)
w(124,2,20,68,68)
w(777,2,20,69,69)
w(702,5,20,70,70)
w(848,2,20,71,71)
w(72,1,20,72,72)
r(678,1,20,73,73)
w(539,4,20,74,74)
w(720,3,20,75,75)
w(160,2,20,76,76)
w(957,2,20,77,77)
w(586,2,20,78,78)
w(221,3,20,79,79)
w(242,3,20,80,80)
w(785,1,20,81,81)
w(867,3,20,82,82)
w(741,2,20,83,83)
w(60,1,20,84,84)
w(714,5,20,85,85)
r(538,2,20,86,86)
w(774,1,20,87,87)
w(999,2,20,88,88)
w(872,5,20,89,89)
r(2,1,20,90,90)
w(958,2,20,91,91)
w(230,4,20,92,92)
w(66,4,20,93,93)
w(435,3,20,94,94)
w(424,2,20,95,95)
w(298,3,20,96,96)
w(398,4,20,97,97)
w(687,2,20,98,98)
w(548,3,20,99,99)
w(985,2,21,0,0)
w(911,5,21,1,1)
w(989,2,21,2,2)
w(639,1,21,3,3)
w(530,3,21,4,4)
w(823,4,21,5,5)
w(707,4,21,6,6)
w(664,2,21,7,7)
w(678,2,21,8,8)
w(215,1,21,9,9)
w(754,2,21,10,10)
w(715,4,21,11,11)
w(898,5,21,12,12)
w(468,6,21,13,13)
w(311,5,21,14,14)
w(135,1,21,15,15)
r(218,2,21,16,16)
w(647,4,21,17,17)
w(207,2,21,18,18)
w(177,1,21,19,19)
w(370,5,21,20,20)
w(397,3,21,21,21)
w(528,1,21,22,22)
w(777,3,21,23,23)
w(84,4,21,24,24)
r(313,0,21,25,25)
w(96,4,21,26,26)
w(110,2,21,27,27)
w(595,3,21,28,28)
w(530,4,21,29,29)
r(598,0,21,30,30)
w(759,2,21,31,31)
w(556,3,21,32,32)
w(147,1,21,33,33)
w(907,2,21,34,34)
w(670,2,21,35,35)
w(895,5,21,36,36)
w(299,3,21,37,37)
w(491,2,21,38,38)
w(422,2,21,39,39)
w(680,3,21,40,40)
w(180,5,21,41,41)
r(612,0,21,42,42)
w(205,4,21,43,43)
w(39,2,21,44,44)
w(605,3,21,45,45)
w(371,1,21,46,46)
w(294,2,21,47,47)
w(274,2,21,48,48)
w(160,3,21,49,49)
w(89,7,21,50,50)
w(927,2,21,51,51)
w(686,3,21,52,52)
w(352,3,21,53,53)
r(738,0,21,54,54)
w(834,2,21,55,55)
w(602,1,21,56,56)
w(773,5,21,57,57)
w(879,4,21,58,58)
w(337,2,21,59,59)
w(60,2,21,60,60)
w(755,1,21,61,61)
w(286,5,21,62,62)
w(388,2,21,63,63)
r(490,0,21,64,64)
w(272,3,21,65,65)
w(280,4,21,66,66)
w(24,1,21,67,67)
w(299,4,21,68,68)
w(985,3,21,69,69)
w(744,4,21,70,70)
w(310,1,21,71,71)
r(191,2,21,72,72)
w(142,4,21,73,73)
w(948,5,21,74,74)
w(367,3,21,75,75)
w(226,2,21,76,76)
w(828,3,21,77,77)
w(413,2,21,78,78)
w(49,4,21,79,79)
w(672,1,21,80,80)
w(187,2,21,81,81)
w(202,5,21,82,82)
w(499,3,21,83,83)
w(820,3,21,84,84)
w(655,3,21,85,85)
w(339,1,21,86,86)
r(442,2,21,87,87)
w(444,3,21,88,88)
w(859,1,21,89,89)
w(715,5,21,90,90)
w(30,2,21,91,91)
w(716,3,21,92,92)
w(559,4,21,93,93)
w(665,4,21,94,94)
w(991,3,21,95,95)
w(709,4,21,96,96)
w(935,3,21,97,97)
w(179,3,21,98,98)
w(787,5,21,99,99)
w(978,1,22,0,0)
w(674,2,22,1,1)
r(552,2,22,2,2)
w(589,2,22,3,3)
w(272,4,22,4,4)
w(533,4,22,5,5)
w(977,6,22,6,6)
w(618,4,22,7,7)
w(446,4,22,8,8)
w(784,3,22,9,9)
w(686,4,22,10,10)
w(87,4,22,11,11)
w(777,4,22,12,12)
w(494,4,22,13,13)
w(798,5,22,14,14)
w(447,4,22,15,15)
w(905,3,22,16,16)
r(587,3,22,17,17)
w(19,3,22,18,18)
w(960,1,22,19,19)
w(235,3,22,20,20)
w(818,4,22,21,21)
w(177,2,22,22,22)
w(900,5,22,23,23)
w(301,2,22,24,24)
w(941,1,22,25,25)
w(931,2,22,26,26)
w(433,5,22,27,27)
w(78,2,22,28,28)
w(670,3,22,29,29)
w(142,5,22,30,30)
w(514,4,22,31,31)
w(669,2,22,32,32)
w(8,3,22,33,33)
w(935,4,22,34,34)
w(307,3,22,35,35)
w(533,5,22,36,36)
w(795,4,22,37,37)
w(526,3,22,38,38)
w(128,5,22,39,39)
w(53,1,22,40,40)
w(961,3,22,41,41)
w(801,2,22,42,42)
w(182,2,22,43,43)
w(978,2,22,44,44)
w(954,2,22,45,45)
w(836,3,22,46,46)
w(365,2,22,47,47)
w(459,1,22,48,48)
w(178,5,22,49,49)
w(750,3,22,50,50)
w(682,3,22,51,51)
r(236,4,22,52,52)
r(621,1,22,53,53)
w(288,3,22,54,54)
w(622,3,22,55,55)
w(376,2,22,56,56)
w(652,2,22,57,57)
w(81,1,22,58,58)
r(544,0,22,59,59)
w(84,5,22,60,60)
w(50,3,22,61,61)
w(735,7,22,62,62)
w(667,3,22,63,63)
w(654,3,22,64,64)
w(55,2,22,65,65)
w(282,3,22,66,66)
w(725,3,22,67,67)
w(924,2,22,68,68)
w(825,4,22,69,69)
w(54,3,22,70,70)
w(236,5,22,71,71)
w(391,3,22,72,72)
w(219,3,22,73,73)
w(539,5,22,74,74)
w(422,3,22,75,75)
w(765,1,22,76,76)
w(318,4,22,77,77)
w(323,3,22,78,78)
w(68,3,22,79,79)
w(231,4,22,80,80)
w(724,2,22,81,81)
w(363,2,22,82,82)
w(833,4,22,83,83)
w(17,1,22,84,84)
w(852,3,22,85,85)
w(918,2,22,86,86)
w(404,1,22,87,87)
w(488,2,22,88,88)
w(35,2,22,89,89)
w(176,1,22,90,90)
w(481,1,22,91,91)
w(748,5,22,92,92)
w(361,5,22,93,93)
w(17,2,22,94,94)
r(102,5,22,95,95)
w(152,1,22,96,96)
w(442,3,22,97,97)
w(301,3,22,98,98)
w(953,2,22,99,99)
w(462,3,23,0,0)
w(276,3,23,1,1)
r(742,0,23,2,2)
w(3,4,23,3,3)
w(73,2,23,4,4)
w(807,3,23,5,5)
w(199,3,23,6,6)
w(699,4,23,7,7)
w(838,5,23,8,8)
w(599,1,23,9,9)
w(493,4,23,10,10)
w(69,3,23,11,11)
w(517,4,23,12,12)
w(595,4,23,13,13)
w(132,3,23,14,14)
w(383,3,23,15,15)
w(813,4,23,16,16)
w(913,2,23,17,17)
w(324,4,23,18,18)
w(31,1,23,19,19)
w(17,3,23,20,20)
w(455,3,23,21,21)
w(780,3,23,22,22)
w(460,4,23,23,23)
w(104,4,23,24,24)
w(539,6,23,25,25)
w(460,5,23,26,26)
w(905,4,23,27,27)
w(234,2,23,28,28)
w(401,3,23,29,29)
w(227,1,23,30,30)
w(543,1,23,31,31)
r(381,2,23,32,32)
w(274,3,23,33,33)
w(788,4,23,34,34)
w(783,4,23,35,35)
w(613,3,23,36,36)
w(816,2,23,37,37)
w(249,1,23,38,38)
w(24,2,23,39,39)
w(631,5,23,40,40)
w(655,4,23,41,41)
w(682,4,23,42,42)
w(248,6,23,43,43)
w(760,2,23,44,44)
w(472,4,23,45,45)
w(908,4,23,46,46)
w(411,4,23,47,47)
w(960,2,23,48,48)
w(227,2,23,49,49)
r(635,3,23,50,50)
r(880,0,23,51,51)
w(100,3,23,52,52)
w(21,6,23,53,53)
w(404,2,23,54,54)
w(613,4,23,55,55)
w(952,3,23,56,56)
w(554,1,23,57,57)
w(596,2,23,58,58)
w(118,3,23,59,59)
w(157,5,23,60,60)
w(963,3,23,61,61)
w(493,5,23,62,62)
w(451,3,23,63,63)
w(552,3,23,64,64)
w(498,4,23,65,65)
w(927,3,23,66,66)
w(964,2,23,67,67)
r(538,2,23,68,68)
w(582,3,23,69,69)
w(862,4,23,70,70)
w(128,6,23,71,71)
r(892,1,23,72,72)
w(211,1,23,73,73)
w(133,3,23,74,74)
w(791,3,23,75,75)
w(218,3,23,76,76)
w(201,1,23,77,77)
w(616,4,23,78,78)
w(48,3,23,79,79)
w(626,2,23,80,80)
w(21,7,23,81,81)
w(282,4,23,82,82)
w(735,8,23,83,83)
w(531,3,23,84,84)
r(805,2,23,85,85)
w(127,3,23,86,86)
w(882,3,23,87,87)
w(760,3,23,88,88)
r(879,4,23,89,89)
w(460,6,23,90,90)
r(493,5,23,91,91)
w(926,2,23,92,92)
w(608,4,23,93,93)
w(263,2,23,94,94)
w(304,2,23,95,95)
w(870,7,23,96,96)
w(332,3,23,97,97)
w(425,3,23,98,98)
w(514,5,23,99,99)
w(504,3,24,0,0)
r(767,3,24,1,1)
w(924,3,24,2,2)
w(953,3,24,3,3)
w(286,6,24,4,4)
w(111,7,24,5,5)
w(217,3,24,6,6)
w(233,2,24,7,7)
w(50,4,24,8,8)
w(484,2,24,9,9)
w(116,3,24,10,10)
w(441,4,24,11,11)
w(229,2,24,12,12)
w(21,8,24,13,13)
w(423,3,24,14,14)
w(963,4,24,15,15)
w(821,2,24,16,16)
r(167,2,24,17,17)
w(583,2,24,18,18)
w(402,1,24,19,19)
w(918,3,24,20,20)
r(256,2,24,21,21)
w(865,1,24,22,22)
w(694,3,24,23,23)
w(757,4,24,24,24)
w(499,4,24,25,25)
r(859,1,24,26,26)
w(355,2,24,27,27)
w(818,5,24,28,28)
w(26,5,24,29,29)
w(328,2,24,30,30)
w(852,4,24,31,31)
w(181,3,24,32,32)
w(328,3,24,33,33)
w(232,3,24,34,34)
w(460,7,24,35,35)
r(20,2,24,36,36)
w(482,2,24,37,37)
w(399,2,24,38,38)
r(523,1,24,39,39)
r(690,1,24,40,40)
w(561,4,24,41,41)
w(202,6,24,42,42)
w(346,5,24,43,43)
r(12,2,24,44,44)
w(40,2,24,45,45)
w(544,1,24,46,46)
w(946,1,24,47,47)
w(35,3,24,48,48)
w(143,4,24,49,49)
w(773,6,24,50,50)
w(859,2,24,51,51)
w(854,1,24,52,52)
w(36,3,24,53,53)
r(374,1,24,54,54)
w(537,2,24,55,55)
w(126,1,24,56,56)
w(863,2,24,57,57)
w(185,2,24,58,58)
w(955,2,24,59,59)
w(66,5,24,60,60)
r(303,3,24,61,61)
w(558,2,24,62,62)
w(790,2,24,63,63)
w(752,3,24,64,64)
w(407,1,24,65,65)
w(797,3,24,66,66)
w(177,3,24,67,67)
w(614,3,24,68,68)
w(593,2,24,69,69)
w(365,3,24,70,70)
w(894,3,24,71,71)
w(651,3,24,72,72)
w(475,5,24,73,73)
w(77,2,24,74,74)
r(630,1,24,75,75)
w(29,3,24,76,76)
w(774,2,24,77,77)
w(508,6,24,78,78)
w(200,3,24,79,79)
w(880,1,24,80,80)
w(254,3,24,81,81)
w(466,5,24,82,82)
w(732,1,24,83,83)
w(972,3,24,84,84)
w(970,2,24,85,85)
w(411,5,24,86,86)
w(893,2,24,87,87)
r(833,4,24,88,88)
w(684,2,24,89,89)
w(73,3,24,90,90)
w(418,3,24,91,91)
w(56,2,24,92,92)
r(114,3,24,93,93)
w(957,3,24,94,94)
r(746,1,24,95,95)
w(985,4,24,96,96)
r(754,2,24,97,97)
w(971,2,24,98,98)
r(562,2,24,99,99)
r(663,3,25,0,0)
w(350,1,25,1,1)
r(652,2,25,2,2)
w(514,6,25,3,3)
w(701,5,25,4,4)
w(322,4,25,5,5)
w(727,4,25,6,6)
w(895,6,25,7,7)
w(42,4,25,8,8)
w(332,4,25,9,9)
r(479,3,25,10,10)
w(777,5,25,11,11)
w(194,2,25,12,12)
r(888,1,25,13,13)
w(536,7,25,14,14)
w(820,4,25,15,15)
w(197,1,25,16,16)
w(592,2,25,17,17)
r(941,1,25,18,18)
w(794,4,25,19,19)
r(7,1,25,20,20)
w(551,6,25,21,21)
w(961,4,25,22,22)
w(290,4,25,23,23)
w(54,4,25,24,24)
w(683,3,25,25,25)
w(879,5,25,26,26)
r(907,2,25,27,27)
w(394,4,25,28,28)
w(837,3,25,29,29)
r(139,3,25,30,30)
r(778,1,25,31,31)
w(93,4,25,32,32)
w(592,3,25,33,33)
w(982,2,25,34,34)
w(68,4,25,35,35)
w(602,2,25,36,36)
w(776,3,25,37,37)
w(982,3,25,38,38)
w(353,2,25,39,39)
w(758,3,25,40,40)
w(250,4,25,41,41)
w(413,3,25,42,42)
w(260,2,25,43,43)
w(472,5,25,44,44)
w(610,3,25,45,45)
w(531,4,25,46,46)
w(689,3,25,47,47)
w(371,2,25,48,48)
r(817,3,25,49,49)
w(932,3,25,50,50)
w(489,1,25,51,51)
w(546,6,25,52,52)
w(126,2,25,53,53)
w(266,3,25,54,54)
r(583,2,25,55,55)
w(696,4,25,56,56)
w(317,4,25,57,57)
w(460,8,25,58,58)
w(255,1,25,59,59)
w(584,4,25,60,60)
r(55,2,25,61,61)
w(859,3,25,62,62)
w(332,5,25,63,63)
w(975,3,25,64,64)
w(804,3,25,65,65)
w(748,6,25,66,66)
w(330,2,25,67,67)
w(156,2,25,68,68)
w(537,3,25,69,69)
w(656,2,25,70,70)
w(467,2,25,71,71)
w(645,3,25,72,72)
w(515,3,25,73,73)
w(577,3,25,74,74)
w(424,3,25,75,75)
w(941,2,25,76,76)
w(915,1,25,77,77)
w(616,5,25,78,78)
w(651,4,25,79,79)
w(896,3,25,80,80)
w(874,3,25,81,81)
w(782,4,25,82,82)
w(820,5,25,83,83)
w(449,2,25,84,84)
w(257,3,25,85,85)
w(15,3,25,86,86)
w(240,1,25,87,87)
w(135,2,25,88,88)
w(413,4,25,89,89)
w(265,2,25,90,90)
w(131,1,25,91,91)
w(85,5,25,92,92)
w(1,2,25,93,93)
w(489,2,25,94,94)
w(251,5,25,95,95)
w(222,2,25,96,96)
w(348,6,25,97,97)
r(755,1,25,98,98)
w(675,3,25,99,99)
w(589,3,26,0,0)
w(303,4,26,1,1)
w(284,4,26,2,2)
w(704,3,26,3,3)
w(794,5,26,4,4)
w(761,2,26,5,5)
r(449,2,26,6,6)
w(51,1,26,7,7)
w(402,2,26,8,8)
w(513,1,26,9,9)
r(716,3,26,10,10)
w(495,3,26,11,11)
w(66,6,26,12,12)
w(564,3,26,13,13)
w(609,2,26,14,14)
w(856,3,26,15,15)
w(342,2,26,16,16)
w(234,3,26,17,17)
w(789,4,26,18,18)
w(293,1,26,19,19)
w(232,4,26,20,20)
w(525,2,26,21,21)
w(912,3,26,22,22)
w(454,5,26,23,23)
w(613,5,26,24,24)
w(24,3,26,25,25)
w(910,4,26,26,26)
w(487,5,26,27,27)
w(711,4,26,28,28)
w(8,4,26,29,29)
w(709,5,26,30,30)
w(733,3,26,31,31)
w(249,2,26,32,32)
w(319,2,26,33,33)
w(249,3,26,34,34)
w(985,5,26,35,35)
w(786,1,26,36,36)
w(931,3,26,37,37)
w(252,3,26,38,38)
w(554,2,26,39,39)
w(531,5,26,40,40)
w(430,5,26,41,41)
w(972,4,26,42,42)
w(135,3,26,43,43)
r(491,2,26,44,44)
w(1,3,26,45,45)
w(775,4,26,46,46)
w(659,7,26,47,47)
w(743,4,26,48,48)
w(558,3,26,49,49)
w(0,1,26,50,50)
w(26,6,26,51,51)
w(735,9,26,52,52)
w(314,1,26,53,53)
r(457,3,26,54,54)
w(609,3,26,55,55)
r(363,2,26,56,56)
w(976,1,26,57,57)
w(246,2,26,58,58)
w(188,4,26,59,59)
w(905,5,26,60,60)
w(629,4,26,61,61)
w(709,6,26,62,62)
w(911,6,26,63,63)
w(858,5,26,64,64)
w(730,3,26,65,65)
w(119,4,26,66,66)
w(490,1,26,67,67)
w(736,3,26,68,68)
w(750,4,26,69,69)
w(990,2,26,70,70)
w(325,3,26,71,71)
w(729,5,26,72,72)
w(731,1,26,73,73)
w(358,3,26,74,74)
w(711,5,26,75,75)
w(956,2,26,76,76)
w(965,2,26,77,77)
w(54,5,26,78,78)
w(332,6,26,79,79)
w(770,2,26,80,80)
w(829,3,26,81,81)
w(246,3,26,82,82)
w(627,2,26,83,83)
w(131,2,26,84,84)
w(495,4,26,85,85)
r(367,3,26,86,86)
w(425,4,26,87,87)
w(3,5,26,88,88)
w(886,1,26,89,89)
w(461,3,26,90,90)
w(402,3,26,91,91)
w(497,4,26,92,92)
w(247,4,26,93,93)
w(209,3,26,94,94)
w(903,4,26,95,95)
w(283,2,26,96,96)
w(502,3,26,97,97)
r(661,2,26,98,98)
w(971,3,26,99,99)
w(488,3,27,0,0)
r(474,2,27,1,1)
w(264,3,27,2,2)
w(846,5,27,3,3)
w(929,3,27,4,4)
w(504,4,27,5,5)
w(146,1,27,6,6)
w(286,7,27,7,7)
w(273,2,27,8,8)
w(45,2,27,9,9)
w(445,2,27,10,10)
w(262,2,27,11,11)
r(453,3,27,12,12)
w(605,4,27,13,13)
w(485,2,27,14,14)
w(710,1,27,15,15)
w(154,2,27,16,16)
w(272,5,27,17,17)
w(221,4,27,18,18)
w(513,2,27,19,19)
w(583,3,27,20,20)
w(380,3,27,21,21)
w(515,4,27,22,22)
w(257,4,27,23,23)
w(310,2,27,24,24)
w(84,6,27,25,25)
w(643,1,27,26,26)
w(925,3,27,27,27)
w(81,2,27,28,28)
w(109,3,27,29,29)
w(310,3,27,30,30)
w(124,3,27,31,31)
r(874,3,27,32,32)
w(929,4,27,33,33)
w(21,9,27,34,34)
w(833,5,27,35,35)
w(574,3,27,36,36)
w(914,1,27,37,37)
r(218,3,27,38,38)
w(237,5,27,39,39)
w(861,2,27,40,40)
w(186,3,27,41,41)
w(853,3,27,42,42)
w(330,3,27,43,43)
r(852,4,27,44,44)
w(330,4,27,45,45)
r(118,3,27,46,46)
w(412,6,27,47,47)
w(607,3,27,48,48)
w(21,10,27,49,49)
w(781,1,27,50,50)
w(363,3,27,51,51)
w(841,4,27,52,52)
w(555,2,27,53,53)
w(89,8,27,54,54)
w(2,2,27,55,55)
w(610,4,27,56,56)
w(124,4,27,57,57)
w(446,5,27,58,58)
w(786,2,27,59,59)
w(569,3,27,60,60)
w(708,1,27,61,61)
w(454,6,27,62,62)
r(149,0,27,63,63)
r(653,1,27,64,64)
w(575,2,27,65,65)
w(144,2,27,66,66)
r(642,1,27,67,67)
w(769,3,27,68,68)
w(9,1,27,69,69)
w(661,3,27,70,70)
w(564,4,27,71,71)
w(804,4,27,72,72)
w(851,2,27,73,73)
w(618,5,27,74,74)
w(85,6,27,75,75)
w(482,3,27,76,76)
w(848,3,27,77,77)
w(522,5,27,78,78)
w(86,2,27,79,79)
w(893,3,27,80,80)
w(29,4,27,81,81)
w(679,3,27,82,82)
w(108,2,27,83,83)
w(823,5,27,84,84)
w(809,2,27,85,85)
w(269,4,27,86,86)
w(95,4,27,87,87)
w(935,5,27,88,88)
r(844,0,27,89,89)
w(803,4,27,90,90)
w(276,4,27,91,91)
w(17,4,27,92,92)
w(71,3,27,93,93)
w(507,3,27,94,94)
w(427,2,27,95,95)
w(374,2,27,96,96)
w(729,6,27,97,97)
w(175,1,27,98,98)
w(257,5,27,99,99)
w(883,5,28,0,0)
w(894,4,28,1,1)
w(460,9,28,2,2)
w(645,4,28,3,3)
w(827,3,28,4,4)
w(473,2,28,5,5)
w(449,3,28,6,6)
w(632,1,28,7,7)
w(441,5,28,8,8)
w(662,4,28,9,9)
w(343,3,28,10,10)
w(189,4,28,11,11)
w(315,4,28,12,12)
w(305,1,28,13,13)
w(932,4,28,14,14)
w(329,2,28,15,15)
w(352,4,28,16,16)
w(860,3,28,17,17)
w(169,2,28,18,18)
w(672,2,28,19,19)
r(336,2,28,20,20)
w(353,3,28,21,21)
w(806,7,28,22,22)
w(303,5,28,23,23)
r(416,2,28,24,24)
w(29,5,28,25,25)
w(966,4,28,26,26)
w(191,3,28,27,27)
r(435,3,28,28,28)
w(780,4,28,29,29)
w(887,5,28,30,30)
w(72,2,28,31,31)
r(763,0,28,32,32)
w(563,2,28,33,33)
w(981,1,28,34,34)
r(105,4,28,35,35)
w(385,3,28,36,36)
w(820,6,28,37,37)
w(331,4,28,38,38)
w(772,2,28,39,39)
w(732,2,28,40,40)
w(107,5,28,41,41)
w(314,2,28,42,42)
w(335,1,28,43,43)
w(243,1,28,44,44)
w(263,3,28,45,45)
w(881,1,28,46,46)
r(783,4,28,47,47)
w(690,2,28,48,48)
w(323,4,28,49,49)
w(757,5,28,50,50)
w(236,6,28,51,51)
w(124,5,28,52,52)
w(479,4,28,53,53)
w(859,4,28,54,54)
w(775,5,28,55,55)
r(808,3,28,56,56)
w(0,2,28,57,57)
w(110,3,28,58,58)
w(698,6,28,59,59)
r(734,1,28,60,60)
w(937,1,28,61,61)
w(394,5,28,62,62)
w(894,5,28,63,63)
w(836,4,28,64,64)
w(537,4,28,65,65)
w(301,4,28,66,66)
w(566,1,28,67,67)
r(848,3,28,68,68)
w(945,2,28,69,69)
w(581,3,28,70,70)
w(938,4,28,71,71)
w(844,1,28,72,72)
w(890,2,28,73,73)
w(717,2,28,74,74)
w(84,7,28,75,75)
w(779,5,28,76,76)
w(119,5,28,77,77)
w(356,5,28,78,78)
w(990,3,28,79,79)
w(15,4,28,80,80)
w(230,5,28,81,81)
w(380,4,28,82,82)
w(327,3,28,83,83)
w(990,4,28,84,84)
r(848,3,28,85,85)
w(988,1,28,86,86)
w(730,4,28,87,87)
r(834,2,28,88,88)
w(228,2,28,89,89)
w(240,2,28,90,90)
w(195,3,28,91,91)
w(325,4,28,92,92)
w(892,2,28,93,93)
w(628,3,28,94,94)
r(591,1,28,95,95)
w(341,5,28,96,96)
w(233,3,28,97,97)
w(419,1,28,98,98)
w(320,1,28,99,99)
w(75,3,29,0,0)
w(114,4,29,1,1)
w(842,2,29,2,2)
w(507,4,29,3,3)
r(587,3,29,4,4)
w(533,6,29,5,5)
w(618,6,29,6,6)
w(239,3,29,7,7)
w(652,3,29,8,8)
w(73,4,29,9,9)
w(480,4,29,10,10)
w(960,3,29,11,11)
w(708,2,29,12,12)
w(973,2,29,13,13)
w(89,9,29,14,14)
w(504,5,29,15,15)
w(724,3,29,16,16)
w(697,3,29,17,17)
w(947,3,29,18,18)
w(561,5,29,19,19)
w(752,4,29,20,20)
w(16,2,29,21,21)
w(426,4,29,22,22)
w(947,4,29,23,23)
w(182,3,29,24,24)
r(832,1,29,25,25)
w(514,7,29,26,26)
w(263,4,29,27,27)
w(33,6,29,28,28)
w(459,2,29,29,29)
w(728,1,29,30,30)
w(721,4,29,31,31)
w(853,4,29,32,32)
w(98,4,29,33,33)
w(323,5,29,34,34)
w(925,4,29,35,35)
w(776,4,29,36,36)
w(760,4,29,37,37)
w(877,4,29,38,38)
w(750,5,29,39,39)
w(515,5,29,40,40)
w(476,2,29,41,41)
w(394,6,29,42,42)
w(273,3,29,43,43)
w(804,5,29,44,44)
w(153,2,29,45,45)
w(838,6,29,46,46)
w(705,3,29,47,47)
w(314,3,29,48,48)
w(862,5,29,49,49)
r(975,3,29,50,50)
r(972,4,29,51,51)
w(839,2,29,52,52)
w(486,2,29,53,53)
w(645,5,29,54,54)
w(252,4,29,55,55)
w(914,2,29,56,56)
r(89,9,29,57,57)
r(71,3,29,58,58)
w(418,4,29,59,59)
w(835,4,29,60,60)
w(88,2,29,61,61)
w(382,2,29,62,62)
r(943,2,29,63,63)
w(866,2,29,64,64)
w(95,5,29,65,65)
w(263,5,29,66,66)
w(572,3,29,67,67)
w(23,5,29,68,68)
w(713,4,29,69,69)
w(865,2,29,70,70)
r(800,5,29,71,71)
w(31,2,29,72,72)
w(893,4,29,73,73)
w(100,4,29,74,74)
w(138,1,29,75,75)
w(592,4,29,76,76)
r(250,4,29,77,77)
w(461,4,29,78,78)
r(342,2,29,79,79)
w(999,3,29,80,80)
r(249,3,29,81,81)
w(915,2,29,82,82)
w(444,4,29,83,83)
w(925,5,29,84,84)
w(345,1,29,85,85)
w(467,3,29,86,86)
w(810,2,29,87,87)
w(846,6,29,88,88)
w(760,5,29,89,89)
w(648,3,29,90,90)
w(274,4,29,91,91)
w(483,4,29,92,92)
w(66,7,29,93,93)
w(157,6,29,94,94)
w(992,5,29,95,95)
w(7,2,29,96,96)
w(325,5,29,97,97)
w(1,4,29,98,98)
w(711,6,29,99,99)
