w(4,1,0,0,0)
r(9,0,0,1,1)
r(1,0,0,2,2)
w(8,1,0,3,3)
w(6,1,0,4,4)
r(37,0,0,5,5)
r(3,0,0,6,6)
r(6,1,0,7,7)
w(4,2,0,8,8)
w(0,1,0,9,9)
w(0,2,0,10,10)
r(59,0,0,11,11)
w(39,1,0,12,12)
r(4,2,0,13,13)
w(1,1,0,14,14)
r(74,0,0,15,15)
r(0,2,0,16,16)
r(1,1,0,17,17)
r(12,0,0,18,18)
r(1,1,0,19,19)
w(2,1,0,20,20)
r(68,0,0,21,21)
r(0,2,0,22,22)
r(10,0,0,23,23)
r(4,2,0,24,24)
r(0,2,0,25,25)
w(0,3,0,26,26)
r(28,0,0,27,27)
r(1,1,0,28,28)
w(0,4,0,29,29)
r(78,0,0,30,30)
r(3,0,0,31,31)
w(0,5,0,32,32)
w(0,6,0,33,33)
w(12,1,0,34,34)
r(1,1,0,35,35)
r(4,2,0,36,36)
r(6,1,0,37,37)
r(23,0,0,38,38)
r(3,0,0,39,39)
r(0,6,0,40,40)
r(4,2,0,41,41)
r(48,0,0,42,42)
r(7,0,0,43,43)
w(0,7,0,44,44)
w(31,1,0,45,45)
r(27,0,0,46,46)
r(69,0,0,47,47)
r(13,0,0,48,48)
w(0,8,0,49,49)
w(72,1,0,50,50)
r(1,1,0,51,51)
r(0,8,0,52,52)
w(36,1,0,53,53)
w(2,2,0,54,54)
r(7,0,0,55,55)
r(3,0,0,56,56)
w(6,2,0,57,57)
r(17,0,0,58,58)
w(0,9,0,59,59)
w(2,3,0,60,60)
r(7,0,0,61,61)
r(13,0,0,62,62)
w(69,1,0,63,63)
w(4,3,0,64,64)
w(1,2,0,65,65)
r(0,9,0,66,66)
w(0,10,0,67,67)
r(0,10,0,68,68)
w(0,11,0,69,69)
w(7,1,0,70,70)
w(1,3,0,71,71)
w(0,12,0,72,72)
r(5,0,0,73,73)
w(11,1,0,74,74)
r(8,1,0,75,75)
w(6,3,0,76,76)
w(1,4,0,77,77)
w(0,13,0,78,78)
w(0,14,0,79,79)
w(0,15,0,80,80)
r(0,15,0,81,81)
r(1,4,0,82,82)
r(3,0,0,83,83)
w(9,1,0,84,84)
w(1,5,0,85,85)
w(6,4,0,86,86)
r(3,0,0,87,87)
w(0,16,0,88,88)
w(0,17,0,89,89)
w(7,2,0,90,90)
w(1,6,0,91,91)
w(7,3,0,92,92)
r(5,0,0,93,93)
w(29,1,0,94,94)
r(0,17,0,95,95)
w(9,2,0,96,96)
r(28,0,0,97,97)
r(1,6,0,98,98)
r(0,17,0,99,99)
r(63,0,1,0,0)
w(0,18,1,1,1)
r(80,0,1,2,2)
w(15,1,1,3,3)
w(1,7,1,4,4)
w(3,1,1,5,5)
w(4,4,1,6,6)
w(96,1,1,7,7)
r(0,18,1,8,8)
r(15,1,1,9,9)
w(4,5,1,10,10)
w(16,1,1,11,11)
r(7,3,1,12,12)
r(0,18,1,13,13)
w(10,1,1,14,14)
w(68,1,1,15,15)
r(3,1,1,16,16)
w(2,4,1,17,17)
w(1,8,1,18,18)
w(4,6,1,19,19)
w(1,9,1,20,20)
w(7,4,1,21,21)
w(69,2,1,22,22)
w(36,2,1,23,23)
w(3,2,1,24,24)
w(4,7,1,25,25)
w(94,1,1,26,26)
r(82,0,1,27,27)
w(91,1,1,28,28)
r(40,0,1,29,29)
r(4,7,1,30,30)
r(61,0,1,31,31)
r(34,0,1,32,32)
w(12,2,1,33,33)
w(0,19,1,34,34)
r(20,0,1,35,35)
w(0,20,1,36,36)
r(0,20,1,37,37)
r(1,9,1,38,38)
r(1,9,1,39,39)
w(61,1,1,40,40)
w(11,2,1,41,41)
r(4,7,1,42,42)
r(58,0,1,43,43)
w(0,21,1,44,44)
w(0,22,1,45,45)
w(1,10,1,46,46)
w(0,23,1,47,47)
w(4,8,1,48,48)
r(1,10,1,49,49)
w(58,1,1,50,50)
r(0,23,1,51,51)
w(5,1,1,52,52)
r(37,0,1,53,53)
r(2,4,1,54,54)
w(0,24,1,55,55)
r(2,4,1,56,56)
w(14,1,1,57,57)
w(0,25,1,58,58)
w(33,1,1,59,59)
r(1,10,1,60,60)
r(0,25,1,61,61)
r(68,1,1,62,62)
r(8,1,1,63,63)
r(33,1,1,64,64)
w(1,11,1,65,65)
r(29,1,1,66,66)
r(51,0,1,67,67)
w(8,2,1,68,68)
r(24,0,1,69,69)
r(6,4,1,70,70)
w(0,26,1,71,71)
r(2,4,1,72,72)
r(6,4,1,73,73)
w(0,27,1,74,74)
r(45,0,1,75,75)
w(30,1,1,76,76)
w(18,1,1,77,77)
r(1,11,1,78,78)
w(83,1,1,79,79)
r(19,0,1,80,80)
r(0,27,1,81,81)
r(1,11,1,82,82)
w(9,3,1,83,83)
r(0,27,1,84,84)
w(4,9,1,85,85)
r(6,4,1,86,86)
w(83,2,1,87,87)
w(12,3,1,88,88)
r(2,4,1,89,89)
w(63,1,1,90,90)
r(6,4,1,91,91)
w(5,2,1,92,92)
w(2,5,1,93,93)
w(7,5,1,94,94)
r(42,0,1,95,95)
w(0,28,1,96,96)
r(5,2,1,97,97)
r(1,11,1,98,98)
w(36,3,1,99,99)
r(62,0,2,0,0)
r(0,28,2,1,1)
r(0,28,2,2,2)
r(9,3,2,3,3)
r(1,11,2,4,4)
r(87,0,2,5,5)
w(1,12,2,6,6)
w(32,1,2,7,7)
w(3,3,2,8,8)
w(82,1,2,9,9)
r(14,1,2,10,10)
w(0,29,2,11,11)
r(13,0,2,12,12)
r(0,29,2,13,13)
r(1,12,2,14,14)
r(61,1,2,15,15)
r(20,0,2,16,16)
r(42,0,2,17,17)
r(0,29,2,18,18)
r(0,29,2,19,19)
r(6,4,2,20,20)
r(0,29,2,21,21)
w(4,10,2,22,22)
w(0,30,2,23,23)
r(1,12,2,24,24)
w(19,1,2,25,25)
r(20,0,2,26,26)
r(2,5,2,27,27)
r(2,5,2,28,28)
r(30,1,2,29,29)
w(1,13,2,30,30)
w(59,1,2,31,31)
r(5,2,2,32,32)
r(16,1,2,33,33)
r(48,0,2,34,34)
w(0,31,2,35,35)
r(51,0,2,36,36)
w(7,6,2,37,37)
w(1,14,2,38,38)
r(9,3,2,39,39)
r(18,1,2,40,40)
r(1,14,2,41,41)
r(0,31,2,42,42)
r(2,5,2,43,43)
r(36,3,2,44,44)
r(38,0,2,45,45)
w(13,1,2,46,46)
r(9,3,2,47,47)
w(56,1,2,48,48)
w(1,15,2,49,49)
w(2,6,2,50,50)
r(1,15,2,51,51)
w(96,2,2,52,52)
r(0,31,2,53,53)
r(1,15,2,54,54)
w(31,2,2,55,55)
w(28,1,2,56,56)
r(41,0,2,57,57)
w(5,3,2,58,58)
r(0,31,2,59,59)
w(4,11,2,60,60)
r(2,6,2,61,61)
r(0,31,2,62,62)
w(12,4,2,63,63)
r(0,31,2,64,64)
r(3,3,2,65,65)
r(8,2,2,66,66)
r(48,0,2,67,67)
r(2,6,2,68,68)
w(1,16,2,69,69)
r(4,11,2,70,70)
r(0,31,2,71,71)
w(47,1,2,72,72)
r(58,1,2,73,73)
w(0,32,2,74,74)
w(4,12,2,75,75)
w(97,1,2,76,76)
r(0,32,2,77,77)
r(7,6,2,78,78)
w(49,1,2,79,79)
w(0,33,2,80,80)
w(30,2,2,81,81)
r(0,33,2,82,82)
r(40,0,2,83,83)
w(67,1,2,84,84)
w(71,1,2,85,85)
w(47,2,2,86,86)
r(8,2,2,87,87)
r(0,33,2,88,88)
r(69,2,2,89,89)
r(28,1,2,90,90)
r(13,1,2,91,91)
w(17,1,2,92,92)
w(29,2,2,93,93)
w(1,17,2,94,94)
w(13,2,2,95,95)
r(0,33,2,96,96)
w(0,34,2,97,97)
w(12,5,2,98,98)
r(0,34,2,99,99)
r(3,3,3,0,0)
w(0,35,3,1,1)
w(16,2,3,2,2)
r(34,0,3,3,3)
r(1,17,3,4,4)
w(0,36,3,5,5)
w(0,37,3,6,6)
w(1,18,3,7,7)
w(23,1,3,8,8)
w(0,38,3,9,9)
w(2,7,3,10,10)
r(8,2,3,11,11)
r(7,6,3,12,12)
w(69,3,3,13,13)
r(1,18,3,14,14)
r(1,18,3,15,15)
r(0,38,3,16,16)
r(2,7,3,17,17)
r(10,1,3,18,18)
w(40,1,3,19,19)
w(4,13,3,20,20)
w(0,39,3,21,21)
r(7,6,3,22,22)
w(8,3,3,23,23)
r(18,1,3,24,24)
r(10,1,3,25,25)
w(4,14,3,26,26)
r(69,3,3,27,27)
r(92,0,3,28,28)
r(57,0,3,29,29)
w(29,3,3,30,30)
w(15,2,3,31,31)
w(80,1,3,32,32)
w(0,40,3,33,33)
w(23,2,3,34,34)
w(56,2,3,35,35)
r(2,7,3,36,36)
r(0,40,3,37,37)
w(40,2,3,38,38)
r(2,7,3,39,39)
r(89,0,3,40,40)
r(11,2,3,41,41)
w(0,41,3,42,42)
w(0,42,3,43,43)
r(0,42,3,44,44)
w(97,2,3,45,45)
r(8,3,3,46,46)
r(3,3,3,47,47)
w(16,3,3,48,48)
r(0,42,3,49,49)
r(2,7,3,50,50)
w(2,8,3,51,51)
w(49,2,3,52,52)
r(91,1,3,53,53)
w(29,4,3,54,54)
w(0,43,3,55,55)
r(3,3,3,56,56)
r(0,43,3,57,57)
w(11,3,3,58,58)
r(88,0,3,59,59)
w(7,7,3,60,60)
w(5,4,3,61,61)
w(0,44,3,62,62)
r(0,44,3,63,63)
w(10,2,3,64,64)
w(8,4,3,65,65)
r(0,44,3,66,66)
r(3,3,3,67,67)
w(1,19,3,68,68)
w(10,3,3,69,69)
r(38,0,3,70,70)
r(26,0,3,71,71)
w(66,1,3,72,72)
w(7,8,3,73,73)
w(1,20,3,74,74)
w(73,1,3,75,75)
w(68,2,3,76,76)
w(12,6,3,77,77)
r(1,20,3,78,78)
w(0,45,3,79,79)
w(12,7,3,80,80)
w(12,8,3,81,81)
w(9,4,3,82,82)
r(0,45,3,83,83)
r(7,8,3,84,84)
r(85,0,3,85,85)
w(0,46,3,86,86)
w(78,1,3,87,87)
w(4,15,3,88,88)
w(0,47,3,89,89)
r(25,0,3,90,90)
w(1,21,3,91,91)
w(30,3,3,92,92)
w(35,1,3,93,93)
r(28,1,3,94,94)
r(3,3,3,95,95)
w(2,9,3,96,96)
w(10,4,3,97,97)
r(61,1,3,98,98)
w(63,2,3,99,99)
r(23,2,4,0,0)
w(0,48,4,1,1)
w(11,4,4,2,2)
w(64,1,4,3,3)
w(21,1,4,4,4)
w(0,49,4,5,5)
r(1,21,4,6,6)
w(57,1,4,7,7)
w(1,22,4,8,8)
r(13,2,4,9,9)
w(0,50,4,10,10)
r(81,0,4,11,11)
r(0,50,4,12,12)
r(7,8,4,13,13)
w(46,1,4,14,14)
r(16,3,4,15,15)
r(3,3,4,16,16)
r(1,22,4,17,17)
r(13,2,4,18,18)
w(12,9,4,19,19)
w(27,1,4,20,20)
w(18,2,4,21,21)
r(86,0,4,22,22)
r(4,15,4,23,23)
w(13,3,4,24,24)
r(91,1,4,25,25)
r(7,8,4,26,26)
w(6,5,4,27,27)
w(15,3,4,28,28)
r(4,15,4,29,29)
w(97,3,4,30,30)
w(86,1,4,31,31)
r(3,3,4,32,32)
w(0,51,4,33,33)
w(2,10,4,34,34)
r(4,15,4,35,35)
r(25,0,4,36,36)
w(7,9,4,37,37)
w(0,52,4,38,38)
w(3,4,4,39,39)
w(0,53,4,40,40)
w(1,23,4,41,41)
r(12,9,4,42,42)
w(1,24,4,43,43)
w(10,5,4,44,44)
w(15,4,4,45,45)
r(90,0,4,46,46)
w(9,5,4,47,47)
r(63,2,4,48,48)
r(7,9,4,49,49)
w(0,54,4,50,50)
r(1,24,4,51,51)
r(5,4,4,52,52)
w(2,11,4,53,53)
w(20,1,4,54,54)
w(26,1,4,55,55)
r(0,54,4,56,56)
w(22,1,4,57,57)
r(0,54,4,58,58)
w(52,1,4,59,59)
r(2,11,4,60,60)
w(1,25,4,61,61)
r(0,54,4,62,62)
r(1,25,4,63,63)
w(0,55,4,64,64)
r(3,4,4,65,65)
w(2,12,4,66,66)
r(8,4,4,67,67)
r(1,25,4,68,68)
r(22,1,4,69,69)
w(20,2,4,70,70)
r(7,9,4,71,71)
r(6,5,4,72,72)
w(15,5,4,73,73)
w(54,1,4,74,74)
w(30,4,4,75,75)
w(1,26,4,76,76)
w(0,56,4,77,77)
w(0,57,4,78,78)
r(41,0,4,79,79)
w(8,5,4,80,80)
w(27,2,4,81,81)
r(89,0,4,82,82)
w(1,27,4,83,83)
w(0,58,4,84,84)
w(3,5,4,85,85)
w(1,28,4,86,86)
w(16,4,4,87,87)
r(3,5,4,88,88)
r(1,28,4,89,89)
w(0,59,4,90,90)
w(62,1,4,91,91)
r(14,1,4,92,92)
w(0,60,4,93,93)
w(4,16,4,94,94)
r(82,1,4,95,95)
r(1,28,4,96,96)
r(4,16,4,97,97)
w(3,6,4,98,98)
r(91,1,4,99,99)
r(6,5,5,0,0)
r(2,12,5,1,1)
w(1,29,5,2,2)
r(73,1,5,3,3)
w(64,2,5,4,4)
r(15,5,5,5,5)
r(5,4,5,6,6)
w(76,1,5,7,7)
w(2,13,5,8,8)
w(49,3,5,9,9)
r(4,16,5,10,10)
w(0,61,5,11,11)
r(12,9,5,12,12)
w(1,30,5,13,13)
w(16,5,5,14,14)
r(70,0,5,15,15)
w(5,5,5,16,16)
w(10,6,5,17,17)
r(0,61,5,18,18)
w(14,2,5,19,19)
w(33,2,5,20,20)
r(59,1,5,21,21)
r(11,4,5,22,22)
r(16,5,5,23,23)
w(5,6,5,24,24)
w(9,6,5,25,25)
w(27,3,5,26,26)
r(0,61,5,27,27)
r(0,61,5,28,28)
r(2,13,5,29,29)
r(49,3,5,30,30)
w(15,6,5,31,31)
r(28,1,5,32,32)
r(53,0,5,33,33)
w(6,6,5,34,34)
r(1,30,5,35,35)
w(17,2,5,36,36)
w(71,2,5,37,37)
w(1,31,5,38,38)
w(2,14,5,39,39)
w(12,10,5,40,40)
w(26,2,5,41,41)
r(30,4,5,42,42)
w(81,1,5,43,43)
w(41,1,5,44,44)
r(39,1,5,45,45)
w(94,2,5,46,46)
w(23,3,5,47,47)
r(48,0,5,48,48)
r(0,61,5,49,49)
r(3,6,5,50,50)
w(27,4,5,51,51)
r(35,1,5,52,52)
w(21,2,5,53,53)
r(14,2,5,54,54)
w(35,2,5,55,55)
r(5,6,5,56,56)
r(32,1,5,57,57)
r(0,61,5,58,58)
w(43,1,5,59,59)
r(64,2,5,60,60)
r(1,31,5,61,61)
r(3,6,5,62,62)
r(0,61,5,63,63)
r(7,9,5,64,64)
w(5,7,5,65,65)
w(1,32,5,66,66)
r(2,14,5,67,67)
r(23,3,5,68,68)
w(0,62,5,69,69)
r(0,62,5,70,70)
w(60,1,5,71,71)
r(6,6,5,72,72)
w(0,63,5,73,73)
r(6,6,5,74,74)
w(1,33,5,75,75)
w(1,34,5,76,76)
r(1,34,5,77,77)
r(4,16,5,78,78)
r(0,63,5,79,79)
w(45,1,5,80,80)
r(7,9,5,81,81)
r(1,34,5,82,82)
r(54,1,5,83,83)
r(41,1,5,84,84)
w(30,5,5,85,85)
r(3,6,5,86,86)
r(1,34,5,87,87)
r(44,0,5,88,88)
r(4,16,5,89,89)
r(1,34,5,90,90)
w(1,35,5,91,91)
w(1,36,5,92,92)
w(15,7,5,93,93)
r(6,6,5,94,94)
r(1,36,5,95,95)
r(0,63,5,96,96)
r(6,6,5,97,97)
r(19,1,5,98,98)
w(1,37,5,99,99)
w(7,10,6,0,0)
r(0,63,6,1,1)
w(12,11,6,2,2)
r(19,1,6,3,3)
w(1,38,6,4,4)
w(35,3,6,5,5)
w(44,1,6,6,6)
r(2,14,6,7,7)
r(17,2,6,8,8)
r(6,6,6,9,9)
r(2,14,6,10,10)
w(62,2,6,11,11)
w(0,64,6,12,12)
r(50,0,6,13,13)
r(86,1,6,14,14)
r(3,6,6,15,15)
w(0,65,6,16,16)
w(58,2,6,17,17)
r(24,0,6,18,18)
w(9,7,6,19,19)
w(76,2,6,20,20)
r(0,65,6,21,21)
w(71,3,6,22,22)
w(1,39,6,23,23)
r(48,0,6,24,24)
w(8,6,6,25,25)
w(28,2,6,26,26)
w(18,3,6,27,27)
w(7,11,6,28,28)
w(0,66,6,29,29)
w(4,17,6,30,30)
w(17,3,6,31,31)
r(18,3,6,32,32)
r(0,66,6,33,33)
r(83,2,6,34,34)
r(55,0,6,35,35)
r(8,6,6,36,36)
r(63,2,6,37,37)
r(66,1,6,38,38)
r(0,66,6,39,39)
w(0,67,6,40,40)
w(3,7,6,41,41)
r(0,67,6,42,42)
r(2,14,6,43,43)
w(41,2,6,44,44)
r(18,3,6,45,45)
r(30,5,6,46,46)
r(0,67,6,47,47)
r(29,4,6,48,48)
w(0,68,6,49,49)
r(6,6,6,50,50)
w(19,2,6,51,51)
r(13,3,6,52,52)
r(75,0,6,53,53)
w(68,3,6,54,54)
w(31,3,6,55,55)
w(2,15,6,56,56)
r(17,3,6,57,57)
r(3,7,6,58,58)
r(0,68,6,59,59)
r(0,68,6,60,60)
w(7,12,6,61,61)
w(0,69,6,62,62)
r(36,3,6,63,63)
w(45,2,6,64,64)
w(45,3,6,65,65)
w(14,3,6,66,66)
w(1,40,6,67,67)
r(1,40,6,68,68)
r(20,2,6,69,69)
w(35,4,6,70,70)
w(8,7,6,71,71)
w(5,8,6,72,72)
w(15,8,6,73,73)
w(0,70,6,74,74)
r(11,4,6,75,75)
w(11,5,6,76,76)
w(15,9,6,77,77)
r(2,15,6,78,78)
w(25,1,6,79,79)
w(6,7,6,80,80)
w(7,13,6,81,81)
w(15,10,6,82,82)
r(0,70,6,83,83)
r(1,40,6,84,84)
w(0,71,6,85,85)
w(2,16,6,86,86)
r(0,71,6,87,87)
w(18,4,6,88,88)
w(13,4,6,89,89)
w(29,5,6,90,90)
w(91,2,6,91,91)
w(11,6,6,92,92)
r(98,0,6,93,93)
w(2,17,6,94,94)
r(0,71,6,95,95)
w(24,1,6,96,96)
r(0,71,6,97,97)
w(81,2,6,98,98)
r(1,40,6,99,99)
w(29,6,7,0,0)
w(11,7,7,1,1)
r(7,13,7,2,2)
w(96,3,7,3,3)
r(0,71,7,4,4)
w(4,18,7,5,5)
w(0,72,7,6,6)
w(5,9,7,7,7)
w(0,73,7,8,8)
w(6,8,7,9,9)
w(7,14,7,10,10)
w(1,41,7,11,11)
w(22,2,7,12,12)
r(0,73,7,13,13)
r(5,9,7,14,14)
w(90,1,7,15,15)
r(14,3,7,16,16)
w(8,8,7,17,17)
w(5,10,7,18,18)
r(0,73,7,19,19)
w(3,8,7,20,20)
r(43,1,7,21,21)
r(0,73,7,22,22)
r(6,8,7,23,23)
r(40,2,7,24,24)
r(10,6,7,25,25)
w(12,12,7,26,26)
r(0,73,7,27,27)
w(0,74,7,28,28)
w(0,75,7,29,29)
r(7,14,7,30,30)
w(15,11,7,31,31)
r(0,75,7,32,32)
w(1,42,7,33,33)
r(12,12,7,34,34)
w(1,43,7,35,35)
r(0,75,7,36,36)
r(1,43,7,37,37)
r(50,0,7,38,38)
r(16,5,7,39,39)
r(86,1,7,40,40)
r(0,75,7,41,41)
r(3,8,7,42,42)
r(0,75,7,43,43)
w(0,76,7,44,44)
w(24,2,7,45,45)
r(5,10,7,46,46)
w(0,77,7,47,47)
r(14,3,7,48,48)
r(6,8,7,49,49)
r(27,4,7,50,50)
r(14,3,7,51,51)
w(6,9,7,52,52)
w(23,4,7,53,53)
r(41,2,7,54,54)
r(1,43,7,55,55)
r(0,77,7,56,56)
r(12,12,7,57,57)
w(50,1,7,58,58)
w(0,78,7,59,59)
w(1,44,7,60,60)
w(11,8,7,61,61)
w(7,15,7,62,62)
r(0,78,7,63,63)
w(20,3,7,64,64)
r(35,4,7,65,65)
r(26,2,7,66,66)
r(1,44,7,67,67)
w(0,79,7,68,68)
w(2,18,7,69,69)
w(21,3,7,70,70)
r(51,0,7,71,71)
w(63,3,7,72,72)
r(6,9,7,73,73)
w(8,9,7,74,74)
w(0,80,7,75,75)
w(3,9,7,76,76)
w(9,8,7,77,77)
r(64,2,7,78,78)
w(2,19,7,79,79)
r(4,18,7,80,80)
r(2,19,7,81,81)
w(6,10,7,82,82)
r(2,19,7,83,83)
w(66,2,7,84,84)
r(54,1,7,85,85)
r(10,6,7,86,86)
w(5,11,7,87,87)
w(7,16,7,88,88)
r(60,1,7,89,89)
r(3,9,7,90,90)
w(23,5,7,91,91)
r(76,2,7,92,92)
w(2,20,7,93,93)
r(6,10,7,94,94)
w(1,45,7,95,95)
r(67,1,7,96,96)
w(5,12,7,97,97)
w(11,9,7,98,98)
r(15,11,7,99,99)
w(0,81,8,0,0)
w(0,82,8,1,1)
w(3,10,8,2,2)
r(0,82,8,3,3)
w(1,46,8,4,4)
r(8,9,8,5,5)
r(1,46,8,6,6)
r(13,4,8,7,7)
w(4,19,8,8,8)
r(1,46,8,9,9)
w(15,12,8,10,10)
r(5,12,8,11,11)
w(22,3,8,12,12)
w(0,83,8,13,13)
r(15,12,8,14,14)
w(7,17,8,15,15)
w(18,5,8,16,16)
r(6,10,8,17,17)
r(1,46,8,18,18)
r(45,3,8,19,19)
r(24,2,8,20,20)
w(1,47,8,21,21)
r(13,4,8,22,22)
w(2,21,8,23,23)
r(1,47,8,24,24)
r(26,2,8,25,25)
w(2,22,8,26,26)
w(12,13,8,27,27)
w(42,1,8,28,28)
r(33,2,8,29,29)
r(4,19,8,30,30)
w(7,18,8,31,31)
r(46,1,8,32,32)
r(16,5,8,33,33)
r(2,22,8,34,34)
r(7,18,8,35,35)
w(1,48,8,36,36)
r(0,83,8,37,37)
r(13,4,8,38,38)
w(0,84,8,39,39)
r(69,3,8,40,40)
r(96,3,8,41,41)
w(6,11,8,42,42)
r(1,48,8,43,43)
w(59,2,8,44,44)
w(20,4,8,45,45)
w(3,11,8,46,46)
w(4,20,8,47,47)
w(31,4,8,48,48)
r(0,84,8,49,49)
r(23,5,8,50,50)
r(24,2,8,51,51)
w(73,2,8,52,52)
w(14,4,8,53,53)
r(14,4,8,54,54)
w(0,85,8,55,55)
w(61,2,8,56,56)
r(0,85,8,57,57)
w(1,49,8,58,58)
r(3,11,8,59,59)
w(1,50,8,60,60)
r(1,50,8,61,61)
w(1,51,8,62,62)
r(69,3,8,63,63)
r(99,0,8,64,64)
r(2,22,8,65,65)
w(39,2,8,66,66)
r(22,3,8,67,67)
w(0,86,8,68,68)
r(92,0,8,69,69)
r(69,3,8,70,70)
w(0,87,8,71,71)
r(2,22,8,72,72)
r(9,8,8,73,73)
r(14,4,8,74,74)
r(10,6,8,75,75)
r(31,4,8,76,76)
r(3,11,8,77,77)
w(2,23,8,78,78)
r(7,18,8,79,79)
w(3,12,8,80,80)
r(4,20,8,81,81)
w(0,88,8,82,82)
w(5,13,8,83,83)
r(79,0,8,84,84)
w(25,2,8,85,85)
r(62,2,8,86,86)
w(1,52,8,87,87)
r(73,2,8,88,88)
r(12,13,8,89,89)
w(3,13,8,90,90)
w(4,21,8,91,91)
r(13,4,8,92,92)
w(4,22,8,93,93)
w(31,5,8,94,94)
r(70,0,8,95,95)
r(0,88,8,96,96)
w(6,12,8,97,97)
r(3,13,8,98,98)
r(0,88,8,99,99)
r(3,13,9,0,0)
w(1,53,9,1,1)
r(24,2,9,2,2)
w(23,6,9,3,3)
r(58,2,9,4,4)
r(64,2,9,5,5)
w(20,5,9,6,6)
r(0,88,9,7,7)
w(6,13,9,8,8)
w(5,14,9,9,9)
w(85,1,9,10,10)
w(16,6,9,11,11)
r(4,22,9,12,12)
r(1,53,9,13,13)
r(40,2,9,14,14)
r(1,53,9,15,15)
r(21,3,9,16,16)
r(2,23,9,17,17)
w(22,4,9,18,18)
w(57,2,9,19,19)
w(44,2,9,20,20)
r(15,12,9,21,21)
r(11,9,9,22,22)
w(3,14,9,23,23)
r(86,1,9,24,24)
w(78,2,9,25,25)
w(1,54,9,26,26)
w(38,1,9,27,27)
w(14,5,9,28,28)
r(25,2,9,29,29)
r(0,88,9,30,30)
r(3,14,9,31,31)
r(9,8,9,32,32)
w(3,15,9,33,33)
r(1,54,9,34,34)
r(0,88,9,35,35)
w(9,9,9,36,36)
r(8,9,9,37,37)
w(0,89,9,38,38)
w(0,90,9,39,39)
r(3,15,9,40,40)
r(2,23,9,41,41)
w(9,10,9,42,42)
w(1,55,9,43,43)
r(1,55,9,44,44)
r(53,0,9,45,45)
r(0,90,9,46,46)
w(59,3,9,47,47)
r(22,4,9,48,48)
r(26,2,9,49,49)
r(6,13,9,50,50)
w(38,2,9,51,51)
w(45,4,9,52,52)
r(1,55,9,53,53)
w(5,15,9,54,54)
r(99,0,9,55,55)
w(60,2,9,56,56)
w(41,3,9,57,57)
w(94,3,9,58,58)
r(6,13,9,59,59)
r(1,55,9,60,60)
r(90,1,9,61,61)
r(26,2,9,62,62)
r(33,2,9,63,63)
r(53,0,9,64,64)
w(0,91,9,65,65)
w(2,24,9,66,66)
r(1,55,9,67,67)
r(17,3,9,68,68)
r(42,1,9,69,69)
w(9,11,9,70,70)
r(77,0,9,71,71)
r(19,2,9,72,72)
w(2,25,9,73,73)
w(49,4,9,74,74)
w(0,92,9,75,75)
w(25,3,9,76,76)
r(82,1,9,77,77)
w(59,4,9,78,78)
r(17,3,9,79,79)
w(1,56,9,80,80)
w(87,1,9,81,81)
r(0,92,9,82,82)
r(3,15,9,83,83)
r(0,92,9,84,84)
w(5,16,9,85,85)
r(0,92,9,86,86)
w(2,26,9,87,87)
w(0,93,9,88,88)
w(0,94,9,89,89)
r(0,94,9,90,90)
w(28,3,9,91,91)
w(1,57,9,92,92)
w(10,7,9,93,93)
r(8,9,9,94,94)
r(55,0,9,95,95)
r(36,3,9,96,96)
r(0,94,9,97,97)
w(10,8,9,98,98)
w(7,19,9,99,99)
