w(57,1,0,0,0)
w(693,1,0,1,1)
r(198,0,0,2,2)
w(20,1,0,3,3)
w(96,1,0,4,4)
w(21,1,0,5,5)
w(3,1,0,6,6)
w(545,1,0,7,7)
w(1,1,0,8,8)
w(8,1,0,9,9)
w(368,1,0,10,10)
w(0,1,0,11,11)
r(9,0,0,12,12)
w(26,1,0,13,13)
r(41,0,0,14,14)
w(1,2,0,15,15)
w(117,1,0,16,16)
r(13,0,0,17,17)
r(410,0,0,18,18)
r(280,0,0,19,19)
r(1,2,0,20,20)
w(0,2,0,21,21)
r(0,2,0,22,22)
r(164,0,0,23,23)
w(27,1,0,24,24)
r(4,0,0,25,25)
r(44,0,0,26,26)
r(54,0,0,27,27)
r(691,0,0,28,28)
r(1,2,0,29,29)
r(0,2,0,30,30)
w(2,1,0,31,31)
w(263,1,0,32,32)
w(125,1,0,33,33)
r(69,0,0,34,34)
r(88,0,0,35,35)
w(25,1,0,36,36)
r(61,0,0,37,37)
w(1,3,0,38,38)
r(3,1,0,39,39)
r(0,2,0,40,40)
w(11,1,0,41,41)
w(1,4,0,42,42)
w(0,3,0,43,43)
r(0,3,0,44,44)
r(41,0,0,45,45)
r(14,0,0,46,46)
r(1,4,0,47,47)
r(1,4,0,48,48)
w(3,2,0,49,49)
r(285,0,0,50,50)
r(15,0,0,51,51)
r(0,3,0,52,52)
w(806,1,0,53,53)
r(39,0,0,54,54)
w(14,1,0,55,55)
w(214,1,0,56,56)
r(112,0,0,57,57)
r(150,0,0,58,58)
w(723,1,0,59,59)
r(51,0,0,60,60)
w(2,2,0,61,61)
r(0,3,0,62,62)
w(776,1,0,63,63)
w(195,1,0,64,64)
w(142,1,0,65,65)
w(699,1,0,66,66)
r(7,0,0,67,67)
r(14,1,0,68,68)
w(45,1,0,69,69)
r(0,3,0,70,70)
r(208,0,0,71,71)
w(897,1,0,72,72)
w(16,1,0,73,73)
r(33,0,0,74,74)
w(0,4,0,75,75)
w(485,1,0,76,76)
w(18,1,0,77,77)
r(10,0,0,78,78)
w(763,1,0,79,79)
w(0,5,0,80,80)
w(53,1,0,81,81)
w(29,1,0,82,82)
r(238,0,0,83,83)
w(60,1,0,84,84)
w(0,6,0,85,85)
r(328,0,0,86,86)
r(20,1,0,87,87)
r(3,2,0,88,88)
w(1,5,0,89,89)
r(12,0,0,90,90)
r(0,6,0,91,91)
w(14,2,0,92,92)
w(545,2,0,93,93)
w(3,3,0,94,94)
r(40,0,0,95,95)
r(26,1,0,96,96)
r(125,1,0,97,97)
r(432,0,0,98,98)
r(0,6,0,99,99)
w(2,3,1,0,0)
w(7,1,1,1,1)
w(59,1,1,2,2)
r(5,0,1,3,3)
w(16,2,1,4,4)
w(18,2,1,5,5)
r(225,0,1,6,6)
w(11,2,1,7,7)
r(1,5,1,8,8)
r(0,6,1,9,9)
r(27,1,1,10,10)
r(191,0,1,11,11)
w(4,1,1,12,12)
w(0,7,1,13,13)
r(506,0,1,14,14)
r(68,0,1,15,15)
w(123,1,1,16,16)
r(573,0,1,17,17)
w(76,1,1,18,18)
w(366,1,1,19,19)
r(87,0,1,20,20)
w(109,1,1,21,21)
w(34,1,1,22,22)
w(497,1,1,23,23)
r(3,3,1,24,24)
w(83,1,1,25,25)
r(29,1,1,26,26)
w(3,4,1,27,27)
w(12,1,1,28,28)
w(8,2,1,29,29)
r(0,7,1,30,30)
r(2,3,1,31,31)
w(1,6,1,32,32)
w(4,2,1,33,33)
w(7,2,1,34,34)
w(228,1,1,35,35)
w(172,1,1,36,36)
w(786,1,1,37,37)
r(267,0,1,38,38)
w(10,1,1,39,39)
w(22,1,1,40,40)
w(0,8,1,41,41)
w(11,3,1,42,42)
w(7,3,1,43,43)
w(71,1,1,44,44)
r(6,0,1,45,45)
r(0,8,1,46,46)
r(0,8,1,47,47)
w(64,1,1,48,48)
w(621,1,1,49,49)
w(440,1,1,50,50)
w(801,1,1,51,51)
r(37,0,1,52,52)
w(100,1,1,53,53)
r(176,0,1,54,54)
r(0,8,1,55,55)
r(3,4,1,56,56)
w(177,1,1,57,57)
r(0,8,1,58,58)
r(5,0,1,59,59)
w(15,1,1,60,60)
w(2,4,1,61,61)
r(474,0,1,62,62)
r(5,0,1,63,63)
r(242,0,1,64,64)
r(2,4,1,65,65)
w(797,1,1,66,66)
r(132,0,1,67,67)
r(528,0,1,68,68)
w(164,1,1,69,69)
w(57,2,1,70,70)
w(6,1,1,71,71)
w(2,5,1,72,72)
w(1,7,1,73,73)
r(284,0,1,74,74)
r(81,0,1,75,75)
r(0,8,1,76,76)
w(422,1,1,77,77)
w(12,2,1,78,78)
w(0,9,1,79,79)
r(28,0,1,80,80)
w(15,2,1,81,81)
r(69,0,1,82,82)
w(4,3,1,83,83)
w(495,1,1,84,84)
w(1,8,1,85,85)
r(5,0,1,86,86)
w(18,3,1,87,87)
r(0,9,1,88,88)
w(278,1,1,89,89)
r(5,0,1,90,90)
r(11,3,1,91,91)
w(376,1,1,92,92)
w(12,3,1,93,93)
r(23,0,1,94,94)
w(2,6,1,95,95)
r(7,3,1,96,96)
w(90,1,1,97,97)
w(9,1,1,98,98)
r(25,1,1,99,99)
r(191,0,2,0,0)
w(37,1,2,1,1)
r(0,9,2,2,2)
r(0,9,2,3,3)
r(26,1,2,4,4)
r(120,0,2,5,5)
r(101,0,2,6,6)
r(3,4,2,7,7)
r(2,6,2,8,8)
w(10,2,2,9,9)
w(0,10,2,10,10)
w(13,1,2,11,11)
w(0,11,2,12,12)
w(2,7,2,13,13)
w(34,2,2,14,14)
r(2,7,2,15,15)
r(177,1,2,16,16)
w(476,1,2,17,17)
r(41,0,2,18,18)
r(367,0,2,19,19)
w(32,1,2,20,20)
w(994,1,2,21,21)
w(139,1,2,22,22)
w(115,1,2,23,23)
w(17,1,2,24,24)
r(0,11,2,25,25)
r(8,2,2,26,26)
r(0,11,2,27,27)
r(46,0,2,28,28)
r(12,3,2,29,29)
w(96,2,2,30,30)
w(6,2,2,31,31)
r(944,0,2,32,32)
r(0,11,2,33,33)
r(371,0,2,34,34)
r(65,0,2,35,35)
r(0,11,2,36,36)
r(879,0,2,37,37)
w(5,1,2,38,38)
r(93,0,2,39,39)
w(719,1,2,40,40)
r(929,0,2,41,41)
r(1,8,2,42,42)
r(35,0,2,43,43)
r(264,0,2,44,44)
w(0,12,2,45,45)
r(2,7,2,46,46)
r(3,4,2,47,47)
r(8,2,2,48,48)
w(6,3,2,49,49)
r(14,2,2,50,50)
w(2,8,2,51,51)
w(3,5,2,52,52)
r(30,0,2,53,53)
w(4,4,2,54,54)
r(1,8,2,55,55)
r(3,5,2,56,56)
w(155,1,2,57,57)
w(883,1,2,58,58)
w(1,9,2,59,59)
r(0,12,2,60,60)
r(28,0,2,61,61)
w(68,1,2,62,62)
r(18,3,2,63,63)
r(1,9,2,64,64)
w(0,13,2,65,65)
w(974,1,2,66,66)
r(15,2,2,67,67)
w(696,1,2,68,68)
r(7,3,2,69,69)
r(1,9,2,70,70)
w(0,14,2,71,71)
r(670,0,2,72,72)
r(1,9,2,73,73)
w(0,15,2,74,74)
r(20,1,2,75,75)
w(2,9,2,76,76)
r(1,9,2,77,77)
w(10,3,2,78,78)
r(5,1,2,79,79)
w(29,2,2,80,80)
w(351,1,2,81,81)
r(3,5,2,82,82)
r(19,0,2,83,83)
w(166,1,2,84,84)
w(234,1,2,85,85)
r(30,0,2,86,86)
r(4,4,2,87,87)
r(44,0,2,88,88)
r(235,0,2,89,89)
r(137,0,2,90,90)
r(909,0,2,91,91)
r(1,9,2,92,92)
w(829,1,2,93,93)
w(29,3,2,94,94)
r(175,0,2,95,95)
w(0,16,2,96,96)
w(1,10,2,97,97)
r(22,1,2,98,98)
w(21,2,2,99,99)
w(21,3,3,0,0)
r(77,0,3,1,1)
w(788,1,3,2,2)
r(3,5,3,3,3)
r(38,0,3,4,4)
r(2,9,3,5,5)
r(50,0,3,6,6)
r(1,10,3,7,7)
w(635,1,3,8,8)
w(89,1,3,9,9)
w(46,1,3,10,10)
r(274,0,3,11,11)
r(34,2,3,12,12)
r(151,0,3,13,13)
r(19,0,3,14,14)
w(107,1,3,15,15)
r(11,3,3,16,16)
w(1,11,3,17,17)
w(14,3,3,18,18)
w(17,2,3,19,19)
w(3,6,3,20,20)
r(30,0,3,21,21)
w(210,1,3,22,22)
r(0,16,3,23,23)
r(0,16,3,24,24)
w(634,1,3,25,25)
w(298,1,3,26,26)
w(124,1,3,27,27)
r(35,0,3,28,28)
r(624,0,3,29,29)
r(459,0,3,30,30)
r(4,4,3,31,31)
r(26,1,3,32,32)
w(0,17,3,33,33)
r(17,2,3,34,34)
w(363,1,3,35,35)
r(0,17,3,36,36)
r(11,3,3,37,37)
r(935,0,3,38,38)
r(19,0,3,39,39)
w(25,2,3,40,40)
w(7,4,3,41,41)
w(43,1,3,42,42)
r(4,4,3,43,43)
r(13,1,3,44,44)
r(260,0,3,45,45)
r(0,17,3,46,46)
w(30,1,3,47,47)
w(21,4,3,48,48)
w(58,1,3,49,49)
w(16,3,3,50,50)
r(6,3,3,51,51)
r(4,4,3,52,52)
w(626,1,3,53,53)
w(0,18,3,54,54)
r(439,0,3,55,55)
w(155,2,3,56,56)
w(5,2,3,57,57)
r(6,3,3,58,58)
r(639,0,3,59,59)
w(0,19,3,60,60)
w(0,20,3,61,61)
w(22,2,3,62,62)
r(623,0,3,63,63)
r(6,3,3,64,64)
r(0,20,3,65,65)
r(123,1,3,66,66)
w(0,21,3,67,67)
w(31,1,3,68,68)
r(48,0,3,69,69)
r(548,0,3,70,70)
w(472,1,3,71,71)
w(4,5,3,72,72)
r(48,0,3,73,73)
r(6,3,3,74,74)
r(21,4,3,75,75)
r(255,0,3,76,76)
r(4,5,3,77,77)
w(34,3,3,78,78)
r(11,3,3,79,79)
r(28,0,3,80,80)
w(17,3,3,81,81)
r(100,1,3,82,82)
r(5,2,3,83,83)
w(62,1,3,84,84)
r(61,0,3,85,85)
r(0,21,3,86,86)
r(776,1,3,87,87)
r(49,0,3,88,88)
w(29,4,3,89,89)
w(4,6,3,90,90)
r(7,4,3,91,91)
r(0,21,3,92,92)
w(146,1,3,93,93)
r(22,2,3,94,94)
w(143,1,3,95,95)
w(191,1,3,96,96)
r(27,1,3,97,97)
w(18,4,3,98,98)
w(22,3,3,99,99)
r(0,21,4,0,0)
w(2,10,4,1,1)
r(1,11,4,2,2)
w(10,4,4,3,3)
r(3,6,4,4,4)
r(14,3,4,5,5)
w(2,11,4,6,6)
w(602,1,4,7,7)
w(482,1,4,8,8)
w(14,4,4,9,9)
r(0,21,4,10,10)
w(383,1,4,11,11)
w(14,5,4,12,12)
w(382,1,4,13,13)
r(3,6,4,14,14)
w(0,22,4,15,15)
w(140,1,4,16,16)
r(129,0,4,17,17)
r(0,22,4,18,18)
r(507,0,4,19,19)
r(204,0,4,20,20)
r(0,22,4,21,21)
w(27,2,4,22,22)
w(395,1,4,23,23)
w(712,1,4,24,24)
w(132,1,4,25,25)
w(254,1,4,26,26)
w(2,12,4,27,27)
w(199,1,4,28,28)
w(150,1,4,29,29)
r(78,0,4,30,30)
r(1,11,4,31,31)
w(547,1,4,32,32)
r(2,12,4,33,33)
w(23,1,4,34,34)
r(35,0,4,35,35)
w(14,6,4,36,36)
r(3,6,4,37,37)
r(17,3,4,38,38)
r(9,1,4,39,39)
w(0,23,4,40,40)
r(58,1,4,41,41)
r(27,2,4,42,42)
r(0,23,4,43,43)
r(6,3,4,44,44)
r(33,0,4,45,45)
r(20,1,4,46,46)
r(5,2,4,47,47)
r(173,0,4,48,48)
w(13,2,4,49,49)
w(26,2,4,50,50)
w(6,4,4,51,51)
w(760,1,4,52,52)
r(349,0,4,53,53)
r(11,3,4,54,54)
w(15,3,4,55,55)
w(308,1,4,56,56)
r(30,1,4,57,57)
r(0,23,4,58,58)
w(43,2,4,59,59)
r(190,0,4,60,60)
w(3,7,4,61,61)
r(678,0,4,62,62)
r(318,0,4,63,63)
w(16,4,4,64,64)
w(38,1,4,65,65)
r(218,0,4,66,66)
w(171,1,4,67,67)
w(1,12,4,68,68)
w(41,1,4,69,69)
w(289,1,4,70,70)
r(27,2,4,71,71)
r(0,23,4,72,72)
r(8,2,4,73,73)
w(81,1,4,74,74)
w(619,1,4,75,75)
w(9,2,4,76,76)
r(285,0,4,77,77)
w(0,24,4,78,78)
w(6,5,4,79,79)
r(0,24,4,80,80)
w(720,1,4,81,81)
w(2,13,4,82,82)
w(284,1,4,83,83)
w(0,25,4,84,84)
r(373,0,4,85,85)
w(841,1,4,86,86)
w(362,1,4,87,87)
r(0,25,4,88,88)
w(67,1,4,89,89)
w(4,7,4,90,90)
w(296,1,4,91,91)
w(61,1,4,92,92)
w(12,4,4,93,93)
r(9,2,4,94,94)
w(0,26,4,95,95)
w(11,4,4,96,96)
w(24,1,4,97,97)
w(198,1,4,98,98)
r(1,12,4,99,99)
w(904,1,5,0,0)
w(9,3,5,1,1)
w(17,4,5,2,2)
w(0,27,5,3,3)
w(2,14,5,4,4)
r(19,0,5,5,5)
w(864,1,5,6,6)
r(15,3,5,7,7)
w(121,1,5,8,8)
w(12,5,5,9,9)
w(64,2,5,10,10)
r(9,3,5,11,11)
w(152,1,5,12,12)
w(2,15,5,13,13)
r(31,1,5,14,14)
w(4,8,5,15,15)
r(2,15,5,16,16)
w(59,2,5,17,17)
r(131,0,5,18,18)
w(0,28,5,19,19)
w(132,2,5,20,20)
w(1,13,5,21,21)
r(240,0,5,22,22)
r(9,3,5,23,23)
w(10,5,5,24,24)
w(5,3,5,25,25)
w(113,1,5,26,26)
w(1,14,5,27,27)
w(104,1,5,28,28)
w(9,4,5,29,29)
w(0,29,5,30,30)
r(205,0,5,31,31)
r(6,5,5,32,32)
w(234,2,5,33,33)
w(329,1,5,34,34)
w(1,15,5,35,35)
r(0,29,5,36,36)
w(467,1,5,37,37)
w(8,3,5,38,38)
r(188,0,5,39,39)
w(2,16,5,40,40)
w(28,1,5,41,41)
w(372,1,5,42,42)
r(1,15,5,43,43)
w(12,6,5,44,44)
w(3,8,5,45,45)
r(329,1,5,46,46)
w(1,16,5,47,47)
w(52,1,5,48,48)
r(39,0,5,49,49)
w(34,4,5,50,50)
r(3,8,5,51,51)
r(4,8,5,52,52)
w(3,9,5,53,53)
w(723,2,5,54,54)
w(207,1,5,55,55)
r(8,3,5,56,56)
w(598,1,5,57,57)
w(202,1,5,58,58)
r(235,0,5,59,59)
w(839,1,5,60,60)
w(938,1,5,61,61)
r(589,0,5,62,62)
r(276,0,5,63,63)
r(293,0,5,64,64)
r(710,0,5,65,65)
w(2,17,5,66,66)
r(375,0,5,67,67)
w(9,5,5,68,68)
r(9,5,5,69,69)
r(108,0,5,70,70)
r(145,0,5,71,71)
r(139,1,5,72,72)
w(224,1,5,73,73)
r(292,0,5,74,74)
w(1,17,5,75,75)
w(42,1,5,76,76)
w(107,2,5,77,77)
r(11,4,5,78,78)
w(253,1,5,79,79)
r(2,17,5,80,80)
w(172,2,5,81,81)
w(20,2,5,82,82)
r(0,29,5,83,83)
r(822,0,5,84,84)
w(2,18,5,85,85)
r(166,1,5,86,86)
r(44,0,5,87,87)
r(0,29,5,88,88)
r(22,3,5,89,89)
w(1,18,5,90,90)
w(87,1,5,91,91)
r(1,18,5,92,92)
w(244,1,5,93,93)
r(353,0,5,94,94)
r(1,18,5,95,95)
r(35,0,5,96,96)
w(2,19,5,97,97)
w(0,30,5,98,98)
w(18,5,5,99,99)
r(11,4,6,0,0)
w(57,3,6,1,1)
r(3,9,6,2,2)
r(7,4,6,3,3)
r(0,30,6,4,4)
w(173,1,6,5,5)
r(107,2,6,6,6)
r(518,0,6,7,7)
r(7,4,6,8,8)
r(5,3,6,9,9)
r(1,18,6,10,10)
r(2,19,6,11,11)
w(116,1,6,12,12)
r(2,19,6,13,13)
r(144,0,6,14,14)
r(0,30,6,15,15)
w(335,1,6,16,16)
r(413,0,6,17,17)
w(55,1,6,18,18)
w(23,2,6,19,19)
r(667,0,6,20,20)
w(126,1,6,21,21)
r(0,30,6,22,22)
w(534,1,6,23,23)
r(10,5,6,24,24)
w(3,10,6,25,25)
r(19,0,6,26,26)
r(17,4,6,27,27)
r(2,19,6,28,28)
w(10,6,6,29,29)
w(1,19,6,30,30)
r(11,4,6,31,31)
r(39,0,6,32,32)
r(43,2,6,33,33)
r(231,0,6,34,34)
r(134,0,6,35,35)
r(50,0,6,36,36)
r(17,4,6,37,37)
r(11,4,6,38,38)
r(16,4,6,39,39)
w(31,2,6,40,40)
w(1,20,6,41,41)
w(3,11,6,42,42)
r(45,1,6,43,43)
r(0,30,6,44,44)
w(50,1,6,45,45)
r(8,3,6,46,46)
r(346,0,6,47,47)
w(28,2,6,48,48)
w(8,4,6,49,49)
r(36,0,6,50,50)
w(1,21,6,51,51)
w(0,31,6,52,52)
r(229,0,6,53,53)
r(109,1,6,54,54)
w(2,20,6,55,55)
w(1,22,6,56,56)
r(1,22,6,57,57)
w(282,1,6,58,58)
r(1,22,6,59,59)
w(508,1,6,60,60)
w(990,1,6,61,61)
r(0,31,6,62,62)
r(447,0,6,63,63)
r(0,31,6,64,64)
w(88,1,6,65,65)
r(5,3,6,66,66)
r(4,8,6,67,67)
r(107,2,6,68,68)
r(2,20,6,69,69)
w(1,23,6,70,70)
r(253,1,6,71,71)
w(3,12,6,72,72)
w(9,6,6,73,73)
r(1,23,6,74,74)
w(217,1,6,75,75)
r(448,0,6,76,76)
w(5,4,6,77,77)
w(348,1,6,78,78)
w(45,2,6,79,79)
w(0,32,6,80,80)
r(211,0,6,81,81)
w(412,1,6,82,82)
w(0,33,6,83,83)
w(477,1,6,84,84)
r(10,6,6,85,85)
w(110,1,6,86,86)
w(607,1,6,87,87)
r(2,20,6,88,88)
w(186,1,6,89,89)
w(226,1,6,90,90)
w(744,1,6,91,91)
w(332,1,6,92,92)
r(2,20,6,93,93)
r(1,23,6,94,94)
w(1,24,6,95,95)
w(27,3,6,96,96)
r(332,1,6,97,97)
w(96,3,6,98,98)
w(6,6,6,99,99)
w(0,34,7,0,0)
r(2,20,7,1,1)
w(20,3,7,2,2)
w(900,1,7,3,3)
r(9,6,7,4,4)
w(17,5,7,5,5)
r(184,0,7,6,6)
w(0,35,7,7,7)
w(2,21,7,8,8)
r(844,0,7,9,9)
w(6,7,7,10,10)
r(17,5,7,11,11)
r(136,0,7,12,12)
r(1,24,7,13,13)
w(19,1,7,14,14)
r(78,0,7,15,15)
w(57,4,7,16,16)
w(207,2,7,17,17)
r(6,7,7,18,18)
w(8,5,7,19,19)
r(26,2,7,20,20)
r(6,7,7,21,21)
r(588,0,7,22,22)
w(10,7,7,23,23)
r(121,1,7,24,24)
r(497,1,7,25,25)
w(175,1,7,26,26)
r(414,0,7,27,27)
w(0,36,7,28,28)
r(72,0,7,29,29)
w(0,37,7,30,30)
r(25,2,7,31,31)
r(251,0,7,32,32)
w(553,1,7,33,33)
r(164,1,7,34,34)
w(21,5,7,35,35)
r(45,2,7,36,36)
w(61,2,7,37,37)
w(346,1,7,38,38)
r(658,0,7,39,39)
w(641,1,7,40,40)
r(2,21,7,41,41)
r(305,0,7,42,42)
w(644,1,7,43,43)
r(0,37,7,44,44)
w(0,38,7,45,45)
w(27,4,7,46,46)
w(1,25,7,47,47)
w(0,39,7,48,48)
w(954,1,7,49,49)
w(15,4,7,50,50)
r(3,12,7,51,51)
r(12,6,7,52,52)
w(12,7,7,53,53)
r(49,0,7,54,54)
r(156,0,7,55,55)
w(0,40,7,56,56)
r(11,4,7,57,57)
w(46,2,7,58,58)
r(494,0,7,59,59)
r(16,4,7,60,60)
r(5,4,7,61,61)
w(2,22,7,62,62)
w(75,1,7,63,63)
r(616,0,7,64,64)
w(93,1,7,65,65)
r(33,0,7,66,66)
r(409,0,7,67,67)
r(1,25,7,68,68)
r(24,1,7,69,69)
r(10,7,7,70,70)
w(658,1,7,71,71)
w(0,41,7,72,72)
w(733,1,7,73,73)
w(18,6,7,74,74)
w(1,26,7,75,75)
r(0,41,7,76,76)
r(1,26,7,77,77)
r(42,1,7,78,78)
r(100,1,7,79,79)
w(76,2,7,80,80)
r(92,0,7,81,81)
w(58,2,7,82,82)
w(30,2,7,83,83)
w(159,1,7,84,84)
w(502,1,7,85,85)
w(0,42,7,86,86)
w(7,5,7,87,87)
r(0,42,7,88,88)
r(1,26,7,89,89)
r(5,4,7,90,90)
w(214,2,7,91,91)
w(0,43,7,92,92)
r(1,26,7,93,93)
r(0,43,7,94,94)
r(0,43,7,95,95)
r(47,0,7,96,96)
w(143,2,7,97,97)
r(659,0,7,98,98)
r(809,0,7,99,99)
r(1,26,8,0,0)
r(427,0,8,1,1)
r(140,1,8,2,2)
r(13,2,8,3,3)
r(1,26,8,4,4)
r(17,5,8,5,5)
w(0,44,8,6,6)
w(2,23,8,7,7)
w(60,2,8,8,8)
w(2,24,8,9,9)
r(0,44,8,10,10)
r(0,44,8,11,11)
w(40,1,8,12,12)
w(51,1,8,13,13)
w(0,45,8,14,14)
w(5,5,8,15,15)
r(4,8,8,16,16)
w(161,1,8,17,17)
r(0,45,8,18,18)
w(3,13,8,19,19)
r(533,0,8,20,20)
r(34,4,8,21,21)
r(20,3,8,22,22)
w(202,2,8,23,23)
w(6,8,8,24,24)
r(476,1,8,25,25)
w(25,3,8,26,26)
r(812,0,8,27,27)
w(5,6,8,28,28)
r(275,0,8,29,29)
r(712,1,8,30,30)
r(295,0,8,31,31)
r(7,5,8,32,32)
r(8,5,8,33,33)
w(492,1,8,34,34)
r(206,0,8,35,35)
w(16,5,8,36,36)
w(48,1,8,37,37)
r(436,0,8,38,38)
r(0,45,8,39,39)
w(0,46,8,40,40)
w(3,14,8,41,41)
r(393,0,8,42,42)
w(87,2,8,43,43)
r(24,1,8,44,44)
r(115,1,8,45,45)
w(0,47,8,46,46)
r(378,0,8,47,47)
r(120,0,8,48,48)
w(13,3,8,49,49)
r(20,3,8,50,50)
w(1,27,8,51,51)
w(320,1,8,52,52)
w(3,15,8,53,53)
r(7,5,8,54,54)
w(26,3,8,55,55)
r(24,1,8,56,56)
r(23,2,8,57,57)
r(0,47,8,58,58)
w(15,5,8,59,59)
r(7,5,8,60,60)
r(118,0,8,61,61)
r(79,0,8,62,62)
w(0,48,8,63,63)
w(3,16,8,64,64)
r(0,48,8,65,65)
r(127,0,8,66,66)
w(0,49,8,67,67)
r(28,2,8,68,68)
w(0,50,8,69,69)
r(4,8,8,70,70)
r(19,1,8,71,71)
w(227,1,8,72,72)
w(10,8,8,73,73)
w(82,1,8,74,74)
r(121,1,8,75,75)
w(199,2,8,76,76)
r(5,6,8,77,77)
r(55,1,8,78,78)
w(387,1,8,79,79)
w(2,25,8,80,80)
r(471,0,8,81,81)
r(3,16,8,82,82)
w(704,1,8,83,83)
r(271,0,8,84,84)
r(5,6,8,85,85)
r(15,5,8,86,86)
w(21,6,8,87,87)
r(10,8,8,88,88)
r(195,1,8,89,89)
w(288,1,8,90,90)
r(10,8,8,91,91)
r(23,2,8,92,92)
r(27,4,8,93,93)
r(126,1,8,94,94)
r(85,0,8,95,95)
w(101,1,8,96,96)
r(559,0,8,97,97)
w(275,1,8,98,98)
w(771,1,8,99,99)
r(0,50,9,0,0)
w(151,1,9,1,1)
w(20,4,9,2,2)
r(12,7,9,3,3)
w(4,9,9,4,4)
w(435,1,9,5,5)
r(0,50,9,6,6)
r(212,0,9,7,7)
r(39,0,9,8,8)
r(0,50,9,9,9)
w(0,51,9,10,10)
w(20,5,9,11,11)
w(8,6,9,12,12)
r(2,25,9,13,13)
r(661,0,9,14,14)
r(107,2,9,15,15)
w(4,10,9,16,16)
r(414,0,9,17,17)
w(330,1,9,18,18)
r(107,2,9,19,19)
r(0,51,9,20,20)
r(2,25,9,21,21)
r(147,0,9,22,22)
w(61,3,9,23,23)
r(0,51,9,24,24)
w(0,52,9,25,25)
r(944,0,9,26,26)
r(64,2,9,27,27)
w(265,1,9,28,28)
r(0,52,9,29,29)
r(13,3,9,30,30)
r(159,1,9,31,31)
r(0,52,9,32,32)
w(995,1,9,33,33)
w(44,1,9,34,34)
w(0,53,9,35,35)
r(70,0,9,36,36)
r(2,25,9,37,37)
w(15,6,9,38,38)
r(1,27,9,39,39)
w(5,7,9,40,40)
w(90,2,9,41,41)
w(1,28,9,42,42)
r(5,7,9,43,43)
w(406,1,9,44,44)
r(325,0,9,45,45)
r(31,2,9,46,46)
w(67,2,9,47,47)
r(371,0,9,48,48)
r(29,4,9,49,49)
r(12,7,9,50,50)
r(740,0,9,51,51)
w(0,54,9,52,52)
w(192,1,9,53,53)
r(3,16,9,54,54)
w(26,4,9,55,55)
w(2,26,9,56,56)
w(1,29,9,57,57)
w(20,6,9,58,58)
w(94,1,9,59,59)
w(298,2,9,60,60)
r(0,54,9,61,61)
w(773,1,9,62,62)
r(662,0,9,63,63)
r(9,6,9,64,64)
r(1,29,9,65,65)
w(90,3,9,66,66)
r(83,1,9,67,67)
w(0,55,9,68,68)
r(0,55,9,69,69)
r(0,55,9,70,70)
w(109,2,9,71,71)
w(83,2,9,72,72)
r(909,0,9,73,73)
r(0,55,9,74,74)
r(61,3,9,75,75)
w(0,56,9,76,76)
r(2,26,9,77,77)
r(386,0,9,78,78)
w(1,30,9,79,79)
r(1,30,9,80,80)
r(2,26,9,81,81)
r(1,30,9,82,82)
r(79,0,9,83,83)
r(473,0,9,84,84)
w(8,7,9,85,85)
r(1,30,9,86,86)
r(368,1,9,87,87)
w(125,2,9,88,88)
r(51,1,9,89,89)
w(0,57,9,90,90)
w(21,7,9,91,91)
w(46,3,9,92,92)
w(2,27,9,93,93)
w(2,28,9,94,94)
w(472,2,9,95,95)
r(20,6,9,96,96)
r(0,57,9,97,97)
r(3,16,9,98,98)
r(493,0,9,99,99)
r(5,7,10,0,0)
w(16,6,10,1,1)
r(0,57,10,2,2)
w(198,2,10,3,3)
w(216,1,10,4,4)
w(26,5,10,5,5)
w(7,6,10,6,6)
w(387,2,10,7,7)
r(20,6,10,8,8)
r(357,0,10,9,9)
r(47,0,10,10,10)
r(0,57,10,11,11)
r(730,0,10,12,12)
r(1,30,10,13,13)
w(790,1,10,14,14)
r(1,30,10,15,15)
r(3,16,10,16,16)
w(649,1,10,17,17)
r(1,30,10,18,18)
w(526,1,10,19,19)
w(3,17,10,20,20)
r(111,0,10,21,21)
r(1,30,10,22,22)
w(740,1,10,23,23)
w(0,58,10,24,24)
r(28,2,10,25,25)
r(5,7,10,26,26)
r(1,30,10,27,27)
r(339,0,10,28,28)
r(641,1,10,29,29)
r(60,2,10,30,30)
r(4,10,10,31,31)
w(198,3,10,32,32)
r(61,3,10,33,33)
w(999,1,10,34,34)
r(7,6,10,35,35)
r(0,58,10,36,36)
w(11,5,10,37,37)
w(94,2,10,38,38)
r(309,0,10,39,39)
w(15,7,10,40,40)
w(132,3,10,41,41)
r(4,10,10,42,42)
w(2,29,10,43,43)
w(1,31,10,44,44)
r(0,58,10,45,45)
w(410,1,10,46,46)
w(40,2,10,47,47)
w(76,3,10,48,48)
w(0,59,10,49,49)
w(924,1,10,50,50)
w(34,5,10,51,51)
w(0,60,10,52,52)
r(0,60,10,53,53)
w(1,32,10,54,54)
w(914,1,10,55,55)
r(217,1,10,56,56)
r(341,0,10,57,57)
w(36,1,10,58,58)
w(3,18,10,59,59)
w(538,1,10,60,60)
w(20,7,10,61,61)
r(113,1,10,62,62)
w(0,61,10,63,63)
w(23,3,10,64,64)
w(0,62,10,65,65)
w(58,3,10,66,66)
r(0,62,10,67,67)
r(16,6,10,68,68)
r(433,0,10,69,69)
w(25,4,10,70,70)
r(254,1,10,71,71)
r(305,0,10,72,72)
r(3,18,10,73,73)
r(50,1,10,74,74)
w(146,2,10,75,75)
r(68,1,10,76,76)
r(1,32,10,77,77)
r(373,0,10,78,78)
r(137,0,10,79,79)
w(26,6,10,80,80)
w(8,8,10,81,81)
w(1,33,10,82,82)
w(0,63,10,83,83)
w(329,2,10,84,84)
w(1,34,10,85,85)
w(2,30,10,86,86)
w(5,8,10,87,87)
r(48,1,10,88,88)
w(39,1,10,89,89)
w(59,3,10,90,90)
r(130,0,10,91,91)
r(27,4,10,92,92)
w(235,1,10,93,93)
w(452,1,10,94,94)
r(499,0,10,95,95)
r(113,1,10,96,96)
w(42,2,10,97,97)
w(1,35,10,98,98)
w(3,19,10,99,99)
r(60,2,11,0,0)
r(110,1,11,1,1)
w(42,3,11,2,2)
r(169,0,11,3,3)
w(3,20,11,4,4)
r(425,0,11,5,5)
w(3,21,11,6,6)
w(0,64,11,7,7)
w(37,2,11,8,8)
w(0,65,11,9,9)
r(346,1,11,10,10)
w(4,11,11,11,11)
w(0,66,11,12,12)
r(141,0,11,13,13)
w(173,2,11,14,14)
w(57,5,11,15,15)
w(5,9,11,16,16)
w(2,31,11,17,17)
w(54,1,11,18,18)
w(64,3,11,19,19)
r(1,35,11,20,20)
w(18,7,11,21,21)
r(173,2,11,22,22)
r(716,0,11,23,23)
w(27,5,11,24,24)
w(21,8,11,25,25)
r(1,35,11,26,26)
w(241,1,11,27,27)
w(0,67,11,28,28)
r(801,1,11,29,29)
w(0,68,11,30,30)
r(0,68,11,31,31)
w(111,1,11,32,32)
w(96,4,11,33,33)
w(3,22,11,34,34)
r(17,5,11,35,35)
w(135,1,11,36,36)
w(4,12,11,37,37)
r(143,2,11,38,38)
w(0,69,11,39,39)
w(0,70,11,40,40)
w(18,8,11,41,41)
w(2,32,11,42,42)
w(405,1,11,43,43)
w(48,2,11,44,44)
w(4,13,11,45,45)
w(18,9,11,46,46)
w(475,1,11,47,47)
r(0,70,11,48,48)
w(380,1,11,49,49)
w(184,1,11,50,50)
r(1,35,11,51,51)
w(17,6,11,52,52)
r(934,0,11,53,53)
r(1,35,11,54,54)
w(1,36,11,55,55)
w(4,14,11,56,56)
r(0,70,11,57,57)
r(0,70,11,58,58)
r(860,0,11,59,59)
r(8,8,11,60,60)
w(296,2,11,61,61)
w(0,71,11,62,62)
w(445,1,11,63,63)
r(2,32,11,64,64)
w(25,5,11,65,65)
r(2,32,11,66,66)
r(4,14,11,67,67)
r(20,7,11,68,68)
w(28,3,11,69,69)
r(162,0,11,70,70)
r(57,5,11,71,71)
w(0,72,11,72,72)
w(57,6,11,73,73)
r(211,0,11,74,74)
w(92,1,11,75,75)
r(3,22,11,76,76)
w(47,1,11,77,77)
r(341,0,11,78,78)
w(0,73,11,79,79)
r(10,8,11,80,80)
w(257,1,11,81,81)
r(100,1,11,82,82)
r(54,1,11,83,83)
r(1,36,11,84,84)
r(2,32,11,85,85)
r(3,22,11,86,86)
r(393,0,11,87,87)
r(331,0,11,88,88)
r(76,3,11,89,89)
r(32,1,11,90,90)
r(3,22,11,91,91)
r(2,32,11,92,92)
w(2,33,11,93,93)
r(22,3,11,94,94)
w(34,6,11,95,95)
r(1,36,11,96,96)
r(0,73,11,97,97)
w(0,74,11,98,98)
r(0,74,11,99,99)
w(158,1,12,0,0)
w(2,34,12,1,1)
r(0,74,12,2,2)
w(57,7,12,3,3)
r(2,34,12,4,4)
w(0,75,12,5,5)
r(1,36,12,6,6)
r(39,1,12,7,7)
r(135,1,12,8,8)
r(32,1,12,9,9)
w(473,1,12,10,10)
r(0,75,12,11,11)
r(1,36,12,12,12)
r(1,36,12,13,13)
w(11,6,12,14,14)
r(503,0,12,15,15)
w(2,35,12,16,16)
w(18,10,12,17,17)
r(0,75,12,18,18)
r(2,35,12,19,19)
r(21,8,12,20,20)
w(85,1,12,21,21)
r(120,0,12,22,22)
w(11,7,12,23,23)
w(3,23,12,24,24)
w(5,10,12,25,25)
w(609,1,12,26,26)
w(226,2,12,27,27)
w(140,2,12,28,28)
r(111,1,12,29,29)
r(39,1,12,30,30)
r(3,23,12,31,31)
w(28,4,12,32,32)
r(638,0,12,33,33)
r(110,1,12,34,34)
r(76,3,12,35,35)
r(35,0,12,36,36)
r(1,36,12,37,37)
r(386,0,12,38,38)
w(591,1,12,39,39)
w(12,8,12,40,40)
r(71,1,12,41,41)
w(1,37,12,42,42)
r(112,0,12,43,43)
w(121,2,12,44,44)
w(77,1,12,45,45)
r(0,75,12,46,46)
w(4,15,12,47,47)
w(634,2,12,48,48)
r(329,2,12,49,49)
w(6,9,12,50,50)
r(125,2,12,51,51)
w(774,1,12,52,52)
w(202,3,12,53,53)
w(969,1,12,54,54)
w(43,3,12,55,55)
w(916,1,12,56,56)
r(10,8,12,57,57)
r(3,23,12,58,58)
r(0,75,12,59,59)
r(3,23,12,60,60)
r(22,3,12,61,61)
w(25,6,12,62,62)
r(411,0,12,63,63)
w(386,1,12,64,64)
r(83,2,12,65,65)
r(1,37,12,66,66)
r(746,0,12,67,67)
w(117,2,12,68,68)
w(397,1,12,69,69)
w(0,76,12,70,70)
w(22,4,12,71,71)
r(417,0,12,72,72)
r(64,3,12,73,73)
w(2,36,12,74,74)
r(0,76,12,75,75)
r(1,37,12,76,76)
r(5,10,12,77,77)
r(22,4,12,78,78)
w(54,2,12,79,79)
r(1,37,12,80,80)
w(544,1,12,81,81)
r(2,36,12,82,82)
w(14,7,12,83,83)
w(3,24,12,84,84)
w(0,77,12,85,85)
w(53,2,12,86,86)
r(61,3,12,87,87)
r(439,0,12,88,88)
r(734,0,12,89,89)
w(23,4,12,90,90)
w(0,78,12,91,91)
r(13,3,12,92,92)
r(765,0,12,93,93)
r(9,6,12,94,94)
w(10,9,12,95,95)
w(46,4,12,96,96)
r(376,1,12,97,97)
w(0,79,12,98,98)
r(74,0,12,99,99)
w(833,1,13,0,0)
w(23,5,13,1,1)
r(5,10,13,2,2)
w(4,16,13,3,3)
w(11,8,13,4,4)
w(765,1,13,5,5)
r(3,24,13,6,6)
r(781,0,13,7,7)
w(37,3,13,8,8)
r(0,79,13,9,9)
r(54,2,13,10,10)
r(336,0,13,11,11)
r(7,6,13,12,12)
r(0,79,13,13,13)
w(0,80,13,14,14)
r(1,37,13,15,15)
r(26,6,13,16,16)
w(0,81,13,17,17)
w(0,82,13,18,18)
w(452,2,13,19,19)
w(536,1,13,20,20)
r(0,82,13,21,21)
w(322,1,13,22,22)
r(1,37,13,23,23)
r(588,0,13,24,24)
r(27,5,13,25,25)
r(0,82,13,26,26)
r(37,3,13,27,27)
w(21,9,13,28,28)
w(6,10,13,29,29)
r(242,0,13,30,30)
r(0,82,13,31,31)
w(276,1,13,32,32)
r(357,0,13,33,33)
r(32,1,13,34,34)
r(694,0,13,35,35)
r(6,10,13,36,36)
r(5,10,13,37,37)
w(0,83,13,38,38)
w(3,25,13,39,39)
r(12,8,13,40,40)
r(392,0,13,41,41)
w(82,2,13,42,42)
w(707,1,13,43,43)
r(184,1,13,44,44)
w(172,3,13,45,45)
r(2,36,13,46,46)
r(0,83,13,47,47)
w(68,2,13,48,48)
w(48,3,13,49,49)
w(921,1,13,50,50)
w(155,3,13,51,51)
w(3,26,13,52,52)
w(257,2,13,53,53)
w(54,3,13,54,54)
w(1,38,13,55,55)
r(5,10,13,56,56)
r(25,6,13,57,57)
w(70,1,13,58,58)
w(0,84,13,59,59)
w(12,9,13,60,60)
w(0,85,13,61,61)
r(388,0,13,62,62)
w(109,3,13,63,63)
r(2,36,13,64,64)
w(18,11,13,65,65)
r(70,1,13,66,66)
r(74,0,13,67,67)
r(5,10,13,68,68)
r(1,38,13,69,69)
r(0,85,13,70,70)
w(846,1,13,71,71)
r(0,85,13,72,72)
r(6,10,13,73,73)
r(221,0,13,74,74)
w(1,39,13,75,75)
r(0,85,13,76,76)
r(60,2,13,77,77)
r(0,85,13,78,78)
r(60,2,13,79,79)
r(0,85,13,80,80)
r(21,9,13,81,81)
w(494,1,13,82,82)
r(12,9,13,83,83)
r(2,36,13,84,84)
w(2,37,13,85,85)
r(876,0,13,86,86)
w(581,1,13,87,87)
w(47,2,13,88,88)
r(0,85,13,89,89)
w(34,7,13,90,90)
r(14,7,13,91,91)
w(8,9,13,92,92)
r(3,26,13,93,93)
r(8,9,13,94,94)
w(28,5,13,95,95)
w(81,2,13,96,96)
w(1,40,13,97,97)
r(85,1,13,98,98)
w(0,86,13,99,99)
w(15,8,14,0,0)
r(458,0,14,1,1)
r(11,8,14,2,2)
w(44,2,14,3,3)
w(14,8,14,4,4)
w(4,17,14,5,5)
r(27,5,14,6,6)
w(4,18,14,7,7)
w(0,87,14,8,8)
r(1,40,14,9,9)
r(32,1,14,10,10)
r(3,26,14,11,11)
w(2,38,14,12,12)
w(1,41,14,13,13)
r(0,87,14,14,14)
w(1,42,14,15,15)
w(273,1,14,16,16)
w(7,7,14,17,17)
r(181,0,14,18,18)
w(870,1,14,19,19)
r(112,0,14,20,20)
r(3,26,14,21,21)
w(275,2,14,22,22)
w(9,7,14,23,23)
w(0,88,14,24,24)
r(43,3,14,25,25)
r(61,3,14,26,26)
w(40,3,14,27,27)
w(772,1,14,28,28)
r(776,1,14,29,29)
r(640,0,14,30,30)
w(9,8,14,31,31)
w(489,1,14,32,32)
w(87,3,14,33,33)
r(5,10,14,34,34)
w(404,1,14,35,35)
w(0,89,14,36,36)
r(68,2,14,37,37)
w(91,1,14,38,38)
r(45,2,14,39,39)
w(273,2,14,40,40)
r(518,0,14,41,41)
w(1,43,14,42,42)
r(242,0,14,43,43)
w(19,2,14,44,44)
r(8,9,14,45,45)
r(1,43,14,46,46)
r(793,0,14,47,47)
w(7,8,14,48,48)
w(73,1,14,49,49)
r(8,9,14,50,50)
w(115,2,14,51,51)
w(0,90,14,52,52)
r(27,5,14,53,53)
w(65,1,14,54,54)
r(105,0,14,55,55)
r(166,1,14,56,56)
w(6,11,14,57,57)
w(0,91,14,58,58)
w(13,4,14,59,59)
w(7,9,14,60,60)
r(534,1,14,61,61)
r(216,1,14,62,62)
r(0,91,14,63,63)
r(11,8,14,64,64)
w(4,19,14,65,65)
r(108,0,14,66,66)
r(4,19,14,67,67)
w(1,44,14,68,68)
r(11,8,14,69,69)
w(0,92,14,70,70)
w(1,45,14,71,71)
r(0,92,14,72,72)
r(146,2,14,73,73)
w(9,9,14,74,74)
w(56,1,14,75,75)
r(49,0,14,76,76)
w(5,11,14,77,77)
r(105,0,14,78,78)
w(38,2,14,79,79)
r(884,0,14,80,80)
w(291,1,14,81,81)
r(448,0,14,82,82)
w(101,2,14,83,83)
r(1,45,14,84,84)
w(0,93,14,85,85)
r(7,9,14,86,86)
w(0,94,14,87,87)
r(0,94,14,88,88)
r(70,1,14,89,89)
w(29,5,14,90,90)
w(1,46,14,91,91)
r(871,0,14,92,92)
w(42,4,14,93,93)
r(40,3,14,94,94)
r(434,0,14,95,95)
r(0,94,14,96,96)
r(11,8,14,97,97)
w(620,1,14,98,98)
r(153,0,14,99,99)
r(101,2,15,0,0)
w(14,9,15,1,1)
r(0,94,15,2,2)
w(255,1,15,3,3)
w(2,39,15,4,4)
w(2,40,15,5,5)
w(0,95,15,6,6)
w(235,2,15,7,7)
r(548,0,15,8,8)
w(437,1,15,9,9)
w(96,5,15,10,10)
r(307,0,15,11,11)
r(1,46,15,12,12)
w(583,1,15,13,13)
w(0,96,15,14,14)
w(2,41,15,15,15)
w(2,42,15,16,16)
r(4,19,15,17,17)
w(329,3,15,18,18)
w(5,12,15,19,19)
r(0,96,15,20,20)
w(22,5,15,21,21)
r(25,6,15,22,22)
w(232,1,15,23,23)
r(409,0,15,24,24)
w(0,97,15,25,25)
w(43,4,15,26,26)
w(9,10,15,27,27)
w(76,4,15,28,28)
w(3,27,15,29,29)
w(93,2,15,30,30)
r(512,0,15,31,31)
w(15,9,15,32,32)
w(95,1,15,33,33)
w(375,1,15,34,34)
r(0,97,15,35,35)
r(37,3,15,36,36)
r(562,0,15,37,37)
r(0,97,15,38,38)
r(153,0,15,39,39)
w(1,47,15,40,40)
r(0,97,15,41,41)
w(0,98,15,42,42)
w(11,9,15,43,43)
r(1,47,15,44,44)
r(36,1,15,45,45)
r(146,2,15,46,46)
w(7,10,15,47,47)
r(454,0,15,48,48)
w(40,4,15,49,49)
r(76,4,15,50,50)
w(9,11,15,51,51)
r(1,47,15,52,52)
r(10,9,15,53,53)
r(17,6,15,54,54)
r(106,0,15,55,55)
r(2,42,15,56,56)
r(25,6,15,57,57)
w(4,20,15,58,58)
w(0,99,15,59,59)
w(681,1,15,60,60)
r(1,47,15,61,61)
r(3,27,15,62,62)
r(85,1,15,63,63)
w(5,13,15,64,64)
w(114,1,15,65,65)
w(9,12,15,66,66)
r(3,27,15,67,67)
w(391,1,15,68,68)
w(7,11,15,69,69)
w(303,1,15,70,70)
r(10,9,15,71,71)
r(5,13,15,72,72)
r(34,7,15,73,73)
w(4,21,15,74,74)
w(234,3,15,75,75)
w(568,1,15,76,76)
w(77,2,15,77,77)
w(1,48,15,78,78)
w(11,10,15,79,79)
r(55,1,15,80,80)
r(24,1,15,81,81)
r(2,42,15,82,82)
r(5,13,15,83,83)
w(1,49,15,84,84)
r(92,1,15,85,85)
r(213,0,15,86,86)
r(609,1,15,87,87)
w(359,1,15,88,88)
w(592,1,15,89,89)
w(4,22,15,90,90)
r(4,22,15,91,91)
r(19,2,15,92,92)
w(0,100,15,93,93)
w(20,8,15,94,94)
w(82,3,15,95,95)
w(0,101,15,96,96)
w(48,4,15,97,97)
r(19,2,15,98,98)
w(0,102,15,99,99)
r(738,0,16,0,0)
w(0,103,16,1,1)
w(4,23,16,2,2)
r(752,0,16,3,3)
w(2,43,16,4,4)
r(20,8,16,5,5)
r(137,0,16,6,6)
w(219,1,16,7,7)
w(616,1,16,8,8)
r(464,0,16,9,9)
r(70,1,16,10,10)
r(139,1,16,11,11)
w(0,104,16,12,12)
w(1,50,16,13,13)
r(162,0,16,14,14)
r(35,0,16,15,15)
r(372,1,16,16,16)
w(328,1,16,17,17)
r(11,10,16,18,18)
r(5,13,16,19,19)
r(1,50,16,20,20)
w(12,10,16,21,21)
r(29,5,16,22,22)
r(220,0,16,23,23)
r(498,0,16,24,24)
w(210,2,16,25,25)
r(0,104,16,26,26)
r(167,0,16,27,27)
r(1,50,16,28,28)
r(8,9,16,29,29)
w(970,1,16,30,30)
w(0,105,16,31,31)
r(4,23,16,32,32)
w(1,51,16,33,33)
r(17,6,16,34,34)
w(8,10,16,35,35)
r(0,105,16,36,36)
r(2,43,16,37,37)
r(250,0,16,38,38)
w(0,106,16,39,39)
r(217,1,16,40,40)
w(181,1,16,41,41)
w(225,1,16,42,42)
w(44,3,16,43,43)
r(10,9,16,44,44)
r(224,1,16,45,45)
r(4,23,16,46,46)
w(1,52,16,47,47)
r(0,106,16,48,48)
w(22,6,16,49,49)
w(3,28,16,50,50)
w(0,107,16,51,51)
r(38,2,16,52,52)
w(4,24,16,53,53)
w(2,44,16,54,54)
r(0,107,16,55,55)
w(100,2,16,56,56)
r(29,5,16,57,57)
r(2,44,16,58,58)
r(2,44,16,59,59)
w(111,2,16,60,60)
w(184,2,16,61,61)
w(2,45,16,62,62)
w(5,14,16,63,63)
w(19,3,16,64,64)
w(1,53,16,65,65)
w(1,54,16,66,66)
w(54,4,16,67,67)
w(139,2,16,68,68)
r(3,28,16,69,69)
r(666,0,16,70,70)
w(0,108,16,71,71)
w(1,55,16,72,72)
r(0,108,16,73,73)
r(9,12,16,74,74)
r(43,4,16,75,75)
r(39,1,16,76,76)
r(34,7,16,77,77)
r(431,0,16,78,78)
w(520,1,16,79,79)
w(133,1,16,80,80)
r(573,0,16,81,81)
r(376,1,16,82,82)
w(201,1,16,83,83)
w(437,2,16,84,84)
w(0,109,16,85,85)
w(347,1,16,86,86)
r(20,8,16,87,87)
w(15,10,16,88,88)
w(53,3,16,89,89)
r(1,55,16,90,90)
r(47,2,16,91,91)
w(4,25,16,92,92)
r(81,2,16,93,93)
r(165,0,16,94,94)
w(21,10,16,95,95)
w(0,110,16,96,96)
w(621,2,16,97,97)
w(2,46,16,98,98)
r(745,0,16,99,99)
w(9,13,17,0,0)
w(2,47,17,1,1)
r(12,10,17,2,2)
w(2,48,17,3,3)
w(267,1,17,4,4)
w(66,1,17,5,5)
r(1,55,17,6,6)
r(637,0,17,7,7)
r(49,0,17,8,8)
r(225,1,17,9,9)
w(5,15,17,10,10)
r(1,55,17,11,11)
w(17,7,17,12,12)
w(1,56,17,13,13)
r(201,1,17,14,14)
w(2,49,17,15,15)
r(2,49,17,16,16)
w(187,1,17,17,17)
r(39,1,17,18,18)
w(450,1,17,19,19)
r(168,0,17,20,20)
r(161,1,17,21,21)
w(492,2,17,22,22)
w(0,111,17,23,23)
w(2,50,17,24,24)
r(912,0,17,25,25)
r(649,1,17,26,26)
r(41,1,17,27,27)
r(455,0,17,28,28)
w(135,2,17,29,29)
r(167,0,17,30,30)
w(58,4,17,31,31)
r(9,13,17,32,32)
w(0,112,17,33,33)
w(21,11,17,34,34)
r(689,0,17,35,35)
r(23,5,17,36,36)
r(95,1,17,37,37)
w(13,5,17,38,38)
r(1,56,17,39,39)
w(77,3,17,40,40)
r(825,0,17,41,41)
w(113,2,17,42,42)
w(271,1,17,43,43)
w(1,57,17,44,44)
w(84,1,17,45,45)
w(7,12,17,46,46)
r(225,1,17,47,47)
r(416,0,17,48,48)
r(340,0,17,49,49)
w(171,2,17,50,50)
r(49,0,17,51,51)
w(1,58,17,52,52)
w(13,6,17,53,53)
r(54,4,17,54,54)
r(309,0,17,55,55)
r(9,13,17,56,56)
r(1,58,17,57,57)
r(116,1,17,58,58)
w(22,7,17,59,59)
w(88,2,17,60,60)
w(1,59,17,61,61)
r(0,112,17,62,62)
r(23,5,17,63,63)
w(70,2,17,64,64)
w(20,9,17,65,65)
w(28,6,17,66,66)
r(21,11,17,67,67)
r(145,0,17,68,68)
w(0,113,17,69,69)
r(17,7,17,70,70)
w(9,14,17,71,71)
r(15,10,17,72,72)
r(2,50,17,73,73)
r(132,3,17,74,74)
w(1,60,17,75,75)
r(0,113,17,76,76)
r(6,11,17,77,77)
r(8,10,17,78,78)
r(62,1,17,79,79)
r(4,25,17,80,80)
w(2,51,17,81,81)
w(30,3,17,82,82)
w(185,1,17,83,83)
w(405,2,17,84,84)
r(72,0,17,85,85)
r(928,0,17,86,86)
r(11,10,17,87,87)
r(211,0,17,88,88)
r(417,0,17,89,89)
r(1,60,17,90,90)
r(0,113,17,91,91)
r(55,1,17,92,92)
w(5,16,17,93,93)
w(0,114,17,94,94)
r(22,7,17,95,95)
w(170,1,17,96,96)
w(1,61,17,97,97)
w(0,115,17,98,98)
r(280,0,17,99,99)
r(269,0,18,0,0)
w(1,62,18,1,1)
r(786,1,18,2,2)
r(3,28,18,3,3)
r(92,1,18,4,4)
w(21,12,18,5,5)
r(765,1,18,6,6)
r(73,1,18,7,7)
r(976,0,18,8,8)
w(9,15,18,9,9)
r(212,0,18,10,10)
r(820,0,18,11,11)
w(0,116,18,12,12)
r(49,0,18,13,13)
w(0,117,18,14,14)
r(150,1,18,15,15)
r(4,25,18,16,16)
r(870,1,18,17,17)
r(12,10,18,18,18)
r(4,25,18,19,19)
w(92,2,18,20,20)
r(48,4,18,21,21)
r(3,28,18,22,22)
w(16,7,18,23,23)
r(4,25,18,24,24)
r(0,117,18,25,25)
w(12,11,18,26,26)
r(134,0,18,27,27)
w(31,3,18,28,28)
r(5,16,18,29,29)
w(100,3,18,30,30)
r(104,1,18,31,31)
r(6,11,18,32,32)
r(280,0,18,33,33)
w(29,6,18,34,34)
r(0,117,18,35,35)
w(169,1,18,36,36)
w(3,29,18,37,37)
r(189,0,18,38,38)
r(0,117,18,39,39)
w(21,13,18,40,40)
r(5,16,18,41,41)
r(18,11,18,42,42)
w(3,30,18,43,43)
w(140,3,18,44,44)
w(343,1,18,45,45)
r(2,51,18,46,46)
w(39,2,18,47,47)
r(0,117,18,48,48)
w(1,63,18,49,49)
w(38,3,18,50,50)
w(0,118,18,51,51)
w(48,5,18,52,52)
w(0,119,18,53,53)
r(36,1,18,54,54)
r(32,1,18,55,55)
r(105,0,18,56,56)
w(6,12,18,57,57)
w(0,120,18,58,58)
w(305,1,18,59,59)
w(10,10,18,60,60)
r(189,0,18,61,61)
w(0,121,18,62,62)
r(3,30,18,63,63)
w(25,7,18,64,64)
w(908,1,18,65,65)
r(529,0,18,66,66)
w(3,31,18,67,67)
r(2,51,18,68,68)
w(0,122,18,69,69)
w(1,64,18,70,70)
r(94,2,18,71,71)
r(0,122,18,72,72)
w(129,1,18,73,73)
w(6,13,18,74,74)
r(42,4,18,75,75)
w(17,8,18,76,76)
r(89,1,18,77,77)
r(22,7,18,78,78)
w(12,12,18,79,79)
r(13,6,18,80,80)
w(10,11,18,81,81)
r(0,122,18,82,82)
w(2,52,18,83,83)
w(0,123,18,84,84)
r(21,13,18,85,85)
w(7,13,18,86,86)
w(4,26,18,87,87)
r(141,0,18,88,88)
r(0,123,18,89,89)
r(6,13,18,90,90)
r(738,0,18,91,91)
w(17,9,18,92,92)
r(0,123,18,93,93)
r(6,13,18,94,94)
r(10,11,18,95,95)
r(469,0,18,96,96)
r(190,0,18,97,97)
w(11,11,18,98,98)
r(143,2,18,99,99)
w(187,2,19,0,0)
w(36,2,19,1,1)
w(390,1,19,2,2)
r(21,13,19,3,3)
r(236,0,19,4,4)
r(2,52,19,5,5)
r(113,2,19,6,6)
r(119,0,19,7,7)
w(204,1,19,8,8)
w(8,11,19,9,9)
r(19,3,19,10,10)
w(101,3,19,11,11)
r(45,2,19,12,12)
w(462,1,19,13,13)
w(3,32,19,14,14)
r(332,1,19,15,15)
r(35,0,19,16,16)
w(1,65,19,17,17)
r(0,123,19,18,18)
w(38,4,19,19,19)
w(18,12,19,20,20)
r(73,1,19,21,21)
r(14,9,19,22,22)
r(4,26,19,23,23)
w(504,1,19,24,24)
w(0,124,19,25,25)
r(14,9,19,26,26)
w(2,53,19,27,27)
w(18,13,19,28,28)
r(406,1,19,29,29)
w(117,3,19,30,30)
r(53,3,19,31,31)
w(328,2,19,32,32)
w(9,16,19,33,33)
r(41,1,19,34,34)
w(58,5,19,35,35)
r(128,0,19,36,36)
w(159,2,19,37,37)
w(60,3,19,38,38)
r(28,6,19,39,39)
w(346,2,19,40,40)
r(50,1,19,41,41)
r(36,2,19,42,42)
r(95,1,19,43,43)
w(0,125,19,44,44)
w(1,66,19,45,45)
r(34,7,19,46,46)
w(695,1,19,47,47)
w(460,1,19,48,48)
w(422,2,19,49,49)
r(7,13,19,50,50)
w(40,5,19,51,51)
r(816,0,19,52,52)
w(79,1,19,53,53)
w(10,12,19,54,54)
w(1,67,19,55,55)
r(0,125,19,56,56)
r(8,11,19,57,57)
r(120,0,19,58,58)
r(0,125,19,59,59)
w(854,1,19,60,60)
w(203,1,19,61,61)
w(187,3,19,62,62)
r(325,0,19,63,63)
w(39,3,19,64,64)
w(63,1,19,65,65)
w(383,2,19,66,66)
w(285,1,19,67,67)
r(0,125,19,68,68)
r(28,6,19,69,69)
r(280,0,19,70,70)
w(3,33,19,71,71)
r(5,16,19,72,72)
r(3,33,19,73,73)
r(10,12,19,74,74)
w(24,2,19,75,75)
r(19,3,19,76,76)
r(238,0,19,77,77)
r(6,13,19,78,78)
r(111,2,19,79,79)
w(2,54,19,80,80)
r(78,0,19,81,81)
w(100,4,19,82,82)
w(1,68,19,83,83)
r(2,54,19,84,84)
r(160,0,19,85,85)
w(4,27,19,86,86)
r(1,68,19,87,87)
r(47,2,19,88,88)
w(25,8,19,89,89)
w(230,1,19,90,90)
w(12,13,19,91,91)
w(1,69,19,92,92)
r(185,1,19,93,93)
r(2,54,19,94,94)
r(25,8,19,95,95)
w(36,3,19,96,96)
w(14,10,19,97,97)
w(240,1,19,98,98)
r(0,125,19,99,99)
w(15,11,20,0,0)
r(0,125,20,1,1)
r(19,3,20,2,2)
r(13,6,20,3,3)
r(4,27,20,4,4)
w(764,1,20,5,5)
w(83,3,20,6,6)
w(162,1,20,7,7)
r(9,16,20,8,8)
r(13,6,20,9,9)
r(2,54,20,10,10)
w(0,126,20,11,11)
w(4,28,20,12,12)
r(4,28,20,13,13)
w(48,6,20,14,14)
w(17,10,20,15,15)
w(2,55,20,16,16)
r(22,7,20,17,17)
r(45,2,20,18,18)
w(11,12,20,19,19)
w(71,2,20,20,20)
r(752,0,20,21,21)
w(0,127,20,22,22)
w(114,2,20,23,23)
r(84,1,20,24,24)
w(0,128,20,25,25)
r(483,0,20,26,26)
r(192,1,20,27,27)
w(5,17,20,28,28)
r(1,69,20,29,29)
r(4,28,20,30,30)
w(0,129,20,31,31)
r(1,69,20,32,32)
w(308,2,20,33,33)
w(13,7,20,34,34)
r(171,2,20,35,35)
w(0,130,20,36,36)
r(45,2,20,37,37)
w(8,12,20,38,38)
r(62,1,20,39,39)
w(3,34,20,40,40)
w(24,3,20,41,41)
w(43,5,20,42,42)
r(6,13,20,43,43)
w(15,12,20,44,44)
r(0,130,20,45,45)
w(21,14,20,46,46)
w(0,131,20,47,47)
r(0,131,20,48,48)
w(0,132,20,49,49)
w(4,29,20,50,50)
r(42,4,20,51,51)
w(16,8,20,52,52)
r(105,0,20,53,53)
w(15,13,20,54,54)
w(22,8,20,55,55)
r(2,55,20,56,56)
w(9,17,20,57,57)
w(51,2,20,58,58)
w(59,4,20,59,59)
w(0,133,20,60,60)
r(479,0,20,61,61)
r(6,13,20,62,62)
r(873,0,20,63,63)
w(45,3,20,64,64)
w(244,2,20,65,65)
w(0,134,20,66,66)
r(0,134,20,67,67)
r(18,13,20,68,68)
w(59,5,20,69,69)
w(2,56,20,70,70)
r(0,134,20,71,71)
w(5,18,20,72,72)
r(541,0,20,73,73)
r(107,2,20,74,74)
w(8,13,20,75,75)
r(35,0,20,76,76)
w(582,1,20,77,77)
w(124,2,20,78,78)
w(28,7,20,79,79)
w(233,1,20,80,80)
r(1,69,20,81,81)
w(227,2,20,82,82)
r(5,18,20,83,83)
w(4,30,20,84,84)
w(15,14,20,85,85)
w(5,19,20,86,86)
r(2,56,20,87,87)
w(10,13,20,88,88)
r(197,0,20,89,89)
r(0,134,20,90,90)
r(146,2,20,91,91)
w(0,135,20,92,92)
r(0,135,20,93,93)
w(9,18,20,94,94)
r(2,56,20,95,95)
w(339,1,20,96,96)
r(0,135,20,97,97)
r(2,56,20,98,98)
w(403,1,20,99,99)
w(26,7,21,0,0)
w(10,14,21,1,1)
w(47,3,21,2,2)
w(0,136,21,3,3)
r(23,5,21,4,4)
r(146,2,21,5,5)
r(1,69,21,6,6)
w(7,14,21,7,7)
r(5,19,21,8,8)
r(0,136,21,9,9)
r(169,1,21,10,10)
w(3,35,21,11,11)
w(513,1,21,12,12)
r(287,0,21,13,13)
w(345,1,21,14,14)
r(1,69,21,15,15)
w(5,20,21,16,16)
r(210,2,21,17,17)
w(52,2,21,18,18)
r(5,20,21,19,19)
r(3,35,21,20,20)
r(0,136,21,21,21)
w(0,137,21,22,22)
r(17,10,21,23,23)
r(145,0,21,24,24)
w(611,1,21,25,25)
w(29,7,21,26,26)
r(3,35,21,27,27)
w(14,11,21,28,28)
w(687,1,21,29,29)
r(259,0,21,30,30)
w(126,2,21,31,31)
r(3,35,21,32,32)
r(525,0,21,33,33)
r(463,0,21,34,34)
w(384,1,21,35,35)
r(8,13,21,36,36)
r(2,56,21,37,37)
r(63,1,21,38,38)
r(12,13,21,39,39)
r(197,0,21,40,40)
r(0,137,21,41,41)
r(4,30,21,42,42)
r(233,1,21,43,43)
r(4,30,21,44,44)
w(6,14,21,45,45)
r(124,2,21,46,46)
r(43,5,21,47,47)
r(275,2,21,48,48)
r(119,0,21,49,49)
r(172,3,21,50,50)
w(138,1,21,51,51)
w(0,138,21,52,52)
r(80,0,21,53,53)
w(58,6,21,54,54)
r(51,2,21,55,55)
r(73,1,21,56,56)
r(90,3,21,57,57)
w(505,1,21,58,58)
w(18,14,21,59,59)
w(73,2,21,60,60)
r(10,14,21,61,61)
r(0,138,21,62,62)
r(2,56,21,63,63)
w(665,1,21,64,64)
r(25,8,21,65,65)
r(1,69,21,66,66)
w(798,1,21,67,67)
w(95,2,21,68,68)
r(4,30,21,69,69)
w(0,139,21,70,70)
w(473,2,21,71,71)
w(10,15,21,72,72)
w(298,3,21,73,73)
w(35,1,21,74,74)
r(117,3,21,75,75)
w(0,140,21,76,76)
r(0,140,21,77,77)
r(28,7,21,78,78)
w(241,2,21,79,79)
r(932,0,21,80,80)
r(2,56,21,81,81)
w(13,8,21,82,82)
w(634,3,21,83,83)
r(12,13,21,84,84)
w(19,4,21,85,85)
w(400,1,21,86,86)
r(432,0,21,87,87)
r(68,2,21,88,88)
r(907,0,21,89,89)
r(0,140,21,90,90)
w(19,5,21,91,91)
r(1,69,21,92,92)
r(8,13,21,93,93)
w(14,12,21,94,94)
w(428,1,21,95,95)
r(348,1,21,96,96)
w(0,141,21,97,97)
r(650,0,21,98,98)
r(163,0,21,99,99)
r(0,141,22,0,0)
r(563,0,22,1,1)
w(6,15,22,2,2)
w(0,142,22,3,3)
r(160,0,22,4,4)
w(44,4,22,5,5)
r(0,142,22,6,6)
r(3,35,22,7,7)
r(464,0,22,8,8)
w(0,143,22,9,9)
w(104,2,22,10,10)
w(27,6,22,11,11)
r(1,69,22,12,12)
w(7,15,22,13,13)
r(2,56,22,14,14)
w(1,70,22,15,15)
r(521,0,22,16,16)
r(2,56,22,17,17)
w(4,31,22,18,18)
w(230,2,22,19,19)
w(792,1,22,20,20)
r(0,143,22,21,21)
r(45,3,22,22,22)
r(3,35,22,23,23)
r(0,143,22,24,24)
r(36,3,22,25,25)
w(718,1,22,26,26)
r(4,31,22,27,27)
w(0,144,22,28,28)
w(75,2,22,29,29)
w(24,4,22,30,30)
r(10,15,22,31,31)
r(1,70,22,32,32)
w(86,1,22,33,33)
w(606,1,22,34,34)
w(93,3,22,35,35)
w(20,10,22,36,36)
w(113,3,22,37,37)
r(146,2,22,38,38)
w(594,1,22,39,39)
w(0,145,22,40,40)
r(90,3,22,41,41)
w(1,71,22,42,42)
w(140,4,22,43,43)
r(7,15,22,44,44)
r(708,0,22,45,45)
r(806,1,22,46,46)
w(2,57,22,47,47)
r(915,0,22,48,48)
w(635,2,22,49,49)
r(240,1,22,50,50)
r(7,15,22,51,51)
r(139,2,22,52,52)
w(176,1,22,53,53)
r(298,3,22,54,54)
r(36,3,22,55,55)
r(22,8,22,56,56)
r(153,0,22,57,57)
w(2,58,22,58,58)
r(44,4,22,59,59)
r(2,58,22,60,60)
w(557,1,22,61,61)
r(12,13,22,62,62)
w(427,1,22,63,63)
w(36,4,22,64,64)
w(35,2,22,65,65)
r(18,14,22,66,66)
w(3,36,22,67,67)
w(11,13,22,68,68)
r(0,145,22,69,69)
r(854,1,22,70,70)
w(90,4,22,71,71)
r(9,18,22,72,72)
w(3,37,22,73,73)
r(13,8,22,74,74)
w(1,72,22,75,75)
w(13,9,22,76,76)
w(109,4,22,77,77)
r(67,2,22,78,78)
r(939,0,22,79,79)
r(105,0,22,80,80)
r(3,37,22,81,81)
r(55,1,22,82,82)
r(0,145,22,83,83)
r(320,1,22,84,84)
r(615,0,22,85,85)
w(0,146,22,86,86)
w(6,16,22,87,87)
w(317,1,22,88,88)
w(6,17,22,89,89)
r(34,7,22,90,90)
r(40,5,22,91,91)
r(12,13,22,92,92)
w(1,73,22,93,93)
r(133,1,22,94,94)
r(0,146,22,95,95)
w(0,147,22,96,96)
r(7,15,22,97,97)
r(3,37,22,98,98)
r(3,37,22,99,99)
r(148,0,23,0,0)
w(41,2,23,1,1)
r(14,12,23,2,2)
w(133,2,23,3,3)
w(0,148,23,4,4)
w(2,59,23,5,5)
r(82,3,23,6,6)
w(902,1,23,7,7)
w(0,149,23,8,8)
r(1,73,23,9,9)
r(230,2,23,10,10)
r(19,5,23,11,11)
r(50,1,23,12,12)
w(689,1,23,13,13)
w(146,3,23,14,14)
w(967,1,23,15,15)
w(18,15,23,16,16)
r(59,5,23,17,17)
r(89,1,23,18,18)
r(0,149,23,19,19)
r(6,17,23,20,20)
r(50,1,23,21,21)
w(2,60,23,22,22)
r(0,149,23,23,23)
r(312,0,23,24,24)
r(42,4,23,25,25)
w(3,38,23,26,26)
r(29,7,23,27,27)
r(36,4,23,28,28)
w(0,150,23,29,29)
r(2,60,23,30,30)
r(2,60,23,31,31)
w(246,1,23,32,32)
r(157,0,23,33,33)
w(589,1,23,34,34)
r(9,18,23,35,35)
r(10,15,23,36,36)
w(0,151,23,37,37)
r(2,60,23,38,38)
r(51,2,23,39,39)
r(547,1,23,40,40)
r(25,8,23,41,41)
w(1,74,23,42,42)
r(44,4,23,43,43)
w(0,152,23,44,44)
w(4,32,23,45,45)
r(303,1,23,46,46)
r(62,1,23,47,47)
r(101,3,23,48,48)
r(11,13,23,49,49)
r(2,60,23,50,50)
w(302,1,23,51,51)
w(2,61,23,52,52)
r(26,7,23,53,53)
r(1,74,23,54,54)
r(0,152,23,55,55)
r(6,17,23,56,56)
r(1,74,23,57,57)
r(81,2,23,58,58)
w(1,75,23,59,59)
w(13,10,23,60,60)
r(91,1,23,61,61)
r(27,6,23,62,62)
r(72,0,23,63,63)
w(499,1,23,64,64)
w(5,21,23,65,65)
w(970,2,23,66,66)
w(5,22,23,67,67)
w(72,1,23,68,68)
r(185,1,23,69,69)
w(2,62,23,70,70)
w(42,5,23,71,71)
r(548,0,23,72,72)
w(0,153,23,73,73)
r(198,3,23,74,74)
r(1,75,23,75,75)
w(6,18,23,76,76)
w(15,15,23,77,77)
r(50,1,23,78,78)
w(0,154,23,79,79)
r(993,0,23,80,80)
r(15,15,23,81,81)
w(7,16,23,82,82)
r(368,1,23,83,83)
r(38,4,23,84,84)
w(10,16,23,85,85)
w(10,17,23,86,86)
r(19,5,23,87,87)
w(231,1,23,88,88)
r(1,75,23,89,89)
w(60,4,23,90,90)
w(52,3,23,91,91)
w(0,155,23,92,92)
w(1,76,23,93,93)
w(2,63,23,94,94)
r(95,2,23,95,95)
w(35,3,23,96,96)
w(759,1,23,97,97)
w(9,19,23,98,98)
r(52,3,23,99,99)
w(559,1,24,0,0)
w(242,1,24,1,1)
r(79,1,24,2,2)
w(0,156,24,3,3)
r(443,0,24,4,4)
r(13,10,24,5,5)
w(81,3,24,6,6)
w(126,3,24,7,7)
w(83,4,24,8,8)
w(100,5,24,9,9)
r(410,1,24,10,10)
w(11,14,24,11,11)
r(27,6,24,12,12)
r(0,156,24,13,13)
r(12,13,24,14,14)
r(2,63,24,15,15)
r(0,156,24,16,16)
w(230,3,24,17,17)
w(77,4,24,18,18)
r(22,8,24,19,19)
r(7,16,24,20,20)
w(1,77,24,21,21)
r(846,1,24,22,22)
r(1,77,24,23,23)
r(0,156,24,24,24)
w(5,23,24,25,25)
r(179,0,24,26,26)
w(27,7,24,27,27)
r(115,2,24,28,28)
w(11,15,24,29,29)
w(47,4,24,30,30)
r(468,0,24,31,31)
r(0,156,24,32,32)
r(638,0,24,33,33)
w(1,78,24,34,34)
r(27,7,24,35,35)
r(4,32,24,36,36)
w(0,157,24,37,37)
w(3,39,24,38,38)
r(0,157,24,39,39)
w(3,40,24,40,40)
w(1,79,24,41,41)
w(585,1,24,42,42)
r(270,0,24,43,43)
w(240,2,24,44,44)
r(170,1,24,45,45)
w(80,1,24,46,46)
w(4,33,24,47,47)
r(37,3,24,48,48)
w(2,64,24,49,49)
r(10,17,24,50,50)
w(0,158,24,51,51)
w(43,6,24,52,52)
r(76,4,24,53,53)
w(0,159,24,54,54)
r(0,159,24,55,55)
r(66,1,24,56,56)
r(2,64,24,57,57)
w(231,2,24,58,58)
r(8,13,24,59,59)
r(27,7,24,60,60)
w(5,24,24,61,61)
w(0,160,24,62,62)
w(36,5,24,63,63)
w(4,34,24,64,64)
w(691,1,24,65,65)
w(3,41,24,66,66)
w(12,14,24,67,67)
w(0,161,24,68,68)
w(7,17,24,69,69)
r(2,64,24,70,70)
w(79,2,24,71,71)
r(1,79,24,72,72)
w(3,42,24,73,73)
r(0,161,24,74,74)
w(343,2,24,75,75)
r(201,1,24,76,76)
r(4,34,24,77,77)
w(407,1,24,78,78)
r(5,24,24,79,79)
w(10,18,24,80,80)
r(43,6,24,81,81)
w(0,162,24,82,82)
r(0,162,24,83,83)
w(24,5,24,84,84)
r(0,162,24,85,85)
w(3,43,24,86,86)
r(16,8,24,87,87)
w(10,19,24,88,88)
w(3,44,24,89,89)
r(1,79,24,90,90)
r(681,1,24,91,91)
w(6,19,24,92,92)
w(62,2,24,93,93)
r(29,7,24,94,94)
w(8,14,24,95,95)
r(0,162,24,96,96)
r(5,24,24,97,97)
w(37,4,24,98,98)
r(80,1,24,99,99)
r(49,0,25,0,0)
r(351,1,25,1,1)
r(9,19,25,2,2)
w(110,2,25,3,3)
w(709,1,25,4,4)
r(0,162,25,5,5)
w(17,11,25,6,6)
w(976,1,25,7,7)
w(12,15,25,8,8)
r(770,0,25,9,9)
r(1,79,25,10,10)
w(551,1,25,11,11)
r(48,6,25,12,12)
r(7,17,25,13,13)
r(25,8,25,14,14)
r(165,0,25,15,15)
r(10,19,25,16,16)
r(5,24,25,17,17)
w(495,2,25,18,18)
r(590,0,25,19,19)
w(1,80,25,20,20)
w(654,1,25,21,21)
r(2,64,25,22,22)
w(31,4,25,23,23)
w(23,6,25,24,24)
w(39,4,25,25,25)
r(555,0,25,26,26)
w(14,13,25,27,27)
w(710,1,25,28,28)
r(854,1,25,29,29)
r(92,2,25,30,30)
w(74,1,25,31,31)
r(289,1,25,32,32)
r(2,64,25,33,33)
r(301,0,25,34,34)
w(1,81,25,35,35)
w(17,12,25,36,36)
w(1,82,25,37,37)
w(0,163,25,38,38)
w(51,3,25,39,39)
w(0,164,25,40,40)
w(83,5,25,41,41)
r(297,0,25,42,42)
r(0,164,25,43,43)
w(1,83,25,44,44)
w(0,165,25,45,45)
r(0,165,25,46,46)
r(88,2,25,47,47)
w(70,3,25,48,48)
r(0,165,25,49,49)
w(50,2,25,50,50)
w(44,5,25,51,51)
r(84,1,25,52,52)
w(37,5,25,53,53)
w(0,166,25,54,54)
r(98,0,25,55,55)
r(0,166,25,56,56)
r(101,3,25,57,57)
w(10,20,25,58,58)
w(4,35,25,59,59)
w(4,36,25,60,60)
r(230,3,25,61,61)
w(6,20,25,62,62)
w(12,16,25,63,63)
w(180,1,25,64,64)
r(5,24,25,65,65)
w(1,84,25,66,66)
w(801,2,25,67,67)
r(1,84,25,68,68)
r(35,3,25,69,69)
w(582,2,25,70,70)
w(248,1,25,71,71)
w(336,1,25,72,72)
r(0,166,25,73,73)
r(371,0,25,74,74)
r(501,0,25,75,75)
w(381,1,25,76,76)
r(33,0,25,77,77)
r(62,2,25,78,78)
r(147,0,25,79,79)
w(3,45,25,80,80)
r(5,24,25,81,81)
w(557,2,25,82,82)
r(106,0,25,83,83)
r(6,20,25,84,84)
w(13,11,25,85,85)
r(10,20,25,86,86)
r(539,0,25,87,87)
r(4,36,25,88,88)
w(67,3,25,89,89)
r(214,2,25,90,90)
r(326,0,25,91,91)
r(31,4,25,92,92)
w(6,21,25,93,93)
r(1,84,25,94,94)
r(190,0,25,95,95)
r(67,3,25,96,96)
r(34,7,25,97,97)
w(4,37,25,98,98)
w(359,2,25,99,99)
r(330,1,26,0,0)
r(548,0,26,1,1)
r(6,21,26,2,2)
r(4,37,26,3,3)
w(259,1,26,4,4)
r(0,166,26,5,5)
r(67,3,26,6,6)
w(26,8,26,7,7)
r(99,0,26,8,8)
r(126,3,26,9,9)
r(969,1,26,10,10)
w(388,1,26,11,11)
w(7,18,26,12,12)
r(250,0,26,13,13)
r(46,4,26,14,14)
w(32,2,26,15,15)
r(374,0,26,16,16)
w(13,12,26,17,17)
w(450,2,26,18,18)
r(1,84,26,19,19)
r(68,2,26,20,20)
w(4,38,26,21,21)
w(9,20,26,22,22)
r(558,0,26,23,23)
r(900,1,26,24,24)
w(5,25,26,25,25)
r(6,21,26,26,26)
r(0,166,26,27,27)
r(555,0,26,28,28)
r(116,1,26,29,29)
w(1,85,26,30,30)
w(511,1,26,31,31)
w(10,21,26,32,32)
r(6,21,26,33,33)
w(7,19,26,34,34)
w(887,1,26,35,35)
w(256,1,26,36,36)
w(17,13,26,37,37)
w(18,16,26,38,38)
r(27,7,26,39,39)
r(365,0,26,40,40)
w(33,1,26,41,41)
r(4,38,26,42,42)
w(546,1,26,43,43)
w(252,1,26,44,44)
w(0,167,26,45,45)
w(0,168,26,46,46)
w(1,86,26,47,47)
w(0,169,26,48,48)
w(9,21,26,49,49)
r(1,86,26,50,50)
w(789,1,26,51,51)
r(35,3,26,52,52)
w(6,22,26,53,53)
r(100,5,26,54,54)
w(55,2,26,55,55)
w(110,3,26,56,56)
w(20,11,26,57,57)
r(467,1,26,58,58)
w(40,6,26,59,59)
r(16,8,26,60,60)
w(840,1,26,61,61)
w(0,170,26,62,62)
r(436,0,26,63,63)
r(158,1,26,64,64)
w(830,1,26,65,65)
r(8,14,26,66,66)
w(143,3,26,67,67)
w(211,1,26,68,68)
w(0,171,26,69,69)
r(426,0,26,70,70)
w(7,20,26,71,71)
r(3,45,26,72,72)
r(2,64,26,73,73)
w(2,65,26,74,74)
w(7,21,26,75,75)
r(37,5,26,76,76)
r(0,171,26,77,77)
w(45,4,26,78,78)
r(2,65,26,79,79)
w(0,172,26,80,80)
r(968,0,26,81,81)
r(743,0,26,82,82)
w(835,1,26,83,83)
w(6,23,26,84,84)
w(4,39,26,85,85)
w(2,66,26,86,86)
w(9,22,26,87,87)
r(6,23,26,88,88)
w(878,1,26,89,89)
w(2,67,26,90,90)
w(7,22,26,91,91)
r(3,45,26,92,92)
r(364,0,26,93,93)
r(0,172,26,94,94)
w(7,23,26,95,95)
r(3,45,26,96,96)
w(536,2,26,97,97)
r(0,172,26,98,98)
w(37,6,26,99,99)
r(694,0,27,0,0)
r(9,22,27,1,1)
w(2,68,27,2,2)
r(3,45,27,3,3)
r(14,13,27,4,4)
r(110,3,27,5,5)
r(25,8,27,6,6)
w(1,87,27,7,7)
r(416,0,27,8,8)
r(0,172,27,9,9)
r(213,0,27,10,10)
r(30,3,27,11,11)
w(39,5,27,12,12)
w(521,1,27,13,13)
r(3,45,27,14,14)
r(201,1,27,15,15)
r(143,3,27,16,16)
w(210,3,27,17,17)
w(21,15,27,18,18)
w(15,16,27,19,19)
r(606,1,27,20,20)
w(11,16,27,21,21)
r(151,1,27,22,22)
r(9,22,27,23,23)
w(3,46,27,24,24)
w(4,40,27,25,25)
w(3,47,27,26,26)
r(488,0,27,27,27)
r(0,172,27,28,28)
w(890,1,27,29,29)
w(105,1,27,30,30)
w(7,24,27,31,31)
w(15,17,27,32,32)
r(448,0,27,33,33)
w(0,173,27,34,34)
w(1,88,27,35,35)
r(58,6,27,36,36)
r(17,13,27,37,37)
w(286,1,27,38,38)
r(1,88,27,39,39)
w(23,7,27,40,40)
w(308,3,27,41,41)
w(210,4,27,42,42)
w(16,9,27,43,43)
w(0,174,27,44,44)
r(474,0,27,45,45)
r(70,3,27,46,46)
r(517,0,27,47,47)
r(400,1,27,48,48)
w(697,1,27,49,49)
w(277,1,27,50,50)
w(2,69,27,51,51)
r(2,69,27,52,52)
w(3,48,27,53,53)
w(50,3,27,54,54)
w(54,5,27,55,55)
r(261,0,27,56,56)
w(11,17,27,57,57)
r(1,88,27,58,58)
w(0,175,27,59,59)
r(294,0,27,60,60)
w(14,14,27,61,61)
r(60,4,27,62,62)
r(10,21,27,63,63)
w(8,15,27,64,64)
r(18,16,27,65,65)
w(30,4,27,66,66)
w(143,4,27,67,67)
w(54,6,27,68,68)
r(2,69,27,69,69)
w(78,1,27,70,70)
w(343,3,27,71,71)
w(3,49,27,72,72)
r(20,11,27,73,73)
w(638,1,27,74,74)
r(21,15,27,75,75)
r(43,6,27,76,76)
r(75,2,27,77,77)
r(0,175,27,78,78)
w(185,2,27,79,79)
w(30,5,27,80,80)
r(82,3,27,81,81)
w(4,41,27,82,82)
w(11,18,27,83,83)
r(1,88,27,84,84)
w(1,89,27,85,85)
w(8,16,27,86,86)
w(4,42,27,87,87)
r(23,7,27,88,88)
w(343,4,27,89,89)
r(19,5,27,90,90)
r(92,2,27,91,91)
r(4,42,27,92,92)
w(124,3,27,93,93)
w(112,1,27,94,94)
r(21,15,27,95,95)
r(1,89,27,96,96)
r(1,89,27,97,97)
w(14,15,27,98,98)
r(68,2,27,99,99)
w(23,8,28,0,0)
w(80,2,28,1,1)
w(0,176,28,2,2)
r(199,2,28,3,3)
w(40,7,28,4,4)
w(0,177,28,5,5)
w(440,2,28,6,6)
w(1,90,28,7,7)
r(14,15,28,8,8)
w(227,3,28,9,9)
r(462,1,28,10,10)
r(1,90,28,11,11)
w(29,8,28,12,12)
r(17,13,28,13,13)
w(629,1,28,14,14)
w(86,2,28,15,15)
w(13,13,28,16,16)
w(1,91,28,17,17)
r(62,2,28,18,18)
r(204,1,28,19,19)
w(61,4,28,20,20)
w(791,1,28,21,21)
r(4,42,28,22,22)
w(49,1,28,23,23)
r(31,4,28,24,24)
w(0,178,28,25,25)
w(0,179,28,26,26)
w(173,3,28,27,27)
w(764,2,28,28,28)
r(18,16,28,29,29)
r(402,0,28,30,30)
r(0,179,28,31,31)
w(340,1,28,32,32)
w(0,180,28,33,33)
w(5,26,28,34,34)
r(76,4,28,35,35)
r(150,1,28,36,36)
w(2,70,28,37,37)
w(103,1,28,38,38)
w(9,23,28,39,39)
r(849,0,28,40,40)
r(13,13,28,41,41)
w(784,1,28,42,42)
r(12,16,28,43,43)
r(0,180,28,44,44)
r(455,0,28,45,45)
w(0,181,28,46,46)
w(219,2,28,47,47)
r(21,15,28,48,48)
r(459,0,28,49,49)
r(353,0,28,50,50)
w(12,17,28,51,51)
r(14,15,28,52,52)
r(1,91,28,53,53)
r(1,91,28,54,54)
r(2,70,28,55,55)
w(0,182,28,56,56)
r(1,91,28,57,57)
r(750,0,28,58,58)
w(88,3,28,59,59)
r(22,8,28,60,60)
r(86,2,28,61,61)
r(768,0,28,62,62)
r(2,70,28,63,63)
r(103,1,28,64,64)
w(0,183,28,65,65)
r(1,91,28,66,66)
w(16,10,28,67,67)
r(470,0,28,68,68)
r(0,183,28,69,69)
w(0,184,28,70,70)
r(19,5,28,71,71)
w(15,18,28,72,72)
w(11,19,28,73,73)
w(1,92,28,74,74)
w(2,71,28,75,75)
w(1,93,28,76,76)
r(765,1,28,77,77)
w(232,2,28,78,78)
r(0,184,28,79,79)
r(42,5,28,80,80)
w(3,50,28,81,81)
w(0,185,28,82,82)
w(10,22,28,83,83)
r(2,71,28,84,84)
w(860,1,28,85,85)
w(85,2,28,86,86)
r(328,2,28,87,87)
w(24,6,28,88,88)
w(17,14,28,89,89)
r(224,1,28,90,90)
r(15,18,28,91,91)
w(3,51,28,92,92)
r(264,0,28,93,93)
r(208,0,28,94,94)
r(240,2,28,95,95)
w(6,24,28,96,96)
w(717,1,28,97,97)
w(481,1,28,98,98)
r(315,0,28,99,99)
r(179,0,29,0,0)
r(51,3,29,1,1)
w(0,186,29,2,2)
w(365,1,29,3,3)
r(1,93,29,4,4)
r(24,6,29,5,5)
w(5,27,29,6,6)
r(2,71,29,7,7)
w(2,72,29,8,8)
r(377,0,29,9,9)
w(365,2,29,10,10)
r(1,93,29,11,11)
w(1,94,29,12,12)
r(65,1,29,13,13)
r(4,42,29,14,14)
r(2,72,29,15,15)
r(472,2,29,16,16)
w(164,2,29,17,17)
r(380,1,29,18,18)
w(8,17,29,19,19)
w(4,43,29,20,20)
r(132,3,29,21,21)
r(0,186,29,22,22)
w(44,6,29,23,23)
r(13,13,29,24,24)
w(725,1,29,25,25)
r(623,0,29,26,26)
r(0,186,29,27,27)
w(1,95,29,28,28)
w(0,187,29,29,29)
r(52,3,29,30,30)
r(18,16,29,31,31)
w(11,20,29,32,32)
w(0,188,29,33,33)
r(1,95,29,34,34)
w(108,1,29,35,35)
r(30,5,29,36,36)
w(64,4,29,37,37)
r(0,188,29,38,38)
r(299,0,29,39,39)
w(780,1,29,40,40)
r(7,24,29,41,41)
w(11,21,29,42,42)
w(57,8,29,43,43)
w(111,3,29,44,44)
r(444,0,29,45,45)
w(16,11,29,46,46)
r(8,17,29,47,47)
r(0,188,29,48,48)
r(648,0,29,49,49)
w(2,73,29,50,50)
r(1,95,29,51,51)
r(26,8,29,52,52)
r(10,22,29,53,53)
r(67,3,29,54,54)
r(55,2,29,55,55)
r(958,0,29,56,56)
w(4,44,29,57,57)
w(116,2,29,58,58)
w(16,12,29,59,59)
w(59,6,29,60,60)
w(0,189,29,61,61)
w(207,3,29,62,62)
r(54,6,29,63,63)
r(99,0,29,64,64)
w(69,1,29,65,65)
w(26,9,29,66,66)
r(0,189,29,67,67)
r(29,8,29,68,68)
w(1,96,29,69,69)
r(14,15,29,70,70)
r(4,44,29,71,71)
w(1,97,29,72,72)
r(0,189,29,73,73)
w(3,52,29,74,74)
r(65,1,29,75,75)
r(14,15,29,76,76)
w(4,45,29,77,77)
w(861,1,29,78,78)
r(90,4,29,79,79)
w(0,190,29,80,80)
w(13,14,29,81,81)
r(10,22,29,82,82)
w(13,15,29,83,83)
w(1,98,29,84,84)
w(0,191,29,85,85)
r(289,1,29,86,86)
w(378,1,29,87,87)
r(23,8,29,88,88)
r(2,73,29,89,89)
w(4,46,29,90,90)
w(474,1,29,91,91)
w(56,2,29,92,92)
w(22,9,29,93,93)
r(3,52,29,94,94)
r(11,21,29,95,95)
w(451,1,29,96,96)
r(1,98,29,97,97)
w(274,1,29,98,98)
w(26,10,29,99,99)
w(238,1,30,0,0)
w(869,1,30,1,1)
r(75,2,30,2,2)
w(995,2,30,3,3)
r(81,3,30,4,4)
r(198,3,30,5,5)
r(9,23,30,6,6)
r(4,46,30,7,7)
w(38,5,30,8,8)
w(6,25,30,9,9)
w(33,2,30,10,10)
r(3,52,30,11,11)
r(4,46,30,12,12)
r(117,3,30,13,13)
w(6,26,30,14,14)
r(4,46,30,15,15)
r(772,1,30,16,16)
r(10,22,30,17,17)
r(251,0,30,18,18)
r(67,3,30,19,19)
w(0,192,30,20,20)
w(78,2,30,21,21)
r(73,2,30,22,22)
r(257,2,30,23,23)
w(260,1,30,24,24)
w(0,193,30,25,25)
w(1,99,30,26,26)
r(4,46,30,27,27)
w(2,74,30,28,28)
r(71,2,30,29,29)
r(3,52,30,30,30)
w(253,2,30,31,31)
w(216,2,30,32,32)
w(401,1,30,33,33)
r(308,3,30,34,34)
r(5,27,30,35,35)
r(3,52,30,36,36)
w(15,19,30,37,37)
r(2,74,30,38,38)
r(142,1,30,39,39)
w(25,9,30,40,40)
w(891,1,30,41,41)
r(17,14,30,42,42)
r(2,74,30,43,43)
w(584,1,30,44,44)
r(0,193,30,45,45)
w(37,7,30,46,46)
r(0,193,30,47,47)
w(1,100,30,48,48)
w(281,1,30,49,49)
r(251,0,30,50,50)
r(1,100,30,51,51)
r(0,193,30,52,52)
w(0,194,30,53,53)
w(7,25,30,54,54)
w(6,27,30,55,55)
r(1,100,30,56,56)
r(1,100,30,57,57)
r(0,194,30,58,58)
r(10,22,30,59,59)
w(7,26,30,60,60)
r(71,2,30,61,61)
w(3,53,30,62,62)
r(10,22,30,63,63)
w(339,2,30,64,64)
w(83,6,30,65,65)
r(67,3,30,66,66)
r(105,1,30,67,67)
r(695,1,30,68,68)
r(45,4,30,69,69)
r(4,46,30,70,70)
r(97,0,30,71,71)
w(0,195,30,72,72)
r(350,0,30,73,73)
r(541,0,30,74,74)
w(47,5,30,75,75)
r(26,10,30,76,76)
w(9,24,30,77,77)
r(7,26,30,78,78)
w(89,2,30,79,79)
r(29,8,30,80,80)
r(1,100,30,81,81)
r(75,2,30,82,82)
r(19,5,30,83,83)
r(20,11,30,84,84)
w(13,16,30,85,85)
w(0,196,30,86,86)
w(0,197,30,87,87)
w(8,18,30,88,88)
w(8,19,30,89,89)
w(1,101,30,90,90)
w(23,9,30,91,91)
r(22,9,30,92,92)
w(149,1,30,93,93)
r(103,1,30,94,94)
w(13,17,30,95,95)
w(0,198,30,96,96)
w(119,1,30,97,97)
r(0,198,30,98,98)
w(304,1,30,99,99)
w(23,10,31,0,0)
w(9,25,31,1,1)
r(852,0,31,2,2)
w(4,47,31,3,3)
w(38,6,31,4,4)
w(50,4,31,5,5)
r(1,101,31,6,6)
w(7,27,31,7,7)
w(1,102,31,8,8)
w(7,28,31,9,9)
w(96,6,31,10,10)
w(17,15,31,11,11)
w(11,22,31,12,12)
w(0,199,31,13,13)
w(8,20,31,14,14)
w(1,103,31,15,15)
w(110,4,31,16,16)
r(886,0,31,17,17)
r(317,1,31,18,18)
r(93,3,31,19,19)
r(6,27,31,20,20)
r(12,17,31,21,21)
w(0,200,31,22,22)
w(237,1,31,23,23)
r(124,3,31,24,24)
r(33,2,31,25,25)
r(76,4,31,26,26)
r(0,200,31,27,27)
w(1,104,31,28,28)
w(0,201,31,29,29)
r(231,2,31,30,30)
w(2,75,31,31,31)
w(73,3,31,32,32)
r(4,47,31,33,33)
w(19,6,31,34,34)
w(45,5,31,35,35)
r(21,15,31,36,36)
r(0,201,31,37,37)
w(293,1,31,38,38)
w(3,54,31,39,39)
r(24,6,31,40,40)
r(503,0,31,41,41)
w(132,4,31,42,42)
r(3,54,31,43,43)
w(1,105,31,44,44)
r(10,22,31,45,45)
w(228,2,31,46,46)
r(43,6,31,47,47)
w(5,28,31,48,48)
w(187,4,31,49,49)
r(1,105,31,50,50)
w(90,5,31,51,51)
w(6,28,31,52,52)
w(1,106,31,53,53)
w(19,7,31,54,54)
r(59,6,31,55,55)
w(2,76,31,56,56)
r(375,1,31,57,57)
w(7,29,31,58,58)
w(7,30,31,59,59)
r(328,2,31,60,60)
w(0,202,31,61,61)
w(13,18,31,62,62)
r(9,25,31,63,63)
r(55,2,31,64,64)
r(41,2,31,65,65)
w(7,31,31,66,66)
r(15,19,31,67,67)
r(0,202,31,68,68)
r(0,202,31,69,69)
r(28,7,31,70,70)
w(1,107,31,71,71)
r(36,5,31,72,72)
w(7,32,31,73,73)
w(795,1,31,74,74)
w(74,2,31,75,75)
r(5,28,31,76,76)
w(128,1,31,77,77)
r(125,2,31,78,78)
r(19,7,31,79,79)
w(76,5,31,80,80)
r(156,0,31,81,81)
r(156,0,31,82,82)
w(39,6,31,83,83)
w(22,10,31,84,84)
w(0,203,31,85,85)
r(4,47,31,86,86)
r(857,0,31,87,87)
w(0,204,31,88,88)
w(272,1,31,89,89)
w(453,1,31,90,90)
w(29,9,31,91,91)
r(16,12,31,92,92)
r(919,0,31,93,93)
r(346,2,31,94,94)
w(1,108,31,95,95)
r(509,0,31,96,96)
r(8,20,31,97,97)
w(56,3,31,98,98)
w(3,55,31,99,99)
w(187,5,32,0,0)
r(0,204,32,1,1)
r(14,15,32,2,2)
r(159,2,32,3,3)
r(5,28,32,4,4)
w(302,2,32,5,5)
r(341,0,32,6,6)
r(181,1,32,7,7)
r(39,6,32,8,8)
r(39,6,32,9,9)
r(48,6,32,10,10)
r(2,76,32,11,11)
w(82,4,32,12,12)
w(6,29,32,13,13)
r(119,1,32,14,14)
w(0,205,32,15,15)
w(5,29,32,16,16)
w(46,5,32,17,17)
r(18,16,32,18,18)
r(1,108,32,19,19)
r(0,205,32,20,20)
w(1,109,32,21,21)
w(416,1,32,22,22)
r(11,22,32,23,23)
w(5,30,32,24,24)
w(74,3,32,25,25)
w(641,2,32,26,26)
w(0,206,32,27,27)
r(1,109,32,28,28)
r(2,76,32,29,29)
w(264,1,32,30,30)
r(0,206,32,31,31)
w(62,3,32,32,32)
r(3,55,32,33,33)
w(3,56,32,34,34)
r(1,109,32,35,35)
w(336,2,32,36,36)
r(9,25,32,37,37)
r(112,1,32,38,38)
w(9,26,32,39,39)
r(435,1,32,40,40)
w(799,1,32,41,41)
r(6,29,32,42,42)
w(14,16,32,43,43)
r(465,0,32,44,44)
r(28,7,32,45,45)
r(1,109,32,46,46)
r(0,206,32,47,47)
w(2,77,32,48,48)
r(574,0,32,49,49)
w(1,110,32,50,50)
r(2,77,32,51,51)
r(3,56,32,52,52)
r(59,6,32,53,53)
w(2,78,32,54,54)
r(1,110,32,55,55)
w(298,4,32,56,56)
r(0,206,32,57,57)
r(35,3,32,58,58)
r(0,206,32,59,59)
r(109,4,32,60,60)
w(91,2,32,61,61)
r(0,206,32,62,62)
w(0,207,32,63,63)
w(27,8,32,64,64)
w(0,208,32,65,65)
w(4,48,32,66,66)
r(0,208,32,67,67)
r(22,10,32,68,68)
r(30,5,32,69,69)
w(2,79,32,70,70)
r(12,17,32,71,71)
r(51,3,32,72,72)
w(40,8,32,73,73)
w(126,4,32,74,74)
r(120,0,32,75,75)
w(615,1,32,76,76)
w(14,17,32,77,77)
w(1,111,32,78,78)
r(1,111,32,79,79)
r(27,8,32,80,80)
r(573,0,32,81,81)
w(19,8,32,82,82)
r(9,26,32,83,83)
w(0,209,32,84,84)
w(526,2,32,85,85)
r(11,22,32,86,86)
r(782,0,32,87,87)
w(401,2,32,88,88)
w(0,210,32,89,89)
r(19,8,32,90,90)
w(558,1,32,91,91)
w(13,19,32,92,92)
w(232,3,32,93,93)
r(5,30,32,94,94)
w(1,112,32,95,95)
w(52,4,32,96,96)
w(118,1,32,97,97)
w(139,3,32,98,98)
r(43,6,32,99,99)
r(311,0,33,0,0)
r(163,0,33,1,1)
r(0,210,33,2,2)
w(143,5,33,3,3)
r(994,1,33,4,4)
w(540,1,33,5,5)
r(635,2,33,6,6)
w(1,113,33,7,7)
w(48,7,33,8,8)
r(3,56,33,9,9)
r(301,0,33,10,10)
w(139,4,33,11,11)
r(654,1,33,12,12)
r(3,56,33,13,13)
w(0,211,33,14,14)
w(2,80,33,15,15)
w(2,81,33,16,16)
r(86,2,33,17,17)
w(1,114,33,18,18)
w(338,1,33,19,19)
r(4,48,33,20,20)
r(4,48,33,21,21)
r(4,48,33,22,22)
r(48,7,33,23,23)
r(0,211,33,24,24)
w(0,212,33,25,25)
w(14,18,33,26,26)
r(8,20,33,27,27)
w(204,2,33,28,28)
w(0,213,33,29,29)
w(3,57,33,30,30)
r(28,7,33,31,31)
r(62,3,33,32,32)
w(40,9,33,33,33)
w(364,1,33,34,34)
r(0,213,33,35,35)
w(1,115,33,36,36)
w(4,49,33,37,37)
r(405,2,33,38,38)
r(0,213,33,39,39)
w(6,30,33,40,40)
r(86,2,33,41,41)
r(32,2,33,42,42)
r(84,1,33,43,43)
r(52,4,33,44,44)
w(0,214,33,45,45)
w(24,7,33,46,46)
w(826,1,33,47,47)
r(3,57,33,48,48)
r(79,2,33,49,49)
r(4,49,33,50,50)
w(4,50,33,51,51)
r(49,1,33,52,52)
r(134,0,33,53,53)
r(0,214,33,54,54)
r(186,1,33,55,55)
w(5,31,33,56,56)
r(5,31,33,57,57)
w(38,7,33,58,58)
r(12,17,33,59,59)
w(6,31,33,60,60)
w(3,58,33,61,61)
r(305,1,33,62,62)
r(745,0,33,63,63)
w(1,116,33,64,64)
w(10,23,33,65,65)
r(988,0,33,66,66)
w(0,215,33,67,67)
w(0,216,33,68,68)
r(41,2,33,69,69)
r(77,4,33,70,70)
w(1,117,33,71,71)
w(178,1,33,72,72)
r(4,50,33,73,73)
r(208,0,33,74,74)
w(1,118,33,75,75)
w(0,217,33,76,76)
r(44,6,33,77,77)
r(56,3,33,78,78)
w(1,119,33,79,79)
r(253,2,33,80,80)
r(28,7,33,81,81)
r(235,2,33,82,82)
r(379,0,33,83,83)
w(840,2,33,84,84)
w(133,3,33,85,85)
w(363,2,33,86,86)
r(82,4,33,87,87)
w(428,2,33,88,88)
r(324,0,33,89,89)
r(450,2,33,90,90)
r(178,1,33,91,91)
w(4,51,33,92,92)
r(2,81,33,93,93)
w(1,120,33,94,94)
r(16,12,33,95,95)
w(10,24,33,96,96)
w(313,1,33,97,97)
r(116,2,33,98,98)
r(202,3,33,99,99)
r(52,4,34,0,0)
w(115,3,34,1,1)
r(94,2,34,2,2)
w(0,218,34,3,3)
r(3,58,34,4,4)
r(285,1,34,5,5)
w(5,32,34,6,6)
w(60,5,34,7,7)
w(88,4,34,8,8)
r(5,32,34,9,9)
w(26,11,34,10,10)
r(60,5,34,11,11)
r(2,81,34,12,12)
w(386,2,34,13,13)
r(128,1,34,14,14)
w(31,5,34,15,15)
w(147,1,34,16,16)
w(201,2,34,17,17)
w(622,1,34,18,18)
r(40,9,34,19,19)
w(297,1,34,20,20)
w(2,82,34,21,21)
w(194,1,34,22,22)
w(131,1,34,23,23)
w(911,1,34,24,24)
w(224,2,34,25,25)
r(73,3,34,26,26)
r(71,2,34,27,27)
w(4,52,34,28,28)
r(151,1,34,29,29)
w(132,5,34,30,30)
r(1,120,34,31,31)
w(1,121,34,32,32)
w(6,32,34,33,33)
r(43,6,34,34,34)
w(0,219,34,35,35)
r(531,0,34,36,36)
w(56,4,34,37,37)
w(158,2,34,38,38)
r(54,6,34,39,39)
w(350,1,34,40,40)
w(186,2,34,41,41)
w(61,5,34,42,42)
r(0,219,34,43,43)
r(39,6,34,44,44)
w(95,3,34,45,45)
w(6,33,34,46,46)
w(75,3,34,47,47)
r(518,0,34,48,48)
w(28,8,34,49,49)
w(619,2,34,50,50)
w(22,11,34,51,51)
r(0,219,34,52,52)
r(1,121,34,53,53)
w(285,2,34,54,54)
w(261,1,34,55,55)
r(129,1,34,56,56)
r(9,26,34,57,57)
w(39,7,34,58,58)
r(5,32,34,59,59)
r(10,24,34,60,60)
w(666,1,34,61,61)
w(0,220,34,62,62)
w(5,33,34,63,63)
r(4,52,34,64,64)
w(114,3,34,65,65)
r(358,0,34,66,66)
w(868,1,34,67,67)
w(43,7,34,68,68)
w(377,1,34,69,69)
w(10,25,34,70,70)
w(425,1,34,71,71)
w(79,3,34,72,72)
w(184,3,34,73,73)
w(14,19,34,74,74)
w(7,33,34,75,75)
r(0,220,34,76,76)
r(66,1,34,77,77)
w(0,221,34,78,78)
w(2,83,34,79,79)
w(4,53,34,80,80)
w(8,21,34,81,81)
r(0,221,34,82,82)
w(0,222,34,83,83)
r(10,25,34,84,84)
r(58,6,34,85,85)
r(50,4,34,86,86)
r(725,1,34,87,87)
r(0,222,34,88,88)
r(5,33,34,89,89)
w(227,4,34,90,90)
r(45,5,34,91,91)
w(16,13,34,92,92)
w(138,2,34,93,93)
w(37,8,34,94,94)
r(45,5,34,95,95)
w(1,122,34,96,96)
r(3,58,34,97,97)
r(9,26,34,98,98)
w(2,84,34,99,99)
r(10,25,35,0,0)
w(194,2,35,1,1)
r(124,3,35,2,2)
r(646,0,35,3,3)
w(27,9,35,4,4)
w(27,10,35,5,5)
w(2,85,35,6,6)
w(0,223,35,7,7)
r(19,8,35,8,8)
w(497,2,35,9,9)
w(602,2,35,10,10)
w(4,54,35,11,11)
r(130,0,35,12,12)
w(26,12,35,13,13)
w(67,4,35,14,14)
w(48,8,35,15,15)
w(0,224,35,16,16)
w(0,225,35,17,17)
w(7,34,35,18,18)
w(62,4,35,19,19)
r(0,225,35,20,20)
w(158,3,35,21,21)
r(6,33,35,22,22)
w(132,6,35,23,23)
r(1,122,35,24,24)
w(79,4,35,25,25)
w(13,20,35,26,26)
r(49,1,35,27,27)
w(283,1,35,28,28)
w(46,6,35,29,29)
w(223,1,35,30,30)
w(396,1,35,31,31)
r(183,0,35,32,32)
w(13,21,35,33,33)
w(17,16,35,34,34)
w(0,226,35,35,35)
r(283,1,35,36,36)
w(111,4,35,37,37)
w(1,123,35,38,38)
r(10,25,35,39,39)
w(0,227,35,40,40)
w(26,13,35,41,41)
w(1,124,35,42,42)
r(98,0,35,43,43)
r(75,3,35,44,44)
w(7,35,35,45,45)
r(35,3,35,46,46)
w(3,59,35,47,47)
r(214,2,35,48,48)
r(0,227,35,49,49)
r(10,25,35,50,50)
w(180,2,35,51,51)
w(3,60,35,52,52)
w(1,125,35,53,53)
r(799,1,35,54,54)
r(5,33,35,55,55)
r(5,33,35,56,56)
r(571,0,35,57,57)
r(10,25,35,58,58)
r(1,125,35,59,59)
r(109,4,35,60,60)
r(886,0,35,61,61)
w(13,22,35,62,62)
r(266,0,35,63,63)
w(2,86,35,64,64)
r(102,0,35,65,65)
r(5,33,35,66,66)
r(3,60,35,67,67)
r(48,8,35,68,68)
r(661,0,35,69,69)
w(119,2,35,70,70)
r(10,25,35,71,71)
w(4,55,35,72,72)
w(26,14,35,73,73)
r(765,1,35,74,74)
w(183,1,35,75,75)
w(469,1,35,76,76)
r(101,3,35,77,77)
w(0,228,35,78,78)
r(25,9,35,79,79)
r(3,60,35,80,80)
r(963,0,35,81,81)
r(336,2,35,82,82)
r(422,2,35,83,83)
r(18,16,35,84,84)
r(64,4,35,85,85)
r(215,0,35,86,86)
r(249,0,35,87,87)
r(497,2,35,88,88)
w(0,229,35,89,89)
r(11,22,35,90,90)
w(45,6,35,91,91)
r(29,9,35,92,92)
r(2,86,35,93,93)
w(842,1,35,94,94)
r(68,2,35,95,95)
w(57,9,35,96,96)
w(18,17,35,97,97)
r(203,1,35,98,98)
w(1,126,35,99,99)
w(1,127,36,0,0)
r(112,1,36,1,1)
r(404,1,36,2,2)
r(62,4,36,3,3)
r(5,33,36,4,4)
r(3,60,36,5,5)
r(4,55,36,6,6)
r(2,86,36,7,7)
w(16,14,36,8,8)
r(34,7,36,9,9)
w(0,230,36,10,10)
w(792,2,36,11,11)
w(10,26,36,12,12)
w(104,3,36,13,13)
w(38,8,36,14,14)
r(6,33,36,15,15)
w(4,56,36,16,16)
w(225,2,36,17,17)
r(101,3,36,18,18)
w(206,1,36,19,19)
r(2,86,36,20,20)
w(4,57,36,21,21)
r(777,0,36,22,22)
w(1,128,36,23,23)
r(256,1,36,24,24)
w(887,2,36,25,25)
r(63,1,36,26,26)
r(0,230,36,27,27)
r(5,33,36,28,28)
r(5,33,36,29,29)
r(9,26,36,30,30)
w(544,2,36,31,31)
w(749,1,36,32,32)
r(294,0,36,33,33)
w(127,1,36,34,34)
w(656,1,36,35,35)
r(75,3,36,36,36)
w(430,1,36,37,37)
w(189,1,36,38,38)
w(28,9,36,39,39)
r(11,22,36,40,40)
w(4,58,36,41,41)
w(1,129,36,42,42)
r(453,1,36,43,43)
r(7,35,36,44,44)
r(8,21,36,45,45)
r(2,86,36,46,46)
r(0,230,36,47,47)
r(4,58,36,48,48)
w(85,3,36,49,49)
r(16,14,36,50,50)
r(797,1,36,51,51)
r(11,22,36,52,52)
r(21,15,36,53,53)
r(15,19,36,54,54)
w(70,4,36,55,55)
w(3,61,36,56,56)
r(126,4,36,57,57)
r(238,1,36,58,58)
w(106,1,36,59,59)
r(23,10,36,60,60)
r(59,6,36,61,61)
r(172,3,36,62,62)
r(83,6,36,63,63)
w(17,17,36,64,64)
w(592,2,36,65,65)
r(13,22,36,66,66)
r(191,1,36,67,67)
r(268,0,36,68,68)
w(15,20,36,69,69)
r(113,3,36,70,70)
r(0,230,36,71,71)
w(1,130,36,72,72)
r(90,5,36,73,73)
r(38,8,36,74,74)
w(2,87,36,75,75)
r(182,0,36,76,76)
r(14,19,36,77,77)
w(105,2,36,78,78)
w(2,88,36,79,79)
w(8,22,36,80,80)
w(296,3,36,81,81)
w(10,27,36,82,82)
w(1,131,36,83,83)
w(0,231,36,84,84)
w(37,9,36,85,85)
w(37,10,36,86,86)
w(8,23,36,87,87)
r(32,2,36,88,88)
w(54,7,36,89,89)
w(135,3,36,90,90)
w(1,132,36,91,91)
w(719,2,36,92,92)
w(834,1,36,93,93)
r(2,88,36,94,94)
r(355,0,36,95,95)
r(264,1,36,96,96)
r(22,11,36,97,97)
r(336,2,36,98,98)
r(0,231,36,99,99)
w(7,36,37,0,0)
w(4,59,37,1,1)
w(660,1,37,2,2)
r(296,3,37,3,3)
r(284,1,37,4,4)
w(5,34,37,5,5)
r(1,132,37,6,6)
w(74,4,37,7,7)
r(18,17,37,8,8)
r(123,1,37,9,9)
r(0,231,37,10,10)
w(32,3,37,11,11)
w(913,1,37,12,12)
w(395,2,37,13,13)
w(0,232,37,14,14)
w(155,4,37,15,15)
r(33,2,37,16,16)
r(213,0,37,17,17)
r(594,1,37,18,18)
w(0,233,37,19,19)
w(876,1,37,20,20)
r(9,26,37,21,21)
r(0,233,37,22,22)
w(57,10,37,23,23)
r(529,0,37,24,24)
r(11,22,37,25,25)
r(644,1,37,26,26)
r(26,14,37,27,27)
r(597,0,37,28,28)
r(401,2,37,29,29)
w(4,60,37,30,30)
r(188,0,37,31,31)
r(420,0,37,32,32)
r(17,17,37,33,33)
r(564,0,37,34,34)
w(0,234,37,35,35)
r(0,234,37,36,36)
r(19,8,37,37,37)
w(53,4,37,38,38)
r(0,234,37,39,39)
w(66,2,37,40,40)
w(1,133,37,41,41)
r(3,61,37,42,42)
r(3,61,37,43,43)
w(41,3,37,44,44)
w(62,5,37,45,45)
r(0,234,37,46,46)
r(9,26,37,47,47)
w(37,11,37,48,48)
w(42,6,37,49,49)
w(8,24,37,50,50)
r(93,3,37,51,51)
r(30,5,37,52,52)
w(397,2,37,53,53)
r(49,1,37,54,54)
w(17,18,37,55,55)
w(0,235,37,56,56)
w(427,2,37,57,57)
w(0,236,37,58,58)
w(934,1,37,59,59)
r(126,4,37,60,60)
r(76,5,37,61,61)
r(39,7,37,62,62)
r(83,6,37,63,63)
r(684,0,37,64,64)
w(92,3,37,65,65)
w(2,89,37,66,66)
w(25,10,37,67,67)
w(60,6,37,68,68)
w(6,34,37,69,69)
w(109,5,37,70,70)
r(2,89,37,71,71)
r(128,1,37,72,72)
r(1,133,37,73,73)
r(2,89,37,74,74)
r(2,89,37,75,75)
w(140,5,37,76,76)
r(5,34,37,77,77)
r(6,34,37,78,78)
w(1,134,37,79,79)
w(0,237,37,80,80)
w(33,3,37,81,81)
r(3,61,37,82,82)
r(0,237,37,83,83)
w(35,4,37,84,84)
w(269,1,37,85,85)
w(7,37,37,86,86)
r(73,3,37,87,87)
r(0,237,37,88,88)
w(21,16,37,89,89)
r(318,0,37,90,90)
w(0,238,37,91,91)
w(19,9,37,92,92)
r(142,1,37,93,93)
w(1,135,37,94,94)
w(573,1,37,95,95)
r(2,89,37,96,96)
w(395,3,37,97,97)
w(0,239,37,98,98)
r(0,239,37,99,99)
r(35,4,38,0,0)
r(292,0,38,1,1)
r(66,2,38,2,2)
w(13,23,38,3,3)
r(58,6,38,4,4)
w(370,1,38,5,5)
w(75,4,38,6,6)
r(1,135,38,7,7)
w(12,18,38,8,8)
r(933,0,38,9,9)
w(97,1,38,10,10)
r(0,239,38,11,11)
w(13,24,38,12,12)
w(5,35,38,13,13)
w(6,35,38,14,14)
w(8,25,38,15,15)
w(27,11,38,16,16)
r(539,0,38,17,17)
w(90,6,38,18,18)
r(0,239,38,19,19)
w(272,2,38,20,20)
w(125,3,38,21,21)
w(0,240,38,22,22)
w(1,136,38,23,23)
r(7,37,38,24,24)
w(202,4,38,25,25)
r(17,18,38,26,26)
w(831,1,38,27,27)
w(678,1,38,28,28)
r(2,89,38,29,29)
w(309,1,38,30,30)
r(3,61,38,31,31)
r(3,61,38,32,32)
w(0,241,38,33,33)
w(1,137,38,34,34)
r(17,18,38,35,35)
w(55,3,38,36,36)
w(121,3,38,37,37)
w(3,62,38,38,38)
w(1,138,38,39,39)
w(11,23,38,40,40)
r(0,241,38,41,41)
r(12,18,38,42,42)
r(884,0,38,43,43)
r(0,241,38,44,44)
r(0,241,38,45,45)
r(4,60,38,46,46)
w(1,139,38,47,47)
w(590,1,38,48,48)
w(0,242,38,49,49)
r(21,16,38,50,50)
w(0,243,38,51,51)
r(17,18,38,52,52)
w(378,2,38,53,53)
r(11,23,38,54,54)
r(91,2,38,55,55)
r(18,17,38,56,56)
w(1,140,38,57,57)
r(110,4,38,58,58)
w(5,36,38,59,59)
r(5,36,38,60,60)
r(146,3,38,61,61)
w(76,6,38,62,62)
w(95,4,38,63,63)
w(532,1,38,64,64)
w(248,2,38,65,65)
w(3,63,38,66,66)
w(68,3,38,67,67)
r(281,1,38,68,68)
w(406,2,38,69,69)
r(131,1,38,70,70)
r(249,0,38,71,71)
r(2,89,38,72,72)
r(0,243,38,73,73)
r(12,18,38,74,74)
r(0,243,38,75,75)
w(727,1,38,76,76)
w(0,244,38,77,77)
w(0,245,38,78,78)
w(97,2,38,79,79)
r(601,0,38,80,80)
w(609,2,38,81,81)
r(4,60,38,82,82)
r(6,35,38,83,83)
w(245,1,38,84,84)
r(31,5,38,85,85)
w(0,246,38,86,86)
w(582,3,38,87,87)
w(0,247,38,88,88)
r(138,2,38,89,89)
w(2,90,38,90,90)
w(51,4,38,91,91)
w(518,1,38,92,92)
r(0,247,38,93,93)
r(37,11,38,94,94)
w(577,1,38,95,95)
r(2,90,38,96,96)
w(667,1,38,97,97)
w(111,5,38,98,98)
r(35,4,38,99,99)
w(198,4,39,0,0)
r(5,36,39,1,1)
r(262,0,39,2,2)
r(57,10,39,3,3)
r(2,90,39,4,4)
w(166,2,39,5,5)
r(13,24,39,6,6)
w(19,10,39,7,7)
w(23,11,39,8,8)
r(99,0,39,9,9)
w(26,15,39,10,10)
w(161,2,39,11,11)
r(389,0,39,12,12)
w(51,5,39,13,13)
w(811,1,39,14,14)
r(175,1,39,15,15)
w(3,64,39,16,16)
w(227,5,39,17,17)
w(17,19,39,18,18)
w(407,2,39,19,19)
r(50,4,39,20,20)
r(342,0,39,21,21)
w(156,1,39,22,22)
r(1,140,39,23,23)
r(7,37,39,24,24)
w(608,1,39,25,25)
w(14,20,39,26,26)
w(32,4,39,27,27)
r(16,14,39,28,28)
r(0,247,39,29,29)
w(135,4,39,30,30)
w(176,2,39,31,31)
w(4,61,39,32,32)
w(5,37,39,33,33)
r(1,140,39,34,34)
r(116,2,39,35,35)
w(40,10,39,36,36)
w(21,17,39,37,37)
r(0,247,39,38,38)
r(282,1,39,39,39)
w(8,26,39,40,40)
w(2,91,39,41,41)
r(54,7,39,42,42)
w(39,8,39,43,43)
w(5,38,39,44,44)
w(422,3,39,45,45)
w(586,1,39,46,46)
w(40,11,39,47,47)
r(101,3,39,48,48)
r(0,247,39,49,49)
r(3,64,39,50,50)
w(28,10,39,51,51)
r(708,0,39,52,52)
w(0,248,39,53,53)
r(46,6,39,54,54)
r(0,248,39,55,55)
w(41,4,39,56,56)
w(21,18,39,57,57)
r(270,0,39,58,58)
w(88,5,39,59,59)
w(74,5,39,60,60)
r(26,15,39,61,61)
w(0,249,39,62,62)
r(46,6,39,63,63)
r(8,26,39,64,64)
r(92,3,39,65,65)
r(4,61,39,66,66)
w(1,141,39,67,67)
r(212,0,39,68,68)
w(13,25,39,69,69)
w(76,7,39,70,70)
w(397,3,39,71,71)
w(11,24,39,72,72)
w(13,26,39,73,73)
w(0,250,39,74,74)
r(6,35,39,75,75)
w(17,20,39,76,76)
w(604,1,39,77,77)
r(0,250,39,78,78)
w(7,38,39,79,79)
r(0,250,39,80,80)
r(456,0,39,81,81)
r(7,38,39,82,82)
w(0,251,39,83,83)
w(47,6,39,84,84)
r(37,11,39,85,85)
r(366,1,39,86,86)
w(52,5,39,87,87)
w(47,7,39,88,88)
r(750,0,39,89,89)
r(0,251,39,90,90)
w(0,252,39,91,91)
r(415,0,39,92,92)
r(81,3,39,93,93)
w(0,253,39,94,94)
r(0,253,39,95,95)
w(4,62,39,96,96)
w(463,1,39,97,97)
w(19,11,39,98,98)
w(0,254,39,99,99)
