r(835,0,0,0,0)
w(509,1,0,1,1)
w(194,1,0,2,2)
r(629,0,0,3,3)
r(666,0,0,4,4)
w(267,1,0,5,5)
r(753,0,0,6,6)
r(970,0,0,7,7)
w(94,1,0,8,8)
r(488,0,0,9,9)
w(634,1,0,10,10)
r(171,0,0,11,11)
r(111,0,0,12,12)
r(974,0,0,13,13)
r(926,0,0,14,14)
w(303,1,0,15,15)
w(501,1,0,16,16)
w(703,1,0,17,17)
w(507,1,0,18,18)
r(252,0,0,19,19)
r(969,0,0,20,20)
w(812,1,0,21,21)
w(120,1,0,22,22)
r(723,0,0,23,23)
r(410,0,0,24,24)
r(642,0,0,25,25)
w(758,1,0,26,26)
r(836,0,0,27,27)
r(297,0,0,28,28)
w(662,1,0,29,29)
r(535,0,0,30,30)
w(302,1,0,31,31)
r(113,0,0,32,32)
r(911,0,0,33,33)
w(16,1,0,34,34)
r(80,0,0,35,35)
w(642,1,0,36,36)
w(421,1,0,37,37)
w(603,1,0,38,38)
w(317,1,0,39,39)
w(681,1,0,40,40)
w(353,1,0,41,41)
w(712,1,0,42,42)
w(785,1,0,43,43)
r(228,0,0,44,44)
r(762,0,0,45,45)
r(140,0,0,46,46)
r(723,0,0,47,47)
r(255,0,0,48,48)
r(57,0,0,49,49)
w(586,1,0,50,50)
w(495,1,0,51,51)
w(237,1,0,52,52)
r(804,0,0,53,53)
w(347,1,0,54,54)
w(258,1,0,55,55)
w(755,1,0,56,56)
w(249,1,0,57,57)
w(460,1,0,58,58)
r(970,0,0,59,59)
w(531,1,0,60,60)
w(918,1,0,61,61)
w(607,1,0,62,62)
w(346,1,0,63,63)
r(677,0,0,64,64)
r(881,0,0,65,65)
r(993,0,0,66,66)
r(234,0,0,67,67)
r(456,0,0,68,68)
r(224,0,0,69,69)
w(214,1,0,70,70)
r(889,0,0,71,71)
w(26,1,0,72,72)
r(971,0,0,73,73)
w(212,1,0,74,74)
r(21,0,0,75,75)
r(847,0,0,76,76)
r(865,0,0,77,77)
r(774,0,0,78,78)
r(167,0,0,79,79)
w(796,1,0,80,80)
w(967,1,0,81,81)
w(36,1,0,82,82)
r(510,0,0,83,83)
r(175,0,0,84,84)
r(51,0,0,85,85)
r(515,0,0,86,86)
r(460,1,0,87,87)
r(737,0,0,88,88)
w(233,1,0,89,89)
w(102,1,0,90,90)
w(861,1,0,91,91)
r(705,0,0,92,92)
w(848,1,0,93,93)
w(560,1,0,94,94)
w(998,1,0,95,95)
w(790,1,0,96,96)
r(276,0,0,97,97)
r(688,0,0,98,98)
w(495,2,0,99,99)
r(776,0,0,100,100)
w(923,1,0,101,101)
w(39,1,0,102,102)
w(348,1,0,103,103)
w(371,1,0,104,104)
w(844,1,0,105,105)
r(510,0,0,106,106)
w(880,1,0,107,107)
w(536,1,0,108,108)
r(718,0,0,109,109)
r(653,0,0,110,110)
w(410,1,0,111,111)
r(351,0,0,112,112)
w(701,1,0,113,113)
r(945,0,0,114,114)
r(860,0,0,115,115)
r(687,0,0,116,116)
r(37,0,0,117,117)
w(385,1,0,118,118)
w(579,1,0,119,119)
r(374,0,0,120,120)
w(436,1,0,121,121)
r(930,0,0,122,122)
w(640,1,0,123,123)
r(202,0,0,124,124)
w(227,1,0,125,125)
r(985,0,0,126,126)
r(835,0,0,127,127)
r(347,1,0,128,128)
w(113,1,0,129,129)
r(976,0,0,130,130)
w(80,1,0,131,131)
r(658,0,0,132,132)
w(839,1,0,133,133)
r(39,1,0,134,134)
w(567,1,0,135,135)
w(770,1,0,136,136)
w(136,1,0,137,137)
r(171,0,0,138,138)
r(17,0,0,139,139)
r(369,0,0,140,140)
w(975,1,0,141,141)
w(376,1,0,142,142)
w(483,1,0,143,143)
r(508,0,0,144,144)
w(733,1,0,145,145)
r(857,0,0,146,146)
r(211,0,0,147,147)
w(620,1,0,148,148)
w(515,1,0,149,149)
r(107,0,0,150,150)
r(67,0,0,151,151)
r(787,0,0,152,152)
r(12,0,0,153,153)
r(907,0,0,154,154)
r(733,1,0,155,155)
r(294,0,0,156,156)
r(371,1,0,157,157)
w(880,2,0,158,158)
r(48,0,0,159,159)
r(187,0,0,160,160)
r(63,0,0,161,161)
w(2,1,0,162,162)
w(762,1,0,163,163)
w(543,1,0,164,164)
w(987,1,0,165,165)
r(24,0,0,166,166)
w(946,1,0,167,167)
w(445,1,0,168,168)
r(671,0,0,169,169)
w(198,1,0,170,170)
w(784,1,0,171,171)
r(822,0,0,172,172)
r(366,0,0,173,173)
w(708,1,0,174,174)
r(204,0,0,175,175)
r(722,0,0,176,176)
w(518,1,0,177,177)
w(404,1,0,178,178)
w(106,1,0,179,179)
r(451,0,0,180,180)
r(267,1,0,181,181)
r(141,0,0,182,182)
r(804,0,0,183,183)
r(365,0,0,184,184)
w(355,1,0,185,185)
r(102,1,0,186,186)
w(991,1,0,187,187)
r(811,0,0,188,188)
w(822,1,0,189,189)
w(25,1,0,190,190)
w(621,1,0,191,191)
w(784,2,0,192,192)
r(744,0,0,193,193)
w(90,1,0,194,194)
r(869,0,0,195,195)
r(438,0,0,196,196)
r(706,0,0,197,197)
r(620,1,0,198,198)
w(893,1,0,199,199)
r(947,0,0,200,200)
w(487,1,0,201,201)
r(631,0,0,202,202)
w(990,1,0,203,203)
w(97,1,0,204,204)
w(755,2,0,205,205)
r(989,0,0,206,206)
r(490,0,0,207,207)
w(182,1,0,208,208)
r(930,0,0,209,209)
r(24,0,0,210,210)
w(450,1,0,211,211)
r(80,1,0,212,212)
w(833,1,0,213,213)
r(178,0,0,214,214)
r(295,0,0,215,215)
r(422,0,0,216,216)
w(590,1,0,217,217)
r(804,0,0,218,218)
w(382,1,0,219,219)
r(407,0,0,220,220)
r(287,0,0,221,221)
r(759,0,0,222,222)
w(538,1,0,223,223)
w(813,1,0,224,224)
r(156,0,0,225,225)
r(596,0,0,226,226)
w(681,2,0,227,227)
w(114,1,0,228,228)
w(661,1,0,229,229)
w(545,1,0,230,230)
r(641,0,0,231,231)
w(96,1,0,232,232)
w(990,2,0,233,233)
r(875,0,0,234,234)
w(665,1,0,235,235)
r(795,0,0,236,236)
w(887,1,0,237,237)
w(896,1,0,238,238)
r(545,1,0,239,239)
r(71,0,0,240,240)
w(675,1,0,241,241)
w(485,1,0,242,242)
w(60,1,0,243,243)
w(121,1,0,244,244)
r(512,0,0,245,245)
w(329,1,0,246,246)
r(533,0,0,247,247)
w(378,1,0,248,248)
r(399,0,0,249,249)
w(211,1,0,250,250)
w(329,2,0,251,251)
r(451,0,0,252,252)
w(31,1,0,253,253)
r(774,0,0,254,254)
r(242,0,0,255,255)
w(109,1,0,256,256)
r(890,0,0,257,257)
w(902,1,0,258,258)
r(122,0,0,259,259)
r(258,1,0,260,260)
r(156,0,0,261,261)
r(292,0,0,262,262)
r(397,0,0,263,263)
r(269,0,0,264,264)
r(994,0,0,265,265)
w(575,1,0,266,266)
w(886,1,0,267,267)
r(630,0,0,268,268)
w(649,1,0,269,269)
w(464,1,0,270,270)
w(812,2,0,271,271)
r(492,0,0,272,272)
r(578,0,0,273,273)
r(128,0,0,274,274)
r(215,0,0,275,275)
r(103,0,0,276,276)
w(142,1,0,277,277)
r(506,0,0,278,278)
r(748,0,0,279,279)
r(225,0,0,280,280)
r(943,0,0,281,281)
r(766,0,0,282,282)
r(845,0,0,283,283)
r(699,0,0,284,284)
w(788,1,0,285,285)
w(131,1,0,286,286)
r(629,0,0,287,287)
w(552,1,0,288,288)
r(933,0,0,289,289)
w(177,1,0,290,290)
r(46,0,0,291,291)
r(145,0,0,292,292)
w(748,1,0,293,293)
w(800,1,0,294,294)
w(151,1,0,295,295)
w(225,1,0,296,296)
w(900,1,0,297,297)
r(755,2,0,298,298)
r(912,0,0,299,299)
w(563,1,0,300,300)
w(268,1,0,301,301)
w(464,2,0,302,302)
r(5,0,0,303,303)
w(830,1,0,304,304)
w(715,1,0,305,305)
r(588,0,0,306,306)
r(229,0,0,307,307)
w(663,1,0,308,308)
r(280,0,0,309,309)
w(123,1,0,310,310)
w(477,1,0,311,311)
r(688,0,0,312,312)
w(412,1,0,313,313)
r(797,0,0,314,314)
r(368,0,0,315,315)
w(204,1,0,316,316)
r(648,0,0,317,317)
w(521,1,0,318,318)
r(264,0,0,319,319)
r(65,0,0,320,320)
w(992,1,0,321,321)
w(290,1,0,322,322)
w(61,1,0,323,323)
w(126,1,0,324,324)
r(791,0,0,325,325)
r(476,0,0,326,326)
r(393,0,0,327,327)
r(829,0,0,328,328)
r(143,0,0,329,329)
r(209,0,0,330,330)
w(15,1,0,331,331)
w(168,1,0,332,332)
r(426,0,0,333,333)
r(499,0,0,334,334)
r(900,1,0,335,335)
r(88,0,0,336,336)
w(813,2,0,337,337)
w(780,1,0,338,338)
r(605,0,0,339,339)
w(374,1,0,340,340)
w(605,1,0,341,341)
r(758,1,0,342,342)
r(456,0,0,343,343)
w(791,1,0,344,344)
w(682,1,0,345,345)
w(203,1,0,346,346)
w(106,2,0,347,347)
w(603,2,0,348,348)
r(606,0,0,349,349)
w(942,1,0,350,350)
r(442,0,0,351,351)
r(750,0,0,352,352)
w(748,2,0,353,353)
w(493,1,0,354,354)
r(904,0,0,355,355)
w(895,1,0,356,356)
w(389,1,0,357,357)
w(539,1,0,358,358)
w(155,1,0,359,359)
r(967,1,0,360,360)
w(126,2,0,361,361)
w(89,1,0,362,362)
w(671,1,0,363,363)
w(803,1,0,364,364)
r(306,0,0,365,365)
w(568,1,0,366,366)
w(339,1,0,367,367)
r(633,0,0,368,368)
w(53,1,0,369,369)
r(380,0,0,370,370)
r(771,0,0,371,371)
r(360,0,0,372,372)
r(27,0,0,373,373)
w(570,1,0,374,374)
w(533,1,0,375,375)
w(325,1,0,376,376)
w(595,1,0,377,377)
w(819,1,0,378,378)
r(596,0,0,379,379)
r(378,1,0,380,380)
w(97,2,0,381,381)
w(559,1,0,382,382)
r(549,0,0,383,383)
r(664,0,0,384,384)
r(377,0,0,385,385)
w(536,2,0,386,386)
w(123,2,0,387,387)
r(948,0,0,388,388)
w(415,1,0,389,389)
r(192,0,0,390,390)
r(242,0,0,391,391)
r(75,0,0,392,392)
r(391,0,0,393,393)
w(429,1,0,394,394)
r(21,0,0,395,395)
w(406,1,0,396,396)
r(210,0,0,397,397)
w(485,2,0,398,398)
r(384,0,0,399,399)
w(533,2,0,400,400)
w(657,1,0,401,401)
w(853,1,0,402,402)
w(128,1,0,403,403)
w(392,1,0,404,404)
w(612,1,0,405,405)
r(843,0,0,406,406)
r(507,1,0,407,407)
r(825,0,0,408,408)
r(254,0,0,409,409)
r(73,0,0,410,410)
r(15,1,0,411,411)
w(130,1,0,412,412)
w(748,3,0,413,413)
r(829,0,0,414,414)
w(3,1,0,415,415)
w(549,1,0,416,416)
r(388,0,0,417,417)
r(973,0,0,418,418)
w(414,1,0,419,419)
w(284,1,0,420,420)
w(347,2,0,421,421)
r(850,0,0,422,422)
r(962,0,0,423,423)
r(822,1,0,424,424)
r(336,0,0,425,425)
w(187,1,0,426,426)
r(265,0,0,427,427)
r(364,0,0,428,428)
w(516,1,0,429,429)
r(881,0,0,430,430)
w(982,1,0,431,431)
r(528,0,0,432,432)
r(201,0,0,433,433)
r(164,0,0,434,434)
r(659,0,0,435,435)
r(988,0,0,436,436)
w(466,1,0,437,437)
w(369,1,0,438,438)
r(948,0,0,439,439)
r(763,0,0,440,440)
r(528,0,0,441,441)
w(432,1,0,442,442)
w(449,1,0,443,443)
r(232,0,0,444,444)
r(702,0,0,445,445)
w(341,1,0,446,446)
r(119,0,0,447,447)
w(634,2,0,448,448)
r(238,0,0,449,449)
w(811,1,0,450,450)
r(901,0,0,451,451)
r(869,0,0,452,452)
r(884,0,0,453,453)
w(270,1,0,454,454)
w(275,1,0,455,455)
w(120,2,0,456,456)
w(543,2,0,457,457)
r(275,1,0,458,458)
w(792,1,0,459,459)
r(340,0,0,460,460)
r(873,0,0,461,461)
r(906,0,0,462,462)
r(532,0,0,463,463)
w(747,1,0,464,464)
r(136,1,0,465,465)
w(270,2,0,466,466)
w(201,1,0,467,467)
w(581,1,0,468,468)
r(81,0,0,469,469)
w(43,1,0,470,470)
w(52,1,0,471,471)
r(425,0,0,472,472)
r(807,0,0,473,473)
w(435,1,0,474,474)
r(446,0,0,475,475)
w(943,1,0,476,476)
w(825,1,0,477,477)
w(322,1,0,478,478)
r(93,0,0,479,479)
r(169,0,0,480,480)
w(680,1,0,481,481)
w(241,1,0,482,482)
r(46,0,0,483,483)
w(986,1,0,484,484)
w(949,1,0,485,485)
w(973,1,0,486,486)
w(192,1,0,487,487)
w(740,1,0,488,488)
r(693,0,0,489,489)
w(215,1,0,490,490)
w(727,1,0,491,491)
r(745,0,0,492,492)
w(95,1,0,493,493)
w(756,1,0,494,494)
r(496,0,0,495,495)
r(125,0,0,496,496)
r(760,0,0,497,497)
w(322,2,0,498,498)
r(78,0,0,499,499)
w(88,1,1,0,0)
r(909,0,1,1,1)
w(803,2,1,2,2)
r(826,0,1,3,3)
w(104,1,1,4,4)
w(411,1,1,5,5)
r(527,0,1,6,6)
w(938,1,1,7,7)
r(939,0,1,8,8)
r(520,0,1,9,9)
w(258,2,1,10,10)
r(678,0,1,11,11)
r(804,0,1,12,12)
w(479,1,1,13,13)
r(33,0,1,14,14)
r(460,1,1,15,15)
w(813,3,1,16,16)
r(25,1,1,17,17)
w(978,1,1,18,18)
w(267,2,1,19,19)
r(477,1,1,20,20)
r(66,0,1,21,21)
w(784,3,1,22,22)
w(965,1,1,23,23)
w(332,1,1,24,24)
r(574,0,1,25,25)
w(372,1,1,26,26)
r(796,1,1,27,27)
r(820,0,1,28,28)
w(213,1,1,29,29)
r(965,1,1,30,30)
r(150,0,1,31,31)
r(787,0,1,32,32)
r(709,0,1,33,33)
w(625,1,1,34,34)
r(380,0,1,35,35)
w(249,2,1,36,36)
r(689,0,1,37,37)
r(500,0,1,38,38)
r(598,0,1,39,39)
r(724,0,1,40,40)
w(394,1,1,41,41)
w(448,1,1,42,42)
w(327,1,1,43,43)
r(472,0,1,44,44)
w(382,2,1,45,45)
w(426,1,1,46,46)
r(310,0,1,47,47)
w(124,1,1,48,48)
r(404,1,1,49,49)
w(916,1,1,50,50)
w(64,1,1,51,51)
w(186,1,1,52,52)
w(307,1,1,53,53)
r(353,1,1,54,54)
r(613,0,1,55,55)
r(593,0,1,56,56)
r(578,0,1,57,57)
r(73,0,1,58,58)
w(164,1,1,59,59)
r(561,0,1,60,60)
r(228,0,1,61,61)
r(647,0,1,62,62)
w(7,1,1,63,63)
r(251,0,1,64,64)
r(558,0,1,65,65)
w(78,1,1,66,66)
r(823,0,1,67,67)
w(95,2,1,68,68)
w(450,2,1,69,69)
r(501,1,1,70,70)
w(26,2,1,71,71)
w(934,1,1,72,72)
w(592,1,1,73,73)
w(659,1,1,74,74)
w(829,1,1,75,75)
w(783,1,1,76,76)
r(615,0,1,77,77)
w(464,3,1,78,78)
w(657,2,1,79,79)
w(998,2,1,80,80)
w(368,1,1,81,81)
r(810,0,1,82,82)
w(739,1,1,83,83)
r(149,0,1,84,84)
w(473,1,1,85,85)
w(118,1,1,86,86)
r(829,1,1,87,87)
r(967,1,1,88,88)
w(335,1,1,89,89)
w(294,1,1,90,90)
w(932,1,1,91,91)
w(656,1,1,92,92)
r(827,0,1,93,93)
w(280,1,1,94,94)
r(146,0,1,95,95)
w(175,1,1,96,96)
w(558,1,1,97,97)
w(165,1,1,98,98)
r(190,0,1,99,99)
r(911,0,1,100,100)
r(824,0,1,101,101)
r(875,0,1,102,102)
w(230,1,1,103,103)
r(310,0,1,104,104)
r(841,0,1,105,105)
r(69,0,1,106,106)
w(761,1,1,107,107)
w(505,1,1,108,108)
r(869,0,1,109,109)
w(919,1,1,110,110)
w(715,2,1,111,111)
w(985,1,1,112,112)
r(222,0,1,113,113)
r(153,0,1,114,114)
r(930,0,1,115,115)
r(881,0,1,116,116)
w(619,1,1,117,117)
w(815,1,1,118,118)
r(617,0,1,119,119)
w(481,1,1,120,120)
w(539,2,1,121,121)
r(886,1,1,122,122)
r(42,0,1,123,123)
r(131,1,1,124,124)
r(893,1,1,125,125)
w(456,1,1,126,126)
r(516,1,1,127,127)
w(291,1,1,128,128)
r(413,0,1,129,129)
w(11,1,1,130,130)
w(881,1,1,131,131)
r(869,0,1,132,132)
r(368,1,1,133,133)
r(24,0,1,134,134)
r(41,0,1,135,135)
w(192,2,1,136,136)
r(566,0,1,137,137)
r(976,0,1,138,138)
w(232,1,1,139,139)
r(781,0,1,140,140)
w(578,1,1,141,141)
w(878,1,1,142,142)
w(221,1,1,143,143)
r(366,0,1,144,144)
r(562,0,1,145,145)
w(857,1,1,146,146)
r(127,0,1,147,147)
r(857,1,1,148,148)
w(460,2,1,149,149)
w(616,1,1,150,150)
r(335,1,1,151,151)
w(717,1,1,152,152)
w(727,2,1,153,153)
r(956,0,1,154,154)
r(212,1,1,155,155)
w(416,1,1,156,156)
w(937,1,1,157,157)
r(40,0,1,158,158)
w(273,1,1,159,159)
w(980,1,1,160,160)
w(614,1,1,161,161)
w(975,2,1,162,162)
w(263,1,1,163,163)
r(698,0,1,164,164)
r(872,0,1,165,165)
r(276,0,1,166,166)
r(483,1,1,167,167)
w(395,1,1,168,168)
r(641,0,1,169,169)
w(770,2,1,170,170)
w(191,1,1,171,171)
w(993,1,1,172,172)
w(488,1,1,173,173)
w(177,2,1,174,174)
r(239,0,1,175,175)
w(991,2,1,176,176)
r(365,0,1,177,177)
r(652,0,1,178,178)
r(517,0,1,179,179)
w(797,1,1,180,180)
w(928,1,1,181,181)
w(314,1,1,182,182)
r(604,0,1,183,183)
w(272,1,1,184,184)
r(107,0,1,185,185)
r(79,0,1,186,186)
w(747,2,1,187,187)
w(632,1,1,188,188)
w(503,1,1,189,189)
w(920,1,1,190,190)
w(151,2,1,191,191)
r(909,0,1,192,192)
r(864,0,1,193,193)
r(601,0,1,194,194)
w(859,1,1,195,195)
r(285,0,1,196,196)
r(935,0,1,197,197)
r(150,0,1,198,198)
w(774,1,1,199,199)
r(909,0,1,200,200)
w(530,1,1,201,201)
r(32,0,1,202,202)
w(149,1,1,203,203)
r(70,0,1,204,204)
r(732,0,1,205,205)
r(305,0,1,206,206)
w(139,1,1,207,207)
r(667,0,1,208,208)
r(405,0,1,209,209)
w(42,1,1,210,210)
r(406,1,1,211,211)
w(262,1,1,212,212)
w(478,1,1,213,213)
r(517,0,1,214,214)
w(86,1,1,215,215)
r(395,1,1,216,216)
w(707,1,1,217,217)
r(353,1,1,218,218)
r(922,0,1,219,219)
r(651,0,1,220,220)
w(809,1,1,221,221)
r(474,0,1,222,222)
w(369,2,1,223,223)
w(523,1,1,224,224)
w(157,1,1,225,225)
r(438,0,1,226,226)
r(948,0,1,227,227)
w(37,1,1,228,228)
w(391,1,1,229,229)
w(742,1,1,230,230)
w(189,1,1,231,231)
w(390,1,1,232,232)
w(290,2,1,233,233)
w(403,1,1,234,234)
r(285,0,1,235,235)
w(80,2,1,236,236)
r(459,0,1,237,237)
w(64,2,1,238,238)
r(923,1,1,239,239)
r(652,0,1,240,240)
r(292,0,1,241,241)
r(301,0,1,242,242)
w(286,1,1,243,243)
r(856,0,1,244,244)
w(791,2,1,245,245)
w(312,1,1,246,246)
w(858,1,1,247,247)
r(767,0,1,248,248)
r(577,0,1,249,249)
r(958,0,1,250,250)
r(12,0,1,251,251)
w(756,2,1,252,252)
r(554,0,1,253,253)
r(529,0,1,254,254)
r(158,0,1,255,255)
r(895,1,1,256,256)
r(251,0,1,257,257)
w(477,2,1,258,258)
w(833,2,1,259,259)
w(259,1,1,260,260)
w(252,1,1,261,261)
r(601,0,1,262,262)
r(265,0,1,263,263)
w(305,1,1,264,264)
r(940,0,1,265,265)
w(658,1,1,266,266)
r(585,0,1,267,267)
w(537,1,1,268,268)
w(769,1,1,269,269)
w(680,2,1,270,270)
r(713,0,1,271,271)
w(321,1,1,272,272)
w(880,3,1,273,273)
r(501,1,1,274,274)
r(408,0,1,275,275)
r(624,0,1,276,276)
r(218,0,1,277,277)
r(725,0,1,278,278)
r(499,0,1,279,279)
w(248,1,1,280,280)
w(429,2,1,281,281)
w(664,1,1,282,282)
r(176,0,1,283,283)
w(438,1,1,284,284)
r(682,1,1,285,285)
w(958,1,1,286,286)
r(135,0,1,287,287)
w(596,1,1,288,288)
w(964,1,1,289,289)
w(632,2,1,290,290)
w(672,1,1,291,291)
r(51,0,1,292,292)
w(321,2,1,293,293)
r(481,1,1,294,294)
w(184,1,1,295,295)
r(584,0,1,296,296)
w(593,1,1,297,297)
w(665,2,1,298,298)
r(341,1,1,299,299)
r(565,0,1,300,300)
w(185,1,1,301,301)
w(629,1,1,302,302)
w(10,1,1,303,303)
r(483,1,1,304,304)
r(192,2,1,305,305)
w(888,1,1,306,306)
w(262,2,1,307,307)
w(489,1,1,308,308)
r(685,0,1,309,309)
r(334,0,1,310,310)
w(878,2,1,311,311)
r(9,0,1,312,312)
r(646,0,1,313,313)
w(172,1,1,314,314)
r(542,0,1,315,315)
r(981,0,1,316,316)
r(171,0,1,317,317)
r(70,0,1,318,318)
w(108,1,1,319,319)
r(773,0,1,320,320)
r(551,0,1,321,321)
w(925,1,1,322,322)
r(280,1,1,323,323)
r(743,0,1,324,324)
w(131,2,1,325,325)
r(337,0,1,326,326)
w(399,1,1,327,327)
w(915,1,1,328,328)
w(116,1,1,329,329)
w(568,2,1,330,330)
r(61,1,1,331,331)
w(863,1,1,332,332)
w(312,2,1,333,333)
w(647,1,1,334,334)
r(555,0,1,335,335)
w(544,1,1,336,336)
w(129,1,1,337,337)
r(644,0,1,338,338)
w(659,2,1,339,339)
w(923,2,1,340,340)
w(278,1,1,341,341)
r(297,0,1,342,342)
w(96,2,1,343,343)
w(646,1,1,344,344)
r(56,0,1,345,345)
r(28,0,1,346,346)
w(106,3,1,347,347)
w(477,3,1,348,348)
r(654,0,1,349,349)
w(452,1,1,350,350)
w(748,4,1,351,351)
w(918,2,1,352,352)
w(106,4,1,353,353)
w(837,1,1,354,354)
r(289,0,1,355,355)
r(907,0,1,356,356)
r(256,0,1,357,357)
r(691,0,1,358,358)
w(871,1,1,359,359)
w(183,1,1,360,360)
w(775,1,1,361,361)
w(712,2,1,362,362)
w(356,1,1,363,363)
w(466,2,1,364,364)
r(710,0,1,365,365)
w(34,1,1,366,366)
w(740,2,1,367,367)
w(178,1,1,368,368)
w(205,1,1,369,369)
w(90,2,1,370,370)
w(658,2,1,371,371)
w(489,2,1,372,372)
r(117,0,1,373,373)
w(41,1,1,374,374)
r(829,1,1,375,375)
w(72,1,1,376,376)
r(575,1,1,377,377)
r(136,1,1,378,378)
r(426,1,1,379,379)
r(49,0,1,380,380)
r(748,4,1,381,381)
r(131,2,1,382,382)
r(561,0,1,383,383)
w(368,2,1,384,384)
r(479,1,1,385,385)
w(251,1,1,386,386)
w(817,1,1,387,387)
r(570,1,1,388,388)
w(162,1,1,389,389)
w(386,1,1,390,390)
w(933,1,1,391,391)
w(16,2,1,392,392)
w(671,2,1,393,393)
r(717,1,1,394,394)
w(850,1,1,395,395)
w(919,2,1,396,396)
w(878,3,1,397,397)
w(302,2,1,398,398)
r(8,0,1,399,399)
w(996,1,1,400,400)
w(403,2,1,401,401)
r(296,0,1,402,402)
w(516,2,1,403,403)
w(646,2,1,404,404)
r(912,0,1,405,405)
r(523,1,1,406,406)
w(806,1,1,407,407)
w(863,2,1,408,408)
r(898,0,1,409,409)
r(368,2,1,410,410)
r(259,1,1,411,411)
r(253,0,1,412,412)
r(249,2,1,413,413)
r(701,1,1,414,414)
r(566,0,1,415,415)
r(552,1,1,416,416)
r(417,0,1,417,417)
w(171,1,1,418,418)
r(64,2,1,419,419)
r(857,1,1,420,420)
r(833,2,1,421,421)
w(947,1,1,422,422)
w(785,2,1,423,423)
r(625,1,1,424,424)
r(574,0,1,425,425)
w(914,1,1,426,426)
r(844,1,1,427,427)
w(747,3,1,428,428)
w(704,1,1,429,429)
w(975,3,1,430,430)
r(896,1,1,431,431)
w(486,1,1,432,432)
r(784,3,1,433,433)
r(704,1,1,434,434)
r(551,0,1,435,435)
r(443,0,1,436,436)
r(392,1,1,437,437)
r(483,1,1,438,438)
r(900,1,1,439,439)
w(993,2,1,440,440)
r(707,1,1,441,441)
r(478,1,1,442,442)
w(427,1,1,443,443)
r(548,0,1,444,444)
r(969,0,1,445,445)
w(837,2,1,446,446)
r(686,0,1,447,447)
r(401,0,1,448,448)
w(375,1,1,449,449)
r(558,1,1,450,450)
w(857,2,1,451,451)
w(963,1,1,452,452)
r(427,1,1,453,453)
r(574,0,1,454,454)
r(877,0,1,455,455)
r(108,1,1,456,456)
r(476,0,1,457,457)
r(187,1,1,458,458)
r(905,0,1,459,459)
r(589,0,1,460,460)
r(825,1,1,461,461)
w(86,2,1,462,462)
r(610,0,1,463,463)
w(69,1,1,464,464)
w(576,1,1,465,465)
w(675,2,1,466,466)
r(958,1,1,467,467)
w(884,1,1,468,468)
r(830,1,1,469,469)
w(183,2,1,470,470)
r(194,1,1,471,471)
r(110,0,1,472,472)
w(772,1,1,473,473)
r(766,0,1,474,474)
w(919,3,1,475,475)
w(698,1,1,476,476)
w(387,1,1,477,477)
w(537,2,1,478,478)
w(363,1,1,479,479)
r(505,1,1,480,480)
r(946,1,1,481,481)
w(300,1,1,482,482)
w(565,1,1,483,483)
r(67,0,1,484,484)
w(485,3,1,485,485)
r(827,0,1,486,486)
w(212,2,1,487,487)
r(655,0,1,488,488)
w(944,1,1,489,489)
r(286,1,1,490,490)
w(869,1,1,491,491)
w(648,1,1,492,492)
r(109,1,1,493,493)
w(72,2,1,494,494)
r(450,2,1,495,495)
r(542,0,1,496,496)
w(2,2,1,497,497)
r(540,0,1,498,498)
r(427,1,1,499,499)
w(332,2,2,0,0)
w(394,2,2,1,1)
r(996,1,2,2,2)
r(696,0,2,3,3)
r(737,0,2,4,4)
w(668,1,2,5,5)
r(714,0,2,6,6)
r(642,1,2,7,7)
w(860,1,2,8,8)
r(916,1,2,9,9)
w(79,1,2,10,10)
w(450,3,2,11,11)
w(637,1,2,12,12)
r(308,0,2,13,13)
w(269,1,2,14,14)
w(784,4,2,15,15)
r(734,0,2,16,16)
r(434,0,2,17,17)
r(783,1,2,18,18)
r(40,0,2,19,19)
r(114,1,2,20,20)
r(367,0,2,21,21)
r(241,1,2,22,22)
w(707,2,2,23,23)
r(642,1,2,24,24)
r(643,0,2,25,25)
r(774,1,2,26,26)
r(276,0,2,27,27)
r(911,0,2,28,28)
r(800,1,2,29,29)
w(962,1,2,30,30)
r(629,1,2,31,31)
w(858,2,2,32,32)
w(835,1,2,33,33)
w(45,1,2,34,34)
w(337,1,2,35,35)
w(542,1,2,36,36)
w(865,1,2,37,37)
r(493,1,2,38,38)
r(636,0,2,39,39)
r(870,0,2,40,40)
r(625,1,2,41,41)
w(457,1,2,42,42)
r(140,0,2,43,43)
w(308,1,2,44,44)
r(47,0,2,45,45)
r(412,1,2,46,46)
w(319,1,2,47,47)
r(761,1,2,48,48)
r(56,0,2,49,49)
r(274,0,2,50,50)
r(354,0,2,51,51)
w(246,1,2,52,52)
w(551,1,2,53,53)
r(985,1,2,54,54)
w(89,2,2,55,55)
r(381,0,2,56,56)
w(274,1,2,57,57)
r(544,1,2,58,58)
r(614,1,2,59,59)
w(596,2,2,60,60)
r(90,2,2,61,61)
w(414,2,2,62,62)
w(263,2,2,63,63)
r(906,0,2,64,64)
r(392,1,2,65,65)
r(681,2,2,66,66)
r(656,1,2,67,67)
r(620,1,2,68,68)
w(609,1,2,69,69)
r(203,1,2,70,70)
r(206,0,2,71,71)
w(648,2,2,72,72)
r(200,0,2,73,73)
r(319,1,2,74,74)
w(651,1,2,75,75)
r(599,0,2,76,76)
w(107,1,2,77,77)
w(530,2,2,78,78)
w(913,1,2,79,79)
w(304,1,2,80,80)
w(542,2,2,81,81)
r(575,1,2,82,82)
w(167,1,2,83,83)
w(938,2,2,84,84)
w(810,1,2,85,85)
r(180,0,2,86,86)
r(364,0,2,87,87)
r(465,0,2,88,88)
w(323,1,2,89,89)
r(473,1,2,90,90)
w(146,1,2,91,91)
r(514,0,2,92,92)
r(685,0,2,93,93)
r(219,0,2,94,94)
r(998,2,2,95,95)
w(649,2,2,96,96)
r(262,2,2,97,97)
w(668,2,2,98,98)
w(532,1,2,99,99)
w(25,2,2,100,100)
r(286,1,2,101,101)
w(78,2,2,102,102)
r(508,0,2,103,103)
w(967,2,2,104,104)
w(817,2,2,105,105)
w(442,1,2,106,106)
r(557,0,2,107,107)
w(554,1,2,108,108)
w(806,2,2,109,109)
w(731,1,2,110,110)
w(31,2,2,111,111)
r(789,0,2,112,112)
r(404,1,2,113,113)
w(289,1,2,114,114)
r(7,1,2,115,115)
r(73,0,2,116,116)
w(558,2,2,117,117)
w(921,1,2,118,118)
r(310,0,2,119,119)
r(673,0,2,120,120)
r(765,0,2,121,121)
r(626,0,2,122,122)
w(473,2,2,123,123)
w(460,3,2,124,124)
r(107,1,2,125,125)
r(839,1,2,126,126)
w(667,1,2,127,127)
w(437,1,2,128,128)
w(401,1,2,129,129)
w(718,1,2,130,130)
r(912,0,2,131,131)
w(568,3,2,132,132)
r(362,0,2,133,133)
w(151,3,2,134,134)
w(493,2,2,135,135)
r(556,0,2,136,136)
w(961,1,2,137,137)
w(878,4,2,138,138)
w(789,1,2,139,139)
w(27,1,2,140,140)
w(66,1,2,141,141)
w(350,1,2,142,142)
r(179,0,2,143,143)
w(836,1,2,144,144)
r(112,0,2,145,145)
r(871,1,2,146,146)
w(203,2,2,147,147)
r(401,1,2,148,148)
w(746,1,2,149,149)
r(906,0,2,150,150)
r(544,1,2,151,151)
w(565,2,2,152,152)
w(853,2,2,153,153)
r(431,0,2,154,154)
w(41,2,2,155,155)
w(785,3,2,156,156)
r(714,0,2,157,157)
w(763,1,2,158,158)
w(503,2,2,159,159)
w(348,2,2,160,160)
r(13,0,2,161,161)
r(243,0,2,162,162)
w(877,1,2,163,163)
w(762,2,2,164,164)
r(674,0,2,165,165)
w(69,2,2,166,166)
r(329,2,2,167,167)
r(602,0,2,168,168)
w(900,2,2,169,169)
w(467,1,2,170,170)
w(521,2,2,171,171)
r(722,0,2,172,172)
w(452,2,2,173,173)
r(507,1,2,174,174)
w(919,4,2,175,175)
r(963,1,2,176,176)
w(879,1,2,177,177)
r(307,1,2,178,178)
r(896,1,2,179,179)
w(569,1,2,180,180)
w(808,1,2,181,181)
w(624,1,2,182,182)
w(436,2,2,183,183)
w(307,2,2,184,184)
w(37,2,2,185,185)
w(3,2,2,186,186)
r(9,0,2,187,187)
r(519,0,2,188,188)
w(815,2,2,189,189)
w(732,1,2,190,190)
w(614,2,2,191,191)
w(874,1,2,192,192)
w(559,2,2,193,193)
r(718,1,2,194,194)
r(657,2,2,195,195)
w(331,1,2,196,196)
r(729,0,2,197,197)
w(841,1,2,198,198)
r(588,0,2,199,199)
r(602,0,2,200,200)
r(506,0,2,201,201)
r(612,1,2,202,202)
r(915,1,2,203,203)
r(361,0,2,204,204)
r(792,1,2,205,205)
w(156,1,2,206,206)
r(55,0,2,207,207)
r(552,1,2,208,208)
w(489,3,2,209,209)
r(19,0,2,210,210)
r(382,2,2,211,211)
w(272,2,2,212,212)
w(366,1,2,213,213)
r(368,2,2,214,214)
w(8,1,2,215,215)
w(749,1,2,216,216)
w(901,1,2,217,217)
w(114,2,2,218,218)
r(924,0,2,219,219)
w(843,1,2,220,220)
w(575,2,2,221,221)
w(260,1,2,222,222)
r(83,0,2,223,223)
r(363,1,2,224,224)
w(780,2,2,225,225)
w(480,1,2,226,226)
w(571,1,2,227,227)
w(999,1,2,228,228)
w(980,2,2,229,229)
w(126,3,2,230,230)
w(279,1,2,231,231)
r(847,0,2,232,232)
r(848,1,2,233,233)
w(853,3,2,234,234)
r(667,1,2,235,235)
r(711,0,2,236,236)
r(956,0,2,237,237)
r(475,0,2,238,238)
w(218,1,2,239,239)
w(433,1,2,240,240)
r(685,0,2,241,241)
r(800,1,2,242,242)
w(226,1,2,243,243)
w(134,1,2,244,244)
r(600,0,2,245,245)
w(42,2,2,246,246)
w(423,1,2,247,247)
w(577,1,2,248,248)
r(133,0,2,249,249)
r(20,0,2,250,250)
r(387,1,2,251,251)
w(287,1,2,252,252)
r(875,0,2,253,253)
r(939,0,2,254,254)
w(665,3,2,255,255)
r(850,1,2,256,256)
w(801,1,2,257,257)
r(401,1,2,258,258)
r(871,1,2,259,259)
r(803,2,2,260,260)
r(939,0,2,261,261)
r(538,1,2,262,262)
r(125,0,2,263,263)
r(876,0,2,264,264)
r(651,1,2,265,265)
r(739,1,2,266,266)
r(877,1,2,267,267)
r(439,0,2,268,268)
r(189,1,2,269,269)
r(638,0,2,270,270)
r(494,0,2,271,271)
w(222,1,2,272,272)
r(147,0,2,273,273)
w(192,3,2,274,274)
w(387,2,2,275,275)
w(121,2,2,276,276)
r(876,0,2,277,277)
w(164,2,2,278,278)
w(69,3,2,279,279)
r(664,1,2,280,280)
r(607,1,2,281,281)
r(748,4,2,282,282)
r(884,1,2,283,283)
r(765,0,2,284,284)
w(406,2,2,285,285)
w(595,2,2,286,286)
r(626,0,2,287,287)
r(339,1,2,288,288)
r(153,0,2,289,289)
r(96,2,2,290,290)
r(558,2,2,291,291)
r(869,1,2,292,292)
r(682,1,2,293,293)
w(102,2,2,294,294)
w(828,1,2,295,295)
r(908,0,2,296,296)
w(871,2,2,297,297)
w(880,4,2,298,298)
r(580,0,2,299,299)
r(462,0,2,300,300)
w(369,3,2,301,301)
r(572,0,2,302,302)
w(232,2,2,303,303)
r(230,1,2,304,304)
r(565,2,2,305,305)
w(373,1,2,306,306)
w(197,1,2,307,307)
w(490,1,2,308,308)
w(379,1,2,309,309)
w(489,4,2,310,310)
w(151,4,2,311,311)
w(596,3,2,312,312)
r(23,0,2,313,313)
r(26,2,2,314,314)
w(727,3,2,315,315)
w(815,3,2,316,316)
r(208,0,2,317,317)
w(393,1,2,318,318)
w(803,3,2,319,319)
w(768,1,2,320,320)
r(131,2,2,321,321)
r(332,2,2,322,322)
r(29,0,2,323,323)
r(481,1,2,324,324)
w(319,2,2,325,325)
w(10,2,2,326,326)
w(604,1,2,327,327)
w(494,1,2,328,328)
r(990,2,2,329,329)
r(554,1,2,330,330)
r(238,0,2,331,331)
r(734,0,2,332,332)
r(320,0,2,333,333)
r(970,0,2,334,334)
r(741,0,2,335,335)
r(857,2,2,336,336)
w(999,2,2,337,337)
r(313,0,2,338,338)
w(515,2,2,339,339)
r(515,2,2,340,340)
r(798,0,2,341,341)
w(592,2,2,342,342)
r(419,0,2,343,343)
w(776,1,2,344,344)
w(473,3,2,345,345)
w(534,1,2,346,346)
w(731,2,2,347,347)
w(710,1,2,348,348)
w(403,3,2,349,349)
r(490,1,2,350,350)
w(978,2,2,351,351)
w(249,3,2,352,352)
r(925,1,2,353,353)
w(455,1,2,354,354)
r(389,1,2,355,355)
w(653,1,2,356,356)
r(445,1,2,357,357)
w(609,2,2,358,358)
r(469,0,2,359,359)
r(64,2,2,360,360)
w(395,2,2,361,361)
r(598,0,2,362,362)
r(213,1,2,363,363)
r(36,1,2,364,364)
r(460,3,2,365,365)
r(514,0,2,366,366)
r(387,2,2,367,367)
r(763,1,2,368,368)
w(670,1,2,369,369)
r(11,1,2,370,370)
w(857,3,2,371,371)
r(194,1,2,372,372)
w(317,2,2,373,373)
w(782,1,2,374,374)
w(816,1,2,375,375)
r(270,2,2,376,376)
r(672,1,2,377,377)
r(174,0,2,378,378)
w(935,1,2,379,379)
r(932,1,2,380,380)
w(311,1,2,381,381)
w(884,2,2,382,382)
w(507,2,2,383,383)
r(178,1,2,384,384)
r(300,1,2,385,385)
w(499,1,2,386,386)
r(398,0,2,387,387)
r(387,2,2,388,388)
r(256,0,2,389,389)
r(907,0,2,390,390)
r(832,0,2,391,391)
r(104,1,2,392,392)
w(786,1,2,393,393)
r(668,2,2,394,394)
w(348,3,2,395,395)
r(857,3,2,396,396)
w(576,2,2,397,397)
w(862,1,2,398,398)
w(85,1,2,399,399)
r(878,4,2,400,400)
w(408,1,2,401,401)
r(282,0,2,402,402)
r(612,1,2,403,403)
r(648,2,2,404,404)
w(936,1,2,405,405)
r(35,0,2,406,406)
w(120,3,2,407,407)
w(782,2,2,408,408)
r(140,0,2,409,409)
w(678,1,2,410,410)
w(165,2,2,411,411)
r(409,0,2,412,412)
w(975,4,2,413,413)
w(901,2,2,414,414)
w(820,1,2,415,415)
r(73,0,2,416,416)
r(585,0,2,417,417)
w(585,1,2,418,418)
r(303,1,2,419,419)
r(855,0,2,420,420)
w(845,1,2,421,421)
w(91,1,2,422,422)
w(782,3,2,423,423)
r(50,0,2,424,424)
r(855,0,2,425,425)
r(815,3,2,426,426)
w(751,1,2,427,427)
w(750,1,2,428,428)
r(12,0,2,429,429)
w(554,2,2,430,430)
r(969,0,2,431,431)
r(164,2,2,432,432)
w(130,2,2,433,433)
r(647,1,2,434,434)
r(811,1,2,435,435)
r(287,1,2,436,436)
r(160,0,2,437,437)
w(431,1,2,438,438)
r(795,0,2,439,439)
r(107,1,2,440,440)
r(755,2,2,441,441)
w(761,2,2,442,442)
r(504,0,2,443,443)
w(900,3,2,444,444)
r(922,0,2,445,445)
r(198,1,2,446,446)
r(776,1,2,447,447)
r(621,1,2,448,448)
w(808,2,2,449,449)
r(663,1,2,450,450)
r(576,2,2,451,451)
r(695,0,2,452,452)
r(29,0,2,453,453)
r(35,0,2,454,454)
w(38,1,2,455,455)
r(142,1,2,456,456)
r(839,1,2,457,457)
w(8,2,2,458,458)
r(177,2,2,459,459)
w(182,2,2,460,460)
w(699,1,2,461,461)
r(639,0,2,462,462)
r(55,0,2,463,463)
r(350,1,2,464,464)
r(259,1,2,465,465)
r(585,1,2,466,466)
r(964,1,2,467,467)
r(826,0,2,468,468)
w(675,3,2,469,469)
r(69,3,2,470,470)
r(568,3,2,471,471)
r(923,2,2,472,472)
w(63,1,2,473,473)
w(815,4,2,474,474)
w(463,1,2,475,475)
r(150,0,2,476,476)
r(600,0,2,477,477)
w(916,2,2,478,478)
r(31,2,2,479,479)
r(392,1,2,480,480)
r(996,1,2,481,481)
w(340,1,2,482,482)
r(757,0,2,483,483)
w(255,1,2,484,484)
r(173,0,2,485,485)
w(336,1,2,486,486)
w(690,1,2,487,487)
r(55,0,2,488,488)
r(797,1,2,489,489)
r(585,1,2,490,490)
r(554,2,2,491,491)
w(656,2,2,492,492)
w(347,3,2,493,493)
w(491,1,2,494,494)
r(723,0,2,495,495)
w(357,1,2,496,496)
r(81,0,2,497,497)
w(46,1,2,498,498)
w(360,1,2,499,499)
w(589,1,3,0,0)
r(127,0,3,1,1)
w(935,2,3,2,2)
r(402,0,3,3,3)
r(980,2,3,4,4)
r(693,0,3,5,5)
w(834,1,3,6,6)
r(456,1,3,7,7)
w(291,2,3,8,8)
r(489,4,3,9,9)
r(854,0,3,10,10)
w(859,2,3,11,11)
r(869,1,3,12,12)
r(453,0,3,13,13)
w(856,1,3,14,14)
w(715,3,3,15,15)
r(558,2,3,16,16)
w(556,1,3,17,17)
r(908,0,3,18,18)
w(128,2,3,19,19)
w(126,4,3,20,20)
r(704,1,3,21,21)
r(814,0,3,22,22)
w(921,2,3,23,23)
w(704,2,3,24,24)
r(224,0,3,25,25)
w(276,1,3,26,26)
r(481,1,3,27,27)
r(843,1,3,28,28)
r(184,1,3,29,29)
r(107,1,3,30,30)
w(980,3,3,31,31)
w(409,1,3,32,32)
w(429,3,3,33,33)
w(285,1,3,34,34)
r(697,0,3,35,35)
r(207,0,3,36,36)
r(881,1,3,37,37)
w(768,2,3,38,38)
w(728,1,3,39,39)
r(129,1,3,40,40)
r(723,0,3,41,41)
w(451,1,3,42,42)
w(896,2,3,43,43)
w(577,2,3,44,44)
r(37,2,3,45,45)
r(226,1,3,46,46)
w(282,1,3,47,47)
w(504,1,3,48,48)
w(894,1,3,49,49)
w(929,1,3,50,50)
r(125,0,3,51,51)
r(215,1,3,52,52)
r(289,1,3,53,53)
w(268,2,3,54,54)
w(38,2,3,55,55)
r(172,1,3,56,56)
r(171,1,3,57,57)
r(362,0,3,58,58)
r(290,2,3,59,59)
r(250,0,3,60,60)
r(975,4,3,61,61)
w(350,2,3,62,62)
w(12,1,3,63,63)
r(255,1,3,64,64)
r(348,3,3,65,65)
w(869,2,3,66,66)
r(205,1,3,67,67)
r(917,0,3,68,68)
r(942,1,3,69,69)
r(789,1,3,70,70)
w(757,1,3,71,71)
w(1,1,3,72,72)
w(491,2,3,73,73)
r(784,4,3,74,74)
w(389,2,3,75,75)
r(39,1,3,76,76)
r(983,0,3,77,77)
w(261,1,3,78,78)
w(893,2,3,79,79)
w(219,1,3,80,80)
w(10,3,3,81,81)
r(454,0,3,82,82)
w(657,3,3,83,83)
r(572,0,3,84,84)
r(973,1,3,85,85)
w(177,3,3,86,86)
w(47,1,3,87,87)
w(557,1,3,88,88)
r(886,1,3,89,89)
r(506,0,3,90,90)
w(20,1,3,91,91)
w(536,3,3,92,92)
w(179,1,3,93,93)
r(444,0,3,94,94)
r(864,0,3,95,95)
r(428,0,3,96,96)
w(767,1,3,97,97)
w(891,1,3,98,98)
r(605,1,3,99,99)
w(215,2,3,100,100)
w(756,3,3,101,101)
r(751,1,3,102,102)
r(343,0,3,103,103)
r(570,1,3,104,104)
w(56,1,3,105,105)
r(601,0,3,106,106)
r(656,2,3,107,107)
w(627,1,3,108,108)
w(640,2,3,109,109)
r(905,0,3,110,110)
r(638,0,3,111,111)
w(793,1,3,112,112)
w(577,3,3,113,113)
r(267,2,3,114,114)
r(370,0,3,115,115)
r(458,0,3,116,116)
r(512,0,3,117,117)
w(716,1,3,118,118)
r(139,1,3,119,119)
r(67,0,3,120,120)
w(34,2,3,121,121)
w(340,2,3,122,122)
w(324,1,3,123,123)
w(660,1,3,124,124)
r(242,0,3,125,125)
w(401,2,3,126,126)
w(189,2,3,127,127)
r(171,1,3,128,128)
w(920,2,3,129,129)
r(77,0,3,130,130)
w(128,3,3,131,131)
r(287,1,3,132,132)
r(994,0,3,133,133)
r(908,0,3,134,134)
w(634,3,3,135,135)
r(672,1,3,136,136)
r(33,0,3,137,137)
w(750,2,3,138,138)
w(783,2,3,139,139)
w(617,1,3,140,140)
r(321,2,3,141,141)
w(677,1,3,142,142)
r(267,2,3,143,143)
r(744,0,3,144,144)
w(848,2,3,145,145)
r(29,0,3,146,146)
w(120,4,3,147,147)
w(90,3,3,148,148)
w(72,3,3,149,149)
w(318,1,3,150,150)
r(135,0,3,151,151)
w(328,1,3,152,152)
w(433,2,3,153,153)
r(566,0,3,154,154)
w(472,1,3,155,155)
w(569,2,3,156,156)
r(257,0,3,157,157)
w(325,2,3,158,158)
w(137,1,3,159,159)
r(524,0,3,160,160)
w(739,2,3,161,161)
w(833,3,3,162,162)
w(248,2,3,163,163)
r(124,1,3,164,164)
w(336,2,3,165,165)
w(515,3,3,166,166)
r(326,0,3,167,167)
w(395,3,3,168,168)
w(919,5,3,169,169)
w(167,2,3,170,170)
w(572,1,3,171,171)
w(633,1,3,172,172)
w(513,1,3,173,173)
r(718,1,3,174,174)
r(581,1,3,175,175)
w(749,2,3,176,176)
w(186,2,3,177,177)
r(217,0,3,178,178)
r(469,0,3,179,179)
w(589,2,3,180,180)
w(600,1,3,181,181)
r(997,0,3,182,182)
r(919,5,3,183,183)
r(92,0,3,184,184)
w(381,1,3,185,185)
r(933,1,3,186,186)
r(77,0,3,187,187)
w(135,1,3,188,188)
w(531,2,3,189,189)
w(703,2,3,190,190)
r(176,0,3,191,191)
r(324,1,3,192,192)
r(619,1,3,193,193)
w(385,2,3,194,194)
w(719,1,3,195,195)
w(859,3,3,196,196)
w(186,3,3,197,197)
w(147,1,3,198,198)
r(919,5,3,199,199)
w(175,2,3,200,200)
r(346,1,3,201,201)
w(708,2,3,202,202)
w(228,1,3,203,203)
w(507,3,3,204,204)
r(687,0,3,205,205)
w(834,2,3,206,206)
w(543,3,3,207,207)
w(139,2,3,208,208)
w(642,2,3,209,209)
w(893,3,3,210,210)
r(556,1,3,211,211)
w(668,3,3,212,212)
r(972,0,3,213,213)
w(373,2,3,214,214)
r(22,0,3,215,215)
w(140,1,3,216,216)
r(762,2,3,217,217)
r(696,0,3,218,218)
w(813,4,3,219,219)
w(123,3,3,220,220)
w(834,3,3,221,221)
r(320,0,3,222,222)
w(644,1,3,223,223)
r(575,2,3,224,224)
r(127,0,3,225,225)
r(689,0,3,226,226)
w(231,1,3,227,227)
w(182,3,3,228,228)
r(988,0,3,229,229)
r(642,2,3,230,230)
w(232,3,3,231,231)
r(268,2,3,232,232)
r(946,1,3,233,233)
w(38,3,3,234,234)
w(250,1,3,235,235)
r(705,0,3,236,236)
r(846,0,3,237,237)
r(71,0,3,238,238)
r(828,1,3,239,239)
r(33,0,3,240,240)
r(196,0,3,241,241)
w(475,1,3,242,242)
r(792,1,3,243,243)
r(822,1,3,244,244)
w(300,2,3,245,245)
w(86,3,3,246,246)
r(612,1,3,247,247)
w(713,1,3,248,248)
r(133,0,3,249,249)
r(235,0,3,250,250)
w(997,1,3,251,251)
r(492,0,3,252,252)
r(653,1,3,253,253)
r(934,1,3,254,254)
r(714,0,3,255,255)
w(19,1,3,256,256)
r(621,1,3,257,257)
r(42,2,3,258,258)
w(222,2,3,259,259)
r(522,0,3,260,260)
w(188,1,3,261,261)
r(362,0,3,262,262)
w(274,2,3,263,263)
w(244,1,3,264,264)
w(445,2,3,265,265)
w(607,2,3,266,266)
r(397,0,3,267,267)
r(943,1,3,268,268)
r(85,1,3,269,269)
w(636,1,3,270,270)
w(978,3,3,271,271)
w(199,1,3,272,272)
r(27,1,3,273,273)
w(179,2,3,274,274)
r(784,4,3,275,275)
r(274,2,3,276,276)
r(831,0,3,277,277)
r(382,2,3,278,278)
r(700,0,3,279,279)
w(224,1,3,280,280)
r(644,1,3,281,281)
r(772,1,3,282,282)
r(662,1,3,283,283)
r(898,0,3,284,284)
w(429,4,3,285,285)
w(353,2,3,286,286)
r(990,2,3,287,287)
r(560,1,3,288,288)
w(519,1,3,289,289)
w(977,1,3,290,290)
r(13,0,3,291,291)
w(868,1,3,292,292)
r(503,2,3,293,293)
r(320,0,3,294,294)
w(554,3,3,295,295)
w(117,1,3,296,296)
r(581,1,3,297,297)
r(581,1,3,298,298)
r(967,2,3,299,299)
w(951,1,3,300,300)
w(894,2,3,301,301)
r(33,0,3,302,302)
w(48,1,3,303,303)
r(225,1,3,304,304)
r(407,0,3,305,305)
w(17,1,3,306,306)
r(171,1,3,307,307)
w(698,2,3,308,308)
r(427,1,3,309,309)
r(993,2,3,310,310)
r(300,2,3,311,311)
w(883,1,3,312,312)
w(679,1,3,313,313)
r(941,0,3,314,314)
r(759,0,3,315,315)
r(257,0,3,316,316)
w(400,1,3,317,317)
w(851,1,3,318,318)
w(543,4,3,319,319)
r(389,2,3,320,320)
r(785,3,3,321,321)
r(240,0,3,322,322)
r(855,0,3,323,323)
r(276,1,3,324,324)
r(359,0,3,325,325)
r(706,0,3,326,326)
w(637,2,3,327,327)
r(95,2,3,328,328)
w(845,2,3,329,329)
w(470,1,3,330,330)
w(95,3,3,331,331)
r(310,0,3,332,332)
w(278,2,3,333,333)
r(486,1,3,334,334)
w(140,2,3,335,335)
r(645,0,3,336,336)
r(810,1,3,337,337)
r(392,1,3,338,338)
r(947,1,3,339,339)
w(756,4,3,340,340)
r(309,0,3,341,341)
r(387,2,3,342,342)
r(464,3,3,343,343)
r(882,0,3,344,344)
w(588,1,3,345,345)
w(572,2,3,346,346)
r(920,2,3,347,347)
r(553,0,3,348,348)
r(416,1,3,349,349)
w(994,1,3,350,350)
r(46,1,3,351,351)
w(392,2,3,352,352)
w(291,3,3,353,353)
r(275,1,3,354,354)
w(152,1,3,355,355)
r(906,0,3,356,356)
w(694,1,3,357,357)
r(321,2,3,358,358)
r(914,1,3,359,359)
w(422,1,3,360,360)
r(90,3,3,361,361)
w(897,1,3,362,362)
w(573,1,3,363,363)
r(742,1,3,364,364)
w(991,3,3,365,365)
r(802,0,3,366,366)
r(793,1,3,367,367)
r(897,1,3,368,368)
r(216,0,3,369,369)
w(138,1,3,370,370)
r(740,2,3,371,371)
w(952,1,3,372,372)
w(668,4,3,373,373)
r(738,0,3,374,374)
r(606,0,3,375,375)
r(803,3,3,376,376)
w(491,3,3,377,377)
w(895,2,3,378,378)
r(268,2,3,379,379)
r(781,0,3,380,380)
r(221,1,3,381,381)
r(210,0,3,382,382)
r(313,0,3,383,383)
r(378,1,3,384,384)
w(908,1,3,385,385)
r(90,3,3,386,386)
r(201,1,3,387,387)
r(178,1,3,388,388)
w(821,1,3,389,389)
r(444,0,3,390,390)
r(676,0,3,391,391)
r(587,0,3,392,392)
w(282,2,3,393,393)
w(575,3,3,394,394)
w(718,2,3,395,395)
r(767,1,3,396,396)
w(290,3,3,397,397)
r(732,1,3,398,398)
r(859,3,3,399,399)
w(865,2,3,400,400)
w(983,1,3,401,401)
w(623,1,3,402,402)
r(984,0,3,403,403)
w(234,1,3,404,404)
r(43,1,3,405,405)
w(519,2,3,406,406)
r(519,2,3,407,407)
r(442,1,3,408,408)
r(953,0,3,409,409)
w(130,3,3,410,410)
r(886,1,3,411,411)
w(159,1,3,412,412)
r(374,1,3,413,413)
r(372,1,3,414,414)
w(443,1,3,415,415)
r(686,0,3,416,416)
r(732,1,3,417,417)
w(121,3,3,418,418)
w(86,4,3,419,419)
w(346,2,3,420,420)
w(316,1,3,421,421)
w(382,3,3,422,422)
r(338,0,3,423,423)
w(725,1,3,424,424)
w(452,3,3,425,425)
r(126,4,3,426,426)
r(221,1,3,427,427)
w(472,2,3,428,428)
r(736,0,3,429,429)
r(151,4,3,430,430)
r(350,2,3,431,431)
w(963,2,3,432,432)
r(107,1,3,433,433)
r(927,0,3,434,434)
w(265,1,3,435,435)
w(101,1,3,436,436)
w(927,1,3,437,437)
r(729,0,3,438,438)
w(563,2,3,439,439)
w(58,1,3,440,440)
r(619,1,3,441,441)
w(133,1,3,442,442)
w(883,2,3,443,443)
w(412,2,3,444,444)
r(744,0,3,445,445)
w(75,1,3,446,446)
r(314,1,3,447,447)
w(393,2,3,448,448)
w(67,1,3,449,449)
w(214,2,3,450,450)
r(320,0,3,451,451)
w(458,1,3,452,452)
w(217,1,3,453,453)
w(454,1,3,454,454)
w(275,2,3,455,455)
r(952,1,3,456,456)
r(433,2,3,457,457)
w(622,1,3,458,458)
w(923,3,3,459,459)
r(301,0,3,460,460)
w(440,1,3,461,461)
r(519,2,3,462,462)
w(468,1,3,463,463)
r(968,0,3,464,464)
w(611,1,3,465,465)
w(747,4,3,466,466)
r(115,0,3,467,467)
r(428,0,3,468,468)
r(506,0,3,469,469)
w(561,1,3,470,470)
r(703,2,3,471,471)
w(939,1,3,472,472)
w(492,1,3,473,473)
r(614,2,3,474,474)
r(87,0,3,475,475)
w(854,1,3,476,476)
r(370,0,3,477,477)
w(858,3,3,478,478)
r(214,2,3,479,479)
r(997,1,3,480,480)
r(937,1,3,481,481)
w(259,2,3,482,482)
r(115,0,3,483,483)
w(522,1,3,484,484)
w(465,1,3,485,485)
r(53,1,3,486,486)
r(160,0,3,487,487)
r(981,0,3,488,488)
w(179,3,3,489,489)
w(59,1,3,490,490)
w(912,1,3,491,491)
r(84,0,3,492,492)
w(165,3,3,493,493)
w(563,3,3,494,494)
r(979,0,3,495,495)
w(93,1,3,496,496)
w(216,1,3,497,497)
r(717,1,3,498,498)
w(168,2,3,499,499)
r(625,1,4,0,0)
w(865,3,4,1,1)
w(409,2,4,2,2)
w(169,1,4,3,3)
w(939,2,4,4,4)
w(146,2,4,5,5)
r(697,0,4,6,6)
r(832,0,4,7,7)
r(499,1,4,8,8)
w(405,1,4,9,9)
w(103,1,4,10,10)
r(856,1,4,11,11)
r(939,2,4,12,12)
r(185,1,4,13,13)
r(907,0,4,14,14)
w(955,1,4,15,15)
r(685,0,4,16,16)
r(465,1,4,17,17)
r(541,0,4,18,18)
w(769,2,4,19,19)
r(673,0,4,20,20)
w(423,2,4,21,21)
r(209,0,4,22,22)
w(328,2,4,23,23)
w(79,2,4,24,24)
w(849,1,4,25,25)
r(311,1,4,26,26)
r(648,2,4,27,27)
w(722,1,4,28,28)
w(61,2,4,29,29)
w(545,2,4,30,30)
w(941,1,4,31,31)
r(688,0,4,32,32)
w(782,4,4,33,33)
w(858,4,4,34,34)
w(909,1,4,35,35)
w(487,2,4,36,36)
w(987,2,4,37,37)
r(269,1,4,38,38)
r(421,1,4,39,39)
w(201,2,4,40,40)
r(518,1,4,41,41)
w(4,1,4,42,42)
w(611,2,4,43,43)
w(399,2,4,44,44)
r(458,1,4,45,45)
w(399,3,4,46,46)
r(549,1,4,47,47)
w(93,2,4,48,48)
w(878,5,4,49,49)
w(693,1,4,50,50)
w(910,1,4,51,51)
w(414,3,4,52,52)
w(39,2,4,53,53)
w(870,1,4,54,54)
r(848,2,4,55,55)
r(576,2,4,56,56)
r(91,1,4,57,57)
r(240,0,4,58,58)
w(904,1,4,59,59)
w(527,1,4,60,60)
w(578,2,4,61,61)
r(524,0,4,62,62)
w(206,1,4,63,63)
r(10,3,4,64,64)
r(882,0,4,65,65)
w(669,1,4,66,66)
r(409,2,4,67,67)
w(42,3,4,68,68)
r(117,1,4,69,69)
r(577,3,4,70,70)
r(309,0,4,71,71)
w(548,1,4,72,72)
w(11,2,4,73,73)
w(235,1,4,74,74)
r(426,1,4,75,75)
w(271,1,4,76,76)
w(348,4,4,77,77)
w(771,1,4,78,78)
w(37,3,4,79,79)
r(612,1,4,80,80)
w(926,1,4,81,81)
w(238,1,4,82,82)
r(720,0,4,83,83)
w(863,3,4,84,84)
w(648,3,4,85,85)
w(18,1,4,86,86)
w(345,1,4,87,87)
w(274,3,4,88,88)
w(347,4,4,89,89)
w(362,1,4,90,90)
w(233,2,4,91,91)
w(158,1,4,92,92)
r(916,2,4,93,93)
r(343,0,4,94,94)
w(372,2,4,95,95)
w(316,2,4,96,96)
w(101,2,4,97,97)
w(485,4,4,98,98)
w(656,3,4,99,99)
w(381,2,4,100,100)
r(884,2,4,101,101)
w(869,3,4,102,102)
w(826,1,4,103,103)
w(963,3,4,104,104)
w(860,2,4,105,105)
w(739,3,4,106,106)
w(916,3,4,107,107)
r(662,1,4,108,108)
w(738,1,4,109,109)
r(271,1,4,110,110)
w(981,1,4,111,111)
r(50,0,4,112,112)
r(156,1,4,113,113)
w(626,1,4,114,114)
r(583,0,4,115,115)
w(777,1,4,116,116)
w(227,2,4,117,117)
w(348,5,4,118,118)
w(282,3,4,119,119)
w(312,3,4,120,120)
w(457,2,4,121,121)
r(67,1,4,122,122)
r(571,1,4,123,123)
w(16,3,4,124,124)
r(571,1,4,125,125)
r(781,0,4,126,126)
w(44,1,4,127,127)
r(549,1,4,128,128)
r(615,0,4,129,129)
w(351,1,4,130,130)
r(234,1,4,131,131)
w(909,2,4,132,132)
r(557,1,4,133,133)
w(699,2,4,134,134)
r(387,2,4,135,135)
r(608,0,4,136,136)
w(362,2,4,137,137)
r(565,2,4,138,138)
r(810,1,4,139,139)
r(224,1,4,140,140)
r(378,1,4,141,141)
w(741,1,4,142,142)
r(745,0,4,143,143)
r(750,2,4,144,144)
r(536,3,4,145,145)
r(261,1,4,146,146)
w(917,1,4,147,147)
w(662,2,4,148,148)
w(527,2,4,149,149)
w(770,3,4,150,150)
w(980,4,4,151,151)
r(375,1,4,152,152)
w(389,3,4,153,153)
r(464,3,4,154,154)
w(763,2,4,155,155)
r(605,1,4,156,156)
w(895,3,4,157,157)
w(819,2,4,158,158)
w(775,2,4,159,159)
r(825,1,4,160,160)
r(627,1,4,161,161)
w(130,4,4,162,162)
r(710,1,4,163,163)
r(462,0,4,164,164)
r(761,2,4,165,165)
w(136,2,4,166,166)
r(74,0,4,167,167)
r(584,0,4,168,168)
w(572,3,4,169,169)
r(686,0,4,170,170)
w(121,4,4,171,171)
w(987,3,4,172,172)
w(89,3,4,173,173)
r(55,0,4,174,174)
r(120,4,4,175,175)
w(672,2,4,176,176)
r(962,1,4,177,177)
r(33,0,4,178,178)
r(960,0,4,179,179)
w(823,1,4,180,180)
r(178,1,4,181,181)
w(161,1,4,182,182)
w(107,2,4,183,183)
r(881,1,4,184,184)
r(739,3,4,185,185)
w(935,3,4,186,186)
r(357,1,4,187,187)
r(807,0,4,188,188)
w(383,1,4,189,189)
w(734,1,4,190,190)
r(300,2,4,191,191)
w(734,2,4,192,192)
w(238,2,4,193,193)
w(287,2,4,194,194)
r(281,0,4,195,195)
r(422,1,4,196,196)
r(45,1,4,197,197)
w(287,3,4,198,198)
r(669,1,4,199,199)
w(210,1,4,200,200)
r(65,0,4,201,201)
r(799,0,4,202,202)
r(967,2,4,203,203)
r(577,3,4,204,204)
w(822,2,4,205,205)
w(437,2,4,206,206)
w(384,1,4,207,207)
r(532,1,4,208,208)
w(372,3,4,209,209)
w(682,2,4,210,210)
w(914,2,4,211,211)
r(973,1,4,212,212)
r(905,0,4,213,213)
r(762,2,4,214,214)
r(391,1,4,215,215)
r(70,0,4,216,216)
r(518,1,4,217,217)
r(607,2,4,218,218)
w(469,1,4,219,219)
w(494,2,4,220,220)
w(986,2,4,221,221)
w(523,2,4,222,222)
w(126,5,4,223,223)
w(685,1,4,224,224)
w(837,3,4,225,225)
w(734,3,4,226,226)
w(28,1,4,227,227)
r(434,0,4,228,228)
w(322,3,4,229,229)
r(266,0,4,230,230)
w(494,3,4,231,231)
w(142,2,4,232,232)
w(125,1,4,233,233)
r(258,2,4,234,234)
w(769,3,4,235,235)
w(798,1,4,236,236)
w(517,1,4,237,237)
r(681,2,4,238,238)
w(781,1,4,239,239)
r(959,0,4,240,240)
w(811,2,4,241,241)
r(829,1,4,242,242)
w(244,2,4,243,243)
r(794,0,4,244,244)
w(806,3,4,245,245)
w(444,1,4,246,246)
r(951,1,4,247,247)
r(214,2,4,248,248)
w(352,1,4,249,249)
w(528,1,4,250,250)
r(651,1,4,251,251)
w(866,1,4,252,252)
r(294,1,4,253,253)
w(819,3,4,254,254)
r(159,1,4,255,255)
w(514,1,4,256,256)
w(688,1,4,257,257)
r(54,0,4,258,258)
r(629,1,4,259,259)
w(775,3,4,260,260)
w(115,1,4,261,261)
r(49,0,4,262,262)
w(671,3,4,263,263)
r(17,1,4,264,264)
w(309,1,4,265,265)
r(367,0,4,266,266)
w(549,2,4,267,267)
r(805,0,4,268,268)
w(546,1,4,269,269)
r(93,2,4,270,270)
r(948,0,4,271,271)
w(910,2,4,272,272)
r(187,1,4,273,273)
r(129,1,4,274,274)
r(543,4,4,275,275)
r(10,3,4,276,276)
r(587,0,4,277,277)
w(649,3,4,278,278)
r(788,1,4,279,279)
r(169,1,4,280,280)
w(804,1,4,281,281)
r(537,2,4,282,282)
r(255,1,4,283,283)
r(130,4,4,284,284)
r(759,0,4,285,285)
r(736,0,4,286,286)
r(194,1,4,287,287)
w(48,2,4,288,288)
r(108,1,4,289,289)
w(890,1,4,290,290)
r(696,0,4,291,291)
w(17,2,4,292,292)
r(781,1,4,293,293)
w(952,2,4,294,294)
r(507,3,4,295,295)
w(771,2,4,296,296)
r(370,0,4,297,297)
r(267,2,4,298,298)
r(993,2,4,299,299)
w(887,2,4,300,300)
r(131,2,4,301,301)
w(595,3,4,302,302)
w(369,4,4,303,303)
w(155,2,4,304,304)
w(936,2,4,305,305)
w(61,3,4,306,306)
r(75,1,4,307,307)
r(879,1,4,308,308)
r(100,0,4,309,309)
w(209,1,4,310,310)
r(917,1,4,311,311)
r(828,1,4,312,312)
r(745,0,4,313,313)
w(642,3,4,314,314)
r(123,3,4,315,315)
r(656,3,4,316,316)
w(131,3,4,317,317)
r(296,0,4,318,318)
w(658,3,4,319,319)
w(591,1,4,320,320)
r(147,1,4,321,321)
r(730,0,4,322,322)
w(250,2,4,323,323)
w(722,2,4,324,324)
r(937,1,4,325,325)
w(245,1,4,326,326)
r(602,0,4,327,327)
w(126,6,4,328,328)
w(462,1,4,329,329)
r(846,0,4,330,330)
r(966,0,4,331,331)
w(536,4,4,332,332)
w(769,4,4,333,333)
w(2,3,4,334,334)
w(404,2,4,335,335)
w(221,2,4,336,336)
w(160,1,4,337,337)
w(634,4,4,338,338)
r(310,0,4,339,339)
w(906,1,4,340,340)
w(712,3,4,341,341)
w(571,2,4,342,342)
r(176,0,4,343,343)
w(604,2,4,344,344)
r(844,1,4,345,345)
r(645,0,4,346,346)
w(454,2,4,347,347)
r(264,0,4,348,348)
r(918,2,4,349,349)
w(753,1,4,350,350)
r(12,1,4,351,351)
w(648,4,4,352,352)
w(487,3,4,353,353)
w(977,2,4,354,354)
r(829,1,4,355,355)
r(732,1,4,356,356)
r(63,1,4,357,357)
r(977,2,4,358,358)
r(851,1,4,359,359)
w(265,2,4,360,360)
w(744,1,4,361,361)
r(321,2,4,362,362)
w(4,2,4,363,363)
w(936,3,4,364,364)
r(948,0,4,365,365)
w(241,2,4,366,366)
w(106,5,4,367,367)
r(830,1,4,368,368)
w(752,1,4,369,369)
w(660,2,4,370,370)
r(30,0,4,371,371)
r(616,1,4,372,372)
w(121,5,4,373,373)
r(446,0,4,374,374)
r(975,4,4,375,375)
w(643,1,4,376,376)
r(250,2,4,377,377)
w(618,1,4,378,378)
r(613,0,4,379,379)
r(240,0,4,380,380)
w(897,2,4,381,381)
w(573,2,4,382,382)
w(67,2,4,383,383)
r(483,1,4,384,384)
w(959,1,4,385,385)
w(512,1,4,386,386)
r(945,0,4,387,387)
r(900,3,4,388,388)
w(129,2,4,389,389)
w(401,3,4,390,390)
w(75,2,4,391,391)
w(245,2,4,392,392)
w(189,3,4,393,393)
w(348,6,4,394,394)
w(580,1,4,395,395)
w(707,3,4,396,396)
w(390,2,4,397,397)
r(253,0,4,398,398)
w(604,3,4,399,399)
r(587,0,4,400,400)
w(286,2,4,401,401)
w(997,2,4,402,402)
r(927,1,4,403,403)
w(382,4,4,404,404)
r(134,1,4,405,405)
r(988,0,4,406,406)
r(94,1,4,407,407)
r(206,1,4,408,408)
w(708,3,4,409,409)
w(166,1,4,410,410)
r(843,1,4,411,411)
r(564,0,4,412,412)
w(994,2,4,413,413)
w(603,3,4,414,414)
w(278,3,4,415,415)
r(627,1,4,416,416)
r(503,2,4,417,417)
r(629,1,4,418,418)
w(636,2,4,419,419)
w(752,2,4,420,420)
r(808,2,4,421,421)
r(389,3,4,422,422)
w(97,3,4,423,423)
r(565,2,4,424,424)
w(505,2,4,425,425)
w(339,2,4,426,426)
w(470,2,4,427,427)
w(35,1,4,428,428)
r(938,2,4,429,429)
r(513,1,4,430,430)
w(785,4,4,431,431)
w(906,2,4,432,432)
w(350,3,4,433,433)
w(379,2,4,434,434)
r(739,3,4,435,435)
r(845,2,4,436,436)
r(728,1,4,437,437)
r(286,2,4,438,438)
w(654,1,4,439,439)
w(894,3,4,440,440)
r(882,0,4,441,441)
r(485,4,4,442,442)
r(130,4,4,443,443)
w(595,4,4,444,444)
w(573,3,4,445,445)
r(894,3,4,446,446)
r(879,1,4,447,447)
r(798,1,4,448,448)
w(99,1,4,449,449)
w(343,1,4,450,450)
w(429,5,4,451,451)
r(46,1,4,452,452)
r(666,0,4,453,453)
w(438,2,4,454,454)
w(166,2,4,455,455)
w(705,1,4,456,456)
r(600,1,4,457,457)
r(856,1,4,458,458)
w(45,2,4,459,459)
w(96,3,4,460,460)
r(705,1,4,461,461)
w(868,2,4,462,462)
w(461,1,4,463,463)
r(724,0,4,464,464)
w(924,1,4,465,465)
w(311,2,4,466,466)
w(124,2,4,467,467)
w(998,3,4,468,468)
r(716,1,4,469,469)
r(225,1,4,470,470)
r(566,0,4,471,471)
w(406,3,4,472,472)
r(672,2,4,473,473)
r(360,1,4,474,474)
w(415,2,4,475,475)
r(235,1,4,476,476)
r(672,2,4,477,477)
r(188,1,4,478,478)
r(800,1,4,479,479)
w(23,1,4,480,480)
r(58,1,4,481,481)
w(581,2,4,482,482)
r(580,1,4,483,483)
w(468,2,4,484,484)
r(667,1,4,485,485)
w(390,3,4,486,486)
r(220,0,4,487,487)
r(779,0,4,488,488)
r(956,0,4,489,489)
w(950,1,4,490,490)
w(601,1,4,491,491)
r(21,0,4,492,492)
w(207,1,4,493,493)
w(745,1,4,494,494)
r(303,1,4,495,495)
w(62,1,4,496,496)
w(625,2,4,497,497)
w(618,2,4,498,498)
w(167,3,4,499,499)
