r(28,0,0,0,0)
r(0,0,0,1,1)
r(11,0,0,2,2)
r(1,0,0,3,3)
r(21,0,0,4,4)
r(25,0,0,5,5)
r(0,0,0,6,6)
r(1,0,0,7,7)
r(2,0,0,8,8)
w(11,1,0,9,9)
r(23,0,0,10,10)
r(55,0,0,11,11)
r(8,0,0,12,12)
r(1,0,0,13,13)
r(29,0,0,14,14)
r(43,0,0,15,15)
r(2,0,0,16,16)
w(0,1,0,17,17)
r(0,1,0,18,18)
r(63,0,0,19,19)
r(1,0,0,20,20)
r(47,0,0,21,21)
r(2,0,0,22,22)
r(0,1,0,23,23)
r(11,1,0,24,24)
r(0,1,0,25,25)
r(62,0,0,26,26)
r(0,1,0,27,27)
r(57,0,0,28,28)
r(2,0,0,29,29)
r(26,0,0,30,30)
r(8,0,0,31,31)
r(30,0,0,32,32)
r(6,0,0,33,33)
r(0,1,0,34,34)
r(0,1,0,35,35)
r(9,0,0,36,36)
w(18,1,0,37,37)
r(1,0,0,38,38)
r(11,1,0,39,39)
r(17,0,0,40,40)
r(1,0,0,41,41)
r(49,0,0,42,42)
w(3,1,0,43,43)
r(5,0,0,44,44)
r(5,0,0,45,45)
r(66,0,0,46,46)
r(0,1,0,47,47)
r(6,0,0,48,48)
r(1,0,0,49,49)
r(2,0,0,50,50)
r(1,0,0,51,51)
r(94,0,0,52,52)
r(0,1,0,53,53)
r(0,1,0,54,54)
r(6,0,0,55,55)
r(1,0,0,56,56)
w(1,1,0,57,57)
r(52,0,0,58,58)
r(8,0,0,59,59)
r(98,0,0,60,60)
r(0,1,0,61,61)
r(5,0,0,62,62)
r(16,0,0,63,63)
r(77,0,0,64,64)
r(13,0,0,65,65)
r(3,1,0,66,66)
r(0,1,0,67,67)
r(5,0,0,68,68)
r(91,0,0,69,69)
r(26,0,0,70,70)
r(5,0,0,71,71)
r(1,1,0,72,72)
r(6,0,0,73,73)
r(0,1,0,74,74)
r(39,0,0,75,75)
w(2,1,0,76,76)
r(5,0,0,77,77)
r(0,1,0,78,78)
r(12,0,0,79,79)
r(85,0,0,80,80)
r(8,0,0,81,81)
r(11,1,0,82,82)
r(2,1,0,83,83)
r(67,0,0,84,84)
r(5,0,0,85,85)
w(4,1,0,86,86)
r(5,0,0,87,87)
r(14,0,0,88,88)
r(7,0,0,89,89)
r(1,1,0,90,90)
r(5,0,0,91,91)
w(1,2,0,92,92)
r(1,2,0,93,93)
r(0,1,0,94,94)
w(3,2,0,95,95)
r(9,0,0,96,96)
r(24,0,0,97,97)
w(3,3,0,98,98)
r(34,0,0,99,99)
r(6,0,0,100,100)
w(4,2,0,101,101)
r(35,0,0,102,102)
r(12,0,0,103,103)
r(2,1,0,104,104)
r(0,1,0,105,105)
r(17,0,0,106,106)
r(9,0,0,107,107)
r(1,2,0,108,108)
r(0,1,0,109,109)
r(0,1,0,110,110)
r(98,0,0,111,111)
r(38,0,0,112,112)
r(32,0,0,113,113)
r(4,2,0,114,114)
r(2,1,0,115,115)
r(15,0,0,116,116)
r(25,0,0,117,117)
w(11,2,0,118,118)
r(2,1,0,119,119)
r(0,1,0,120,120)
r(0,1,0,121,121)
r(58,0,0,122,122)
r(29,0,0,123,123)
r(0,1,0,124,124)
r(0,1,0,125,125)
r(41,0,0,126,126)
r(0,1,0,127,127)
r(75,0,0,128,128)
r(0,1,0,129,129)
r(2,1,0,130,130)
r(4,2,0,131,131)
r(23,0,0,132,132)
r(12,0,0,133,133)
r(30,0,0,134,134)
r(1,2,0,135,135)
r(0,1,0,136,136)
r(31,0,0,137,137)
w(46,1,0,138,138)
r(14,0,0,139,139)
r(2,1,0,140,140)
r(3,3,0,141,141)
r(0,1,0,142,142)
r(2,1,0,143,143)
r(41,0,0,144,144)
r(0,1,0,145,145)
r(31,0,0,146,146)
r(0,1,0,147,147)
r(27,0,0,148,148)
r(56,0,0,149,149)
r(0,1,0,150,150)
r(0,1,0,151,151)
r(1,2,0,152,152)
r(1,2,0,153,153)
r(5,0,0,154,154)
r(2,1,0,155,155)
r(87,0,0,156,156)
w(0,2,0,157,157)
r(76,0,0,158,158)
r(0,2,0,159,159)
r(0,2,0,160,160)
r(35,0,0,161,161)
r(30,0,0,162,162)
r(12,0,0,163,163)
r(1,2,0,164,164)
r(49,0,0,165,165)
r(3,3,0,166,166)
r(16,0,0,167,167)
r(23,0,0,168,168)
w(91,1,0,169,169)
r(1,2,0,170,170)
r(25,0,0,171,171)
r(0,2,0,172,172)
r(7,0,0,173,173)
r(55,0,0,174,174)
r(4,2,0,175,175)
r(24,0,0,176,176)
r(2,1,0,177,177)
r(0,2,0,178,178)
r(1,2,0,179,179)
r(10,0,0,180,180)
r(3,3,0,181,181)
w(0,3,0,182,182)
r(93,0,0,183,183)
r(59,0,0,184,184)
r(1,2,0,185,185)
r(4,2,0,186,186)
r(9,0,0,187,187)
r(7,0,0,188,188)
r(0,3,0,189,189)
r(59,0,0,190,190)
w(5,1,0,191,191)
r(21,0,0,192,192)
w(9,1,0,193,193)
r(0,3,0,194,194)
r(11,2,0,195,195)
r(63,0,0,196,196)
r(2,1,0,197,197)
r(0,3,0,198,198)
r(1,2,0,199,199)
r(23,0,0,200,200)
w(34,1,0,201,201)
r(98,0,0,202,202)
r(0,3,0,203,203)
r(2,1,0,204,204)
r(74,0,0,205,205)
r(1,2,0,206,206)
r(0,3,0,207,207)
r(5,1,0,208,208)
r(28,0,0,209,209)
r(1,2,0,210,210)
r(45,0,0,211,211)
r(70,0,0,212,212)
r(14,0,0,213,213)
r(90,0,0,214,214)
r(3,3,0,215,215)
r(7,0,0,216,216)
r(11,2,0,217,217)
r(15,0,0,218,218)
r(2,1,0,219,219)
r(1,2,0,220,220)
r(15,0,0,221,221)
r(5,1,0,222,222)
r(0,3,0,223,223)
r(0,3,0,224,224)
r(61,0,0,225,225)
w(2,2,0,226,226)
w(9,2,0,227,227)
r(15,0,0,228,228)
r(0,3,0,229,229)
r(6,0,0,230,230)
r(0,3,0,231,231)
r(59,0,0,232,232)
r(42,0,0,233,233)
r(12,0,0,234,234)
r(4,2,0,235,235)
r(10,0,0,236,236)
r(0,3,0,237,237)
r(75,0,0,238,238)
w(3,4,0,239,239)
r(0,3,0,240,240)
r(0,3,0,241,241)
r(0,3,0,242,242)
r(1,2,0,243,243)
r(15,0,0,244,244)
r(27,0,0,245,245)
r(19,0,0,246,246)
r(1,2,0,247,247)
w(2,3,0,248,248)
r(9,2,0,249,249)
r(25,0,0,250,250)
r(1,2,0,251,251)
r(1,2,0,252,252)
r(55,0,0,253,253)
r(75,0,0,254,254)
w(49,1,0,255,255)
r(11,2,0,256,256)
r(5,1,0,257,257)
r(14,0,0,258,258)
w(4,3,0,259,259)
r(0,3,0,260,260)
r(71,0,0,261,261)
r(37,0,0,262,262)
r(78,0,0,263,263)
r(1,2,0,264,264)
r(7,0,0,265,265)
r(13,0,0,266,266)
r(11,2,0,267,267)
r(13,0,0,268,268)
r(1,2,0,269,269)
r(0,3,0,270,270)
r(9,2,0,271,271)
r(0,3,0,272,272)
r(1,2,0,273,273)
r(0,3,0,274,274)
r(0,3,0,275,275)
w(44,1,0,276,276)
r(16,0,0,277,277)
r(71,0,0,278,278)
r(41,0,0,279,279)
r(28,0,0,280,280)
r(3,4,0,281,281)
r(41,0,0,282,282)
r(92,0,0,283,283)
r(30,0,0,284,284)
r(42,0,0,285,285)
r(1,2,0,286,286)
r(5,1,0,287,287)
r(5,1,0,288,288)
r(0,3,0,289,289)
r(4,3,0,290,290)
r(77,0,0,291,291)
r(8,0,0,292,292)
r(65,0,0,293,293)
r(84,0,0,294,294)
r(32,0,0,295,295)
r(31,0,0,296,296)
r(0,3,0,297,297)
r(1,2,0,298,298)
r(7,0,0,299,299)
r(77,0,0,300,300)
r(90,0,0,301,301)
w(3,5,0,302,302)
r(18,1,0,303,303)
r(6,0,0,304,304)
r(21,0,0,305,305)
r(8,0,0,306,306)
r(17,0,0,307,307)
w(7,1,0,308,308)
r(16,0,0,309,309)
r(17,0,0,310,310)
r(90,0,0,311,311)
r(1,2,0,312,312)
r(58,0,0,313,313)
r(38,0,0,314,314)
r(8,0,0,315,315)
r(0,3,0,316,316)
r(25,0,0,317,317)
r(11,2,0,318,318)
w(1,3,0,319,319)
r(3,5,0,320,320)
r(0,3,0,321,321)
r(4,3,0,322,322)
r(0,3,0,323,323)
r(25,0,0,324,324)
r(1,3,0,325,325)
r(0,3,0,326,326)
r(9,2,0,327,327)
r(1,3,0,328,328)
w(7,2,0,329,329)
r(7,2,0,330,330)
r(1,3,0,331,331)
r(0,3,0,332,332)
w(26,1,0,333,333)
r(1,3,0,334,334)
r(2,3,0,335,335)
r(56,0,0,336,336)
w(15,1,0,337,337)
r(2,3,0,338,338)
r(3,5,0,339,339)
r(1,3,0,340,340)
r(5,1,0,341,341)
r(79,0,0,342,342)
r(1,3,0,343,343)
r(17,0,0,344,344)
r(45,0,0,345,345)
r(9,2,0,346,346)
r(12,0,0,347,347)
r(13,0,0,348,348)
r(1,3,0,349,349)
r(0,3,0,350,350)
r(2,3,0,351,351)
r(0,3,0,352,352)
r(21,0,0,353,353)
r(5,1,0,354,354)
w(5,2,0,355,355)
r(13,0,0,356,356)
r(5,2,0,357,357)
r(39,0,0,358,358)
r(11,2,0,359,359)
r(45,0,0,360,360)
r(47,0,0,361,361)
r(0,3,0,362,362)
r(40,0,0,363,363)
r(2,3,0,364,364)
w(0,4,0,365,365)
r(16,0,0,366,366)
r(48,0,0,367,367)
r(43,0,0,368,368)
r(21,0,0,369,369)
r(0,4,0,370,370)
w(0,5,0,371,371)
r(18,1,0,372,372)
r(0,5,0,373,373)
w(1,4,0,374,374)
r(99,0,0,375,375)
r(9,2,0,376,376)
r(0,5,0,377,377)
r(90,0,0,378,378)
r(2,3,0,379,379)
w(1,5,0,380,380)
r(13,0,0,381,381)
w(32,1,0,382,382)
r(4,3,0,383,383)
r(1,5,0,384,384)
r(0,5,0,385,385)
r(69,0,0,386,386)
r(4,3,0,387,387)
w(30,1,0,388,388)
w(8,1,0,389,389)
r(34,1,0,390,390)
r(21,0,0,391,391)
r(14,0,0,392,392)
r(38,0,0,393,393)
r(4,3,0,394,394)
r(66,0,0,395,395)
r(0,5,0,396,396)
r(1,5,0,397,397)
w(0,6,0,398,398)
r(2,3,0,399,399)
r(0,6,0,400,400)
w(51,1,0,401,401)
r(12,0,0,402,402)
r(79,0,0,403,403)
r(19,0,0,404,404)
r(4,3,0,405,405)
r(36,0,0,406,406)
r(47,0,0,407,407)
r(14,0,0,408,408)
r(0,6,0,409,409)
r(4,3,0,410,410)
r(16,0,0,411,411)
r(12,0,0,412,412)
r(0,6,0,413,413)
r(1,5,0,414,414)
r(5,2,0,415,415)
r(0,6,0,416,416)
r(59,0,0,417,417)
r(3,5,0,418,418)
r(2,3,0,419,419)
r(11,2,0,420,420)
r(5,2,0,421,421)
r(18,1,0,422,422)
r(2,3,0,423,423)
r(3,5,0,424,424)
w(0,7,0,425,425)
r(72,0,0,426,426)
r(1,5,0,427,427)
r(71,0,0,428,428)
r(41,0,0,429,429)
r(8,1,0,430,430)
r(12,0,0,431,431)
r(1,5,0,432,432)
r(2,3,0,433,433)
r(92,0,0,434,434)
r(24,0,0,435,435)
r(2,3,0,436,436)
r(1,5,0,437,437)
r(29,0,0,438,438)
r(0,7,0,439,439)
r(2,3,0,440,440)
r(3,5,0,441,441)
r(0,7,0,442,442)
r(31,0,0,443,443)
r(9,2,0,444,444)
r(1,5,0,445,445)
r(3,5,0,446,446)
r(5,2,0,447,447)
r(89,0,0,448,448)
r(35,0,0,449,449)
r(2,3,0,450,450)
r(0,7,0,451,451)
r(3,5,0,452,452)
r(26,1,0,453,453)
r(80,0,0,454,454)
r(90,0,0,455,455)
r(0,7,0,456,456)
r(0,7,0,457,457)
r(14,0,0,458,458)
w(36,1,0,459,459)
r(25,0,0,460,460)
r(22,0,0,461,461)
r(7,2,0,462,462)
r(10,0,0,463,463)
r(97,0,0,464,464)
r(36,1,0,465,465)
w(52,1,0,466,466)
r(11,2,0,467,467)
w(0,8,0,468,468)
w(0,9,0,469,469)
r(62,0,0,470,470)
r(1,5,0,471,471)
r(78,0,0,472,472)
r(3,5,0,473,473)
r(84,0,0,474,474)
r(36,1,0,475,475)
w(26,2,0,476,476)
r(13,0,0,477,477)
r(4,3,0,478,478)
r(0,9,0,479,479)
r(22,0,0,480,480)
r(2,3,0,481,481)
r(95,0,0,482,482)
w(0,10,0,483,483)
r(24,0,0,484,484)
r(1,5,0,485,485)
r(1,5,0,486,486)
r(5,2,0,487,487)
r(9,2,0,488,488)
w(21,1,0,489,489)
r(48,0,0,490,490)
r(26,2,0,491,491)
r(5,2,0,492,492)
r(1,5,0,493,493)
r(0,10,0,494,494)
r(0,10,0,495,495)
r(6,0,0,496,496)
r(87,0,0,497,497)
r(3,5,0,498,498)
r(0,10,0,499,499)
r(0,10,1,0,0)
r(0,10,1,1,1)
r(63,0,1,2,2)
r(1,5,1,3,3)
r(48,0,1,4,4)
w(0,11,1,5,5)
r(0,11,1,6,6)
r(4,3,1,7,7)
r(0,11,1,8,8)
r(3,5,1,9,9)
r(7,2,1,10,10)
r(2,3,1,11,11)
r(4,3,1,12,12)
r(3,5,1,13,13)
r(0,11,1,14,14)
r(6,0,1,15,15)
r(6,0,1,16,16)
r(0,11,1,17,17)
w(1,6,1,18,18)
r(0,11,1,19,19)
r(2,3,1,20,20)
r(12,0,1,21,21)
r(69,0,1,22,22)
r(1,6,1,23,23)
r(2,3,1,24,24)
r(3,5,1,25,25)
r(5,2,1,26,26)
r(18,1,1,27,27)
r(78,0,1,28,28)
r(0,11,1,29,29)
w(39,1,1,30,30)
w(3,6,1,31,31)
r(2,3,1,32,32)
r(9,2,1,33,33)
r(2,3,1,34,34)
w(24,1,1,35,35)
r(35,0,1,36,36)
r(28,0,1,37,37)
r(12,0,1,38,38)
r(14,0,1,39,39)
r(0,11,1,40,40)
r(8,1,1,41,41)
r(10,0,1,42,42)
r(47,0,1,43,43)
r(1,6,1,44,44)
r(0,11,1,45,45)
r(2,3,1,46,46)
r(27,0,1,47,47)
w(3,7,1,48,48)
r(8,1,1,49,49)
r(1,6,1,50,50)
r(69,0,1,51,51)
r(10,0,1,52,52)
r(69,0,1,53,53)
r(26,2,1,54,54)
r(32,1,1,55,55)
r(0,11,1,56,56)
r(1,6,1,57,57)
r(6,0,1,58,58)
r(3,7,1,59,59)
r(1,6,1,60,60)
r(14,0,1,61,61)
r(11,2,1,62,62)
r(2,3,1,63,63)
r(81,0,1,64,64)
r(37,0,1,65,65)
r(18,1,1,66,66)
r(2,3,1,67,67)
r(0,11,1,68,68)
r(0,11,1,69,69)
r(1,6,1,70,70)
r(33,0,1,71,71)
r(0,11,1,72,72)
r(10,0,1,73,73)
r(14,0,1,74,74)
r(21,1,1,75,75)
r(68,0,1,76,76)
r(27,0,1,77,77)
r(1,6,1,78,78)
r(57,0,1,79,79)
r(1,6,1,80,80)
r(31,0,1,81,81)
r(1,6,1,82,82)
r(0,11,1,83,83)
r(0,11,1,84,84)
r(2,3,1,85,85)
r(3,7,1,86,86)
w(48,1,1,87,87)
r(26,2,1,88,88)
r(3,7,1,89,89)
r(77,0,1,90,90)
r(26,2,1,91,91)
r(2,3,1,92,92)
r(13,0,1,93,93)
r(44,1,1,94,94)
r(13,0,1,95,95)
r(0,11,1,96,96)
w(1,7,1,97,97)
r(2,3,1,98,98)
r(22,0,1,99,99)
r(7,2,1,100,100)
r(99,0,1,101,101)
r(10,0,1,102,102)
r(8,1,1,103,103)
r(58,0,1,104,104)
r(4,3,1,105,105)
r(10,0,1,106,106)
r(0,11,1,107,107)
r(4,3,1,108,108)
r(19,0,1,109,109)
r(82,0,1,110,110)
r(3,7,1,111,111)
r(2,3,1,112,112)
r(8,1,1,113,113)
r(0,11,1,114,114)
r(4,3,1,115,115)
r(32,1,1,116,116)
r(49,1,1,117,117)
r(19,0,1,118,118)
r(13,0,1,119,119)
r(1,7,1,120,120)
r(0,11,1,121,121)
r(3,7,1,122,122)
r(69,0,1,123,123)
w(0,12,1,124,124)
r(0,12,1,125,125)
r(1,7,1,126,126)
r(1,7,1,127,127)
r(1,7,1,128,128)
w(73,1,1,129,129)
r(36,1,1,130,130)
r(22,0,1,131,131)
r(39,1,1,132,132)
w(81,1,1,133,133)
r(72,0,1,134,134)
r(0,12,1,135,135)
r(12,0,1,136,136)
r(2,3,1,137,137)
r(17,0,1,138,138)
r(3,7,1,139,139)
r(20,0,1,140,140)
r(15,1,1,141,141)
r(2,3,1,142,142)
r(5,2,1,143,143)
r(1,7,1,144,144)
r(0,12,1,145,145)
r(23,0,1,146,146)
r(29,0,1,147,147)
r(42,0,1,148,148)
r(1,7,1,149,149)
r(21,1,1,150,150)
r(6,0,1,151,151)
r(7,2,1,152,152)
r(81,1,1,153,153)
r(74,0,1,154,154)
r(0,12,1,155,155)
r(5,2,1,156,156)
r(9,2,1,157,157)
r(64,0,1,158,158)
r(43,0,1,159,159)
r(1,7,1,160,160)
r(14,0,1,161,161)
r(0,12,1,162,162)
r(3,7,1,163,163)
r(20,0,1,164,164)
r(3,7,1,165,165)
r(7,2,1,166,166)
w(6,1,1,167,167)
r(0,12,1,168,168)
r(38,0,1,169,169)
r(6,1,1,170,170)
r(6,1,1,171,171)
r(6,1,1,172,172)
r(2,3,1,173,173)
r(70,0,1,174,174)
r(1,7,1,175,175)
r(8,1,1,176,176)
r(19,0,1,177,177)
w(23,1,1,178,178)
w(0,13,1,179,179)
r(5,2,1,180,180)
r(9,2,1,181,181)
r(38,0,1,182,182)
r(2,3,1,183,183)
r(7,2,1,184,184)
r(53,0,1,185,185)
w(1,8,1,186,186)
r(4,3,1,187,187)
r(38,0,1,188,188)
r(91,1,1,189,189)
r(6,1,1,190,190)
r(0,13,1,191,191)
r(3,7,1,192,192)
r(0,13,1,193,193)
r(83,0,1,194,194)
r(27,0,1,195,195)
r(61,0,1,196,196)
r(5,2,1,197,197)
r(7,2,1,198,198)
r(1,8,1,199,199)
r(23,1,1,200,200)
w(1,9,1,201,201)
r(0,13,1,202,202)
r(43,0,1,203,203)
r(80,0,1,204,204)
r(26,2,1,205,205)
r(43,0,1,206,206)
r(14,0,1,207,207)
r(1,9,1,208,208)
r(22,0,1,209,209)
r(15,1,1,210,210)
w(20,1,1,211,211)
w(21,2,1,212,212)
r(8,1,1,213,213)
r(0,13,1,214,214)
r(0,13,1,215,215)
w(0,14,1,216,216)
r(28,0,1,217,217)
r(5,2,1,218,218)
r(32,1,1,219,219)
r(8,1,1,220,220)
r(71,0,1,221,221)
r(2,3,1,222,222)
r(51,1,1,223,223)
w(15,2,1,224,224)
r(4,3,1,225,225)
r(13,0,1,226,226)
r(34,1,1,227,227)
r(2,3,1,228,228)
r(42,0,1,229,229)
w(47,1,1,230,230)
r(2,3,1,231,231)
r(0,14,1,232,232)
r(0,14,1,233,233)
r(2,3,1,234,234)
r(0,14,1,235,235)
w(2,4,1,236,236)
r(6,1,1,237,237)
r(71,0,1,238,238)
r(90,0,1,239,239)
r(8,1,1,240,240)
r(91,1,1,241,241)
r(2,4,1,242,242)
r(0,14,1,243,243)
r(11,2,1,244,244)
r(13,0,1,245,245)
r(23,1,1,246,246)
r(3,7,1,247,247)
w(33,1,1,248,248)
r(89,0,1,249,249)
r(7,2,1,250,250)
r(30,1,1,251,251)
r(3,7,1,252,252)
r(11,2,1,253,253)
r(22,0,1,254,254)
r(0,14,1,255,255)
r(8,1,1,256,256)
r(12,0,1,257,257)
r(0,14,1,258,258)
r(38,0,1,259,259)
r(1,9,1,260,260)
r(2,4,1,261,261)
r(52,1,1,262,262)
r(9,2,1,263,263)
r(33,1,1,264,264)
w(14,1,1,265,265)
r(1,9,1,266,266)
r(23,1,1,267,267)
r(9,2,1,268,268)
r(2,4,1,269,269)
r(30,1,1,270,270)
r(1,9,1,271,271)
r(0,14,1,272,272)
w(0,15,1,273,273)
r(11,2,1,274,274)
r(15,2,1,275,275)
r(20,1,1,276,276)
w(0,16,1,277,277)
r(8,1,1,278,278)
r(29,0,1,279,279)
r(4,3,1,280,280)
r(22,0,1,281,281)
r(7,2,1,282,282)
r(15,2,1,283,283)
r(5,2,1,284,284)
r(9,2,1,285,285)
w(19,1,1,286,286)
r(36,1,1,287,287)
r(2,4,1,288,288)
r(15,2,1,289,289)
r(1,9,1,290,290)
r(2,4,1,291,291)
r(1,9,1,292,292)
r(1,9,1,293,293)
r(1,9,1,294,294)
r(3,7,1,295,295)
r(15,2,1,296,296)
r(69,0,1,297,297)
r(96,0,1,298,298)
r(3,7,1,299,299)
w(58,1,1,300,300)
r(0,16,1,301,301)
r(11,2,1,302,302)
r(5,2,1,303,303)
w(8,2,1,304,304)
r(10,0,1,305,305)
r(0,16,1,306,306)
r(83,0,1,307,307)
r(0,16,1,308,308)
r(8,2,1,309,309)
r(0,16,1,310,310)
r(1,9,1,311,311)
r(1,9,1,312,312)
r(0,16,1,313,313)
r(15,2,1,314,314)
r(64,0,1,315,315)
r(27,0,1,316,316)
r(0,16,1,317,317)
r(3,7,1,318,318)
r(9,2,1,319,319)
r(11,2,1,320,320)
w(17,1,1,321,321)
w(22,1,1,322,322)
r(74,0,1,323,323)
r(1,9,1,324,324)
r(0,16,1,325,325)
r(4,3,1,326,326)
r(53,0,1,327,327)
r(17,1,1,328,328)
r(0,16,1,329,329)
r(54,0,1,330,330)
r(0,16,1,331,331)
r(3,7,1,332,332)
r(5,2,1,333,333)
r(64,0,1,334,334)
r(0,16,1,335,335)
r(1,9,1,336,336)
w(71,1,1,337,337)
r(44,1,1,338,338)
w(23,2,1,339,339)
r(0,16,1,340,340)
r(20,1,1,341,341)
r(0,16,1,342,342)
r(20,1,1,343,343)
r(98,0,1,344,344)
r(66,0,1,345,345)
r(40,0,1,346,346)
r(2,4,1,347,347)
w(0,17,1,348,348)
r(42,0,1,349,349)
r(0,17,1,350,350)
r(13,0,1,351,351)
r(8,2,1,352,352)
r(0,17,1,353,353)
r(59,0,1,354,354)
r(16,0,1,355,355)
r(3,7,1,356,356)
r(4,3,1,357,357)
r(88,0,1,358,358)
r(36,1,1,359,359)
r(15,2,1,360,360)
r(64,0,1,361,361)
r(26,2,1,362,362)
r(3,7,1,363,363)
r(68,0,1,364,364)
r(38,0,1,365,365)
r(61,0,1,366,366)
r(75,0,1,367,367)
r(46,1,1,368,368)
r(3,7,1,369,369)
r(63,0,1,370,370)
r(2,4,1,371,371)
r(18,1,1,372,372)
r(1,9,1,373,373)
r(2,4,1,374,374)
r(15,2,1,375,375)
r(31,0,1,376,376)
r(2,4,1,377,377)
r(25,0,1,378,378)
w(15,3,1,379,379)
r(4,3,1,380,380)
r(0,17,1,381,381)
r(0,17,1,382,382)
r(8,2,1,383,383)
r(15,3,1,384,384)
w(88,1,1,385,385)
r(23,2,1,386,386)
r(1,9,1,387,387)
r(17,1,1,388,388)
r(1,9,1,389,389)
r(0,17,1,390,390)
r(70,0,1,391,391)
r(50,0,1,392,392)
r(0,17,1,393,393)
r(42,0,1,394,394)
r(3,7,1,395,395)
r(4,3,1,396,396)
r(18,1,1,397,397)
r(50,0,1,398,398)
r(12,0,1,399,399)
r(0,17,1,400,400)
r(1,9,1,401,401)
r(4,3,1,402,402)
r(24,1,1,403,403)
r(2,4,1,404,404)
r(3,7,1,405,405)
r(9,2,1,406,406)
r(9,2,1,407,407)
w(52,2,1,408,408)
r(58,1,1,409,409)
w(3,8,1,410,410)
r(11,2,1,411,411)
r(0,17,1,412,412)
r(11,2,1,413,413)
r(0,17,1,414,414)
r(17,1,1,415,415)
r(5,2,1,416,416)
r(3,8,1,417,417)
r(0,17,1,418,418)
r(1,9,1,419,419)
r(26,2,1,420,420)
w(16,1,1,421,421)
r(0,17,1,422,422)
r(2,4,1,423,423)
r(28,0,1,424,424)
r(2,4,1,425,425)
r(40,0,1,426,426)
r(3,8,1,427,427)
r(0,17,1,428,428)
r(6,1,1,429,429)
r(3,8,1,430,430)
w(40,1,1,431,431)
r(31,0,1,432,432)
r(65,0,1,433,433)
r(11,2,1,434,434)
r(18,1,1,435,435)
r(1,9,1,436,436)
r(30,1,1,437,437)
r(60,0,1,438,438)
r(8,2,1,439,439)
r(27,0,1,440,440)
r(7,2,1,441,441)
r(84,0,1,442,442)
r(0,17,1,443,443)
r(23,2,1,444,444)
r(7,2,1,445,445)
r(45,0,1,446,446)
r(1,9,1,447,447)
r(10,0,1,448,448)
r(1,9,1,449,449)
r(6,1,1,450,450)
w(44,2,1,451,451)
w(0,18,1,452,452)
r(57,0,1,453,453)
r(0,18,1,454,454)
r(9,2,1,455,455)
r(1,9,1,456,456)
r(4,3,1,457,457)
r(8,2,1,458,458)
w(73,2,1,459,459)
w(0,19,1,460,460)
r(7,2,1,461,461)
w(8,3,1,462,462)
r(0,19,1,463,463)
r(63,0,1,464,464)
r(0,19,1,465,465)
r(5,2,1,466,466)
r(72,0,1,467,467)
r(0,19,1,468,468)
r(0,19,1,469,469)
w(77,1,1,470,470)
r(31,0,1,471,471)
r(4,3,1,472,472)
r(0,19,1,473,473)
r(24,1,1,474,474)
r(0,19,1,475,475)
r(7,2,1,476,476)
r(74,0,1,477,477)
r(55,0,1,478,478)
r(0,19,1,479,479)
r(5,2,1,480,480)
r(2,4,1,481,481)
r(1,9,1,482,482)
r(0,19,1,483,483)
r(1,9,1,484,484)
r(1,9,1,485,485)
r(13,0,1,486,486)
w(7,3,1,487,487)
r(0,19,1,488,488)
r(0,19,1,489,489)
r(0,19,1,490,490)
r(6,1,1,491,491)
r(0,19,1,492,492)
r(0,19,1,493,493)
r(3,8,1,494,494)
r(2,4,1,495,495)
r(7,3,1,496,496)
r(19,1,1,497,497)
r(4,3,1,498,498)
r(1,9,1,499,499)
r(7,3,2,0,0)
r(26,2,2,1,1)
r(13,0,2,2,2)
r(1,9,2,3,3)
r(88,1,2,4,4)
r(91,1,2,5,5)
r(2,4,2,6,6)
r(15,3,2,7,7)
r(4,3,2,8,8)
r(1,9,2,9,9)
r(18,1,2,10,10)
r(92,0,2,11,11)
r(14,1,2,12,12)
r(0,19,2,13,13)
r(0,19,2,14,14)
r(10,0,2,15,15)
r(1,9,2,16,16)
r(6,1,2,17,17)
r(0,19,2,18,18)
r(0,19,2,19,19)
r(5,2,2,20,20)
r(6,1,2,21,21)
r(10,0,2,22,22)
w(15,4,2,23,23)
r(1,9,2,24,24)
r(55,0,2,25,25)
r(16,1,2,26,26)
r(12,0,2,27,27)
r(10,0,2,28,28)
r(70,0,2,29,29)
r(2,4,2,30,30)
r(11,2,2,31,31)
r(0,19,2,32,32)
r(0,19,2,33,33)
r(6,1,2,34,34)
r(3,8,2,35,35)
r(4,3,2,36,36)
r(14,1,2,37,37)
r(15,4,2,38,38)
r(3,8,2,39,39)
r(12,0,2,40,40)
r(4,3,2,41,41)
r(4,3,2,42,42)
w(86,1,2,43,43)
r(0,19,2,44,44)
w(7,4,2,45,45)
r(59,0,2,46,46)
w(3,9,2,47,47)
r(21,2,2,48,48)
r(4,3,2,49,49)
r(37,0,2,50,50)
r(0,19,2,51,51)
r(44,2,2,52,52)
r(18,1,2,53,53)
r(51,1,2,54,54)
r(43,0,2,55,55)
r(0,19,2,56,56)
r(51,1,2,57,57)
r(8,3,2,58,58)
r(1,9,2,59,59)
r(26,2,2,60,60)
r(4,3,2,61,61)
r(11,2,2,62,62)
r(0,19,2,63,63)
r(12,0,2,64,64)
r(20,1,2,65,65)
r(10,0,2,66,66)
r(23,2,2,67,67)
r(2,4,2,68,68)
r(4,3,2,69,69)
r(23,2,2,70,70)
r(11,2,2,71,71)
r(0,19,2,72,72)
r(92,0,2,73,73)
r(8,3,2,74,74)
r(1,9,2,75,75)
w(97,1,2,76,76)
r(3,9,2,77,77)
r(0,19,2,78,78)
r(5,2,2,79,79)
r(11,2,2,80,80)
r(1,9,2,81,81)
r(47,1,2,82,82)
r(1,9,2,83,83)
r(4,3,2,84,84)
r(59,0,2,85,85)
r(81,1,2,86,86)
r(2,4,2,87,87)
r(1,9,2,88,88)
r(7,4,2,89,89)
r(0,19,2,90,90)
r(83,0,2,91,91)
r(5,2,2,92,92)
r(0,19,2,93,93)
r(11,2,2,94,94)
w(0,20,2,95,95)
r(9,2,2,96,96)
r(38,0,2,97,97)
r(1,9,2,98,98)
r(51,1,2,99,99)
r(3,9,2,100,100)
r(7,4,2,101,101)
r(2,4,2,102,102)
r(23,2,2,103,103)
r(0,20,2,104,104)
w(23,3,2,105,105)
r(62,0,2,106,106)
r(18,1,2,107,107)
r(71,1,2,108,108)
r(8,3,2,109,109)
w(36,2,2,110,110)
r(0,20,2,111,111)
r(19,1,2,112,112)
w(4,4,2,113,113)
r(18,1,2,114,114)
r(46,1,2,115,115)
r(0,20,2,116,116)
r(64,0,2,117,117)
r(17,1,2,118,118)
r(1,9,2,119,119)
r(1,9,2,120,120)
r(1,9,2,121,121)
r(26,2,2,122,122)
r(0,20,2,123,123)
r(1,9,2,124,124)
r(2,4,2,125,125)
r(3,9,2,126,126)
r(2,4,2,127,127)
r(21,2,2,128,128)
r(1,9,2,129,129)
w(15,5,2,130,130)
r(0,20,2,131,131)
r(0,20,2,132,132)
r(8,3,2,133,133)
r(56,0,2,134,134)
r(42,0,2,135,135)
r(0,20,2,136,136)
r(39,1,2,137,137)
r(63,0,2,138,138)
r(0,20,2,139,139)
r(13,0,2,140,140)
r(3,9,2,141,141)
r(0,20,2,142,142)
r(37,0,2,143,143)
r(22,1,2,144,144)
r(26,2,2,145,145)
r(20,1,2,146,146)
w(0,21,2,147,147)
r(16,1,2,148,148)
r(47,1,2,149,149)
r(0,21,2,150,150)
r(45,0,2,151,151)
r(81,1,2,152,152)
r(0,21,2,153,153)
r(47,1,2,154,154)
r(26,2,2,155,155)
r(91,1,2,156,156)
r(58,1,2,157,157)
r(3,9,2,158,158)
r(67,0,2,159,159)
r(26,2,2,160,160)
w(14,2,2,161,161)
r(7,4,2,162,162)
r(53,0,2,163,163)
r(4,4,2,164,164)
r(92,0,2,165,165)
r(1,9,2,166,166)
r(14,2,2,167,167)
r(2,4,2,168,168)
r(16,1,2,169,169)
r(1,9,2,170,170)
r(8,3,2,171,171)
r(7,4,2,172,172)
r(0,21,2,173,173)
r(1,9,2,174,174)
r(17,1,2,175,175)
r(2,4,2,176,176)
r(5,2,2,177,177)
r(4,4,2,178,178)
r(1,9,2,179,179)
r(0,21,2,180,180)
r(32,1,2,181,181)
r(10,0,2,182,182)
r(8,3,2,183,183)
r(30,1,2,184,184)
r(27,0,2,185,185)
w(1,10,2,186,186)
r(19,1,2,187,187)
r(6,1,2,188,188)
r(5,2,2,189,189)
r(17,1,2,190,190)
w(38,1,2,191,191)
r(4,4,2,192,192)
r(0,21,2,193,193)
r(0,21,2,194,194)
r(11,2,2,195,195)
r(49,1,2,196,196)
r(2,4,2,197,197)
r(32,1,2,198,198)
r(2,4,2,199,199)
r(2,4,2,200,200)
r(14,2,2,201,201)
r(5,2,2,202,202)
r(23,3,2,203,203)
w(2,5,2,204,204)
r(1,10,2,205,205)
r(36,2,2,206,206)
r(28,0,2,207,207)
r(1,10,2,208,208)
r(5,2,2,209,209)
r(12,0,2,210,210)
r(0,21,2,211,211)
r(1,10,2,212,212)
r(84,0,2,213,213)
r(5,2,2,214,214)
r(33,1,2,215,215)
r(1,10,2,216,216)
r(3,9,2,217,217)
r(11,2,2,218,218)
r(12,0,2,219,219)
r(41,0,2,220,220)
r(22,1,2,221,221)
r(4,4,2,222,222)
r(0,21,2,223,223)
r(2,5,2,224,224)
r(3,9,2,225,225)
r(50,0,2,226,226)
r(72,0,2,227,227)
r(28,0,2,228,228)
r(0,21,2,229,229)
r(0,21,2,230,230)
r(6,1,2,231,231)
r(0,21,2,232,232)
r(15,5,2,233,233)
r(67,0,2,234,234)
r(4,4,2,235,235)
w(0,22,2,236,236)
r(93,0,2,237,237)
r(9,2,2,238,238)
r(2,5,2,239,239)
r(62,0,2,240,240)
r(0,22,2,241,241)
w(51,2,2,242,242)
r(2,5,2,243,243)
r(61,0,2,244,244)
r(2,5,2,245,245)
w(0,23,2,246,246)
r(28,0,2,247,247)
r(23,3,2,248,248)
r(25,0,2,249,249)
r(1,10,2,250,250)
r(18,1,2,251,251)
r(16,1,2,252,252)
r(3,9,2,253,253)
r(24,1,2,254,254)
r(8,3,2,255,255)
r(75,0,2,256,256)
r(3,9,2,257,257)
r(0,23,2,258,258)
r(3,9,2,259,259)
r(1,10,2,260,260)
r(89,0,2,261,261)
r(12,0,2,262,262)
r(9,2,2,263,263)
r(0,23,2,264,264)
w(32,2,2,265,265)
w(2,6,2,266,266)
r(0,23,2,267,267)
r(17,1,2,268,268)
r(6,1,2,269,269)
w(4,5,2,270,270)
r(2,6,2,271,271)
r(2,6,2,272,272)
r(0,23,2,273,273)
w(62,1,2,274,274)
r(2,6,2,275,275)
r(9,2,2,276,276)
r(0,23,2,277,277)
r(26,2,2,278,278)
r(0,23,2,279,279)
r(1,10,2,280,280)
r(6,1,2,281,281)
w(2,7,2,282,282)
w(0,24,2,283,283)
r(10,0,2,284,284)
r(1,10,2,285,285)
r(7,4,2,286,286)
r(9,2,2,287,287)
r(6,1,2,288,288)
r(28,0,2,289,289)
r(0,24,2,290,290)
r(2,7,2,291,291)
r(48,1,2,292,292)
r(0,24,2,293,293)
r(2,7,2,294,294)
r(0,24,2,295,295)
r(16,1,2,296,296)
r(0,24,2,297,297)
r(60,0,2,298,298)
w(20,2,2,299,299)
w(0,25,2,300,300)
r(0,25,2,301,301)
r(1,10,2,302,302)
r(12,0,2,303,303)
r(20,2,2,304,304)
r(0,25,2,305,305)
r(3,9,2,306,306)
r(28,0,2,307,307)
r(21,2,2,308,308)
r(0,25,2,309,309)
r(0,25,2,310,310)
r(9,2,2,311,311)
r(17,1,2,312,312)
r(7,4,2,313,313)
w(10,1,2,314,314)
r(0,25,2,315,315)
r(2,7,2,316,316)
r(15,5,2,317,317)
r(83,0,2,318,318)
r(1,10,2,319,319)
w(14,3,2,320,320)
r(78,0,2,321,321)
r(2,7,2,322,322)
r(3,9,2,323,323)
r(45,0,2,324,324)
r(0,25,2,325,325)
r(1,10,2,326,326)
w(0,26,2,327,327)
r(2,7,2,328,328)
r(0,26,2,329,329)
r(0,26,2,330,330)
r(4,5,2,331,331)
r(14,3,2,332,332)
r(0,26,2,333,333)
r(34,1,2,334,334)
w(0,27,2,335,335)
r(8,3,2,336,336)
r(2,7,2,337,337)
w(0,28,2,338,338)
r(2,7,2,339,339)
r(12,0,2,340,340)
r(45,0,2,341,341)
r(0,28,2,342,342)
r(0,28,2,343,343)
r(23,3,2,344,344)
r(28,0,2,345,345)
r(19,1,2,346,346)
r(5,2,2,347,347)
r(13,0,2,348,348)
w(66,1,2,349,349)
w(0,29,2,350,350)
r(67,0,2,351,351)
r(99,0,2,352,352)
r(0,29,2,353,353)
r(19,1,2,354,354)
r(1,10,2,355,355)
r(56,0,2,356,356)
r(40,1,2,357,357)
r(25,0,2,358,358)
r(2,7,2,359,359)
r(0,29,2,360,360)
r(46,1,2,361,361)
r(1,10,2,362,362)
r(0,29,2,363,363)
r(4,5,2,364,364)
r(17,1,2,365,365)
w(66,2,2,366,366)
r(0,29,2,367,367)
r(3,9,2,368,368)
r(5,2,2,369,369)
r(11,2,2,370,370)
r(18,1,2,371,371)
r(1,10,2,372,372)
r(19,1,2,373,373)
r(34,1,2,374,374)
w(6,2,2,375,375)
r(1,10,2,376,376)
r(0,29,2,377,377)
r(4,5,2,378,378)
r(8,3,2,379,379)
r(6,2,2,380,380)
r(32,2,2,381,381)
r(17,1,2,382,382)
r(0,29,2,383,383)
r(0,29,2,384,384)
r(90,0,2,385,385)
r(45,0,2,386,386)
r(1,10,2,387,387)
w(0,30,2,388,388)
r(21,2,2,389,389)
r(6,2,2,390,390)
r(1,10,2,391,391)
r(8,3,2,392,392)
r(27,0,2,393,393)
r(41,0,2,394,394)
r(1,10,2,395,395)
r(60,0,2,396,396)
r(3,9,2,397,397)
r(58,1,2,398,398)
r(43,0,2,399,399)
r(86,1,2,400,400)
r(24,1,2,401,401)
r(60,0,2,402,402)
r(0,30,2,403,403)
r(52,2,2,404,404)
r(90,0,2,405,405)
r(15,5,2,406,406)
r(53,0,2,407,407)
r(27,0,2,408,408)
r(1,10,2,409,409)
r(38,1,2,410,410)
r(11,2,2,411,411)
r(44,2,2,412,412)
r(12,0,2,413,413)
r(2,7,2,414,414)
r(36,2,2,415,415)
w(0,31,2,416,416)
r(1,10,2,417,417)
r(58,1,2,418,418)
r(60,0,2,419,419)
r(40,1,2,420,420)
r(0,31,2,421,421)
r(22,1,2,422,422)
r(0,31,2,423,423)
r(6,2,2,424,424)
r(68,0,2,425,425)
w(8,4,2,426,426)
r(1,10,2,427,427)
r(16,1,2,428,428)
r(0,31,2,429,429)
r(3,9,2,430,430)
r(51,2,2,431,431)
r(3,9,2,432,432)
r(0,31,2,433,433)
r(14,3,2,434,434)
r(3,9,2,435,435)
r(57,0,2,436,436)
r(64,0,2,437,437)
w(0,32,2,438,438)
r(2,7,2,439,439)
r(8,4,2,440,440)
r(0,32,2,441,441)
r(5,2,2,442,442)
r(1,10,2,443,443)
r(0,32,2,444,444)
r(1,10,2,445,445)
r(11,2,2,446,446)
r(10,1,2,447,447)
r(2,7,2,448,448)
r(0,32,2,449,449)
r(15,5,2,450,450)
r(16,1,2,451,451)
r(4,5,2,452,452)
r(74,0,2,453,453)
r(7,4,2,454,454)
r(4,5,2,455,455)
r(87,0,2,456,456)
r(29,0,2,457,457)
r(1,10,2,458,458)
w(12,1,2,459,459)
r(35,0,2,460,460)
r(3,9,2,461,461)
r(31,0,2,462,462)
w(0,33,2,463,463)
r(1,10,2,464,464)
r(0,33,2,465,465)
r(79,0,2,466,466)
r(11,2,2,467,467)
r(0,33,2,468,468)
r(9,2,2,469,469)
r(4,5,2,470,470)
r(0,33,2,471,471)
r(3,9,2,472,472)
w(0,34,2,473,473)
r(13,0,2,474,474)
r(2,7,2,475,475)
r(4,5,2,476,476)
r(20,2,2,477,477)
r(0,34,2,478,478)
r(1,10,2,479,479)
r(26,2,2,480,480)
w(1,11,2,481,481)
w(32,3,2,482,482)
r(79,0,2,483,483)
r(1,11,2,484,484)
r(38,1,2,485,485)
r(1,11,2,486,486)
r(15,5,2,487,487)
r(0,34,2,488,488)
r(8,4,2,489,489)
r(0,34,2,490,490)
r(95,0,2,491,491)
w(0,35,2,492,492)
r(46,1,2,493,493)
r(22,1,2,494,494)
w(4,6,2,495,495)
r(58,1,2,496,496)
r(12,1,2,497,497)
r(25,0,2,498,498)
r(72,0,2,499,499)
r(42,0,3,0,0)
r(34,1,3,1,1)
r(0,35,3,2,2)
r(3,9,3,3,3)
r(30,1,3,4,4)
w(5,3,3,5,5)
r(14,3,3,6,6)
r(0,35,3,7,7)
r(1,11,3,8,8)
r(3,9,3,9,9)
r(0,35,3,10,10)
r(16,1,3,11,11)
r(0,35,3,12,12)
r(0,35,3,13,13)
r(2,7,3,14,14)
r(4,6,3,15,15)
r(2,7,3,16,16)
r(46,1,3,17,17)
r(31,0,3,18,18)
r(33,1,3,19,19)
r(0,35,3,20,20)
r(0,35,3,21,21)
r(34,1,3,22,22)
r(13,0,3,23,23)
r(91,1,3,24,24)
r(71,1,3,25,25)
r(73,2,3,26,26)
r(9,2,3,27,27)
r(71,1,3,28,28)
r(1,11,3,29,29)
r(1,11,3,30,30)
r(3,9,3,31,31)
r(0,35,3,32,32)
r(3,9,3,33,33)
r(17,1,3,34,34)
r(70,0,3,35,35)
r(17,1,3,36,36)
w(16,2,3,37,37)
r(99,0,3,38,38)
r(41,0,3,39,39)
r(0,35,3,40,40)
r(13,0,3,41,41)
r(1,11,3,42,42)
r(20,2,3,43,43)
r(1,11,3,44,44)
r(0,35,3,45,45)
r(27,0,3,46,46)
w(0,36,3,47,47)
w(34,2,3,48,48)
r(4,6,3,49,49)
r(63,0,3,50,50)
r(14,3,3,51,51)
r(7,4,3,52,52)
r(0,36,3,53,53)
r(22,1,3,54,54)
r(2,7,3,55,55)
r(4,6,3,56,56)
r(39,1,3,57,57)
r(69,0,3,58,58)
r(7,4,3,59,59)
r(2,7,3,60,60)
r(11,2,3,61,61)
w(4,7,3,62,62)
r(50,0,3,63,63)
r(7,4,3,64,64)
w(73,3,3,65,65)
r(1,11,3,66,66)
w(2,8,3,67,67)
r(1,11,3,68,68)
r(17,1,3,69,69)
r(7,4,3,70,70)
r(6,2,3,71,71)
w(0,37,3,72,72)
r(50,0,3,73,73)
r(58,1,3,74,74)
r(6,2,3,75,75)
r(17,1,3,76,76)
w(26,3,3,77,77)
r(65,0,3,78,78)
r(12,1,3,79,79)
r(6,2,3,80,80)
r(1,11,3,81,81)
r(0,37,3,82,82)
r(66,2,3,83,83)
r(45,0,3,84,84)
r(3,9,3,85,85)
r(0,37,3,86,86)
r(27,0,3,87,87)
w(1,12,3,88,88)
r(0,37,3,89,89)
r(70,0,3,90,90)
r(2,8,3,91,91)
r(6,2,3,92,92)
r(6,2,3,93,93)
r(2,8,3,94,94)
r(1,12,3,95,95)
w(7,5,3,96,96)
r(0,37,3,97,97)
w(1,13,3,98,98)
r(0,37,3,99,99)
r(25,0,3,100,100)
w(3,10,3,101,101)
r(0,37,3,102,102)
r(19,1,3,103,103)
r(0,37,3,104,104)
r(30,1,3,105,105)
r(20,2,3,106,106)
r(1,13,3,107,107)
r(5,3,3,108,108)
r(12,1,3,109,109)
r(0,37,3,110,110)
r(48,1,3,111,111)
r(1,13,3,112,112)
r(1,13,3,113,113)
w(2,9,3,114,114)
r(34,2,3,115,115)
r(7,5,3,116,116)
r(0,37,3,117,117)
r(38,1,3,118,118)
r(34,2,3,119,119)
r(44,2,3,120,120)
r(47,1,3,121,121)
r(8,4,3,122,122)
r(33,1,3,123,123)
r(34,2,3,124,124)
r(3,10,3,125,125)
r(68,0,3,126,126)
r(8,4,3,127,127)
r(6,2,3,128,128)
r(3,10,3,129,129)
r(0,37,3,130,130)
r(0,37,3,131,131)
r(14,3,3,132,132)
w(24,2,3,133,133)
r(34,2,3,134,134)
r(11,2,3,135,135)
w(9,3,3,136,136)
r(1,13,3,137,137)
r(5,3,3,138,138)
r(47,1,3,139,139)
r(1,13,3,140,140)
w(3,11,3,141,141)
r(91,1,3,142,142)
r(4,7,3,143,143)
r(2,9,3,144,144)
r(27,0,3,145,145)
r(5,3,3,146,146)
r(5,3,3,147,147)
r(20,2,3,148,148)
r(5,3,3,149,149)
r(85,0,3,150,150)
r(1,13,3,151,151)
w(20,3,3,152,152)
r(22,1,3,153,153)
r(9,3,3,154,154)
r(13,0,3,155,155)
r(5,3,3,156,156)
r(13,0,3,157,157)
r(3,11,3,158,158)
r(3,11,3,159,159)
r(4,7,3,160,160)
r(6,2,3,161,161)
r(60,0,3,162,162)
r(0,37,3,163,163)
r(18,1,3,164,164)
r(0,37,3,165,165)
r(36,2,3,166,166)
r(9,3,3,167,167)
r(33,1,3,168,168)
r(1,13,3,169,169)
r(2,9,3,170,170)
r(51,2,3,171,171)
r(1,13,3,172,172)
r(0,37,3,173,173)
w(6,3,3,174,174)
r(21,2,3,175,175)
r(3,11,3,176,176)
r(40,1,3,177,177)
w(24,3,3,178,178)
w(2,10,3,179,179)
r(3,11,3,180,180)
r(1,13,3,181,181)
r(9,3,3,182,182)
w(9,4,3,183,183)
r(58,1,3,184,184)
r(2,10,3,185,185)
w(18,2,3,186,186)
r(0,37,3,187,187)
r(1,13,3,188,188)
r(38,1,3,189,189)
r(8,4,3,190,190)
r(38,1,3,191,191)
r(21,2,3,192,192)
r(0,37,3,193,193)
w(14,4,3,194,194)
r(51,2,3,195,195)
r(28,0,3,196,196)
r(0,37,3,197,197)
r(5,3,3,198,198)
r(3,11,3,199,199)
w(15,6,3,200,200)
w(5,4,3,201,201)
w(99,1,3,202,202)
r(0,37,3,203,203)
r(0,37,3,204,204)
w(2,11,3,205,205)
w(2,12,3,206,206)
r(6,3,3,207,207)
r(0,37,3,208,208)
r(0,37,3,209,209)
r(15,6,3,210,210)
r(16,2,3,211,211)
r(4,7,3,212,212)
r(1,13,3,213,213)
r(10,1,3,214,214)
r(14,4,3,215,215)
r(0,37,3,216,216)
w(1,14,3,217,217)
r(2,12,3,218,218)
w(43,1,3,219,219)
r(45,0,3,220,220)
r(81,1,3,221,221)
r(0,37,3,222,222)
r(5,4,3,223,223)
r(28,0,3,224,224)
r(3,11,3,225,225)
r(3,11,3,226,226)
r(80,0,3,227,227)
r(4,7,3,228,228)
r(1,14,3,229,229)
r(0,37,3,230,230)
w(0,38,3,231,231)
r(12,1,3,232,232)
w(10,2,3,233,233)
r(22,1,3,234,234)
r(2,12,3,235,235)
r(78,0,3,236,236)
r(9,4,3,237,237)
r(79,0,3,238,238)
r(29,0,3,239,239)
r(0,38,3,240,240)
r(5,4,3,241,241)
r(1,14,3,242,242)
r(1,14,3,243,243)
r(8,4,3,244,244)
r(12,1,3,245,245)
r(1,14,3,246,246)
r(37,0,3,247,247)
w(1,15,3,248,248)
r(5,4,3,249,249)
r(78,0,3,250,250)
w(55,1,3,251,251)
r(0,38,3,252,252)
r(0,38,3,253,253)
r(0,38,3,254,254)
r(30,1,3,255,255)
r(5,4,3,256,256)
r(26,3,3,257,257)
r(39,1,3,258,258)
r(12,1,3,259,259)
r(74,0,3,260,260)
r(2,12,3,261,261)
r(18,2,3,262,262)
r(33,1,3,263,263)
r(85,0,3,264,264)
r(73,3,3,265,265)
w(61,1,3,266,266)
r(33,1,3,267,267)
r(1,15,3,268,268)
r(10,2,3,269,269)
r(28,0,3,270,270)
w(0,39,3,271,271)
r(16,2,3,272,272)
r(19,1,3,273,273)
r(3,11,3,274,274)
r(1,15,3,275,275)
r(0,39,3,276,276)
r(33,1,3,277,277)
r(42,0,3,278,278)
r(53,0,3,279,279)
r(75,0,3,280,280)
r(11,2,3,281,281)
r(21,2,3,282,282)
r(32,3,3,283,283)
r(7,5,3,284,284)
r(77,1,3,285,285)
r(22,1,3,286,286)
r(31,0,3,287,287)
r(33,1,3,288,288)
r(0,39,3,289,289)
r(82,0,3,290,290)
r(20,3,3,291,291)
r(1,15,3,292,292)
r(20,3,3,293,293)
r(54,0,3,294,294)
r(46,1,3,295,295)
r(2,12,3,296,296)
r(4,7,3,297,297)
r(0,39,3,298,298)
r(36,2,3,299,299)
r(0,39,3,300,300)
r(2,12,3,301,301)
r(7,5,3,302,302)
r(0,39,3,303,303)
r(33,1,3,304,304)
r(16,2,3,305,305)
r(2,12,3,306,306)
r(0,39,3,307,307)
r(30,1,3,308,308)
r(0,39,3,309,309)
r(4,7,3,310,310)
w(10,3,3,311,311)
w(1,16,3,312,312)
r(64,0,3,313,313)
r(1,16,3,314,314)
r(17,1,3,315,315)
r(5,4,3,316,316)
r(0,39,3,317,317)
r(5,4,3,318,318)
r(12,1,3,319,319)
r(21,2,3,320,320)
r(48,1,3,321,321)
r(73,3,3,322,322)
w(5,5,3,323,323)
r(19,1,3,324,324)
r(0,39,3,325,325)
r(1,16,3,326,326)
w(2,13,3,327,327)
r(2,13,3,328,328)
r(78,0,3,329,329)
r(0,39,3,330,330)
r(0,39,3,331,331)
r(10,3,3,332,332)
r(9,4,3,333,333)
r(1,16,3,334,334)
r(67,0,3,335,335)
r(1,16,3,336,336)
r(50,0,3,337,337)
w(0,40,3,338,338)
r(3,11,3,339,339)
r(95,0,3,340,340)
r(0,40,3,341,341)
r(21,2,3,342,342)
r(12,1,3,343,343)
r(0,40,3,344,344)
r(37,0,3,345,345)
r(0,40,3,346,346)
r(1,16,3,347,347)
r(43,1,3,348,348)
r(53,0,3,349,349)
r(0,40,3,350,350)
r(5,5,3,351,351)
r(58,1,3,352,352)
r(2,13,3,353,353)
r(39,1,3,354,354)
r(0,40,3,355,355)
r(18,2,3,356,356)
r(16,2,3,357,357)
r(0,40,3,358,358)
r(47,1,3,359,359)
r(3,11,3,360,360)
r(4,7,3,361,361)
r(0,40,3,362,362)
r(0,40,3,363,363)
r(69,0,3,364,364)
r(6,3,3,365,365)
r(21,2,3,366,366)
w(6,4,3,367,367)
r(0,40,3,368,368)
r(79,0,3,369,369)
r(34,2,3,370,370)
r(54,0,3,371,371)
r(72,0,3,372,372)
r(90,0,3,373,373)
r(19,1,3,374,374)
r(3,11,3,375,375)
r(11,2,3,376,376)
r(3,11,3,377,377)
r(1,16,3,378,378)
r(0,40,3,379,379)
r(0,40,3,380,380)
w(4,8,3,381,381)
r(58,1,3,382,382)
r(68,0,3,383,383)
r(46,1,3,384,384)
w(8,5,3,385,385)
r(28,0,3,386,386)
r(43,1,3,387,387)
r(50,0,3,388,388)
r(96,0,3,389,389)
r(2,13,3,390,390)
r(91,1,3,391,391)
r(8,5,3,392,392)
r(0,40,3,393,393)
r(23,3,3,394,394)
r(2,13,3,395,395)
r(7,5,3,396,396)
r(0,40,3,397,397)
r(0,40,3,398,398)
r(48,1,3,399,399)
r(5,5,3,400,400)
r(5,5,3,401,401)
r(3,11,3,402,402)
r(5,5,3,403,403)
w(2,14,3,404,404)
r(78,0,3,405,405)
r(12,1,3,406,406)
r(3,11,3,407,407)
r(5,5,3,408,408)
r(0,40,3,409,409)
r(46,1,3,410,410)
r(2,14,3,411,411)
w(18,3,3,412,412)
r(0,40,3,413,413)
r(7,5,3,414,414)
r(3,11,3,415,415)
r(41,0,3,416,416)
r(6,4,3,417,417)
r(2,14,3,418,418)
r(5,5,3,419,419)
r(0,40,3,420,420)
r(7,5,3,421,421)
r(66,2,3,422,422)
r(70,0,3,423,423)
r(15,6,3,424,424)
r(6,4,3,425,425)
r(14,4,3,426,426)
r(0,40,3,427,427)
r(66,2,3,428,428)
r(71,1,3,429,429)
r(19,1,3,430,430)
r(3,11,3,431,431)
r(14,4,3,432,432)
r(3,11,3,433,433)
r(9,4,3,434,434)
r(64,0,3,435,435)
r(2,14,3,436,436)
r(4,8,3,437,437)
r(0,40,3,438,438)
r(0,40,3,439,439)
r(6,4,3,440,440)
r(0,40,3,441,441)
r(1,16,3,442,442)
r(0,40,3,443,443)
r(14,4,3,444,444)
r(98,0,3,445,445)
r(39,1,3,446,446)
r(25,0,3,447,447)
r(2,14,3,448,448)
r(4,8,3,449,449)
r(27,0,3,450,450)
r(5,5,3,451,451)
r(36,2,3,452,452)
r(23,3,3,453,453)
r(10,3,3,454,454)
r(23,3,3,455,455)
w(34,3,3,456,456)
r(0,40,3,457,457)
w(0,41,3,458,458)
r(0,41,3,459,459)
r(50,0,3,460,460)
r(1,16,3,461,461)
r(7,5,3,462,462)
r(85,0,3,463,463)
r(48,1,3,464,464)
r(7,5,3,465,465)
r(65,0,3,466,466)
r(3,11,3,467,467)
r(68,0,3,468,468)
r(54,0,3,469,469)
r(81,1,3,470,470)
r(11,2,3,471,471)
r(1,16,3,472,472)
r(0,41,3,473,473)
w(71,2,3,474,474)
w(6,5,3,475,475)
r(0,41,3,476,476)
r(5,5,3,477,477)
r(5,5,3,478,478)
r(0,41,3,479,479)
r(1,16,3,480,480)
r(3,11,3,481,481)
r(5,5,3,482,482)
r(70,0,3,483,483)
r(61,1,3,484,484)
r(67,0,3,485,485)
r(0,41,3,486,486)
r(20,3,3,487,487)
r(11,2,3,488,488)
w(27,1,3,489,489)
r(0,41,3,490,490)
r(0,41,3,491,491)
r(1,16,3,492,492)
r(67,0,3,493,493)
r(2,14,3,494,494)
r(15,6,3,495,495)
r(17,1,3,496,496)
r(28,0,3,497,497)
r(10,3,3,498,498)
r(1,16,3,499,499)
r(6,5,4,0,0)
w(3,12,4,1,1)
r(20,3,4,2,2)
r(8,5,4,3,3)
r(4,8,4,4,4)
r(0,41,4,5,5)
w(0,42,4,6,6)
r(17,1,4,7,7)
r(0,42,4,8,8)
r(11,2,4,9,9)
r(28,0,4,10,10)
r(3,12,4,11,11)
r(32,3,4,12,12)
r(0,42,4,13,13)
r(3,12,4,14,14)
r(3,12,4,15,15)
r(0,42,4,16,16)
r(40,1,4,17,17)
r(12,1,4,18,18)
r(79,0,4,19,19)
r(1,16,4,20,20)
r(1,16,4,21,21)
r(5,5,4,22,22)
r(0,42,4,23,23)
r(11,2,4,24,24)
r(13,0,4,25,25)
w(1,17,4,26,26)
w(24,4,4,27,27)
r(34,3,4,28,28)
r(2,14,4,29,29)
r(1,17,4,30,30)
r(0,42,4,31,31)
r(16,2,4,32,32)
w(46,2,4,33,33)
r(0,42,4,34,34)
r(16,2,4,35,35)
r(0,42,4,36,36)
r(4,8,4,37,37)
r(23,3,4,38,38)
r(38,1,4,39,39)
r(23,3,4,40,40)
r(23,3,4,41,41)
r(1,17,4,42,42)
r(22,1,4,43,43)
r(0,42,4,44,44)
r(0,42,4,45,45)
r(2,14,4,46,46)
r(3,12,4,47,47)
r(0,42,4,48,48)
r(1,17,4,49,49)
r(95,0,4,50,50)
r(6,5,4,51,51)
r(1,17,4,52,52)
w(9,5,4,53,53)
r(2,14,4,54,54)
r(71,2,4,55,55)
r(0,42,4,56,56)
r(60,0,4,57,57)
w(26,4,4,58,58)
r(83,0,4,59,59)
r(0,42,4,60,60)
r(0,42,4,61,61)
r(13,0,4,62,62)
w(0,43,4,63,63)
r(18,3,4,64,64)
r(3,12,4,65,65)
r(4,8,4,66,66)
r(92,0,4,67,67)
r(36,2,4,68,68)
r(16,2,4,69,69)
r(76,0,4,70,70)
r(12,1,4,71,71)
w(19,2,4,72,72)
r(0,43,4,73,73)
r(4,8,4,74,74)
r(5,5,4,75,75)
r(42,0,4,76,76)
r(31,0,4,77,77)
r(4,8,4,78,78)
r(1,17,4,79,79)
r(0,43,4,80,80)
r(71,2,4,81,81)
w(1,18,4,82,82)
r(4,8,4,83,83)
r(22,1,4,84,84)
r(0,43,4,85,85)
r(0,43,4,86,86)
r(11,2,4,87,87)
r(4,8,4,88,88)
r(12,1,4,89,89)
r(14,4,4,90,90)
r(8,5,4,91,91)
r(3,12,4,92,92)
r(1,18,4,93,93)
r(0,43,4,94,94)
r(0,43,4,95,95)
r(4,8,4,96,96)
r(1,18,4,97,97)
r(27,1,4,98,98)
w(27,2,4,99,99)
r(0,43,4,100,100)
r(0,43,4,101,101)
r(3,12,4,102,102)
r(14,4,4,103,103)
r(0,43,4,104,104)
r(26,4,4,105,105)
w(92,1,4,106,106)
r(65,0,4,107,107)
r(0,43,4,108,108)
w(0,44,4,109,109)
r(24,4,4,110,110)
w(27,3,4,111,111)
r(0,44,4,112,112)
r(0,44,4,113,113)
r(0,44,4,114,114)
w(1,19,4,115,115)
r(13,0,4,116,116)
r(0,44,4,117,117)
r(3,12,4,118,118)
w(8,6,4,119,119)
r(7,5,4,120,120)
r(92,1,4,121,121)
r(2,14,4,122,122)
r(27,3,4,123,123)
r(0,44,4,124,124)
r(1,19,4,125,125)
r(0,44,4,126,126)
r(3,12,4,127,127)
r(1,19,4,128,128)
r(0,44,4,129,129)
r(4,8,4,130,130)
r(83,0,4,131,131)
r(43,1,4,132,132)
r(24,4,4,133,133)
r(4,8,4,134,134)
r(0,44,4,135,135)
w(11,3,4,136,136)
r(69,0,4,137,137)
r(0,44,4,138,138)
r(0,44,4,139,139)
r(8,6,4,140,140)
r(16,2,4,141,141)
r(0,44,4,142,142)
r(3,12,4,143,143)
r(46,2,4,144,144)
r(0,44,4,145,145)
r(10,3,4,146,146)
r(0,44,4,147,147)
r(9,5,4,148,148)
r(3,12,4,149,149)
r(77,1,4,150,150)
r(2,14,4,151,151)
r(62,1,4,152,152)
r(0,44,4,153,153)
r(17,1,4,154,154)
r(6,5,4,155,155)
r(30,1,4,156,156)
r(0,44,4,157,157)
r(0,44,4,158,158)
r(17,1,4,159,159)
r(40,1,4,160,160)
r(1,19,4,161,161)
r(5,5,4,162,162)
r(71,2,4,163,163)
r(42,0,4,164,164)
r(33,1,4,165,165)
r(4,8,4,166,166)
r(7,5,4,167,167)
r(64,0,4,168,168)
r(10,3,4,169,169)
r(16,2,4,170,170)
r(0,44,4,171,171)
w(13,1,4,172,172)
r(0,44,4,173,173)
w(0,45,4,174,174)
r(19,2,4,175,175)
r(7,5,4,176,176)
r(1,19,4,177,177)
r(0,45,4,178,178)
r(1,19,4,179,179)
r(4,8,4,180,180)
r(4,8,4,181,181)
r(82,0,4,182,182)
r(1,19,4,183,183)
r(61,1,4,184,184)
r(0,45,4,185,185)
r(77,1,4,186,186)
w(13,2,4,187,187)
r(7,5,4,188,188)
r(41,0,4,189,189)
r(13,2,4,190,190)
r(63,0,4,191,191)
r(7,5,4,192,192)
r(0,45,4,193,193)
r(13,2,4,194,194)
r(45,0,4,195,195)
r(3,12,4,196,196)
r(51,2,4,197,197)
r(2,14,4,198,198)
r(1,19,4,199,199)
r(26,4,4,200,200)
r(0,45,4,201,201)
r(3,12,4,202,202)
r(9,5,4,203,203)
r(0,45,4,204,204)
r(1,19,4,205,205)
r(12,1,4,206,206)
r(0,45,4,207,207)
r(0,45,4,208,208)
r(17,1,4,209,209)
r(16,2,4,210,210)
r(26,4,4,211,211)
r(0,45,4,212,212)
r(4,8,4,213,213)
r(96,0,4,214,214)
r(66,2,4,215,215)
w(17,2,4,216,216)
r(1,19,4,217,217)
r(0,45,4,218,218)
r(25,0,4,219,219)
w(33,2,4,220,220)
r(1,19,4,221,221)
r(0,45,4,222,222)
r(24,4,4,223,223)
r(1,19,4,224,224)
r(2,14,4,225,225)
r(14,4,4,226,226)
r(20,3,4,227,227)
r(39,1,4,228,228)
r(3,12,4,229,229)
r(20,3,4,230,230)
r(0,45,4,231,231)
r(6,5,4,232,232)
r(52,2,4,233,233)
r(10,3,4,234,234)
r(1,19,4,235,235)
r(5,5,4,236,236)
r(22,1,4,237,237)
r(0,45,4,238,238)
r(11,3,4,239,239)
r(0,45,4,240,240)
w(1,20,4,241,241)
r(73,3,4,242,242)
r(0,45,4,243,243)
r(0,45,4,244,244)
r(10,3,4,245,245)
r(1,20,4,246,246)
r(0,45,4,247,247)
r(33,2,4,248,248)
r(0,45,4,249,249)
r(25,0,4,250,250)
r(2,14,4,251,251)
r(23,3,4,252,252)
r(11,3,4,253,253)
r(76,0,4,254,254)
r(4,8,4,255,255)
r(0,45,4,256,256)
r(6,5,4,257,257)
r(3,12,4,258,258)
r(43,1,4,259,259)
r(57,0,4,260,260)
r(47,1,4,261,261)
r(11,3,4,262,262)
r(0,45,4,263,263)
r(2,14,4,264,264)
r(24,4,4,265,265)
r(18,3,4,266,266)
r(1,20,4,267,267)
r(41,0,4,268,268)
r(0,45,4,269,269)
r(11,3,4,270,270)
r(0,45,4,271,271)
w(21,3,4,272,272)
r(6,5,4,273,273)
r(3,12,4,274,274)
r(9,5,4,275,275)
r(11,3,4,276,276)
r(8,6,4,277,277)
r(58,1,4,278,278)
r(0,45,4,279,279)
r(8,6,4,280,280)
r(19,2,4,281,281)
r(23,3,4,282,282)
r(2,14,4,283,283)
w(0,46,4,284,284)
r(1,20,4,285,285)
r(23,3,4,286,286)
r(69,0,4,287,287)
w(1,21,4,288,288)
r(8,6,4,289,289)
r(0,46,4,290,290)
w(0,47,4,291,291)
r(7,5,4,292,292)
r(1,21,4,293,293)
r(21,3,4,294,294)
r(0,47,4,295,295)
r(96,0,4,296,296)
r(32,3,4,297,297)
r(3,12,4,298,298)
r(72,0,4,299,299)
r(56,0,4,300,300)
r(7,5,4,301,301)
w(0,48,4,302,302)
w(46,3,4,303,303)
r(0,48,4,304,304)
r(46,3,4,305,305)
r(90,0,4,306,306)
r(0,48,4,307,307)
r(0,48,4,308,308)
r(2,14,4,309,309)
w(94,1,4,310,310)
r(2,14,4,311,311)
r(50,0,4,312,312)
w(5,6,4,313,313)
r(1,21,4,314,314)
r(1,21,4,315,315)
r(72,0,4,316,316)
r(73,3,4,317,317)
w(1,22,4,318,318)
w(0,49,4,319,319)
r(14,4,4,320,320)
r(6,5,4,321,321)
r(4,8,4,322,322)
r(1,22,4,323,323)
r(52,2,4,324,324)
w(15,7,4,325,325)
r(97,1,4,326,326)
r(0,49,4,327,327)
r(75,0,4,328,328)
r(66,2,4,329,329)
r(2,14,4,330,330)
r(35,0,4,331,331)
r(0,49,4,332,332)
w(37,1,4,333,333)
w(5,7,4,334,334)
r(3,12,4,335,335)
r(4,8,4,336,336)
w(79,1,4,337,337)
r(20,3,4,338,338)
r(42,0,4,339,339)
r(1,22,4,340,340)
r(7,5,4,341,341)
r(3,12,4,342,342)
r(23,3,4,343,343)
r(0,49,4,344,344)
r(0,49,4,345,345)
r(0,49,4,346,346)
r(4,8,4,347,347)
r(1,22,4,348,348)
r(4,8,4,349,349)
r(30,1,4,350,350)
r(0,49,4,351,351)
r(0,49,4,352,352)
r(2,14,4,353,353)
r(5,7,4,354,354)
r(0,49,4,355,355)
r(52,2,4,356,356)
r(0,49,4,357,357)
r(10,3,4,358,358)
r(36,2,4,359,359)
r(1,22,4,360,360)
w(0,50,4,361,361)
r(48,1,4,362,362)
r(1,22,4,363,363)
r(0,50,4,364,364)
r(1,22,4,365,365)
r(12,1,4,366,366)
r(0,50,4,367,367)
r(5,7,4,368,368)
r(17,2,4,369,369)
r(0,50,4,370,370)
r(0,50,4,371,371)
r(16,2,4,372,372)
w(29,1,4,373,373)
r(14,4,4,374,374)
r(41,0,4,375,375)
r(43,1,4,376,376)
r(31,0,4,377,377)
r(46,3,4,378,378)
r(7,5,4,379,379)
r(6,5,4,380,380)
r(5,7,4,381,381)
r(7,5,4,382,382)
r(7,5,4,383,383)
r(3,12,4,384,384)
r(3,12,4,385,385)
r(6,5,4,386,386)
r(16,2,4,387,387)
r(36,2,4,388,388)
r(11,3,4,389,389)
r(0,50,4,390,390)
r(36,2,4,391,391)
r(50,0,4,392,392)
r(0,50,4,393,393)
r(6,5,4,394,394)
r(2,14,4,395,395)
r(2,14,4,396,396)
r(6,5,4,397,397)
r(47,1,4,398,398)
r(0,50,4,399,399)
r(0,50,4,400,400)
r(19,2,4,401,401)
r(61,1,4,402,402)
r(7,5,4,403,403)
r(68,0,4,404,404)
w(0,51,4,405,405)
r(0,51,4,406,406)
r(95,0,4,407,407)
r(0,51,4,408,408)
r(0,51,4,409,409)
r(38,1,4,410,410)
r(7,5,4,411,411)
r(98,0,4,412,412)
r(5,7,4,413,413)
r(11,3,4,414,414)
r(1,22,4,415,415)
r(0,51,4,416,416)
r(73,3,4,417,417)
r(1,22,4,418,418)
r(15,7,4,419,419)
r(2,14,4,420,420)
r(38,1,4,421,421)
r(0,51,4,422,422)
r(7,5,4,423,423)
r(4,8,4,424,424)
r(18,3,4,425,425)
r(45,0,4,426,426)
r(0,51,4,427,427)
r(1,22,4,428,428)
r(59,0,4,429,429)
r(2,14,4,430,430)
r(0,51,4,431,431)
r(0,51,4,432,432)
r(23,3,4,433,433)
r(4,8,4,434,434)
r(2,14,4,435,435)
r(93,0,4,436,436)
r(14,4,4,437,437)
r(1,22,4,438,438)
w(0,52,4,439,439)
r(0,52,4,440,440)
r(1,22,4,441,441)
r(9,5,4,442,442)
r(1,22,4,443,443)
r(6,5,4,444,444)
r(40,1,4,445,445)
r(25,0,4,446,446)
r(26,4,4,447,447)
r(26,4,4,448,448)
r(3,12,4,449,449)
r(7,5,4,450,450)
r(1,22,4,451,451)
r(11,3,4,452,452)
w(1,23,4,453,453)
r(49,1,4,454,454)
r(60,0,4,455,455)
r(52,2,4,456,456)
r(12,1,4,457,457)
r(1,23,4,458,458)
r(7,5,4,459,459)
r(0,52,4,460,460)
r(66,2,4,461,461)
w(7,6,4,462,462)
r(59,0,4,463,463)
r(4,8,4,464,464)
r(1,23,4,465,465)
r(33,2,4,466,466)
r(13,2,4,467,467)
r(84,0,4,468,468)
r(6,5,4,469,469)
r(80,0,4,470,470)
r(64,0,4,471,471)
r(15,7,4,472,472)
r(2,14,4,473,473)
r(52,2,4,474,474)
r(71,2,4,475,475)
w(0,53,4,476,476)
r(62,1,4,477,477)
r(47,1,4,478,478)
r(0,53,4,479,479)
r(85,0,4,480,480)
r(50,0,4,481,481)
w(0,54,4,482,482)
r(53,0,4,483,483)
w(42,1,4,484,484)
r(1,23,4,485,485)
w(50,1,4,486,486)
r(3,12,4,487,487)
r(6,5,4,488,488)
r(0,54,4,489,489)
r(8,6,4,490,490)
r(1,23,4,491,491)
w(0,55,4,492,492)
r(1,23,4,493,493)
r(1,23,4,494,494)
r(0,55,4,495,495)
r(21,3,4,496,496)
r(1,23,4,497,497)
r(31,0,4,498,498)
r(74,0,4,499,499)
