w(707,1,0,0,0)
w(143,1,0,1,1)
w(145,1,0,2,2)
w(42,1,0,3,3)
w(502,1,0,4,4)
w(776,1,0,5,5)
w(760,1,0,6,6)
w(484,1,0,7,7)
w(832,1,0,8,8)
w(405,1,0,9,9)
w(406,1,0,10,10)
w(68,1,0,11,11)
w(796,1,0,12,12)
w(98,1,0,13,13)
w(94,1,0,14,14)
w(520,1,0,15,15)
w(41,1,0,16,16)
w(413,1,0,17,17)
r(52,0,0,18,18)
w(242,1,0,19,19)
w(709,1,0,20,20)
w(456,1,0,21,21)
w(846,1,0,22,22)
w(33,1,0,23,23)
w(982,1,0,24,24)
w(695,1,0,25,25)
w(941,1,0,26,26)
w(282,1,0,27,27)
r(580,0,0,28,28)
w(981,1,0,29,29)
w(212,1,0,30,30)
w(556,1,0,31,31)
w(71,1,0,32,32)
w(195,1,0,33,33)
w(148,1,0,34,34)
w(779,1,0,35,35)
w(79,1,0,36,36)
w(621,1,0,37,37)
w(983,1,0,38,38)
r(529,0,0,39,39)
w(763,1,0,40,40)
w(816,1,0,41,41)
w(580,1,0,42,42)
w(736,1,0,43,43)
w(589,1,0,44,44)
w(999,1,0,45,45)
w(594,1,0,46,46)
w(375,1,0,47,47)
w(654,1,0,48,48)
w(131,1,0,49,49)
w(972,1,0,50,50)
w(29,1,0,51,51)
w(338,1,0,52,52)
w(208,1,0,53,53)
w(3,1,0,54,54)
w(763,2,0,55,55)
w(883,1,0,56,56)
w(842,1,0,57,57)
w(361,1,0,58,58)
w(495,1,0,59,59)
w(966,1,0,60,60)
w(966,2,0,61,61)
w(988,1,0,62,62)
w(572,1,0,63,63)
w(623,1,0,64,64)
w(345,1,0,65,65)
w(563,1,0,66,66)
w(842,2,0,67,67)
w(729,1,0,68,68)
w(350,1,0,69,69)
w(96,1,0,70,70)
w(972,2,0,71,71)
w(18,1,0,72,72)
w(579,1,0,73,73)
w(326,1,0,74,74)
w(298,1,0,75,75)
w(576,1,0,76,76)
w(298,2,0,77,77)
w(431,1,0,78,78)
w(930,1,0,79,79)
w(194,1,0,80,80)
w(750,1,0,81,81)
w(164,1,0,82,82)
r(280,0,0,83,83)
w(263,1,0,84,84)
w(759,1,0,85,85)
w(524,1,0,86,86)
w(738,1,0,87,87)
w(506,1,0,88,88)
w(835,1,0,89,89)
w(919,1,0,90,90)
w(351,1,0,91,91)
w(783,1,0,92,92)
w(277,1,0,93,93)
w(934,1,0,94,94)
w(884,1,0,95,95)
w(199,1,0,96,96)
w(470,1,0,97,97)
w(668,1,0,98,98)
w(446,1,0,99,99)
w(760,2,0,100,100)
w(882,1,0,101,101)
r(931,0,0,102,102)
w(748,1,0,103,103)
r(700,0,0,104,104)
w(178,1,0,105,105)
w(180,1,0,106,106)
w(953,1,0,107,107)
w(728,1,0,108,108)
w(25,1,0,109,109)
w(220,1,0,110,110)
w(594,2,0,111,111)
w(941,2,0,112,112)
w(578,1,0,113,113)
w(162,1,0,114,114)
w(560,1,0,115,115)
w(194,2,0,116,116)
w(304,1,0,117,117)
w(983,2,0,118,118)
w(45,1,0,119,119)
w(745,1,0,120,120)
r(97,0,0,121,121)
w(538,1,0,122,122)
w(175,1,0,123,123)
w(834,1,0,124,124)
w(736,2,0,125,125)
w(525,1,0,126,126)
w(770,1,0,127,127)
w(437,1,0,128,128)
w(964,1,0,129,129)
w(747,1,0,130,130)
r(222,0,0,131,131)
w(149,1,0,132,132)
w(754,1,0,133,133)
w(513,1,0,134,134)
w(23,1,0,135,135)
w(946,1,0,136,136)
w(576,2,0,137,137)
w(92,1,0,138,138)
w(336,1,0,139,139)
w(756,1,0,140,140)
w(614,1,0,141,141)
w(744,1,0,142,142)
r(287,0,0,143,143)
w(873,1,0,144,144)
w(767,1,0,145,145)
r(102,0,0,146,146)
w(692,1,0,147,147)
w(109,1,0,148,148)
w(747,2,0,149,149)
w(782,1,0,150,150)
w(117,1,0,151,151)
w(255,1,0,152,152)
w(345,2,0,153,153)
w(561,1,0,154,154)
w(571,1,0,155,155)
w(978,1,0,156,156)
w(544,1,0,157,157)
r(578,1,0,158,158)
w(103,1,0,159,159)
w(699,1,0,160,160)
w(613,1,0,161,161)
w(278,1,0,162,162)
r(679,0,0,163,163)
w(467,1,0,164,164)
w(357,1,0,165,165)
r(719,0,0,166,166)
w(551,1,0,167,167)
w(641,1,0,168,168)
w(585,1,0,169,169)
w(776,2,0,170,170)
w(714,1,0,171,171)
w(893,1,0,172,172)
w(386,1,0,173,173)
w(261,1,0,174,174)
w(324,1,0,175,175)
w(34,1,0,176,176)
w(66,1,0,177,177)
w(676,1,0,178,178)
w(553,1,0,179,179)
w(412,1,0,180,180)
w(170,1,0,181,181)
w(206,1,0,182,182)
w(295,1,0,183,183)
w(314,1,0,184,184)
w(683,1,0,185,185)
w(19,1,0,186,186)
w(716,1,0,187,187)
w(81,1,0,188,188)
w(673,1,0,189,189)
w(408,1,0,190,190)
w(679,1,0,191,191)
w(424,1,0,192,192)
w(325,1,0,193,193)
w(241,1,0,194,194)
w(953,2,0,195,195)
w(24,1,0,196,196)
w(988,2,0,197,197)
w(465,1,0,198,198)
w(486,1,0,199,199)
r(552,0,0,200,200)
w(103,2,0,201,201)
w(66,2,0,202,202)
w(368,1,0,203,203)
w(391,1,0,204,204)
w(714,2,0,205,205)
w(90,1,0,206,206)
r(689,0,0,207,207)
w(839,1,0,208,208)
w(874,1,0,209,209)
w(235,1,0,210,210)
w(964,2,0,211,211)
w(410,1,0,212,212)
w(950,1,0,213,213)
w(417,1,0,214,214)
w(329,1,0,215,215)
w(508,1,0,216,216)
w(732,1,0,217,217)
w(171,1,0,218,218)
w(361,2,0,219,219)
w(726,1,0,220,220)
w(488,1,0,221,221)
w(216,1,0,222,222)
w(709,2,0,223,223)
w(604,1,0,224,224)
w(185,1,0,225,225)
w(515,1,0,226,226)
w(851,1,0,227,227)
w(253,1,0,228,228)
w(168,1,0,229,229)
w(96,2,0,230,230)
w(695,2,0,231,231)
r(871,0,0,232,232)
w(302,1,0,233,233)
w(784,1,0,234,234)
w(602,1,0,235,235)
w(394,1,0,236,236)
w(587,1,0,237,237)
w(346,1,0,238,238)
w(539,1,0,239,239)
w(644,1,0,240,240)
w(605,1,0,241,241)
w(747,3,0,242,242)
w(407,1,0,243,243)
w(264,1,0,244,244)
w(642,1,0,245,245)
w(195,2,0,246,246)
r(496,0,0,247,247)
w(627,1,0,248,248)
w(416,1,0,249,249)
w(758,1,0,250,250)
w(24,2,0,251,251)
w(978,2,0,252,252)
w(119,1,0,253,253)
w(486,2,0,254,254)
w(405,2,0,255,255)
w(295,2,0,256,256)
w(279,1,0,257,257)
w(774,1,0,258,258)
w(222,1,0,259,259)
w(712,1,0,260,260)
w(981,2,0,261,261)
w(160,1,0,262,262)
r(434,0,0,263,263)
w(552,1,0,264,264)
w(328,1,0,265,265)
w(776,3,0,266,266)
w(447,1,0,267,267)
w(561,2,0,268,268)
w(672,1,0,269,269)
w(550,1,0,270,270)
w(902,1,0,271,271)
w(986,1,0,272,272)
w(133,1,0,273,273)
w(186,1,0,274,274)
w(625,1,0,275,275)
w(638,1,0,276,276)
w(224,1,0,277,277)
w(408,2,0,278,278)
w(942,1,0,279,279)
w(450,1,0,280,280)
w(184,1,0,281,281)
w(961,1,0,282,282)
w(364,1,0,283,283)
w(726,2,0,284,284)
w(561,3,0,285,285)
w(510,1,0,286,286)
w(697,1,0,287,287)
w(777,1,0,288,288)
w(2,1,0,289,289)
w(716,2,0,290,290)
r(647,0,0,291,291)
w(817,1,0,292,292)
w(184,2,0,293,293)
w(623,2,0,294,294)
w(877,1,0,295,295)
w(780,1,0,296,296)
w(597,1,0,297,297)
w(893,2,0,298,298)
w(389,1,0,299,299)
w(348,1,0,300,300)
w(280,1,0,301,301)
w(330,1,0,302,302)
w(961,2,0,303,303)
w(562,1,0,304,304)
w(16,1,0,305,305)
w(760,3,0,306,306)
w(399,1,0,307,307)
w(728,2,0,308,308)
w(774,2,0,309,309)
w(556,2,0,310,310)
r(345,2,0,311,311)
w(166,1,0,312,312)
w(50,1,0,313,313)
w(631,1,0,314,314)
r(523,0,0,315,315)
w(54,1,0,316,316)
w(623,3,0,317,317)
w(373,1,0,318,318)
w(484,2,0,319,319)
w(488,2,0,320,320)
w(709,3,0,321,321)
w(644,2,0,322,322)
w(705,1,0,323,323)
w(92,2,0,324,324)
w(215,1,0,325,325)
r(435,0,0,326,326)
w(844,1,0,327,327)
w(729,2,0,328,328)
w(235,2,0,329,329)
w(466,1,0,330,330)
w(971,1,0,331,331)
w(168,2,0,332,332)
w(707,2,0,333,333)
r(731,0,0,334,334)
w(487,1,0,335,335)
w(190,1,0,336,336)
w(526,1,0,337,337)
w(939,1,0,338,338)
w(666,1,0,339,339)
w(568,1,0,340,340)
w(853,1,0,341,341)
w(995,1,0,342,342)
w(33,2,0,343,343)
w(963,1,0,344,344)
r(881,0,0,345,345)
w(453,1,0,346,346)
w(961,3,0,347,347)
w(872,1,0,348,348)
w(572,2,0,349,349)
w(885,1,0,350,350)
w(855,1,0,351,351)
w(272,1,0,352,352)
w(493,1,0,353,353)
w(453,2,0,354,354)
w(130,1,0,355,355)
r(185,1,0,356,356)
w(981,3,0,357,357)
w(448,1,0,358,358)
w(762,1,0,359,359)
w(632,1,0,360,360)
w(334,1,0,361,361)
w(478,1,0,362,362)
w(954,1,0,363,363)
w(155,1,0,364,364)
w(847,1,0,365,365)
w(67,1,0,366,366)
w(202,1,0,367,367)
w(531,1,0,368,368)
w(930,2,0,369,369)
w(280,2,0,370,370)
w(429,1,0,371,371)
w(525,2,0,372,372)
w(559,1,0,373,373)
w(902,2,0,374,374)
w(651,1,0,375,375)
w(239,1,0,376,376)
w(748,2,0,377,377)
w(212,2,0,378,378)
w(631,2,0,379,379)
w(411,1,0,380,380)
w(510,2,0,381,381)
w(631,3,0,382,382)
r(882,1,0,383,383)
w(161,1,0,384,384)
w(606,1,0,385,385)
w(966,3,0,386,386)
w(778,1,0,387,387)
w(4,1,0,388,388)
w(369,1,0,389,389)
w(976,1,0,390,390)
w(356,1,0,391,391)
w(502,2,0,392,392)
w(421,1,0,393,393)
w(14,1,0,394,394)
w(321,1,0,395,395)
r(41,1,0,396,396)
w(223,1,0,397,397)
w(497,1,0,398,398)
w(579,2,0,399,399)
w(23,2,0,400,400)
w(64,1,0,401,401)
w(349,1,0,402,402)
w(295,3,0,403,403)
r(255,1,0,404,404)
w(587,2,0,405,405)
w(381,1,0,406,406)
w(707,3,0,407,407)
w(216,2,0,408,408)
w(799,1,0,409,409)
w(958,1,0,410,410)
w(693,1,0,411,411)
w(371,1,0,412,412)
w(893,3,0,413,413)
w(988,3,0,414,414)
w(82,1,0,415,415)
r(646,0,0,416,416)
w(162,2,0,417,417)
w(297,1,0,418,418)
w(181,1,0,419,419)
w(913,1,0,420,420)
w(771,1,0,421,421)
w(395,1,0,422,422)
w(504,1,0,423,423)
w(883,2,0,424,424)
w(401,1,0,425,425)
w(797,1,0,426,426)
w(72,1,0,427,427)
w(990,1,0,428,428)
w(509,1,0,429,429)
w(373,2,0,430,430)
w(782,2,0,431,431)
w(536,1,0,432,432)
w(713,1,0,433,433)
w(98,2,0,434,434)
w(219,1,0,435,435)
w(764,1,0,436,436)
w(256,1,0,437,437)
w(990,2,0,438,438)
w(968,1,0,439,439)
r(553,1,0,440,440)
r(618,0,0,441,441)
w(652,1,0,442,442)
w(41,2,0,443,443)
w(49,1,0,444,444)
w(357,2,0,445,445)
w(500,1,0,446,446)
w(554,1,0,447,447)
w(688,1,0,448,448)
w(875,1,0,449,449)
w(515,2,0,450,450)
w(625,2,0,451,451)
w(352,1,0,452,452)
w(276,1,0,453,453)
w(279,2,0,454,454)
w(69,1,0,455,455)
r(725,0,0,456,456)
w(601,1,0,457,457)
w(161,2,0,458,458)
w(912,1,0,459,459)
w(733,1,0,460,460)
w(704,1,0,461,461)
w(98,3,0,462,462)
w(252,1,0,463,463)
w(525,3,0,464,464)
w(128,1,0,465,465)
w(473,1,0,466,466)
w(87,1,0,467,467)
w(468,1,0,468,468)
w(53,1,0,469,469)
w(999,2,0,470,470)
r(999,2,0,471,471)
w(451,1,0,472,472)
w(816,2,0,473,473)
w(538,2,0,474,474)
w(720,1,0,475,475)
w(636,1,0,476,476)
w(375,2,0,477,477)
w(862,1,0,478,478)
w(489,1,0,479,479)
w(503,1,0,480,480)
r(103,2,0,481,481)
w(392,1,0,482,482)
w(488,3,0,483,483)
w(499,1,0,484,484)
w(162,3,0,485,485)
w(918,1,0,486,486)
w(865,1,0,487,487)
w(871,1,0,488,488)
w(28,1,0,489,489)
w(45,2,0,490,490)
w(606,2,0,491,491)
w(472,1,0,492,492)
w(487,2,0,493,493)
w(254,1,0,494,494)
w(575,1,0,495,495)
w(893,4,0,496,496)
w(255,2,0,497,497)
w(591,1,0,498,498)
w(506,2,0,499,499)
w(612,1,1,0,0)
w(195,3,1,1,1)
w(31,1,1,2,2)
w(849,1,1,3,3)
w(72,2,1,4,4)
w(675,1,1,5,5)
w(921,1,1,6,6)
w(215,2,1,7,7)
w(860,1,1,8,8)
w(949,1,1,9,9)
w(110,1,1,10,10)
w(430,1,1,11,11)
w(196,1,1,12,12)
w(728,3,1,13,13)
w(341,1,1,14,14)
w(699,2,1,15,15)
w(673,2,1,16,16)
w(979,1,1,17,17)
w(241,2,1,18,18)
w(789,1,1,19,19)
w(44,1,1,20,20)
r(34,1,1,21,21)
w(501,1,1,22,22)
w(444,1,1,23,23)
w(545,1,1,24,24)
w(682,1,1,25,25)
r(553,1,1,26,26)
w(291,1,1,27,27)
w(627,2,1,28,28)
w(749,1,1,29,29)
w(804,1,1,30,30)
w(535,1,1,31,31)
w(56,1,1,32,32)
w(747,4,1,33,33)
w(408,3,1,34,34)
w(796,2,1,35,35)
w(637,1,1,36,36)
w(166,2,1,37,37)
w(490,1,1,38,38)
w(462,1,1,39,39)
w(956,1,1,40,40)
r(124,0,1,41,41)
w(414,1,1,42,42)
w(133,2,1,43,43)
w(390,1,1,44,44)
w(600,1,1,45,45)
w(346,2,1,46,46)
w(954,2,1,47,47)
w(256,2,1,48,48)
w(186,2,1,49,49)
w(104,1,1,50,50)
w(420,1,1,51,51)
r(305,0,1,52,52)
w(875,2,1,53,53)
w(264,2,1,54,54)
w(482,1,1,55,55)
r(127,0,1,56,56)
w(901,1,1,57,57)
w(596,1,1,58,58)
w(231,1,1,59,59)
w(218,1,1,60,60)
w(960,1,1,61,61)
w(317,1,1,62,62)
w(317,2,1,63,63)
w(656,1,1,64,64)
w(815,1,1,65,65)
w(948,1,1,66,66)
w(444,2,1,67,67)
w(182,1,1,68,68)
w(269,1,1,69,69)
w(360,1,1,70,70)
w(813,1,1,71,71)
r(783,1,1,72,72)
w(247,1,1,73,73)
w(982,2,1,74,74)
w(341,2,1,75,75)
w(253,2,1,76,76)
w(286,1,1,77,77)
w(104,2,1,78,78)
w(357,3,1,79,79)
w(210,1,1,80,80)
r(482,1,1,81,81)
w(468,2,1,82,82)
r(22,0,1,83,83)
w(296,1,1,84,84)
w(643,1,1,85,85)
w(688,2,1,86,86)
w(420,2,1,87,87)
r(50,1,1,88,88)
w(598,1,1,89,89)
w(816,3,1,90,90)
w(829,1,1,91,91)
w(447,2,1,92,92)
w(592,1,1,93,93)
w(664,1,1,94,94)
w(786,1,1,95,95)
w(481,1,1,96,96)
w(981,4,1,97,97)
w(419,1,1,98,98)
w(644,3,1,99,99)
w(681,1,1,100,100)
w(831,1,1,101,101)
w(67,2,1,102,102)
w(16,2,1,103,103)
w(916,1,1,104,104)
w(660,1,1,105,105)
w(244,1,1,106,106)
w(827,1,1,107,107)
w(274,1,1,108,108)
r(441,0,1,109,109)
w(907,1,1,110,110)
w(800,1,1,111,111)
w(506,3,1,112,112)
w(647,1,1,113,113)
w(106,1,1,114,114)
w(111,1,1,115,115)
w(84,1,1,116,116)
w(842,3,1,117,117)
w(327,1,1,118,118)
w(152,1,1,119,119)
w(461,1,1,120,120)
w(147,1,1,121,121)
r(327,1,1,122,122)
w(968,2,1,123,123)
w(148,2,1,124,124)
r(867,0,1,125,125)
r(107,0,1,126,126)
w(171,2,1,127,127)
w(323,1,1,128,128)
w(83,1,1,129,129)
w(399,2,1,130,130)
w(28,2,1,131,131)
w(624,1,1,132,132)
w(813,2,1,133,133)
w(572,3,1,134,134)
w(684,1,1,135,135)
w(402,1,1,136,136)
w(205,1,1,137,137)
w(436,1,1,138,138)
w(250,1,1,139,139)
r(548,0,1,140,140)
w(974,1,1,141,141)
w(867,1,1,142,142)
w(409,1,1,143,143)
w(809,1,1,144,144)
w(487,3,1,145,145)
w(65,1,1,146,146)
w(848,1,1,147,147)
w(254,2,1,148,148)
w(859,1,1,149,149)
w(125,1,1,150,150)
w(730,1,1,151,151)
w(368,2,1,152,152)
w(819,1,1,153,153)
w(693,2,1,154,154)
r(404,0,1,155,155)
w(685,1,1,156,156)
w(350,2,1,157,157)
w(7,1,1,158,158)
w(331,1,1,159,159)
w(289,1,1,160,160)
w(532,1,1,161,161)
w(600,2,1,162,162)
w(104,3,1,163,163)
w(192,1,1,164,164)
r(522,0,1,165,165)
w(2,2,1,166,166)
w(587,3,1,167,167)
w(309,1,1,168,168)
w(187,1,1,169,169)
r(608,0,1,170,170)
w(10,1,1,171,171)
w(738,2,1,172,172)
w(785,1,1,173,173)
w(431,2,1,174,174)
w(295,4,1,175,175)
r(259,0,1,176,176)
w(879,1,1,177,177)
w(810,1,1,178,178)
w(900,1,1,179,179)
w(447,3,1,180,180)
w(638,2,1,181,181)
w(259,1,1,182,182)
w(413,2,1,183,183)
w(430,2,1,184,184)
w(109,2,1,185,185)
w(141,1,1,186,186)
w(502,3,1,187,187)
w(220,2,1,188,188)
r(779,1,1,189,189)
w(158,1,1,190,190)
w(290,1,1,191,191)
w(437,2,1,192,192)
w(785,2,1,193,193)
w(151,1,1,194,194)
w(891,1,1,195,195)
w(574,1,1,196,196)
w(960,2,1,197,197)
w(17,1,1,198,198)
w(463,1,1,199,199)
w(399,3,1,200,200)
w(231,2,1,201,201)
w(602,2,1,202,202)
w(938,1,1,203,203)
r(592,1,1,204,204)
w(903,1,1,205,205)
w(813,3,1,206,206)
w(399,4,1,207,207)
w(467,2,1,208,208)
w(326,2,1,209,209)
w(299,1,1,210,210)
w(209,1,1,211,211)
w(777,2,1,212,212)
w(724,1,1,213,213)
w(865,2,1,214,214)
w(125,2,1,215,215)
w(58,1,1,216,216)
w(775,1,1,217,217)
w(981,5,1,218,218)
w(927,1,1,219,219)
w(956,2,1,220,220)
w(918,2,1,221,221)
w(55,1,1,222,222)
w(745,2,1,223,223)
w(486,3,1,224,224)
w(856,1,1,225,225)
w(149,2,1,226,226)
w(934,2,1,227,227)
w(13,1,1,228,228)
w(708,1,1,229,229)
w(10,2,1,230,230)
w(56,2,1,231,231)
w(324,2,1,232,232)
w(562,2,1,233,233)
w(469,1,1,234,234)
w(254,3,1,235,235)
w(828,1,1,236,236)
w(469,2,1,237,237)
w(926,1,1,238,238)
w(613,2,1,239,239)
w(76,1,1,240,240)
w(196,2,1,241,241)
w(971,2,1,242,242)
w(441,1,1,243,243)
w(843,1,1,244,244)
w(240,1,1,245,245)
w(460,1,1,246,246)
r(337,0,1,247,247)
w(527,1,1,248,248)
r(155,1,1,249,249)
w(330,2,1,250,250)
w(913,2,1,251,251)
w(267,1,1,252,252)
w(646,1,1,253,253)
w(913,3,1,254,254)
w(429,2,1,255,255)
w(854,1,1,256,256)
r(913,3,1,257,257)
w(288,1,1,258,258)
w(88,1,1,259,259)
w(301,1,1,260,260)
r(154,0,1,261,261)
w(836,1,1,262,262)
w(400,1,1,263,263)
w(960,3,1,264,264)
w(442,1,1,265,265)
w(471,1,1,266,266)
w(181,2,1,267,267)
w(947,1,1,268,268)
w(87,2,1,269,269)
w(908,1,1,270,270)
w(989,1,1,271,271)
w(464,1,1,272,272)
w(121,1,1,273,273)
w(596,2,1,274,274)
r(866,0,1,275,275)
w(347,1,1,276,276)
w(360,2,1,277,277)
w(103,3,1,278,278)
w(742,1,1,279,279)
w(888,1,1,280,280)
w(237,1,1,281,281)
w(991,1,1,282,282)
w(994,1,1,283,283)
w(671,1,1,284,284)
w(4,2,1,285,285)
w(457,1,1,286,286)
w(524,2,1,287,287)
w(479,1,1,288,288)
w(565,1,1,289,289)
w(262,1,1,290,290)
w(928,1,1,291,291)
w(550,2,1,292,292)
w(318,1,1,293,293)
w(130,2,1,294,294)
w(615,1,1,295,295)
w(667,1,1,296,296)
w(668,2,1,297,297)
w(694,1,1,298,298)
w(631,4,1,299,299)
w(695,3,1,300,300)
w(44,2,1,301,301)
w(264,3,1,302,302)
w(956,3,1,303,303)
w(771,2,1,304,304)
r(952,0,1,305,305)
w(860,2,1,306,306)
w(742,2,1,307,307)
w(268,1,1,308,308)
w(969,1,1,309,309)
w(276,2,1,310,310)
w(501,2,1,311,311)
w(724,2,1,312,312)
w(308,1,1,313,313)
w(775,2,1,314,314)
w(734,1,1,315,315)
w(31,2,1,316,316)
w(597,2,1,317,317)
w(85,1,1,318,318)
w(427,1,1,319,319)
w(6,1,1,320,320)
w(694,2,1,321,321)
w(124,1,1,322,322)
w(311,1,1,323,323)
r(949,1,1,324,324)
w(450,2,1,325,325)
w(305,1,1,326,326)
w(308,2,1,327,327)
w(241,3,1,328,328)
w(514,1,1,329,329)
r(233,0,1,330,330)
w(518,1,1,331,331)
r(673,2,1,332,332)
w(475,1,1,333,333)
w(399,5,1,334,334)
w(246,1,1,335,335)
w(8,1,1,336,336)
r(687,0,1,337,337)
r(148,2,1,338,338)
w(57,1,1,339,339)
w(749,2,1,340,340)
w(411,2,1,341,341)
w(225,1,1,342,342)
r(582,0,1,343,343)
r(611,0,1,344,344)
w(109,3,1,345,345)
w(898,1,1,346,346)
w(622,1,1,347,347)
w(817,2,1,348,348)
w(432,1,1,349,349)
w(646,2,1,350,350)
w(650,1,1,351,351)
w(488,4,1,352,352)
w(240,2,1,353,353)
w(577,1,1,354,354)
w(675,2,1,355,355)
w(746,1,1,356,356)
w(329,2,1,357,357)
w(34,2,1,358,358)
w(177,1,1,359,359)
w(293,1,1,360,360)
w(263,2,1,361,361)
w(446,2,1,362,362)
w(481,2,1,363,363)
w(249,1,1,364,364)
w(360,3,1,365,365)
w(348,2,1,366,366)
w(93,1,1,367,367)
r(323,1,1,368,368)
w(313,1,1,369,369)
w(21,1,1,370,370)
w(966,4,1,371,371)
w(287,1,1,372,372)
w(460,2,1,373,373)
w(836,2,1,374,374)
w(741,1,1,375,375)
w(101,1,1,376,376)
w(794,1,1,377,377)
w(875,3,1,378,378)
w(362,1,1,379,379)
w(873,2,1,380,380)
w(187,2,1,381,381)
w(521,1,1,382,382)
w(383,1,1,383,383)
w(827,2,1,384,384)
w(246,2,1,385,385)
w(492,1,1,386,386)
w(111,2,1,387,387)
w(964,3,1,388,388)
w(971,3,1,389,389)
w(177,2,1,390,390)
w(292,1,1,391,391)
w(838,1,1,392,392)
w(764,2,1,393,393)
w(626,1,1,394,394)
r(441,1,1,395,395)
w(956,4,1,396,396)
w(868,1,1,397,397)
w(508,2,1,398,398)
w(352,2,1,399,399)
w(421,2,1,400,400)
w(8,2,1,401,401)
w(195,4,1,402,402)
w(39,1,1,403,403)
w(646,3,1,404,404)
w(799,2,1,405,405)
w(20,1,1,406,406)
r(34,2,1,407,407)
w(227,1,1,408,408)
w(438,1,1,409,409)
w(149,3,1,410,410)
w(186,3,1,411,411)
w(607,1,1,412,412)
w(185,2,1,413,413)
w(858,1,1,414,414)
r(854,1,1,415,415)
w(446,3,1,416,416)
w(963,2,1,417,417)
w(65,2,1,418,418)
w(380,1,1,419,419)
w(620,1,1,420,420)
r(338,1,1,421,421)
w(754,2,1,422,422)
w(1,1,1,423,423)
w(215,3,1,424,424)
w(323,2,1,425,425)
w(829,2,1,426,426)
w(918,3,1,427,427)
w(943,1,1,428,428)
w(751,1,1,429,429)
w(646,4,1,430,430)
w(837,1,1,431,431)
w(973,1,1,432,432)
w(573,1,1,433,433)
w(704,2,1,434,434)
w(380,2,1,435,435)
w(967,1,1,436,436)
w(672,2,1,437,437)
w(860,3,1,438,438)
w(691,1,1,439,439)
w(195,5,1,440,440)
w(380,3,1,441,441)
w(869,1,1,442,442)
r(29,1,1,443,443)
w(136,1,1,444,444)
r(55,1,1,445,445)
w(502,4,1,446,446)
w(504,2,1,447,447)
r(78,0,1,448,448)
w(377,1,1,449,449)
w(80,1,1,450,450)
w(322,1,1,451,451)
w(313,2,1,452,452)
w(781,1,1,453,453)
w(524,3,1,454,454)
w(298,3,1,455,455)
w(335,1,1,456,456)
w(224,2,1,457,457)
w(550,3,1,458,458)
r(841,0,1,459,459)
r(504,2,1,460,460)
w(401,2,1,461,461)
w(658,1,1,462,462)
w(240,3,1,463,463)
w(934,3,1,464,464)
w(383,2,1,465,465)
r(977,0,1,466,466)
w(546,1,1,467,467)
w(39,2,1,468,468)
w(357,4,1,469,469)
w(115,1,1,470,470)
w(414,2,1,471,471)
w(378,1,1,472,472)
w(890,1,1,473,473)
w(584,1,1,474,474)
w(651,2,1,475,475)
w(853,2,1,476,476)
w(414,3,1,477,477)
w(377,2,1,478,478)
w(995,2,1,479,479)
w(557,1,1,480,480)
w(727,1,1,481,481)
w(890,2,1,482,482)
w(165,1,1,483,483)
w(952,1,1,484,484)
w(361,3,1,485,485)
w(345,3,1,486,486)
w(523,1,1,487,487)
r(347,1,1,488,488)
w(108,1,1,489,489)
w(969,2,1,490,490)
w(316,1,1,491,491)
w(774,3,1,492,492)
w(447,4,1,493,493)
w(363,1,1,494,494)
w(931,1,1,495,495)
r(917,0,1,496,496)
w(258,1,1,497,497)
w(74,1,1,498,498)
w(629,1,1,499,499)
w(625,3,2,0,0)
w(872,2,2,1,1)
r(359,0,2,2,2)
w(643,2,2,3,3)
w(350,3,2,4,4)
w(372,1,2,5,5)
r(350,3,2,6,6)
w(725,1,2,7,7)
w(670,1,2,8,8)
w(783,2,2,9,9)
w(424,2,2,10,10)
w(29,2,2,11,11)
w(379,1,2,12,12)
w(328,2,2,13,13)
w(955,1,2,14,14)
w(558,1,2,15,15)
w(875,4,2,16,16)
w(39,3,2,17,17)
w(860,4,2,18,18)
w(263,3,2,19,19)
w(605,2,2,20,20)
w(647,2,2,21,21)
w(465,2,2,22,22)
w(397,1,2,23,23)
w(148,3,2,24,24)
w(138,1,2,25,25)
w(197,1,2,26,26)
w(716,3,2,27,27)
w(905,1,2,28,28)
w(698,1,2,29,29)
w(82,2,2,30,30)
w(936,1,2,31,31)
w(772,1,2,32,32)
r(342,0,2,33,33)
w(33,3,2,34,34)
w(988,4,2,35,35)
w(493,2,2,36,36)
w(483,1,2,37,37)
w(396,1,2,38,38)
w(401,3,2,39,39)
w(341,3,2,40,40)
w(687,1,2,41,41)
w(808,1,2,42,42)
r(246,2,2,43,43)
w(628,1,2,44,44)
w(638,3,2,45,45)
w(825,1,2,46,46)
w(72,3,2,47,47)
w(530,1,2,48,48)
w(70,1,2,49,49)
r(75,0,2,50,50)
w(507,1,2,51,51)
w(62,1,2,52,52)
w(185,3,2,53,53)
r(386,1,2,54,54)
w(404,1,2,55,55)
w(844,2,2,56,56)
w(644,4,2,57,57)
w(245,1,2,58,58)
r(530,1,2,59,59)
w(918,4,2,60,60)
w(319,1,2,61,61)
w(509,2,2,62,62)
w(846,2,2,63,63)
w(889,1,2,64,64)
w(710,1,2,65,65)
w(394,2,2,66,66)
w(144,1,2,67,67)
w(279,3,2,68,68)
w(680,1,2,69,69)
w(393,1,2,70,70)
w(595,1,2,71,71)
w(106,2,2,72,72)
w(330,3,2,73,73)
w(342,1,2,74,74)
w(655,1,2,75,75)
w(171,3,2,76,76)
w(765,1,2,77,77)
w(105,1,2,78,78)
w(593,1,2,79,79)
w(27,1,2,80,80)
w(681,2,2,81,81)
w(175,2,2,82,82)
r(393,1,2,83,83)
w(387,1,2,84,84)
w(161,3,2,85,85)
w(471,2,2,86,86)
w(663,1,2,87,87)
w(999,3,2,88,88)
w(465,3,2,89,89)
w(52,1,2,90,90)
w(554,2,2,91,91)
w(356,2,2,92,92)
w(164,2,2,93,93)
r(533,0,2,94,94)
w(616,1,2,95,95)
w(669,1,2,96,96)
w(727,2,2,97,97)
w(447,5,2,98,98)
w(958,2,2,99,99)
w(856,2,2,100,100)
w(670,2,2,101,101)
w(677,1,2,102,102)
w(737,1,2,103,103)
w(74,2,2,104,104)
w(445,1,2,105,105)
w(199,2,2,106,106)
w(479,2,2,107,107)
w(905,2,2,108,108)
w(934,4,2,109,109)
w(238,1,2,110,110)
w(185,4,2,111,111)
w(973,2,2,112,112)
w(390,2,2,113,113)
w(690,1,2,114,114)
w(872,3,2,115,115)
w(996,1,2,116,116)
w(266,1,2,117,117)
w(644,5,2,118,118)
w(806,1,2,119,119)
w(71,2,2,120,120)
w(830,1,2,121,121)
w(182,2,2,122,122)
w(341,4,2,123,123)
w(253,3,2,124,124)
w(295,5,2,125,125)
w(880,1,2,126,126)
r(338,1,2,127,127)
w(130,3,2,128,128)
w(820,1,2,129,129)
w(929,1,2,130,130)
w(660,2,2,131,131)
w(522,1,2,132,132)
w(287,2,2,133,133)
w(900,2,2,134,134)
w(655,2,2,135,135)
w(948,2,2,136,136)
w(213,1,2,137,137)
w(123,1,2,138,138)
r(368,2,2,139,139)
w(633,1,2,140,140)
w(965,1,2,141,141)
w(366,1,2,142,142)
r(400,1,2,143,143)
w(298,4,2,144,144)
w(482,2,2,145,145)
r(939,1,2,146,146)
w(563,2,2,147,147)
w(681,3,2,148,148)
w(618,1,2,149,149)
w(69,2,2,150,150)
w(64,2,2,151,151)
r(216,2,2,152,152)
r(562,2,2,153,153)
w(851,2,2,154,154)
w(880,2,2,155,155)
w(503,2,2,156,156)
r(59,0,2,157,157)
r(746,1,2,158,158)
w(630,1,2,159,159)
w(335,2,2,160,160)
w(776,4,2,161,161)
w(329,3,2,162,162)
w(437,3,2,163,163)
w(872,4,2,164,164)
w(779,2,2,165,165)
w(144,2,2,166,166)
w(688,3,2,167,167)
w(534,1,2,168,168)
w(561,4,2,169,169)
w(707,4,2,170,170)
w(699,3,2,171,171)
w(517,1,2,172,172)
w(457,2,2,173,173)
w(692,2,2,174,174)
w(11,1,2,175,175)
w(283,1,2,176,176)
w(871,2,2,177,177)
w(93,2,2,178,178)
w(520,2,2,179,179)
w(336,2,2,180,180)
w(38,1,2,181,181)
r(362,1,2,182,182)
r(157,0,2,183,183)
r(996,1,2,184,184)
w(542,1,2,185,185)
w(536,2,2,186,186)
w(595,2,2,187,187)
w(818,1,2,188,188)
w(747,5,2,189,189)
w(850,1,2,190,190)
w(519,1,2,191,191)
w(987,1,2,192,192)
r(123,1,2,193,193)
r(310,0,2,194,194)
w(427,2,2,195,195)
w(132,1,2,196,196)
w(539,2,2,197,197)
w(645,1,2,198,198)
w(976,2,2,199,199)
w(367,1,2,200,200)
w(741,2,2,201,201)
w(24,3,2,202,202)
w(964,4,2,203,203)
w(278,2,2,204,204)
w(979,2,2,205,205)
w(708,2,2,206,206)
w(389,2,2,207,207)
w(65,3,2,208,208)
w(971,4,2,209,209)
w(535,2,2,210,210)
w(987,2,2,211,211)
r(108,1,2,212,212)
w(421,3,2,213,213)
w(862,2,2,214,214)
w(632,2,2,215,215)
w(626,2,2,216,216)
w(127,1,2,217,217)
w(330,4,2,218,218)
w(179,1,2,219,219)
w(443,1,2,220,220)
w(917,1,2,221,221)
r(26,0,2,222,222)
w(736,3,2,223,223)
w(766,1,2,224,224)
w(967,2,2,225,225)
w(136,2,2,226,226)
w(51,1,2,227,227)
w(310,1,2,228,228)
w(208,2,2,229,229)
w(844,3,2,230,230)
r(259,1,2,231,231)
w(902,3,2,232,232)
w(359,1,2,233,233)
w(800,2,2,234,234)
w(997,1,2,235,235)
w(766,2,2,236,236)
w(921,2,2,237,237)
w(661,1,2,238,238)
w(917,2,2,239,239)
r(875,4,2,240,240)
w(540,1,2,241,241)
w(243,1,2,242,242)
w(876,1,2,243,243)
w(380,4,2,244,244)
r(51,1,2,245,245)
w(771,3,2,246,246)
w(280,3,2,247,247)
w(646,5,2,248,248)
w(631,5,2,249,249)
w(180,2,2,250,250)
w(964,5,2,251,251)
w(547,1,2,252,252)
w(325,2,2,253,253)
w(814,1,2,254,254)
w(411,3,2,255,255)
w(233,1,2,256,256)
w(551,2,2,257,257)
w(483,2,2,258,258)
w(870,1,2,259,259)
r(414,3,2,260,260)
r(687,1,2,261,261)
w(553,2,2,262,262)
w(495,2,2,263,263)
w(438,2,2,264,264)
w(915,1,2,265,265)
w(545,2,2,266,266)
w(149,4,2,267,267)
w(314,2,2,268,268)
w(953,3,2,269,269)
w(18,2,2,270,270)
w(753,1,2,271,271)
w(280,4,2,272,272)
w(699,4,2,273,273)
w(876,2,2,274,274)
w(101,2,2,275,275)
w(413,3,2,276,276)
w(772,2,2,277,277)
w(770,2,2,278,278)
w(270,1,2,279,279)
w(615,2,2,280,280)
w(862,3,2,281,281)
w(611,1,2,282,282)
w(212,3,2,283,283)
r(550,3,2,284,284)
w(866,1,2,285,285)
w(268,2,2,286,286)
w(296,2,2,287,287)
r(77,0,2,288,288)
r(329,3,2,289,289)
r(224,2,2,290,290)
w(608,1,2,291,291)
w(265,1,2,292,292)
w(344,1,2,293,293)
r(342,1,2,294,294)
w(272,2,2,295,295)
w(931,2,2,296,296)
w(701,1,2,297,297)
w(306,1,2,298,298)
w(517,2,2,299,299)
w(844,4,2,300,300)
w(255,3,2,301,301)
w(501,3,2,302,302)
w(514,2,2,303,303)
w(901,2,2,304,304)
w(186,4,2,305,305)
w(397,2,2,306,306)
w(732,2,2,307,307)
w(807,1,2,308,308)
w(638,4,2,309,309)
w(725,2,2,310,310)
w(720,2,2,311,311)
w(919,2,2,312,312)
w(723,1,2,313,313)
w(225,2,2,314,314)
w(255,4,2,315,315)
w(215,4,2,316,316)
w(687,2,2,317,317)
w(987,3,2,318,318)
w(236,1,2,319,319)
w(199,3,2,320,320)
w(330,5,2,321,321)
w(777,3,2,322,322)
w(75,1,2,323,323)
w(368,3,2,324,324)
w(619,1,2,325,325)
w(13,2,2,326,326)
w(216,3,2,327,327)
w(602,3,2,328,328)
w(302,2,2,329,329)
w(366,2,2,330,330)
w(159,1,2,331,331)
w(863,1,2,332,332)
w(420,3,2,333,333)
w(800,3,2,334,334)
w(95,1,2,335,335)
w(983,3,2,336,336)
r(960,3,2,337,337)
w(614,2,2,338,338)
w(314,3,2,339,339)
w(947,2,2,340,340)
w(418,1,2,341,341)
w(414,4,2,342,342)
r(994,1,2,343,343)
w(291,2,2,344,344)
w(810,2,2,345,345)
w(496,1,2,346,346)
w(487,4,2,347,347)
w(861,1,2,348,348)
w(667,2,2,349,349)
w(899,1,2,350,350)
w(289,2,2,351,351)
w(451,2,2,352,352)
w(174,1,2,353,353)
w(315,1,2,354,354)
w(187,3,2,355,355)
w(330,6,2,356,356)
w(315,2,2,357,357)
w(970,1,2,358,358)
w(943,2,2,359,359)
w(33,4,2,360,360)
w(352,3,2,361,361)
w(627,3,2,362,362)
r(646,5,2,363,363)
w(317,3,2,364,364)
r(899,1,2,365,365)
w(535,3,2,366,366)
w(984,1,2,367,367)
w(133,3,2,368,368)
w(470,2,2,369,369)
r(546,1,2,370,370)
w(732,3,2,371,371)
w(623,4,2,372,372)
w(322,2,2,373,373)
w(354,1,2,374,374)
w(180,3,2,375,375)
w(764,3,2,376,376)
w(598,2,2,377,377)
w(261,2,2,378,378)
w(226,1,2,379,379)
w(31,3,2,380,380)
w(342,2,2,381,381)
w(973,3,2,382,382)
w(523,2,2,383,383)
w(151,2,2,384,384)
w(604,2,2,385,385)
r(814,1,2,386,386)
w(742,3,2,387,387)
w(917,3,2,388,388)
w(961,4,2,389,389)
w(103,4,2,390,390)
w(256,3,2,391,391)
w(431,3,2,392,392)
w(8,3,2,393,393)
w(181,3,2,394,394)
w(187,4,2,395,395)
w(416,2,2,396,396)
w(918,5,2,397,397)
w(754,3,2,398,398)
w(932,1,2,399,399)
w(648,1,2,400,400)
w(458,1,2,401,401)
w(524,4,2,402,402)
r(965,1,2,403,403)
w(176,1,2,404,404)
w(150,1,2,405,405)
w(644,6,2,406,406)
w(996,2,2,407,407)
w(30,1,2,408,408)
w(588,1,2,409,409)
w(12,1,2,410,410)
w(970,2,2,411,411)
w(187,5,2,412,412)
w(655,3,2,413,413)
w(891,2,2,414,414)
w(322,3,2,415,415)
r(828,1,2,416,416)
w(292,2,2,417,417)
w(43,1,2,418,418)
w(688,4,2,419,419)
w(767,2,2,420,420)
w(20,2,2,421,421)
r(681,3,2,422,422)
r(741,2,2,423,423)
w(684,2,2,424,424)
w(428,1,2,425,425)
w(702,1,2,426,426)
w(335,3,2,427,427)
w(714,3,2,428,428)
w(895,1,2,429,429)
r(242,1,2,430,430)
w(668,3,2,431,431)
w(822,1,2,432,432)
w(745,3,2,433,433)
w(716,4,2,434,434)
w(948,3,2,435,435)
r(18,2,2,436,436)
w(270,2,2,437,437)
w(505,1,2,438,438)
w(621,2,2,439,439)
w(347,2,2,440,440)
r(765,1,2,441,441)
w(398,1,2,442,442)
w(628,2,2,443,443)
w(483,3,2,444,444)
w(483,4,2,445,445)
w(501,4,2,446,446)
w(144,3,2,447,447)
w(329,4,2,448,448)
r(605,2,2,449,449)
w(806,2,2,450,450)
w(302,3,2,451,451)
w(140,1,2,452,452)
w(604,3,2,453,453)
w(39,4,2,454,454)
w(385,1,2,455,455)
w(61,1,2,456,456)
w(626,3,2,457,457)
w(7,2,2,458,458)
w(994,2,2,459,459)
w(554,3,2,460,460)
w(582,1,2,461,461)
w(258,2,2,462,462)
w(238,2,2,463,463)
w(489,2,2,464,464)
w(707,5,2,465,465)
w(559,2,2,466,466)
w(995,3,2,467,467)
w(39,5,2,468,468)
w(987,4,2,469,469)
w(538,3,2,470,470)
w(309,2,2,471,471)
r(534,1,2,472,472)
w(308,3,2,473,473)
w(3,2,2,474,474)
w(747,6,2,475,475)
w(890,3,2,476,476)
w(375,3,2,477,477)
w(63,1,2,478,478)
w(566,1,2,479,479)
r(420,3,2,480,480)
w(121,2,2,481,481)
w(859,2,2,482,482)
w(774,4,2,483,483)
w(753,2,2,484,484)
w(986,2,2,485,485)
w(652,2,2,486,486)
w(596,3,2,487,487)
w(896,1,2,488,488)
w(353,1,2,489,489)
w(579,3,2,490,490)
w(337,1,2,491,491)
w(333,1,2,492,492)
w(761,1,2,493,493)
w(958,3,2,494,494)
w(665,1,2,495,495)
w(685,2,2,496,496)
w(453,3,2,497,497)
w(925,1,2,498,498)
w(521,2,2,499,499)
w(140,2,3,0,0)
w(939,2,3,1,1)
w(329,5,3,2,2)
w(785,3,3,3,3)
w(334,2,3,4,4)
w(860,5,3,5,5)
w(985,1,3,6,6)
w(512,1,3,7,7)
r(642,1,3,8,8)
w(977,1,3,9,9)
w(381,2,3,10,10)
w(509,3,3,11,11)
w(894,1,3,12,12)
w(454,1,3,13,13)
r(984,1,3,14,14)
w(160,2,3,15,15)
w(214,1,3,16,16)
w(166,3,3,17,17)
w(369,2,3,18,18)
w(361,4,3,19,19)
w(471,3,3,20,20)
w(243,2,3,21,21)
w(402,2,3,22,22)
w(245,2,3,23,23)
w(143,2,3,24,24)
w(602,4,3,25,25)
w(186,5,3,26,26)
w(692,3,3,27,27)
w(29,3,3,28,28)
w(82,3,3,29,29)
w(14,2,3,30,30)
r(212,3,3,31,31)
w(633,2,3,32,32)
w(405,3,3,33,33)
w(267,2,3,34,34)
w(274,2,3,35,35)
r(792,0,3,36,36)
w(909,1,3,37,37)
w(100,1,3,38,38)
w(81,2,3,39,39)
w(949,2,3,40,40)
w(632,3,3,41,41)
w(255,5,3,42,42)
w(601,2,3,43,43)
w(69,3,3,44,44)
w(767,3,3,45,45)
w(882,2,3,46,46)
w(46,1,3,47,47)
w(195,6,3,48,48)
w(323,3,3,49,49)
w(130,4,3,50,50)
w(604,4,3,51,51)
r(958,3,3,52,52)
w(930,3,3,53,53)
w(539,3,3,54,54)
r(850,1,3,55,55)
w(581,1,3,56,56)
w(336,3,3,57,57)
w(902,4,3,58,58)
w(7,3,3,59,59)
r(262,1,3,60,60)
w(542,2,3,61,61)
w(291,3,3,62,62)
w(728,4,3,63,63)
w(299,2,3,64,64)
w(303,1,3,65,65)
w(685,3,3,66,66)
w(101,3,3,67,67)
r(680,1,3,68,68)
w(943,3,3,69,69)
r(199,3,3,70,70)
w(193,1,3,71,71)
w(823,1,3,72,72)
w(148,4,3,73,73)
w(264,4,3,74,74)
w(644,7,3,75,75)
w(205,2,3,76,76)
r(167,0,3,77,77)
w(553,3,3,78,78)
w(77,1,3,79,79)
w(815,2,3,80,80)
w(707,6,3,81,81)
w(591,2,3,82,82)
w(328,3,3,83,83)
w(8,4,3,84,84)
w(25,2,3,85,85)
w(228,1,3,86,86)
w(487,5,3,87,87)
w(727,3,3,88,88)
w(690,2,3,89,89)
w(616,2,3,90,90)
w(699,5,3,91,91)
w(488,5,3,92,92)
w(877,2,3,93,93)
w(255,6,3,94,94)
w(378,2,3,95,95)
w(354,2,3,96,96)
w(311,2,3,97,97)
w(191,1,3,98,98)
w(622,2,3,99,99)
w(642,2,3,100,100)
w(868,2,3,101,101)
w(608,2,3,102,102)
w(977,2,3,103,103)
r(169,0,3,104,104)
w(368,4,3,105,105)
r(279,3,3,106,106)
r(192,1,3,107,107)
w(638,5,3,108,108)
w(867,2,3,109,109)
r(193,1,3,110,110)
w(912,2,3,111,111)
w(906,1,3,112,112)
w(22,1,3,113,113)
r(754,3,3,114,114)
w(836,3,3,115,115)
r(118,0,3,116,116)
w(424,3,3,117,117)
w(142,1,3,118,118)
w(750,2,3,119,119)
r(653,0,3,120,120)
w(976,3,3,121,121)
w(455,1,3,122,122)
w(755,1,3,123,123)
w(682,2,3,124,124)
w(123,2,3,125,125)
w(575,2,3,126,126)
w(21,2,3,127,127)
w(734,2,3,128,128)
w(880,3,3,129,129)
w(122,1,3,130,130)
w(953,4,3,131,131)
r(525,3,3,132,132)
w(689,1,3,133,133)
w(407,2,3,134,134)
w(372,2,3,135,135)
w(346,3,3,136,136)
w(513,2,3,137,137)
w(318,2,3,138,138)
w(294,1,3,139,139)
r(300,0,3,140,140)
w(428,2,3,141,141)
w(689,2,3,142,142)
w(219,2,3,143,143)
w(332,1,3,144,144)
w(402,3,3,145,145)
w(163,1,3,146,146)
w(922,1,3,147,147)
w(751,2,3,148,148)
w(404,2,3,149,149)
w(208,3,3,150,150)
w(282,2,3,151,151)
w(602,5,3,152,152)
w(162,4,3,153,153)
w(966,5,3,154,154)
w(520,3,3,155,155)
w(445,2,3,156,156)
w(844,5,3,157,157)
w(181,4,3,158,158)
w(942,2,3,159,159)
w(56,3,3,160,160)
w(436,2,3,161,161)
w(225,3,3,162,162)
w(207,1,3,163,163)
w(884,2,3,164,164)
w(189,1,3,165,165)
w(883,3,3,166,166)
w(254,4,3,167,167)
w(182,3,3,168,168)
w(731,1,3,169,169)
w(544,2,3,170,170)
w(18,3,3,171,171)
w(413,4,3,172,172)
w(867,3,3,173,173)
w(706,1,3,174,174)
w(599,1,3,175,175)
w(764,4,3,176,176)
r(526,1,3,177,177)
w(972,3,3,178,178)
w(541,1,3,179,179)
w(532,2,3,180,180)
w(579,4,3,181,181)
w(152,2,3,182,182)
w(528,1,3,183,183)
w(647,3,3,184,184)
w(159,2,3,185,185)
w(520,4,3,186,186)
w(558,2,3,187,187)
w(871,3,3,188,188)
w(320,1,3,189,189)
w(459,1,3,190,190)
w(469,3,3,191,191)
w(293,2,3,192,192)
w(659,1,3,193,193)
w(808,2,3,194,194)
w(321,2,3,195,195)
w(523,3,3,196,196)
w(125,3,3,197,197)
w(304,2,3,198,198)
w(774,5,3,199,199)
w(650,2,3,200,200)
r(11,1,3,201,201)
w(979,3,3,202,202)
w(321,3,3,203,203)
w(82,4,3,204,204)
w(274,3,3,205,205)
w(689,3,3,206,206)
w(830,2,3,207,207)
r(282,2,3,208,208)
w(662,1,3,209,209)
w(998,1,3,210,210)
w(512,2,3,211,211)
w(856,3,3,212,212)
w(453,4,3,213,213)
w(460,3,3,214,214)
w(716,5,3,215,215)
w(174,2,3,216,216)
w(262,2,3,217,217)
w(923,1,3,218,218)
w(122,2,3,219,219)
r(562,2,3,220,220)
w(998,2,3,221,221)
w(731,2,3,222,222)
w(574,2,3,223,223)
w(116,1,3,224,224)
r(967,2,3,225,225)
w(425,1,3,226,226)
w(666,2,3,227,227)
w(31,4,3,228,228)
w(86,1,3,229,229)
w(578,2,3,230,230)
w(184,3,3,231,231)
w(941,3,3,232,232)
w(97,1,3,233,233)
w(970,3,3,234,234)
w(431,4,3,235,235)
w(389,3,3,236,236)
w(312,1,3,237,237)
w(500,2,3,238,238)
w(330,7,3,239,239)
w(284,1,3,240,240)
w(421,4,3,241,241)
w(670,3,3,242,242)
w(21,3,3,243,243)
w(88,2,3,244,244)
w(521,3,3,245,245)
w(114,1,3,246,246)
w(888,2,3,247,247)
w(874,2,3,248,248)
w(979,4,3,249,249)
w(931,3,3,250,250)
r(719,0,3,251,251)
w(12,2,3,252,252)
w(225,4,3,253,253)
w(834,2,3,254,254)
w(477,1,3,255,255)
w(992,1,3,256,256)
w(54,2,3,257,257)
w(563,3,3,258,258)
w(49,2,3,259,259)
w(578,3,3,260,260)
w(805,1,3,261,261)
w(902,5,3,262,262)
w(171,4,3,263,263)
w(48,1,3,264,264)
w(243,3,3,265,265)
w(48,2,3,266,266)
w(600,3,3,267,267)
w(14,3,3,268,268)
w(5,1,3,269,269)
w(339,1,3,270,270)
w(483,5,3,271,271)
w(237,2,3,272,272)
w(46,2,3,273,273)
w(361,5,3,274,274)
w(112,1,3,275,275)
r(978,2,3,276,276)
w(512,3,3,277,277)
w(10,3,3,278,278)
w(987,5,3,279,279)
w(96,3,3,280,280)
w(363,2,3,281,281)
w(25,3,3,282,282)
w(282,3,3,283,283)
w(875,5,3,284,284)
w(44,3,3,285,285)
w(250,2,3,286,286)
w(977,3,3,287,287)
w(225,5,3,288,288)
w(611,2,3,289,289)
w(766,3,3,290,290)
w(694,3,3,291,291)
w(651,3,3,292,292)
r(843,1,3,293,293)
w(963,3,3,294,294)
w(493,3,3,295,295)
w(65,4,3,296,296)
w(381,3,3,297,297)
w(602,6,3,298,298)
w(800,4,3,299,299)
w(980,1,3,300,300)
w(694,4,3,301,301)
r(93,2,3,302,302)
w(35,1,3,303,303)
w(818,2,3,304,304)
w(317,4,3,305,305)
w(730,2,3,306,306)
w(189,2,3,307,307)
w(709,4,3,308,308)
w(156,1,3,309,309)
w(226,2,3,310,310)
w(852,1,3,311,311)
w(689,4,3,312,312)
w(648,2,3,313,313)
w(285,1,3,314,314)
w(831,2,3,315,315)
w(135,1,3,316,316)
w(491,1,3,317,317)
w(150,2,3,318,318)
w(153,1,3,319,319)
w(86,2,3,320,320)
w(919,3,3,321,321)
w(609,1,3,322,322)
w(597,3,3,323,323)
w(580,2,3,324,324)
r(624,1,3,325,325)
w(3,3,3,326,326)
w(699,6,3,327,327)
w(925,2,3,328,328)
w(801,1,3,329,329)
r(957,0,3,330,330)
r(969,2,3,331,331)
w(254,5,3,332,332)
w(753,3,3,333,333)
w(521,4,3,334,334)
w(589,2,3,335,335)
r(388,0,3,336,336)
r(264,4,3,337,337)
w(860,6,3,338,338)
w(346,4,3,339,339)
w(49,3,3,340,340)
w(588,2,3,341,341)
w(804,2,3,342,342)
w(239,2,3,343,343)
w(947,3,3,344,344)
w(106,3,3,345,345)
r(849,1,3,346,346)
w(233,2,3,347,347)
w(489,3,3,348,348)
w(552,2,3,349,349)
w(314,4,3,350,350)
w(619,2,3,351,351)
w(639,1,3,352,352)
w(997,2,3,353,353)
w(83,2,3,354,354)
w(271,1,3,355,355)
w(890,4,3,356,356)
w(173,1,3,357,357)
w(300,1,3,358,358)
w(362,2,3,359,359)
w(904,1,3,360,360)
w(159,3,3,361,361)
w(829,3,3,362,362)
w(236,2,3,363,363)
w(695,4,3,364,364)
w(997,3,3,365,365)
w(606,3,3,366,366)
w(402,4,3,367,367)
w(335,4,3,368,368)
w(861,2,3,369,369)
w(327,2,3,370,370)
w(358,1,3,371,371)
w(536,3,3,372,372)
w(146,1,3,373,373)
w(74,3,3,374,374)
r(85,1,3,375,375)
w(900,3,3,376,376)
w(45,3,3,377,377)
w(59,1,3,378,378)
w(204,1,3,379,379)
w(339,2,3,380,380)
r(317,4,3,381,381)
r(277,1,3,382,382)
w(546,2,3,383,383)
w(573,2,3,384,384)
w(86,3,3,385,385)
w(925,3,3,386,386)
r(214,1,3,387,387)
w(71,3,3,388,388)
w(329,6,3,389,389)
w(708,3,3,390,390)
w(695,5,3,391,391)
w(553,4,3,392,392)
r(476,0,3,393,393)
w(157,1,3,394,394)
r(704,2,3,395,395)
w(727,4,3,396,396)
w(150,3,3,397,397)
w(588,3,3,398,398)
w(967,3,3,399,399)
w(706,2,3,400,400)
w(279,4,3,401,401)
w(91,1,3,402,402)
w(923,2,3,403,403)
w(748,3,3,404,404)
w(597,4,3,405,405)
r(72,3,3,406,406)
r(718,0,3,407,407)
r(941,3,3,408,408)
w(708,4,3,409,409)
r(227,1,3,410,410)
w(833,1,3,411,411)
w(405,4,3,412,412)
w(954,3,3,413,413)
w(860,7,3,414,414)
w(723,2,3,415,415)
w(31,5,3,416,416)
w(776,5,3,417,417)
w(704,3,3,418,418)
w(782,3,3,419,419)
r(382,0,3,420,420)
w(751,3,3,421,421)
w(375,4,3,422,422)
w(608,3,3,423,423)
w(436,3,3,424,424)
w(377,3,3,425,425)
w(255,7,3,426,426)
w(760,4,3,427,427)
w(823,2,3,428,428)
w(200,1,3,429,429)
w(118,1,3,430,430)
w(458,2,3,431,431)
w(94,2,3,432,432)
w(416,3,3,433,433)
w(381,4,3,434,434)
w(197,2,3,435,435)
w(597,5,3,436,436)
w(388,1,3,437,437)
w(686,1,3,438,438)
w(612,2,3,439,439)
w(106,4,3,440,440)
w(681,4,3,441,441)
r(553,4,3,442,442)
w(567,1,3,443,443)
w(215,5,3,444,444)
w(217,1,3,445,445)
w(745,4,3,446,446)
w(110,2,3,447,447)
w(286,2,3,448,448)
w(235,3,3,449,449)
w(879,2,3,450,450)
w(571,2,3,451,451)
w(647,4,3,452,452)
w(984,2,3,453,453)
w(44,4,3,454,454)
w(925,4,3,455,455)
w(643,3,3,456,456)
w(58,2,3,457,457)
w(758,2,3,458,458)
w(147,2,3,459,459)
w(418,2,3,460,460)
w(359,2,3,461,461)
w(333,2,3,462,462)
w(820,2,3,463,463)
w(302,4,3,464,464)
w(173,2,3,465,465)
w(494,1,3,466,466)
w(109,4,3,467,467)
w(796,3,3,468,468)
r(940,0,3,469,469)
r(375,4,3,470,470)
w(310,2,3,471,471)
w(342,3,3,472,472)
w(285,2,3,473,473)
w(939,3,3,474,474)
w(379,2,3,475,475)
w(33,5,3,476,476)
w(428,3,3,477,477)
r(213,1,3,478,478)
w(130,5,3,479,479)
w(156,2,3,480,480)
w(921,3,3,481,481)
r(717,0,3,482,482)
w(581,2,3,483,483)
w(552,3,3,484,484)
w(624,2,3,485,485)
w(161,4,3,486,486)
w(664,2,3,487,487)
w(727,5,3,488,488)
w(188,1,3,489,489)
w(429,3,3,490,490)
w(213,2,3,491,491)
w(979,5,3,492,492)
w(70,2,3,493,493)
w(120,1,3,494,494)
w(758,3,3,495,495)
w(763,3,3,496,496)
r(683,1,3,497,497)
w(278,3,3,498,498)
w(901,3,3,499,499)
w(589,3,4,0,0)
w(646,6,4,1,1)
r(637,1,4,2,2)
w(360,4,4,3,3)
w(188,2,4,4,4)
w(693,3,4,5,5)
w(342,4,4,6,6)
w(885,2,4,7,7)
w(439,1,4,8,8)
w(944,1,4,9,9)
w(673,3,4,10,10)
w(740,1,4,11,11)
w(163,2,4,12,12)
w(771,4,4,13,13)
w(250,3,4,14,14)
w(857,1,4,15,15)
w(827,3,4,16,16)
w(147,3,4,17,17)
w(32,1,4,18,18)
w(87,3,4,19,19)
w(923,3,4,20,20)
w(576,3,4,21,21)
w(793,1,4,22,22)
w(597,6,4,23,23)
w(634,1,4,24,24)
w(262,3,4,25,25)
w(779,3,4,26,26)
r(696,0,4,27,27)
w(473,2,4,28,28)
r(878,0,4,29,29)
w(848,2,4,30,30)
w(184,4,4,31,31)
w(952,2,4,32,32)
w(836,4,4,33,33)
w(314,5,4,34,34)
w(407,3,4,35,35)
w(832,2,4,36,36)
w(921,4,4,37,37)
w(508,3,4,38,38)
w(126,1,4,39,39)
r(492,1,4,40,40)
w(771,5,4,41,41)
w(450,3,4,42,42)
w(357,5,4,43,43)
w(679,2,4,44,44)
w(974,2,4,45,45)
r(671,1,4,46,46)
w(687,3,4,47,47)
w(648,3,4,48,48)
w(388,2,4,49,49)
w(207,2,4,50,50)
w(187,6,4,51,51)
w(991,2,4,52,52)
w(811,1,4,53,53)
w(334,3,4,54,54)
w(234,1,4,55,55)
w(200,2,4,56,56)
w(784,2,4,57,57)
w(495,3,4,58,58)
w(886,1,4,59,59)
w(403,1,4,60,60)
r(275,0,4,61,61)
w(392,2,4,62,62)
w(645,2,4,63,63)
w(367,2,4,64,64)
w(536,4,4,65,65)
w(692,4,4,66,66)
w(291,4,4,67,67)
w(360,5,4,68,68)
w(726,3,4,69,69)
w(71,4,4,70,70)
w(979,6,4,71,71)
w(898,2,4,72,72)
w(585,2,4,73,73)
w(847,2,4,74,74)
w(197,3,4,75,75)
w(891,3,4,76,76)
w(377,4,4,77,77)
w(827,4,4,78,78)
w(373,3,4,79,79)
w(108,2,4,80,80)
w(341,5,4,81,81)
w(333,3,4,82,82)
w(836,5,4,83,83)
w(234,2,4,84,84)
w(759,2,4,85,85)
w(154,1,4,86,86)
w(800,5,4,87,87)
w(611,3,4,88,88)
w(610,1,4,89,89)
w(986,3,4,90,90)
w(42,2,4,91,91)
w(975,1,4,92,92)
w(607,2,4,93,93)
w(791,1,4,94,94)
w(91,2,4,95,95)
w(918,6,4,96,96)
r(75,1,4,97,97)
w(896,2,4,98,98)
w(646,7,4,99,99)
w(631,6,4,100,100)
w(972,4,4,101,101)
w(526,2,4,102,102)
w(540,2,4,103,103)
w(616,3,4,104,104)
w(429,4,4,105,105)
w(430,3,4,106,106)
w(347,3,4,107,107)
w(826,1,4,108,108)
w(294,2,4,109,109)
w(36,1,4,110,110)
w(398,2,4,111,111)
w(816,4,4,112,112)
r(796,3,4,113,113)
w(783,3,4,114,114)
w(984,3,4,115,115)
w(912,3,4,116,116)
w(593,2,4,117,117)
w(733,2,4,118,118)
w(750,3,4,119,119)
r(534,1,4,120,120)
w(123,3,4,121,121)
w(444,3,4,122,122)
w(836,6,4,123,123)
w(184,5,4,124,124)
w(399,6,4,125,125)
w(727,6,4,126,126)
w(615,3,4,127,127)
w(821,1,4,128,128)
w(425,2,4,129,129)
w(567,2,4,130,130)
w(481,3,4,131,131)
r(159,3,4,132,132)
w(686,2,4,133,133)
w(659,2,4,134,134)
w(694,5,4,135,135)
w(410,2,4,136,136)
w(250,4,4,137,137)
w(630,2,4,138,138)
w(414,5,4,139,139)
w(544,3,4,140,140)
w(579,5,4,141,141)
w(720,3,4,142,142)
w(13,3,4,143,143)
w(85,2,4,144,144)
w(994,3,4,145,145)
w(280,5,4,146,146)
w(531,2,4,147,147)
w(521,5,4,148,148)
w(750,4,4,149,149)
r(594,2,4,150,150)
w(552,4,4,151,151)
w(753,4,4,152,152)
w(292,3,4,153,153)
w(814,2,4,154,154)
w(968,3,4,155,155)
w(663,2,4,156,156)
w(868,3,4,157,157)
w(321,4,4,158,158)
w(910,1,4,159,159)
w(903,2,4,160,160)
w(699,7,4,161,161)
w(231,3,4,162,162)
w(77,2,4,163,163)
w(591,3,4,164,164)
w(782,4,4,165,165)
w(359,3,4,166,166)
w(848,3,4,167,167)
w(474,1,4,168,168)
w(262,4,4,169,169)
w(313,3,4,170,170)
w(576,4,4,171,171)
r(284,1,4,172,172)
w(303,2,4,173,173)
w(837,2,4,174,174)
r(127,1,4,175,175)
w(454,2,4,176,176)
w(275,1,4,177,177)
w(734,3,4,178,178)
w(697,2,4,179,179)
r(655,3,4,180,180)
w(318,3,4,181,181)
w(636,2,4,182,182)
w(793,2,4,183,183)
w(919,4,4,184,184)
w(121,3,4,185,185)
w(832,3,4,186,186)
w(794,2,4,187,187)
w(421,5,4,188,188)
r(368,4,4,189,189)
w(31,6,4,190,190)
w(505,2,4,191,191)
w(735,1,4,192,192)
w(576,5,4,193,193)
w(173,3,4,194,194)
w(738,3,4,195,195)
w(737,2,4,196,196)
w(657,1,4,197,197)
w(536,5,4,198,198)
w(999,4,4,199,199)
w(121,4,4,200,200)
w(105,2,4,201,201)
w(288,2,4,202,202)
r(33,5,4,203,203)
w(455,2,4,204,204)
w(52,2,4,205,205)
w(551,3,4,206,206)
w(567,3,4,207,207)
w(239,3,4,208,208)
w(571,3,4,209,209)
r(111,2,4,210,210)
w(609,2,4,211,211)
r(301,1,4,212,212)
w(672,3,4,213,213)
w(356,3,4,214,214)
w(123,4,4,215,215)
w(512,4,4,216,216)
w(788,1,4,217,217)
w(581,3,4,218,218)
w(626,4,4,219,219)
w(485,1,4,220,220)
w(436,4,4,221,221)
w(224,3,4,222,222)
w(274,4,4,223,223)
w(69,4,4,224,224)
w(637,2,4,225,225)
w(403,2,4,226,226)
w(491,2,4,227,227)
w(252,2,4,228,228)
w(933,1,4,229,229)
w(408,4,4,230,230)
w(985,2,4,231,231)
w(71,5,4,232,232)
w(161,5,4,233,233)
w(19,2,4,234,234)
w(48,3,4,235,235)
w(978,3,4,236,236)
w(592,2,4,237,237)
r(409,1,4,238,238)
w(48,4,4,239,239)
w(499,2,4,240,240)
w(154,2,4,241,241)
r(598,2,4,242,242)
w(870,2,4,243,243)
w(165,2,4,244,244)
w(849,2,4,245,245)
w(935,1,4,246,246)
w(441,2,4,247,247)
w(846,3,4,248,248)
w(502,5,4,249,249)
w(992,2,4,250,250)
w(688,5,4,251,251)
w(515,3,4,252,252)
w(190,2,4,253,253)
w(346,5,4,254,254)
w(4,3,4,255,255)
w(984,4,4,256,256)
w(385,2,4,257,257)
w(564,1,4,258,258)
w(277,2,4,259,259)
w(246,3,4,260,260)
w(138,2,4,261,261)
w(878,1,4,262,262)
w(271,2,4,263,263)
w(489,4,4,264,264)
w(793,3,4,265,265)
w(925,5,4,266,266)
w(983,4,4,267,267)
w(927,2,4,268,268)
w(273,1,4,269,269)
w(399,7,4,270,270)
r(372,2,4,271,271)
r(977,3,4,272,272)
w(28,3,4,273,273)
w(999,5,4,274,274)
w(228,2,4,275,275)
w(702,2,4,276,276)
w(729,3,4,277,277)
w(389,4,4,278,278)
w(315,3,4,279,279)
w(63,2,4,280,280)
r(142,1,4,281,281)
w(831,3,4,282,282)
w(694,6,4,283,283)
w(138,3,4,284,284)
r(77,2,4,285,285)
w(99,1,4,286,286)
w(804,3,4,287,287)
w(428,4,4,288,288)
w(215,6,4,289,289)
w(254,6,4,290,290)
w(903,3,4,291,291)
w(820,3,4,292,292)
w(535,4,4,293,293)
w(854,2,4,294,294)
w(138,4,4,295,295)
w(204,2,4,296,296)
w(973,4,4,297,297)
w(299,3,4,298,298)
w(949,3,4,299,299)
w(887,1,4,300,300)
w(446,4,4,301,301)
w(6,2,4,302,302)
w(954,4,4,303,303)
w(541,2,4,304,304)
w(117,2,4,305,305)
w(76,2,4,306,306)
w(917,4,4,307,307)
r(547,1,4,308,308)
r(981,5,4,309,309)
w(176,2,4,310,310)
w(177,3,4,311,311)
w(22,2,4,312,312)
w(306,2,4,313,313)
r(990,2,4,314,314)
w(11,2,4,315,315)
w(961,5,4,316,316)
w(147,4,4,317,317)
w(926,2,4,318,318)
w(747,7,4,319,319)
w(696,1,4,320,320)
w(52,3,4,321,321)
w(280,6,4,322,322)
w(909,2,4,323,323)
r(566,1,4,324,324)
w(797,2,4,325,325)
w(962,1,4,326,326)
w(240,4,4,327,327)
w(224,4,4,328,328)
w(432,2,4,329,329)
w(563,4,4,330,330)
w(325,3,4,331,331)
w(942,3,4,332,332)
w(640,1,4,333,333)
w(486,4,4,334,334)
w(97,2,4,335,335)
r(296,2,4,336,336)
w(265,2,4,337,337)
w(192,2,4,338,338)
w(416,4,4,339,339)
w(702,3,4,340,340)
w(801,2,4,341,341)
w(881,1,4,342,342)
w(819,2,4,343,343)
w(530,2,4,344,344)
w(452,1,4,345,345)
w(582,2,4,346,346)
w(774,6,4,347,347)
w(499,3,4,348,348)
w(629,2,4,349,349)
r(895,1,4,350,350)
w(480,1,4,351,351)
w(383,3,4,352,352)
w(403,3,4,353,353)
w(623,5,4,354,354)
w(728,5,4,355,355)
w(82,5,4,356,356)
w(970,4,4,357,357)
w(617,1,4,358,358)
w(335,5,4,359,359)
w(752,1,4,360,360)
w(44,5,4,361,361)
w(896,3,4,362,362)
w(820,4,4,363,363)
w(85,3,4,364,364)
r(917,4,4,365,365)
w(52,4,4,366,366)
w(312,2,4,367,367)
w(413,5,4,368,368)
w(817,3,4,369,369)
w(946,2,4,370,370)
w(365,1,4,371,371)
w(81,3,4,372,372)
w(795,1,4,373,373)
w(626,5,4,374,374)
w(807,2,4,375,375)
w(692,5,4,376,376)
w(355,1,4,377,377)
w(752,2,4,378,378)
r(487,5,4,379,379)
w(620,2,4,380,380)
w(314,6,4,381,381)
r(406,1,4,382,382)
w(799,3,4,383,383)
w(996,3,4,384,384)
w(48,5,4,385,385)
w(821,2,4,386,386)
w(878,2,4,387,387)
w(340,1,4,388,388)
w(811,2,4,389,389)
w(741,3,4,390,390)
w(291,5,4,391,391)
w(801,3,4,392,392)
w(70,3,4,393,393)
w(772,3,4,394,394)
w(223,2,4,395,395)
w(129,1,4,396,396)
w(456,2,4,397,397)
w(496,2,4,398,398)
r(956,4,4,399,399)
w(549,1,4,400,400)
w(295,6,4,401,401)
w(413,6,4,402,402)
w(871,4,4,403,403)
w(460,4,4,404,404)
w(226,3,4,405,405)
r(429,4,4,406,406)
w(200,3,4,407,407)
w(588,4,4,408,408)
w(74,4,4,409,409)
r(869,1,4,410,410)
w(530,3,4,411,411)
w(224,5,4,412,412)
w(442,2,4,413,413)
w(458,3,4,414,414)
w(34,3,4,415,415)
w(196,3,4,416,416)
w(512,5,4,417,417)
w(476,1,4,418,418)
w(597,7,4,419,419)
w(169,1,4,420,420)
w(475,2,4,421,421)
w(745,5,4,422,422)
w(611,4,4,423,423)
w(957,1,4,424,424)
w(203,1,4,425,425)
w(587,4,4,426,426)
w(279,5,4,427,427)
w(333,4,4,428,428)
w(278,4,4,429,429)
w(363,3,4,430,430)
w(13,4,4,431,431)
w(582,3,4,432,432)
w(533,1,4,433,433)
w(285,3,4,434,434)
w(585,3,4,435,435)
w(846,4,4,436,436)
w(274,5,4,437,437)
w(380,5,4,438,438)
w(993,1,4,439,439)
w(627,4,4,440,440)
w(444,4,4,441,441)
w(675,3,4,442,442)
w(508,4,4,443,443)
w(304,3,4,444,444)
w(701,2,4,445,445)
w(67,3,4,446,446)
w(843,2,4,447,447)
w(101,4,4,448,448)
w(970,5,4,449,449)
w(906,2,4,450,450)
w(724,3,4,451,451)
w(472,2,4,452,452)
w(708,5,4,453,453)
w(809,2,4,454,454)
w(942,4,4,455,455)
w(494,2,4,456,456)
w(629,3,4,457,457)
r(366,2,4,458,458)
w(555,1,4,459,459)
w(760,5,4,460,460)
w(820,5,4,461,461)
w(142,2,4,462,462)
w(288,3,4,463,463)
w(218,2,4,464,464)
w(944,2,4,465,465)
w(170,2,4,466,466)
w(667,3,4,467,467)
w(537,1,4,468,468)
w(522,2,4,469,469)
w(726,4,4,470,470)
w(566,2,4,471,471)
w(45,4,4,472,472)
w(316,2,4,473,473)
w(572,4,4,474,474)
w(930,4,4,475,475)
w(223,3,4,476,476)
w(258,3,4,477,477)
r(544,3,4,478,478)
r(956,4,4,479,479)
w(283,2,4,480,480)
w(471,4,4,481,481)
w(442,3,4,482,482)
w(857,2,4,483,483)
w(255,8,4,484,484)
w(268,3,4,485,485)
w(427,3,4,486,486)
w(929,2,4,487,487)
w(406,2,4,488,488)
w(333,5,4,489,489)
w(756,2,4,490,490)
w(745,6,4,491,491)
w(746,2,4,492,492)
w(156,3,4,493,493)
w(591,4,4,494,494)
r(436,4,4,495,495)
w(319,2,4,496,496)
w(923,4,4,497,497)
w(715,1,4,498,498)
w(117,3,4,499,499)
