w(1,1,0,0,0)
r(20,0,0,1,1)
w(32,1,0,2,2)
r(656,0,0,3,3)
r(276,0,0,4,4)
r(184,0,0,5,5)
r(14,0,0,6,6)
w(55,1,0,7,7)
w(197,1,0,8,8)
w(523,1,0,9,9)
r(178,0,0,10,10)
r(20,0,0,11,11)
w(26,1,0,12,12)
w(1,2,0,13,13)
r(535,0,0,14,14)
r(3,0,0,15,15)
r(87,0,0,16,16)
w(43,1,0,17,17)
w(49,1,0,18,18)
w(0,1,0,19,19)
w(9,1,0,20,20)
w(0,2,0,21,21)
r(114,0,0,22,22)
w(2,1,0,23,23)
w(91,1,0,24,24)
w(1,3,0,25,25)
r(136,0,0,26,26)
r(366,0,0,27,27)
w(12,1,0,28,28)
w(4,1,0,29,29)
w(10,1,0,30,30)
w(333,1,0,31,31)
w(0,3,0,32,32)
r(2,1,0,33,33)
w(607,1,0,34,34)
r(57,0,0,35,35)
w(287,1,0,36,36)
w(841,1,0,37,37)
w(389,1,0,38,38)
w(54,1,0,39,39)
r(1,3,0,40,40)
w(456,1,0,41,41)
r(1,3,0,42,42)
r(0,3,0,43,43)
w(0,4,0,44,44)
r(1,3,0,45,45)
r(36,0,0,46,46)
w(512,1,0,47,47)
r(179,0,0,48,48)
w(45,1,0,49,49)
w(594,1,0,50,50)
w(0,5,0,51,51)
w(118,1,0,52,52)
r(60,0,0,53,53)
w(16,1,0,54,54)
r(160,0,0,55,55)
w(8,1,0,56,56)
w(19,1,0,57,57)
w(51,1,0,58,58)
r(28,0,0,59,59)
r(0,5,0,60,60)
r(67,0,0,61,61)
r(53,0,0,62,62)
w(22,1,0,63,63)
w(490,1,0,64,64)
r(10,1,0,65,65)
w(2,2,0,66,66)
r(866,0,0,67,67)
w(744,1,0,68,68)
w(2,3,0,69,69)
r(413,0,0,70,70)
r(2,3,0,71,71)
w(801,1,0,72,72)
r(5,0,0,73,73)
w(2,4,0,74,74)
r(112,0,0,75,75)
r(74,0,0,76,76)
r(51,1,0,77,77)
w(0,6,0,78,78)
w(0,7,0,79,79)
w(140,1,0,80,80)
r(10,1,0,81,81)
r(1,3,0,82,82)
w(121,1,0,83,83)
w(0,8,0,84,84)
w(7,1,0,85,85)
r(38,0,0,86,86)
r(105,0,0,87,87)
w(176,1,0,88,88)
r(0,8,0,89,89)
w(6,1,0,90,90)
r(0,8,0,91,91)
w(7,2,0,92,92)
r(196,0,0,93,93)
w(0,9,0,94,94)
r(230,0,0,95,95)
w(789,1,0,96,96)
w(3,1,0,97,97)
r(1,3,0,98,98)
w(2,5,0,99,99)
r(3,1,0,100,100)
r(20,0,0,101,101)
w(9,2,0,102,102)
r(84,0,0,103,103)
w(226,1,0,104,104)
r(344,0,0,105,105)
r(169,0,0,106,106)
w(367,1,0,107,107)
r(784,0,0,108,108)
r(11,0,0,109,109)
w(161,1,0,110,110)
w(27,1,0,111,111)
w(214,1,0,112,112)
w(24,1,0,113,113)
w(286,1,0,114,114)
r(1,3,0,115,115)
r(3,1,0,116,116)
r(0,9,0,117,117)
r(517,0,0,118,118)
r(434,0,0,119,119)
w(0,10,0,120,120)
r(1,3,0,121,121)
w(13,1,0,122,122)
w(163,1,0,123,123)
w(18,1,0,124,124)
w(21,1,0,125,125)
r(123,0,0,126,126)
r(54,1,0,127,127)
w(2,6,0,128,128)
r(26,1,0,129,129)
w(318,1,0,130,130)
r(46,0,0,131,131)
w(138,1,0,132,132)
w(135,1,0,133,133)
w(0,11,0,134,134)
w(12,2,0,135,135)
r(19,1,0,136,136)
w(55,2,0,137,137)
w(1,4,0,138,138)
r(3,1,0,139,139)
w(29,1,0,140,140)
r(0,11,0,141,141)
w(0,12,0,142,142)
w(219,1,0,143,143)
w(142,1,0,144,144)
w(427,1,0,145,145)
w(19,2,0,146,146)
w(4,2,0,147,147)
w(12,3,0,148,148)
w(333,2,0,149,149)
w(4,3,0,150,150)
w(0,13,0,151,151)
w(19,3,0,152,152)
w(132,1,0,153,153)
w(7,3,0,154,154)
r(46,0,0,155,155)
w(38,1,0,156,156)
w(690,1,0,157,157)
r(713,0,0,158,158)
r(1,4,0,159,159)
r(45,1,0,160,160)
r(754,0,0,161,161)
w(59,1,0,162,162)
r(1,4,0,163,163)
r(672,0,0,164,164)
r(85,0,0,165,165)
w(1,5,0,166,166)
r(2,6,0,167,167)
r(10,1,0,168,168)
w(490,2,0,169,169)
w(3,2,0,170,170)
w(791,1,0,171,171)
r(72,0,0,172,172)
w(86,1,0,173,173)
w(355,1,0,174,174)
r(848,0,0,175,175)
w(12,4,0,176,176)
w(524,1,0,177,177)
r(6,1,0,178,178)
w(46,1,0,179,179)
w(147,1,0,180,180)
w(4,4,0,181,181)
r(118,1,0,182,182)
r(0,13,0,183,183)
w(0,14,0,184,184)
r(396,0,0,185,185)
r(7,3,0,186,186)
r(16,1,0,187,187)
w(496,1,0,188,188)
w(8,2,0,189,189)
w(9,3,0,190,190)
w(1,6,0,191,191)
r(110,0,0,192,192)
r(43,1,0,193,193)
r(869,0,0,194,194)
r(858,0,0,195,195)
r(2,6,0,196,196)
w(0,15,0,197,197)
w(2,7,0,198,198)
r(45,1,0,199,199)
w(10,2,0,200,200)
r(178,0,0,201,201)
w(8,3,0,202,202)
w(263,1,0,203,203)
r(8,3,0,204,204)
w(21,2,0,205,205)
w(80,1,0,206,206)
r(261,0,0,207,207)
w(9,4,0,208,208)
w(8,4,0,209,209)
w(25,1,0,210,210)
r(104,0,0,211,211)
r(336,0,0,212,212)
w(0,16,0,213,213)
w(0,17,0,214,214)
w(45,2,0,215,215)
r(590,0,0,216,216)
w(0,18,0,217,217)
r(121,1,0,218,218)
r(0,18,0,219,219)
r(6,1,0,220,220)
r(0,18,0,221,221)
r(49,1,0,222,222)
r(9,4,0,223,223)
w(4,5,0,224,224)
w(528,1,0,225,225)
w(8,5,0,226,226)
w(641,1,0,227,227)
r(144,0,0,228,228)
r(128,0,0,229,229)
r(57,0,0,230,230)
r(198,0,0,231,231)
r(131,0,0,232,232)
r(0,18,0,233,233)
w(1,7,0,234,234)
w(601,1,0,235,235)
r(91,1,0,236,236)
r(1,7,0,237,237)
r(577,0,0,238,238)
w(0,19,0,239,239)
r(550,0,0,240,240)
r(501,0,0,241,241)
r(439,0,0,242,242)
w(7,4,0,243,243)
r(1,7,0,244,244)
w(304,1,0,245,245)
r(172,0,0,246,246)
r(9,4,0,247,247)
w(1,8,0,248,248)
w(99,1,0,249,249)
w(383,1,0,250,250)
r(863,0,0,251,251)
w(11,1,0,252,252)
r(34,0,0,253,253)
r(91,1,0,254,254)
r(802,0,0,255,255)
r(0,19,0,256,256)
w(17,1,0,257,257)
r(199,0,0,258,258)
w(402,1,0,259,259)
r(3,2,0,260,260)
w(14,1,0,261,261)
w(157,1,0,262,262)
w(112,1,0,263,263)
w(697,1,0,264,264)
w(155,1,0,265,265)
w(283,1,0,266,266)
r(18,1,0,267,267)
r(86,1,0,268,268)
w(705,1,0,269,269)
w(373,1,0,270,270)
r(789,1,0,271,271)
r(0,19,0,272,272)
w(178,1,0,273,273)
w(22,2,0,274,274)
r(482,0,0,275,275)
w(28,1,0,276,276)
w(465,1,0,277,277)
w(12,5,0,278,278)
r(4,5,0,279,279)
w(33,1,0,280,280)
w(11,2,0,281,281)
w(87,1,0,282,282)
w(0,20,0,283,283)
r(59,1,0,284,284)
r(39,0,0,285,285)
r(31,0,0,286,286)
w(2,8,0,287,287)
r(497,0,0,288,288)
w(157,2,0,289,289)
r(194,0,0,290,290)
w(31,1,0,291,291)
w(543,1,0,292,292)
w(543,2,0,293,293)
w(959,1,0,294,294)
w(9,5,0,295,295)
w(126,1,0,296,296)
r(2,8,0,297,297)
w(10,3,0,298,298)
w(544,1,0,299,299)
w(219,2,0,300,300)
w(362,1,0,301,301)
w(6,2,0,302,302)
r(22,2,0,303,303)
w(0,21,0,304,304)
r(0,21,0,305,305)
r(243,0,0,306,306)
w(0,22,0,307,307)
w(1,9,0,308,308)
r(979,0,0,309,309)
w(548,1,0,310,310)
r(17,1,0,311,311)
r(47,0,0,312,312)
w(2,9,0,313,313)
w(254,1,0,314,314)
r(23,0,0,315,315)
w(0,23,0,316,316)
r(15,0,0,317,317)
r(2,9,0,318,318)
r(0,23,0,319,319)
r(4,5,0,320,320)
w(2,10,0,321,321)
r(0,23,0,322,322)
w(0,24,0,323,323)
w(34,1,0,324,324)
w(2,11,0,325,325)
r(35,0,0,326,326)
w(20,1,0,327,327)
r(0,24,0,328,328)
w(11,3,0,329,329)
r(69,0,0,330,330)
r(221,0,0,331,331)
r(231,0,0,332,332)
r(7,4,0,333,333)
w(158,1,0,334,334)
w(333,3,0,335,335)
w(380,1,0,336,336)
r(271,0,0,337,337)
w(37,1,0,338,338)
r(134,0,0,339,339)
r(5,0,0,340,340)
r(145,0,0,341,341)
w(0,25,0,342,342)
w(8,6,0,343,343)
w(9,6,0,344,344)
r(8,6,0,345,345)
r(7,4,0,346,346)
w(0,26,0,347,347)
w(7,5,0,348,348)
r(1,9,0,349,349)
w(88,1,0,350,350)
r(51,1,0,351,351)
r(140,1,0,352,352)
w(139,1,0,353,353)
w(1,10,0,354,354)
w(0,27,0,355,355)
r(83,0,0,356,356)
w(717,1,0,357,357)
r(343,0,0,358,358)
r(0,27,0,359,359)
r(0,27,0,360,360)
r(3,2,0,361,361)
r(237,0,0,362,362)
r(393,0,0,363,363)
r(116,0,0,364,364)
w(23,1,0,365,365)
w(7,6,0,366,366)
w(0,28,0,367,367)
r(200,0,0,368,368)
r(80,1,0,369,369)
w(2,12,0,370,370)
r(54,1,0,371,371)
r(183,0,0,372,372)
w(0,29,0,373,373)
r(263,1,0,374,374)
r(256,0,0,375,375)
r(655,0,0,376,376)
r(1,10,0,377,377)
r(0,29,0,378,378)
w(47,1,0,379,379)
w(57,1,0,380,380)
r(769,0,0,381,381)
r(6,2,0,382,382)
w(31,2,0,383,383)
w(0,30,0,384,384)
r(0,30,0,385,385)
r(124,0,0,386,386)
w(162,1,0,387,387)
r(2,12,0,388,388)
w(0,31,0,389,389)
r(327,0,0,390,390)
r(7,6,0,391,391)
w(1,11,0,392,392)
w(1,12,0,393,393)
w(183,1,0,394,394)
w(298,1,0,395,395)
w(962,1,0,396,396)
w(0,32,0,397,397)
r(1,12,0,398,398)
r(19,3,0,399,399)
r(518,0,0,400,400)
w(340,1,0,401,401)
r(1,12,0,402,402)
w(73,1,0,403,403)
r(23,1,0,404,404)
w(8,7,0,405,405)
r(41,0,0,406,406)
w(2,13,0,407,407)
w(27,2,0,408,408)
r(7,6,0,409,409)
w(14,2,0,410,410)
r(2,13,0,411,411)
r(15,0,0,412,412)
r(3,2,0,413,413)
r(108,0,0,414,414)
r(850,0,0,415,415)
w(9,7,0,416,416)
w(5,1,0,417,417)
w(1,13,0,418,418)
w(432,1,0,419,419)
w(2,14,0,420,420)
r(587,0,0,421,421)
r(38,1,0,422,422)
r(3,2,0,423,423)
r(1,13,0,424,424)
r(2,14,0,425,425)
w(43,2,0,426,426)
r(44,0,0,427,427)
w(13,2,0,428,428)
w(27,3,0,429,429)
r(2,14,0,430,430)
r(1,13,0,431,431)
r(0,32,0,432,432)
w(0,33,0,433,433)
w(99,2,0,434,434)
r(0,33,0,435,435)
w(5,2,0,436,436)
r(22,2,0,437,437)
r(25,1,0,438,438)
w(17,2,0,439,439)
r(31,2,0,440,440)
w(18,2,0,441,441)
r(168,0,0,442,442)
w(1,14,0,443,443)
r(47,1,0,444,444)
r(2,14,0,445,445)
w(24,2,0,446,446)
r(6,2,0,447,447)
w(6,3,0,448,448)
w(140,2,0,449,449)
w(13,3,0,450,450)
w(17,3,0,451,451)
r(78,0,0,452,452)
w(1,15,0,453,453)
r(89,0,0,454,454)
r(375,0,0,455,455)
w(684,1,0,456,456)
w(43,3,0,457,457)
r(4,5,0,458,458)
r(0,33,0,459,459)
w(1,16,0,460,460)
r(0,33,0,461,461)
w(152,1,0,462,462)
r(193,0,0,463,463)
w(3,3,0,464,464)
w(58,1,0,465,465)
w(483,1,0,466,466)
r(7,6,0,467,467)
r(231,0,0,468,468)
w(3,4,0,469,469)
r(2,14,0,470,470)
w(712,1,0,471,471)
w(875,1,0,472,472)
w(12,6,0,473,473)
r(772,0,0,474,474)
r(458,0,0,475,475)
r(2,14,0,476,476)
w(3,5,0,477,477)
r(89,0,0,478,478)
r(179,0,0,479,479)
r(9,7,0,480,480)
w(101,1,0,481,481)
w(321,1,0,482,482)
w(4,6,0,483,483)
w(11,4,0,484,484)
w(11,5,0,485,485)
r(802,0,0,486,486)
r(187,0,0,487,487)
r(211,0,0,488,488)
w(235,1,0,489,489)
r(120,0,0,490,490)
w(407,1,0,491,491)
r(165,0,0,492,492)
r(7,6,0,493,493)
r(10,3,0,494,494)
w(2,15,0,495,495)
w(1,17,0,496,496)
r(134,0,0,497,497)
w(219,3,0,498,498)
r(1,17,0,499,499)
w(544,2,1,0,0)
r(1,17,1,1,1)
w(11,6,1,2,2)
w(548,2,1,3,3)
w(112,2,1,4,4)
w(1,18,1,5,5)
w(2,16,1,6,6)
w(1,19,1,7,7)
w(28,2,1,8,8)
r(483,1,1,9,9)
w(26,2,1,10,10)
r(341,0,1,11,11)
r(794,0,1,12,12)
r(10,3,1,13,13)
w(58,2,1,14,14)
r(138,1,1,15,15)
w(4,7,1,16,16)
r(0,33,1,17,17)
r(0,33,1,18,18)
r(685,0,1,19,19)
r(67,0,1,20,20)
w(1,20,1,21,21)
r(26,2,1,22,22)
w(1,21,1,23,23)
w(11,7,1,24,24)
r(76,0,1,25,25)
w(46,2,1,26,26)
r(140,2,1,27,27)
w(35,1,1,28,28)
w(86,2,1,29,29)
w(2,17,1,30,30)
r(922,0,1,31,31)
w(234,1,1,32,32)
r(139,1,1,33,33)
r(79,0,1,34,34)
w(5,3,1,35,35)
w(30,1,1,36,36)
w(199,1,1,37,37)
w(937,1,1,38,38)
r(30,1,1,39,39)
w(8,8,1,40,40)
w(161,2,1,41,41)
w(0,34,1,42,42)
w(36,1,1,43,43)
r(0,34,1,44,44)
w(0,35,1,45,45)
r(223,0,1,46,46)
w(76,1,1,47,47)
w(137,1,1,48,48)
w(0,36,1,49,49)
r(482,0,1,50,50)
r(47,1,1,51,51)
w(9,8,1,52,52)
r(0,36,1,53,53)
r(0,36,1,54,54)
r(1,21,1,55,55)
r(50,0,1,56,56)
w(77,1,1,57,57)
w(59,2,1,58,58)
w(3,6,1,59,59)
w(0,37,1,60,60)
r(27,3,1,61,61)
w(109,1,1,62,62)
r(247,0,1,63,63)
r(54,1,1,64,64)
w(337,1,1,65,65)
r(15,0,1,66,66)
r(29,1,1,67,67)
r(1,21,1,68,68)
r(268,0,1,69,69)
w(119,1,1,70,70)
r(822,0,1,71,71)
w(145,1,1,72,72)
w(13,4,1,73,73)
r(76,1,1,74,74)
r(164,0,1,75,75)
r(0,37,1,76,76)
r(5,3,1,77,77)
w(98,1,1,78,78)
w(7,7,1,79,79)
r(17,3,1,80,80)
w(1,22,1,81,81)
w(16,2,1,82,82)
w(22,3,1,83,83)
r(395,0,1,84,84)
w(13,5,1,85,85)
r(436,0,1,86,86)
r(4,7,1,87,87)
r(12,6,1,88,88)
w(13,6,1,89,89)
w(18,3,1,90,90)
r(453,0,1,91,91)
r(5,3,1,92,92)
w(20,2,1,93,93)
r(10,3,1,94,94)
w(3,7,1,95,95)
w(9,9,1,96,96)
w(5,4,1,97,97)
w(132,2,1,98,98)
w(2,18,1,99,99)
r(246,0,1,100,100)
w(0,38,1,101,101)
w(0,39,1,102,102)
w(13,7,1,103,103)
w(1,23,1,104,104)
w(70,1,1,105,105)
w(0,40,1,106,106)
r(2,18,1,107,107)
r(168,0,1,108,108)
r(5,4,1,109,109)
r(404,0,1,110,110)
r(10,3,1,111,111)
w(0,41,1,112,112)
w(13,8,1,113,113)
w(9,10,1,114,114)
r(70,1,1,115,115)
r(297,0,1,116,116)
r(88,1,1,117,117)
w(4,8,1,118,118)
w(452,1,1,119,119)
r(3,7,1,120,120)
w(75,1,1,121,121)
w(42,1,1,122,122)
r(8,8,1,123,123)
r(96,0,1,124,124)
r(305,0,1,125,125)
w(3,8,1,126,126)
r(1,23,1,127,127)
w(415,1,1,128,128)
w(1,24,1,129,129)
w(0,42,1,130,130)
w(967,1,1,131,131)
r(57,1,1,132,132)
w(25,2,1,133,133)
r(0,42,1,134,134)
r(232,0,1,135,135)
r(92,0,1,136,136)
r(31,2,1,137,137)
w(237,1,1,138,138)
w(93,1,1,139,139)
w(3,9,1,140,140)
w(0,43,1,141,141)
w(9,11,1,142,142)
r(361,0,1,143,143)
r(568,0,1,144,144)
r(121,1,1,145,145)
w(0,44,1,146,146)
r(10,3,1,147,147)
r(14,2,1,148,148)
r(4,8,1,149,149)
w(50,1,1,150,150)
w(11,8,1,151,151)
w(3,10,1,152,152)
r(0,44,1,153,153)
r(30,1,1,154,154)
w(2,19,1,155,155)
w(3,11,1,156,156)
r(676,0,1,157,157)
w(0,45,1,158,158)
w(493,1,1,159,159)
w(452,2,1,160,160)
r(7,7,1,161,161)
w(1,25,1,162,162)
r(0,45,1,163,163)
w(4,9,1,164,164)
r(0,45,1,165,165)
w(228,1,1,166,166)
w(1,26,1,167,167)
r(2,19,1,168,168)
w(1,27,1,169,169)
r(23,1,1,170,170)
r(841,1,1,171,171)
r(343,0,1,172,172)
r(10,3,1,173,173)
w(26,3,1,174,174)
w(689,1,1,175,175)
r(6,3,1,176,176)
w(43,4,1,177,177)
r(364,0,1,178,178)
w(0,46,1,179,179)
r(169,0,1,180,180)
r(3,11,1,181,181)
r(179,0,1,182,182)
r(0,46,1,183,183)
r(72,0,1,184,184)
r(0,46,1,185,185)
r(8,8,1,186,186)
w(2,20,1,187,187)
r(8,8,1,188,188)
w(16,3,1,189,189)
w(0,47,1,190,190)
r(39,0,1,191,191)
w(298,2,1,192,192)
r(33,1,1,193,193)
r(7,7,1,194,194)
w(4,10,1,195,195)
w(376,1,1,196,196)
w(0,48,1,197,197)
r(880,0,1,198,198)
w(526,1,1,199,199)
w(2,21,1,200,200)
w(275,1,1,201,201)
w(16,4,1,202,202)
w(23,2,1,203,203)
r(14,2,1,204,204)
w(16,5,1,205,205)
r(2,21,1,206,206)
r(0,48,1,207,207)
w(158,2,1,208,208)
w(159,1,1,209,209)
r(29,1,1,210,210)
r(194,0,1,211,211)
w(840,1,1,212,212)
r(2,21,1,213,213)
r(17,3,1,214,214)
w(0,49,1,215,215)
r(695,0,1,216,216)
r(24,2,1,217,217)
w(4,11,1,218,218)
w(9,12,1,219,219)
w(0,50,1,220,220)
r(11,8,1,221,221)
r(9,12,1,222,222)
r(67,0,1,223,223)
r(0,50,1,224,224)
r(835,0,1,225,225)
r(15,0,1,226,226)
r(507,0,1,227,227)
r(33,1,1,228,228)
r(0,50,1,229,229)
w(442,1,1,230,230)
r(758,0,1,231,231)
w(14,3,1,232,232)
w(11,9,1,233,233)
w(537,1,1,234,234)
r(3,11,1,235,235)
w(103,1,1,236,236)
r(5,4,1,237,237)
w(84,1,1,238,238)
r(103,1,1,239,239)
w(1,28,1,240,240)
r(26,3,1,241,241)
w(7,8,1,242,242)
w(0,51,1,243,243)
w(10,4,1,244,244)
w(105,1,1,245,245)
r(10,4,1,246,246)
w(0,52,1,247,247)
w(1,29,1,248,248)
r(0,52,1,249,249)
w(220,1,1,250,250)
r(45,2,1,251,251)
r(39,0,1,252,252)
w(263,2,1,253,253)
w(51,2,1,254,254)
w(226,2,1,255,255)
r(29,1,1,256,256)
r(21,2,1,257,257)
r(180,0,1,258,258)
r(69,0,1,259,259)
r(41,0,1,260,260)
w(64,1,1,261,261)
w(329,1,1,262,262)
w(4,12,1,263,263)
r(671,0,1,264,264)
r(1,29,1,265,265)
r(138,1,1,266,266)
w(0,53,1,267,267)
r(179,0,1,268,268)
w(0,54,1,269,269)
w(111,1,1,270,270)
r(98,1,1,271,271)
w(2,22,1,272,272)
r(39,0,1,273,273)
r(0,54,1,274,274)
w(483,2,1,275,275)
r(4,12,1,276,276)
r(668,0,1,277,277)
w(1,30,1,278,278)
r(0,54,1,279,279)
w(42,2,1,280,280)
r(137,1,1,281,281)
w(0,55,1,282,282)
w(9,13,1,283,283)
r(62,0,1,284,284)
w(22,4,1,285,285)
w(0,56,1,286,286)
r(13,8,1,287,287)
r(481,0,1,288,288)
w(12,7,1,289,289)
r(21,2,1,290,290)
r(12,7,1,291,291)
w(35,2,1,292,292)
r(4,12,1,293,293)
w(16,6,1,294,294)
r(95,0,1,295,295)
r(396,0,1,296,296)
r(17,3,1,297,297)
r(3,11,1,298,298)
w(3,12,1,299,299)
r(138,1,1,300,300)
w(0,57,1,301,301)
w(56,1,1,302,302)
w(520,1,1,303,303)
r(0,57,1,304,304)
w(26,4,1,305,305)
r(30,1,1,306,306)
r(6,3,1,307,307)
r(18,3,1,308,308)
r(10,4,1,309,309)
r(63,0,1,310,310)
w(351,1,1,311,311)
w(89,1,1,312,312)
r(625,0,1,313,313)
r(5,4,1,314,314)
r(1,30,1,315,315)
r(5,4,1,316,316)
w(0,58,1,317,317)
r(2,22,1,318,318)
r(587,0,1,319,319)
r(2,22,1,320,320)
r(0,58,1,321,321)
w(122,1,1,322,322)
w(1,31,1,323,323)
r(184,0,1,324,324)
w(0,59,1,325,325)
r(150,0,1,326,326)
w(2,23,1,327,327)
r(20,2,1,328,328)
r(5,4,1,329,329)
r(309,0,1,330,330)
r(1,31,1,331,331)
w(69,1,1,332,332)
r(0,59,1,333,333)
r(534,0,1,334,334)
w(3,13,1,335,335)
r(106,0,1,336,336)
r(2,23,1,337,337)
w(333,4,1,338,338)
w(15,1,1,339,339)
r(4,12,1,340,340)
w(68,1,1,341,341)
w(983,1,1,342,342)
r(3,13,1,343,343)
w(0,60,1,344,344)
r(8,8,1,345,345)
r(0,60,1,346,346)
r(77,1,1,347,347)
w(397,1,1,348,348)
w(766,1,1,349,349)
r(45,2,1,350,350)
r(486,0,1,351,351)
w(0,61,1,352,352)
w(20,3,1,353,353)
w(0,62,1,354,354)
w(99,3,1,355,355)
w(0,63,1,356,356)
r(78,0,1,357,357)
r(19,3,1,358,358)
r(3,13,1,359,359)
w(155,2,1,360,360)
w(82,1,1,361,361)
w(1,32,1,362,362)
w(157,3,1,363,363)
w(103,2,1,364,364)
w(9,14,1,365,365)
w(29,2,1,366,366)
w(26,5,1,367,367)
w(4,13,1,368,368)
w(94,1,1,369,369)
r(14,3,1,370,370)
r(107,0,1,371,371)
w(1,33,1,372,372)
r(38,1,1,373,373)
w(178,2,1,374,374)
w(0,64,1,375,375)
w(40,1,1,376,376)
w(4,14,1,377,377)
w(66,1,1,378,378)
r(75,1,1,379,379)
r(89,1,1,380,380)
w(44,1,1,381,381)
w(13,9,1,382,382)
w(1,34,1,383,383)
r(89,1,1,384,384)
r(319,0,1,385,385)
r(20,3,1,386,386)
r(0,64,1,387,387)
w(68,2,1,388,388)
w(0,65,1,389,389)
r(6,3,1,390,390)
r(173,0,1,391,391)
r(1,34,1,392,392)
w(0,66,1,393,393)
w(3,14,1,394,394)
r(3,14,1,395,395)
w(103,3,1,396,396)
r(26,5,1,397,397)
r(116,0,1,398,398)
r(96,0,1,399,399)
r(1,34,1,400,400)
w(151,1,1,401,401)
w(821,1,1,402,402)
w(220,2,1,403,403)
w(18,4,1,404,404)
r(279,0,1,405,405)
r(266,0,1,406,406)
r(21,2,1,407,407)
w(195,1,1,408,408)
r(432,1,1,409,409)
w(754,1,1,410,410)
w(0,67,1,411,411)
r(308,0,1,412,412)
w(2,24,1,413,413)
w(0,68,1,414,414)
r(241,0,1,415,415)
w(2,25,1,416,416)
r(0,68,1,417,417)
w(1,35,1,418,418)
w(6,4,1,419,419)
w(309,1,1,420,420)
w(26,6,1,421,421)
w(11,10,1,422,422)
r(7,8,1,423,423)
w(6,5,1,424,424)
w(848,1,1,425,425)
r(26,6,1,426,426)
w(50,2,1,427,427)
r(0,68,1,428,428)
w(80,2,1,429,429)
r(2,25,1,430,430)
r(567,0,1,431,431)
w(80,3,1,432,432)
r(6,5,1,433,433)
r(3,14,1,434,434)
r(3,14,1,435,435)
r(2,25,1,436,436)
w(117,1,1,437,437)
r(6,5,1,438,438)
w(2,26,1,439,439)
w(5,5,1,440,440)
w(78,1,1,441,441)
w(3,15,1,442,442)
r(0,68,1,443,443)
r(3,15,1,444,444)
w(11,11,1,445,445)
w(1,36,1,446,446)
w(2,27,1,447,447)
r(46,2,1,448,448)
w(25,3,1,449,449)
r(40,1,1,450,450)
w(229,1,1,451,451)
r(383,1,1,452,452)
r(5,5,1,453,453)
r(819,0,1,454,454)
w(363,1,1,455,455)
w(26,7,1,456,456)
r(145,1,1,457,457)
r(7,8,1,458,458)
r(494,0,1,459,459)
r(78,1,1,460,460)
r(49,1,1,461,461)
w(0,69,1,462,462)
r(129,0,1,463,463)
w(18,5,1,464,464)
r(0,69,1,465,465)
r(120,0,1,466,466)
w(0,70,1,467,467)
w(529,1,1,468,468)
w(187,1,1,469,469)
w(12,8,1,470,470)
r(802,0,1,471,471)
r(1,36,1,472,472)
w(0,71,1,473,473)
r(560,0,1,474,474)
w(702,1,1,475,475)
r(338,0,1,476,476)
r(6,5,1,477,477)
r(302,0,1,478,478)
w(162,2,1,479,479)
r(0,71,1,480,480)
r(20,3,1,481,481)
r(674,0,1,482,482)
w(8,9,1,483,483)
r(511,0,1,484,484)
w(80,4,1,485,485)
w(25,4,1,486,486)
w(57,2,1,487,487)
w(0,72,1,488,488)
w(1,37,1,489,489)
r(0,72,1,490,490)
r(0,72,1,491,491)
r(4,14,1,492,492)
r(338,0,1,493,493)
w(1,38,1,494,494)
w(63,1,1,495,495)
w(36,2,1,496,496)
w(332,1,1,497,497)
w(0,73,1,498,498)
r(54,1,1,499,499)
w(1,39,2,0,0)
w(744,2,2,1,1)
w(2,28,2,2,2)
w(72,1,2,3,3)
w(10,5,2,4,4)
w(33,2,2,5,5)
w(506,1,2,6,6)
w(0,74,2,7,7)
r(2,28,2,8,8)
w(11,12,2,9,9)
r(154,0,2,10,10)
w(10,6,2,11,11)
r(104,0,2,12,12)
r(0,74,2,13,13)
r(143,0,2,14,14)
r(0,74,2,15,15)
w(43,5,2,16,16)
r(0,74,2,17,17)
w(5,6,2,18,18)
w(508,1,2,19,19)
r(251,0,2,20,20)
r(5,6,2,21,21)
w(5,7,2,22,22)
r(209,0,2,23,23)
w(563,1,2,24,24)
w(230,1,2,25,25)
r(4,14,2,26,26)
w(331,1,2,27,27)
w(323,1,2,28,28)
r(18,5,2,29,29)
r(108,0,2,30,30)
r(0,74,2,31,31)
w(585,1,2,32,32)
r(22,4,2,33,33)
r(7,8,2,34,34)
w(31,3,2,35,35)
w(21,3,2,36,36)
w(26,8,2,37,37)
r(1,39,2,38,38)
r(1,39,2,39,39)
w(127,1,2,40,40)
w(76,2,2,41,41)
w(2,29,2,42,42)
r(17,3,2,43,43)
r(3,15,2,44,44)
w(2,30,2,45,45)
w(476,1,2,46,46)
r(128,0,2,47,47)
r(0,74,2,48,48)
w(2,31,2,49,49)
r(1,39,2,50,50)
w(414,1,2,51,51)
w(11,13,2,52,52)
w(20,4,2,53,53)
r(62,0,2,54,54)
r(1,39,2,55,55)
r(19,3,2,56,56)
w(0,75,2,57,57)
r(5,7,2,58,58)
r(0,75,2,59,59)
r(1,39,2,60,60)
w(13,10,2,61,61)
w(594,2,2,62,62)
w(13,11,2,63,63)
w(0,76,2,64,64)
w(13,12,2,65,65)
r(23,2,2,66,66)
w(77,2,2,67,67)
w(291,1,2,68,68)
r(677,0,2,69,69)
w(20,5,2,70,70)
r(173,0,2,71,71)
r(199,1,2,72,72)
w(391,1,2,73,73)
r(22,4,2,74,74)
w(160,1,2,75,75)
r(883,0,2,76,76)
r(2,31,2,77,77)
w(55,3,2,78,78)
w(48,1,2,79,79)
r(858,0,2,80,80)
w(0,77,2,81,81)
w(64,2,2,82,82)
r(15,1,2,83,83)
r(0,77,2,84,84)
r(4,14,2,85,85)
w(6,6,2,86,86)
r(853,0,2,87,87)
r(3,15,2,88,88)
w(11,14,2,89,89)
r(16,6,2,90,90)
w(54,2,2,91,91)
r(0,77,2,92,92)
w(307,1,2,93,93)
r(1,39,2,94,94)
r(797,0,2,95,95)
r(61,0,2,96,96)
w(131,1,2,97,97)
r(0,77,2,98,98)
r(113,0,2,99,99)
w(245,1,2,100,100)
r(73,1,2,101,101)
w(0,78,2,102,102)
w(906,1,2,103,103)
r(48,1,2,104,104)
r(4,14,2,105,105)
w(5,8,2,106,106)
w(57,3,2,107,107)
w(5,9,2,108,108)
r(16,6,2,109,109)
r(999,0,2,110,110)
w(6,7,2,111,111)
r(673,0,2,112,112)
r(74,0,2,113,113)
r(36,2,2,114,114)
w(34,2,2,115,115)
r(6,7,2,116,116)
r(340,1,2,117,117)
r(113,0,2,118,118)
w(70,2,2,119,119)
w(3,16,2,120,120)
w(990,1,2,121,121)
r(1,39,2,122,122)
r(2,31,2,123,123)
r(217,0,2,124,124)
w(361,1,2,125,125)
r(185,0,2,126,126)
w(0,79,2,127,127)
r(0,79,2,128,128)
r(138,1,2,129,129)
w(260,1,2,130,130)
w(87,2,2,131,131)
r(134,0,2,132,132)
r(0,79,2,133,133)
w(6,8,2,134,134)
w(4,15,2,135,135)
r(1,39,2,136,136)
w(3,17,2,137,137)
w(5,10,2,138,138)
w(42,3,2,139,139)
w(0,80,2,140,140)
r(131,1,2,141,141)
w(112,3,2,142,142)
r(0,80,2,143,143)
w(293,1,2,144,144)
w(95,1,2,145,145)
r(565,0,2,146,146)
w(1,40,2,147,147)
w(1,41,2,148,148)
r(363,1,2,149,149)
w(8,10,2,150,150)
w(293,2,2,151,151)
w(0,81,2,152,152)
w(28,3,2,153,153)
r(203,0,2,154,154)
w(7,9,2,155,155)
w(0,82,2,156,156)
r(453,0,2,157,157)
r(285,0,2,158,158)
r(13,12,2,159,159)
w(441,1,2,160,160)
w(17,4,2,161,161)
w(2,32,2,162,162)
r(0,82,2,163,163)
w(0,83,2,164,164)
w(69,2,2,165,165)
r(250,0,2,166,166)
r(565,0,2,167,167)
r(21,3,2,168,168)
r(0,83,2,169,169)
w(4,16,2,170,170)
r(0,83,2,171,171)
r(1,41,2,172,172)
w(0,84,2,173,173)
r(66,1,2,174,174)
r(703,0,2,175,175)
w(23,3,2,176,176)
w(621,1,2,177,177)
w(173,1,2,178,178)
w(419,1,2,179,179)
r(958,0,2,180,180)
w(612,1,2,181,181)
w(370,1,2,182,182)
r(110,0,2,183,183)
w(0,85,2,184,184)
w(680,1,2,185,185)
r(5,10,2,186,186)
w(22,5,2,187,187)
r(31,3,2,188,188)
w(7,10,2,189,189)
w(308,1,2,190,190)
r(23,3,2,191,191)
w(25,5,2,192,192)
r(27,3,2,193,193)
r(12,8,2,194,194)
r(1,41,2,195,195)
w(279,1,2,196,196)
w(35,3,2,197,197)
r(78,1,2,198,198)
w(6,9,2,199,199)
w(396,1,2,200,200)
w(137,2,2,201,201)
w(0,86,2,202,202)
r(12,8,2,203,203)
w(12,9,2,204,204)
w(185,1,2,205,205)
w(44,2,2,206,206)
w(5,11,2,207,207)
r(2,32,2,208,208)
w(91,2,2,209,209)
r(206,0,2,210,210)
w(533,1,2,211,211)
w(0,87,2,212,212)
r(10,6,2,213,213)
w(10,7,2,214,214)
r(13,12,2,215,215)
w(75,2,2,216,216)
r(72,1,2,217,217)
w(67,1,2,218,218)
w(24,3,2,219,219)
w(27,4,2,220,220)
w(0,88,2,221,221)
w(145,2,2,222,222)
w(692,1,2,223,223)
r(1,41,2,224,224)
w(29,3,2,225,225)
w(2,33,2,226,226)
r(7,10,2,227,227)
r(214,1,2,228,228)
r(9,14,2,229,229)
r(2,33,2,230,230)
w(3,18,2,231,231)
r(35,3,2,232,232)
r(19,3,2,233,233)
r(0,88,2,234,234)
w(127,2,2,235,235)
r(171,0,2,236,236)
w(0,89,2,237,237)
r(172,0,2,238,238)
w(0,90,2,239,239)
r(572,0,2,240,240)
w(157,4,2,241,241)
r(3,18,2,242,242)
r(1,41,2,243,243)
w(27,5,2,244,244)
r(127,2,2,245,245)
r(3,18,2,246,246)
w(339,1,2,247,247)
w(23,4,2,248,248)
w(90,1,2,249,249)
r(77,2,2,250,250)
r(12,9,2,251,251)
r(251,0,2,252,252)
r(0,90,2,253,253)
r(567,0,2,254,254)
r(9,14,2,255,255)
w(2,34,2,256,256)
r(991,0,2,257,257)
r(491,0,2,258,258)
w(31,4,2,259,259)
w(7,11,2,260,260)
r(1,41,2,261,261)
w(1,42,2,262,262)
r(5,11,2,263,263)
w(5,12,2,264,264)
r(24,3,2,265,265)
r(0,90,2,266,266)
r(27,5,2,267,267)
w(9,15,2,268,268)
r(13,12,2,269,269)
r(0,90,2,270,270)
w(0,91,2,271,271)
w(71,1,2,272,272)
r(0,91,2,273,273)
r(0,91,2,274,274)
r(12,9,2,275,275)
r(0,91,2,276,276)
w(372,1,2,277,277)
w(142,2,2,278,278)
r(2,34,2,279,279)
w(1,43,2,280,280)
w(0,92,2,281,281)
r(22,5,2,282,282)
w(6,10,2,283,283)
r(1,43,2,284,284)
r(89,1,2,285,285)
r(1,43,2,286,286)
r(0,92,2,287,287)
w(41,1,2,288,288)
r(8,10,2,289,289)
w(361,2,2,290,290)
w(2,35,2,291,291)
r(5,12,2,292,292)
r(3,18,2,293,293)
r(13,12,2,294,294)
w(2,36,2,295,295)
w(144,1,2,296,296)
w(0,93,2,297,297)
w(0,94,2,298,298)
w(6,11,2,299,299)
w(30,2,2,300,300)
r(346,0,2,301,301)
w(10,8,2,302,302)
w(51,3,2,303,303)
r(0,94,2,304,304)
r(709,0,2,305,305)
w(590,1,2,306,306)
r(1,43,2,307,307)
r(282,0,2,308,308)
r(89,1,2,309,309)
r(238,0,2,310,310)
r(4,16,2,311,311)
w(0,95,2,312,312)
w(6,12,2,313,313)
w(174,1,2,314,314)
r(119,1,2,315,315)
r(32,1,2,316,316)
r(3,18,2,317,317)
w(0,96,2,318,318)
r(223,0,2,319,319)
w(625,1,2,320,320)
w(221,1,2,321,321)
r(674,0,2,322,322)
r(3,18,2,323,323)
w(12,10,2,324,324)
r(104,0,2,325,325)
w(0,97,2,326,326)
w(2,37,2,327,327)
r(218,0,2,328,328)
w(658,1,2,329,329)
w(99,4,2,330,330)
w(0,98,2,331,331)
w(520,2,2,332,332)
w(136,1,2,333,333)
r(12,10,2,334,334)
r(468,0,2,335,335)
r(0,98,2,336,336)
w(563,2,2,337,337)
r(545,0,2,338,338)
w(242,1,2,339,339)
r(209,0,2,340,340)
w(45,3,2,341,341)
w(751,1,2,342,342)
w(6,13,2,343,343)
r(946,0,2,344,344)
w(1,44,2,345,345)
w(33,3,2,346,346)
r(3,18,2,347,347)
r(366,0,2,348,348)
r(0,98,2,349,349)
r(129,0,2,350,350)
r(0,98,2,351,351)
r(137,2,2,352,352)
r(321,1,2,353,353)
w(202,1,2,354,354)
w(57,4,2,355,355)
r(0,98,2,356,356)
w(337,2,2,357,357)
r(236,0,2,358,358)
w(0,99,2,359,359)
r(4,16,2,360,360)
r(14,3,2,361,361)
w(55,4,2,362,362)
r(824,0,2,363,363)
r(2,37,2,364,364)
r(0,99,2,365,365)
r(1,44,2,366,366)
r(14,3,2,367,367)
r(536,0,2,368,368)
w(50,3,2,369,369)
r(2,37,2,370,370)
r(311,0,2,371,371)
w(2,38,2,372,372)
r(3,18,2,373,373)
w(77,3,2,374,374)
r(664,0,2,375,375)
r(0,99,2,376,376)
w(290,1,2,377,377)
r(45,3,2,378,378)
r(330,0,2,379,379)
w(0,100,2,380,380)
w(50,4,2,381,381)
r(447,0,2,382,382)
r(491,0,2,383,383)
w(2,39,2,384,384)
r(2,39,2,385,385)
r(110,0,2,386,386)
w(13,13,2,387,387)
w(24,4,2,388,388)
w(460,1,2,389,389)
r(3,18,2,390,390)
w(1,45,2,391,391)
r(204,0,2,392,392)
w(673,1,2,393,393)
r(90,1,2,394,394)
r(280,0,2,395,395)
w(124,1,2,396,396)
w(107,1,2,397,397)
w(2,40,2,398,398)
r(207,0,2,399,399)
w(685,1,2,400,400)
w(4,17,2,401,401)
r(28,3,2,402,402)
w(3,19,2,403,403)
r(0,100,2,404,404)
r(0,100,2,405,405)
w(796,1,2,406,406)
w(16,7,2,407,407)
r(8,10,2,408,408)
r(193,0,2,409,409)
w(0,101,2,410,410)
w(9,16,2,411,411)
w(0,102,2,412,412)
w(207,1,2,413,413)
r(17,4,2,414,414)
r(4,17,2,415,415)
w(3,20,2,416,416)
r(0,102,2,417,417)
r(7,11,2,418,418)
w(0,103,2,419,419)
r(131,1,2,420,420)
w(5,13,2,421,421)
r(9,16,2,422,422)
r(0,103,2,423,423)
r(1,45,2,424,424)
w(345,1,2,425,425)
w(1,46,2,426,426)
w(0,104,2,427,427)
r(7,11,2,428,428)
r(29,3,2,429,429)
w(94,2,2,430,430)
w(14,4,2,431,431)
r(0,104,2,432,432)
r(2,40,2,433,433)
r(522,0,2,434,434)
r(22,5,2,435,435)
w(0,105,2,436,436)
r(2,40,2,437,437)
r(96,0,2,438,438)
r(255,0,2,439,439)
w(0,106,2,440,440)
w(227,1,2,441,441)
r(9,16,2,442,442)
r(517,0,2,443,443)
r(0,106,2,444,444)
w(962,2,2,445,445)
w(362,2,2,446,446)
r(1,46,2,447,447)
r(479,0,2,448,448)
w(807,1,2,449,449)
r(24,4,2,450,450)
w(2,41,2,451,451)
w(281,1,2,452,452)
r(25,5,2,453,453)
r(40,1,2,454,454)
r(2,41,2,455,455)
r(218,0,2,456,456)
w(813,1,2,457,457)
w(301,1,2,458,458)
r(5,13,2,459,459)
w(2,42,2,460,460)
r(507,0,2,461,461)
r(179,0,2,462,462)
w(41,2,2,463,463)
r(13,13,2,464,464)
r(4,17,2,465,465)
r(258,0,2,466,466)
w(0,107,2,467,467)
w(627,1,2,468,468)
r(1,46,2,469,469)
r(470,0,2,470,470)
w(129,1,2,471,471)
r(48,1,2,472,472)
r(256,0,2,473,473)
w(8,11,2,474,474)
w(21,4,2,475,475)
w(7,12,2,476,476)
r(1,46,2,477,477)
w(10,9,2,478,478)
r(52,0,2,479,479)
w(19,4,2,480,480)
w(107,2,2,481,481)
w(680,2,2,482,482)
r(0,107,2,483,483)
w(2,43,2,484,484)
r(227,1,2,485,485)
w(0,108,2,486,486)
w(12,11,2,487,487)
r(181,0,2,488,488)
w(110,1,2,489,489)
r(669,0,2,490,490)
r(0,108,2,491,491)
w(40,2,2,492,492)
r(5,13,2,493,493)
w(0,109,2,494,494)
w(0,110,2,495,495)
r(4,17,2,496,496)
w(99,5,2,497,497)
w(7,13,2,498,498)
w(239,1,2,499,499)
w(232,1,3,0,0)
r(27,5,3,1,1)
w(123,1,3,2,2)
w(710,1,3,3,3)
r(66,1,3,4,4)
w(61,1,3,5,5)
r(31,4,3,6,6)
r(9,16,3,7,7)
r(0,110,3,8,8)
r(22,5,3,9,9)
w(408,1,3,10,10)
r(0,110,3,11,11)
w(4,18,3,12,12)
r(44,2,3,13,13)
r(673,1,3,14,14)
r(49,1,3,15,15)
w(0,111,3,16,16)
r(58,2,3,17,17)
r(0,111,3,18,18)
r(79,0,3,19,19)
r(0,111,3,20,20)
w(107,3,3,21,21)
w(493,2,3,22,22)
w(11,15,3,23,23)
w(5,14,3,24,24)
w(93,2,3,25,25)
r(10,9,3,26,26)
w(5,15,3,27,27)
w(3,21,3,28,28)
w(0,112,3,29,29)
r(373,1,3,30,30)
r(0,112,3,31,31)
r(3,21,3,32,32)
w(75,3,3,33,33)
w(95,2,3,34,34)
r(0,112,3,35,35)
w(0,113,3,36,36)
w(0,114,3,37,37)
r(0,114,3,38,38)
w(348,1,3,39,39)
w(67,2,3,40,40)
w(5,16,3,41,41)
r(5,16,3,42,42)
w(411,1,3,43,43)
w(1,47,3,44,44)
r(415,1,3,45,45)
r(2,43,3,46,46)
r(22,5,3,47,47)
w(1,48,3,48,48)
w(145,3,3,49,49)
r(0,114,3,50,50)
w(458,1,3,51,51)
w(155,3,3,52,52)
w(13,14,3,53,53)
r(3,21,3,54,54)
w(23,5,3,55,55)
r(19,4,3,56,56)
r(86,2,3,57,57)
r(39,0,3,58,58)
r(711,0,3,59,59)
w(16,8,3,60,60)
r(643,0,3,61,61)
w(0,115,3,62,62)
w(395,1,3,63,63)
r(102,0,3,64,64)
w(266,1,3,65,65)
r(60,0,3,66,66)
r(1,48,3,67,67)
w(71,2,3,68,68)
w(545,1,3,69,69)
r(5,16,3,70,70)
w(28,4,3,71,71)
r(245,1,3,72,72)
w(3,22,3,73,73)
w(287,2,3,74,74)
r(649,0,3,75,75)
w(15,2,3,76,76)
w(3,23,3,77,77)
r(4,18,3,78,78)
w(898,1,3,79,79)
r(0,115,3,80,80)
r(3,23,3,81,81)
r(3,23,3,82,82)
w(9,17,3,83,83)
r(306,0,3,84,84)
r(845,0,3,85,85)
w(451,1,3,86,86)
r(4,18,3,87,87)
r(21,4,3,88,88)
w(942,1,3,89,89)
w(2,44,3,90,90)
w(92,1,3,91,91)
r(561,0,3,92,92)
w(107,4,3,93,93)
r(202,1,3,94,94)
w(68,3,3,95,95)
w(0,116,3,96,96)
w(4,19,3,97,97)
r(1,48,3,98,98)
r(24,4,3,99,99)
w(2,45,3,100,100)
w(5,17,3,101,101)
r(203,0,3,102,102)
w(20,6,3,103,103)
w(4,20,3,104,104)
w(29,4,3,105,105)
r(1,48,3,106,106)
w(144,2,3,107,107)
w(29,5,3,108,108)
w(241,1,3,109,109)
w(5,18,3,110,110)
r(731,0,3,111,111)
r(7,13,3,112,112)
w(179,1,3,113,113)
r(0,116,3,114,114)
r(434,0,3,115,115)
w(2,46,3,116,116)
w(132,3,3,117,117)
w(826,1,3,118,118)
r(0,116,3,119,119)
r(446,0,3,120,120)
w(841,2,3,121,121)
r(20,6,3,122,122)
w(907,1,3,123,123)
w(0,117,3,124,124)
w(128,1,3,125,125)
w(1,49,3,126,126)
w(102,1,3,127,127)
r(386,0,3,128,128)
w(80,5,3,129,129)
w(0,118,3,130,130)
w(0,119,3,131,131)
w(2,47,3,132,132)
w(100,1,3,133,133)
r(571,0,3,134,134)
w(35,4,3,135,135)
w(8,12,3,136,136)
w(3,24,3,137,137)
r(38,1,3,138,138)
r(178,2,3,139,139)
w(0,120,3,140,140)
w(220,3,3,141,141)
w(489,1,3,142,142)
w(1,50,3,143,143)
w(10,10,3,144,144)
r(19,4,3,145,145)
r(10,10,3,146,146)
r(49,1,3,147,147)
r(1,50,3,148,148)
w(195,2,3,149,149)
r(4,20,3,150,150)
w(648,1,3,151,151)
w(454,1,3,152,152)
r(3,24,3,153,153)
w(86,3,3,154,154)
r(431,0,3,155,155)
w(123,2,3,156,156)
w(36,3,3,157,157)
w(2,48,3,158,158)
r(4,20,3,159,159)
r(5,18,3,160,160)
w(104,1,3,161,161)
w(36,4,3,162,162)
r(6,13,3,163,163)
r(1,50,3,164,164)
r(0,120,3,165,165)
r(5,18,3,166,166)
w(0,121,3,167,167)
r(30,2,3,168,168)
w(2,49,3,169,169)
w(25,6,3,170,170)
r(17,4,3,171,171)
w(874,1,3,172,172)
w(448,1,3,173,173)
w(973,1,3,174,174)
w(1,51,3,175,175)
r(953,0,3,176,176)
r(818,0,3,177,177)
r(328,0,3,178,178)
w(0,122,3,179,179)
w(805,1,3,180,180)
w(308,2,3,181,181)
r(145,3,3,182,182)
w(95,3,3,183,183)
r(0,122,3,184,184)
w(1,52,3,185,185)
w(35,5,3,186,186)
r(182,0,3,187,187)
r(1,52,3,188,188)
w(306,1,3,189,189)
w(56,2,3,190,190)
w(176,2,3,191,191)
w(84,2,3,192,192)
r(10,10,3,193,193)
r(242,1,3,194,194)
w(1,53,3,195,195)
w(77,4,3,196,196)
r(1,53,3,197,197)
r(31,4,3,198,198)
w(1,54,3,199,199)
r(6,13,3,200,200)
r(65,0,3,201,201)
r(0,122,3,202,202)
r(627,1,3,203,203)
r(239,1,3,204,204)
w(0,123,3,205,205)
w(29,6,3,206,206)
w(2,50,3,207,207)
r(0,123,3,208,208)
r(54,2,3,209,209)
r(0,123,3,210,210)
r(15,2,3,211,211)
r(0,123,3,212,212)
r(37,1,3,213,213)
r(77,4,3,214,214)
w(0,124,3,215,215)
w(152,2,3,216,216)
w(6,14,3,217,217)
r(0,124,3,218,218)
w(1,55,3,219,219)
r(17,4,3,220,220)
r(834,0,3,221,221)
r(13,14,3,222,222)
w(10,11,3,223,223)
w(222,1,3,224,224)
r(959,1,3,225,225)
r(0,124,3,226,226)
r(183,1,3,227,227)
r(980,0,3,228,228)
r(10,11,3,229,229)
w(6,15,3,230,230)
r(55,4,3,231,231)
r(43,5,3,232,232)
r(19,4,3,233,233)
w(68,4,3,234,234)
w(13,15,3,235,235)
w(857,1,3,236,236)
r(31,4,3,237,237)
r(808,0,3,238,238)
w(1,56,3,239,239)
r(262,0,3,240,240)
r(0,124,3,241,241)
w(69,3,3,242,242)
w(706,1,3,243,243)
w(4,21,3,244,244)
r(962,2,3,245,245)
w(4,22,3,246,246)
w(29,7,3,247,247)
w(8,13,3,248,248)
r(13,15,3,249,249)
r(48,1,3,250,250)
w(0,125,3,251,251)
r(0,125,3,252,252)
r(325,0,3,253,253)
r(18,5,3,254,254)
r(333,4,3,255,255)
w(633,1,3,256,256)
r(337,2,3,257,257)
r(24,4,3,258,258)
w(61,2,3,259,259)
r(42,3,3,260,260)
w(373,2,3,261,261)
r(4,22,3,262,262)
w(23,6,3,263,263)
r(0,125,3,264,264)
w(8,14,3,265,265)
w(35,6,3,266,266)
w(0,126,3,267,267)
r(18,5,3,268,268)
r(0,126,3,269,269)
r(314,0,3,270,270)
r(360,0,3,271,271)
w(12,12,3,272,272)
r(980,0,3,273,273)
w(447,1,3,274,274)
w(2,51,3,275,275)
w(24,5,3,276,276)
r(324,0,3,277,277)
w(3,25,3,278,278)
r(0,126,3,279,279)
w(7,14,3,280,280)
w(918,1,3,281,281)
r(153,0,3,282,282)
r(64,2,3,283,283)
w(626,1,3,284,284)
r(43,5,3,285,285)
w(5,19,3,286,286)
w(7,15,3,287,287)
r(1,56,3,288,288)
w(135,2,3,289,289)
r(192,0,3,290,290)
w(21,5,3,291,291)
r(443,0,3,292,292)
r(0,126,3,293,293)
r(11,15,3,294,294)
r(351,1,3,295,295)
r(192,0,3,296,296)
w(1,57,3,297,297)
w(301,2,3,298,298)
w(0,127,3,299,299)
r(7,15,3,300,300)
r(24,5,3,301,301)
r(9,17,3,302,302)
r(194,0,3,303,303)
w(268,1,3,304,304)
r(366,0,3,305,305)
w(109,2,3,306,306)
w(4,23,3,307,307)
w(695,1,3,308,308)
w(49,2,3,309,309)
w(0,128,3,310,310)
r(326,0,3,311,311)
w(353,1,3,312,312)
r(55,4,3,313,313)
w(24,6,3,314,314)
w(0,129,3,315,315)
r(0,129,3,316,316)
r(528,1,3,317,317)
r(7,15,3,318,318)
r(129,1,3,319,319)
w(7,16,3,320,320)
w(125,1,3,321,321)
w(549,1,3,322,322)
w(14,5,3,323,323)
r(670,0,3,324,324)
r(0,129,3,325,325)
w(394,1,3,326,326)
w(297,1,3,327,327)
r(22,5,3,328,328)
r(4,23,3,329,329)
r(142,2,3,330,330)
w(1,58,3,331,331)
r(852,0,3,332,332)
w(99,6,3,333,333)
w(585,2,3,334,334)
w(41,3,3,335,335)
w(1,59,3,336,336)
r(2,51,3,337,337)
r(157,4,3,338,338)
w(79,1,3,339,339)
w(117,2,3,340,340)
r(357,0,3,341,341)
r(267,0,3,342,342)
r(348,1,3,343,343)
r(10,11,3,344,344)
r(407,1,3,345,345)
r(4,23,3,346,346)
w(11,16,3,347,347)
r(348,1,3,348,348)
r(2,51,3,349,349)
w(1,60,3,350,350)
w(0,130,3,351,351)
w(560,1,3,352,352)
r(2,51,3,353,353)
w(1,61,3,354,354)
w(14,6,3,355,355)
r(124,1,3,356,356)
w(0,131,3,357,357)
w(0,132,3,358,358)
r(46,2,3,359,359)
r(41,3,3,360,360)
r(9,17,3,361,361)
w(202,2,3,362,362)
r(48,1,3,363,363)
w(18,6,3,364,364)
r(137,2,3,365,365)
r(129,1,3,366,366)
w(6,16,3,367,367)
w(6,17,3,368,368)
r(269,0,3,369,369)
r(90,1,3,370,370)
r(36,4,3,371,371)
w(5,20,3,372,372)
r(0,132,3,373,373)
r(11,16,3,374,374)
w(22,6,3,375,375)
w(2,52,3,376,376)
r(0,132,3,377,377)
r(9,17,3,378,378)
r(302,0,3,379,379)
w(23,7,3,380,380)
w(1,62,3,381,381)
r(97,0,3,382,382)
r(159,1,3,383,383)
r(3,25,3,384,384)
w(7,17,3,385,385)
w(238,1,3,386,386)
w(592,1,3,387,387)
r(4,23,3,388,388)
r(6,17,3,389,389)
r(54,2,3,390,390)
r(84,2,3,391,391)
r(126,1,3,392,392)
w(4,24,3,393,393)
r(2,52,3,394,394)
w(3,26,3,395,395)
w(10,12,3,396,396)
r(126,1,3,397,397)
w(96,1,3,398,398)
w(58,3,3,399,399)
r(117,2,3,400,400)
r(584,0,3,401,401)
w(439,1,3,402,402)
r(6,17,3,403,403)
r(0,132,3,404,404)
r(289,0,3,405,405)
w(31,5,3,406,406)
w(0,133,3,407,407)
r(455,0,3,408,408)
r(4,24,3,409,409)
w(46,3,3,410,410)
w(22,7,3,411,411)
r(8,14,3,412,412)
w(33,4,3,413,413)
w(57,5,3,414,414)
w(0,134,3,415,415)
w(427,2,3,416,416)
r(44,2,3,417,417)
w(902,1,3,418,418)
w(1,63,3,419,419)
r(151,1,3,420,420)
w(199,2,3,421,421)
w(21,6,3,422,422)
r(699,0,3,423,423)
w(77,5,3,424,424)
r(0,134,3,425,425)
w(756,1,3,426,426)
w(29,8,3,427,427)
w(303,1,3,428,428)
r(361,2,3,429,429)
r(1,63,3,430,430)
r(397,1,3,431,431)
w(217,1,3,432,432)
w(0,135,3,433,433)
r(48,1,3,434,434)
r(10,12,3,435,435)
r(17,4,3,436,436)
w(205,1,3,437,437)
r(1,63,3,438,438)
w(13,16,3,439,439)
r(135,2,3,440,440)
r(4,24,3,441,441)
w(7,18,3,442,442)
w(24,7,3,443,443)
r(0,135,3,444,444)
w(711,1,3,445,445)
w(107,5,3,446,446)
r(54,2,3,447,447)
r(14,6,3,448,448)
r(35,6,3,449,449)
w(4,25,3,450,450)
r(17,4,3,451,451)
w(2,53,3,452,452)
r(6,17,3,453,453)
w(50,5,3,454,454)
w(4,26,3,455,455)
w(12,13,3,456,456)
w(460,2,3,457,457)
r(107,5,3,458,458)
w(242,2,3,459,459)
r(7,18,3,460,460)
r(320,0,3,461,461)
w(13,17,3,462,462)
r(8,14,3,463,463)
w(69,4,3,464,464)
r(1,63,3,465,465)
w(37,2,3,466,466)
r(4,26,3,467,467)
r(0,135,3,468,468)
w(403,1,3,469,469)
w(3,27,3,470,470)
w(110,2,3,471,471)
w(33,5,3,472,472)
r(0,135,3,473,473)
r(0,135,3,474,474)
w(0,136,3,475,475)
w(0,137,3,476,476)
r(72,1,3,477,477)
w(53,1,3,478,478)
r(2,53,3,479,479)
w(1,64,3,480,480)
r(66,1,3,481,481)
r(46,3,3,482,482)
r(11,16,3,483,483)
r(78,1,3,484,484)
w(56,3,3,485,485)
r(283,1,3,486,486)
w(1,65,3,487,487)
r(616,0,3,488,488)
r(30,2,3,489,489)
w(224,1,3,490,490)
r(16,8,3,491,491)
r(1,65,3,492,492)
w(599,1,3,493,493)
r(12,13,3,494,494)
r(2,53,3,495,495)
w(792,1,3,496,496)
w(23,8,3,497,497)
r(10,12,3,498,498)
r(28,4,3,499,499)
r(1,65,4,0,0)
r(652,0,4,1,1)
w(147,2,4,2,2)
r(27,5,4,3,3)
r(650,0,4,4,4)
r(35,6,4,5,5)
r(3,27,4,6,6)
r(20,6,4,7,7)
w(71,3,4,8,8)
r(622,0,4,9,9)
w(149,1,4,10,10)
w(4,27,4,11,11)
r(145,3,4,12,12)
r(1,65,4,13,13)
r(3,27,4,14,14)
w(9,18,4,15,15)
r(858,0,4,16,16)
r(9,18,4,17,17)
w(305,1,4,18,18)
r(20,6,4,19,19)
w(135,3,4,20,20)
r(33,5,4,21,21)
r(72,1,4,22,22)
w(1,66,4,23,23)
w(64,3,4,24,24)
w(41,4,4,25,25)
w(282,1,4,26,26)
r(414,1,4,27,27)
r(120,0,4,28,28)
r(204,0,4,29,29)
r(10,12,4,30,30)
w(5,21,4,31,31)
r(75,3,4,32,32)
r(319,0,4,33,33)
r(170,0,4,34,34)
r(1,66,4,35,35)
w(23,9,4,36,36)
r(0,137,4,37,37)
r(41,4,4,38,38)
w(66,2,4,39,39)
r(0,137,4,40,40)
w(529,2,4,41,41)
r(503,0,4,42,42)
r(877,0,4,43,43)
r(0,137,4,44,44)
w(219,4,4,45,45)
w(7,19,4,46,46)
w(52,1,4,47,47)
r(30,2,4,48,48)
r(392,0,4,49,49)
w(139,2,4,50,50)
w(176,3,4,51,51)
r(95,3,4,52,52)
r(5,21,4,53,53)
w(274,1,4,54,54)
r(341,0,4,55,55)
r(205,1,4,56,56)
r(24,7,4,57,57)
r(6,17,4,58,58)
w(83,1,4,59,59)
r(0,137,4,60,60)
w(541,1,4,61,61)
w(0,138,4,62,62)
w(26,9,4,63,63)
w(722,1,4,64,64)
w(825,1,4,65,65)
w(168,1,4,66,66)
r(4,27,4,67,67)
r(266,1,4,68,68)
w(40,3,4,69,69)
w(0,139,4,70,70)
r(413,0,4,71,71)
w(976,1,4,72,72)
r(6,17,4,73,73)
r(2,53,4,74,74)
r(57,5,4,75,75)
w(33,6,4,76,76)
w(4,28,4,77,77)
r(4,28,4,78,78)
w(6,18,4,79,79)
w(5,22,4,80,80)
w(174,2,4,81,81)
w(6,19,4,82,82)
w(98,2,4,83,83)
w(14,7,4,84,84)
r(892,0,4,85,85)
w(38,2,4,86,86)
w(1,67,4,87,87)
w(1,68,4,88,88)
r(5,22,4,89,89)
r(0,139,4,90,90)
r(17,4,4,91,91)
r(0,139,4,92,92)
w(4,29,4,93,93)
r(0,139,4,94,94)
w(11,17,4,95,95)
r(113,0,4,96,96)
w(38,3,4,97,97)
w(793,1,4,98,98)
w(128,2,4,99,99)
w(139,3,4,100,100)
w(14,8,4,101,101)
r(214,1,4,102,102)
w(10,13,4,103,103)
w(1,69,4,104,104)
w(26,10,4,105,105)
r(390,0,4,106,106)
r(2,53,4,107,107)
w(40,4,4,108,108)
w(722,2,4,109,109)
r(12,13,4,110,110)
w(3,28,4,111,111)
w(0,140,4,112,112)
r(1,69,4,113,113)
w(1,70,4,114,114)
r(8,14,4,115,115)
r(30,2,4,116,116)
r(10,13,4,117,117)
r(2,53,4,118,118)
w(0,141,4,119,119)
w(0,142,4,120,120)
r(4,29,4,121,121)
r(14,8,4,122,122)
r(311,0,4,123,123)
w(0,143,4,124,124)
w(4,30,4,125,125)
r(0,143,4,126,126)
r(583,0,4,127,127)
w(10,14,4,128,128)
r(674,0,4,129,129)
r(55,4,4,130,130)
w(491,1,4,131,131)
w(19,5,4,132,132)
r(45,3,4,133,133)
w(2,54,4,134,134)
r(0,143,4,135,135)
w(54,3,4,136,136)
r(62,0,4,137,137)
w(9,19,4,138,138)
r(2,54,4,139,139)
w(5,23,4,140,140)
r(6,19,4,141,141)
r(36,4,4,142,142)
r(13,17,4,143,143)
w(0,144,4,144,144)
r(286,1,4,145,145)
r(876,0,4,146,146)
w(58,4,4,147,147)
r(58,4,4,148,148)
r(5,23,4,149,149)
w(67,3,4,150,150)
r(2,54,4,151,151)
w(203,1,4,152,152)
w(480,1,4,153,153)
r(0,144,4,154,154)
w(22,8,4,155,155)
r(615,0,4,156,156)
r(148,0,4,157,157)
r(6,19,4,158,158)
r(1,70,4,159,159)
w(0,145,4,160,160)
r(69,4,4,161,161)
w(991,1,4,162,162)
w(158,3,4,163,163)
r(7,19,4,164,164)
w(35,7,4,165,165)
r(1,70,4,166,166)
w(5,24,4,167,167)
w(17,5,4,168,168)
r(0,145,4,169,169)
r(0,145,4,170,170)
r(25,6,4,171,171)
r(4,30,4,172,172)
r(7,19,4,173,173)
r(0,145,4,174,174)
r(672,0,4,175,175)
w(584,1,4,176,176)
r(34,2,4,177,177)
r(694,0,4,178,178)
r(5,24,4,179,179)
w(221,2,4,180,180)
w(127,3,4,181,181)
w(2,55,4,182,182)
r(85,0,4,183,183)
w(3,29,4,184,184)
w(1,71,4,185,185)
w(120,1,4,186,186)
r(4,30,4,187,187)
r(7,19,4,188,188)
w(6,20,4,189,189)
w(20,7,4,190,190)
r(3,29,4,191,191)
w(4,31,4,192,192)
r(12,13,4,193,193)
w(97,1,4,194,194)
r(0,145,4,195,195)
w(485,1,4,196,196)
w(2,56,4,197,197)
r(282,1,4,198,198)
r(563,2,4,199,199)
r(919,0,4,200,200)
r(539,0,4,201,201)
r(34,2,4,202,202)
w(0,146,4,203,203)
r(1,71,4,204,204)
r(5,24,4,205,205)
w(13,18,4,206,206)
r(58,4,4,207,207)
r(740,0,4,208,208)
r(735,0,4,209,209)
r(190,0,4,210,210)
w(18,7,4,211,211)
r(71,3,4,212,212)
r(82,1,4,213,213)
w(2,57,4,214,214)
r(881,0,4,215,215)
w(16,9,4,216,216)
r(72,1,4,217,217)
w(302,1,4,218,218)
r(304,1,4,219,219)
r(563,2,4,220,220)
w(15,3,4,221,221)
r(53,1,4,222,222)
w(5,25,4,223,223)
r(16,9,4,224,224)
w(331,2,4,225,225)
r(1,71,4,226,226)
w(23,10,4,227,227)
r(13,18,4,228,228)
r(23,10,4,229,229)
r(15,3,4,230,230)
w(5,26,4,231,231)
r(131,1,4,232,232)
r(14,8,4,233,233)
r(2,57,4,234,234)
w(176,4,4,235,235)
r(16,9,4,236,236)
w(35,8,4,237,237)
r(39,0,4,238,238)
w(17,6,4,239,239)
r(9,19,4,240,240)
r(8,14,4,241,241)
r(107,5,4,242,242)
r(1,71,4,243,243)
w(0,147,4,244,244)
r(28,4,4,245,245)
r(0,147,4,246,246)
w(583,1,4,247,247)
r(5,26,4,248,248)
w(21,7,4,249,249)
r(62,0,4,250,250)
r(0,147,4,251,251)
r(829,0,4,252,252)
w(506,2,4,253,253)
w(3,30,4,254,254)
w(87,3,4,255,255)
r(141,0,4,256,256)
r(977,0,4,257,257)
w(100,2,4,258,258)
w(0,148,4,259,259)
r(25,6,4,260,260)
w(0,149,4,261,261)
r(17,6,4,262,262)
w(0,150,4,263,263)
r(8,14,4,264,264)
w(201,1,4,265,265)
w(491,2,4,266,266)
w(75,4,4,267,267)
w(33,7,4,268,268)
w(0,151,4,269,269)
r(8,14,4,270,270)
r(96,1,4,271,271)
w(0,152,4,272,272)
r(3,30,4,273,273)
w(87,4,4,274,274)
r(0,152,4,275,275)
r(6,20,4,276,276)
r(81,0,4,277,277)
w(416,1,4,278,278)
r(188,0,4,279,279)
w(2,58,4,280,280)
r(746,0,4,281,281)
r(4,31,4,282,282)
w(708,1,4,283,283)
w(0,153,4,284,284)
w(235,2,4,285,285)
w(797,1,4,286,286)
w(451,2,4,287,287)
w(1,72,4,288,288)
w(1,73,4,289,289)
w(7,20,4,290,290)
w(472,1,4,291,291)
r(750,0,4,292,292)
r(0,153,4,293,293)
r(9,19,4,294,294)
r(959,1,4,295,295)
r(942,1,4,296,296)
r(31,5,4,297,297)
r(25,6,4,298,298)
w(491,3,4,299,299)
w(27,6,4,300,300)
r(4,31,4,301,301)
w(59,3,4,302,302)
r(90,1,4,303,303)
r(29,8,4,304,304)
w(169,1,4,305,305)
r(20,7,4,306,306)
w(45,4,4,307,307)
w(504,1,4,308,308)
w(0,154,4,309,309)
w(179,2,4,310,310)
w(56,4,4,311,311)
w(42,4,4,312,312)
w(29,9,4,313,313)
w(37,3,4,314,314)
w(0,155,4,315,315)
w(247,1,4,316,316)
r(21,7,4,317,317)
r(24,7,4,318,318)
r(0,155,4,319,319)
w(378,1,4,320,320)
r(119,1,4,321,321)
r(164,0,4,322,322)
w(26,11,4,323,323)
w(6,21,4,324,324)
r(6,21,4,325,325)
r(5,26,4,326,326)
w(7,21,4,327,327)
r(861,0,4,328,328)
r(5,26,4,329,329)
w(4,32,4,330,330)
w(3,31,4,331,331)
w(79,2,4,332,332)
w(5,27,4,333,333)
w(896,1,4,334,334)
r(716,0,4,335,335)
w(7,22,4,336,336)
w(133,1,4,337,337)
r(161,2,4,338,338)
w(4,33,4,339,339)
r(9,19,4,340,340)
r(23,10,4,341,341)
w(12,14,4,342,342)
w(26,12,4,343,343)
w(0,156,4,344,344)
r(1,73,4,345,345)
w(4,34,4,346,346)
w(669,1,4,347,347)
w(9,20,4,348,348)
w(256,1,4,349,349)
r(68,4,4,350,350)
w(0,157,4,351,351)
w(46,4,4,352,352)
w(628,1,4,353,353)
w(0,158,4,354,354)
r(478,0,4,355,355)
r(256,1,4,356,356)
r(3,31,4,357,357)
r(92,1,4,358,358)
r(61,2,4,359,359)
w(37,4,4,360,360)
r(7,22,4,361,361)
w(0,159,4,362,362)
w(144,3,4,363,363)
r(19,5,4,364,364)
w(13,19,4,365,365)
w(26,13,4,366,366)
r(1,73,4,367,367)
r(2,58,4,368,368)
r(248,0,4,369,369)
r(202,2,4,370,370)
w(491,4,4,371,371)
w(29,10,4,372,372)
w(126,2,4,373,373)
w(368,1,4,374,374)
r(0,159,4,375,375)
w(368,2,4,376,376)
w(1,74,4,377,377)
r(0,159,4,378,378)
w(0,160,4,379,379)
w(21,8,4,380,380)
r(369,0,4,381,381)
r(948,0,4,382,382)
r(340,1,4,383,383)
r(538,0,4,384,384)
r(96,1,4,385,385)
w(3,32,4,386,386)
r(0,160,4,387,387)
r(31,5,4,388,388)
r(654,0,4,389,389)
r(3,32,4,390,390)
r(165,0,4,391,391)
r(63,1,4,392,392)
r(661,0,4,393,393)
w(0,161,4,394,394)
w(610,1,4,395,395)
r(0,161,4,396,396)
w(22,9,4,397,397)
r(38,3,4,398,398)
w(20,8,4,399,399)
w(3,33,4,400,400)
w(0,162,4,401,401)
w(6,22,4,402,402)
r(661,0,4,403,403)
w(289,1,4,404,404)
w(0,163,4,405,405)
w(0,164,4,406,406)
r(277,0,4,407,407)
w(679,1,4,408,408)
r(10,14,4,409,409)
r(6,22,4,410,410)
r(864,0,4,411,411)
r(60,0,4,412,412)
r(0,164,4,413,413)
r(219,4,4,414,414)
w(32,2,4,415,415)
r(43,5,4,416,416)
w(220,4,4,417,417)
w(36,5,4,418,418)
w(193,1,4,419,419)
w(5,28,4,420,420)
r(3,33,4,421,421)
w(14,9,4,422,422)
r(62,0,4,423,423)
w(10,15,4,424,424)
w(35,9,4,425,425)
w(1,75,4,426,426)
r(0,164,4,427,427)
r(23,10,4,428,428)
r(315,0,4,429,429)
r(3,33,4,430,430)
r(63,1,4,431,431)
r(13,19,4,432,432)
w(4,35,4,433,433)
w(6,23,4,434,434)
r(179,2,4,435,435)
w(194,1,4,436,436)
w(70,3,4,437,437)
w(853,1,4,438,438)
w(355,2,4,439,439)
w(0,165,4,440,440)
w(343,1,4,441,441)
w(266,2,4,442,442)
r(14,9,4,443,443)
w(45,5,4,444,444)
r(143,0,4,445,445)
r(198,0,4,446,446)
r(6,23,4,447,447)
r(435,0,4,448,448)
w(0,166,4,449,449)
w(11,18,4,450,450)
r(0,166,4,451,451)
w(512,2,4,452,452)
r(2,58,4,453,453)
r(458,1,4,454,454)
w(172,1,4,455,455)
w(2,59,4,456,456)
r(2,59,4,457,457)
r(0,166,4,458,458)
w(0,167,4,459,459)
w(48,2,4,460,460)
w(0,168,4,461,461)
r(5,28,4,462,462)
r(9,20,4,463,463)
r(5,28,4,464,464)
w(49,3,4,465,465)
w(5,29,4,466,466)
r(87,4,4,467,467)
r(1,75,4,468,468)
r(1,75,4,469,469)
w(782,1,4,470,470)
r(3,33,4,471,471)
r(215,0,4,472,472)
r(10,15,4,473,473)
r(10,15,4,474,474)
w(6,24,4,475,475)
w(44,3,4,476,476)
r(390,0,4,477,477)
r(30,2,4,478,478)
r(0,168,4,479,479)
w(374,1,4,480,480)
w(5,30,4,481,481)
w(17,7,4,482,482)
r(0,168,4,483,483)
w(68,5,4,484,484)
r(553,0,4,485,485)
w(7,23,4,486,486)
r(331,2,4,487,487)
w(69,5,4,488,488)
r(500,0,4,489,489)
w(531,1,4,490,490)
r(23,10,4,491,491)
w(327,1,4,492,492)
w(3,34,4,493,493)
w(592,2,4,494,494)
r(20,8,4,495,495)
r(174,2,4,496,496)
r(0,168,4,497,497)
r(141,0,4,498,498)
r(263,2,4,499,499)
