r(85,0,0,0,0)
r(79,0,0,1,1)
r(77,0,0,2,2)
w(93,1,0,3,3)
r(53,0,0,4,4)
w(76,1,0,5,5)
r(0,0,0,6,6)
r(75,0,0,7,7)
r(37,0,0,8,8)
r(58,0,0,9,9)
w(73,1,0,10,10)
r(89,0,0,11,11)
r(62,0,0,12,12)
r(30,0,0,13,13)
r(20,0,0,14,14)
r(30,0,0,15,15)
r(79,0,0,16,16)
w(38,1,0,17,17)
r(57,0,0,18,18)
r(48,0,0,19,19)
r(27,0,0,20,20)
r(2,0,0,21,21)
r(28,0,0,22,22)
r(26,0,0,23,23)
r(18,0,0,24,24)
w(55,1,0,25,25)
r(42,0,0,26,26)
r(80,0,0,27,27)
r(52,0,0,28,28)
r(97,0,0,29,29)
r(3,0,0,30,30)
r(59,0,0,31,31)
r(97,0,0,32,32)
r(29,0,0,33,33)
r(8,0,0,34,34)
r(4,0,0,35,35)
r(16,0,0,36,36)
r(61,0,0,37,37)
r(68,0,0,38,38)
r(3,0,0,39,39)
r(44,0,0,40,40)
r(41,0,0,41,41)
r(76,1,0,42,42)
w(59,1,0,43,43)
r(95,0,0,44,44)
r(24,0,0,45,45)
r(45,0,0,46,46)
r(88,0,0,47,47)
w(83,1,0,48,48)
r(45,0,0,49,49)
r(45,0,0,50,50)
r(27,0,0,51,51)
r(79,0,0,52,52)
r(78,0,0,53,53)
r(37,0,0,54,54)
w(54,1,0,55,55)
r(68,0,0,56,56)
w(70,1,0,57,57)
w(54,2,0,58,58)
r(1,0,0,59,59)
r(15,0,0,60,60)
w(95,1,0,61,61)
r(12,0,0,62,62)
r(36,0,0,63,63)
r(50,0,0,64,64)
r(45,0,0,65,65)
r(42,0,0,66,66)
r(0,0,0,67,67)
w(9,1,0,68,68)
r(16,0,0,69,69)
r(40,0,0,70,70)
r(97,0,0,71,71)
r(64,0,0,72,72)
r(31,0,0,73,73)
r(88,0,0,74,74)
r(97,0,0,75,75)
r(58,0,0,76,76)
r(14,0,0,77,77)
r(35,0,0,78,78)
r(62,0,0,79,79)
r(41,0,0,80,80)
r(46,0,0,81,81)
r(28,0,0,82,82)
r(39,0,0,83,83)
r(15,0,0,84,84)
w(54,3,0,85,85)
w(70,2,0,86,86)
r(25,0,0,87,87)
w(24,1,0,88,88)
r(53,0,0,89,89)
r(5,0,0,90,90)
r(73,1,0,91,91)
r(40,0,0,92,92)
r(81,0,0,93,93)
w(76,2,0,94,94)
r(41,0,0,95,95)
w(55,2,0,96,96)
r(82,0,0,97,97)
r(86,0,0,98,98)
r(20,0,0,99,99)
r(4,0,0,100,100)
r(25,0,0,101,101)
r(54,3,0,102,102)
r(37,0,0,103,103)
r(91,0,0,104,104)
r(89,0,0,105,105)
r(31,0,0,106,106)
r(25,0,0,107,107)
r(25,0,0,108,108)
r(86,0,0,109,109)
w(7,1,0,110,110)
w(31,1,0,111,111)
r(28,0,0,112,112)
r(38,1,0,113,113)
r(66,0,0,114,114)
r(13,0,0,115,115)
r(59,1,0,116,116)
r(99,0,0,117,117)
r(11,0,0,118,118)
r(6,0,0,119,119)
r(71,0,0,120,120)
r(4,0,0,121,121)
r(93,1,0,122,122)
r(64,0,0,123,123)
r(22,0,0,124,124)
r(40,0,0,125,125)
w(54,4,0,126,126)
r(65,0,0,127,127)
r(0,0,0,128,128)
r(21,0,0,129,129)
r(28,0,0,130,130)
r(35,0,0,131,131)
r(49,0,0,132,132)
r(35,0,0,133,133)
w(4,1,0,134,134)
r(66,0,0,135,135)
r(52,0,0,136,136)
r(11,0,0,137,137)
r(7,1,0,138,138)
r(53,0,0,139,139)
r(83,1,0,140,140)
r(19,0,0,141,141)
r(51,0,0,142,142)
r(48,0,0,143,143)
r(13,0,0,144,144)
r(75,0,0,145,145)
r(10,0,0,146,146)
r(85,0,0,147,147)
r(14,0,0,148,148)
w(13,1,0,149,149)
r(68,0,0,150,150)
r(27,0,0,151,151)
r(97,0,0,152,152)
r(32,0,0,153,153)
r(19,0,0,154,154)
r(99,0,0,155,155)
r(23,0,0,156,156)
r(39,0,0,157,157)
r(11,0,0,158,158)
r(79,0,0,159,159)
r(99,0,0,160,160)
r(2,0,0,161,161)
r(89,0,0,162,162)
r(62,0,0,163,163)
r(28,0,0,164,164)
r(69,0,0,165,165)
w(71,1,0,166,166)
w(30,1,0,167,167)
r(34,0,0,168,168)
r(86,0,0,169,169)
r(73,1,0,170,170)
w(83,2,0,171,171)
r(99,0,0,172,172)
r(74,0,0,173,173)
w(33,1,0,174,174)
w(44,1,0,175,175)
r(96,0,0,176,176)
r(96,0,0,177,177)
r(28,0,0,178,178)
w(1,1,0,179,179)
r(82,0,0,180,180)
w(42,1,0,181,181)
r(87,0,0,182,182)
r(8,0,0,183,183)
r(92,0,0,184,184)
w(73,2,0,185,185)
w(7,2,0,186,186)
r(48,0,0,187,187)
r(62,0,0,188,188)
r(73,2,0,189,189)
r(21,0,0,190,190)
r(8,0,0,191,191)
r(1,1,0,192,192)
r(15,0,0,193,193)
r(22,0,0,194,194)
r(2,0,0,195,195)
w(98,1,0,196,196)
r(6,0,0,197,197)
r(22,0,0,198,198)
w(22,1,0,199,199)
w(38,2,0,200,200)
r(13,1,0,201,201)
r(72,0,0,202,202)
r(37,0,0,203,203)
r(48,0,0,204,204)
r(65,0,0,205,205)
r(4,1,0,206,206)
r(43,0,0,207,207)
r(66,0,0,208,208)
r(48,0,0,209,209)
r(85,0,0,210,210)
r(62,0,0,211,211)
r(81,0,0,212,212)
r(26,0,0,213,213)
r(1,1,0,214,214)
r(90,0,0,215,215)
r(52,0,0,216,216)
r(60,0,0,217,217)
w(76,3,0,218,218)
r(77,0,0,219,219)
r(71,1,0,220,220)
r(85,0,0,221,221)
r(99,0,0,222,222)
r(76,3,0,223,223)
r(86,0,0,224,224)
r(93,1,0,225,225)
w(63,1,0,226,226)
r(29,0,0,227,227)
r(61,0,0,228,228)
r(43,0,0,229,229)
r(87,0,0,230,230)
r(39,0,0,231,231)
r(92,0,0,232,232)
r(63,1,0,233,233)
r(88,0,0,234,234)
r(26,0,0,235,235)
w(23,1,0,236,236)
r(47,0,0,237,237)
w(1,2,0,238,238)
w(19,1,0,239,239)
r(40,0,0,240,240)
r(44,1,0,241,241)
r(76,3,0,242,242)
r(68,0,0,243,243)
r(14,0,0,244,244)
r(50,0,0,245,245)
r(67,0,0,246,246)
r(52,0,0,247,247)
r(18,0,0,248,248)
r(31,1,0,249,249)
r(63,1,0,250,250)
r(74,0,0,251,251)
r(22,1,0,252,252)
r(55,2,0,253,253)
r(42,1,0,254,254)
w(4,2,0,255,255)
r(46,0,0,256,256)
w(95,2,0,257,257)
r(41,0,0,258,258)
w(86,1,0,259,259)
r(67,0,0,260,260)
r(90,0,0,261,261)
r(1,2,0,262,262)
r(83,2,0,263,263)
w(78,1,0,264,264)
r(52,0,0,265,265)
r(47,0,0,266,266)
r(13,1,0,267,267)
w(61,1,0,268,268)
r(57,0,0,269,269)
r(8,0,0,270,270)
r(18,0,0,271,271)
r(67,0,0,272,272)
r(85,0,0,273,273)
r(50,0,0,274,274)
r(28,0,0,275,275)
r(51,0,0,276,276)
r(35,0,0,277,277)
w(18,1,0,278,278)
w(58,1,0,279,279)
w(33,2,0,280,280)
r(44,1,0,281,281)
w(86,2,0,282,282)
r(40,0,0,283,283)
r(63,1,0,284,284)
r(76,3,0,285,285)
r(18,1,0,286,286)
r(48,0,0,287,287)
r(78,1,0,288,288)
r(17,0,0,289,289)
r(85,0,0,290,290)
r(9,1,0,291,291)
w(79,1,0,292,292)
r(44,1,0,293,293)
r(7,2,0,294,294)
r(31,1,0,295,295)
r(12,0,0,296,296)
r(95,2,0,297,297)
r(49,0,0,298,298)
r(79,1,0,299,299)
r(94,0,0,300,300)
r(7,2,0,301,301)
r(71,1,0,302,302)
r(41,0,0,303,303)
r(80,0,0,304,304)
r(58,1,0,305,305)
r(99,0,0,306,306)
r(3,0,0,307,307)
r(92,0,0,308,308)
r(7,2,0,309,309)
r(71,1,0,310,310)
r(52,0,0,311,311)
r(58,1,0,312,312)
w(31,2,0,313,313)
r(27,0,0,314,314)
r(55,2,0,315,315)
r(68,0,0,316,316)
r(23,1,0,317,317)
r(84,0,0,318,318)
r(19,1,0,319,319)
r(34,0,0,320,320)
w(78,2,0,321,321)
r(40,0,0,322,322)
r(12,0,0,323,323)
r(58,1,0,324,324)
r(81,0,0,325,325)
r(64,0,0,326,326)
r(13,1,0,327,327)
r(16,0,0,328,328)
w(83,3,0,329,329)
r(36,0,0,330,330)
r(65,0,0,331,331)
r(68,0,0,332,332)
r(70,2,0,333,333)
r(26,0,0,334,334)
r(37,0,0,335,335)
r(42,1,0,336,336)
r(48,0,0,337,337)
r(27,0,0,338,338)
r(36,0,0,339,339)
r(36,0,0,340,340)
r(61,1,0,341,341)
w(14,1,0,342,342)
w(63,2,0,343,343)
r(44,1,0,344,344)
r(93,1,0,345,345)
r(92,0,0,346,346)
r(79,1,0,347,347)
r(44,1,0,348,348)
r(78,2,0,349,349)
r(49,0,0,350,350)
r(86,2,0,351,351)
r(73,2,0,352,352)
r(74,0,0,353,353)
r(83,3,0,354,354)
w(64,1,0,355,355)
w(62,1,0,356,356)
r(74,0,0,357,357)
r(72,0,0,358,358)
r(79,1,0,359,359)
r(15,0,0,360,360)
r(29,0,0,361,361)
r(88,0,0,362,362)
r(42,1,0,363,363)
r(52,0,0,364,364)
r(23,1,0,365,365)
w(80,1,0,366,366)
r(49,0,0,367,367)
r(18,1,0,368,368)
r(33,2,0,369,369)
w(16,1,0,370,370)
r(47,0,0,371,371)
r(20,0,0,372,372)
r(97,0,0,373,373)
r(18,1,0,374,374)
w(19,2,0,375,375)
r(4,2,0,376,376)
r(5,0,0,377,377)
r(55,2,0,378,378)
r(53,0,0,379,379)
r(62,1,0,380,380)
w(75,1,0,381,381)
r(64,1,0,382,382)
r(21,0,0,383,383)
r(5,0,0,384,384)
w(63,3,0,385,385)
r(20,0,0,386,386)
w(10,1,0,387,387)
r(9,1,0,388,388)
w(96,1,0,389,389)
r(50,0,0,390,390)
r(58,1,0,391,391)
r(3,0,0,392,392)
r(77,0,0,393,393)
r(76,3,0,394,394)
w(99,1,0,395,395)
w(3,1,0,396,396)
r(0,0,0,397,397)
r(8,0,0,398,398)
r(41,0,0,399,399)
r(69,0,0,400,400)
r(77,0,0,401,401)
r(10,1,0,402,402)
r(77,0,0,403,403)
r(6,0,0,404,404)
r(74,0,0,405,405)
r(33,2,0,406,406)
r(40,0,0,407,407)
w(58,2,0,408,408)
w(72,1,0,409,409)
w(53,1,0,410,410)
r(2,0,0,411,411)
r(37,0,0,412,412)
r(11,0,0,413,413)
r(76,3,0,414,414)
r(14,1,0,415,415)
r(35,0,0,416,416)
r(62,1,0,417,417)
r(66,0,0,418,418)
r(92,0,0,419,419)
r(66,0,0,420,420)
r(19,2,0,421,421)
r(87,0,0,422,422)
r(75,1,0,423,423)
r(71,1,0,424,424)
r(54,4,0,425,425)
r(40,0,0,426,426)
r(87,0,0,427,427)
r(39,0,0,428,428)
w(58,3,0,429,429)
r(58,3,0,430,430)
r(1,2,0,431,431)
r(14,1,0,432,432)
r(51,0,0,433,433)
r(9,1,0,434,434)
r(61,1,0,435,435)
r(21,0,0,436,436)
r(88,0,0,437,437)
r(1,2,0,438,438)
r(64,1,0,439,439)
r(9,1,0,440,440)
r(91,0,0,441,441)
r(2,0,0,442,442)
r(57,0,0,443,443)
w(79,2,0,444,444)
r(14,1,0,445,445)
r(30,1,0,446,446)
r(44,1,0,447,447)
r(31,2,0,448,448)
r(20,0,0,449,449)
r(40,0,0,450,450)
r(28,0,0,451,451)
r(57,0,0,452,452)
w(87,1,0,453,453)
r(42,1,0,454,454)
r(78,2,0,455,455)
r(66,0,0,456,456)
r(57,0,0,457,457)
r(53,1,0,458,458)
r(27,0,0,459,459)
r(85,0,0,460,460)
r(28,0,0,461,461)
r(97,0,0,462,462)
r(66,0,0,463,463)
r(99,1,0,464,464)
r(52,0,0,465,465)
r(27,0,0,466,466)
w(78,3,0,467,467)
r(48,0,0,468,468)
r(88,0,0,469,469)
r(2,0,0,470,470)
r(59,1,0,471,471)
r(19,2,0,472,472)
r(35,0,0,473,473)
r(20,0,0,474,474)
r(88,0,0,475,475)
r(87,1,0,476,476)
r(13,1,0,477,477)
r(84,0,0,478,478)
r(64,1,0,479,479)
r(73,2,0,480,480)
r(42,1,0,481,481)
r(89,0,0,482,482)
r(82,0,0,483,483)
r(86,2,0,484,484)
r(24,1,0,485,485)
r(50,0,0,486,486)
r(8,0,0,487,487)
r(6,0,0,488,488)
r(85,0,0,489,489)
r(81,0,0,490,490)
r(33,2,0,491,491)
r(45,0,0,492,492)
r(83,3,0,493,493)
r(15,0,0,494,494)
w(12,1,0,495,495)
r(77,0,0,496,496)
r(52,0,0,497,497)
r(31,2,0,498,498)
r(58,3,0,499,499)
w(90,1,1,0,0)
r(20,0,1,1,1)
r(33,2,1,2,2)
r(17,0,1,3,3)
w(45,1,1,4,4)
r(90,1,1,5,5)
w(33,3,1,6,6)
r(60,0,1,7,7)
r(0,0,1,8,8)
r(49,0,1,9,9)
r(78,3,1,10,10)
r(60,0,1,11,11)
r(7,2,1,12,12)
r(53,1,1,13,13)
r(69,0,1,14,14)
r(39,0,1,15,15)
r(80,1,1,16,16)
r(12,1,1,17,17)
r(87,1,1,18,18)
r(69,0,1,19,19)
r(5,0,1,20,20)
r(99,1,1,21,21)
w(6,1,1,22,22)
r(66,0,1,23,23)
r(5,0,1,24,24)
r(81,0,1,25,25)
r(48,0,1,26,26)
r(64,1,1,27,27)
r(66,0,1,28,28)
r(46,0,1,29,29)
r(15,0,1,30,30)
r(54,4,1,31,31)
r(53,1,1,32,32)
r(33,3,1,33,33)
r(90,1,1,34,34)
r(81,0,1,35,35)
r(93,1,1,36,36)
r(82,0,1,37,37)
r(59,1,1,38,38)
r(63,3,1,39,39)
r(79,2,1,40,40)
r(15,0,1,41,41)
r(25,0,1,42,42)
r(67,0,1,43,43)
r(94,0,1,44,44)
r(36,0,1,45,45)
r(3,1,1,46,46)
r(86,2,1,47,47)
r(74,0,1,48,48)
r(11,0,1,49,49)
r(78,3,1,50,50)
r(36,0,1,51,51)
r(46,0,1,52,52)
w(14,2,1,53,53)
r(85,0,1,54,54)
r(13,1,1,55,55)
r(99,1,1,56,56)
r(78,3,1,57,57)
r(79,2,1,58,58)
r(55,2,1,59,59)
r(53,1,1,60,60)
r(83,3,1,61,61)
r(62,1,1,62,62)
r(81,0,1,63,63)
r(81,0,1,64,64)
r(52,0,1,65,65)
r(34,0,1,66,66)
r(99,1,1,67,67)
w(29,1,1,68,68)
r(25,0,1,69,69)
r(74,0,1,70,70)
r(58,3,1,71,71)
r(19,2,1,72,72)
r(77,0,1,73,73)
r(93,1,1,74,74)
r(95,2,1,75,75)
r(26,0,1,76,76)
r(34,0,1,77,77)
r(55,2,1,78,78)
r(53,1,1,79,79)
r(34,0,1,80,80)
r(88,0,1,81,81)
r(65,0,1,82,82)
w(91,1,1,83,83)
r(17,0,1,84,84)
r(52,0,1,85,85)
r(32,0,1,86,86)
w(81,1,1,87,87)
r(98,1,1,88,88)
r(81,1,1,89,89)
r(85,0,1,90,90)
r(88,0,1,91,91)
r(96,1,1,92,92)
r(92,0,1,93,93)
r(40,0,1,94,94)
r(6,1,1,95,95)
w(75,2,1,96,96)
r(89,0,1,97,97)
r(91,1,1,98,98)
r(41,0,1,99,99)
r(59,1,1,100,100)
r(89,0,1,101,101)
r(52,0,1,102,102)
r(19,2,1,103,103)
r(87,1,1,104,104)
r(93,1,1,105,105)
r(30,1,1,106,106)
r(51,0,1,107,107)
r(29,1,1,108,108)
r(32,0,1,109,109)
r(81,1,1,110,110)
r(45,1,1,111,111)
r(5,0,1,112,112)
r(36,0,1,113,113)
r(52,0,1,114,114)
r(24,1,1,115,115)
r(51,0,1,116,116)
r(74,0,1,117,117)
r(51,0,1,118,118)
r(97,0,1,119,119)
w(77,1,1,120,120)
r(80,1,1,121,121)
r(73,2,1,122,122)
r(96,1,1,123,123)
r(34,0,1,124,124)
r(3,1,1,125,125)
r(76,3,1,126,126)
r(69,0,1,127,127)
w(62,2,1,128,128)
r(53,1,1,129,129)
r(34,0,1,130,130)
r(77,1,1,131,131)
r(70,2,1,132,132)
r(8,0,1,133,133)
r(21,0,1,134,134)
r(39,0,1,135,135)
w(84,1,1,136,136)
r(82,0,1,137,137)
r(54,4,1,138,138)
r(49,0,1,139,139)
r(28,0,1,140,140)
r(90,1,1,141,141)
r(5,0,1,142,142)
r(55,2,1,143,143)
r(29,1,1,144,144)
r(70,2,1,145,145)
r(26,0,1,146,146)
r(74,0,1,147,147)
r(74,0,1,148,148)
r(73,2,1,149,149)
w(5,1,1,150,150)
r(21,0,1,151,151)
r(76,3,1,152,152)
r(55,2,1,153,153)
r(92,0,1,154,154)
r(11,0,1,155,155)
r(27,0,1,156,156)
r(62,2,1,157,157)
r(97,0,1,158,158)
r(44,1,1,159,159)
r(62,2,1,160,160)
r(77,1,1,161,161)
r(35,0,1,162,162)
r(67,0,1,163,163)
r(71,1,1,164,164)
r(31,2,1,165,165)
r(31,2,1,166,166)
r(19,2,1,167,167)
w(86,3,1,168,168)
w(60,1,1,169,169)
r(88,0,1,170,170)
w(67,1,1,171,171)
r(45,1,1,172,172)
r(54,4,1,173,173)
w(21,1,1,174,174)
r(20,0,1,175,175)
r(97,0,1,176,176)
w(15,1,1,177,177)
r(29,1,1,178,178)
r(17,0,1,179,179)
r(18,1,1,180,180)
r(31,2,1,181,181)
r(72,1,1,182,182)
r(12,1,1,183,183)
r(87,1,1,184,184)
r(13,1,1,185,185)
r(35,0,1,186,186)
r(87,1,1,187,187)
r(78,3,1,188,188)
r(27,0,1,189,189)
r(85,0,1,190,190)
r(27,0,1,191,191)
r(58,3,1,192,192)
r(33,3,1,193,193)
r(42,1,1,194,194)
r(29,1,1,195,195)
r(71,1,1,196,196)
r(33,3,1,197,197)
r(3,1,1,198,198)
r(13,1,1,199,199)
r(62,2,1,200,200)
w(61,2,1,201,201)
r(4,2,1,202,202)
r(17,0,1,203,203)
r(73,2,1,204,204)
r(36,0,1,205,205)
r(25,0,1,206,206)
r(92,0,1,207,207)
w(32,1,1,208,208)
r(11,0,1,209,209)
r(18,1,1,210,210)
r(2,0,1,211,211)
r(99,1,1,212,212)
r(6,1,1,213,213)
r(80,1,1,214,214)
r(86,3,1,215,215)
r(2,0,1,216,216)
r(23,1,1,217,217)
r(71,1,1,218,218)
r(28,0,1,219,219)
r(41,0,1,220,220)
r(9,1,1,221,221)
r(12,1,1,222,222)
r(12,1,1,223,223)
r(29,1,1,224,224)
r(68,0,1,225,225)
r(5,1,1,226,226)
w(11,1,1,227,227)
r(98,1,1,228,228)
r(54,4,1,229,229)
w(9,2,1,230,230)
r(98,1,1,231,231)
r(86,3,1,232,232)
r(70,2,1,233,233)
r(49,0,1,234,234)
r(23,1,1,235,235)
r(4,2,1,236,236)
r(35,0,1,237,237)
r(79,2,1,238,238)
r(54,4,1,239,239)
r(3,1,1,240,240)
w(21,2,1,241,241)
r(13,1,1,242,242)
r(65,0,1,243,243)
r(76,3,1,244,244)
r(82,0,1,245,245)
r(9,2,1,246,246)
r(97,0,1,247,247)
r(15,1,1,248,248)
r(56,0,1,249,249)
r(17,0,1,250,250)
r(21,2,1,251,251)
r(77,1,1,252,252)
r(71,1,1,253,253)
r(7,2,1,254,254)
r(73,2,1,255,255)
r(68,0,1,256,256)
r(41,0,1,257,257)
r(34,0,1,258,258)
r(82,0,1,259,259)
r(49,0,1,260,260)
r(74,0,1,261,261)
r(65,0,1,262,262)
w(69,1,1,263,263)
r(34,0,1,264,264)
r(41,0,1,265,265)
r(76,3,1,266,266)
r(62,2,1,267,267)
w(47,1,1,268,268)
r(13,1,1,269,269)
w(30,2,1,270,270)
r(81,1,1,271,271)
w(21,3,1,272,272)
r(48,0,1,273,273)
r(44,1,1,274,274)
r(61,2,1,275,275)
r(68,0,1,276,276)
r(54,4,1,277,277)
r(11,1,1,278,278)
r(96,1,1,279,279)
r(77,1,1,280,280)
r(83,3,1,281,281)
r(31,2,1,282,282)
w(65,1,1,283,283)
r(19,2,1,284,284)
r(21,3,1,285,285)
r(12,1,1,286,286)
w(91,2,1,287,287)
r(73,2,1,288,288)
r(95,2,1,289,289)
r(99,1,1,290,290)
r(91,2,1,291,291)
r(41,0,1,292,292)
r(26,0,1,293,293)
w(62,3,1,294,294)
r(63,3,1,295,295)
r(84,1,1,296,296)
r(94,0,1,297,297)
w(21,4,1,298,298)
r(2,0,1,299,299)
r(66,0,1,300,300)
r(43,0,1,301,301)
r(89,0,1,302,302)
r(42,1,1,303,303)
r(34,0,1,304,304)
w(8,1,1,305,305)
r(56,0,1,306,306)
r(99,1,1,307,307)
r(83,3,1,308,308)
r(45,1,1,309,309)
r(23,1,1,310,310)
r(59,1,1,311,311)
w(27,1,1,312,312)
r(37,0,1,313,313)
r(33,3,1,314,314)
r(93,1,1,315,315)
w(45,2,1,316,316)
r(38,2,1,317,317)
r(81,1,1,318,318)
r(28,0,1,319,319)
r(6,1,1,320,320)
r(91,2,1,321,321)
r(36,0,1,322,322)
w(94,1,1,323,323)
r(82,0,1,324,324)
r(16,1,1,325,325)
w(53,2,1,326,326)
r(43,0,1,327,327)
w(81,2,1,328,328)
r(56,0,1,329,329)
r(6,1,1,330,330)
r(5,1,1,331,331)
r(93,1,1,332,332)
r(90,1,1,333,333)
r(12,1,1,334,334)
r(12,1,1,335,335)
r(93,1,1,336,336)
r(23,1,1,337,337)
r(76,3,1,338,338)
r(6,1,1,339,339)
r(37,0,1,340,340)
r(48,0,1,341,341)
r(93,1,1,342,342)
r(43,0,1,343,343)
r(70,2,1,344,344)
r(6,1,1,345,345)
r(18,1,1,346,346)
r(88,0,1,347,347)
r(23,1,1,348,348)
r(23,1,1,349,349)
r(75,2,1,350,350)
r(3,1,1,351,351)
r(34,0,1,352,352)
r(16,1,1,353,353)
r(31,2,1,354,354)
r(22,1,1,355,355)
r(25,0,1,356,356)
r(70,2,1,357,357)
r(44,1,1,358,358)
r(78,3,1,359,359)
w(63,4,1,360,360)
r(69,1,1,361,361)
r(93,1,1,362,362)
r(44,1,1,363,363)
r(25,0,1,364,364)
r(29,1,1,365,365)
r(10,1,1,366,366)
r(43,0,1,367,367)
r(65,1,1,368,368)
r(54,4,1,369,369)
r(2,0,1,370,370)
r(56,0,1,371,371)
w(36,1,1,372,372)
r(37,0,1,373,373)
r(10,1,1,374,374)
r(58,3,1,375,375)
r(4,2,1,376,376)
r(24,1,1,377,377)
r(54,4,1,378,378)
r(52,0,1,379,379)
r(46,0,1,380,380)
r(49,0,1,381,381)
r(50,0,1,382,382)
r(68,0,1,383,383)
r(42,1,1,384,384)
r(37,0,1,385,385)
r(50,0,1,386,386)
r(20,0,1,387,387)
r(81,2,1,388,388)
r(65,1,1,389,389)
r(68,0,1,390,390)
r(84,1,1,391,391)
r(20,0,1,392,392)
r(90,1,1,393,393)
r(20,0,1,394,394)
w(70,3,1,395,395)
r(2,0,1,396,396)
r(50,0,1,397,397)
r(63,4,1,398,398)
r(55,2,1,399,399)
r(61,2,1,400,400)
r(1,2,1,401,401)
r(12,1,1,402,402)
r(88,0,1,403,403)
r(87,1,1,404,404)
r(52,0,1,405,405)
r(26,0,1,406,406)
r(69,1,1,407,407)
r(53,2,1,408,408)
r(89,0,1,409,409)
r(91,2,1,410,410)
r(1,2,1,411,411)
r(60,1,1,412,412)
r(6,1,1,413,413)
r(76,3,1,414,414)
r(27,1,1,415,415)
r(19,2,1,416,416)
r(6,1,1,417,417)
r(83,3,1,418,418)
r(72,1,1,419,419)
r(59,1,1,420,420)
r(61,2,1,421,421)
r(37,0,1,422,422)
r(50,0,1,423,423)
r(45,2,1,424,424)
r(88,0,1,425,425)
r(70,3,1,426,426)
r(65,1,1,427,427)
r(57,0,1,428,428)
w(57,1,1,429,429)
r(81,2,1,430,430)
r(22,1,1,431,431)
r(87,1,1,432,432)
r(35,0,1,433,433)
r(97,0,1,434,434)
r(83,3,1,435,435)
r(53,2,1,436,436)
r(66,0,1,437,437)
w(92,1,1,438,438)
r(80,1,1,439,439)
r(52,0,1,440,440)
r(23,1,1,441,441)
r(85,0,1,442,442)
r(76,3,1,443,443)
r(99,1,1,444,444)
w(50,1,1,445,445)
r(15,1,1,446,446)
r(84,1,1,447,447)
w(21,5,1,448,448)
r(59,1,1,449,449)
r(97,0,1,450,450)
r(47,1,1,451,451)
r(82,0,1,452,452)
r(28,0,1,453,453)
r(47,1,1,454,454)
r(92,1,1,455,455)
r(42,1,1,456,456)
w(36,2,1,457,457)
r(55,2,1,458,458)
r(93,1,1,459,459)
r(63,4,1,460,460)
r(49,0,1,461,461)
r(37,0,1,462,462)
w(45,3,1,463,463)
r(17,0,1,464,464)
r(17,0,1,465,465)
w(97,1,1,466,466)
r(97,1,1,467,467)
r(93,1,1,468,468)
r(93,1,1,469,469)
w(55,3,1,470,470)
r(1,2,1,471,471)
r(20,0,1,472,472)
r(92,1,1,473,473)
r(10,1,1,474,474)
r(15,1,1,475,475)
r(25,0,1,476,476)
r(26,0,1,477,477)
r(95,2,1,478,478)
w(15,2,1,479,479)
r(8,1,1,480,480)
r(86,3,1,481,481)
r(29,1,1,482,482)
r(20,0,1,483,483)
r(0,0,1,484,484)
r(73,2,1,485,485)
r(87,1,1,486,486)
r(32,1,1,487,487)
r(99,1,1,488,488)
w(18,2,1,489,489)
r(30,2,1,490,490)
r(40,0,1,491,491)
w(50,2,1,492,492)
r(60,1,1,493,493)
r(62,3,1,494,494)
r(76,3,1,495,495)
r(30,2,1,496,496)
r(78,3,1,497,497)
r(89,0,1,498,498)
r(44,1,1,499,499)
r(33,3,2,0,0)
w(6,2,2,1,1)
r(48,0,2,2,2)
r(96,1,2,3,3)
r(27,1,2,4,4)
w(22,2,2,5,5)
r(7,2,2,6,6)
r(64,1,2,7,7)
r(76,3,2,8,8)
r(10,1,2,9,9)
r(62,3,2,10,10)
r(31,2,2,11,11)
r(74,0,2,12,12)
r(84,1,2,13,13)
r(52,0,2,14,14)
r(10,1,2,15,15)
r(81,2,2,16,16)
r(1,2,2,17,17)
r(53,2,2,18,18)
r(45,3,2,19,19)
r(92,1,2,20,20)
r(72,1,2,21,21)
r(26,0,2,22,22)
r(32,1,2,23,23)
r(5,1,2,24,24)
r(33,3,2,25,25)
r(86,3,2,26,26)
r(3,1,2,27,27)
r(21,5,2,28,28)
r(14,2,2,29,29)
r(0,0,2,30,30)
r(99,1,2,31,31)
r(90,1,2,32,32)
w(64,2,2,33,33)
r(50,2,2,34,34)
r(63,4,2,35,35)
r(14,2,2,36,36)
r(60,1,2,37,37)
r(51,0,2,38,38)
r(18,2,2,39,39)
r(22,2,2,40,40)
r(2,0,2,41,41)
r(43,0,2,42,42)
r(55,3,2,43,43)
r(38,2,2,44,44)
w(45,4,2,45,45)
w(13,2,2,46,46)
r(56,0,2,47,47)
r(9,2,2,48,48)
r(70,3,2,49,49)
r(88,0,2,50,50)
w(20,1,2,51,51)
r(88,0,2,52,52)
r(69,1,2,53,53)
r(71,1,2,54,54)
r(93,1,2,55,55)
r(52,0,2,56,56)
r(15,2,2,57,57)
r(72,1,2,58,58)
r(87,1,2,59,59)
r(65,1,2,60,60)
r(69,1,2,61,61)
r(99,1,2,62,62)
w(34,1,2,63,63)
r(81,2,2,64,64)
r(21,5,2,65,65)
w(54,5,2,66,66)
r(1,2,2,67,67)
w(35,1,2,68,68)
r(40,0,2,69,69)
r(96,1,2,70,70)
w(74,1,2,71,71)
r(29,1,2,72,72)
r(93,1,2,73,73)
r(66,0,2,74,74)
r(72,1,2,75,75)
r(46,0,2,76,76)
r(73,2,2,77,77)
r(8,1,2,78,78)
r(63,4,2,79,79)
r(96,1,2,80,80)
r(18,2,2,81,81)
r(9,2,2,82,82)
r(50,2,2,83,83)
r(76,3,2,84,84)
r(39,0,2,85,85)
r(24,1,2,86,86)
r(38,2,2,87,87)
r(19,2,2,88,88)
r(32,1,2,89,89)
r(81,2,2,90,90)
r(31,2,2,91,91)
r(32,1,2,92,92)
r(51,0,2,93,93)
r(36,2,2,94,94)
r(26,0,2,95,95)
r(78,3,2,96,96)
r(12,1,2,97,97)
r(96,1,2,98,98)
r(49,0,2,99,99)
r(52,0,2,100,100)
r(81,2,2,101,101)
r(9,2,2,102,102)
r(24,1,2,103,103)
r(86,3,2,104,104)
r(54,5,2,105,105)
r(26,0,2,106,106)
r(33,3,2,107,107)
r(92,1,2,108,108)
r(9,2,2,109,109)
w(8,2,2,110,110)
r(17,0,2,111,111)
r(23,1,2,112,112)
w(0,1,2,113,113)
r(7,2,2,114,114)
r(8,2,2,115,115)
r(46,0,2,116,116)
r(41,0,2,117,117)
r(5,1,2,118,118)
r(78,3,2,119,119)
r(58,3,2,120,120)
r(27,1,2,121,121)
r(95,2,2,122,122)
r(14,2,2,123,123)
w(4,3,2,124,124)
r(3,1,2,125,125)
r(56,0,2,126,126)
r(21,5,2,127,127)
w(86,4,2,128,128)
r(28,0,2,129,129)
w(20,2,2,130,130)
r(38,2,2,131,131)
r(52,0,2,132,132)
r(28,0,2,133,133)
r(86,4,2,134,134)
r(69,1,2,135,135)
r(16,1,2,136,136)
w(13,3,2,137,137)
r(48,0,2,138,138)
r(79,2,2,139,139)
r(8,2,2,140,140)
r(66,0,2,141,141)
r(38,2,2,142,142)
r(52,0,2,143,143)
r(12,1,2,144,144)
r(44,1,2,145,145)
r(37,0,2,146,146)
r(72,1,2,147,147)
r(90,1,2,148,148)
r(42,1,2,149,149)
r(24,1,2,150,150)
r(36,2,2,151,151)
r(70,3,2,152,152)
r(10,1,2,153,153)
r(79,2,2,154,154)
r(51,0,2,155,155)
w(16,2,2,156,156)
r(58,3,2,157,157)
r(56,0,2,158,158)
r(70,3,2,159,159)
w(95,3,2,160,160)
r(96,1,2,161,161)
r(20,2,2,162,162)
r(88,0,2,163,163)
r(13,3,2,164,164)
r(68,0,2,165,165)
r(11,1,2,166,166)
r(64,2,2,167,167)
r(80,1,2,168,168)
r(25,0,2,169,169)
r(71,1,2,170,170)
r(52,0,2,171,171)
w(1,3,2,172,172)
r(19,2,2,173,173)
w(16,3,2,174,174)
r(90,1,2,175,175)
r(72,1,2,176,176)
r(26,0,2,177,177)
r(32,1,2,178,178)
r(4,3,2,179,179)
w(41,1,2,180,180)
r(31,2,2,181,181)
r(27,1,2,182,182)
r(98,1,2,183,183)
r(81,2,2,184,184)
r(75,2,2,185,185)
r(30,2,2,186,186)
r(65,1,2,187,187)
r(85,0,2,188,188)
r(86,4,2,189,189)
r(50,2,2,190,190)
r(96,1,2,191,191)
r(19,2,2,192,192)
w(96,2,2,193,193)
r(90,1,2,194,194)
r(93,1,2,195,195)
r(33,3,2,196,196)
r(31,2,2,197,197)
r(60,1,2,198,198)
r(10,1,2,199,199)
r(22,2,2,200,200)
r(43,0,2,201,201)
r(80,1,2,202,202)
r(42,1,2,203,203)
r(11,1,2,204,204)
r(8,2,2,205,205)
r(28,0,2,206,206)
r(17,0,2,207,207)
r(32,1,2,208,208)
r(39,0,2,209,209)
r(55,3,2,210,210)
r(58,3,2,211,211)
r(69,1,2,212,212)
r(11,1,2,213,213)
r(35,1,2,214,214)
r(38,2,2,215,215)
r(94,1,2,216,216)
r(4,3,2,217,217)
r(17,0,2,218,218)
r(22,2,2,219,219)
r(18,2,2,220,220)
r(92,1,2,221,221)
r(76,3,2,222,222)
r(66,0,2,223,223)
r(54,5,2,224,224)
r(14,2,2,225,225)
r(69,1,2,226,226)
w(56,1,2,227,227)
r(31,2,2,228,228)
r(64,2,2,229,229)
r(70,3,2,230,230)
r(49,0,2,231,231)
r(8,2,2,232,232)
r(58,3,2,233,233)
r(48,0,2,234,234)
r(92,1,2,235,235)
r(41,1,2,236,236)
r(1,3,2,237,237)
r(54,5,2,238,238)
r(13,3,2,239,239)
r(46,0,2,240,240)
r(46,0,2,241,241)
r(14,2,2,242,242)
r(86,4,2,243,243)
r(80,1,2,244,244)
r(75,2,2,245,245)
w(91,3,2,246,246)
r(27,1,2,247,247)
r(88,0,2,248,248)
r(27,1,2,249,249)
r(87,1,2,250,250)
r(54,5,2,251,251)
r(27,1,2,252,252)
r(52,0,2,253,253)
r(15,2,2,254,254)
r(17,0,2,255,255)
r(84,1,2,256,256)
r(96,2,2,257,257)
r(39,0,2,258,258)
r(7,2,2,259,259)
r(48,0,2,260,260)
r(19,2,2,261,261)
r(28,0,2,262,262)
r(97,1,2,263,263)
r(5,1,2,264,264)
w(6,3,2,265,265)
r(93,1,2,266,266)
r(22,2,2,267,267)
r(17,0,2,268,268)
w(19,3,2,269,269)
r(95,3,2,270,270)
r(20,2,2,271,271)
r(52,0,2,272,272)
w(43,1,2,273,273)
w(38,3,2,274,274)
w(16,4,2,275,275)
r(83,3,2,276,276)
r(87,1,2,277,277)
r(52,0,2,278,278)
r(82,0,2,279,279)
r(80,1,2,280,280)
r(63,4,2,281,281)
r(57,1,2,282,282)
r(96,2,2,283,283)
r(65,1,2,284,284)
r(74,1,2,285,285)
r(66,0,2,286,286)
r(92,1,2,287,287)
w(89,1,2,288,288)
r(27,1,2,289,289)
r(65,1,2,290,290)
r(37,0,2,291,291)
r(79,2,2,292,292)
w(40,1,2,293,293)
r(28,0,2,294,294)
w(2,1,2,295,295)
r(53,2,2,296,296)
r(50,2,2,297,297)
r(43,1,2,298,298)
r(14,2,2,299,299)
r(20,2,2,300,300)
r(48,0,2,301,301)
r(23,1,2,302,302)
r(26,0,2,303,303)
r(82,0,2,304,304)
r(0,1,2,305,305)
r(71,1,2,306,306)
r(70,3,2,307,307)
r(25,0,2,308,308)
r(34,1,2,309,309)
r(99,1,2,310,310)
r(24,1,2,311,311)
r(78,3,2,312,312)
r(25,0,2,313,313)
r(50,2,2,314,314)
r(21,5,2,315,315)
w(94,2,2,316,316)
r(77,1,2,317,317)
r(17,0,2,318,318)
r(22,2,2,319,319)
r(77,1,2,320,320)
r(50,2,2,321,321)
r(66,0,2,322,322)
r(91,3,2,323,323)
r(3,1,2,324,324)
r(90,1,2,325,325)
w(92,2,2,326,326)
r(14,2,2,327,327)
r(23,1,2,328,328)
r(46,0,2,329,329)
r(77,1,2,330,330)
w(81,3,2,331,331)
r(77,1,2,332,332)
r(11,1,2,333,333)
r(58,3,2,334,334)
w(93,2,2,335,335)
r(86,4,2,336,336)
r(42,1,2,337,337)
r(45,4,2,338,338)
r(7,2,2,339,339)
r(63,4,2,340,340)
r(80,1,2,341,341)
r(30,2,2,342,342)
r(93,2,2,343,343)
r(86,4,2,344,344)
r(68,0,2,345,345)
r(69,1,2,346,346)
r(42,1,2,347,347)
r(57,1,2,348,348)
r(19,3,2,349,349)
r(18,2,2,350,350)
r(97,1,2,351,351)
r(3,1,2,352,352)
r(4,3,2,353,353)
r(63,4,2,354,354)
w(21,6,2,355,355)
r(88,0,2,356,356)
w(98,2,2,357,357)
r(92,2,2,358,358)
r(57,1,2,359,359)
r(85,0,2,360,360)
r(94,2,2,361,361)
r(64,2,2,362,362)
r(78,3,2,363,363)
w(60,2,2,364,364)
w(2,2,2,365,365)
r(24,1,2,366,366)
r(5,1,2,367,367)
r(54,5,2,368,368)
r(20,2,2,369,369)
r(59,1,2,370,370)
r(76,3,2,371,371)
r(86,4,2,372,372)
r(51,0,2,373,373)
r(61,2,2,374,374)
r(80,1,2,375,375)
r(6,3,2,376,376)
r(34,1,2,377,377)
r(45,4,2,378,378)
r(14,2,2,379,379)
r(39,0,2,380,380)
r(14,2,2,381,381)
r(52,0,2,382,382)
r(98,2,2,383,383)
r(32,1,2,384,384)
r(32,1,2,385,385)
r(68,0,2,386,386)
r(69,1,2,387,387)
r(89,1,2,388,388)
r(37,0,2,389,389)
r(70,3,2,390,390)
r(99,1,2,391,391)
r(78,3,2,392,392)
r(23,1,2,393,393)
r(80,1,2,394,394)
r(84,1,2,395,395)
r(48,0,2,396,396)
r(29,1,2,397,397)
r(2,2,2,398,398)
r(98,2,2,399,399)
r(69,1,2,400,400)
w(24,2,2,401,401)
r(63,4,2,402,402)
w(91,4,2,403,403)
r(58,3,2,404,404)
r(53,2,2,405,405)
r(54,5,2,406,406)
r(31,2,2,407,407)
r(53,2,2,408,408)
r(47,1,2,409,409)
w(20,3,2,410,410)
r(10,1,2,411,411)
r(21,6,2,412,412)
r(88,0,2,413,413)
r(50,2,2,414,414)
r(74,1,2,415,415)
w(67,2,2,416,416)
r(56,1,2,417,417)
r(34,1,2,418,418)
r(93,2,2,419,419)
r(67,2,2,420,420)
r(74,1,2,421,421)
r(93,2,2,422,422)
r(41,1,2,423,423)
r(92,2,2,424,424)
r(34,1,2,425,425)
r(82,0,2,426,426)
r(84,1,2,427,427)
r(48,0,2,428,428)
r(25,0,2,429,429)
w(79,3,2,430,430)
r(78,3,2,431,431)
r(3,1,2,432,432)
r(44,1,2,433,433)
r(8,2,2,434,434)
r(20,3,2,435,435)
r(36,2,2,436,436)
r(6,3,2,437,437)
r(48,0,2,438,438)
w(91,5,2,439,439)
r(7,2,2,440,440)
r(1,3,2,441,441)
r(96,2,2,442,442)
r(53,2,2,443,443)
r(57,1,2,444,444)
r(49,0,2,445,445)
r(45,4,2,446,446)
r(41,1,2,447,447)
r(62,3,2,448,448)
r(39,0,2,449,449)
r(32,1,2,450,450)
r(58,3,2,451,451)
r(56,1,2,452,452)
r(76,3,2,453,453)
r(66,0,2,454,454)
r(49,0,2,455,455)
r(66,0,2,456,456)
r(97,1,2,457,457)
r(15,2,2,458,458)
r(88,0,2,459,459)
r(32,1,2,460,460)
r(36,2,2,461,461)
r(3,1,2,462,462)
r(71,1,2,463,463)
r(10,1,2,464,464)
w(51,1,2,465,465)
r(78,3,2,466,466)
r(22,2,2,467,467)
r(43,1,2,468,468)
r(3,1,2,469,469)
r(23,1,2,470,470)
w(33,4,2,471,471)
r(0,1,2,472,472)
r(92,2,2,473,473)
r(12,1,2,474,474)
r(44,1,2,475,475)
r(91,5,2,476,476)
r(73,2,2,477,477)
r(48,0,2,478,478)
r(91,5,2,479,479)
r(19,3,2,480,480)
r(18,2,2,481,481)
r(55,3,2,482,482)
r(18,2,2,483,483)
r(68,0,2,484,484)
r(78,3,2,485,485)
r(81,3,2,486,486)
r(34,1,2,487,487)
r(83,3,2,488,488)
r(40,1,2,489,489)
r(72,1,2,490,490)
r(61,2,2,491,491)
r(92,2,2,492,492)
r(96,2,2,493,493)
r(77,1,2,494,494)
r(15,2,2,495,495)
r(6,3,2,496,496)
r(41,1,2,497,497)
r(7,2,2,498,498)
r(56,1,2,499,499)
r(90,1,3,0,0)
r(21,6,3,1,1)
r(59,1,3,2,2)
r(94,2,3,3,3)
r(59,1,3,4,4)
r(37,0,3,5,5)
r(9,2,3,6,6)
r(75,2,3,7,7)
r(69,1,3,8,8)
r(37,0,3,9,9)
r(91,5,3,10,10)
r(42,1,3,11,11)
r(64,2,3,12,12)
r(38,3,3,13,13)
r(12,1,3,14,14)
r(34,1,3,15,15)
r(66,0,3,16,16)
r(52,0,3,17,17)
r(51,1,3,18,18)
r(52,0,3,19,19)
r(51,1,3,20,20)
r(77,1,3,21,21)
r(44,1,3,22,22)
r(79,3,3,23,23)
w(37,1,3,24,24)
r(25,0,3,25,25)
r(52,0,3,26,26)
r(84,1,3,27,27)
r(39,0,3,28,28)
r(36,2,3,29,29)
r(15,2,3,30,30)
r(88,0,3,31,31)
r(89,1,3,32,32)
r(34,1,3,33,33)
r(1,3,3,34,34)
r(71,1,3,35,35)
r(51,1,3,36,36)
r(6,3,3,37,37)
r(55,3,3,38,38)
r(51,1,3,39,39)
r(79,3,3,40,40)
r(25,0,3,41,41)
w(74,2,3,42,42)
r(46,0,3,43,43)
r(1,3,3,44,44)
r(79,3,3,45,45)
r(65,1,3,46,46)
r(42,1,3,47,47)
r(98,2,3,48,48)
r(58,3,3,49,49)
r(92,2,3,50,50)
r(24,2,3,51,51)
r(38,3,3,52,52)
r(10,1,3,53,53)
r(78,3,3,54,54)
r(28,0,3,55,55)
r(73,2,3,56,56)
r(28,0,3,57,57)
r(23,1,3,58,58)
r(86,4,3,59,59)
r(30,2,3,60,60)
r(13,3,3,61,61)
r(45,4,3,62,62)
r(96,2,3,63,63)
r(18,2,3,64,64)
r(61,2,3,65,65)
r(72,1,3,66,66)
r(19,3,3,67,67)
r(49,0,3,68,68)
r(22,2,3,69,69)
r(48,0,3,70,70)
r(50,2,3,71,71)
r(94,2,3,72,72)
r(78,3,3,73,73)
r(96,2,3,74,74)
r(95,3,3,75,75)
r(27,1,3,76,76)
w(84,2,3,77,77)
r(3,1,3,78,78)
r(18,2,3,79,79)
r(54,5,3,80,80)
r(91,5,3,81,81)
r(51,1,3,82,82)
r(68,0,3,83,83)
r(51,1,3,84,84)
w(90,2,3,85,85)
r(75,2,3,86,86)
r(83,3,3,87,87)
r(78,3,3,88,88)
r(29,1,3,89,89)
r(23,1,3,90,90)
w(24,3,3,91,91)
r(7,2,3,92,92)
r(84,2,3,93,93)
r(37,1,3,94,94)
r(7,2,3,95,95)
r(31,2,3,96,96)
r(87,1,3,97,97)
w(89,2,3,98,98)
r(14,2,3,99,99)
w(44,2,3,100,100)
r(7,2,3,101,101)
r(25,0,3,102,102)
r(89,2,3,103,103)
r(62,3,3,104,104)
r(75,2,3,105,105)
w(43,2,3,106,106)
r(80,1,3,107,107)
r(31,2,3,108,108)
r(21,6,3,109,109)
r(26,0,3,110,110)
r(19,3,3,111,111)
r(67,2,3,112,112)
r(89,2,3,113,113)
r(70,3,3,114,114)
r(86,4,3,115,115)
r(82,0,3,116,116)
w(19,4,3,117,117)
r(23,1,3,118,118)
r(56,1,3,119,119)
r(14,2,3,120,120)
r(38,3,3,121,121)
r(12,1,3,122,122)
w(59,2,3,123,123)
w(10,2,3,124,124)
r(7,2,3,125,125)
r(85,0,3,126,126)
r(29,1,3,127,127)
r(0,1,3,128,128)
r(24,3,3,129,129)
r(12,1,3,130,130)
r(59,2,3,131,131)
r(1,3,3,132,132)
r(6,3,3,133,133)
r(52,0,3,134,134)
r(44,2,3,135,135)
r(67,2,3,136,136)
r(79,3,3,137,137)
r(45,4,3,138,138)
r(79,3,3,139,139)
r(14,2,3,140,140)
r(55,3,3,141,141)
r(30,2,3,142,142)
r(73,2,3,143,143)
r(30,2,3,144,144)
r(21,6,3,145,145)
r(5,1,3,146,146)
r(1,3,3,147,147)
r(77,1,3,148,148)
r(46,0,3,149,149)
r(79,3,3,150,150)
r(7,2,3,151,151)
r(47,1,3,152,152)
r(64,2,3,153,153)
r(75,2,3,154,154)
r(44,2,3,155,155)
r(42,1,3,156,156)
r(72,1,3,157,157)
r(23,1,3,158,158)
w(13,4,3,159,159)
r(12,1,3,160,160)
r(93,2,3,161,161)
r(47,1,3,162,162)
r(66,0,3,163,163)
r(59,2,3,164,164)
r(25,0,3,165,165)
r(88,0,3,166,166)
r(53,2,3,167,167)
r(9,2,3,168,168)
r(15,2,3,169,169)
r(9,2,3,170,170)
r(42,1,3,171,171)
r(48,0,3,172,172)
r(42,1,3,173,173)
r(55,3,3,174,174)
r(74,2,3,175,175)
r(67,2,3,176,176)
w(87,2,3,177,177)
r(83,3,3,178,178)
r(70,3,3,179,179)
r(19,4,3,180,180)
r(44,2,3,181,181)
w(67,3,3,182,182)
r(15,2,3,183,183)
r(7,2,3,184,184)
r(72,1,3,185,185)
r(86,4,3,186,186)
r(78,3,3,187,187)
r(59,2,3,188,188)
r(40,1,3,189,189)
r(76,3,3,190,190)
r(26,0,3,191,191)
r(83,3,3,192,192)
r(90,2,3,193,193)
r(41,1,3,194,194)
r(21,6,3,195,195)
r(48,0,3,196,196)
r(21,6,3,197,197)
r(42,1,3,198,198)
r(16,4,3,199,199)
r(83,3,3,200,200)
r(77,1,3,201,201)
r(21,6,3,202,202)
r(10,2,3,203,203)
w(15,3,3,204,204)
r(86,4,3,205,205)
w(71,2,3,206,206)
w(37,2,3,207,207)
r(39,0,3,208,208)
r(6,3,3,209,209)
r(37,2,3,210,210)
r(70,3,3,211,211)
r(57,1,3,212,212)
r(80,1,3,213,213)
r(76,3,3,214,214)
r(7,2,3,215,215)
r(60,2,3,216,216)
r(13,4,3,217,217)
r(96,2,3,218,218)
r(98,2,3,219,219)
r(91,5,3,220,220)
r(57,1,3,221,221)
r(42,1,3,222,222)
r(39,0,3,223,223)
r(28,0,3,224,224)
r(63,4,3,225,225)
r(87,2,3,226,226)
r(54,5,3,227,227)
r(5,1,3,228,228)
r(1,3,3,229,229)
r(91,5,3,230,230)
r(30,2,3,231,231)
r(38,3,3,232,232)
w(61,3,3,233,233)
r(34,1,3,234,234)
r(97,1,3,235,235)
r(55,3,3,236,236)
r(6,3,3,237,237)
r(2,2,3,238,238)
r(19,4,3,239,239)
w(40,2,3,240,240)
r(88,0,3,241,241)
r(99,1,3,242,242)
r(15,3,3,243,243)
w(44,3,3,244,244)
r(73,2,3,245,245)
w(26,1,3,246,246)
w(83,4,3,247,247)
w(64,3,3,248,248)
r(86,4,3,249,249)
r(22,2,3,250,250)
r(40,2,3,251,251)
r(96,2,3,252,252)
r(46,0,3,253,253)
r(37,2,3,254,254)
r(71,2,3,255,255)
r(16,4,3,256,256)
w(12,2,3,257,257)
r(44,3,3,258,258)
r(83,4,3,259,259)
r(41,1,3,260,260)
r(64,3,3,261,261)
r(73,2,3,262,262)
r(60,2,3,263,263)
r(34,1,3,264,264)
r(10,2,3,265,265)
r(40,2,3,266,266)
r(59,2,3,267,267)
r(94,2,3,268,268)
r(82,0,3,269,269)
r(94,2,3,270,270)
r(35,1,3,271,271)
r(4,3,3,272,272)
r(45,4,3,273,273)
r(75,2,3,274,274)
r(81,3,3,275,275)
w(30,3,3,276,276)
r(82,0,3,277,277)
r(0,1,3,278,278)
r(84,2,3,279,279)
r(34,1,3,280,280)
r(1,3,3,281,281)
r(80,1,3,282,282)
r(92,2,3,283,283)
r(70,3,3,284,284)
r(8,2,3,285,285)
r(96,2,3,286,286)
r(10,2,3,287,287)
r(13,4,3,288,288)
r(72,1,3,289,289)
w(10,3,3,290,290)
r(60,2,3,291,291)
r(71,2,3,292,292)
r(6,3,3,293,293)
r(18,2,3,294,294)
r(50,2,3,295,295)
r(26,1,3,296,296)
r(30,3,3,297,297)
r(14,2,3,298,298)
r(84,2,3,299,299)
r(47,1,3,300,300)
r(46,0,3,301,301)
r(70,3,3,302,302)
r(69,1,3,303,303)
r(97,1,3,304,304)
r(49,0,3,305,305)
r(85,0,3,306,306)
r(21,6,3,307,307)
r(51,1,3,308,308)
r(56,1,3,309,309)
r(12,2,3,310,310)
r(33,4,3,311,311)
r(25,0,3,312,312)
r(24,3,3,313,313)
r(79,3,3,314,314)
w(11,2,3,315,315)
r(19,4,3,316,316)
r(67,3,3,317,317)
r(62,3,3,318,318)
r(32,1,3,319,319)
r(2,2,3,320,320)
r(87,2,3,321,321)
r(61,3,3,322,322)
r(69,1,3,323,323)
r(85,0,3,324,324)
r(24,3,3,325,325)
r(79,3,3,326,326)
r(86,4,3,327,327)
r(82,0,3,328,328)
r(50,2,3,329,329)
r(64,3,3,330,330)
r(38,3,3,331,331)
r(44,3,3,332,332)
r(51,1,3,333,333)
r(56,1,3,334,334)
r(47,1,3,335,335)
r(97,1,3,336,336)
r(50,2,3,337,337)
r(24,3,3,338,338)
r(29,1,3,339,339)
r(42,1,3,340,340)
r(78,3,3,341,341)
r(54,5,3,342,342)
r(26,1,3,343,343)
r(16,4,3,344,344)
r(65,1,3,345,345)
r(88,0,3,346,346)
r(36,2,3,347,347)
r(65,1,3,348,348)
r(44,3,3,349,349)
r(89,2,3,350,350)
r(47,1,3,351,351)
r(95,3,3,352,352)
r(17,0,3,353,353)
w(55,4,3,354,354)
r(64,3,3,355,355)
w(33,5,3,356,356)
r(98,2,3,357,357)
r(2,2,3,358,358)
r(60,2,3,359,359)
r(30,3,3,360,360)
r(89,2,3,361,361)
r(0,1,3,362,362)
r(75,2,3,363,363)
r(10,3,3,364,364)
r(11,2,3,365,365)
r(61,3,3,366,366)
r(49,0,3,367,367)
r(81,3,3,368,368)
r(3,1,3,369,369)
r(55,4,3,370,370)
r(88,0,3,371,371)
r(61,3,3,372,372)
w(93,3,3,373,373)
r(68,0,3,374,374)
r(18,2,3,375,375)
r(84,2,3,376,376)
r(36,2,3,377,377)
r(57,1,3,378,378)
r(81,3,3,379,379)
r(56,1,3,380,380)
r(64,3,3,381,381)
r(74,2,3,382,382)
r(20,3,3,383,383)
r(51,1,3,384,384)
r(85,0,3,385,385)
r(27,1,3,386,386)
r(46,0,3,387,387)
r(46,0,3,388,388)
r(96,2,3,389,389)
r(62,3,3,390,390)
r(26,1,3,391,391)
r(26,1,3,392,392)
r(93,3,3,393,393)
r(88,0,3,394,394)
r(30,3,3,395,395)
r(23,1,3,396,396)
r(77,1,3,397,397)
r(24,3,3,398,398)
r(12,2,3,399,399)
r(99,1,3,400,400)
r(40,2,3,401,401)
w(27,2,3,402,402)
r(20,3,3,403,403)
r(73,2,3,404,404)
r(83,4,3,405,405)
r(1,3,3,406,406)
r(61,3,3,407,407)
r(93,3,3,408,408)
r(86,4,3,409,409)
r(97,1,3,410,410)
r(31,2,3,411,411)
r(79,3,3,412,412)
r(9,2,3,413,413)
r(73,2,3,414,414)
r(34,1,3,415,415)
w(15,4,3,416,416)
r(87,2,3,417,417)
r(85,0,3,418,418)
r(63,4,3,419,419)
r(6,3,3,420,420)
r(22,2,3,421,421)
r(72,1,3,422,422)
r(45,4,3,423,423)
r(80,1,3,424,424)
r(87,2,3,425,425)
w(86,5,3,426,426)
r(72,1,3,427,427)
r(57,1,3,428,428)
r(75,2,3,429,429)
r(56,1,3,430,430)
r(55,4,3,431,431)
r(34,1,3,432,432)
r(52,0,3,433,433)
r(65,1,3,434,434)
r(81,3,3,435,435)
r(18,2,3,436,436)
r(31,2,3,437,437)
r(91,5,3,438,438)
r(81,3,3,439,439)
r(16,4,3,440,440)
r(6,3,3,441,441)
r(13,4,3,442,442)
r(51,1,3,443,443)
r(15,4,3,444,444)
r(51,1,3,445,445)
r(36,2,3,446,446)
r(60,2,3,447,447)
r(86,5,3,448,448)
r(42,1,3,449,449)
r(11,2,3,450,450)
r(45,4,3,451,451)
r(51,1,3,452,452)
r(4,3,3,453,453)
r(72,1,3,454,454)
r(84,2,3,455,455)
r(6,3,3,456,456)
r(54,5,3,457,457)
r(93,3,3,458,458)
r(11,2,3,459,459)
r(20,3,3,460,460)
r(91,5,3,461,461)
r(83,4,3,462,462)
r(76,3,3,463,463)
r(85,0,3,464,464)
r(87,2,3,465,465)
r(77,1,3,466,466)
r(3,1,3,467,467)
r(49,0,3,468,468)
r(38,3,3,469,469)
r(9,2,3,470,470)
r(29,1,3,471,471)
r(30,3,3,472,472)
r(71,2,3,473,473)
r(78,3,3,474,474)
r(62,3,3,475,475)
r(96,2,3,476,476)
r(9,2,3,477,477)
r(91,5,3,478,478)
r(98,2,3,479,479)
r(70,3,3,480,480)
r(93,3,3,481,481)
r(49,0,3,482,482)
r(22,2,3,483,483)
r(73,2,3,484,484)
r(99,1,3,485,485)
r(48,0,3,486,486)
r(22,2,3,487,487)
r(60,2,3,488,488)
w(18,3,3,489,489)
r(84,2,3,490,490)
r(56,1,3,491,491)
r(12,2,3,492,492)
r(98,2,3,493,493)
r(5,1,3,494,494)
r(67,3,3,495,495)
r(62,3,3,496,496)
r(24,3,3,497,497)
r(84,2,3,498,498)
r(18,3,3,499,499)
r(63,4,4,0,0)
r(90,2,4,1,1)
r(23,1,4,2,2)
r(29,1,4,3,3)
r(99,1,4,4,4)
r(76,3,4,5,5)
r(42,1,4,6,6)
r(95,3,4,7,7)
r(6,3,4,8,8)
w(42,2,4,9,9)
r(59,2,4,10,10)
r(84,2,4,11,11)
r(18,3,4,12,12)
r(59,2,4,13,13)
r(91,5,4,14,14)
r(80,1,4,15,15)
r(97,1,4,16,16)
r(63,4,4,17,17)
r(62,3,4,18,18)
r(83,4,4,19,19)
r(59,2,4,20,20)
r(89,2,4,21,21)
r(79,3,4,22,22)
r(26,1,4,23,23)
r(51,1,4,24,24)
r(52,0,4,25,25)
r(32,1,4,26,26)
w(34,2,4,27,27)
r(41,1,4,28,28)
r(51,1,4,29,29)
r(64,3,4,30,30)
r(33,5,4,31,31)
w(1,4,4,32,32)
r(37,2,4,33,33)
r(7,2,4,34,34)
w(12,3,4,35,35)
w(74,3,4,36,36)
r(48,0,4,37,37)
r(51,1,4,38,38)
r(96,2,4,39,39)
w(18,4,4,40,40)
r(67,3,4,41,41)
r(92,2,4,42,42)
r(72,1,4,43,43)
r(56,1,4,44,44)
r(39,0,4,45,45)
r(92,2,4,46,46)
r(61,3,4,47,47)
r(73,2,4,48,48)
r(10,3,4,49,49)
r(33,5,4,50,50)
r(65,1,4,51,51)
w(62,4,4,52,52)
r(81,3,4,53,53)
r(88,0,4,54,54)
r(57,1,4,55,55)
r(91,5,4,56,56)
r(9,2,4,57,57)
r(43,2,4,58,58)
r(68,0,4,59,59)
r(29,1,4,60,60)
r(22,2,4,61,61)
r(33,5,4,62,62)
r(13,4,4,63,63)
r(80,1,4,64,64)
r(37,2,4,65,65)
w(37,3,4,66,66)
r(85,0,4,67,67)
r(58,3,4,68,68)
r(48,0,4,69,69)
w(94,3,4,70,70)
r(95,3,4,71,71)
r(50,2,4,72,72)
r(8,2,4,73,73)
r(91,5,4,74,74)
r(38,3,4,75,75)
r(64,3,4,76,76)
r(18,4,4,77,77)
r(88,0,4,78,78)
r(54,5,4,79,79)
r(2,2,4,80,80)
r(63,4,4,81,81)
r(56,1,4,82,82)
r(85,0,4,83,83)
r(54,5,4,84,84)
r(52,0,4,85,85)
r(29,1,4,86,86)
w(89,3,4,87,87)
r(18,4,4,88,88)
r(57,1,4,89,89)
r(84,2,4,90,90)
r(13,4,4,91,91)
r(8,2,4,92,92)
r(42,2,4,93,93)
r(91,5,4,94,94)
r(11,2,4,95,95)
r(69,1,4,96,96)
w(45,5,4,97,97)
r(85,0,4,98,98)
r(19,4,4,99,99)
r(27,2,4,100,100)
r(13,4,4,101,101)
w(73,3,4,102,102)
r(22,2,4,103,103)
r(52,0,4,104,104)
r(83,4,4,105,105)
r(67,3,4,106,106)
r(66,0,4,107,107)
w(72,2,4,108,108)
r(48,0,4,109,109)
w(69,2,4,110,110)
r(91,5,4,111,111)
r(61,3,4,112,112)
r(77,1,4,113,113)
r(37,3,4,114,114)
r(40,2,4,115,115)
r(59,2,4,116,116)
r(53,2,4,117,117)
r(80,1,4,118,118)
r(38,3,4,119,119)
r(48,0,4,120,120)
r(61,3,4,121,121)
r(38,3,4,122,122)
w(26,2,4,123,123)
r(71,2,4,124,124)
r(88,0,4,125,125)
r(64,3,4,126,126)
r(72,2,4,127,127)
r(2,2,4,128,128)
r(9,2,4,129,129)
r(34,2,4,130,130)
r(41,1,4,131,131)
r(91,5,4,132,132)
r(54,5,4,133,133)
r(98,2,4,134,134)
r(87,2,4,135,135)
r(32,1,4,136,136)
r(83,4,4,137,137)
r(10,3,4,138,138)
r(61,3,4,139,139)
r(22,2,4,140,140)
r(3,1,4,141,141)
r(24,3,4,142,142)
r(63,4,4,143,143)
r(86,5,4,144,144)
r(22,2,4,145,145)
r(66,0,4,146,146)
r(40,2,4,147,147)
r(52,0,4,148,148)
r(35,1,4,149,149)
r(41,1,4,150,150)
r(91,5,4,151,151)
r(2,2,4,152,152)
r(30,3,4,153,153)
r(20,3,4,154,154)
r(16,4,4,155,155)
r(47,1,4,156,156)
r(79,3,4,157,157)
r(80,1,4,158,158)
r(42,2,4,159,159)
w(92,3,4,160,160)
r(56,1,4,161,161)
r(40,2,4,162,162)
r(15,4,4,163,163)
r(3,1,4,164,164)
r(49,0,4,165,165)
r(44,3,4,166,166)
r(47,1,4,167,167)
w(28,1,4,168,168)
r(5,1,4,169,169)
w(29,2,4,170,170)
r(95,3,4,171,171)
r(32,1,4,172,172)
r(38,3,4,173,173)
r(84,2,4,174,174)
r(14,2,4,175,175)
r(39,0,4,176,176)
r(84,2,4,177,177)
w(12,4,4,178,178)
w(21,7,4,179,179)
r(57,1,4,180,180)
r(59,2,4,181,181)
r(78,3,4,182,182)
r(33,5,4,183,183)
r(5,1,4,184,184)
r(13,4,4,185,185)
r(34,2,4,186,186)
r(65,1,4,187,187)
w(26,3,4,188,188)
r(51,1,4,189,189)
r(21,7,4,190,190)
r(56,1,4,191,191)
r(63,4,4,192,192)
w(89,4,4,193,193)
r(17,0,4,194,194)
r(98,2,4,195,195)
r(42,2,4,196,196)
r(33,5,4,197,197)
r(73,3,4,198,198)
r(0,1,4,199,199)
r(38,3,4,200,200)
r(41,1,4,201,201)
r(45,5,4,202,202)
w(14,3,4,203,203)
r(54,5,4,204,204)
w(80,2,4,205,205)
r(33,5,4,206,206)
r(37,3,4,207,207)
r(96,2,4,208,208)
w(49,1,4,209,209)
r(35,1,4,210,210)
r(21,7,4,211,211)
r(61,3,4,212,212)
r(49,1,4,213,213)
r(13,4,4,214,214)
r(23,1,4,215,215)
r(31,2,4,216,216)
r(66,0,4,217,217)
r(81,3,4,218,218)
r(86,5,4,219,219)
r(0,1,4,220,220)
w(59,3,4,221,221)
r(67,3,4,222,222)
r(19,4,4,223,223)
r(9,2,4,224,224)
r(90,2,4,225,225)
r(89,4,4,226,226)
r(10,3,4,227,227)
r(48,0,4,228,228)
w(40,3,4,229,229)
w(77,2,4,230,230)
r(36,2,4,231,231)
r(67,3,4,232,232)
w(87,3,4,233,233)
r(18,4,4,234,234)
r(46,0,4,235,235)
r(95,3,4,236,236)
r(97,1,4,237,237)
r(60,2,4,238,238)
r(14,3,4,239,239)
r(67,3,4,240,240)
w(95,4,4,241,241)
r(46,0,4,242,242)
r(78,3,4,243,243)
r(54,5,4,244,244)
r(72,2,4,245,245)
w(24,4,4,246,246)
r(73,3,4,247,247)
r(13,4,4,248,248)
r(16,4,4,249,249)
w(99,2,4,250,250)
r(66,0,4,251,251)
r(93,3,4,252,252)
r(2,2,4,253,253)
w(99,3,4,254,254)
w(53,3,4,255,255)
r(98,2,4,256,256)
r(74,3,4,257,257)
r(4,3,4,258,258)
r(42,2,4,259,259)
r(32,1,4,260,260)
w(19,5,4,261,261)
w(5,2,4,262,262)
r(98,2,4,263,263)
r(45,5,4,264,264)
r(69,2,4,265,265)
r(25,0,4,266,266)
r(9,2,4,267,267)
r(27,2,4,268,268)
w(26,4,4,269,269)
r(90,2,4,270,270)
r(30,3,4,271,271)
r(88,0,4,272,272)
r(18,4,4,273,273)
r(25,0,4,274,274)
r(56,1,4,275,275)
r(66,0,4,276,276)
r(38,3,4,277,277)
r(21,7,4,278,278)
r(52,0,4,279,279)
r(13,4,4,280,280)
r(40,3,4,281,281)
r(57,1,4,282,282)
w(59,4,4,283,283)
r(14,3,4,284,284)
r(37,3,4,285,285)
r(85,0,4,286,286)
r(73,3,4,287,287)
r(90,2,4,288,288)
r(17,0,4,289,289)
r(20,3,4,290,290)
r(7,2,4,291,291)
r(11,2,4,292,292)
r(14,3,4,293,293)
r(23,1,4,294,294)
r(13,4,4,295,295)
r(56,1,4,296,296)
r(27,2,4,297,297)
r(73,3,4,298,298)
r(32,1,4,299,299)
r(56,1,4,300,300)
r(60,2,4,301,301)
w(74,4,4,302,302)
r(12,4,4,303,303)
r(7,2,4,304,304)
r(78,3,4,305,305)
r(87,3,4,306,306)
r(41,1,4,307,307)
r(71,2,4,308,308)
r(32,1,4,309,309)
r(99,3,4,310,310)
w(77,3,4,311,311)
r(3,1,4,312,312)
w(64,4,4,313,313)
r(48,0,4,314,314)
r(96,2,4,315,315)
r(22,2,4,316,316)
w(19,6,4,317,317)
r(27,2,4,318,318)
r(97,1,4,319,319)
r(62,4,4,320,320)
w(50,3,4,321,321)
r(54,5,4,322,322)
r(99,3,4,323,323)
r(9,2,4,324,324)
r(81,3,4,325,325)
r(7,2,4,326,326)
r(49,1,4,327,327)
r(2,2,4,328,328)
r(56,1,4,329,329)
r(76,3,4,330,330)
r(68,0,4,331,331)
r(84,2,4,332,332)
r(77,3,4,333,333)
r(46,0,4,334,334)
r(63,4,4,335,335)
r(20,3,4,336,336)
r(53,3,4,337,337)
w(84,3,4,338,338)
r(27,2,4,339,339)
w(24,5,4,340,340)
r(39,0,4,341,341)
r(77,3,4,342,342)
r(73,3,4,343,343)
r(39,0,4,344,344)
r(68,0,4,345,345)
r(37,3,4,346,346)
r(61,3,4,347,347)
r(57,1,4,348,348)
r(72,2,4,349,349)
w(45,6,4,350,350)
r(64,4,4,351,351)
r(37,3,4,352,352)
w(91,6,4,353,353)
w(47,2,4,354,354)
r(47,2,4,355,355)
w(70,4,4,356,356)
r(98,2,4,357,357)
r(56,1,4,358,358)
r(77,3,4,359,359)
r(66,0,4,360,360)
r(64,4,4,361,361)
r(76,3,4,362,362)
r(97,1,4,363,363)
r(16,4,4,364,364)
r(78,3,4,365,365)
r(73,3,4,366,366)
r(82,0,4,367,367)
r(79,3,4,368,368)
w(3,2,4,369,369)
r(97,1,4,370,370)
r(78,3,4,371,371)
r(4,3,4,372,372)
r(57,1,4,373,373)
r(98,2,4,374,374)
r(5,2,4,375,375)
r(70,4,4,376,376)
r(71,2,4,377,377)
r(25,0,4,378,378)
r(58,3,4,379,379)
r(70,4,4,380,380)
r(74,4,4,381,381)
r(59,4,4,382,382)
r(39,0,4,383,383)
r(26,4,4,384,384)
r(38,3,4,385,385)
r(9,2,4,386,386)
r(24,5,4,387,387)
r(21,7,4,388,388)
w(89,5,4,389,389)
r(63,4,4,390,390)
r(25,0,4,391,391)
r(90,2,4,392,392)
r(53,3,4,393,393)
r(58,3,4,394,394)
r(13,4,4,395,395)
r(29,2,4,396,396)
r(21,7,4,397,397)
r(56,1,4,398,398)
r(66,0,4,399,399)
r(40,3,4,400,400)
r(72,2,4,401,401)
r(45,6,4,402,402)
r(45,6,4,403,403)
r(7,2,4,404,404)
r(28,1,4,405,405)
r(8,2,4,406,406)
r(2,2,4,407,407)
r(38,3,4,408,408)
r(84,3,4,409,409)
r(10,3,4,410,410)
r(71,2,4,411,411)
r(56,1,4,412,412)
r(70,4,4,413,413)
w(95,5,4,414,414)
r(42,2,4,415,415)
r(22,2,4,416,416)
r(8,2,4,417,417)
r(41,1,4,418,418)
r(1,4,4,419,419)
r(66,0,4,420,420)
r(49,1,4,421,421)
r(14,3,4,422,422)
r(40,3,4,423,423)
r(0,1,4,424,424)
w(96,3,4,425,425)
r(6,3,4,426,426)
w(30,4,4,427,427)
r(15,4,4,428,428)
w(49,2,4,429,429)
r(97,1,4,430,430)
r(96,3,4,431,431)
r(61,3,4,432,432)
r(65,1,4,433,433)
r(60,2,4,434,434)
r(48,0,4,435,435)
r(42,2,4,436,436)
r(87,3,4,437,437)
r(21,7,4,438,438)
r(85,0,4,439,439)
r(89,5,4,440,440)
r(93,3,4,441,441)
r(87,3,4,442,442)
r(54,5,4,443,443)
r(87,3,4,444,444)
r(46,0,4,445,445)
r(4,3,4,446,446)
r(65,1,4,447,447)
w(45,7,4,448,448)
r(6,3,4,449,449)
r(21,7,4,450,450)
r(8,2,4,451,451)
r(93,3,4,452,452)
r(97,1,4,453,453)
r(44,3,4,454,454)
r(26,4,4,455,455)
r(78,3,4,456,456)
r(14,3,4,457,457)
r(93,3,4,458,458)
r(0,1,4,459,459)
r(89,5,4,460,460)
w(86,6,4,461,461)
r(53,3,4,462,462)
r(0,1,4,463,463)
r(49,2,4,464,464)
r(87,3,4,465,465)
r(64,4,4,466,466)
r(82,0,4,467,467)
r(26,4,4,468,468)
r(37,3,4,469,469)
r(10,3,4,470,470)
w(50,4,4,471,471)
r(2,2,4,472,472)
r(3,2,4,473,473)
r(42,2,4,474,474)
r(34,2,4,475,475)
r(77,3,4,476,476)
r(89,5,4,477,477)
w(60,3,4,478,478)
r(48,0,4,479,479)
r(97,1,4,480,480)
r(85,0,4,481,481)
w(14,4,4,482,482)
r(22,2,4,483,483)
r(16,4,4,484,484)
r(73,3,4,485,485)
r(38,3,4,486,486)
r(39,0,4,487,487)
r(25,0,4,488,488)
r(21,7,4,489,489)
r(12,4,4,490,490)
w(20,4,4,491,491)
r(45,7,4,492,492)
r(86,6,4,493,493)
r(5,2,4,494,494)
r(77,3,4,495,495)
w(29,3,4,496,496)
r(67,3,4,497,497)
r(92,3,4,498,498)
r(40,3,4,499,499)
r(14,4,5,0,0)
r(22,2,5,1,1)
r(45,7,5,2,2)
r(5,2,5,3,3)
r(33,5,5,4,4)
r(26,4,5,5,5)
r(67,3,5,6,6)
w(8,3,5,7,7)
r(3,2,5,8,8)
r(99,3,5,9,9)
r(51,1,5,10,10)
r(68,0,5,11,11)
w(64,5,5,12,12)
r(47,2,5,13,13)
r(37,3,5,14,14)
r(48,0,5,15,15)
r(58,3,5,16,16)
r(18,4,5,17,17)
r(11,2,5,18,18)
r(41,1,5,19,19)
r(10,3,5,20,20)
w(79,4,5,21,21)
w(22,3,5,22,22)
r(10,3,5,23,23)
w(69,3,5,24,24)
r(47,2,5,25,25)
r(63,4,5,26,26)
r(50,4,5,27,27)
r(9,2,5,28,28)
r(74,4,5,29,29)
r(41,1,5,30,30)
r(3,2,5,31,31)
r(40,3,5,32,32)
r(5,2,5,33,33)
r(44,3,5,34,34)
r(75,2,5,35,35)
r(5,2,5,36,36)
w(26,5,5,37,37)
r(93,3,5,38,38)
r(80,2,5,39,39)
r(80,2,5,40,40)
r(4,3,5,41,41)
r(76,3,5,42,42)
r(99,3,5,43,43)
r(88,0,5,44,44)
r(84,3,5,45,45)
w(36,3,5,46,46)
r(23,1,5,47,47)
r(77,3,5,48,48)
r(34,2,5,49,49)
r(56,1,5,50,50)
r(53,3,5,51,51)
r(13,4,5,52,52)
r(72,2,5,53,53)
r(9,2,5,54,54)
r(76,3,5,55,55)
r(22,3,5,56,56)
r(65,1,5,57,57)
r(72,2,5,58,58)
r(22,3,5,59,59)
r(12,4,5,60,60)
r(85,0,5,61,61)
r(5,2,5,62,62)
r(82,0,5,63,63)
r(90,2,5,64,64)
r(41,1,5,65,65)
r(59,4,5,66,66)
r(10,3,5,67,67)
r(7,2,5,68,68)
r(90,2,5,69,69)
r(28,1,5,70,70)
r(11,2,5,71,71)
w(10,4,5,72,72)
w(32,2,5,73,73)
r(74,4,5,74,74)
r(13,4,5,75,75)
r(78,3,5,76,76)
r(64,5,5,77,77)
r(49,2,5,78,78)
r(50,4,5,79,79)
r(58,3,5,80,80)
w(39,1,5,81,81)
r(23,1,5,82,82)
r(61,3,5,83,83)
r(19,6,5,84,84)
r(93,3,5,85,85)
r(87,3,5,86,86)
r(52,0,5,87,87)
w(55,5,5,88,88)
r(99,3,5,89,89)
w(27,3,5,90,90)
r(75,2,5,91,91)
r(67,3,5,92,92)
r(66,0,5,93,93)
r(22,3,5,94,94)
r(19,6,5,95,95)
r(54,5,5,96,96)
r(74,4,5,97,97)
r(64,5,5,98,98)
r(62,4,5,99,99)
r(94,3,5,100,100)
w(79,5,5,101,101)
w(10,5,5,102,102)
r(17,0,5,103,103)
r(99,3,5,104,104)
r(9,2,5,105,105)
r(93,3,5,106,106)
r(77,3,5,107,107)
r(70,4,5,108,108)
r(72,2,5,109,109)
r(45,7,5,110,110)
r(24,5,5,111,111)
r(5,2,5,112,112)
r(20,4,5,113,113)
r(17,0,5,114,114)
r(50,4,5,115,115)
r(87,3,5,116,116)
r(85,0,5,117,117)
r(81,3,5,118,118)
r(20,4,5,119,119)
r(48,0,5,120,120)
r(68,0,5,121,121)
w(4,4,5,122,122)
r(76,3,5,123,123)
r(38,3,5,124,124)
r(91,6,5,125,125)
w(46,1,5,126,126)
r(41,1,5,127,127)
r(23,1,5,128,128)
r(74,4,5,129,129)
r(90,2,5,130,130)
r(43,2,5,131,131)
r(50,4,5,132,132)
w(49,3,5,133,133)
r(26,5,5,134,134)
r(83,4,5,135,135)
r(72,2,5,136,136)
r(20,4,5,137,137)
r(37,3,5,138,138)
r(27,3,5,139,139)
r(9,2,5,140,140)
r(96,3,5,141,141)
r(48,0,5,142,142)
r(37,3,5,143,143)
r(27,3,5,144,144)
w(71,3,5,145,145)
r(95,5,5,146,146)
r(54,5,5,147,147)
r(88,0,5,148,148)
r(34,2,5,149,149)
r(87,3,5,150,150)
r(24,5,5,151,151)
r(24,5,5,152,152)
r(46,1,5,153,153)
r(1,4,5,154,154)
r(72,2,5,155,155)
r(66,0,5,156,156)
r(82,0,5,157,157)
r(96,3,5,158,158)
r(80,2,5,159,159)
r(33,5,5,160,160)
r(61,3,5,161,161)
r(47,2,5,162,162)
r(36,3,5,163,163)
r(63,4,5,164,164)
w(30,5,5,165,165)
r(18,4,5,166,166)
r(24,5,5,167,167)
r(91,6,5,168,168)
r(4,4,5,169,169)
r(9,2,5,170,170)
w(42,3,5,171,171)
r(9,2,5,172,172)
r(19,6,5,173,173)
r(89,5,5,174,174)
r(66,0,5,175,175)
r(51,1,5,176,176)
r(91,6,5,177,177)
r(13,4,5,178,178)
r(18,4,5,179,179)
r(82,0,5,180,180)
r(85,0,5,181,181)
r(65,1,5,182,182)
r(18,4,5,183,183)
r(76,3,5,184,184)
r(71,3,5,185,185)
r(13,4,5,186,186)
r(11,2,5,187,187)
r(47,2,5,188,188)
r(13,4,5,189,189)
r(68,0,5,190,190)
r(62,4,5,191,191)
r(9,2,5,192,192)
r(2,2,5,193,193)
r(46,1,5,194,194)
r(39,1,5,195,195)
r(59,4,5,196,196)
w(43,3,5,197,197)
r(58,3,5,198,198)
w(32,3,5,199,199)
w(87,4,5,200,200)
r(89,5,5,201,201)
r(59,4,5,202,202)
r(64,5,5,203,203)
r(81,3,5,204,204)
r(58,3,5,205,205)
r(94,3,5,206,206)
r(97,1,5,207,207)
r(68,0,5,208,208)
r(57,1,5,209,209)
r(10,5,5,210,210)
r(71,3,5,211,211)
w(22,4,5,212,212)
r(13,4,5,213,213)
r(59,4,5,214,214)
r(9,2,5,215,215)
r(49,3,5,216,216)
r(55,5,5,217,217)
r(25,0,5,218,218)
r(34,2,5,219,219)
w(25,1,5,220,220)
r(72,2,5,221,221)
r(41,1,5,222,222)
r(7,2,5,223,223)
r(36,3,5,224,224)
r(69,3,5,225,225)
r(10,5,5,226,226)
w(69,4,5,227,227)
r(13,4,5,228,228)
r(67,3,5,229,229)
r(91,6,5,230,230)
r(25,1,5,231,231)
w(65,2,5,232,232)
r(71,3,5,233,233)
r(71,3,5,234,234)
r(14,4,5,235,235)
r(20,4,5,236,236)
r(91,6,5,237,237)
r(55,5,5,238,238)
r(90,2,5,239,239)
r(52,0,5,240,240)
r(45,7,5,241,241)
r(42,3,5,242,242)
r(71,3,5,243,243)
r(74,4,5,244,244)
r(90,2,5,245,245)
r(51,1,5,246,246)
r(94,3,5,247,247)
r(18,4,5,248,248)
r(32,3,5,249,249)
r(0,1,5,250,250)
r(75,2,5,251,251)
w(83,5,5,252,252)
w(88,1,5,253,253)
r(3,2,5,254,254)
r(53,3,5,255,255)
r(22,4,5,256,256)
r(7,2,5,257,257)
r(30,5,5,258,258)
r(92,3,5,259,259)
r(52,0,5,260,260)
r(68,0,5,261,261)
r(40,3,5,262,262)
r(54,5,5,263,263)
r(19,6,5,264,264)
r(32,3,5,265,265)
r(31,2,5,266,266)
r(51,1,5,267,267)
r(57,1,5,268,268)
r(90,2,5,269,269)
r(14,4,5,270,270)
r(4,4,5,271,271)
r(22,4,5,272,272)
r(21,7,5,273,273)
r(99,3,5,274,274)
r(54,5,5,275,275)
r(10,5,5,276,276)
r(71,3,5,277,277)
r(63,4,5,278,278)
r(26,5,5,279,279)
r(84,3,5,280,280)
r(74,4,5,281,281)
r(98,2,5,282,282)
w(79,6,5,283,283)
w(25,2,5,284,284)
r(49,3,5,285,285)
r(93,3,5,286,286)
r(96,3,5,287,287)
r(87,4,5,288,288)
r(78,3,5,289,289)
r(10,5,5,290,290)
r(58,3,5,291,291)
r(37,3,5,292,292)
r(2,2,5,293,293)
r(56,1,5,294,294)
r(86,6,5,295,295)
r(86,6,5,296,296)
r(64,5,5,297,297)
r(37,3,5,298,298)
r(59,4,5,299,299)
r(41,1,5,300,300)
r(78,3,5,301,301)
r(78,3,5,302,302)
r(25,2,5,303,303)
r(89,5,5,304,304)
r(1,4,5,305,305)
w(78,4,5,306,306)
r(73,3,5,307,307)
r(21,7,5,308,308)
r(22,4,5,309,309)
r(35,1,5,310,310)
r(20,4,5,311,311)
r(92,3,5,312,312)
r(4,4,5,313,313)
r(39,1,5,314,314)
r(26,5,5,315,315)
r(79,6,5,316,316)
r(85,0,5,317,317)
r(71,3,5,318,318)
r(91,6,5,319,319)
r(85,0,5,320,320)
r(96,3,5,321,321)
r(48,0,5,322,322)
r(23,1,5,323,323)
r(60,3,5,324,324)
r(74,4,5,325,325)
r(78,4,5,326,326)
r(33,5,5,327,327)
r(71,3,5,328,328)
r(41,1,5,329,329)
r(1,4,5,330,330)
r(53,3,5,331,331)
w(64,6,5,332,332)
r(66,0,5,333,333)
r(12,4,5,334,334)
r(56,1,5,335,335)
r(36,3,5,336,336)
r(26,5,5,337,337)
r(11,2,5,338,338)
r(37,3,5,339,339)
r(88,1,5,340,340)
r(3,2,5,341,341)
r(40,3,5,342,342)
r(67,3,5,343,343)
r(56,1,5,344,344)
r(3,2,5,345,345)
r(7,2,5,346,346)
r(6,3,5,347,347)
r(7,2,5,348,348)
r(22,4,5,349,349)
r(71,3,5,350,350)
r(65,2,5,351,351)
w(12,5,5,352,352)
r(9,2,5,353,353)
r(35,1,5,354,354)
r(91,6,5,355,355)
w(33,6,5,356,356)
r(69,4,5,357,357)
r(8,3,5,358,358)
r(23,1,5,359,359)
r(73,3,5,360,360)
r(60,3,5,361,361)
r(71,3,5,362,362)
r(51,1,5,363,363)
r(91,6,5,364,364)
r(7,2,5,365,365)
r(69,4,5,366,366)
r(65,2,5,367,367)
r(93,3,5,368,368)
r(88,1,5,369,369)
r(85,0,5,370,370)
r(80,2,5,371,371)
r(24,5,5,372,372)
r(55,5,5,373,373)
r(73,3,5,374,374)
r(15,4,5,375,375)
r(0,1,5,376,376)
r(37,3,5,377,377)
r(75,2,5,378,378)
r(33,6,5,379,379)
r(30,5,5,380,380)
r(1,4,5,381,381)
r(72,2,5,382,382)
r(87,4,5,383,383)
r(58,3,5,384,384)
r(29,3,5,385,385)
w(75,3,5,386,386)
r(9,2,5,387,387)
r(70,4,5,388,388)
r(2,2,5,389,389)
r(37,3,5,390,390)
r(72,2,5,391,391)
r(2,2,5,392,392)
r(25,2,5,393,393)
r(37,3,5,394,394)
r(37,3,5,395,395)
r(11,2,5,396,396)
r(7,2,5,397,397)
r(12,5,5,398,398)
r(81,3,5,399,399)
r(23,1,5,400,400)
w(1,5,5,401,401)
r(76,3,5,402,402)
r(95,5,5,403,403)
r(12,5,5,404,404)
r(78,4,5,405,405)
r(9,2,5,406,406)
r(2,2,5,407,407)
r(94,3,5,408,408)
r(73,3,5,409,409)
r(78,4,5,410,410)
r(86,6,5,411,411)
r(15,4,5,412,412)
r(32,3,5,413,413)
r(13,4,5,414,414)
r(50,4,5,415,415)
r(58,3,5,416,416)
r(2,2,5,417,417)
r(47,2,5,418,418)
r(51,1,5,419,419)
r(24,5,5,420,420)
w(21,8,5,421,421)
r(38,3,5,422,422)
r(82,0,5,423,423)
r(39,1,5,424,424)
r(78,4,5,425,425)
r(26,5,5,426,426)
r(76,3,5,427,427)
r(38,3,5,428,428)
r(5,2,5,429,429)
r(36,3,5,430,430)
r(22,4,5,431,431)
r(23,1,5,432,432)
r(2,2,5,433,433)
w(47,3,5,434,434)
w(78,5,5,435,435)
r(47,3,5,436,436)
r(30,5,5,437,437)
w(85,1,5,438,438)
r(91,6,5,439,439)
r(14,4,5,440,440)
r(52,0,5,441,441)
r(62,4,5,442,442)
r(58,3,5,443,443)
r(29,3,5,444,444)
r(83,5,5,445,445)
r(22,4,5,446,446)
r(52,0,5,447,447)
r(34,2,5,448,448)
r(6,3,5,449,449)
r(8,3,5,450,450)
r(14,4,5,451,451)
w(53,4,5,452,452)
r(55,5,5,453,453)
r(39,1,5,454,454)
r(88,1,5,455,455)
r(12,5,5,456,456)
r(67,3,5,457,457)
r(67,3,5,458,458)
r(30,5,5,459,459)
r(66,0,5,460,460)
r(37,3,5,461,461)
w(49,4,5,462,462)
r(31,2,5,463,463)
r(60,3,5,464,464)
r(84,3,5,465,465)
r(38,3,5,466,466)
r(89,5,5,467,467)
r(45,7,5,468,468)
r(85,1,5,469,469)
r(73,3,5,470,470)
r(97,1,5,471,471)
r(23,1,5,472,472)
r(69,4,5,473,473)
r(38,3,5,474,474)
r(51,1,5,475,475)
r(68,0,5,476,476)
r(72,2,5,477,477)
r(8,3,5,478,478)
r(4,4,5,479,479)
r(98,2,5,480,480)
r(9,2,5,481,481)
r(24,5,5,482,482)
r(30,5,5,483,483)
r(34,2,5,484,484)
r(52,0,5,485,485)
r(73,3,5,486,486)
w(84,4,5,487,487)
r(24,5,5,488,488)
r(62,4,5,489,489)
r(80,2,5,490,490)
r(2,2,5,491,491)
r(87,4,5,492,492)
r(85,1,5,493,493)
r(30,5,5,494,494)
r(79,6,5,495,495)
r(12,5,5,496,496)
r(30,5,5,497,497)
r(52,0,5,498,498)
r(17,0,5,499,499)
r(44,3,6,0,0)
r(7,2,6,1,1)
r(16,4,6,2,2)
r(53,4,6,3,3)
r(69,4,6,4,4)
r(28,1,6,5,5)
r(95,5,6,6,6)
r(25,2,6,7,7)
r(67,3,6,8,8)
r(25,2,6,9,9)
r(36,3,6,10,10)
r(18,4,6,11,11)
r(54,5,6,12,12)
r(49,4,6,13,13)
r(30,5,6,14,14)
w(47,4,6,15,15)
r(10,5,6,16,16)
r(21,8,6,17,17)
r(5,2,6,18,18)
r(89,5,6,19,19)
r(49,4,6,20,20)
r(97,1,6,21,21)
r(46,1,6,22,22)
r(41,1,6,23,23)
r(46,1,6,24,24)
r(14,4,6,25,25)
r(83,5,6,26,26)
r(52,0,6,27,27)
r(41,1,6,28,28)
r(51,1,6,29,29)
r(52,0,6,30,30)
r(52,0,6,31,31)
r(55,5,6,32,32)
r(1,5,6,33,33)
r(96,3,6,34,34)
r(38,3,6,35,35)
r(28,1,6,36,36)
r(82,0,6,37,37)
r(47,4,6,38,38)
r(6,3,6,39,39)
r(50,4,6,40,40)
r(93,3,6,41,41)
r(3,2,6,42,42)
w(4,5,6,43,43)
r(43,3,6,44,44)
w(80,3,6,45,45)
w(8,4,6,46,46)
r(55,5,6,47,47)
r(81,3,6,48,48)
r(25,2,6,49,49)
r(90,2,6,50,50)
r(19,6,6,51,51)
r(2,2,6,52,52)
r(81,3,6,53,53)
r(42,3,6,54,54)
w(39,2,6,55,55)
r(22,4,6,56,56)
r(8,4,6,57,57)
w(21,9,6,58,58)
r(81,3,6,59,59)
w(48,1,6,60,60)
r(8,4,6,61,61)
r(89,5,6,62,62)
r(35,1,6,63,63)
r(15,4,6,64,64)
w(89,6,6,65,65)
r(69,4,6,66,66)
r(0,1,6,67,67)
r(86,6,6,68,68)
r(52,0,6,69,69)
r(82,0,6,70,70)
r(63,4,6,71,71)
r(99,3,6,72,72)
r(93,3,6,73,73)
r(75,3,6,74,74)
r(14,4,6,75,75)
r(99,3,6,76,76)
r(48,1,6,77,77)
r(21,9,6,78,78)
r(0,1,6,79,79)
w(87,5,6,80,80)
r(39,2,6,81,81)
r(0,1,6,82,82)
r(22,4,6,83,83)
r(21,9,6,84,84)
r(77,3,6,85,85)
r(58,3,6,86,86)
r(90,2,6,87,87)
r(35,1,6,88,88)
r(70,4,6,89,89)
r(18,4,6,90,90)
r(66,0,6,91,91)
r(43,3,6,92,92)
r(13,4,6,93,93)
r(48,1,6,94,94)
r(1,5,6,95,95)
r(58,3,6,96,96)
r(99,3,6,97,97)
r(92,3,6,98,98)
r(68,0,6,99,99)
r(53,4,6,100,100)
r(51,1,6,101,101)
r(20,4,6,102,102)
r(58,3,6,103,103)
r(94,3,6,104,104)
r(52,0,6,105,105)
r(71,3,6,106,106)
r(91,6,6,107,107)
w(9,3,6,108,108)
r(19,6,6,109,109)
r(0,1,6,110,110)
r(15,4,6,111,111)
r(86,6,6,112,112)
r(3,2,6,113,113)
r(31,2,6,114,114)
r(25,2,6,115,115)
r(24,5,6,116,116)
w(84,5,6,117,117)
w(54,6,6,118,118)
r(59,4,6,119,119)
r(74,4,6,120,120)
r(42,3,6,121,121)
w(59,5,6,122,122)
r(92,3,6,123,123)
r(85,1,6,124,124)
r(51,1,6,125,125)
r(70,4,6,126,126)
r(50,4,6,127,127)
r(60,3,6,128,128)
r(84,5,6,129,129)
r(45,7,6,130,130)
r(6,3,6,131,131)
r(50,4,6,132,132)
r(14,4,6,133,133)
r(44,3,6,134,134)
r(14,4,6,135,135)
r(76,3,6,136,136)
r(77,3,6,137,137)
r(78,5,6,138,138)
r(61,3,6,139,139)
r(7,2,6,140,140)
r(59,5,6,141,141)
r(36,3,6,142,142)
r(80,3,6,143,143)
r(85,1,6,144,144)
r(26,5,6,145,145)
r(2,2,6,146,146)
w(80,4,6,147,147)
r(72,2,6,148,148)
r(88,1,6,149,149)
r(43,3,6,150,150)
r(20,4,6,151,151)
r(74,4,6,152,152)
r(33,6,6,153,153)
r(7,2,6,154,154)
r(58,3,6,155,155)
r(40,3,6,156,156)
r(26,5,6,157,157)
r(54,6,6,158,158)
r(68,0,6,159,159)
r(83,5,6,160,160)
w(1,6,6,161,161)
r(31,2,6,162,162)
r(51,1,6,163,163)
r(56,1,6,164,164)
w(98,3,6,165,165)
r(28,1,6,166,166)
w(95,6,6,167,167)
r(30,5,6,168,168)
r(51,1,6,169,169)
r(83,5,6,170,170)
r(99,3,6,171,171)
r(41,1,6,172,172)
r(20,4,6,173,173)
r(97,1,6,174,174)
r(84,5,6,175,175)
r(98,3,6,176,176)
r(29,3,6,177,177)
r(42,3,6,178,178)
r(87,5,6,179,179)
r(24,5,6,180,180)
r(62,4,6,181,181)
r(65,2,6,182,182)
r(4,5,6,183,183)
r(23,1,6,184,184)
r(72,2,6,185,185)
r(95,6,6,186,186)
r(66,0,6,187,187)
r(48,1,6,188,188)
r(75,3,6,189,189)
r(5,2,6,190,190)
r(72,2,6,191,191)
r(80,4,6,192,192)
w(89,7,6,193,193)
w(36,4,6,194,194)
r(38,3,6,195,195)
r(7,2,6,196,196)
r(3,2,6,197,197)
r(0,1,6,198,198)
r(28,1,6,199,199)
r(2,2,6,200,200)
w(92,4,6,201,201)
r(42,3,6,202,202)
r(47,4,6,203,203)
r(27,3,6,204,204)
r(53,4,6,205,205)
w(41,2,6,206,206)
r(23,1,6,207,207)
r(54,6,6,208,208)
r(14,4,6,209,209)
r(85,1,6,210,210)
r(55,5,6,211,211)
r(54,6,6,212,212)
r(63,4,6,213,213)
r(93,3,6,214,214)
r(63,4,6,215,215)
r(31,2,6,216,216)
r(96,3,6,217,217)
r(50,4,6,218,218)
r(36,4,6,219,219)
r(33,6,6,220,220)
r(32,3,6,221,221)
r(16,4,6,222,222)
r(38,3,6,223,223)
r(52,0,6,224,224)
w(72,3,6,225,225)
r(74,4,6,226,226)
r(46,1,6,227,227)
r(7,2,6,228,228)
w(14,5,6,229,229)
r(6,3,6,230,230)
r(6,3,6,231,231)
r(1,6,6,232,232)
r(51,1,6,233,233)
r(59,5,6,234,234)
r(30,5,6,235,235)
r(88,1,6,236,236)
r(54,6,6,237,237)
r(68,0,6,238,238)
r(29,3,6,239,239)
r(23,1,6,240,240)
r(54,6,6,241,241)
r(16,4,6,242,242)
r(74,4,6,243,243)
r(51,1,6,244,244)
r(17,0,6,245,245)
r(61,3,6,246,246)
r(85,1,6,247,247)
r(36,4,6,248,248)
r(69,4,6,249,249)
r(37,3,6,250,250)
r(41,2,6,251,251)
r(95,6,6,252,252)
r(53,4,6,253,253)
w(31,3,6,254,254)
r(84,5,6,255,255)
r(86,6,6,256,256)
r(75,3,6,257,257)
r(5,2,6,258,258)
r(22,4,6,259,259)
r(82,0,6,260,260)
r(78,5,6,261,261)
r(94,3,6,262,262)
r(93,3,6,263,263)
r(49,4,6,264,264)
r(58,3,6,265,265)
r(28,1,6,266,266)
r(45,7,6,267,267)
r(77,3,6,268,268)
r(40,3,6,269,269)
r(48,1,6,270,270)
r(31,3,6,271,271)
r(66,0,6,272,272)
r(6,3,6,273,273)
r(64,6,6,274,274)
r(65,2,6,275,275)
r(52,0,6,276,276)
r(59,5,6,277,277)
r(8,4,6,278,278)
r(99,3,6,279,279)
r(83,5,6,280,280)
r(74,4,6,281,281)
r(6,3,6,282,282)
r(99,3,6,283,283)
r(62,4,6,284,284)
r(59,5,6,285,285)
r(20,4,6,286,286)
r(50,4,6,287,287)
r(94,3,6,288,288)
r(86,6,6,289,289)
r(11,2,6,290,290)
r(60,3,6,291,291)
r(24,5,6,292,292)
r(5,2,6,293,293)
w(40,4,6,294,294)
r(75,3,6,295,295)
r(10,5,6,296,296)
r(37,3,6,297,297)
r(60,3,6,298,298)
r(57,1,6,299,299)
r(97,1,6,300,300)
r(87,5,6,301,301)
r(58,3,6,302,302)
r(37,3,6,303,303)
r(65,2,6,304,304)
r(41,2,6,305,305)
r(55,5,6,306,306)
r(83,5,6,307,307)
r(58,3,6,308,308)
r(96,3,6,309,309)
r(69,4,6,310,310)
w(70,5,6,311,311)
r(11,2,6,312,312)
r(97,1,6,313,313)
r(86,6,6,314,314)
r(10,5,6,315,315)
r(22,4,6,316,316)
r(8,4,6,317,317)
w(90,3,6,318,318)
r(11,2,6,319,319)
r(82,0,6,320,320)
r(50,4,6,321,321)
r(21,9,6,322,322)
w(14,6,6,323,323)
r(49,4,6,324,324)
r(98,3,6,325,325)
r(15,4,6,326,326)
r(98,3,6,327,327)
r(54,6,6,328,328)
w(76,4,6,329,329)
r(15,4,6,330,330)
r(61,3,6,331,331)
r(20,4,6,332,332)
r(2,2,6,333,333)
r(38,3,6,334,334)
r(80,4,6,335,335)
r(10,5,6,336,336)
r(84,5,6,337,337)
r(83,5,6,338,338)
w(38,4,6,339,339)
r(58,3,6,340,340)
r(58,3,6,341,341)
w(82,1,6,342,342)
r(50,4,6,343,343)
r(61,3,6,344,344)
w(45,8,6,345,345)
r(2,2,6,346,346)
r(53,4,6,347,347)
r(32,3,6,348,348)
r(10,5,6,349,349)
r(19,6,6,350,350)
r(17,0,6,351,351)
r(41,2,6,352,352)
r(97,1,6,353,353)
r(31,3,6,354,354)
r(55,5,6,355,355)
r(15,4,6,356,356)
w(87,6,6,357,357)
r(87,6,6,358,358)
r(41,2,6,359,359)
r(98,3,6,360,360)
r(18,4,6,361,361)
r(49,4,6,362,362)
r(23,1,6,363,363)
r(61,3,6,364,364)
r(0,1,6,365,365)
r(6,3,6,366,366)
r(70,5,6,367,367)
r(26,5,6,368,368)
r(20,4,6,369,369)
r(81,3,6,370,370)
r(44,3,6,371,371)
r(66,0,6,372,372)
w(75,4,6,373,373)
r(47,4,6,374,374)
r(75,4,6,375,375)
r(75,4,6,376,376)
r(91,6,6,377,377)
r(96,3,6,378,378)
r(50,4,6,379,379)
r(7,2,6,380,380)
r(39,2,6,381,381)
r(8,4,6,382,382)
r(73,3,6,383,383)
r(51,1,6,384,384)
r(2,2,6,385,385)
r(42,3,6,386,386)
r(14,6,6,387,387)
r(4,5,6,388,388)
r(54,6,6,389,389)
r(76,4,6,390,390)
r(44,3,6,391,391)
r(74,4,6,392,392)
r(15,4,6,393,393)
r(18,4,6,394,394)
w(71,4,6,395,395)
r(4,5,6,396,396)
r(66,0,6,397,397)
r(26,5,6,398,398)
r(76,4,6,399,399)
r(82,1,6,400,400)
w(37,4,6,401,401)
r(17,0,6,402,402)
r(92,4,6,403,403)
r(95,6,6,404,404)
r(30,5,6,405,405)
r(63,4,6,406,406)
r(47,4,6,407,407)
r(39,2,6,408,408)
r(96,3,6,409,409)
r(16,4,6,410,410)
w(47,5,6,411,411)
r(73,3,6,412,412)
r(70,5,6,413,413)
w(20,5,6,414,414)
r(28,1,6,415,415)
r(19,6,6,416,416)
r(63,4,6,417,417)
r(87,6,6,418,418)
r(39,2,6,419,419)
r(27,3,6,420,420)
r(11,2,6,421,421)
r(58,3,6,422,422)
r(8,4,6,423,423)
r(65,2,6,424,424)
r(27,3,6,425,425)
r(29,3,6,426,426)
w(99,4,6,427,427)
r(44,3,6,428,428)
r(47,5,6,429,429)
r(45,8,6,430,430)
r(77,3,6,431,431)
r(15,4,6,432,432)
r(95,6,6,433,433)
r(73,3,6,434,434)
r(28,1,6,435,435)
r(50,4,6,436,436)
r(3,2,6,437,437)
r(68,0,6,438,438)
r(57,1,6,439,439)
r(17,0,6,440,440)
r(97,1,6,441,441)
w(7,3,6,442,442)
r(30,5,6,443,443)
r(46,1,6,444,444)
r(17,0,6,445,445)
r(28,1,6,446,446)
r(34,2,6,447,447)
r(6,3,6,448,448)
r(58,3,6,449,449)
r(57,1,6,450,450)
r(40,4,6,451,451)
r(4,5,6,452,452)
r(53,4,6,453,453)
r(38,4,6,454,454)
r(98,3,6,455,455)
r(91,6,6,456,456)
w(84,6,6,457,457)
r(43,3,6,458,458)
r(88,1,6,459,459)
r(4,5,6,460,460)
r(19,6,6,461,461)
r(18,4,6,462,462)
r(70,5,6,463,463)
r(6,3,6,464,464)
r(71,4,6,465,465)
r(54,6,6,466,466)
r(22,4,6,467,467)
r(45,8,6,468,468)
r(55,5,6,469,469)
r(10,5,6,470,470)
r(50,4,6,471,471)
r(16,4,6,472,472)
r(49,4,6,473,473)
w(73,4,6,474,474)
r(53,4,6,475,475)
r(72,3,6,476,476)
r(86,6,6,477,477)
r(49,4,6,478,478)
w(2,3,6,479,479)
r(42,3,6,480,480)
r(62,4,6,481,481)
r(43,3,6,482,482)
r(38,4,6,483,483)
r(48,1,6,484,484)
r(79,6,6,485,485)
r(40,4,6,486,486)
w(64,7,6,487,487)
r(30,5,6,488,488)
r(88,1,6,489,489)
w(75,5,6,490,490)
w(0,2,6,491,491)
r(99,4,6,492,492)
r(92,4,6,493,493)
r(74,4,6,494,494)
r(6,3,6,495,495)
r(30,5,6,496,496)
r(77,3,6,497,497)
r(56,1,6,498,498)
r(91,6,6,499,499)
r(66,0,7,0,0)
r(82,1,7,1,1)
r(24,5,7,2,2)
r(69,4,7,3,3)
r(31,3,7,4,4)
r(91,6,7,5,5)
r(83,5,7,6,6)
r(44,3,7,7,7)
r(62,4,7,8,8)
r(14,6,7,9,9)
r(81,3,7,10,10)
r(26,5,7,11,11)
r(75,5,7,12,12)
r(44,3,7,13,13)
r(7,3,7,14,14)
r(65,2,7,15,15)
r(54,6,7,16,16)
w(80,5,7,17,17)
r(82,1,7,18,18)
r(22,4,7,19,19)
r(66,0,7,20,20)
r(77,3,7,21,21)
r(5,2,7,22,22)
r(13,4,7,23,23)
r(33,6,7,24,24)
r(94,3,7,25,25)
r(97,1,7,26,26)
r(92,4,7,27,27)
r(73,4,7,28,28)
r(75,5,7,29,29)
r(72,3,7,30,30)
w(35,2,7,31,31)
r(90,3,7,32,32)
r(31,3,7,33,33)
r(63,4,7,34,34)
r(20,5,7,35,35)
r(41,2,7,36,36)
w(12,6,7,37,37)
r(63,4,7,38,38)
r(41,2,7,39,39)
r(90,3,7,40,40)
r(36,4,7,41,41)
r(19,6,7,42,42)
w(72,4,7,43,43)
r(78,5,7,44,44)
r(84,6,7,45,45)
r(64,7,7,46,46)
r(28,1,7,47,47)
r(90,3,7,48,48)
w(86,7,7,49,49)
r(31,3,7,50,50)
r(97,1,7,51,51)
r(11,2,7,52,52)
r(65,2,7,53,53)
r(85,1,7,54,54)
r(48,1,7,55,55)
r(45,8,7,56,56)
r(77,3,7,57,57)
r(2,3,7,58,58)
r(32,3,7,59,59)
r(92,4,7,60,60)
r(16,4,7,61,61)
r(75,5,7,62,62)
r(22,4,7,63,63)
r(49,4,7,64,64)
r(65,2,7,65,65)
r(63,4,7,66,66)
r(32,3,7,67,67)
r(68,0,7,68,68)
r(45,8,7,69,69)
r(69,4,7,70,70)
r(7,3,7,71,71)
r(63,4,7,72,72)
r(38,4,7,73,73)
r(65,2,7,74,74)
r(7,3,7,75,75)
r(20,5,7,76,76)
r(59,5,7,77,77)
r(88,1,7,78,78)
r(1,6,7,79,79)
r(52,0,7,80,80)
r(76,4,7,81,81)
r(25,2,7,82,82)
r(52,0,7,83,83)
r(78,5,7,84,84)
r(65,2,7,85,85)
r(43,3,7,86,86)
r(24,5,7,87,87)
r(95,6,7,88,88)
r(83,5,7,89,89)
r(9,3,7,90,90)
r(15,4,7,91,91)
r(37,4,7,92,92)
r(14,6,7,93,93)
r(0,2,7,94,94)
r(36,4,7,95,95)
r(95,6,7,96,96)
r(5,2,7,97,97)
r(47,5,7,98,98)
r(20,5,7,99,99)
r(99,4,7,100,100)
r(11,2,7,101,101)
r(6,3,7,102,102)
r(63,4,7,103,103)
w(2,4,7,104,104)
r(82,1,7,105,105)
r(67,3,7,106,106)
r(28,1,7,107,107)
r(86,7,7,108,108)
r(18,4,7,109,109)
r(36,4,7,110,110)
r(95,6,7,111,111)
r(13,4,7,112,112)
r(42,3,7,113,113)
r(61,3,7,114,114)
r(58,3,7,115,115)
r(83,5,7,116,116)
r(43,3,7,117,117)
r(85,1,7,118,118)
r(57,1,7,119,119)
r(61,3,7,120,120)
r(54,6,7,121,121)
r(10,5,7,122,122)
r(23,1,7,123,123)
w(73,5,7,124,124)
r(22,4,7,125,125)
r(3,2,7,126,126)
w(4,6,7,127,127)
r(0,2,7,128,128)
w(52,1,7,129,129)
r(64,7,7,130,130)
r(7,3,7,131,131)
r(81,3,7,132,132)
r(67,3,7,133,133)
r(18,4,7,134,134)
r(17,0,7,135,135)
r(8,4,7,136,136)
w(35,3,7,137,137)
w(41,3,7,138,138)
r(63,4,7,139,139)
r(63,4,7,140,140)
r(14,6,7,141,141)
w(8,5,7,142,142)
r(16,4,7,143,143)
r(39,2,7,144,144)
r(76,4,7,145,145)
r(54,6,7,146,146)
r(10,5,7,147,147)
r(47,5,7,148,148)
r(55,5,7,149,149)
r(91,6,7,150,150)
r(19,6,7,151,151)
r(21,9,7,152,152)
r(6,3,7,153,153)
r(44,3,7,154,154)
r(87,6,7,155,155)
r(22,4,7,156,156)
r(46,1,7,157,157)
w(22,5,7,158,158)
r(39,2,7,159,159)
r(68,0,7,160,160)
w(42,4,7,161,161)
r(24,5,7,162,162)
r(82,1,7,163,163)
r(46,1,7,164,164)
r(48,1,7,165,165)
w(71,5,7,166,166)
r(8,5,7,167,167)
r(67,3,7,168,168)
w(96,4,7,169,169)
r(34,2,7,170,170)
w(75,6,7,171,171)
r(39,2,7,172,172)
r(49,4,7,173,173)
r(59,5,7,174,174)
r(66,0,7,175,175)
r(15,4,7,176,176)
r(87,6,7,177,177)
r(28,1,7,178,178)
r(92,4,7,179,179)
r(27,3,7,180,180)
r(85,1,7,181,181)
r(10,5,7,182,182)
r(17,0,7,183,183)
r(57,1,7,184,184)
r(22,5,7,185,185)
r(85,1,7,186,186)
r(11,2,7,187,187)
r(48,1,7,188,188)
r(7,3,7,189,189)
r(94,3,7,190,190)
r(60,3,7,191,191)
r(97,1,7,192,192)
r(0,2,7,193,193)
r(29,3,7,194,194)
r(39,2,7,195,195)
r(56,1,7,196,196)
r(37,4,7,197,197)
r(35,3,7,198,198)
r(64,7,7,199,199)
r(57,1,7,200,200)
w(9,4,7,201,201)
r(59,5,7,202,202)
r(22,5,7,203,203)
w(51,2,7,204,204)
r(31,3,7,205,205)
r(12,6,7,206,206)
r(13,4,7,207,207)
r(21,9,7,208,208)
r(41,3,7,209,209)
r(67,3,7,210,210)
r(48,1,7,211,211)
r(36,4,7,212,212)
w(11,3,7,213,213)
r(85,1,7,214,214)
r(68,0,7,215,215)
w(78,6,7,216,216)
r(54,6,7,217,217)
r(65,2,7,218,218)
r(62,4,7,219,219)
r(30,5,7,220,220)
r(84,6,7,221,221)
r(42,4,7,222,222)
r(23,1,7,223,223)
r(20,5,7,224,224)
r(44,3,7,225,225)
r(75,6,7,226,226)
r(7,3,7,227,227)
r(26,5,7,228,228)
w(59,6,7,229,229)
r(76,4,7,230,230)
r(85,1,7,231,231)
r(9,4,7,232,232)
r(31,3,7,233,233)
r(46,1,7,234,234)
r(51,2,7,235,235)
r(94,3,7,236,236)
r(55,5,7,237,237)
r(25,2,7,238,238)
r(51,2,7,239,239)
r(67,3,7,240,240)
r(13,4,7,241,241)
r(87,6,7,242,242)
r(81,3,7,243,243)
r(27,3,7,244,244)
r(38,4,7,245,245)
r(68,0,7,246,246)
r(82,1,7,247,247)
r(72,4,7,248,248)
r(74,4,7,249,249)
r(81,3,7,250,250)
r(36,4,7,251,251)
r(89,7,7,252,252)
r(25,2,7,253,253)
r(83,5,7,254,254)
r(92,4,7,255,255)
r(97,1,7,256,256)
r(64,7,7,257,257)
r(0,2,7,258,258)
r(46,1,7,259,259)
r(63,4,7,260,260)
r(77,3,7,261,261)
r(41,3,7,262,262)
r(90,3,7,263,263)
r(5,2,7,264,264)
w(73,6,7,265,265)
r(64,7,7,266,266)
r(79,6,7,267,267)
r(27,3,7,268,268)
r(66,0,7,269,269)
r(44,3,7,270,270)
w(50,5,7,271,271)
r(31,3,7,272,272)
r(69,4,7,273,273)
r(67,3,7,274,274)
r(17,0,7,275,275)
r(71,5,7,276,276)
r(63,4,7,277,277)
r(15,4,7,278,278)
r(22,5,7,279,279)
r(87,6,7,280,280)
r(8,5,7,281,281)
r(18,4,7,282,282)
r(4,6,7,283,283)
r(50,5,7,284,284)
r(40,4,7,285,285)
r(0,2,7,286,286)
r(89,7,7,287,287)
r(85,1,7,288,288)
r(79,6,7,289,289)
r(31,3,7,290,290)
r(92,4,7,291,291)
r(65,2,7,292,292)
w(68,1,7,293,293)
w(15,5,7,294,294)
w(14,7,7,295,295)
r(6,3,7,296,296)
r(24,5,7,297,297)
r(87,6,7,298,298)
r(82,1,7,299,299)
r(46,1,7,300,300)
r(54,6,7,301,301)
r(93,3,7,302,302)
r(4,6,7,303,303)
w(66,1,7,304,304)
r(33,6,7,305,305)
r(36,4,7,306,306)
r(20,5,7,307,307)
r(15,5,7,308,308)
r(65,2,7,309,309)
r(43,3,7,310,310)
r(26,5,7,311,311)
r(50,5,7,312,312)
r(87,6,7,313,313)
r(58,3,7,314,314)
r(66,1,7,315,315)
r(24,5,7,316,316)
r(31,3,7,317,317)
r(4,6,7,318,318)
r(7,3,7,319,319)
r(12,6,7,320,320)
r(39,2,7,321,321)
r(99,4,7,322,322)
r(70,5,7,323,323)
r(91,6,7,324,324)
r(59,6,7,325,325)
r(9,4,7,326,326)
r(80,5,7,327,327)
r(18,4,7,328,328)
r(70,5,7,329,329)
r(51,2,7,330,330)
r(50,5,7,331,331)
r(28,1,7,332,332)
r(8,5,7,333,333)
r(14,7,7,334,334)
r(47,5,7,335,335)
r(86,7,7,336,336)
r(94,3,7,337,337)
r(88,1,7,338,338)
r(20,5,7,339,339)
r(10,5,7,340,340)
r(9,4,7,341,341)
w(34,3,7,342,342)
r(49,4,7,343,343)
w(89,8,7,344,344)
w(58,4,7,345,345)
r(29,3,7,346,346)
r(99,4,7,347,347)
w(25,3,7,348,348)
r(62,4,7,349,349)
r(17,0,7,350,350)
r(19,6,7,351,351)
r(91,6,7,352,352)
r(86,7,7,353,353)
r(30,5,7,354,354)
w(2,5,7,355,355)
r(35,3,7,356,356)
r(10,5,7,357,357)
r(49,4,7,358,358)
r(22,5,7,359,359)
r(7,3,7,360,360)
r(11,3,7,361,361)
r(64,7,7,362,362)
r(41,3,7,363,363)
r(1,6,7,364,364)
r(22,5,7,365,365)
w(76,5,7,366,366)
r(60,3,7,367,367)
r(27,3,7,368,368)
r(85,1,7,369,369)
r(56,1,7,370,370)
r(64,7,7,371,371)
r(90,3,7,372,372)
r(74,4,7,373,373)
r(65,2,7,374,374)
r(25,3,7,375,375)
r(37,4,7,376,376)
r(97,1,7,377,377)
r(47,5,7,378,378)
r(76,5,7,379,379)
r(39,2,7,380,380)
r(35,3,7,381,381)
r(27,3,7,382,382)
r(13,4,7,383,383)
r(28,1,7,384,384)
r(97,1,7,385,385)
r(60,3,7,386,386)
r(29,3,7,387,387)
r(74,4,7,388,388)
r(56,1,7,389,389)
r(26,5,7,390,390)
r(53,4,7,391,391)
r(88,1,7,392,392)
r(44,3,7,393,393)
r(41,3,7,394,394)
r(36,4,7,395,395)
r(92,4,7,396,396)
r(52,1,7,397,397)
r(47,5,7,398,398)
r(54,6,7,399,399)
r(66,1,7,400,400)
r(3,2,7,401,401)
r(93,3,7,402,402)
r(28,1,7,403,403)
r(55,5,7,404,404)
r(32,3,7,405,405)
r(63,4,7,406,406)
w(33,7,7,407,407)
r(63,4,7,408,408)
r(19,6,7,409,409)
r(76,5,7,410,410)
w(39,3,7,411,411)
r(50,5,7,412,412)
r(41,3,7,413,413)
r(12,6,7,414,414)
r(99,4,7,415,415)
r(70,5,7,416,416)
r(37,4,7,417,417)
r(92,4,7,418,418)
w(38,5,7,419,419)
r(52,1,7,420,420)
r(25,3,7,421,421)
r(38,5,7,422,422)
r(29,3,7,423,423)
r(30,5,7,424,424)
r(69,4,7,425,425)
r(92,4,7,426,426)
r(14,7,7,427,427)
r(79,6,7,428,428)
r(37,4,7,429,429)
r(16,4,7,430,430)
r(39,3,7,431,431)
r(48,1,7,432,432)
r(71,5,7,433,433)
r(14,7,7,434,434)
w(41,4,7,435,435)
r(43,3,7,436,436)
r(6,3,7,437,437)
r(50,5,7,438,438)
r(83,5,7,439,439)
r(13,4,7,440,440)
r(63,4,7,441,441)
r(9,4,7,442,442)
r(12,6,7,443,443)
r(37,4,7,444,444)
r(58,4,7,445,445)
r(49,4,7,446,446)
r(26,5,7,447,447)
r(55,5,7,448,448)
r(3,2,7,449,449)
r(56,1,7,450,450)
r(73,6,7,451,451)
r(53,4,7,452,452)
r(44,3,7,453,453)
r(66,1,7,454,454)
r(0,2,7,455,455)
r(43,3,7,456,456)
r(18,4,7,457,457)
r(65,2,7,458,458)
r(42,4,7,459,459)
r(30,5,7,460,460)
r(79,6,7,461,461)
r(85,1,7,462,462)
r(94,3,7,463,463)
r(78,6,7,464,464)
r(47,5,7,465,465)
r(80,5,7,466,466)
r(97,1,7,467,467)
r(10,5,7,468,468)
r(71,5,7,469,469)
r(67,3,7,470,470)
r(76,5,7,471,471)
r(2,5,7,472,472)
r(54,6,7,473,473)
r(21,9,7,474,474)
r(82,1,7,475,475)
r(63,4,7,476,476)
r(66,1,7,477,477)
r(95,6,7,478,478)
r(86,7,7,479,479)
r(71,5,7,480,480)
w(29,4,7,481,481)
r(60,3,7,482,482)
r(55,5,7,483,483)
r(68,1,7,484,484)
w(30,6,7,485,485)
r(21,9,7,486,486)
r(88,1,7,487,487)
r(63,4,7,488,488)
r(18,4,7,489,489)
r(22,5,7,490,490)
r(76,5,7,491,491)
r(58,4,7,492,492)
r(42,4,7,493,493)
r(85,1,7,494,494)
r(34,3,7,495,495)
r(55,5,7,496,496)
r(61,3,7,497,497)
w(54,7,7,498,498)
r(38,5,7,499,499)
r(27,3,8,0,0)
r(13,4,8,1,1)
r(33,7,8,2,2)
w(60,4,8,3,3)
r(20,5,8,4,4)
r(93,3,8,5,5)
r(22,5,8,6,6)
w(73,7,8,7,7)
r(23,1,8,8,8)
r(2,5,8,9,9)
r(20,5,8,10,10)
r(0,2,8,11,11)
r(57,1,8,12,12)
w(67,4,8,13,13)
r(18,4,8,14,14)
r(34,3,8,15,15)
r(80,5,8,16,16)
r(88,1,8,17,17)
r(27,3,8,18,18)
r(85,1,8,19,19)
r(42,4,8,20,20)
r(2,5,8,21,21)
r(62,4,8,22,22)
r(18,4,8,23,23)
w(72,5,8,24,24)
r(74,4,8,25,25)
r(6,3,8,26,26)
r(25,3,8,27,27)
r(94,3,8,28,28)
r(19,6,8,29,29)
r(68,1,8,30,30)
r(37,4,8,31,31)
r(17,0,8,32,32)
r(74,4,8,33,33)
r(84,6,8,34,34)
r(37,4,8,35,35)
r(41,4,8,36,36)
r(11,3,8,37,37)
r(13,4,8,38,38)
r(47,5,8,39,39)
r(39,3,8,40,40)
w(64,8,8,41,41)
r(6,3,8,42,42)
r(64,8,8,43,43)
w(14,8,8,44,44)
r(16,4,8,45,45)
r(14,8,8,46,46)
w(1,7,8,47,47)
r(22,5,8,48,48)
r(10,5,8,49,49)
r(63,4,8,50,50)
r(54,7,8,51,51)
w(46,2,8,52,52)
r(53,4,8,53,53)
r(82,1,8,54,54)
r(13,4,8,55,55)
w(19,7,8,56,56)
r(44,3,8,57,57)
r(37,4,8,58,58)
r(25,3,8,59,59)
r(8,5,8,60,60)
r(45,8,8,61,61)
r(64,8,8,62,62)
r(33,7,8,63,63)
r(82,1,8,64,64)
r(67,4,8,65,65)
r(23,1,8,66,66)
r(94,3,8,67,67)
r(38,5,8,68,68)
r(70,5,8,69,69)
r(47,5,8,70,70)
r(54,7,8,71,71)
r(71,5,8,72,72)
r(49,4,8,73,73)
r(90,3,8,74,74)
r(2,5,8,75,75)
w(91,7,8,76,76)
r(27,3,8,77,77)
r(19,7,8,78,78)
r(98,3,8,79,79)
r(88,1,8,80,80)
r(86,7,8,81,81)
r(36,4,8,82,82)
r(47,5,8,83,83)
r(5,2,8,84,84)
r(4,6,8,85,85)
r(11,3,8,86,86)
r(16,4,8,87,87)
r(63,4,8,88,88)
r(38,5,8,89,89)
w(91,8,8,90,90)
r(58,4,8,91,91)
r(18,4,8,92,92)
r(61,3,8,93,93)
r(77,3,8,94,94)
r(95,6,8,95,95)
r(53,4,8,96,96)
r(26,5,8,97,97)
r(72,5,8,98,98)
r(88,1,8,99,99)
r(53,4,8,100,100)
r(24,5,8,101,101)
w(14,9,8,102,102)
r(65,2,8,103,103)
r(94,3,8,104,104)
r(98,3,8,105,105)
w(27,4,8,106,106)
r(18,4,8,107,107)
w(22,6,8,108,108)
r(77,3,8,109,109)
r(72,5,8,110,110)
r(60,4,8,111,111)
r(61,3,8,112,112)
r(24,5,8,113,113)
r(35,3,8,114,114)
r(3,2,8,115,115)
r(13,4,8,116,116)
r(70,5,8,117,117)
r(38,5,8,118,118)
w(30,7,8,119,119)
w(51,3,8,120,120)
w(75,7,8,121,121)
r(95,6,8,122,122)
r(95,6,8,123,123)
w(41,5,8,124,124)
r(47,5,8,125,125)
r(61,3,8,126,126)
r(17,0,8,127,127)
r(58,4,8,128,128)
r(5,2,8,129,129)
r(20,5,8,130,130)
r(67,4,8,131,131)
r(0,2,8,132,132)
r(34,3,8,133,133)
r(14,9,8,134,134)
r(84,6,8,135,135)
r(52,1,8,136,136)
r(21,9,8,137,137)
r(67,4,8,138,138)
r(1,7,8,139,139)
w(22,7,8,140,140)
r(33,7,8,141,141)
r(95,6,8,142,142)
r(86,7,8,143,143)
w(27,5,8,144,144)
r(14,9,8,145,145)
r(5,2,8,146,146)
r(54,7,8,147,147)
r(9,4,8,148,148)
w(32,4,8,149,149)
r(68,1,8,150,150)
w(12,7,8,151,151)
r(72,5,8,152,152)
r(14,9,8,153,153)
r(66,1,8,154,154)
r(34,3,8,155,155)
r(99,4,8,156,156)
r(32,4,8,157,157)
w(14,10,8,158,158)
r(16,4,8,159,159)
r(14,10,8,160,160)
r(73,7,8,161,161)
w(33,8,8,162,162)
r(21,9,8,163,163)
w(71,6,8,164,164)
r(81,3,8,165,165)
r(69,4,8,166,166)
r(11,3,8,167,167)
r(0,2,8,168,168)
r(93,3,8,169,169)
r(99,4,8,170,170)
r(66,1,8,171,171)
r(20,5,8,172,172)
r(10,5,8,173,173)
r(86,7,8,174,174)
r(58,4,8,175,175)
r(98,3,8,176,176)
r(29,4,8,177,177)
r(84,6,8,178,178)
r(80,5,8,179,179)
w(62,5,8,180,180)
r(17,0,8,181,181)
r(7,3,8,182,182)
r(71,6,8,183,183)
r(14,10,8,184,184)
r(63,4,8,185,185)
r(67,4,8,186,186)
r(76,5,8,187,187)
r(39,3,8,188,188)
r(22,7,8,189,189)
w(84,7,8,190,190)
r(24,5,8,191,191)
w(22,8,8,192,192)
r(31,3,8,193,193)
r(99,4,8,194,194)
w(94,4,8,195,195)
r(76,5,8,196,196)
r(56,1,8,197,197)
w(70,6,8,198,198)
r(89,8,8,199,199)
r(39,3,8,200,200)
w(77,4,8,201,201)
r(99,4,8,202,202)
r(23,1,8,203,203)
r(9,4,8,204,204)
r(64,8,8,205,205)
r(47,5,8,206,206)
r(75,7,8,207,207)
w(93,4,8,208,208)
r(38,5,8,209,209)
r(95,6,8,210,210)
r(80,5,8,211,211)
r(0,2,8,212,212)
r(83,5,8,213,213)
r(91,8,8,214,214)
r(76,5,8,215,215)
w(64,9,8,216,216)
r(69,4,8,217,217)
r(8,5,8,218,218)
r(69,4,8,219,219)
r(78,6,8,220,220)
r(90,3,8,221,221)
r(5,2,8,222,222)
r(66,1,8,223,223)
r(76,5,8,224,224)
r(31,3,8,225,225)
r(56,1,8,226,226)
r(11,3,8,227,227)
r(75,7,8,228,228)
r(82,1,8,229,229)
r(96,4,8,230,230)
w(63,5,8,231,231)
r(19,7,8,232,232)
r(59,6,8,233,233)
r(37,4,8,234,234)
r(24,5,8,235,235)
r(31,3,8,236,236)
r(41,5,8,237,237)
r(85,1,8,238,238)
r(89,8,8,239,239)
r(21,9,8,240,240)
w(12,8,8,241,241)
r(18,4,8,242,242)
r(56,1,8,243,243)
r(81,3,8,244,244)
r(84,7,8,245,245)
r(77,4,8,246,246)
r(79,6,8,247,247)
r(99,4,8,248,248)
r(93,4,8,249,249)
r(34,3,8,250,250)
r(85,1,8,251,251)
r(11,3,8,252,252)
r(78,6,8,253,253)
r(7,3,8,254,254)
r(58,4,8,255,255)
r(61,3,8,256,256)
r(90,3,8,257,257)
r(95,6,8,258,258)
r(63,5,8,259,259)
r(84,7,8,260,260)
r(81,3,8,261,261)
r(81,3,8,262,262)
r(36,4,8,263,263)
r(33,8,8,264,264)
r(4,6,8,265,265)
r(88,1,8,266,266)
r(35,3,8,267,267)
r(74,4,8,268,268)
r(72,5,8,269,269)
r(86,7,8,270,270)
r(39,3,8,271,271)
r(33,8,8,272,272)
w(54,8,8,273,273)
r(90,3,8,274,274)
r(93,4,8,275,275)
r(39,3,8,276,276)
r(32,4,8,277,277)
r(91,8,8,278,278)
w(92,5,8,279,279)
r(25,3,8,280,280)
r(37,4,8,281,281)
r(45,8,8,282,282)
r(79,6,8,283,283)
r(5,2,8,284,284)
r(27,5,8,285,285)
r(80,5,8,286,286)
r(2,5,8,287,287)
w(87,7,8,288,288)
r(65,2,8,289,289)
w(62,6,8,290,290)
r(99,4,8,291,291)
r(27,5,8,292,292)
r(76,5,8,293,293)
r(48,1,8,294,294)
r(20,5,8,295,295)
r(82,1,8,296,296)
w(91,9,8,297,297)
r(46,2,8,298,298)
r(96,4,8,299,299)
r(95,6,8,300,300)
r(9,4,8,301,301)
w(34,4,8,302,302)
r(50,5,8,303,303)
r(55,5,8,304,304)
w(76,6,8,305,305)
r(74,4,8,306,306)
r(93,4,8,307,307)
r(66,1,8,308,308)
r(49,4,8,309,309)
r(28,1,8,310,310)
r(97,1,8,311,311)
r(12,8,8,312,312)
r(28,1,8,313,313)
r(83,5,8,314,314)
r(88,1,8,315,315)
w(84,8,8,316,316)
r(99,4,8,317,317)
r(96,4,8,318,318)
r(0,2,8,319,319)
r(64,9,8,320,320)
r(95,6,8,321,321)
r(67,4,8,322,322)
r(43,3,8,323,323)
r(82,1,8,324,324)
r(7,3,8,325,325)
r(31,3,8,326,326)
w(6,4,8,327,327)
r(7,3,8,328,328)
r(12,8,8,329,329)
r(15,5,8,330,330)
r(76,6,8,331,331)
w(22,9,8,332,332)
r(77,4,8,333,333)
r(2,5,8,334,334)
r(40,4,8,335,335)
r(80,5,8,336,336)
r(67,4,8,337,337)
w(52,2,8,338,338)
r(75,7,8,339,339)
r(98,3,8,340,340)
r(12,8,8,341,341)
r(95,6,8,342,342)
r(58,4,8,343,343)
r(53,4,8,344,344)
w(63,6,8,345,345)
r(87,7,8,346,346)
r(92,5,8,347,347)
r(89,8,8,348,348)
r(6,4,8,349,349)
r(0,2,8,350,350)
r(18,4,8,351,351)
r(90,3,8,352,352)
r(23,1,8,353,353)
r(59,6,8,354,354)
r(62,6,8,355,355)
w(37,5,8,356,356)
r(49,4,8,357,357)
r(14,10,8,358,358)
r(36,4,8,359,359)
r(94,4,8,360,360)
r(46,2,8,361,361)
r(45,8,8,362,362)
r(36,4,8,363,363)
r(2,5,8,364,364)
w(37,6,8,365,365)
r(25,3,8,366,366)
r(20,5,8,367,367)
r(40,4,8,368,368)
r(78,6,8,369,369)
r(26,5,8,370,370)
r(31,3,8,371,371)
r(86,7,8,372,372)
r(76,6,8,373,373)
r(75,7,8,374,374)
r(94,4,8,375,375)
r(6,4,8,376,376)
r(82,1,8,377,377)
r(70,6,8,378,378)
r(12,8,8,379,379)
w(36,5,8,380,380)
r(78,6,8,381,381)
r(51,3,8,382,382)
r(35,3,8,383,383)
r(74,4,8,384,384)
w(62,7,8,385,385)
w(70,7,8,386,386)
r(1,7,8,387,387)
r(77,4,8,388,388)
r(72,5,8,389,389)
r(19,7,8,390,390)
w(26,6,8,391,391)
r(28,1,8,392,392)
r(9,4,8,393,393)
r(17,0,8,394,394)
r(99,4,8,395,395)
w(72,6,8,396,396)
r(46,2,8,397,397)
r(87,7,8,398,398)
r(16,4,8,399,399)
r(5,2,8,400,400)
r(45,8,8,401,401)
w(43,4,8,402,402)
r(63,6,8,403,403)
w(58,5,8,404,404)
r(24,5,8,405,405)
r(7,3,8,406,406)
r(71,6,8,407,407)
r(18,4,8,408,408)
r(56,1,8,409,409)
r(42,4,8,410,410)
r(50,5,8,411,411)
r(65,2,8,412,412)
r(99,4,8,413,413)
r(67,4,8,414,414)
r(15,5,8,415,415)
r(12,8,8,416,416)
r(50,5,8,417,417)
r(57,1,8,418,418)
r(81,3,8,419,419)
r(77,4,8,420,420)
r(1,7,8,421,421)
r(94,4,8,422,422)
r(50,5,8,423,423)
r(13,4,8,424,424)
r(14,10,8,425,425)
r(45,8,8,426,426)
r(54,8,8,427,427)
w(87,8,8,428,428)
r(16,4,8,429,429)
r(75,7,8,430,430)
r(88,1,8,431,431)
r(7,3,8,432,432)
r(32,4,8,433,433)
r(84,8,8,434,434)
r(82,1,8,435,435)
r(53,4,8,436,436)
r(67,4,8,437,437)
r(31,3,8,438,438)
r(28,1,8,439,439)
r(20,5,8,440,440)
r(55,5,8,441,441)
r(29,4,8,442,442)
r(32,4,8,443,443)
r(1,7,8,444,444)
r(60,4,8,445,445)
r(78,6,8,446,446)
r(78,6,8,447,447)
r(70,7,8,448,448)
r(76,6,8,449,449)
r(93,4,8,450,450)
r(91,9,8,451,451)
r(0,2,8,452,452)
r(50,5,8,453,453)
r(56,1,8,454,454)
r(58,5,8,455,455)
r(81,3,8,456,456)
r(86,7,8,457,457)
r(65,2,8,458,458)
r(65,2,8,459,459)
r(13,4,8,460,460)
r(32,4,8,461,461)
r(83,5,8,462,462)
r(32,4,8,463,463)
w(25,4,8,464,464)
r(65,2,8,465,465)
r(8,5,8,466,466)
r(54,8,8,467,467)
r(12,8,8,468,468)
r(97,1,8,469,469)
r(38,5,8,470,470)
r(73,7,8,471,471)
r(71,6,8,472,472)
r(74,4,8,473,473)
r(76,6,8,474,474)
r(81,3,8,475,475)
r(78,6,8,476,476)
r(74,4,8,477,477)
r(81,3,8,478,478)
r(90,3,8,479,479)
r(37,6,8,480,480)
r(49,4,8,481,481)
r(70,7,8,482,482)
r(13,4,8,483,483)
r(88,1,8,484,484)
r(81,3,8,485,485)
r(98,3,8,486,486)
r(70,7,8,487,487)
r(24,5,8,488,488)
r(67,4,8,489,489)
r(61,3,8,490,490)
r(49,4,8,491,491)
r(70,7,8,492,492)
r(33,8,8,493,493)
r(49,4,8,494,494)
r(52,2,8,495,495)
r(96,4,8,496,496)
w(71,7,8,497,497)
r(76,6,8,498,498)
r(8,5,8,499,499)
w(91,10,9,0,0)
r(56,1,9,1,1)
r(29,4,9,2,2)
r(0,2,9,3,3)
r(89,8,9,4,4)
r(1,7,9,5,5)
r(2,5,9,6,6)
r(4,6,9,7,7)
r(43,4,9,8,8)
r(80,5,9,9,9)
r(65,2,9,10,10)
w(47,6,9,11,11)
w(77,5,9,12,12)
r(98,3,9,13,13)
r(40,4,9,14,14)
r(66,1,9,15,15)
r(75,7,9,16,16)
w(60,5,9,17,17)
r(22,9,9,18,18)
r(98,3,9,19,19)
r(77,5,9,20,20)
r(17,0,9,21,21)
w(25,5,9,22,22)
w(43,5,9,23,23)
r(44,3,9,24,24)
r(62,7,9,25,25)
r(52,2,9,26,26)
r(90,3,9,27,27)
r(72,6,9,28,28)
r(62,7,9,29,29)
r(39,3,9,30,30)
r(21,9,9,31,31)
r(25,5,9,32,32)
r(21,9,9,33,33)
r(1,7,9,34,34)
r(50,5,9,35,35)
r(92,5,9,36,36)
r(55,5,9,37,37)
r(57,1,9,38,38)
r(51,3,9,39,39)
r(92,5,9,40,40)
r(55,5,9,41,41)
r(89,8,9,42,42)
r(81,3,9,43,43)
r(66,1,9,44,44)
r(21,9,9,45,45)
r(83,5,9,46,46)
r(27,5,9,47,47)
r(70,7,9,48,48)
r(96,4,9,49,49)
r(64,9,9,50,50)
r(19,7,9,51,51)
r(13,4,9,52,52)
r(79,6,9,53,53)
r(67,4,9,54,54)
r(40,4,9,55,55)
r(25,5,9,56,56)
r(73,7,9,57,57)
r(51,3,9,58,58)
r(71,7,9,59,59)
w(0,3,9,60,60)
r(75,7,9,61,61)
r(1,7,9,62,62)
r(78,6,9,63,63)
r(33,8,9,64,64)
r(47,6,9,65,65)
r(84,8,9,66,66)
r(18,4,9,67,67)
r(27,5,9,68,68)
r(55,5,9,69,69)
r(45,8,9,70,70)
r(75,7,9,71,71)
r(20,5,9,72,72)
r(45,8,9,73,73)
r(92,5,9,74,74)
w(53,5,9,75,75)
r(21,9,9,76,76)
r(97,1,9,77,77)
r(39,3,9,78,78)
r(76,6,9,79,79)
r(88,1,9,80,80)
r(32,4,9,81,81)
r(1,7,9,82,82)
r(79,6,9,83,83)
r(96,4,9,84,84)
r(90,3,9,85,85)
r(4,6,9,86,86)
r(93,4,9,87,87)
r(69,4,9,88,88)
r(37,6,9,89,89)
r(63,6,9,90,90)
r(92,5,9,91,91)
r(48,1,9,92,92)
r(28,1,9,93,93)
r(60,5,9,94,94)
r(23,1,9,95,95)
r(70,7,9,96,96)
r(89,8,9,97,97)
r(53,5,9,98,98)
r(72,6,9,99,99)
r(33,8,9,100,100)
r(51,3,9,101,101)
r(31,3,9,102,102)
r(24,5,9,103,103)
r(49,4,9,104,104)
r(77,5,9,105,105)
r(75,7,9,106,106)
w(68,2,9,107,107)
r(48,1,9,108,108)
r(94,4,9,109,109)
r(55,5,9,110,110)
r(12,8,9,111,111)
r(73,7,9,112,112)
r(82,1,9,113,113)
r(57,1,9,114,114)
r(88,1,9,115,115)
r(81,3,9,116,116)
r(13,4,9,117,117)
w(50,6,9,118,118)
r(14,10,9,119,119)
r(15,5,9,120,120)
w(24,6,9,121,121)
r(70,7,9,122,122)
r(95,6,9,123,123)
r(69,4,9,124,124)
r(7,3,9,125,125)
r(28,1,9,126,126)
r(19,7,9,127,127)
r(10,5,9,128,128)
r(28,1,9,129,129)
r(93,4,9,130,130)
r(84,8,9,131,131)
r(70,7,9,132,132)
r(69,4,9,133,133)
r(34,4,9,134,134)
r(80,5,9,135,135)
r(38,5,9,136,136)
r(52,2,9,137,137)
r(21,9,9,138,138)
r(83,5,9,139,139)
r(34,4,9,140,140)
r(43,5,9,141,141)
r(87,8,9,142,142)
r(39,3,9,143,143)
r(38,5,9,144,144)
r(13,4,9,145,145)
r(77,5,9,146,146)
r(98,3,9,147,147)
r(41,5,9,148,148)
r(8,5,9,149,149)
r(40,4,9,150,150)
r(73,7,9,151,151)
r(38,5,9,152,152)
r(69,4,9,153,153)
r(31,3,9,154,154)
r(86,7,9,155,155)
w(94,5,9,156,156)
r(43,5,9,157,157)
r(90,3,9,158,158)
r(24,6,9,159,159)
r(75,7,9,160,160)
r(13,4,9,161,161)
r(79,6,9,162,162)
r(65,2,9,163,163)
r(68,2,9,164,164)
r(98,3,9,165,165)
r(48,1,9,166,166)
r(44,3,9,167,167)
r(88,1,9,168,168)
r(3,2,9,169,169)
r(32,4,9,170,170)
r(22,9,9,171,171)
r(30,7,9,172,172)
w(93,5,9,173,173)
w(79,7,9,174,174)
r(50,6,9,175,175)
r(42,4,9,176,176)
r(69,4,9,177,177)
r(0,3,9,178,178)
w(30,8,9,179,179)
r(65,2,9,180,180)
r(66,1,9,181,181)
r(22,9,9,182,182)
r(74,4,9,183,183)
r(52,2,9,184,184)
r(75,7,9,185,185)
r(91,10,9,186,186)
r(31,3,9,187,187)
r(63,6,9,188,188)
r(67,4,9,189,189)
r(85,1,9,190,190)
r(59,6,9,191,191)
r(29,4,9,192,192)
r(65,2,9,193,193)
r(91,10,9,194,194)
r(75,7,9,195,195)
r(86,7,9,196,196)
r(12,8,9,197,197)
r(70,7,9,198,198)
r(92,5,9,199,199)
r(70,7,9,200,200)
r(77,5,9,201,201)
w(22,10,9,202,202)
r(0,3,9,203,203)
r(10,5,9,204,204)
r(70,7,9,205,205)
w(4,7,9,206,206)
w(10,6,9,207,207)
r(44,3,9,208,208)
r(39,3,9,209,209)
r(33,8,9,210,210)
w(46,3,9,211,211)
r(93,5,9,212,212)
r(18,4,9,213,213)
r(93,5,9,214,214)
r(24,6,9,215,215)
r(46,3,9,216,216)
r(1,7,9,217,217)
r(3,2,9,218,218)
w(6,5,9,219,219)
r(39,3,9,220,220)
r(98,3,9,221,221)
r(61,3,9,222,222)
r(44,3,9,223,223)
r(8,5,9,224,224)
r(34,4,9,225,225)
r(45,8,9,226,226)
r(93,5,9,227,227)
r(40,4,9,228,228)
r(85,1,9,229,229)
r(19,7,9,230,230)
r(71,7,9,231,231)
r(36,5,9,232,232)
r(12,8,9,233,233)
w(54,9,9,234,234)
r(23,1,9,235,235)
r(59,6,9,236,236)
r(30,8,9,237,237)
r(37,6,9,238,238)
r(5,2,9,239,239)
r(12,8,9,240,240)
w(83,6,9,241,241)
r(70,7,9,242,242)
r(7,3,9,243,243)
r(14,10,9,244,244)
r(93,5,9,245,245)
r(49,4,9,246,246)
r(53,5,9,247,247)
r(26,6,9,248,248)
r(15,5,9,249,249)
r(8,5,9,250,250)
r(91,10,9,251,251)
r(9,4,9,252,252)
w(60,6,9,253,253)
r(81,3,9,254,254)
r(28,1,9,255,255)
r(70,7,9,256,256)
r(53,5,9,257,257)
r(43,5,9,258,258)
r(15,5,9,259,259)
w(20,6,9,260,260)
r(53,5,9,261,261)
r(34,4,9,262,262)
r(20,6,9,263,263)
r(51,3,9,264,264)
r(30,8,9,265,265)
r(54,9,9,266,266)
r(18,4,9,267,267)
r(13,4,9,268,268)
r(77,5,9,269,269)
w(34,5,9,270,270)
r(74,4,9,271,271)
r(94,5,9,272,272)
r(50,6,9,273,273)
r(85,1,9,274,274)
r(59,6,9,275,275)
r(50,6,9,276,276)
r(65,2,9,277,277)
r(87,8,9,278,278)
r(27,5,9,279,279)
r(81,3,9,280,280)
r(72,6,9,281,281)
r(22,10,9,282,282)
r(38,5,9,283,283)
r(6,5,9,284,284)
r(72,6,9,285,285)
r(25,5,9,286,286)
r(16,4,9,287,287)
r(73,7,9,288,288)
w(73,8,9,289,289)
r(44,3,9,290,290)
r(6,5,9,291,291)
r(92,5,9,292,292)
r(19,7,9,293,293)
r(7,3,9,294,294)
r(55,5,9,295,295)
r(74,4,9,296,296)
r(61,3,9,297,297)
r(10,6,9,298,298)
r(57,1,9,299,299)
r(10,6,9,300,300)
r(61,3,9,301,301)
w(97,2,9,302,302)
r(50,6,9,303,303)
r(54,9,9,304,304)
w(37,7,9,305,305)
r(10,6,9,306,306)
r(18,4,9,307,307)
r(99,4,9,308,308)
r(6,5,9,309,309)
r(93,5,9,310,310)
w(29,5,9,311,311)
r(8,5,9,312,312)
r(36,5,9,313,313)
r(93,5,9,314,314)
r(55,5,9,315,315)
r(38,5,9,316,316)
r(7,3,9,317,317)
r(69,4,9,318,318)
r(18,4,9,319,319)
r(61,3,9,320,320)
r(64,9,9,321,321)
r(28,1,9,322,322)
r(57,1,9,323,323)
r(11,3,9,324,324)
w(82,2,9,325,325)
r(60,6,9,326,326)
r(50,6,9,327,327)
r(57,1,9,328,328)
r(68,2,9,329,329)
r(3,2,9,330,330)
r(89,8,9,331,331)
r(94,5,9,332,332)
r(48,1,9,333,333)
r(17,0,9,334,334)
r(39,3,9,335,335)
r(8,5,9,336,336)
r(65,2,9,337,337)
r(52,2,9,338,338)
r(13,4,9,339,339)
r(39,3,9,340,340)
w(30,9,9,341,341)
r(13,4,9,342,342)
w(36,6,9,343,343)
r(80,5,9,344,344)
r(42,4,9,345,345)
r(86,7,9,346,346)
r(39,3,9,347,347)
w(8,6,9,348,348)
r(92,5,9,349,349)
r(61,3,9,350,350)
r(89,8,9,351,351)
r(58,5,9,352,352)
r(3,2,9,353,353)
r(7,3,9,354,354)
r(92,5,9,355,355)
r(79,7,9,356,356)
r(99,4,9,357,357)
r(8,6,9,358,358)
r(25,5,9,359,359)
r(32,4,9,360,360)
r(47,6,9,361,361)
r(49,4,9,362,362)
r(64,9,9,363,363)
r(50,6,9,364,364)
r(95,6,9,365,365)
r(72,6,9,366,366)
r(84,8,9,367,367)
r(8,6,9,368,368)
r(88,1,9,369,369)
r(7,3,9,370,370)
r(7,3,9,371,371)
r(55,5,9,372,372)
r(64,9,9,373,373)
r(53,5,9,374,374)
r(54,9,9,375,375)
r(16,4,9,376,376)
r(27,5,9,377,377)
w(87,9,9,378,378)
r(52,2,9,379,379)
r(74,4,9,380,380)
r(71,7,9,381,381)
w(59,7,9,382,382)
r(41,5,9,383,383)
r(8,6,9,384,384)
r(72,6,9,385,385)
r(71,7,9,386,386)
r(34,5,9,387,387)
r(29,5,9,388,388)
r(34,5,9,389,389)
r(72,6,9,390,390)
r(9,4,9,391,391)
r(13,4,9,392,392)
r(48,1,9,393,393)
r(96,4,9,394,394)
r(37,7,9,395,395)
r(73,8,9,396,396)
r(21,9,9,397,397)
r(77,5,9,398,398)
r(49,4,9,399,399)
r(16,4,9,400,400)
r(5,2,9,401,401)
r(44,3,9,402,402)
r(60,6,9,403,403)
r(5,2,9,404,404)
r(12,8,9,405,405)
r(85,1,9,406,406)
r(55,5,9,407,407)
r(29,5,9,408,408)
r(26,6,9,409,409)
r(21,9,9,410,410)
r(79,7,9,411,411)
w(39,4,9,412,412)
r(37,7,9,413,413)
r(56,1,9,414,414)
r(35,3,9,415,415)
r(90,3,9,416,416)
r(0,3,9,417,417)
r(97,2,9,418,418)
r(61,3,9,419,419)
r(77,5,9,420,420)
r(95,6,9,421,421)
r(80,5,9,422,422)
r(60,6,9,423,423)
r(67,4,9,424,424)
r(78,6,9,425,425)
r(81,3,9,426,426)
r(39,4,9,427,427)
r(87,9,9,428,428)
r(15,5,9,429,429)
r(61,3,9,430,430)
r(21,9,9,431,431)
r(62,7,9,432,432)
r(17,0,9,433,433)
r(97,2,9,434,434)
r(32,4,9,435,435)
r(58,5,9,436,436)
r(41,5,9,437,437)
r(45,8,9,438,438)
r(63,6,9,439,439)
r(48,1,9,440,440)
r(94,5,9,441,441)
r(82,2,9,442,442)
r(69,4,9,443,443)
r(18,4,9,444,444)
r(2,5,9,445,445)
r(71,7,9,446,446)
r(66,1,9,447,447)
r(85,1,9,448,448)
r(42,4,9,449,449)
r(11,3,9,450,450)
r(56,1,9,451,451)
r(29,5,9,452,452)
w(84,9,9,453,453)
r(34,5,9,454,454)
r(3,2,9,455,455)
r(91,10,9,456,456)
w(24,7,9,457,457)
r(74,4,9,458,458)
r(94,5,9,459,459)
r(10,6,9,460,460)
r(87,9,9,461,461)
r(32,4,9,462,462)
r(30,9,9,463,463)
r(95,6,9,464,464)
r(26,6,9,465,465)
r(34,5,9,466,466)
r(59,7,9,467,467)
r(28,1,9,468,468)
r(86,7,9,469,469)
r(13,4,9,470,470)
r(81,3,9,471,471)
r(65,2,9,472,472)
r(2,5,9,473,473)
r(87,9,9,474,474)
r(56,1,9,475,475)
r(57,1,9,476,476)
r(77,5,9,477,477)
r(5,2,9,478,478)
r(68,2,9,479,479)
w(35,4,9,480,480)
r(78,6,9,481,481)
r(75,7,9,482,482)
r(61,3,9,483,483)
r(12,8,9,484,484)
r(35,4,9,485,485)
w(41,6,9,486,486)
r(21,9,9,487,487)
r(89,8,9,488,488)
r(93,5,9,489,489)
r(52,2,9,490,490)
r(14,10,9,491,491)
r(81,3,9,492,492)
r(64,9,9,493,493)
r(53,5,9,494,494)
r(87,9,9,495,495)
r(15,5,9,496,496)
r(62,7,9,497,497)
r(45,8,9,498,498)
r(76,6,9,499,499)
