w(375,1,0,0,0)
w(348,1,0,1,1)
w(488,1,0,2,2)
w(387,1,0,3,3)
w(799,1,0,4,4)
w(329,1,0,5,5)
w(991,1,0,6,6)
w(268,1,0,7,7)
r(55,0,0,8,8)
w(513,1,0,9,9)
w(375,2,0,10,10)
w(186,1,0,11,11)
w(16,1,0,12,12)
w(67,1,0,13,13)
w(269,1,0,14,14)
w(397,1,0,15,15)
w(752,1,0,16,16)
w(327,1,0,17,17)
w(329,2,0,18,18)
w(352,1,0,19,19)
r(306,0,0,20,20)
w(212,1,0,21,21)
w(899,1,0,22,22)
w(927,1,0,23,23)
w(643,1,0,24,24)
r(467,0,0,25,25)
w(479,1,0,26,26)
w(475,1,0,27,27)
w(554,1,0,28,28)
r(807,0,0,29,29)
w(363,1,0,30,30)
w(820,1,0,31,31)
w(103,1,0,32,32)
w(741,1,0,33,33)
w(34,1,0,34,34)
w(239,1,0,35,35)
w(404,1,0,36,36)
w(416,1,0,37,37)
r(236,0,0,38,38)
w(401,1,0,39,39)
w(141,1,0,40,40)
w(279,1,0,41,41)
w(369,1,0,42,42)
w(522,1,0,43,43)
w(653,1,0,44,44)
w(12,1,0,45,45)
w(514,1,0,46,46)
w(258,1,0,47,47)
w(364,1,0,48,48)
w(629,1,0,49,49)
w(247,1,0,50,50)
w(882,1,0,51,51)
w(431,1,0,52,52)
w(429,1,0,53,53)
w(603,1,0,54,54)
w(194,1,0,55,55)
w(402,1,0,56,56)
w(78,1,0,57,57)
w(153,1,0,58,58)
w(721,1,0,59,59)
w(490,1,0,60,60)
w(705,1,0,61,61)
w(169,1,0,62,62)
w(999,1,0,63,63)
w(292,1,0,64,64)
w(506,1,0,65,65)
w(441,1,0,66,66)
w(396,1,0,67,67)
w(229,1,0,68,68)
w(574,1,0,69,69)
w(820,2,0,70,70)
w(750,1,0,71,71)
w(58,1,0,72,72)
w(700,1,0,73,73)
r(688,0,0,74,74)
w(68,1,0,75,75)
r(697,0,0,76,76)
w(999,2,0,77,77)
w(554,2,0,78,78)
w(505,1,0,79,79)
w(521,1,0,80,80)
w(106,1,0,81,81)
w(386,1,0,82,82)
w(382,1,0,83,83)
w(600,1,0,84,84)
w(145,1,0,85,85)
w(244,1,0,86,86)
w(198,1,0,87,87)
w(252,1,0,88,88)
w(548,1,0,89,89)
w(725,1,0,90,90)
w(830,1,0,91,91)
w(165,1,0,92,92)
w(958,1,0,93,93)
w(767,1,0,94,94)
r(471,0,0,95,95)
w(953,1,0,96,96)
r(121,0,0,97,97)
w(91,1,0,98,98)
w(147,1,0,99,99)
w(516,1,0,100,100)
r(842,0,0,101,101)
w(660,1,0,102,102)
w(715,1,0,103,103)
r(960,0,0,104,104)
w(953,2,0,105,105)
w(625,1,0,106,106)
w(384,1,0,107,107)
w(781,1,0,108,108)
w(640,1,0,109,109)
w(886,1,0,110,110)
w(475,2,0,111,111)
w(218,1,0,112,112)
w(616,1,0,113,113)
w(203,1,0,114,114)
w(975,1,0,115,115)
w(932,1,0,116,116)
w(214,1,0,117,117)
w(418,1,0,118,118)
w(88,1,0,119,119)
w(924,1,0,120,120)
w(619,1,0,121,121)
w(480,1,0,122,122)
r(86,0,0,123,123)
w(786,1,0,124,124)
w(650,1,0,125,125)
w(699,1,0,126,126)
r(656,0,0,127,127)
w(459,1,0,128,128)
w(561,1,0,129,129)
r(312,0,0,130,130)
w(355,1,0,131,131)
w(284,1,0,132,132)
w(133,1,0,133,133)
w(67,2,0,134,134)
w(717,1,0,135,135)
w(539,1,0,136,136)
w(298,1,0,137,137)
w(147,2,0,138,138)
w(941,1,0,139,139)
w(582,1,0,140,140)
w(230,1,0,141,141)
w(871,1,0,142,142)
w(923,1,0,143,143)
w(331,1,0,144,144)
w(669,1,0,145,145)
w(627,1,0,146,146)
r(736,0,0,147,147)
w(387,2,0,148,148)
w(200,1,0,149,149)
w(92,1,0,150,150)
r(186,1,0,151,151)
w(809,1,0,152,152)
w(307,1,0,153,153)
w(415,1,0,154,154)
w(21,1,0,155,155)
w(635,1,0,156,156)
w(809,2,0,157,157)
w(560,1,0,158,158)
w(438,1,0,159,159)
w(744,1,0,160,160)
w(644,1,0,161,161)
w(563,1,0,162,162)
w(780,1,0,163,163)
w(177,1,0,164,164)
w(367,1,0,165,165)
w(293,1,0,166,166)
w(299,1,0,167,167)
w(543,1,0,168,168)
w(205,1,0,169,169)
r(827,0,0,170,170)
w(422,1,0,171,171)
w(995,1,0,172,172)
w(715,2,0,173,173)
r(565,0,0,174,174)
w(283,1,0,175,175)
w(316,1,0,176,176)
w(526,1,0,177,177)
w(932,2,0,178,178)
w(606,1,0,179,179)
w(53,1,0,180,180)
w(964,1,0,181,181)
w(882,2,0,182,182)
w(353,1,0,183,183)
w(541,1,0,184,184)
w(702,1,0,185,185)
w(799,2,0,186,186)
w(794,1,0,187,187)
r(583,0,0,188,188)
w(69,1,0,189,189)
w(356,1,0,190,190)
w(741,2,0,191,191)
w(588,1,0,192,192)
w(556,1,0,193,193)
w(997,1,0,194,194)
w(627,2,0,195,195)
w(464,1,0,196,196)
w(381,1,0,197,197)
w(940,1,0,198,198)
w(877,1,0,199,199)
w(32,1,1,0,0)
w(620,1,1,1,1)
w(160,1,1,2,2)
w(453,1,1,3,3)
w(969,1,1,4,4)
w(341,1,1,5,5)
w(877,2,1,6,6)
w(385,1,1,7,7)
w(622,1,1,8,8)
w(125,1,1,9,9)
w(603,2,1,10,10)
w(241,1,1,11,11)
w(944,1,1,12,12)
r(821,0,1,13,13)
w(928,1,1,14,14)
r(456,0,1,15,15)
w(307,2,1,16,16)
w(352,2,1,17,17)
w(257,1,1,18,18)
w(356,2,1,19,19)
w(194,2,1,20,20)
w(563,2,1,21,21)
r(874,0,1,22,22)
w(678,1,1,23,23)
r(939,0,1,24,24)
w(974,1,1,25,25)
w(793,1,1,26,26)
w(420,1,1,27,27)
r(534,0,1,28,28)
w(413,1,1,29,29)
w(94,1,1,30,30)
w(83,1,1,31,31)
w(747,1,1,32,32)
w(746,1,1,33,33)
w(540,1,1,34,34)
w(396,2,1,35,35)
r(301,0,1,36,36)
w(243,1,1,37,37)
w(918,1,1,38,38)
w(854,1,1,39,39)
w(571,1,1,40,40)
w(677,1,1,41,41)
w(450,1,1,42,42)
w(242,1,1,43,43)
w(384,2,1,44,44)
r(479,1,1,45,45)
w(535,1,1,46,46)
w(354,1,1,47,47)
w(45,1,1,48,48)
w(398,1,1,49,49)
w(643,2,1,50,50)
w(989,1,1,51,51)
r(907,0,1,52,52)
r(499,0,1,53,53)
w(643,3,1,54,54)
w(121,1,1,55,55)
w(589,1,1,56,56)
w(233,1,1,57,57)
w(859,1,1,58,58)
w(61,1,1,59,59)
w(763,1,1,60,60)
w(846,1,1,61,61)
w(476,1,1,62,62)
w(777,1,1,63,63)
w(646,1,1,64,64)
r(93,0,1,65,65)
r(161,0,1,66,66)
w(215,1,1,67,67)
w(952,1,1,68,68)
w(965,1,1,69,69)
w(597,1,1,70,70)
w(726,1,1,71,71)
w(35,1,1,72,72)
r(607,0,1,73,73)
w(273,1,1,74,74)
w(907,1,1,75,75)
w(565,1,1,76,76)
w(629,2,1,77,77)
w(8,1,1,78,78)
w(161,1,1,79,79)
w(998,1,1,80,80)
w(130,1,1,81,81)
w(477,1,1,82,82)
w(705,2,1,83,83)
w(82,1,1,84,84)
w(864,1,1,85,85)
w(122,1,1,86,86)
w(577,1,1,87,87)
w(273,2,1,88,88)
w(537,1,1,89,89)
w(529,1,1,90,90)
w(569,1,1,91,91)
w(519,1,1,92,92)
w(341,2,1,93,93)
w(735,1,1,94,94)
w(547,1,1,95,95)
w(950,1,1,96,96)
w(752,2,1,97,97)
w(435,1,1,98,98)
w(81,1,1,99,99)
w(935,1,1,100,100)
w(153,2,1,101,101)
w(423,1,1,102,102)
r(537,1,1,103,103)
w(525,1,1,104,104)
w(853,1,1,105,105)
r(22,0,1,106,106)
w(444,1,1,107,107)
w(683,1,1,108,108)
r(116,0,1,109,109)
w(760,1,1,110,110)
w(529,2,1,111,111)
w(769,1,1,112,112)
w(579,1,1,113,113)
w(288,1,1,114,114)
w(184,1,1,115,115)
w(922,1,1,116,116)
w(7,1,1,117,117)
w(834,1,1,118,118)
w(151,1,1,119,119)
w(331,2,1,120,120)
w(43,1,1,121,121)
w(158,1,1,122,122)
w(708,1,1,123,123)
w(622,2,1,124,124)
w(477,2,1,125,125)
w(57,1,1,126,126)
w(418,2,1,127,127)
w(256,1,1,128,128)
w(521,2,1,129,129)
w(258,2,1,130,130)
w(734,1,1,131,131)
w(876,1,1,132,132)
w(893,1,1,133,133)
w(531,1,1,134,134)
w(392,1,1,135,135)
w(324,1,1,136,136)
w(456,1,1,137,137)
w(296,1,1,138,138)
w(751,1,1,139,139)
w(170,1,1,140,140)
w(765,1,1,141,141)
w(873,1,1,142,142)
w(227,1,1,143,143)
r(228,0,1,144,144)
w(229,2,1,145,145)
w(190,1,1,146,146)
w(981,1,1,147,147)
w(46,1,1,148,148)
r(312,0,1,149,149)
w(860,1,1,150,150)
w(565,2,1,151,151)
w(946,1,1,152,152)
w(347,1,1,153,153)
w(365,1,1,154,154)
w(406,1,1,155,155)
r(391,0,1,156,156)
w(291,1,1,157,157)
r(770,0,1,158,158)
w(486,1,1,159,159)
w(414,1,1,160,160)
w(699,2,1,161,161)
w(352,3,1,162,162)
w(276,1,1,163,163)
w(944,2,1,164,164)
w(718,1,1,165,165)
w(134,1,1,166,166)
w(796,1,1,167,167)
w(387,3,1,168,168)
w(516,2,1,169,169)
w(879,1,1,170,170)
w(311,1,1,171,171)
w(935,2,1,172,172)
w(827,1,1,173,173)
w(5,1,1,174,174)
w(672,1,1,175,175)
w(922,2,1,176,176)
w(915,1,1,177,177)
w(903,1,1,178,178)
w(946,2,1,179,179)
w(107,1,1,180,180)
w(689,1,1,181,181)
w(632,1,1,182,182)
w(738,1,1,183,183)
w(573,1,1,184,184)
w(668,1,1,185,185)
w(907,2,1,186,186)
w(901,1,1,187,187)
w(582,2,1,188,188)
w(244,2,1,189,189)
w(719,1,1,190,190)
w(943,1,1,191,191)
w(32,2,1,192,192)
w(155,1,1,193,193)
r(600,1,1,194,194)
w(959,1,1,195,195)
w(971,1,1,196,196)
w(671,1,1,197,197)
w(174,1,1,198,198)
w(847,1,1,199,199)
w(55,1,2,0,0)
w(533,1,2,1,1)
w(956,1,2,2,2)
w(82,2,2,3,3)
w(938,1,2,4,4)
w(702,2,2,5,5)
w(731,1,2,6,6)
w(95,1,2,7,7)
r(381,1,2,8,8)
r(687,0,2,9,9)
w(804,1,2,10,10)
w(649,1,2,11,11)
w(569,2,2,12,12)
r(768,0,2,13,13)
w(939,1,2,14,14)
w(462,1,2,15,15)
w(336,1,2,16,16)
w(988,1,2,17,17)
w(205,2,2,18,18)
w(298,2,2,19,19)
w(805,1,2,20,20)
w(219,1,2,21,21)
w(565,3,2,22,22)
w(491,1,2,23,23)
w(642,1,2,24,24)
w(79,1,2,25,25)
w(510,1,2,26,26)
w(251,1,2,27,27)
w(450,2,2,28,28)
w(131,1,2,29,29)
w(182,1,2,30,30)
w(377,1,2,31,31)
w(682,1,2,32,32)
w(51,1,2,33,33)
w(427,1,2,34,34)
w(554,3,2,35,35)
w(925,1,2,36,36)
w(177,2,2,37,37)
w(222,1,2,38,38)
w(502,1,2,39,39)
w(435,2,2,40,40)
w(882,3,2,41,41)
r(55,1,2,42,42)
w(536,1,2,43,43)
w(632,2,2,44,44)
w(355,2,2,45,45)
w(994,1,2,46,46)
w(461,1,2,47,47)
w(899,2,2,48,48)
r(3,0,2,49,49)
w(398,2,2,50,50)
w(515,1,2,51,51)
w(193,1,2,52,52)
w(460,1,2,53,53)
w(134,2,2,54,54)
w(376,1,2,55,55)
w(743,1,2,56,56)
w(718,2,2,57,57)
w(996,1,2,58,58)
w(823,1,2,59,59)
w(651,1,2,60,60)
w(291,2,2,61,61)
w(164,1,2,62,62)
w(61,2,2,63,63)
w(735,2,2,64,64)
w(236,1,2,65,65)
w(401,2,2,66,66)
w(976,1,2,67,67)
w(997,2,2,68,68)
r(42,0,2,69,69)
w(275,1,2,70,70)
w(518,1,2,71,71)
w(465,1,2,72,72)
w(804,2,2,73,73)
w(450,3,2,74,74)
w(816,1,2,75,75)
w(113,1,2,76,76)
w(79,2,2,77,77)
w(944,3,2,78,78)
w(570,1,2,79,79)
w(159,1,2,80,80)
w(932,3,2,81,81)
w(899,3,2,82,82)
w(748,1,2,83,83)
r(314,0,2,84,84)
w(526,2,2,85,85)
w(465,2,2,86,86)
w(914,1,2,87,87)
w(623,1,2,88,88)
w(163,1,2,89,89)
w(485,1,2,90,90)
w(357,1,2,91,91)
w(349,1,2,92,92)
w(651,2,2,93,93)
w(159,2,2,94,94)
w(1,1,2,95,95)
w(440,1,2,96,96)
r(527,0,2,97,97)
w(300,1,2,98,98)
w(292,2,2,99,99)
w(148,1,2,100,100)
r(906,0,2,101,101)
w(517,1,2,102,102)
w(776,1,2,103,103)
w(796,2,2,104,104)
w(211,1,2,105,105)
w(270,1,2,106,106)
r(579,1,2,107,107)
w(973,1,2,108,108)
w(250,1,2,109,109)
w(740,1,2,110,110)
r(631,0,2,111,111)
r(276,1,2,112,112)
r(525,1,2,113,113)
r(931,0,2,114,114)
w(812,1,2,115,115)
r(42,0,2,116,116)
w(613,1,2,117,117)
r(189,0,2,118,118)
r(839,0,2,119,119)
w(965,2,2,120,120)
w(705,3,2,121,121)
w(92,2,2,122,122)
w(440,2,2,123,123)
w(394,1,2,124,124)
r(473,0,2,125,125)
w(456,2,2,126,126)
w(848,1,2,127,127)
r(7,1,2,128,128)
r(556,1,2,129,129)
w(695,1,2,130,130)
w(363,2,2,131,131)
w(216,1,2,132,132)
w(180,1,2,133,133)
w(702,3,2,134,134)
w(499,1,2,135,135)
w(964,2,2,136,136)
w(372,1,2,137,137)
w(32,3,2,138,138)
w(238,1,2,139,139)
w(941,2,2,140,140)
w(981,2,2,141,141)
w(617,1,2,142,142)
w(288,2,2,143,143)
w(118,1,2,144,144)
w(371,1,2,145,145)
r(625,1,2,146,146)
w(594,1,2,147,147)
w(251,2,2,148,148)
w(104,1,2,149,149)
w(535,2,2,150,150)
w(764,1,2,151,151)
w(45,2,2,152,152)
w(375,3,2,153,153)
w(638,1,2,154,154)
w(193,2,2,155,155)
w(893,2,2,156,156)
w(687,1,2,157,157)
w(118,2,2,158,158)
w(729,1,2,159,159)
w(635,2,2,160,160)
r(659,0,2,161,161)
w(425,1,2,162,162)
w(923,2,2,163,163)
r(639,0,2,164,164)
w(311,2,2,165,165)
w(292,3,2,166,166)
w(914,2,2,167,167)
w(679,1,2,168,168)
w(824,1,2,169,169)
w(422,2,2,170,170)
r(249,0,2,171,171)
w(985,1,2,172,172)
w(413,2,2,173,173)
w(793,2,2,174,174)
w(984,1,2,175,175)
w(501,1,2,176,176)
w(171,1,2,177,177)
w(713,1,2,178,178)
w(569,3,2,179,179)
w(292,4,2,180,180)
w(963,1,2,181,181)
w(678,2,2,182,182)
w(660,2,2,183,183)
w(319,1,2,184,184)
w(626,1,2,185,185)
w(697,1,2,186,186)
w(435,3,2,187,187)
w(198,2,2,188,188)
w(379,1,2,189,189)
w(892,1,2,190,190)
w(194,3,2,191,191)
r(785,0,2,192,192)
w(460,2,2,193,193)
w(403,1,2,194,194)
w(933,1,2,195,195)
w(82,3,2,196,196)
w(447,1,2,197,197)
w(773,1,2,198,198)
w(396,3,2,199,199)
w(174,2,3,0,0)
r(258,2,3,1,1)
w(865,1,3,2,2)
w(524,1,3,3,3)
w(692,1,3,4,4)
w(907,3,3,5,5)
w(449,1,3,6,6)
w(783,1,3,7,7)
w(909,1,3,8,8)
w(666,1,3,9,9)
w(899,4,3,10,10)
w(980,1,3,11,11)
w(922,3,3,12,12)
w(875,1,3,13,13)
w(573,2,3,14,14)
w(130,2,3,15,15)
w(562,1,3,16,16)
w(74,1,3,17,17)
w(922,4,3,18,18)
w(692,2,3,19,19)
r(967,0,3,20,20)
w(671,2,3,21,21)
w(642,2,3,22,22)
w(745,1,3,23,23)
w(967,1,3,24,24)
w(755,1,3,25,25)
w(489,1,3,26,26)
w(782,1,3,27,27)
w(458,1,3,28,28)
w(278,1,3,29,29)
r(197,0,3,30,30)
w(202,1,3,31,31)
r(447,1,3,32,32)
w(754,1,3,33,33)
w(861,1,3,34,34)
w(760,2,3,35,35)
w(281,1,3,36,36)
w(158,2,3,37,37)
w(135,1,3,38,38)
w(403,2,3,39,39)
w(52,1,3,40,40)
w(461,2,3,41,41)
w(908,1,3,42,42)
w(334,1,3,43,43)
r(757,0,3,44,44)
w(780,2,3,45,45)
r(684,0,3,46,46)
w(853,2,3,47,47)
w(593,1,3,48,48)
r(195,0,3,49,49)
w(899,5,3,50,50)
w(951,1,3,51,51)
w(814,1,3,52,52)
w(160,2,3,53,53)
w(485,2,3,54,54)
w(984,2,3,55,55)
w(105,1,3,56,56)
w(166,1,3,57,57)
w(524,2,3,58,58)
w(566,1,3,59,59)
r(80,0,3,60,60)
r(194,3,3,61,61)
w(906,1,3,62,62)
w(149,1,3,63,63)
w(876,2,3,64,64)
w(747,2,3,65,65)
w(234,1,3,66,66)
w(390,1,3,67,67)
r(765,1,3,68,68)
w(956,2,3,69,69)
w(777,2,3,70,70)
r(54,0,3,71,71)
w(197,1,3,72,72)
w(715,3,3,73,73)
w(891,1,3,74,74)
w(248,1,3,75,75)
w(319,2,3,76,76)
w(639,1,3,77,77)
w(994,2,3,78,78)
w(166,2,3,79,79)
w(417,1,3,80,80)
w(663,1,3,81,81)
w(266,1,3,82,82)
w(484,1,3,83,83)
w(953,3,3,84,84)
w(886,2,3,85,85)
w(416,2,3,86,86)
w(473,1,3,87,87)
w(173,1,3,88,88)
w(380,1,3,89,89)
w(632,3,3,90,90)
w(689,2,3,91,91)
w(514,2,3,92,92)
w(858,1,3,93,93)
w(113,2,3,94,94)
w(76,1,3,95,95)
w(25,1,3,96,96)
w(968,1,3,97,97)
w(95,2,3,98,98)
w(282,1,3,99,99)
w(787,1,3,100,100)
w(674,1,3,101,101)
w(971,2,3,102,102)
w(605,1,3,103,103)
w(691,1,3,104,104)
w(410,1,3,105,105)
w(377,2,3,106,106)
w(579,2,3,107,107)
r(886,2,3,108,108)
w(982,1,3,109,109)
w(942,1,3,110,110)
w(493,1,3,111,111)
w(735,3,3,112,112)
w(88,2,3,113,113)
w(978,1,3,114,114)
w(466,1,3,115,115)
w(449,2,3,116,116)
w(928,2,3,117,117)
w(120,1,3,118,118)
w(486,2,3,119,119)
w(992,1,3,120,120)
w(110,1,3,121,121)
w(729,2,3,122,122)
w(385,2,3,123,123)
w(838,1,3,124,124)
w(855,1,3,125,125)
w(944,4,3,126,126)
w(647,1,3,127,127)
w(116,1,3,128,128)
w(607,1,3,129,129)
w(40,1,3,130,130)
w(932,4,3,131,131)
w(366,1,3,132,132)
w(526,3,3,133,133)
w(430,1,3,134,134)
w(286,1,3,135,135)
w(879,2,3,136,136)
r(319,2,3,137,137)
w(912,1,3,138,138)
w(836,1,3,139,139)
w(897,1,3,140,140)
w(979,1,3,141,141)
w(405,1,3,142,142)
w(620,2,3,143,143)
w(116,2,3,144,144)
w(621,1,3,145,145)
w(120,2,3,146,146)
w(748,2,3,147,147)
w(414,2,3,148,148)
r(352,3,3,149,149)
w(646,2,3,150,150)
w(850,1,3,151,151)
w(878,1,3,152,152)
w(491,2,3,153,153)
w(765,2,3,154,154)
w(706,1,3,155,155)
r(27,0,3,156,156)
w(614,1,3,157,157)
w(511,1,3,158,158)
w(691,2,3,159,159)
w(927,2,3,160,160)
r(807,0,3,161,161)
w(686,1,3,162,162)
w(564,1,3,163,163)
w(659,1,3,164,164)
w(54,1,3,165,165)
w(956,3,3,166,166)
w(406,2,3,167,167)
w(898,1,3,168,168)
w(214,2,3,169,169)
w(760,3,3,170,170)
w(892,2,3,171,171)
w(932,5,3,172,172)
r(63,0,3,173,173)
w(837,1,3,174,174)
w(66,1,3,175,175)
w(583,1,3,176,176)
w(427,2,3,177,177)
w(150,1,3,178,178)
r(766,0,3,179,179)
w(964,3,3,180,180)
w(651,3,3,181,181)
w(523,1,3,182,182)
w(895,1,3,183,183)
w(899,6,3,184,184)
w(310,1,3,185,185)
w(391,1,3,186,186)
w(64,1,3,187,187)
w(810,1,3,188,188)
w(358,1,3,189,189)
w(681,1,3,190,190)
w(791,1,3,191,191)
w(62,1,3,192,192)
w(396,4,3,193,193)
w(216,2,3,194,194)
w(575,1,3,195,195)
w(116,3,3,196,196)
w(588,2,3,197,197)
w(343,1,3,198,198)
w(190,2,3,199,199)
w(506,2,4,0,0)
w(605,2,4,1,1)
w(544,1,4,2,2)
w(993,1,4,3,3)
w(0,1,4,4,4)
w(541,2,4,5,5)
w(929,1,4,6,6)
w(575,2,4,7,7)
w(643,4,4,8,8)
w(60,1,4,9,9)
w(804,3,4,10,10)
w(734,2,4,11,11)
w(28,1,4,12,12)
w(711,1,4,13,13)
w(638,2,4,14,14)
w(752,3,4,15,15)
w(323,1,4,16,16)
w(671,3,4,17,17)
w(826,1,4,18,18)
w(909,2,4,19,19)
w(994,3,4,20,20)
w(224,1,4,21,21)
w(679,2,4,22,22)
w(655,1,4,23,23)
w(3,1,4,24,24)
w(55,2,4,25,25)
w(35,2,4,26,26)
w(183,1,4,27,27)
r(944,4,4,28,28)
w(303,1,4,29,29)
w(64,2,4,30,30)
w(172,1,4,31,31)
w(939,2,4,32,32)
w(511,2,4,33,33)
w(372,2,4,34,34)
r(715,3,4,35,35)
r(971,2,4,36,36)
r(703,0,4,37,37)
w(166,3,4,38,38)
w(791,2,4,39,39)
w(7,2,4,40,40)
w(59,1,4,41,41)
w(255,1,4,42,42)
w(987,1,4,43,43)
w(686,2,4,44,44)
w(9,1,4,45,45)
w(707,1,4,46,46)
w(488,2,4,47,47)
w(2,1,4,48,48)
w(945,1,4,49,49)
w(11,1,4,50,50)
w(828,1,4,51,51)
w(174,3,4,52,52)
w(595,1,4,53,53)
w(636,1,4,54,54)
w(39,1,4,55,55)
w(419,1,4,56,56)
r(873,1,4,57,57)
w(354,2,4,58,58)
w(519,2,4,59,59)
w(34,2,4,60,60)
w(515,2,4,61,61)
w(530,1,4,62,62)
w(178,1,4,63,63)
w(502,2,4,64,64)
w(129,1,4,65,65)
w(30,1,4,66,66)
w(697,2,4,67,67)
w(385,3,4,68,68)
r(141,1,4,69,69)
w(286,2,4,70,70)
w(206,1,4,71,71)
w(616,2,4,72,72)
w(241,2,4,73,73)
w(279,2,4,74,74)
w(692,3,4,75,75)
w(471,1,4,76,76)
w(4,1,4,77,77)
w(257,2,4,78,78)
w(264,1,4,79,79)
w(989,2,4,80,80)
w(124,1,4,81,81)
w(863,1,4,82,82)
w(471,2,4,83,83)
r(195,0,4,84,84)
w(917,1,4,85,85)
w(723,1,4,86,86)
w(332,1,4,87,87)
w(535,3,4,88,88)
w(769,2,4,89,89)
w(425,2,4,90,90)
w(963,2,4,91,91)
w(172,2,4,92,92)
w(682,2,4,93,93)
w(279,3,4,94,94)
w(554,4,4,95,95)
w(535,4,4,96,96)
w(397,2,4,97,97)
w(952,2,4,98,98)
w(680,1,4,99,99)
w(793,3,4,100,100)
w(216,3,4,101,101)
w(940,2,4,102,102)
w(133,2,4,103,103)
w(878,2,4,104,104)
w(511,3,4,105,105)
w(394,2,4,106,106)
w(779,1,4,107,107)
w(646,3,4,108,108)
r(260,0,4,109,109)
w(221,1,4,110,110)
w(887,1,4,111,111)
r(977,0,4,112,112)
w(43,2,4,113,113)
w(213,1,4,114,114)
w(640,2,4,115,115)
r(731,1,4,116,116)
w(368,1,4,117,117)
w(408,1,4,118,118)
w(572,1,4,119,119)
w(710,1,4,120,120)
w(971,3,4,121,121)
w(837,2,4,122,122)
w(278,2,4,123,123)
w(4,2,4,124,124)
w(404,2,4,125,125)
w(764,2,4,126,126)
w(297,1,4,127,127)
w(380,2,4,128,128)
w(190,3,4,129,129)
w(121,2,4,130,130)
w(935,3,4,131,131)
w(410,2,4,132,132)
w(190,4,4,133,133)
w(398,3,4,134,134)
w(50,1,4,135,135)
w(71,1,4,136,136)
w(347,2,4,137,137)
w(250,2,4,138,138)
w(231,1,4,139,139)
w(15,1,4,140,140)
w(933,2,4,141,141)
w(366,2,4,142,142)
w(465,3,4,143,143)
w(890,1,4,144,144)
r(47,0,4,145,145)
w(628,1,4,146,146)
w(756,1,4,147,147)
w(595,2,4,148,148)
w(846,2,4,149,149)
w(845,1,4,150,150)
w(295,1,4,151,151)
w(949,1,4,152,152)
w(331,3,4,153,153)
w(556,2,4,154,154)
w(609,1,4,155,155)
w(970,1,4,156,156)
w(670,1,4,157,157)
w(965,3,4,158,158)
w(241,3,4,159,159)
w(259,1,4,160,160)
w(712,1,4,161,161)
w(825,1,4,162,162)
w(153,3,4,163,163)
w(328,1,4,164,164)
w(938,2,4,165,165)
w(203,2,4,166,166)
w(469,1,4,167,167)
w(312,1,4,168,168)
w(264,2,4,169,169)
w(806,1,4,170,170)
w(386,2,4,171,171)
w(490,2,4,172,172)
w(767,2,4,173,173)
w(835,1,4,174,174)
r(831,0,4,175,175)
w(572,2,4,176,176)
w(113,3,4,177,177)
r(647,1,4,178,178)
w(469,2,4,179,179)
w(366,3,4,180,180)
w(672,2,4,181,181)
w(517,2,4,182,182)
w(435,4,4,183,183)
w(359,1,4,184,184)
w(500,1,4,185,185)
w(975,2,4,186,186)
r(952,2,4,187,187)
w(401,3,4,188,188)
w(170,2,4,189,189)
r(200,1,4,190,190)
w(262,1,4,191,191)
w(170,3,4,192,192)
w(160,3,4,193,193)
w(849,1,4,194,194)
w(493,2,4,195,195)
w(770,1,4,196,196)
w(566,2,4,197,197)
w(865,2,4,198,198)
w(83,2,4,199,199)
w(310,2,5,0,0)
w(206,2,5,1,1)
w(986,1,5,2,2)
w(606,2,5,3,3)
w(346,1,5,4,4)
w(960,1,5,5,5)
w(169,2,5,6,6)
w(409,1,5,7,7)
w(700,2,5,8,8)
w(175,1,5,9,9)
w(355,3,5,10,10)
w(819,1,5,11,11)
r(433,0,5,12,12)
w(434,1,5,13,13)
w(253,1,5,14,14)
w(734,3,5,15,15)
w(722,1,5,16,16)
w(737,1,5,17,17)
r(74,1,5,18,18)
w(640,3,5,19,19)
w(900,1,5,20,20)
w(956,4,5,21,21)
w(285,1,5,22,22)
w(238,2,5,23,23)
w(330,1,5,24,24)
w(941,3,5,25,25)
w(449,3,5,26,26)
w(756,2,5,27,27)
w(481,1,5,28,28)
w(900,2,5,29,29)
w(285,2,5,30,30)
w(546,1,5,31,31)
w(267,1,5,32,32)
w(905,1,5,33,33)
w(263,1,5,34,34)
w(730,1,5,35,35)
w(705,4,5,36,36)
w(929,2,5,37,37)
r(587,0,5,38,38)
w(149,2,5,39,39)
w(785,1,5,40,40)
w(51,2,5,41,41)
w(248,2,5,42,42)
w(699,3,5,43,43)
w(338,1,5,44,44)
w(975,3,5,45,45)
w(597,2,5,46,46)
w(944,5,5,47,47)
w(145,2,5,48,48)
w(177,3,5,49,49)
w(773,2,5,50,50)
w(777,3,5,51,51)
w(661,1,5,52,52)
w(400,1,5,53,53)
w(245,1,5,54,54)
w(116,4,5,55,55)
r(986,1,5,56,56)
w(488,3,5,57,57)
w(944,6,5,58,58)
w(927,3,5,59,59)
w(358,2,5,60,60)
w(816,2,5,61,61)
w(309,1,5,62,62)
w(279,4,5,63,63)
r(386,2,5,64,64)
w(163,2,5,65,65)
w(377,3,5,66,66)
w(542,1,5,67,67)
w(184,2,5,68,68)
w(251,3,5,69,69)
w(713,2,5,70,70)
r(637,0,5,71,71)
w(140,1,5,72,72)
w(854,2,5,73,73)
w(714,1,5,74,74)
w(927,4,5,75,75)
r(736,0,5,76,76)
w(937,1,5,77,77)
w(546,2,5,78,78)
w(800,1,5,79,79)
w(115,1,5,80,80)
w(885,1,5,81,81)
w(827,2,5,82,82)
w(688,1,5,83,83)
w(864,2,5,84,84)
w(397,3,5,85,85)
w(235,1,5,86,86)
w(978,2,5,87,87)
w(416,3,5,88,88)
w(571,2,5,89,89)
r(686,2,5,90,90)
w(574,2,5,91,91)
w(894,1,5,92,92)
w(377,4,5,93,93)
w(712,2,5,94,94)
w(713,3,5,95,95)
w(794,2,5,96,96)
w(911,1,5,97,97)
w(980,2,5,98,98)
w(85,1,5,99,99)
w(304,1,5,100,100)
w(927,5,5,101,101)
w(494,1,5,102,102)
w(563,3,5,103,103)
w(965,4,5,104,104)
w(240,1,5,105,105)
r(387,3,5,106,106)
r(212,1,5,107,107)
w(849,2,5,108,108)
w(444,2,5,109,109)
w(9,2,5,110,110)
w(873,2,5,111,111)
w(34,3,5,112,112)
r(758,0,5,113,113)
w(331,4,5,114,114)
w(965,5,5,115,115)
w(82,4,5,116,116)
w(683,2,5,117,117)
w(858,2,5,118,118)
w(771,1,5,119,119)
w(570,2,5,120,120)
w(68,2,5,121,121)
w(668,2,5,122,122)
w(699,4,5,123,123)
w(435,5,5,124,124)
w(712,3,5,125,125)
w(760,4,5,126,126)
w(389,1,5,127,127)
w(997,3,5,128,128)
w(807,1,5,129,129)
r(436,0,5,130,130)
w(800,2,5,131,131)
w(284,2,5,132,132)
w(725,2,5,133,133)
w(787,2,5,134,134)
w(919,1,5,135,135)
w(872,1,5,136,136)
w(555,1,5,137,137)
r(587,0,5,138,138)
w(464,2,5,139,139)
w(43,3,5,140,140)
w(37,1,5,141,141)
w(221,2,5,142,142)
w(116,5,5,143,143)
w(512,1,5,144,144)
w(846,3,5,145,145)
r(294,0,5,146,146)
w(487,1,5,147,147)
w(694,1,5,148,148)
w(159,3,5,149,149)
w(975,4,5,150,150)
w(385,4,5,151,151)
w(115,2,5,152,152)
w(565,4,5,153,153)
w(692,4,5,154,154)
w(608,1,5,155,155)
r(54,1,5,156,156)
w(789,1,5,157,157)
w(395,1,5,158,158)
w(819,2,5,159,159)
w(102,1,5,160,160)
w(636,2,5,161,161)
w(888,1,5,162,162)
w(159,4,5,163,163)
w(316,2,5,164,164)
w(309,2,5,165,165)
w(545,1,5,166,166)
w(481,2,5,167,167)
w(451,1,5,168,168)
w(601,1,5,169,169)
w(968,2,5,170,170)
w(181,1,5,171,171)
w(748,3,5,172,172)
w(26,1,5,173,173)
r(795,0,5,174,174)
w(637,1,5,175,175)
w(17,1,5,176,176)
w(907,4,5,177,177)
w(96,1,5,178,178)
w(170,4,5,179,179)
w(661,2,5,180,180)
w(560,2,5,181,181)
w(816,3,5,182,182)
w(412,1,5,183,183)
w(534,1,5,184,184)
w(666,2,5,185,185)
w(760,5,5,186,186)
w(493,3,5,187,187)
w(193,3,5,188,188)
w(402,2,5,189,189)
w(813,1,5,190,190)
r(164,1,5,191,191)
w(263,2,5,192,192)
w(988,2,5,193,193)
w(6,1,5,194,194)
w(152,1,5,195,195)
w(681,2,5,196,196)
w(295,2,5,197,197)
w(194,4,5,198,198)
w(566,3,5,199,199)
w(597,3,6,0,0)
w(641,1,6,1,1)
w(76,2,6,2,2)
w(823,2,6,3,3)
w(502,3,6,4,4)
w(972,1,6,5,5)
w(521,3,6,6,6)
w(255,2,6,7,7)
w(506,3,6,8,8)
w(874,1,6,9,9)
w(821,1,6,10,10)
w(665,1,6,11,11)
w(118,3,6,12,12)
w(961,1,6,13,13)
w(918,2,6,14,14)
w(323,2,6,15,15)
w(877,3,6,16,16)
r(886,2,6,17,17)
w(626,2,6,18,18)
w(203,3,6,19,19)
w(434,2,6,20,20)
w(371,2,6,21,21)
w(44,1,6,22,22)
w(790,1,6,23,23)
w(655,2,6,24,24)
w(659,2,6,25,25)
w(42,1,6,26,26)
w(667,1,6,27,27)
w(577,2,6,28,28)
w(764,3,6,29,29)
w(28,2,6,30,30)
w(672,3,6,31,31)
w(537,2,6,32,32)
w(211,2,6,33,33)
w(333,1,6,34,34)
w(290,1,6,35,35)
w(208,1,6,36,36)
w(752,4,6,37,37)
w(317,1,6,38,38)
w(932,6,6,39,39)
w(912,2,6,40,40)
w(21,2,6,41,41)
r(763,1,6,42,42)
w(221,3,6,43,43)
r(444,2,6,44,44)
w(684,1,6,45,45)
w(611,1,6,46,46)
w(988,3,6,47,47)
w(942,2,6,48,48)
w(565,5,6,49,49)
r(362,0,6,50,50)
w(335,1,6,51,51)
w(316,3,6,52,52)
w(677,2,6,53,53)
w(249,1,6,54,54)
w(797,1,6,55,55)
w(751,2,6,56,56)
r(106,1,6,57,57)
w(807,2,6,58,58)
r(100,0,6,59,59)
w(503,1,6,60,60)
w(726,2,6,61,61)
w(964,4,6,62,62)
w(408,2,6,63,63)
w(872,2,6,64,64)
w(257,3,6,65,65)
w(264,3,6,66,66)
w(502,4,6,67,67)
w(351,1,6,68,68)
w(641,2,6,69,69)
w(826,2,6,70,70)
r(734,3,6,71,71)
w(115,3,6,72,72)
w(241,4,6,73,73)
w(650,2,6,74,74)
w(256,2,6,75,75)
w(101,1,6,76,76)
w(269,2,6,77,77)
w(718,3,6,78,78)
w(251,4,6,79,79)
w(379,2,6,80,80)
w(377,5,6,81,81)
w(107,2,6,82,82)
w(602,1,6,83,83)
w(494,2,6,84,84)
w(950,2,6,85,85)
w(178,2,6,86,86)
w(687,2,6,87,87)
w(586,1,6,88,88)
w(164,2,6,89,89)
w(461,3,6,90,90)
w(668,3,6,91,91)
w(407,1,6,92,92)
w(866,1,6,93,93)
w(365,2,6,94,94)
w(482,1,6,95,95)
w(6,2,6,96,96)
w(172,3,6,97,97)
w(748,4,6,98,98)
w(242,2,6,99,99)
w(283,2,6,100,100)
w(877,4,6,101,101)
w(714,2,6,102,102)
w(108,1,6,103,103)
r(295,2,6,104,104)
w(314,1,6,105,105)
w(380,3,6,106,106)
w(769,3,6,107,107)
w(78,2,6,108,108)
w(776,2,6,109,109)
w(567,1,6,110,110)
w(701,1,6,111,111)
w(268,2,6,112,112)
w(634,1,6,113,113)
w(8,2,6,114,114)
w(184,3,6,115,115)
w(202,2,6,116,116)
w(440,3,6,117,117)
w(859,2,6,118,118)
w(773,3,6,119,119)
w(84,1,6,120,120)
w(87,1,6,121,121)
w(858,3,6,122,122)
w(403,3,6,123,123)
w(776,3,6,124,124)
w(588,3,6,125,125)
w(751,3,6,126,126)
r(491,2,6,127,127)
w(683,3,6,128,128)
w(983,1,6,129,129)
w(259,2,6,130,130)
w(723,2,6,131,131)
w(226,1,6,132,132)
w(183,2,6,133,133)
r(208,1,6,134,134)
r(13,0,6,135,135)
w(445,1,6,136,136)
w(905,2,6,137,137)
w(572,3,6,138,138)
r(402,2,6,139,139)
w(39,2,6,140,140)
w(314,2,6,141,141)
w(21,3,6,142,142)
w(776,4,6,143,143)
w(90,1,6,144,144)
w(537,3,6,145,145)
w(598,1,6,146,146)
r(404,2,6,147,147)
w(255,3,6,148,148)
w(69,2,6,149,149)
r(835,1,6,150,150)
r(182,1,6,151,151)
w(531,2,6,152,152)
w(161,2,6,153,153)
w(912,3,6,154,154)
w(938,3,6,155,155)
w(232,1,6,156,156)
w(878,3,6,157,157)
w(65,1,6,158,158)
w(639,2,6,159,159)
w(928,3,6,160,160)
r(618,0,6,161,161)
w(417,2,6,162,162)
w(638,3,6,163,163)
w(169,3,6,164,164)
w(654,1,6,165,165)
w(304,2,6,166,166)
r(587,0,6,167,167)
w(444,3,6,168,168)
w(853,3,6,169,169)
r(246,0,6,170,170)
w(219,2,6,171,171)
w(375,4,6,172,172)
w(201,1,6,173,173)
w(923,3,6,174,174)
w(981,3,6,175,175)
w(447,2,6,176,176)
w(425,3,6,177,177)
w(234,2,6,178,178)
w(407,2,6,179,179)
w(218,2,6,180,180)
r(722,1,6,181,181)
w(697,3,6,182,182)
w(229,3,6,183,183)
w(561,2,6,184,184)
w(326,1,6,185,185)
w(694,2,6,186,186)
w(16,2,6,187,187)
w(48,1,6,188,188)
w(651,4,6,189,189)
w(790,2,6,190,190)
w(94,2,6,191,191)
w(284,3,6,192,192)
w(25,2,6,193,193)
w(381,2,6,194,194)
w(821,2,6,195,195)
w(514,3,6,196,196)
w(341,3,6,197,197)
w(675,1,6,198,198)
w(622,3,6,199,199)
w(180,2,7,0,0)
w(359,2,7,1,1)
w(148,2,7,2,2)
w(542,2,7,3,3)
w(675,2,7,4,4)
w(440,4,7,5,5)
w(246,1,7,6,6)
r(20,0,7,7,7)
w(759,1,7,8,8)
w(753,1,7,9,9)
w(390,2,7,10,10)
w(472,1,7,11,11)
w(449,4,7,12,12)
w(421,1,7,13,13)
r(8,2,7,14,14)
w(866,2,7,15,15)
w(364,2,7,16,16)
w(150,2,7,17,17)
w(495,1,7,18,18)
r(653,1,7,19,19)
w(543,2,7,20,20)
w(525,2,7,21,21)
w(78,3,7,22,22)
w(723,3,7,23,23)
w(638,4,7,24,24)
w(87,2,7,25,25)
w(703,1,7,26,26)
w(851,1,7,27,27)
w(650,3,7,28,28)
w(392,2,7,29,29)
w(117,1,7,30,30)
w(461,4,7,31,31)
w(401,4,7,32,32)
w(754,2,7,33,33)
w(225,1,7,34,34)
w(941,4,7,35,35)
w(694,3,7,36,36)
w(60,2,7,37,37)
w(625,2,7,38,38)
w(423,2,7,39,39)
r(296,1,7,40,40)
w(48,2,7,41,41)
w(890,2,7,42,42)
w(997,4,7,43,43)
w(345,1,7,44,44)
w(152,2,7,45,45)
w(639,3,7,46,46)
w(975,5,7,47,47)
w(846,4,7,48,48)
w(98,1,7,49,49)
w(512,2,7,50,50)
w(140,2,7,51,51)
w(96,2,7,52,52)
w(331,5,7,53,53)
w(3,2,7,54,54)
w(65,2,7,55,55)
r(346,1,7,56,56)
w(641,3,7,57,57)
w(22,1,7,58,58)
w(416,4,7,59,59)
w(390,3,7,60,60)
w(15,2,7,61,61)
w(960,2,7,62,62)
w(53,2,7,63,63)
r(472,1,7,64,64)
w(205,3,7,65,65)
w(56,1,7,66,66)
w(483,1,7,67,67)
w(291,3,7,68,68)
w(712,4,7,69,69)
w(35,3,7,70,70)
w(85,2,7,71,71)
r(637,1,7,72,72)
w(794,3,7,73,73)
w(471,3,7,74,74)
w(577,3,7,75,75)
w(422,3,7,76,76)
w(426,1,7,77,77)
w(117,2,7,78,78)
w(169,4,7,79,79)
w(327,2,7,80,80)
w(14,1,7,81,81)
w(128,1,7,82,82)
w(274,1,7,83,83)
w(776,5,7,84,84)
w(464,3,7,85,85)
w(487,2,7,86,86)
w(142,1,7,87,87)
w(695,2,7,88,88)
r(242,2,7,89,89)
w(251,5,7,90,90)
w(645,1,7,91,91)
r(549,0,7,92,92)
w(930,1,7,93,93)
w(73,1,7,94,94)
w(515,3,7,95,95)
w(135,2,7,96,96)
w(464,4,7,97,97)
w(205,4,7,98,98)
w(827,3,7,99,99)
w(169,5,7,100,100)
w(99,1,7,101,101)
w(200,2,7,102,102)
w(728,1,7,103,103)
w(947,1,7,104,104)
w(646,4,7,105,105)
w(87,3,7,106,106)
w(375,5,7,107,107)
w(840,1,7,108,108)
w(348,2,7,109,109)
w(160,4,7,110,110)
w(796,3,7,111,111)
r(12,1,7,112,112)
w(87,4,7,113,113)
w(969,2,7,114,114)
w(313,1,7,115,115)
w(207,1,7,116,116)
w(91,2,7,117,117)
w(738,2,7,118,118)
w(441,2,7,119,119)
w(819,3,7,120,120)
w(626,3,7,121,121)
w(776,6,7,122,122)
r(466,1,7,123,123)
w(871,2,7,124,124)
w(468,1,7,125,125)
w(177,4,7,126,126)
w(419,2,7,127,127)
w(275,2,7,128,128)
w(868,1,7,129,129)
w(888,2,7,130,130)
w(759,2,7,131,131)
w(467,1,7,132,132)
w(560,3,7,133,133)
w(490,3,7,134,134)
w(37,2,7,135,135)
w(52,2,7,136,136)
w(375,6,7,137,137)
w(164,3,7,138,138)
w(190,5,7,139,139)
w(217,1,7,140,140)
r(247,1,7,141,141)
w(365,3,7,142,142)
w(928,4,7,143,143)
w(110,2,7,144,144)
w(298,3,7,145,145)
w(628,2,7,146,146)
w(605,3,7,147,147)
w(831,1,7,148,148)
r(689,2,7,149,149)
w(93,1,7,150,150)
r(116,5,7,151,151)
w(280,1,7,152,152)
w(920,1,7,153,153)
w(303,2,7,154,154)
w(232,2,7,155,155)
r(965,5,7,156,156)
w(448,1,7,157,157)
w(678,3,7,158,158)
w(850,2,7,159,159)
w(779,2,7,160,160)
w(427,3,7,161,161)
w(968,3,7,162,162)
w(335,2,7,163,163)
r(37,2,7,164,164)
w(63,1,7,165,165)
w(828,2,7,166,166)
w(740,2,7,167,167)
w(774,1,7,168,168)
w(487,3,7,169,169)
w(926,1,7,170,170)
r(770,1,7,171,171)
w(49,1,7,172,172)
w(670,2,7,173,173)
w(679,3,7,174,174)
w(937,2,7,175,175)
w(335,3,7,176,176)
r(418,2,7,177,177)
w(973,2,7,178,178)
w(622,4,7,179,179)
w(239,2,7,180,180)
r(669,1,7,181,181)
w(663,2,7,182,182)
w(423,3,7,183,183)
w(505,2,7,184,184)
w(840,2,7,185,185)
w(217,2,7,186,186)
w(268,3,7,187,187)
w(708,2,7,188,188)
w(965,6,7,189,189)
w(366,4,7,190,190)
r(465,3,7,191,191)
w(943,2,7,192,192)
r(926,1,7,193,193)
w(376,2,7,194,194)
r(216,3,7,195,195)
w(844,1,7,196,196)
w(528,1,7,197,197)
w(641,4,7,198,198)
w(563,4,7,199,199)
w(50,2,8,0,0)
w(405,2,8,1,1)
w(82,5,8,2,2)
w(278,3,8,3,3)
r(897,1,8,4,4)
r(688,1,8,5,5)
w(89,1,8,6,6)
w(709,1,8,7,7)
w(143,1,8,8,8)
w(680,2,8,9,9)
w(559,1,8,10,10)
w(195,1,8,11,11)
w(206,3,8,12,12)
w(9,3,8,13,13)
w(352,4,8,14,14)
w(84,2,8,15,15)
w(89,2,8,16,16)
w(157,1,8,17,17)
w(786,2,8,18,18)
w(239,3,8,19,19)
w(155,2,8,20,20)
w(62,2,8,21,21)
r(87,4,8,22,22)
w(310,3,8,23,23)
w(486,3,8,24,24)
w(686,3,8,25,25)
w(96,3,8,26,26)
w(765,3,8,27,27)
w(528,2,8,28,28)
w(111,1,8,29,29)
w(251,6,8,30,30)
w(813,2,8,31,31)
w(770,2,8,32,32)
w(316,4,8,33,33)
w(169,6,8,34,34)
r(198,2,8,35,35)
w(235,2,8,36,36)
w(147,3,8,37,37)
w(332,2,8,38,38)
w(464,5,8,39,39)
r(540,1,8,40,40)
w(54,2,8,41,41)
w(452,1,8,42,42)
w(380,4,8,43,43)
w(792,1,8,44,44)
w(835,2,8,45,45)
w(51,3,8,46,46)
w(354,3,8,47,47)
w(674,2,8,48,48)
w(445,2,8,49,49)
w(131,2,8,50,50)
w(580,1,8,51,51)
w(919,2,8,52,52)
w(368,2,8,53,53)
r(736,0,8,54,54)
w(196,1,8,55,55)
w(852,1,8,56,56)
w(529,3,8,57,57)
w(226,2,8,58,58)
w(255,4,8,59,59)
w(371,3,8,60,60)
w(565,6,8,61,61)
w(705,5,8,62,62)
w(569,4,8,63,63)
w(217,3,8,64,64)
w(343,2,8,65,65)
w(398,4,8,66,66)
w(390,4,8,67,67)
w(972,2,8,68,68)
w(785,2,8,69,69)
w(833,1,8,70,70)
w(101,2,8,71,71)
w(449,5,8,72,72)
w(281,2,8,73,73)
w(388,1,8,74,74)
w(222,2,8,75,75)
w(439,1,8,76,76)
w(432,1,8,77,77)
r(261,0,8,78,78)
w(842,1,8,79,79)
w(17,2,8,80,80)
r(427,3,8,81,81)
w(336,2,8,82,82)
w(56,2,8,83,83)
w(98,2,8,84,84)
w(172,4,8,85,85)
w(718,4,8,86,86)
w(180,3,8,87,87)
w(161,3,8,88,88)
w(738,3,8,89,89)
w(67,3,8,90,90)
w(477,3,8,91,91)
w(129,2,8,92,92)
w(903,2,8,93,93)
w(259,3,8,94,94)
w(310,4,8,95,95)
w(429,2,8,96,96)
w(485,3,8,97,97)
w(329,3,8,98,98)
w(944,7,8,99,99)
r(203,3,8,100,100)
w(743,2,8,101,101)
w(992,2,8,102,102)
w(741,3,8,103,103)
w(661,3,8,104,104)
r(295,2,8,105,105)
w(626,4,8,106,106)
w(492,1,8,107,107)
w(538,1,8,108,108)
w(828,3,8,109,109)
w(837,3,8,110,110)
w(805,2,8,111,111)
w(575,3,8,112,112)
w(278,4,8,113,113)
w(458,2,8,114,114)
w(195,2,8,115,115)
w(638,5,8,116,116)
w(718,5,8,117,117)
w(891,2,8,118,118)
r(32,3,8,119,119)
r(757,0,8,120,120)
w(543,3,8,121,121)
w(336,3,8,122,122)
w(735,4,8,123,123)
w(191,1,8,124,124)
r(455,0,8,125,125)
w(980,3,8,126,126)
w(999,3,8,127,127)
w(674,3,8,128,128)
w(614,2,8,129,129)
w(60,3,8,130,130)
w(156,1,8,131,131)
w(52,3,8,132,132)
w(362,1,8,133,133)
w(910,1,8,134,134)
w(265,1,8,135,135)
w(173,2,8,136,136)
w(998,2,8,137,137)
w(85,3,8,138,138)
w(580,2,8,139,139)
w(392,3,8,140,140)
w(717,2,8,141,141)
w(950,3,8,142,142)
w(370,1,8,143,143)
w(409,2,8,144,144)
w(56,3,8,145,145)
w(248,3,8,146,146)
w(16,3,8,147,147)
w(639,4,8,148,148)
w(548,2,8,149,149)
w(15,3,8,150,150)
w(94,3,8,151,151)
w(561,3,8,152,152)
w(664,1,8,153,153)
w(777,4,8,154,154)
w(60,4,8,155,155)
w(691,3,8,156,156)
w(488,4,8,157,157)
w(322,1,8,158,158)
w(960,3,8,159,159)
w(123,1,8,160,160)
w(169,7,8,161,161)
w(102,2,8,162,162)
w(807,3,8,163,163)
w(471,4,8,164,164)
w(140,3,8,165,165)
r(41,0,8,166,166)
r(898,1,8,167,167)
w(721,2,8,168,168)
w(461,5,8,169,169)
w(478,1,8,170,170)
w(475,3,8,171,171)
w(520,1,8,172,172)
w(315,1,8,173,173)
r(896,0,8,174,174)
w(341,4,8,175,175)
r(733,0,8,176,176)
w(904,1,8,177,177)
w(123,2,8,178,178)
w(146,1,8,179,179)
w(839,1,8,180,180)
w(79,3,8,181,181)
w(601,2,8,182,182)
w(548,3,8,183,183)
w(746,2,8,184,184)
w(896,1,8,185,185)
w(213,2,8,186,186)
w(372,3,8,187,187)
w(634,2,8,188,188)
w(885,2,8,189,189)
w(578,1,8,190,190)
w(234,3,8,191,191)
w(502,5,8,192,192)
w(336,4,8,193,193)
w(906,2,8,194,194)
w(37,3,8,195,195)
w(521,4,8,196,196)
w(245,2,8,197,197)
w(94,4,8,198,198)
w(738,4,8,199,199)
w(393,1,9,0,0)
w(963,3,9,1,1)
w(763,2,9,2,2)
w(887,2,9,3,3)
w(356,3,9,4,4)
w(345,2,9,5,5)
w(919,3,9,6,6)
w(577,4,9,7,7)
r(925,1,9,8,8)
w(949,2,9,9,9)
w(799,3,9,10,10)
w(597,4,9,11,11)
w(484,2,9,12,12)
w(669,2,9,13,13)
w(103,2,9,14,14)
w(485,4,9,15,15)
r(661,3,9,16,16)
w(651,5,9,17,17)
w(570,3,9,18,18)
w(783,2,9,19,19)
w(387,4,9,20,20)
w(56,4,9,21,21)
w(618,1,9,22,22)
w(979,2,9,23,23)
w(256,3,9,24,24)
w(541,3,9,25,25)
w(553,1,9,26,26)
w(30,2,9,27,27)
w(698,1,9,28,28)
w(554,5,9,29,29)
w(389,2,9,30,30)
w(129,3,9,31,31)
w(278,5,9,32,32)
r(398,4,9,33,33)
w(675,3,9,34,34)
w(273,3,9,35,35)
r(255,4,9,36,36)
w(312,2,9,37,37)
w(578,2,9,38,38)
w(238,3,9,39,39)
w(464,6,9,40,40)
w(927,6,9,41,41)
w(115,4,9,42,42)
w(843,1,9,43,43)
w(250,3,9,44,44)
r(24,0,9,45,45)
w(705,6,9,46,46)
w(564,2,9,47,47)
r(358,2,9,48,48)
w(687,3,9,49,49)
w(491,3,9,50,50)
w(512,3,9,51,51)
r(259,3,9,52,52)
w(731,2,9,53,53)
w(649,2,9,54,54)
w(414,3,9,55,55)
w(960,4,9,56,56)
w(151,2,9,57,57)
w(240,2,9,58,58)
w(993,2,9,59,59)
w(371,4,9,60,60)
w(386,3,9,61,61)
w(612,1,9,62,62)
w(656,1,9,63,63)
r(550,0,9,64,64)
w(462,2,9,65,65)
w(554,6,9,66,66)
w(717,3,9,67,67)
w(80,1,9,68,68)
r(965,6,9,69,69)
w(474,1,9,70,70)
w(86,1,9,71,71)
w(732,1,9,72,72)
w(851,2,9,73,73)
w(783,3,9,74,74)
w(583,2,9,75,75)
w(179,1,9,76,76)
w(373,1,9,77,77)
w(423,4,9,78,78)
w(421,2,9,79,79)
w(443,1,9,80,80)
w(108,2,9,81,81)
w(967,2,9,82,82)
w(634,3,9,83,83)
w(309,3,9,84,84)
w(49,2,9,85,85)
r(890,2,9,86,86)
w(552,1,9,87,87)
w(127,1,9,88,88)
w(961,2,9,89,89)
w(171,2,9,90,90)
w(789,2,9,91,91)
w(481,3,9,92,92)
w(613,2,9,93,93)
w(52,4,9,94,94)
w(788,1,9,95,95)
w(256,4,9,96,96)
w(554,7,9,97,97)
w(861,2,9,98,98)
w(537,4,9,99,99)
r(623,1,9,100,100)
w(450,4,9,101,101)
w(757,1,9,102,102)
r(547,1,9,103,103)
w(272,1,9,104,104)
w(541,4,9,105,105)
w(217,4,9,106,106)
w(300,2,9,107,107)
w(34,4,9,108,108)
w(690,1,9,109,109)
w(762,1,9,110,110)
w(916,1,9,111,111)
w(609,2,9,112,112)
w(282,2,9,113,113)
w(319,3,9,114,114)
r(638,5,9,115,115)
w(434,3,9,116,116)
w(772,1,9,117,117)
w(101,3,9,118,118)
w(268,4,9,119,119)
w(571,3,9,120,120)
w(281,3,9,121,121)
r(298,3,9,122,122)
w(806,2,9,123,123)
w(780,3,9,124,124)
w(811,1,9,125,125)
w(56,5,9,126,126)
w(561,4,9,127,127)
r(386,3,9,128,128)
w(715,4,9,129,129)
w(504,1,9,130,130)
w(895,2,9,131,131)
w(730,2,9,132,132)
w(445,3,9,133,133)
w(65,3,9,134,134)
w(649,3,9,135,135)
w(833,2,9,136,136)
w(563,5,9,137,137)
r(862,0,9,138,138)
w(969,3,9,139,139)
w(497,1,9,140,140)
r(136,0,9,141,141)
w(648,1,9,142,142)
w(777,5,9,143,143)
w(414,4,9,144,144)
w(523,2,9,145,145)
w(203,4,9,146,146)
w(791,3,9,147,147)
w(138,1,9,148,148)
w(169,8,9,149,149)
w(762,2,9,150,150)
w(782,2,9,151,151)
w(322,2,9,152,152)
w(977,1,9,153,153)
w(619,2,9,154,154)
w(786,3,9,155,155)
w(396,5,9,156,156)
w(350,1,9,157,157)
w(700,3,9,158,158)
w(924,2,9,159,159)
w(420,2,9,160,160)
w(290,2,9,161,161)
w(813,3,9,162,162)
w(195,3,9,163,163)
w(187,1,9,164,164)
w(933,3,9,165,165)
w(987,2,9,166,166)
w(734,4,9,167,167)
w(635,3,9,168,168)
w(210,1,9,169,169)
w(690,2,9,170,170)
r(227,1,9,171,171)
w(759,3,9,172,172)
w(476,2,9,173,173)
w(188,1,9,174,174)
w(837,4,9,175,175)
w(529,4,9,176,176)
w(481,4,9,177,177)
w(798,1,9,178,178)
w(226,3,9,179,179)
w(934,1,9,180,180)
w(56,6,9,181,181)
w(36,1,9,182,182)
w(70,1,9,183,183)
w(330,2,9,184,184)
w(36,2,9,185,185)
w(973,3,9,186,186)
w(758,1,9,187,187)
w(53,3,9,188,188)
w(178,3,9,189,189)
w(573,3,9,190,190)
w(690,3,9,191,191)
w(888,3,9,192,192)
w(334,2,9,193,193)
r(899,6,9,194,194)
w(765,4,9,195,195)
w(627,3,9,196,196)
w(255,5,9,197,197)
w(71,2,9,198,198)
w(822,1,9,199,199)
w(261,1,10,0,0)
w(525,3,10,1,1)
r(956,4,10,2,2)
w(981,4,10,3,3)
w(464,7,10,4,4)
w(821,3,10,5,5)
w(368,3,10,6,6)
w(735,5,10,7,7)
w(698,2,10,8,8)
r(403,3,10,9,9)
w(820,3,10,10,10)
w(701,2,10,11,11)
w(895,3,10,12,12)
w(130,3,10,13,13)
w(829,1,10,14,14)
w(635,4,10,15,15)
w(730,3,10,16,16)
w(123,3,10,17,17)
w(583,3,10,18,18)
w(34,5,10,19,19)
r(481,4,10,20,20)
w(385,5,10,21,21)
w(659,3,10,22,22)
r(836,1,10,23,23)
w(245,3,10,24,24)
r(366,4,10,25,25)
w(478,2,10,26,26)
w(599,1,10,27,27)
w(829,2,10,28,28)
w(117,3,10,29,29)
w(178,4,10,30,30)
w(157,2,10,31,31)
r(555,1,10,32,32)
r(983,1,10,33,33)
w(865,3,10,34,34)
w(99,2,10,35,35)
w(294,1,10,36,36)
w(15,4,10,37,37)
w(591,1,10,38,38)
w(454,1,10,39,39)
w(502,6,10,40,40)
w(395,2,10,41,41)
w(654,2,10,42,42)
w(664,2,10,43,43)
w(781,2,10,44,44)
w(112,1,10,45,45)
w(228,1,10,46,46)
w(751,4,10,47,47)
w(111,2,10,48,48)
w(913,1,10,49,49)
w(532,1,10,50,50)
w(531,3,10,51,51)
w(628,3,10,52,52)
w(739,1,10,53,53)
w(290,3,10,54,54)
w(873,3,10,55,55)
w(647,2,10,56,56)
w(111,3,10,57,57)
w(296,2,10,58,58)
w(194,5,10,59,59)
w(184,4,10,60,60)
w(758,2,10,61,61)
w(926,2,10,62,62)
w(268,5,10,63,63)
w(350,2,10,64,64)
w(529,5,10,65,65)
w(819,4,10,66,66)
w(915,2,10,67,67)
w(766,1,10,68,68)
w(678,4,10,69,69)
w(495,2,10,70,70)
w(813,4,10,71,71)
r(681,2,10,72,72)
w(650,4,10,73,73)
w(937,3,10,74,74)
w(19,1,10,75,75)
w(145,3,10,76,76)
w(256,5,10,77,77)
w(877,5,10,78,78)
w(10,1,10,79,79)
w(633,1,10,80,80)
w(325,1,10,81,81)
w(338,2,10,82,82)
w(306,1,10,83,83)
w(834,2,10,84,84)
w(901,2,10,85,85)
w(306,2,10,86,86)
r(127,1,10,87,87)
w(514,4,10,88,88)
w(460,3,10,89,89)
w(4,3,10,90,90)
w(339,1,10,91,91)
w(653,2,10,92,92)
w(216,4,10,93,93)
w(480,2,10,94,94)
w(188,2,10,95,95)
w(317,2,10,96,96)
w(462,3,10,97,97)
w(558,1,10,98,98)
w(879,3,10,99,99)
w(628,4,10,100,100)
w(206,4,10,101,101)
w(179,2,10,102,102)
w(796,4,10,103,103)
w(494,3,10,104,104)
w(748,5,10,105,105)
w(119,1,10,106,106)
w(195,4,10,107,107)
r(780,3,10,108,108)
w(643,5,10,109,109)
w(897,2,10,110,110)
w(976,2,10,111,111)
w(197,2,10,112,112)
w(703,2,10,113,113)
w(707,2,10,114,114)
r(199,0,10,115,115)
w(605,4,10,116,116)
w(318,1,10,117,117)
w(2,2,10,118,118)
w(539,2,10,119,119)
w(316,5,10,120,120)
w(80,2,10,121,121)
w(155,3,10,122,122)
w(304,3,10,123,123)
w(728,2,10,124,124)
w(783,4,10,125,125)
w(933,4,10,126,126)
w(890,3,10,127,127)
w(280,2,10,128,128)
w(386,4,10,129,129)
w(967,3,10,130,130)
w(322,3,10,131,131)
w(412,2,10,132,132)
w(554,8,10,133,133)
w(145,4,10,134,134)
w(715,5,10,135,135)
w(638,6,10,136,136)
w(514,5,10,137,137)
w(406,3,10,138,138)
w(271,1,10,139,139)
r(790,2,10,140,140)
w(977,2,10,141,141)
w(329,4,10,142,142)
w(362,2,10,143,143)
w(52,5,10,144,144)
w(889,1,10,145,145)
w(214,3,10,146,146)
w(403,4,10,147,147)
w(595,3,10,148,148)
w(765,5,10,149,149)
w(653,3,10,150,150)
w(946,3,10,151,151)
r(599,1,10,152,152)
w(581,1,10,153,153)
w(572,4,10,154,154)
r(71,2,10,155,155)
w(191,2,10,156,156)
w(398,5,10,157,157)
w(193,4,10,158,158)
w(403,5,10,159,159)
w(984,3,10,160,160)
w(386,5,10,161,161)
w(7,3,10,162,162)
w(610,1,10,163,163)
w(805,3,10,164,164)
w(959,2,10,165,165)
w(454,2,10,166,166)
w(160,5,10,167,167)
w(349,2,10,168,168)
w(499,2,10,169,169)
w(728,3,10,170,170)
w(317,3,10,171,171)
w(519,3,10,172,172)
w(642,3,10,173,173)
w(614,3,10,174,174)
w(338,3,10,175,175)
w(561,5,10,176,176)
w(252,2,10,177,177)
w(540,2,10,178,178)
w(621,2,10,179,179)
w(788,2,10,180,180)
w(357,2,10,181,181)
r(961,2,10,182,182)
w(164,4,10,183,183)
w(468,2,10,184,184)
w(317,4,10,185,185)
w(93,2,10,186,186)
w(498,1,10,187,187)
w(94,5,10,188,188)
w(939,3,10,189,189)
w(154,1,10,190,190)
w(766,2,10,191,191)
r(704,0,10,192,192)
w(721,3,10,193,193)
w(694,4,10,194,194)
w(521,5,10,195,195)
w(876,3,10,196,196)
w(89,3,10,197,197)
w(997,5,10,198,198)
w(894,2,10,199,199)
w(655,3,11,0,0)
w(531,4,11,1,1)
w(340,1,11,2,2)
w(987,3,11,3,3)
w(180,4,11,4,4)
r(470,0,11,5,5)
w(340,2,11,6,6)
w(388,2,11,7,7)
w(320,1,11,8,8)
w(227,2,11,9,9)
w(701,3,11,10,10)
w(643,6,11,11,11)
w(648,2,11,12,12)
w(128,2,11,13,13)
r(429,2,11,14,14)
w(778,1,11,15,15)
w(895,4,11,16,16)
w(992,3,11,17,17)
w(784,1,11,18,18)
w(132,1,11,19,19)
w(8,3,11,20,20)
w(9,4,11,21,21)
w(59,2,11,22,22)
w(918,3,11,23,23)
w(428,1,11,24,24)
w(131,3,11,25,25)
w(676,1,11,26,26)
r(641,4,11,27,27)
w(403,6,11,28,28)
w(987,4,11,29,29)
w(474,2,11,30,30)
r(446,0,11,31,31)
r(563,5,11,32,32)
w(474,3,11,33,33)
w(424,1,11,34,34)
r(286,2,11,35,35)
w(705,7,11,36,36)
w(436,1,11,37,37)
w(804,4,11,38,38)
w(491,4,11,39,39)
w(139,1,11,40,40)
w(518,2,11,41,41)
w(167,1,11,42,42)
w(865,4,11,43,43)
w(165,2,11,44,44)
w(327,3,11,45,45)
w(372,4,11,46,46)
w(913,2,11,47,47)
w(671,4,11,48,48)
w(609,3,11,49,49)
w(124,2,11,50,50)
w(868,2,11,51,51)
w(852,2,11,52,52)
w(747,3,11,53,53)
w(368,4,11,54,54)
w(968,4,11,55,55)
w(943,3,11,56,56)
w(294,2,11,57,57)
w(326,2,11,58,58)
w(341,5,11,59,59)
w(946,4,11,60,60)
w(485,5,11,61,61)
w(413,3,11,62,62)
w(137,1,11,63,63)
w(447,3,11,64,64)
w(710,2,11,65,65)
w(645,2,11,66,66)
r(1,1,11,67,67)
w(736,1,11,68,68)
w(465,4,11,69,69)
w(93,3,11,70,70)
w(232,3,11,71,71)
w(89,4,11,72,72)
w(804,5,11,73,73)
w(351,2,11,74,74)
w(917,2,11,75,75)
w(840,3,11,76,76)
w(292,5,11,77,77)
w(176,1,11,78,78)
w(442,1,11,79,79)
r(700,3,11,80,80)
w(722,2,11,81,81)
w(613,3,11,82,82)
r(10,1,11,83,83)
w(137,2,11,84,84)
w(851,3,11,85,85)
w(423,5,11,86,86)
w(986,2,11,87,87)
w(824,2,11,88,88)
w(396,6,11,89,89)
w(606,3,11,90,90)
w(614,4,11,91,91)
w(830,2,11,92,92)
w(33,1,11,93,93)
w(814,2,11,94,94)
w(496,1,11,95,95)
w(937,4,11,96,96)
w(608,2,11,97,97)
w(106,2,11,98,98)
w(116,6,11,99,99)
w(272,2,11,100,100)
r(219,2,11,101,101)
w(988,4,11,102,102)
w(645,3,11,103,103)
w(532,2,11,104,104)
w(312,3,11,105,105)
w(921,1,11,106,106)
w(703,3,11,107,107)
w(464,8,11,108,108)
w(852,3,11,109,109)
w(131,4,11,110,110)
w(516,3,11,111,111)
w(158,3,11,112,112)
w(751,5,11,113,113)
w(984,4,11,114,114)
r(91,2,11,115,115)
r(78,3,11,116,116)
w(997,6,11,117,117)
w(376,3,11,118,118)
w(133,3,11,119,119)
w(710,3,11,120,120)
w(118,4,11,121,121)
w(672,4,11,122,122)
w(822,2,11,123,123)
w(701,4,11,124,124)
w(891,3,11,125,125)
w(479,2,11,126,126)
w(191,3,11,127,127)
w(916,2,11,128,128)
w(430,2,11,129,129)
w(253,2,11,130,130)
w(35,4,11,131,131)
w(516,4,11,132,132)
w(429,3,11,133,133)
w(347,3,11,134,134)
w(164,5,11,135,135)
w(518,3,11,136,136)
w(723,4,11,137,137)
w(725,3,11,138,138)
w(810,2,11,139,139)
w(467,2,11,140,140)
w(377,6,11,141,141)
w(437,1,11,142,142)
w(205,5,11,143,143)
r(403,6,11,144,144)
w(540,3,11,145,145)
w(136,1,11,146,146)
w(692,5,11,147,147)
w(858,4,11,148,148)
w(556,3,11,149,149)
w(389,3,11,150,150)
w(947,2,11,151,151)
w(201,2,11,152,152)
w(454,3,11,153,153)
w(882,4,11,154,154)
w(676,2,11,155,155)
w(691,4,11,156,156)
w(297,2,11,157,157)
w(830,3,11,158,158)
w(265,2,11,159,159)
w(87,5,11,160,160)
w(868,3,11,161,161)
w(521,6,11,162,162)
w(653,4,11,163,163)
w(126,1,11,164,164)
w(354,4,11,165,165)
w(88,3,11,166,166)
w(714,3,11,167,167)
w(592,1,11,168,168)
r(482,1,11,169,169)
w(919,4,11,170,170)
w(663,3,11,171,171)
w(759,4,11,172,172)
w(135,3,11,173,173)
w(537,5,11,174,174)
w(959,3,11,175,175)
w(10,2,11,176,176)
w(655,4,11,177,177)
w(97,1,11,178,178)
w(15,5,11,179,179)
w(367,2,11,180,180)
w(499,3,11,181,181)
r(345,2,11,182,182)
w(130,4,11,183,183)
w(875,2,11,184,184)
w(232,4,11,185,185)
w(397,4,11,186,186)
w(790,3,11,187,187)
w(97,2,11,188,188)
w(215,2,11,189,189)
w(849,3,11,190,190)
w(75,1,11,191,191)
w(36,3,11,192,192)
w(258,3,11,193,193)
w(334,3,11,194,194)
w(167,2,11,195,195)
w(62,3,11,196,196)
w(692,6,11,197,197)
w(458,3,11,198,198)
w(102,3,11,199,199)
w(661,4,12,0,0)
w(997,7,12,1,1)
w(240,3,12,2,2)
w(342,1,12,3,3)
w(657,1,12,4,4)
r(740,2,12,5,5)
w(180,5,12,6,6)
w(217,5,12,7,7)
w(302,1,12,8,8)
w(267,2,12,9,9)
w(605,5,12,10,10)
w(524,3,12,11,11)
w(550,1,12,12,12)
w(928,5,12,13,13)
r(956,4,12,14,14)
w(797,2,12,15,15)
w(238,4,12,16,16)
w(455,1,12,17,17)
w(633,2,12,18,18)
w(87,6,12,19,19)
w(454,4,12,20,20)
w(272,3,12,21,21)
w(117,4,12,22,22)
r(925,1,12,23,23)
w(80,3,12,24,24)
w(125,2,12,25,25)
w(716,1,12,26,26)
w(420,3,12,27,27)
w(126,2,12,28,28)
w(971,4,12,29,29)
r(506,3,12,30,30)
w(512,4,12,31,31)
w(322,4,12,32,32)
w(207,2,12,33,33)
w(456,3,12,34,34)
w(92,3,12,35,35)
w(311,3,12,36,36)
w(908,2,12,37,37)
w(335,4,12,38,38)
w(263,3,12,39,39)
w(2,3,12,40,40)
w(664,3,12,41,41)
w(172,5,12,42,42)
w(943,4,12,43,43)
r(364,2,12,44,44)
r(914,2,12,45,45)
w(612,2,12,46,46)
w(684,2,12,47,47)
w(835,3,12,48,48)
w(941,5,12,49,49)
w(148,3,12,50,50)
w(529,6,12,51,51)
w(462,4,12,52,52)
w(525,4,12,53,53)
w(678,5,12,54,54)
w(504,2,12,55,55)
w(456,4,12,56,56)
w(16,4,12,57,57)
w(25,3,12,58,58)
w(598,2,12,59,59)
w(464,9,12,60,60)
w(343,3,12,61,61)
w(300,3,12,62,62)
w(372,5,12,63,63)
w(301,1,12,64,64)
w(695,3,12,65,65)
w(245,4,12,66,66)
w(897,3,12,67,67)
w(869,1,12,68,68)
r(465,4,12,69,69)
w(28,3,12,70,70)
w(200,3,12,71,71)
w(249,2,12,72,72)
w(255,6,12,73,73)
w(1,2,12,74,74)
w(500,2,12,75,75)
r(205,5,12,76,76)
w(24,1,12,77,77)
w(464,10,12,78,78)
w(377,7,12,79,79)
w(683,4,12,80,80)
w(681,3,12,81,81)
w(435,6,12,82,82)
w(78,4,12,83,83)
w(733,1,12,84,84)
w(624,1,12,85,85)
w(659,4,12,86,86)
w(321,1,12,87,87)
w(424,2,12,88,88)
w(186,2,12,89,89)
w(505,3,12,90,90)
w(675,4,12,91,91)
w(969,4,12,92,92)
w(81,2,12,93,93)
w(721,4,12,94,94)
w(796,5,12,95,95)
w(617,2,12,96,96)
w(270,2,12,97,97)
w(155,4,12,98,98)
w(699,5,12,99,99)
w(373,2,12,100,100)
w(15,6,12,101,101)
w(513,2,12,102,102)
w(135,4,12,103,103)
w(343,4,12,104,104)
w(123,4,12,105,105)
w(648,3,12,106,106)
w(850,3,12,107,107)
w(990,1,12,108,108)
r(300,3,12,109,109)
w(927,7,12,110,110)
w(783,5,12,111,111)
w(872,3,12,112,112)
w(688,2,12,113,113)
w(213,3,12,114,114)
w(797,3,12,115,115)
w(355,4,12,116,116)
w(417,3,12,117,117)
w(384,3,12,118,118)
w(621,3,12,119,119)
w(238,5,12,120,120)
w(296,3,12,121,121)
w(766,3,12,122,122)
w(560,4,12,123,123)
w(971,5,12,124,124)
w(669,3,12,125,125)
w(559,2,12,126,126)
w(935,4,12,127,127)
w(38,1,12,128,128)
w(622,5,12,129,129)
w(475,4,12,130,130)
w(157,3,12,131,131)
r(507,0,12,132,132)
w(11,2,12,133,133)
w(367,3,12,134,134)
w(600,2,12,135,135)
w(568,1,12,136,136)
r(454,4,12,137,137)
w(843,2,12,138,138)
w(889,2,12,139,139)
w(116,7,12,140,140)
w(386,6,12,141,141)
w(88,4,12,142,142)
w(56,7,12,143,143)
r(60,4,12,144,144)
w(363,3,12,145,145)
w(869,2,12,146,146)
w(108,3,12,147,147)
w(831,2,12,148,148)
w(598,3,12,149,149)
w(99,3,12,150,150)
w(962,1,12,151,151)
w(883,1,12,152,152)
w(166,4,12,153,153)
w(224,2,12,154,154)
w(166,5,12,155,155)
r(799,3,12,156,156)
w(394,3,12,157,157)
w(135,5,12,158,158)
w(839,2,12,159,159)
w(605,6,12,160,160)
w(408,3,12,161,161)
w(807,4,12,162,162)
w(936,1,12,163,163)
w(366,5,12,164,164)
w(729,3,12,165,165)
w(234,4,12,166,166)
w(963,4,12,167,167)
w(380,5,12,168,168)
w(51,4,12,169,169)
w(400,2,12,170,170)
w(349,3,12,171,171)
w(907,5,12,172,172)
r(149,2,12,173,173)
w(657,2,12,174,174)
w(214,4,12,175,175)
w(764,4,12,176,176)
w(167,3,12,177,177)
w(282,3,12,178,178)
w(717,4,12,179,179)
w(367,4,12,180,180)
r(349,3,12,181,181)
w(685,1,12,182,182)
w(332,3,12,183,183)
w(960,5,12,184,184)
w(165,3,12,185,185)
w(953,4,12,186,186)
r(683,4,12,187,187)
w(71,3,12,188,188)
w(329,5,12,189,189)
w(579,3,12,190,190)
w(855,2,12,191,191)
w(866,3,12,192,192)
w(905,3,12,193,193)
r(54,2,12,194,194)
w(837,5,12,195,195)
w(976,3,12,196,196)
w(607,2,12,197,197)
w(382,2,12,198,198)
w(611,2,12,199,199)
w(911,2,13,0,0)
w(381,3,13,1,1)
w(653,5,13,2,2)
w(167,4,13,3,3)
r(537,5,13,4,4)
w(918,4,13,5,5)
w(756,3,13,6,6)
w(569,5,13,7,7)
w(996,2,13,8,8)
w(798,2,13,9,9)
w(499,4,13,10,10)
w(199,1,13,11,11)
w(551,1,13,12,12)
w(458,4,13,13,13)
w(489,2,13,14,14)
w(950,4,13,15,15)
w(955,1,13,16,16)
w(182,2,13,17,17)
w(367,5,13,18,18)
w(544,2,13,19,19)
w(404,3,13,20,20)
w(780,4,13,21,21)
w(122,2,13,22,22)
w(699,6,13,23,23)
w(535,5,13,24,24)
w(287,1,13,25,25)
w(4,4,13,26,26)
w(612,3,13,27,27)
w(792,2,13,28,28)
w(514,6,13,29,29)
w(44,2,13,30,30)
w(166,6,13,31,31)
w(620,3,13,32,32)
w(117,5,13,33,33)
w(835,4,13,34,34)
w(96,4,13,35,35)
w(584,1,13,36,36)
w(480,3,13,37,37)
w(980,4,13,38,38)
w(739,2,13,39,39)
r(102,3,13,40,40)
w(427,4,13,41,41)
w(804,6,13,42,42)
w(234,5,13,43,43)
r(370,1,13,44,44)
w(856,1,13,45,45)
w(714,4,13,46,46)
w(85,4,13,47,47)
w(860,2,13,48,48)
r(445,3,13,49,49)
w(612,4,13,50,50)
w(459,2,13,51,51)
w(430,3,13,52,52)
w(474,4,13,53,53)
w(724,1,13,54,54)
w(567,2,13,55,55)
w(591,2,13,56,56)
w(747,4,13,57,57)
w(551,2,13,58,58)
w(606,4,13,59,59)
w(647,3,13,60,60)
w(747,5,13,61,61)
w(633,3,13,62,62)
w(4,5,13,63,63)
w(138,2,13,64,64)
w(962,2,13,65,65)
w(269,3,13,66,66)
w(861,3,13,67,67)
r(785,2,13,68,68)
w(64,3,13,69,69)
w(816,4,13,70,70)
w(884,1,13,71,71)
w(191,4,13,72,72)
w(479,3,13,73,73)
w(543,4,13,74,74)
w(215,3,13,75,75)
r(614,4,13,76,76)
r(252,2,13,77,77)
w(421,3,13,78,78)
w(528,3,13,79,79)
w(527,1,13,80,80)
w(463,1,13,81,81)
w(55,3,13,82,82)
w(866,4,13,83,83)
r(50,2,13,84,84)
w(66,2,13,85,85)
w(631,1,13,86,86)
w(79,4,13,87,87)
w(186,3,13,88,88)
w(176,2,13,89,89)
w(788,3,13,90,90)
w(793,4,13,91,91)
w(424,3,13,92,92)
w(283,3,13,93,93)
w(581,2,13,94,94)
w(859,3,13,95,95)
w(620,4,13,96,96)
w(763,3,13,97,97)
w(842,2,13,98,98)
w(798,3,13,99,99)
w(794,4,13,100,100)
w(665,2,13,101,101)
w(578,3,13,102,102)
w(280,3,13,103,103)
w(629,3,13,104,104)
w(591,3,13,105,105)
w(729,4,13,106,106)
w(225,2,13,107,107)
w(270,3,13,108,108)
w(358,3,13,109,109)
w(594,2,13,110,110)
w(194,6,13,111,111)
w(201,3,13,112,112)
w(727,1,13,113,113)
w(467,3,13,114,114)
w(674,4,13,115,115)
w(542,3,13,116,116)
w(475,5,13,117,117)
w(301,2,13,118,118)
w(56,8,13,119,119)
w(179,3,13,120,120)
w(983,2,13,121,121)
w(402,3,13,122,122)
w(201,4,13,123,123)
w(311,4,13,124,124)
r(949,2,13,125,125)
w(39,3,13,126,126)
w(189,1,13,127,127)
w(736,2,13,128,128)
w(90,2,13,129,129)
w(72,1,13,130,130)
w(111,4,13,131,131)
w(500,3,13,132,132)
w(435,7,13,133,133)
w(464,11,13,134,134)
w(660,3,13,135,135)
w(800,3,13,136,136)
w(717,5,13,137,137)
w(523,3,13,138,138)
w(169,9,13,139,139)
w(274,2,13,140,140)
w(619,3,13,141,141)
w(612,5,13,142,142)
w(404,4,13,143,143)
w(211,3,13,144,144)
w(779,3,13,145,145)
r(862,0,13,146,146)
r(803,0,13,147,147)
w(369,2,13,148,148)
w(456,5,13,149,149)
w(798,4,13,150,150)
w(461,6,13,151,151)
w(37,4,13,152,152)
w(982,2,13,153,153)
w(964,5,13,154,154)
w(847,2,13,155,155)
w(636,3,13,156,156)
w(970,2,13,157,157)
w(752,5,13,158,158)
w(684,3,13,159,159)
w(140,4,13,160,160)
w(444,4,13,161,161)
w(209,1,13,162,162)
w(870,1,13,163,163)
w(389,4,13,164,164)
w(595,4,13,165,165)
w(419,3,13,166,166)
w(188,3,13,167,167)
w(293,2,13,168,168)
w(800,4,13,169,169)
w(246,2,13,170,170)
w(414,5,13,171,171)
w(780,5,13,172,172)
w(469,3,13,173,173)
w(743,3,13,174,174)
r(784,1,13,175,175)
w(578,4,13,176,176)
w(0,2,13,177,177)
w(785,3,13,178,178)
w(365,4,13,179,179)
w(858,5,13,180,180)
w(696,1,13,181,181)
w(421,4,13,182,182)
w(887,3,13,183,183)
w(715,6,13,184,184)
w(564,3,13,185,185)
w(848,2,13,186,186)
w(136,2,13,187,187)
w(620,5,13,188,188)
w(323,3,13,189,189)
w(813,5,13,190,190)
w(574,3,13,191,191)
w(942,3,13,192,192)
w(213,4,13,193,193)
w(379,3,13,194,194)
r(866,4,13,195,195)
w(610,2,13,196,196)
w(458,5,13,197,197)
w(253,3,13,198,198)
w(512,5,13,199,199)
w(262,2,14,0,0)
w(707,3,14,1,1)
w(299,2,14,2,2)
w(450,5,14,3,3)
w(632,4,14,4,4)
w(744,2,14,5,5)
r(589,1,14,6,6)
w(956,5,14,7,7)
w(664,4,14,8,8)
w(58,2,14,9,9)
w(446,1,14,10,10)
w(437,2,14,11,11)
w(762,3,14,12,12)
w(828,4,14,13,13)
w(419,4,14,14,14)
w(401,5,14,15,15)
w(214,5,14,16,16)
w(159,5,14,17,17)
w(95,3,14,18,18)
w(163,3,14,19,19)
w(227,3,14,20,20)
w(59,3,14,21,21)
r(869,2,14,22,22)
w(816,5,14,23,23)
w(305,1,14,24,24)
w(810,3,14,25,25)
w(61,3,14,26,26)
w(72,2,14,27,27)
w(257,4,14,28,28)
w(887,4,14,29,29)
w(595,5,14,30,30)
w(260,1,14,31,31)
w(149,3,14,32,32)
r(697,3,14,33,33)
r(814,2,14,34,34)
w(903,3,14,35,35)
w(376,4,14,36,36)
w(944,8,14,37,37)
w(599,2,14,38,38)
w(480,4,14,39,39)
w(271,2,14,40,40)
w(117,6,14,41,41)
r(320,1,14,42,42)
w(222,3,14,43,43)
w(496,2,14,44,44)
r(512,5,14,45,45)
w(677,3,14,46,46)
w(682,3,14,47,47)
w(621,4,14,48,48)
w(564,4,14,49,49)
w(671,5,14,50,50)
w(636,4,14,51,51)
r(269,3,14,52,52)
w(849,4,14,53,53)
w(586,2,14,54,54)
w(878,4,14,55,55)
w(577,5,14,56,56)
w(782,3,14,57,57)
w(884,2,14,58,58)
w(871,3,14,59,59)
w(318,2,14,60,60)
w(692,7,14,61,61)
w(198,3,14,62,62)
w(475,6,14,63,63)
w(157,4,14,64,64)
w(907,6,14,65,65)
w(214,6,14,66,66)
w(369,3,14,67,67)
w(462,5,14,68,68)
r(684,3,14,69,69)
w(762,4,14,70,70)
w(641,5,14,71,71)
w(90,3,14,72,72)
r(208,1,14,73,73)
w(773,4,14,74,74)
r(862,0,14,75,75)
r(405,2,14,76,76)
w(939,4,14,77,77)
w(145,5,14,78,78)
w(155,5,14,79,79)
w(77,1,14,80,80)
w(535,6,14,81,81)
w(138,3,14,82,82)
w(366,6,14,83,83)
w(746,3,14,84,84)
w(382,3,14,85,85)
w(503,2,14,86,86)
r(294,2,14,87,87)
w(269,4,14,88,88)
w(564,5,14,89,89)
w(112,2,14,90,90)
w(748,6,14,91,91)
w(137,3,14,92,92)
w(509,1,14,93,93)
w(736,3,14,94,94)
w(845,2,14,95,95)
r(631,1,14,96,96)
w(90,4,14,97,97)
w(387,5,14,98,98)
r(24,1,14,99,99)
w(46,2,14,100,100)
w(752,6,14,101,101)
w(928,6,14,102,102)
w(591,4,14,103,103)
w(367,6,14,104,104)
w(227,4,14,105,105)
w(953,5,14,106,106)
w(644,2,14,107,107)
w(288,3,14,108,108)
w(671,6,14,109,109)
w(612,6,14,110,110)
w(78,5,14,111,111)
w(675,5,14,112,112)
w(604,1,14,113,113)
w(201,5,14,114,114)
r(338,3,14,115,115)
r(542,3,14,116,116)
w(469,4,14,117,117)
w(360,1,14,118,118)
w(224,3,14,119,119)
w(626,5,14,120,120)
w(230,2,14,121,121)
w(688,3,14,122,122)
w(899,7,14,123,123)
w(612,7,14,124,124)
w(594,3,14,125,125)
w(569,6,14,126,126)
w(371,5,14,127,127)
w(199,2,14,128,128)
w(228,2,14,129,129)
r(774,1,14,130,130)
w(820,4,14,131,131)
w(536,2,14,132,132)
w(28,4,14,133,133)
w(29,1,14,134,134)
w(631,2,14,135,135)
w(361,1,14,136,136)
r(328,1,14,137,137)
w(709,2,14,138,138)
w(521,7,14,139,139)
w(669,4,14,140,140)
w(225,3,14,141,141)
w(657,3,14,142,142)
w(817,1,14,143,143)
w(767,3,14,144,144)
w(661,5,14,145,145)
w(935,5,14,146,146)
w(230,3,14,147,147)
w(593,2,14,148,148)
w(577,6,14,149,149)
w(821,4,14,150,150)
r(273,3,14,151,151)
w(786,4,14,152,152)
w(674,5,14,153,153)
r(871,3,14,154,154)
r(330,2,14,155,155)
w(602,2,14,156,156)
w(243,2,14,157,157)
w(618,2,14,158,158)
w(936,2,14,159,159)
w(650,5,14,160,160)
w(444,5,14,161,161)
w(860,3,14,162,162)
w(189,2,14,163,163)
w(576,1,14,164,164)
w(226,4,14,165,165)
w(971,6,14,166,166)
w(481,5,14,167,167)
w(709,3,14,168,168)
w(678,6,14,169,169)
w(730,4,14,170,170)
r(193,4,14,171,171)
w(291,4,14,172,172)
r(821,4,14,173,173)
w(940,3,14,174,174)
w(57,2,14,175,175)
w(156,2,14,176,176)
w(66,3,14,177,177)
w(203,5,14,178,178)
w(57,3,14,179,179)
w(13,1,14,180,180)
w(133,4,14,181,181)
w(648,4,14,182,182)
w(295,3,14,183,183)
w(308,1,14,184,184)
w(180,6,14,185,185)
w(673,1,14,186,186)
w(800,5,14,187,187)
w(246,3,14,188,188)
w(258,4,14,189,189)
w(481,6,14,190,190)
w(797,4,14,191,191)
w(53,4,14,192,192)
w(451,2,14,193,193)
w(814,3,14,194,194)
w(273,4,14,195,195)
w(812,2,14,196,196)
w(312,4,14,197,197)
w(686,4,14,198,198)
w(309,4,14,199,199)
w(787,3,15,0,0)
r(329,5,15,1,1)
w(250,4,15,2,2)
w(682,4,15,3,3)
w(452,2,15,4,4)
w(490,4,15,5,5)
w(592,2,15,6,6)
w(838,2,15,7,7)
w(319,4,15,8,8)
w(906,3,15,9,9)
w(978,3,15,10,10)
w(15,7,15,11,11)
w(293,3,15,12,12)
r(895,4,15,13,13)
w(848,3,15,14,14)
w(733,2,15,15,15)
w(154,2,15,16,16)
r(70,1,15,17,17)
w(798,5,15,18,18)
w(547,2,15,19,19)
w(353,2,15,20,20)
w(469,5,15,21,21)
w(588,4,15,22,22)
r(934,1,15,23,23)
r(743,3,15,24,24)
w(51,5,15,25,25)
r(243,2,15,26,26)
w(423,6,15,27,27)
w(760,6,15,28,28)
w(199,3,15,29,29)
r(88,4,15,30,30)
w(304,4,15,31,31)
w(153,4,15,32,32)
w(743,4,15,33,33)
w(472,2,15,34,34)
w(79,5,15,35,35)
w(128,3,15,36,36)
w(671,7,15,37,37)
w(935,6,15,38,38)
w(524,4,15,39,39)
w(24,2,15,40,40)
w(210,2,15,41,41)
w(62,4,15,42,42)
w(52,6,15,43,43)
w(386,7,15,44,44)
w(742,1,15,45,45)
w(766,4,15,46,46)
w(121,3,15,47,47)
w(726,3,15,48,48)
w(877,6,15,49,49)
w(706,2,15,50,50)
w(747,6,15,51,51)
w(42,2,15,52,52)
w(245,5,15,53,53)
w(702,4,15,54,54)
w(665,3,15,55,55)
r(473,1,15,56,56)
r(489,2,15,57,57)
w(374,1,15,58,58)
w(956,6,15,59,59)
w(744,3,15,60,60)
r(466,1,15,61,61)
w(638,7,15,62,62)
w(233,2,15,63,63)
w(853,4,15,64,64)
r(477,3,15,65,65)
w(355,5,15,66,66)
r(712,4,15,67,67)
w(401,6,15,68,68)
w(979,3,15,69,69)
w(201,6,15,70,70)
r(775,0,15,71,71)
w(342,2,15,72,72)
r(698,2,15,73,73)
w(465,5,15,74,74)
w(323,4,15,75,75)
w(257,5,15,76,76)
r(374,1,15,77,77)
w(277,1,15,78,78)
w(432,2,15,79,79)
w(140,5,15,80,80)
w(869,3,15,81,81)
w(459,3,15,82,82)
w(94,6,15,83,83)
w(994,4,15,84,84)
w(158,4,15,85,85)
w(886,3,15,86,86)
r(572,4,15,87,87)
w(508,1,15,88,88)
w(315,2,15,89,89)
w(531,5,15,90,90)
w(650,6,15,91,91)
w(338,4,15,92,92)
w(715,7,15,93,93)
w(489,3,15,94,94)
w(685,2,15,95,95)
r(763,3,15,96,96)
w(101,4,15,97,97)
w(782,4,15,98,98)
w(579,4,15,99,99)
w(332,4,15,100,100)
w(98,3,15,101,101)
w(461,7,15,102,102)
w(563,6,15,103,103)
w(665,4,15,104,104)
w(863,2,15,105,105)
w(393,2,15,106,106)
r(910,1,15,107,107)
w(402,4,15,108,108)
w(579,5,15,109,109)
w(832,1,15,110,110)
w(615,1,15,111,111)
w(148,4,15,112,112)
w(973,4,15,113,113)
r(204,0,15,114,114)
w(152,3,15,115,115)
w(710,4,15,116,116)
w(893,3,15,117,117)
w(361,2,15,118,118)
w(384,4,15,119,119)
w(434,4,15,120,120)
w(37,5,15,121,121)
w(272,4,15,122,122)
w(737,2,15,123,123)
w(609,4,15,124,124)
w(635,5,15,125,125)
r(389,4,15,126,126)
w(401,7,15,127,127)
w(59,4,15,128,128)
w(5,2,15,129,129)
w(232,5,15,130,130)
w(426,2,15,131,131)
w(61,4,15,132,132)
w(937,5,15,133,133)
w(572,5,15,134,134)
r(638,7,15,135,135)
w(915,3,15,136,136)
w(947,3,15,137,137)
w(671,8,15,138,138)
w(493,4,15,139,139)
w(139,2,15,140,140)
w(812,3,15,141,141)
w(768,1,15,142,142)
w(792,3,15,143,143)
r(597,4,15,144,144)
w(605,7,15,145,145)
w(403,7,15,146,146)
w(513,3,15,147,147)
w(919,5,15,148,148)
w(451,3,15,149,149)
w(288,4,15,150,150)
w(274,3,15,151,151)
w(125,3,15,152,152)
w(924,3,15,153,153)
w(427,5,15,154,154)
w(540,4,15,155,155)
w(611,3,15,156,156)
w(621,5,15,157,157)
w(465,6,15,158,158)
w(932,7,15,159,159)
w(888,4,15,160,160)
w(506,4,15,161,161)
r(139,2,15,162,162)
w(991,2,15,163,163)
w(828,5,15,164,164)
w(204,1,15,165,165)
r(422,3,15,166,166)
w(356,4,15,167,167)
w(253,4,15,168,168)
w(135,6,15,169,169)
w(166,7,15,170,170)
w(209,2,15,171,171)
w(493,5,15,172,172)
w(801,1,15,173,173)
w(349,4,15,174,174)
w(831,3,15,175,175)
w(540,5,15,176,176)
w(380,6,15,177,177)
w(880,1,15,178,178)
w(414,6,15,179,179)
w(941,6,15,180,180)
w(11,3,15,181,181)
w(130,5,15,182,182)
w(35,5,15,183,183)
w(735,6,15,184,184)
w(236,2,15,185,185)
w(739,3,15,186,186)
w(697,4,15,187,187)
w(696,2,15,188,188)
w(109,1,15,189,189)
w(835,5,15,190,190)
w(222,4,15,191,191)
w(547,3,15,192,192)
w(195,5,15,193,193)
w(906,4,15,194,194)
w(871,4,15,195,195)
w(941,7,15,196,196)
w(146,2,15,197,197)
r(481,6,15,198,198)
w(316,6,15,199,199)
w(956,7,16,0,0)
w(81,3,16,1,1)
w(129,4,16,2,2)
w(357,3,16,3,3)
w(282,4,16,4,4)
w(178,5,16,5,5)
w(685,3,16,6,6)
w(685,4,16,7,7)
w(755,2,16,8,8)
w(194,7,16,9,9)
w(997,8,16,10,10)
w(444,6,16,11,11)
w(873,4,16,12,12)
w(864,3,16,13,13)
w(676,3,16,14,14)
w(463,2,16,15,15)
w(381,4,16,16,16)
w(159,6,16,17,17)
w(582,3,16,18,18)
w(89,5,16,19,19)
w(194,8,16,20,20)
w(34,6,16,21,21)
w(930,2,16,22,22)
w(865,5,16,23,23)
w(510,2,16,24,24)
w(350,3,16,25,25)
w(786,5,16,26,26)
w(250,5,16,27,27)
w(427,6,16,28,28)
w(81,4,16,29,29)
w(983,3,16,30,30)
w(970,3,16,31,31)
w(306,3,16,32,32)
w(944,9,16,33,33)
w(241,5,16,34,34)
w(846,5,16,35,35)
w(361,3,16,36,36)
w(992,4,16,37,37)
w(193,5,16,38,38)
w(578,5,16,39,39)
w(160,6,16,40,40)
w(207,3,16,41,41)
w(535,7,16,42,42)
w(809,3,16,43,43)
w(293,4,16,44,44)
w(903,4,16,45,45)
w(748,7,16,46,46)
w(853,5,16,47,47)
w(912,4,16,48,48)
w(236,3,16,49,49)
w(461,8,16,50,50)
w(296,4,16,51,51)
w(653,6,16,52,52)
w(821,5,16,53,53)
w(770,3,16,54,54)
w(23,1,16,55,55)
w(42,3,16,56,56)
w(528,4,16,57,57)
w(566,4,16,58,58)
w(204,2,16,59,59)
w(890,4,16,60,60)
w(890,5,16,61,61)
w(727,2,16,62,62)
w(621,6,16,63,63)
w(44,3,16,64,64)
w(126,3,16,65,65)
w(513,4,16,66,66)
w(750,2,16,67,67)
w(450,6,16,68,68)
w(364,3,16,69,69)
w(928,7,16,70,70)
w(792,4,16,71,71)
w(516,5,16,72,72)
w(71,4,16,73,73)
w(270,4,16,74,74)
r(604,1,16,75,75)
w(559,3,16,76,76)
w(556,4,16,77,77)
r(944,9,16,78,78)
w(321,2,16,79,79)
w(111,5,16,80,80)
r(643,6,16,81,81)
w(79,6,16,82,82)
w(567,3,16,83,83)
w(292,6,16,84,84)
w(826,3,16,85,85)
w(680,3,16,86,86)
w(63,2,16,87,87)
w(396,7,16,88,88)
w(266,2,16,89,89)
w(998,3,16,90,90)
w(672,5,16,91,91)
w(534,2,16,92,92)
w(267,3,16,93,93)
w(758,3,16,94,94)
w(489,4,16,95,95)
r(222,4,16,96,96)
w(719,2,16,97,97)
w(260,2,16,98,98)
w(152,4,16,99,99)
w(874,2,16,100,100)
w(910,2,16,101,101)
w(865,6,16,102,102)
w(665,5,16,103,103)
w(79,7,16,104,104)
w(239,4,16,105,105)
w(100,1,16,106,106)
w(288,5,16,107,107)
w(151,3,16,108,108)
w(155,6,16,109,109)
w(525,5,16,110,110)
r(550,1,16,111,111)
w(607,3,16,112,112)
w(409,3,16,113,113)
w(905,4,16,114,114)
w(862,1,16,115,115)
w(442,2,16,116,116)
w(639,5,16,117,117)
w(707,4,16,118,118)
w(69,3,16,119,119)
w(846,6,16,120,120)
w(590,1,16,121,121)
w(167,5,16,122,122)
w(910,3,16,123,123)
w(480,5,16,124,124)
w(593,3,16,125,125)
w(142,2,16,126,126)
w(908,3,16,127,127)
w(455,2,16,128,128)
w(296,5,16,129,129)
w(185,1,16,130,130)
w(995,2,16,131,131)
w(641,6,16,132,132)
w(34,7,16,133,133)
w(290,4,16,134,134)
w(862,2,16,135,135)
w(687,4,16,136,136)
w(29,2,16,137,137)
r(819,4,16,138,138)
w(912,5,16,139,139)
w(930,3,16,140,140)
w(946,5,16,141,141)
w(342,3,16,142,142)
w(895,5,16,143,143)
w(86,2,16,144,144)
w(206,5,16,145,145)
w(591,5,16,146,146)
w(709,4,16,147,147)
w(894,3,16,148,148)
w(874,3,16,149,149)
w(803,1,16,150,150)
w(992,5,16,151,151)
w(662,1,16,152,152)
w(65,4,16,153,153)
w(591,6,16,154,154)
w(918,5,16,155,155)
w(290,5,16,156,156)
w(174,4,16,157,157)
w(719,3,16,158,158)
w(249,3,16,159,159)
r(588,4,16,160,160)
w(739,4,16,161,161)
w(724,2,16,162,162)
w(380,7,16,163,163)
w(554,9,16,164,164)
r(521,7,16,165,165)
w(473,2,16,166,166)
w(850,4,16,167,167)
w(633,4,16,168,168)
w(784,2,16,169,169)
w(638,8,16,170,170)
w(544,3,16,171,171)
w(875,3,16,172,172)
w(654,3,16,173,173)
w(274,4,16,174,174)
w(975,6,16,175,175)
w(475,7,16,176,176)
w(378,1,16,177,177)
w(983,4,16,178,178)
w(169,10,16,179,179)
w(229,4,16,180,180)
w(339,2,16,181,181)
w(985,2,16,182,182)
w(546,3,16,183,183)
w(983,5,16,184,184)
w(639,6,16,185,185)
w(324,2,16,186,186)
w(538,2,16,187,187)
w(577,7,16,188,188)
w(9,5,16,189,189)
w(674,6,16,190,190)
w(241,6,16,191,191)
r(530,1,16,192,192)
w(235,3,16,193,193)
w(43,4,16,194,194)
w(952,3,16,195,195)
w(778,2,16,196,196)
w(347,4,16,197,197)
w(516,6,16,198,198)
r(196,1,16,199,199)
w(463,3,17,0,0)
w(291,5,17,1,1)
w(241,7,17,2,2)
w(733,3,17,3,3)
w(165,4,17,4,4)
w(779,4,17,5,5)
w(819,5,17,6,6)
w(850,5,17,7,7)
w(454,5,17,8,8)
w(936,3,17,9,9)
w(123,5,17,10,10)
w(790,4,17,11,11)
r(306,3,17,12,12)
w(313,2,17,13,13)
w(358,4,17,14,14)
w(358,5,17,15,15)
w(404,5,17,16,16)
w(842,3,17,17,17)
w(117,7,17,18,18)
w(684,4,17,19,19)
r(792,4,17,20,20)
w(640,4,17,21,21)
w(756,4,17,22,22)
w(250,6,17,23,23)
w(444,7,17,24,24)
w(929,3,17,25,25)
w(964,6,17,26,26)
w(188,4,17,27,27)
w(108,4,17,28,28)
w(580,3,17,29,29)
w(842,4,17,30,30)
w(384,5,17,31,31)
w(890,6,17,32,32)
w(309,5,17,33,33)
w(864,4,17,34,34)
w(582,4,17,35,35)
w(148,5,17,36,36)
r(922,4,17,37,37)
w(797,5,17,38,38)
w(330,3,17,39,39)
w(203,6,17,40,40)
r(366,6,17,41,41)
w(627,4,17,42,42)
w(931,1,17,43,43)
w(112,3,17,44,44)
w(20,1,17,45,45)
w(342,4,17,46,46)
w(515,4,17,47,47)
w(702,5,17,48,48)
w(271,3,17,49,49)
w(175,2,17,50,50)
r(466,1,17,51,51)
w(281,4,17,52,52)
w(393,3,17,53,53)
w(809,4,17,54,54)
w(366,7,17,55,55)
w(834,3,17,56,56)
w(509,2,17,57,57)
w(453,2,17,58,58)
w(891,4,17,59,59)
w(388,3,17,60,60)
w(835,6,17,61,61)
w(584,2,17,62,62)
r(380,7,17,63,63)
w(199,4,17,64,64)
w(80,4,17,65,65)
w(727,3,17,66,66)
w(655,5,17,67,67)
w(717,6,17,68,68)
w(369,4,17,69,69)
w(59,5,17,70,70)
w(39,4,17,71,71)
w(908,4,17,72,72)
r(650,6,17,73,73)
w(492,2,17,74,74)
w(936,4,17,75,75)
w(70,2,17,76,76)
w(492,3,17,77,77)
w(125,4,17,78,78)
w(225,4,17,79,79)
w(475,8,17,80,80)
w(667,2,17,81,81)
w(89,6,17,82,82)
w(630,1,17,83,83)
w(597,5,17,84,84)
w(460,4,17,85,85)
w(315,3,17,86,86)
w(470,1,17,87,87)
w(405,3,17,88,88)
w(528,5,17,89,89)
w(304,5,17,90,90)
w(206,6,17,91,91)
w(986,3,17,92,92)
w(343,5,17,93,93)
w(151,4,17,94,94)
w(637,2,17,95,95)
w(528,6,17,96,96)
r(911,2,17,97,97)
w(548,4,17,98,98)
w(96,5,17,99,99)
w(81,5,17,100,100)
r(711,1,17,101,101)
w(594,4,17,102,102)
w(840,4,17,103,103)
w(915,4,17,104,104)
w(764,5,17,105,105)
w(199,5,17,106,106)
w(413,4,17,107,107)
w(243,3,17,108,108)
w(462,6,17,109,109)
w(254,1,17,110,110)
w(285,3,17,111,111)
w(173,3,17,112,112)
w(914,3,17,113,113)
w(620,6,17,114,114)
w(714,5,17,115,115)
w(613,4,17,116,116)
w(225,5,17,117,117)
w(862,3,17,118,118)
w(140,6,17,119,119)
w(386,8,17,120,120)
w(611,4,17,121,121)
w(777,6,17,122,122)
w(628,5,17,123,123)
w(562,2,17,124,124)
w(482,2,17,125,125)
w(971,7,17,126,126)
w(975,7,17,127,127)
w(115,5,17,128,128)
w(649,4,17,129,129)
w(229,5,17,130,130)
w(605,8,17,131,131)
w(496,3,17,132,132)
w(836,2,17,133,133)
r(564,5,17,134,134)
w(553,2,17,135,135)
w(651,6,17,136,136)
w(915,5,17,137,137)
w(186,4,17,138,138)
w(245,6,17,139,139)
w(659,5,17,140,140)
w(725,4,17,141,141)
w(28,5,17,142,142)
w(497,2,17,143,143)
w(997,9,17,144,144)
w(290,6,17,145,145)
w(330,4,17,146,146)
w(202,3,17,147,147)
w(420,4,17,148,148)
r(672,5,17,149,149)
r(974,1,17,150,150)
w(466,2,17,151,151)
w(693,1,17,152,152)
w(721,5,17,153,153)
w(514,7,17,154,154)
w(85,5,17,155,155)
w(439,2,17,156,156)
w(333,2,17,157,157)
w(487,4,17,158,158)
w(777,7,17,159,159)
w(919,6,17,160,160)
w(888,5,17,161,161)
w(401,8,17,162,162)
w(792,5,17,163,163)
w(245,7,17,164,164)
w(918,6,17,165,165)
w(105,2,17,166,166)
w(487,5,17,167,167)
w(846,7,17,168,168)
w(502,7,17,169,169)
w(471,5,17,170,170)
w(390,5,17,171,171)
w(529,7,17,172,172)
w(126,4,17,173,173)
w(502,8,17,174,174)
w(674,7,17,175,175)
w(177,5,17,176,176)
w(931,2,17,177,177)
w(242,3,17,178,178)
w(512,6,17,179,179)
w(321,3,17,180,180)
w(848,4,17,181,181)
w(73,2,17,182,182)
r(403,7,17,183,183)
w(867,1,17,184,184)
w(945,2,17,185,185)
w(824,3,17,186,186)
w(868,4,17,187,187)
w(470,2,17,188,188)
r(8,3,17,189,189)
w(966,1,17,190,190)
w(394,4,17,191,191)
w(326,3,17,192,192)
w(20,2,17,193,193)
r(856,1,17,194,194)
w(437,3,17,195,195)
w(609,5,17,196,196)
w(700,4,17,197,197)
w(520,2,17,198,198)
w(588,5,17,199,199)
w(108,5,18,0,0)
w(298,4,18,1,1)
w(207,4,18,2,2)
w(248,4,18,3,3)
r(454,5,18,4,4)
w(907,7,18,5,5)
w(886,4,18,6,6)
r(761,0,18,7,7)
w(767,4,18,8,8)
w(975,8,18,9,9)
w(792,6,18,10,10)
w(990,2,18,11,11)
w(756,5,18,12,12)
w(644,3,18,13,13)
w(281,5,18,14,14)
w(652,1,18,15,15)
w(365,5,18,16,16)
w(205,6,18,17,17)
w(573,4,18,18,18)
w(222,5,18,19,19)
w(778,3,18,20,20)
r(855,2,18,21,21)
w(476,3,18,22,22)
w(685,5,18,23,23)
w(247,2,18,24,24)
w(365,6,18,25,25)
w(211,4,18,26,26)
w(402,5,18,27,27)
w(551,3,18,28,28)
w(393,4,18,29,29)
w(554,10,18,30,30)
w(923,4,18,31,31)
r(222,5,18,32,32)
r(780,5,18,33,33)
w(619,4,18,34,34)
w(627,5,18,35,35)
w(751,6,18,36,36)
w(587,1,18,37,37)
w(163,4,18,38,38)
w(302,2,18,39,39)
w(656,2,18,40,40)
w(691,5,18,41,41)
w(514,8,18,42,42)
w(292,7,18,43,43)
w(633,5,18,44,44)
w(412,3,18,45,45)
w(119,2,18,46,46)
w(796,6,18,47,47)
w(142,3,18,48,48)
r(303,2,18,49,49)
w(598,4,18,50,50)
w(667,3,18,51,51)
w(240,4,18,52,52)
w(568,2,18,53,53)
w(404,6,18,54,54)
r(568,2,18,55,55)
w(976,4,18,56,56)
w(133,5,18,57,57)
w(292,8,18,58,58)
w(990,3,18,59,59)
w(698,3,18,60,60)
w(555,2,18,61,61)
w(435,8,18,62,62)
w(104,2,18,63,63)
w(396,8,18,64,64)
w(370,2,18,65,65)
w(343,6,18,66,66)
r(551,3,18,67,67)
w(789,3,18,68,68)
w(993,3,18,69,69)
w(237,1,18,70,70)
w(661,6,18,71,71)
w(391,2,18,72,72)
w(423,7,18,73,73)
w(495,3,18,74,74)
w(873,5,18,75,75)
w(699,7,18,76,76)
w(201,7,18,77,77)
w(182,3,18,78,78)
w(96,6,18,79,79)
w(375,7,18,80,80)
w(24,3,18,81,81)
r(273,4,18,82,82)
w(677,4,18,83,83)
r(975,8,18,84,84)
w(696,3,18,85,85)
w(600,3,18,86,86)
w(501,2,18,87,87)
w(27,1,18,88,88)
w(794,5,18,89,89)
r(652,1,18,90,90)
w(762,5,18,91,91)
w(722,3,18,92,92)
w(696,4,18,93,93)
w(688,4,18,94,94)
w(373,3,18,95,95)
w(848,5,18,96,96)
w(277,2,18,97,97)
w(427,7,18,98,98)
w(529,8,18,99,99)
w(402,6,18,100,100)
w(292,9,18,101,101)
w(612,8,18,102,102)
w(619,5,18,103,103)
w(386,9,18,104,104)
w(212,2,18,105,105)
w(30,3,18,106,106)
r(871,4,18,107,107)
w(191,5,18,108,108)
w(559,4,18,109,109)
w(599,3,18,110,110)
w(860,4,18,111,111)
w(849,5,18,112,112)
w(886,5,18,113,113)
w(213,5,18,114,114)
w(650,7,18,115,115)
w(46,3,18,116,116)
w(166,8,18,117,117)
w(271,4,18,118,118)
w(818,1,18,119,119)
w(420,5,18,120,120)
w(478,3,18,121,121)
w(736,4,18,122,122)
w(493,6,18,123,123)
r(438,1,18,124,124)
w(507,1,18,125,125)
w(174,5,18,126,126)
w(802,1,18,127,127)
w(903,5,18,128,128)
w(452,3,18,129,129)
r(608,2,18,130,130)
w(12,2,18,131,131)
w(426,3,18,132,132)
r(211,4,18,133,133)
w(351,3,18,134,134)
w(752,7,18,135,135)
w(860,5,18,136,136)
w(467,4,18,137,137)
w(464,12,18,138,138)
w(440,5,18,139,139)
w(506,5,18,140,140)
w(944,10,18,141,141)
w(424,4,18,142,142)
w(636,5,18,143,143)
w(413,5,18,144,144)
w(436,2,18,145,145)
w(174,6,18,146,146)
r(597,5,18,147,147)
w(90,5,18,148,148)
w(66,4,18,149,149)
w(642,4,18,150,150)
w(43,5,18,151,151)
w(170,5,18,152,152)
r(556,4,18,153,153)
w(991,3,18,154,154)
w(915,6,18,155,155)
w(89,7,18,156,156)
w(737,3,18,157,157)
r(377,7,18,158,158)
w(202,4,18,159,159)
w(566,5,18,160,160)
w(424,5,18,161,161)
w(117,8,18,162,162)
w(19,2,18,163,163)
w(285,4,18,164,164)
w(387,6,18,165,165)
w(97,3,18,166,166)
w(273,5,18,167,167)
w(751,7,18,168,168)
w(954,1,18,169,169)
w(442,3,18,170,170)
w(755,3,18,171,171)
w(733,4,18,172,172)
w(129,5,18,173,173)
w(623,2,18,174,174)
w(590,2,18,175,175)
w(489,5,18,176,176)
r(30,3,18,177,177)
r(285,4,18,178,178)
w(677,5,18,179,179)
w(642,5,18,180,180)
w(212,3,18,181,181)
w(227,5,18,182,182)
w(527,2,18,183,183)
w(704,1,18,184,184)
w(535,8,18,185,185)
w(948,1,18,186,186)
w(434,5,18,187,187)
w(647,4,18,188,188)
w(321,4,18,189,189)
w(818,2,18,190,190)
w(565,7,18,191,191)
w(215,4,18,192,192)
w(285,5,18,193,193)
w(976,5,18,194,194)
w(312,5,18,195,195)
w(998,4,18,196,196)
w(49,3,18,197,197)
w(486,4,18,198,198)
w(97,4,18,199,199)
w(13,2,19,0,0)
w(910,4,19,1,1)
w(59,6,19,2,2)
w(567,4,19,3,3)
w(592,3,19,4,4)
w(309,6,19,5,5)
w(212,4,19,6,6)
w(547,4,19,7,7)
w(614,5,19,8,8)
w(241,8,19,9,9)
w(74,2,19,10,10)
w(57,4,19,11,11)
w(981,5,19,12,12)
w(97,5,19,13,13)
w(518,4,19,14,14)
w(918,7,19,15,15)
w(674,8,19,16,16)
w(618,3,19,17,17)
w(616,3,19,18,18)
w(669,5,19,19,19)
w(653,7,19,20,20)
w(901,3,19,21,21)
w(603,3,19,22,22)
w(292,10,19,23,23)
w(230,4,19,24,24)
w(270,5,19,25,25)
w(929,4,19,26,26)
w(858,6,19,27,27)
w(435,9,19,28,28)
r(61,4,19,29,29)
w(561,6,19,30,30)
w(718,6,19,31,31)
w(479,4,19,32,32)
r(343,6,19,33,33)
w(739,5,19,34,34)
r(489,5,19,35,35)
w(487,6,19,36,36)
w(135,7,19,37,37)
w(685,6,19,38,38)
w(203,7,19,39,39)
w(66,5,19,40,40)
w(880,2,19,41,41)
w(715,8,19,42,42)
w(536,3,19,43,43)
w(895,6,19,44,44)
w(653,8,19,45,45)
w(215,5,19,46,46)
w(696,5,19,47,47)
w(560,5,19,48,48)
w(455,3,19,49,49)
w(958,2,19,50,50)
w(248,5,19,51,51)
w(778,4,19,52,52)
w(510,3,19,53,53)
r(626,5,19,54,54)
r(785,3,19,55,55)
w(581,3,19,56,56)
w(694,5,19,57,57)
w(7,4,19,58,58)
r(727,3,19,59,59)
w(511,4,19,60,60)
w(914,4,19,61,61)
w(514,9,19,62,62)
w(893,4,19,63,63)
w(26,2,19,64,64)
w(36,4,19,65,65)
w(409,4,19,66,66)
w(212,5,19,67,67)
w(512,7,19,68,68)
w(151,5,19,69,69)
r(759,4,19,70,70)
w(834,4,19,71,71)
w(790,5,19,72,72)
w(37,6,19,73,73)
w(405,4,19,74,74)
w(10,3,19,75,75)
w(480,6,19,76,76)
w(630,2,19,77,77)
w(589,2,19,78,78)
w(866,5,19,79,79)
w(223,1,19,80,80)
w(619,6,19,81,81)
w(723,5,19,82,82)
w(378,2,19,83,83)
w(905,5,19,84,84)
w(587,2,19,85,85)
w(342,5,19,86,86)
w(634,4,19,87,87)
w(897,4,19,88,88)
w(998,5,19,89,89)
w(984,5,19,90,90)
w(270,6,19,91,91)
w(153,5,19,92,92)
w(778,5,19,93,93)
w(675,6,19,94,94)
w(520,3,19,95,95)
w(659,6,19,96,96)
w(331,6,19,97,97)
w(310,5,19,98,98)
w(578,6,19,99,99)
w(221,4,19,100,100)
w(230,5,19,101,101)
w(849,6,19,102,102)
r(353,2,19,103,103)
w(723,6,19,104,104)
w(356,5,19,105,105)
r(324,2,19,106,106)
w(931,3,19,107,107)
w(722,4,19,108,108)
w(55,4,19,109,109)
w(993,4,19,110,110)
r(516,6,19,111,111)
w(171,3,19,112,112)
w(715,9,19,113,113)
w(880,3,19,114,114)
w(351,4,19,115,115)
w(374,2,19,116,116)
w(118,5,19,117,117)
w(197,3,19,118,118)
w(493,7,19,119,119)
w(840,5,19,120,120)
w(785,4,19,121,121)
w(756,6,19,122,122)
w(486,5,19,123,123)
w(222,6,19,124,124)
w(110,3,19,125,125)
w(606,5,19,126,126)
w(755,4,19,127,127)
w(751,8,19,128,128)
w(93,4,19,129,129)
w(925,2,19,130,130)
w(593,4,19,131,131)
w(121,4,19,132,132)
w(618,4,19,133,133)
r(571,3,19,134,134)
w(399,1,19,135,135)
w(290,7,19,136,136)
w(228,3,19,137,137)
w(510,4,19,138,138)
w(837,6,19,139,139)
w(824,4,19,140,140)
w(59,7,19,141,141)
w(798,6,19,142,142)
w(821,6,19,143,143)
w(207,5,19,144,144)
w(891,5,19,145,145)
w(312,6,19,146,146)
r(850,5,19,147,147)
r(766,4,19,148,148)
r(677,5,19,149,149)
w(287,2,19,150,150)
w(242,4,19,151,151)
w(282,5,19,152,152)
w(265,3,19,153,153)
w(394,5,19,154,154)
w(287,3,19,155,155)
w(314,3,19,156,156)
r(494,3,19,157,157)
w(719,4,19,158,158)
w(113,4,19,159,159)
w(915,7,19,160,160)
w(494,4,19,161,161)
r(164,5,19,162,162)
w(419,5,19,163,163)
w(951,2,19,164,164)
w(964,7,19,165,165)
w(270,7,19,166,166)
w(569,7,19,167,167)
w(86,3,19,168,168)
w(622,6,19,169,169)
w(484,3,19,170,170)
w(291,6,19,171,171)
w(337,1,19,172,172)
r(7,4,19,173,173)
w(861,4,19,174,174)
w(130,6,19,175,175)
w(262,3,19,176,176)
w(362,3,19,177,177)
w(848,6,19,178,178)
r(827,3,19,179,179)
w(194,9,19,180,180)
w(260,3,19,181,181)
w(838,3,19,182,182)
w(739,6,19,183,183)
r(61,4,19,184,184)
w(399,2,19,185,185)
w(458,6,19,186,186)
w(72,3,19,187,187)
w(635,6,19,188,188)
w(828,6,19,189,189)
w(544,4,19,190,190)
w(982,3,19,191,191)
w(446,2,19,192,192)
w(525,6,19,193,193)
w(815,1,19,194,194)
w(170,6,19,195,195)
w(494,5,19,196,196)
w(685,7,19,197,197)
w(218,3,19,198,198)
w(12,3,19,199,199)
