w(0,1,0,0,0)
w(4,1,0,1,1)
w(37,1,0,2,2)
w(0,2,0,3,3)
w(0,3,0,4,4)
w(88,1,0,5,5)
r(883,0,0,6,6)
w(1,1,0,7,7)
w(141,1,0,8,8)
w(33,1,0,9,9)
w(3,1,0,10,10)
w(35,1,0,11,11)
w(0,4,0,12,12)
w(13,1,0,13,13)
w(0,5,0,14,14)
w(5,1,0,15,15)
w(78,1,0,16,16)
w(19,1,0,17,17)
w(85,1,0,18,18)
w(17,1,0,19,19)
w(686,1,0,20,20)
w(1,2,0,21,21)
w(158,1,0,22,22)
w(4,2,0,23,23)
w(0,6,0,24,24)
w(0,7,0,25,25)
w(416,1,0,26,26)
r(6,0,0,27,27)
w(921,1,0,28,28)
w(0,8,0,29,29)
w(52,1,0,30,30)
w(45,1,0,31,31)
w(39,1,0,32,32)
w(533,1,0,33,33)
w(42,1,0,34,34)
r(2,0,0,35,35)
w(32,1,0,36,36)
w(32,2,0,37,37)
w(2,1,0,38,38)
w(4,3,0,39,39)
w(1,3,0,40,40)
w(6,1,0,41,41)
w(474,1,0,42,42)
w(3,2,0,43,43)
r(205,0,0,44,44)
r(0,8,0,45,45)
w(383,1,0,46,46)
w(7,1,0,47,47)
w(85,2,0,48,48)
w(18,1,0,49,49)
w(2,2,0,50,50)
w(45,2,0,51,51)
w(757,1,0,52,52)
w(95,1,0,53,53)
w(72,1,0,54,54)
w(32,3,0,55,55)
w(0,9,0,56,56)
w(36,1,0,57,57)
w(97,1,0,58,58)
w(50,1,0,59,59)
w(30,1,0,60,60)
w(3,3,0,61,61)
w(2,3,0,62,62)
w(139,1,0,63,63)
w(5,2,0,64,64)
w(132,1,0,65,65)
w(73,1,0,66,66)
w(59,1,0,67,67)
w(36,2,0,68,68)
w(54,1,0,69,69)
w(8,1,0,70,70)
w(20,1,0,71,71)
w(505,1,0,72,72)
w(0,10,0,73,73)
w(0,11,0,74,74)
w(4,4,0,75,75)
w(0,12,0,76,76)
w(3,4,0,77,77)
w(5,3,0,78,78)
w(2,4,0,79,79)
w(26,1,0,80,80)
w(10,1,0,81,81)
w(807,1,0,82,82)
w(351,1,0,83,83)
w(1,4,0,84,84)
w(12,1,0,85,85)
w(553,1,0,86,86)
w(349,1,0,87,87)
w(2,5,0,88,88)
w(256,1,0,89,89)
w(1,5,0,90,90)
w(2,6,0,91,91)
w(49,1,0,92,92)
w(197,1,0,93,93)
w(763,1,0,94,94)
w(33,2,0,95,95)
w(11,1,0,96,96)
w(9,1,0,97,97)
w(5,4,0,98,98)
w(7,2,0,99,99)
w(0,13,0,100,100)
w(480,1,0,101,101)
w(1,6,0,102,102)
w(52,2,0,103,103)
w(12,2,0,104,104)
r(3,4,0,105,105)
w(74,1,0,106,106)
w(288,1,0,107,107)
w(16,1,0,108,108)
w(0,14,0,109,109)
w(5,5,0,110,110)
w(1,7,0,111,111)
w(13,2,0,112,112)
w(204,1,0,113,113)
w(0,15,0,114,114)
w(10,2,0,115,115)
w(1,8,0,116,116)
r(433,0,0,117,117)
w(15,1,0,118,118)
w(1,9,0,119,119)
r(337,0,0,120,120)
w(38,1,0,121,121)
w(7,3,0,122,122)
w(736,1,0,123,123)
w(6,2,0,124,124)
w(354,1,0,125,125)
r(156,0,0,126,126)
w(45,3,0,127,127)
w(45,4,0,128,128)
w(43,1,0,129,129)
w(1,10,0,130,130)
w(524,1,0,131,131)
w(41,1,0,132,132)
w(2,7,0,133,133)
w(766,1,0,134,134)
w(665,1,0,135,135)
w(123,1,0,136,136)
w(0,16,0,137,137)
w(2,8,0,138,138)
w(18,2,0,139,139)
w(699,1,0,140,140)
w(141,2,0,141,141)
r(1,10,0,142,142)
w(531,1,0,143,143)
w(12,3,0,144,144)
w(65,1,0,145,145)
r(734,0,0,146,146)
w(28,1,0,147,147)
w(17,2,0,148,148)
w(0,17,0,149,149)
r(11,1,0,150,150)
w(0,18,0,151,151)
w(173,1,0,152,152)
w(65,2,0,153,153)
w(411,1,0,154,154)
w(1,11,0,155,155)
w(215,1,0,156,156)
r(0,18,0,157,157)
w(62,1,0,158,158)
r(10,2,0,159,159)
w(5,6,0,160,160)
w(9,2,0,161,161)
w(182,1,0,162,162)
w(5,7,0,163,163)
w(4,5,0,164,164)
w(48,1,0,165,165)
w(9,3,0,166,166)
w(22,1,0,167,167)
w(21,1,0,168,168)
w(163,1,0,169,169)
w(271,1,0,170,170)
w(11,2,0,171,171)
w(17,3,0,172,172)
r(1,11,0,173,173)
w(198,1,0,174,174)
w(1,12,0,175,175)
w(0,19,0,176,176)
r(329,0,0,177,177)
w(23,1,0,178,178)
w(6,3,0,179,179)
w(8,2,0,180,180)
w(523,1,0,181,181)
w(97,2,0,182,182)
r(135,0,0,183,183)
w(170,1,0,184,184)
w(1,13,0,185,185)
w(58,1,0,186,186)
w(37,2,0,187,187)
w(105,1,0,188,188)
w(184,1,0,189,189)
w(9,4,0,190,190)
w(0,20,0,191,191)
w(4,6,0,192,192)
w(19,2,0,193,193)
w(200,1,0,194,194)
w(893,1,0,195,195)
w(120,1,0,196,196)
w(6,4,0,197,197)
r(4,6,0,198,198)
w(184,2,0,199,199)
r(2,8,1,0,0)
r(5,7,1,1,1)
w(7,4,1,2,2)
w(68,1,1,3,3)
w(1,14,1,4,4)
r(17,3,1,5,5)
w(5,8,1,6,6)
w(21,2,1,7,7)
w(2,9,1,8,8)
w(16,2,1,9,9)
w(78,2,1,10,10)
w(3,5,1,11,11)
w(57,1,1,12,12)
w(86,1,1,13,13)
w(8,3,1,14,14)
w(0,21,1,15,15)
r(9,4,1,16,16)
w(13,3,1,17,17)
w(3,6,1,18,18)
w(0,22,1,19,19)
w(6,5,1,20,20)
w(9,5,1,21,21)
w(393,1,1,22,22)
w(1,15,1,23,23)
w(0,23,1,24,24)
w(4,7,1,25,25)
r(533,1,1,26,26)
w(473,1,1,27,27)
w(6,6,1,28,28)
w(145,1,1,29,29)
w(19,3,1,30,30)
w(4,8,1,31,31)
w(0,24,1,32,32)
w(329,1,1,33,33)
w(94,1,1,34,34)
w(67,1,1,35,35)
w(0,25,1,36,36)
w(6,7,1,37,37)
w(362,1,1,38,38)
w(5,9,1,39,39)
w(121,1,1,40,40)
w(985,1,1,41,41)
r(597,0,1,42,42)
w(147,1,1,43,43)
w(773,1,1,44,44)
w(304,1,1,45,45)
w(302,1,1,46,46)
r(124,0,1,47,47)
w(1,16,1,48,48)
w(8,4,1,49,49)
w(4,9,1,50,50)
w(59,2,1,51,51)
w(67,2,1,52,52)
w(12,4,1,53,53)
w(42,2,1,54,54)
w(0,26,1,55,55)
r(33,2,1,56,56)
w(199,1,1,57,57)
w(8,5,1,58,58)
w(0,27,1,59,59)
w(401,1,1,60,60)
r(8,5,1,61,61)
w(43,2,1,62,62)
r(43,2,1,63,63)
r(43,2,1,64,64)
r(94,1,1,65,65)
r(12,4,1,66,66)
w(304,2,1,67,67)
w(53,1,1,68,68)
w(77,1,1,69,69)
w(2,10,1,70,70)
w(496,1,1,71,71)
w(0,28,1,72,72)
w(887,1,1,73,73)
w(456,1,1,74,74)
w(267,1,1,75,75)
w(206,1,1,76,76)
w(163,2,1,77,77)
w(152,1,1,78,78)
w(143,1,1,79,79)
w(0,29,1,80,80)
w(4,10,1,81,81)
r(0,29,1,82,82)
w(25,1,1,83,83)
w(86,2,1,84,84)
w(358,1,1,85,85)
w(35,2,1,86,86)
w(17,4,1,87,87)
w(8,6,1,88,88)
w(669,1,1,89,89)
w(0,30,1,90,90)
w(632,1,1,91,91)
r(132,1,1,92,92)
w(0,31,1,93,93)
w(41,2,1,94,94)
w(0,32,1,95,95)
w(7,5,1,96,96)
w(9,6,1,97,97)
w(13,4,1,98,98)
w(2,11,1,99,99)
w(47,1,1,100,100)
w(1,17,1,101,101)
w(903,1,1,102,102)
w(433,1,1,103,103)
w(146,1,1,104,104)
w(10,3,1,105,105)
r(122,0,1,106,106)
w(649,1,1,107,107)
w(2,12,1,108,108)
r(182,1,1,109,109)
w(0,33,1,110,110)
w(434,1,1,111,111)
w(0,34,1,112,112)
w(83,1,1,113,113)
w(75,1,1,114,114)
w(983,1,1,115,115)
w(396,1,1,116,116)
w(75,2,1,117,117)
w(128,1,1,118,118)
w(5,10,1,119,119)
w(0,35,1,120,120)
r(614,0,1,121,121)
w(2,13,1,122,122)
w(79,1,1,123,123)
w(2,14,1,124,124)
w(6,8,1,125,125)
r(25,1,1,126,126)
w(7,6,1,127,127)
w(1,18,1,128,128)
w(3,7,1,129,129)
w(269,1,1,130,130)
w(352,1,1,131,131)
w(84,1,1,132,132)
w(262,1,1,133,133)
w(109,1,1,134,134)
w(5,11,1,135,135)
w(19,4,1,136,136)
w(39,2,1,137,137)
w(419,1,1,138,138)
w(21,3,1,139,139)
w(108,1,1,140,140)
w(564,1,1,141,141)
w(9,7,1,142,142)
w(3,8,1,143,143)
w(0,36,1,144,144)
w(512,1,1,145,145)
w(1,19,1,146,146)
w(1,20,1,147,147)
w(4,11,1,148,148)
w(4,12,1,149,149)
w(0,37,1,150,150)
w(2,15,1,151,151)
r(12,4,1,152,152)
w(16,3,1,153,153)
w(61,1,1,154,154)
w(171,1,1,155,155)
w(486,1,1,156,156)
w(80,1,1,157,157)
w(71,1,1,158,158)
w(1,21,1,159,159)
w(745,1,1,160,160)
w(43,3,1,161,161)
w(0,38,1,162,162)
w(31,1,1,163,163)
r(21,3,1,164,164)
w(171,2,1,165,165)
w(190,1,1,166,166)
w(46,1,1,167,167)
w(29,1,1,168,168)
w(1,22,1,169,169)
w(111,1,1,170,170)
w(64,1,1,171,171)
w(238,1,1,172,172)
w(3,9,1,173,173)
r(688,0,1,174,174)
r(48,1,1,175,175)
w(21,4,1,176,176)
w(244,1,1,177,177)
r(197,1,1,178,178)
r(11,2,1,179,179)
w(0,39,1,180,180)
w(1,23,1,181,181)
w(1,24,1,182,182)
w(186,1,1,183,183)
r(21,4,1,184,184)
w(2,16,1,185,185)
w(0,40,1,186,186)
w(49,2,1,187,187)
w(0,41,1,188,188)
w(2,17,1,189,189)
w(16,4,1,190,190)
w(194,1,1,191,191)
w(3,10,1,192,192)
w(59,3,1,193,193)
w(54,2,1,194,194)
w(3,11,1,195,195)
w(33,3,1,196,196)
w(28,2,1,197,197)
w(10,4,1,198,198)
w(929,1,1,199,199)
w(28,3,2,0,0)
w(9,8,2,1,1)
r(145,1,2,2,2)
w(0,42,2,3,3)
w(9,9,2,4,4)
w(14,1,2,5,5)
w(1,25,2,6,6)
w(201,1,2,7,7)
w(601,1,2,8,8)
w(0,43,2,9,9)
r(106,0,2,10,10)
w(40,1,2,11,11)
w(831,1,2,12,12)
w(94,2,2,13,13)
w(9,10,2,14,14)
w(667,1,2,15,15)
w(21,5,2,16,16)
w(1,26,2,17,17)
w(0,44,2,18,18)
r(0,44,2,19,19)
w(20,2,2,20,20)
r(26,1,2,21,21)
w(220,1,2,22,22)
w(11,3,2,23,23)
w(2,18,2,24,24)
w(3,12,2,25,25)
w(32,4,2,26,26)
w(932,1,2,27,27)
w(1,27,2,28,28)
w(26,2,2,29,29)
w(14,2,2,30,30)
w(2,19,2,31,31)
w(237,1,2,32,32)
w(36,3,2,33,33)
w(460,1,2,34,34)
w(74,2,2,35,35)
r(577,0,2,36,36)
w(5,12,2,37,37)
w(9,11,2,38,38)
r(0,44,2,39,39)
w(162,1,2,40,40)
w(335,1,2,41,41)
w(2,20,2,42,42)
w(20,3,2,43,43)
w(103,1,2,44,44)
w(101,1,2,45,45)
w(272,1,2,46,46)
w(0,45,2,47,47)
w(983,2,2,48,48)
w(9,12,2,49,49)
w(26,3,2,50,50)
w(38,2,2,51,51)
w(357,1,2,52,52)
w(3,13,2,53,53)
w(1,28,2,54,54)
w(0,46,2,55,55)
w(7,7,2,56,56)
w(1,29,2,57,57)
r(17,4,2,58,58)
w(5,13,2,59,59)
w(2,21,2,60,60)
w(1,30,2,61,61)
w(46,2,2,62,62)
w(1,31,2,63,63)
w(247,1,2,64,64)
w(1,32,2,65,65)
w(18,3,2,66,66)
w(253,1,2,67,67)
w(1,33,2,68,68)
w(0,47,2,69,69)
r(42,2,2,70,70)
w(49,3,2,71,71)
w(1,34,2,72,72)
w(0,48,2,73,73)
w(328,1,2,74,74)
w(288,2,2,75,75)
w(47,2,2,76,76)
w(44,1,2,77,77)
w(37,3,2,78,78)
w(2,22,2,79,79)
w(5,14,2,80,80)
w(34,1,2,81,81)
w(1,35,2,82,82)
w(270,1,2,83,83)
w(2,23,2,84,84)
w(99,1,2,85,85)
w(0,49,2,86,86)
w(0,50,2,87,87)
w(8,7,2,88,88)
w(29,2,2,89,89)
w(37,4,2,90,90)
w(569,1,2,91,91)
w(187,1,2,92,92)
w(32,5,2,93,93)
w(358,2,2,94,94)
w(142,1,2,95,95)
w(48,2,2,96,96)
w(62,2,2,97,97)
w(0,51,2,98,98)
w(11,4,2,99,99)
w(0,52,2,100,100)
w(2,24,2,101,101)
w(0,53,2,102,102)
w(206,2,2,103,103)
w(0,54,2,104,104)
w(493,1,2,105,105)
w(74,3,2,106,106)
w(72,2,2,107,107)
w(249,1,2,108,108)
w(693,1,2,109,109)
w(17,5,2,110,110)
w(7,8,2,111,111)
r(498,0,2,112,112)
w(67,3,2,113,113)
w(87,1,2,114,114)
w(0,55,2,115,115)
w(2,25,2,116,116)
w(52,3,2,117,117)
w(527,1,2,118,118)
w(141,3,2,119,119)
w(356,1,2,120,120)
w(17,6,2,121,121)
w(256,2,2,122,122)
w(1,36,2,123,123)
w(9,13,2,124,124)
w(3,14,2,125,125)
w(21,6,2,126,126)
r(36,3,2,127,127)
w(24,1,2,128,128)
w(24,2,2,129,129)
w(137,1,2,130,130)
w(80,2,2,131,131)
w(674,1,2,132,132)
w(238,2,2,133,133)
w(18,4,2,134,134)
w(0,56,2,135,135)
w(7,9,2,136,136)
w(505,2,2,137,137)
r(0,56,2,138,138)
w(7,10,2,139,139)
r(384,0,2,140,140)
w(2,26,2,141,141)
w(298,1,2,142,142)
w(7,11,2,143,143)
w(3,15,2,144,144)
w(1,37,2,145,145)
w(3,16,2,146,146)
r(55,0,2,147,147)
w(0,57,2,148,148)
w(0,58,2,149,149)
w(12,5,2,150,150)
w(64,2,2,151,151)
r(54,2,2,152,152)
w(4,13,2,153,153)
w(27,1,2,154,154)
w(17,7,2,155,155)
r(39,2,2,156,156)
w(56,1,2,157,157)
w(556,1,2,158,158)
w(70,1,2,159,159)
w(524,2,2,160,160)
w(0,59,2,161,161)
w(246,1,2,162,162)
w(934,1,2,163,163)
w(366,1,2,164,164)
w(77,2,2,165,165)
w(120,2,2,166,166)
r(17,7,2,167,167)
w(219,1,2,168,168)
w(321,1,2,169,169)
w(3,17,2,170,170)
w(0,60,2,171,171)
w(232,1,2,172,172)
w(262,2,2,173,173)
w(1,38,2,174,174)
w(1,39,2,175,175)
w(0,61,2,176,176)
w(623,1,2,177,177)
w(0,62,2,178,178)
w(103,2,2,179,179)
w(70,2,2,180,180)
w(807,2,2,181,181)
w(4,14,2,182,182)
w(364,1,2,183,183)
w(486,2,2,184,184)
w(18,5,2,185,185)
w(5,15,2,186,186)
w(5,16,2,187,187)
w(12,6,2,188,188)
w(515,1,2,189,189)
w(0,63,2,190,190)
w(172,1,2,191,191)
w(0,64,2,192,192)
w(46,3,2,193,193)
w(22,2,2,194,194)
w(214,1,2,195,195)
w(1,40,2,196,196)
w(10,5,2,197,197)
w(778,1,2,198,198)
w(504,1,2,199,199)
w(16,5,3,0,0)
r(2,26,3,1,1)
w(1,41,3,2,2)
w(2,27,3,3,3)
w(830,1,3,4,4)
w(13,5,3,5,5)
w(5,17,3,6,6)
w(6,9,3,7,7)
w(878,1,3,8,8)
w(14,3,3,9,9)
w(963,1,3,10,10)
w(19,5,3,11,11)
w(8,8,3,12,12)
w(251,1,3,13,13)
w(285,1,3,14,14)
r(1,41,3,15,15)
w(0,65,3,16,16)
w(531,2,3,17,17)
r(337,0,3,18,18)
w(14,4,3,19,19)
w(39,3,3,20,20)
w(875,1,3,21,21)
w(169,1,3,22,22)
w(5,18,3,23,23)
w(0,66,3,24,24)
w(33,4,3,25,25)
w(22,3,3,26,26)
w(963,2,3,27,27)
r(35,2,3,28,28)
w(578,1,3,29,29)
w(674,2,3,30,30)
w(1,42,3,31,31)
w(506,1,3,32,32)
w(505,3,3,33,33)
w(121,2,3,34,34)
w(115,1,3,35,35)
w(7,12,3,36,36)
w(581,1,3,37,37)
r(31,1,3,38,38)
w(0,67,3,39,39)
w(3,18,3,40,40)
w(23,2,3,41,41)
w(73,2,3,42,42)
w(35,3,3,43,43)
r(153,0,3,44,44)
w(46,4,3,45,45)
w(42,3,3,46,46)
w(0,68,3,47,47)
w(224,1,3,48,48)
w(171,3,3,49,49)
w(50,2,3,50,50)
w(179,1,3,51,51)
w(252,1,3,52,52)
w(629,1,3,53,53)
w(359,1,3,54,54)
w(9,14,3,55,55)
w(68,2,3,56,56)
w(13,6,3,57,57)
w(229,1,3,58,58)
w(699,2,3,59,59)
w(0,69,3,60,60)
w(70,3,3,61,61)
r(1,42,3,62,62)
w(77,3,3,63,63)
w(88,2,3,64,64)
w(0,70,3,65,65)
w(950,1,3,66,66)
w(599,1,3,67,67)
w(60,1,3,68,68)
w(5,19,3,69,69)
w(839,1,3,70,70)
w(957,1,3,71,71)
w(676,1,3,72,72)
w(0,71,3,73,73)
w(64,3,3,74,74)
w(0,72,3,75,75)
w(745,2,3,76,76)
w(6,10,3,77,77)
w(509,1,3,78,78)
w(148,1,3,79,79)
w(2,28,3,80,80)
w(0,73,3,81,81)
w(26,4,3,82,82)
w(0,74,3,83,83)
w(137,2,3,84,84)
w(2,29,3,85,85)
w(39,4,3,86,86)
w(68,3,3,87,87)
w(6,11,3,88,88)
w(492,1,3,89,89)
w(0,75,3,90,90)
w(1,43,3,91,91)
w(8,9,3,92,92)
w(113,1,3,93,93)
w(131,1,3,94,94)
w(247,2,3,95,95)
w(110,1,3,96,96)
w(173,2,3,97,97)
w(11,5,3,98,98)
w(0,76,3,99,99)
w(21,7,3,100,100)
w(115,2,3,101,101)
w(0,77,3,102,102)
w(59,4,3,103,103)
w(96,1,3,104,104)
w(1,44,3,105,105)
w(367,1,3,106,106)
w(4,15,3,107,107)
w(38,3,3,108,108)
w(6,12,3,109,109)
w(6,13,3,110,110)
r(445,0,3,111,111)
w(1,45,3,112,112)
w(2,30,3,113,113)
w(27,2,3,114,114)
w(746,1,3,115,115)
w(5,20,3,116,116)
w(18,6,3,117,117)
w(112,1,3,118,118)
r(8,9,3,119,119)
w(255,1,3,120,120)
w(0,78,3,121,121)
w(0,79,3,122,122)
w(0,80,3,123,123)
w(160,1,3,124,124)
w(765,1,3,125,125)
r(27,2,3,126,126)
w(96,2,3,127,127)
w(0,81,3,128,128)
w(77,4,3,129,129)
w(254,1,3,130,130)
w(90,1,3,131,131)
w(0,82,3,132,132)
w(0,83,3,133,133)
w(1,46,3,134,134)
w(6,14,3,135,135)
w(265,1,3,136,136)
w(1,47,3,137,137)
w(2,31,3,138,138)
w(69,1,3,139,139)
w(0,84,3,140,140)
w(673,1,3,141,141)
w(9,15,3,142,142)
w(332,1,3,143,143)
w(395,1,3,144,144)
w(0,85,3,145,145)
w(182,2,3,146,146)
w(6,15,3,147,147)
w(440,1,3,148,148)
w(1,48,3,149,149)
w(71,2,3,150,150)
w(3,19,3,151,151)
w(84,2,3,152,152)
w(1,49,3,153,153)
r(0,85,3,154,154)
w(50,3,3,155,155)
w(1,50,3,156,156)
w(0,86,3,157,157)
w(0,87,3,158,158)
w(77,5,3,159,159)
r(92,0,3,160,160)
w(0,88,3,161,161)
w(896,1,3,162,162)
w(639,1,3,163,163)
w(0,89,3,164,164)
w(4,16,3,165,165)
w(170,2,3,166,166)
w(0,90,3,167,167)
w(64,4,3,168,168)
w(0,91,3,169,169)
w(3,20,3,170,170)
w(2,32,3,171,171)
w(14,5,3,172,172)
w(35,4,3,173,173)
w(1,51,3,174,174)
w(644,1,3,175,175)
w(0,92,3,176,176)
r(1,51,3,177,177)
w(56,2,3,178,178)
w(4,17,3,179,179)
w(1,52,3,180,180)
w(13,7,3,181,181)
w(416,2,3,182,182)
w(0,93,3,183,183)
w(10,6,3,184,184)
w(240,1,3,185,185)
w(30,2,3,186,186)
w(1,53,3,187,187)
w(2,33,3,188,188)
w(0,94,3,189,189)
w(150,1,3,190,190)
w(27,3,3,191,191)
w(232,2,3,192,192)
w(1,54,3,193,193)
w(30,3,3,194,194)
w(39,5,3,195,195)
w(610,1,3,196,196)
w(87,2,3,197,197)
w(78,3,3,198,198)
w(154,1,3,199,199)
w(0,95,4,0,0)
w(53,2,4,1,1)
w(1,55,4,2,2)
w(0,96,4,3,3)
w(512,2,4,4,4)
w(3,21,4,5,5)
w(4,18,4,6,6)
w(3,22,4,7,7)
w(23,3,4,8,8)
w(873,1,4,9,9)
r(13,7,4,10,10)
w(112,2,4,11,11)
w(4,19,4,12,12)
w(37,5,4,13,13)
w(310,1,4,14,14)
w(41,3,4,15,15)
w(531,3,4,16,16)
w(22,4,4,17,17)
w(0,97,4,18,18)
w(3,23,4,19,19)
w(6,16,4,20,20)
w(7,13,4,21,21)
r(2,33,4,22,22)
w(797,1,4,23,23)
w(195,1,4,24,24)
w(6,17,4,25,25)
w(243,1,4,26,26)
w(8,10,4,27,27)
w(255,2,4,28,28)
w(5,21,4,29,29)
r(68,3,4,30,30)
w(0,98,4,31,31)
w(1,56,4,32,32)
w(415,1,4,33,33)
w(83,2,4,34,34)
w(157,1,4,35,35)
w(11,6,4,36,36)
w(1,57,4,37,37)
w(4,20,4,38,38)
r(3,23,4,39,39)
w(0,99,4,40,40)
w(7,14,4,41,41)
w(5,22,4,42,42)
w(18,7,4,43,43)
w(0,100,4,44,44)
w(181,1,4,45,45)
w(91,1,4,46,46)
w(690,1,4,47,47)
w(225,1,4,48,48)
w(352,2,4,49,49)
w(360,1,4,50,50)
w(805,1,4,51,51)
w(415,2,4,52,52)
w(130,1,4,53,53)
w(476,1,4,54,54)
w(62,3,4,55,55)
w(8,11,4,56,56)
w(70,4,4,57,57)
w(29,3,4,58,58)
w(0,101,4,59,59)
w(5,23,4,60,60)
w(373,1,4,61,61)
w(19,6,4,62,62)
w(12,7,4,63,63)
w(14,6,4,64,64)
w(921,2,4,65,65)
w(48,3,4,66,66)
w(26,5,4,67,67)
w(3,24,4,68,68)
w(8,12,4,69,69)
w(182,3,4,70,70)
w(57,2,4,71,71)
r(105,1,4,72,72)
w(3,25,4,73,73)
r(142,1,4,74,74)
r(16,5,4,75,75)
w(375,1,4,76,76)
w(556,2,4,77,77)
w(430,1,4,78,78)
w(116,1,4,79,79)
r(133,0,4,80,80)
r(0,101,4,81,81)
w(9,16,4,82,82)
w(69,2,4,83,83)
w(3,26,4,84,84)
w(0,102,4,85,85)
w(225,2,4,86,86)
w(270,2,4,87,87)
w(0,103,4,88,88)
w(121,3,4,89,89)
w(820,1,4,90,90)
w(205,1,4,91,91)
w(782,1,4,92,92)
w(0,104,4,93,93)
w(7,15,4,94,94)
w(26,6,4,95,95)
w(99,2,4,96,96)
w(138,1,4,97,97)
w(45,5,4,98,98)
r(25,1,4,99,99)
w(0,105,4,100,100)
w(1,58,4,101,101)
w(443,1,4,102,102)
w(9,17,4,103,103)
w(44,2,4,104,104)
w(2,34,4,105,105)
w(9,18,4,106,106)
w(0,106,4,107,107)
w(21,8,4,108,108)
w(9,19,4,109,109)
w(3,27,4,110,110)
w(214,2,4,111,111)
r(116,1,4,112,112)
w(23,4,4,113,113)
w(179,2,4,114,114)
r(13,7,4,115,115)
w(4,21,4,116,116)
w(20,4,4,117,117)
w(0,107,4,118,118)
w(0,108,4,119,119)
r(145,1,4,120,120)
w(588,1,4,121,121)
w(70,5,4,122,122)
w(2,35,4,123,123)
w(9,20,4,124,124)
w(11,7,4,125,125)
w(0,109,4,126,126)
w(2,36,4,127,127)
w(0,110,4,128,128)
w(18,8,4,129,129)
w(43,4,4,130,130)
w(1,59,4,131,131)
w(851,1,4,132,132)
w(197,2,4,133,133)
r(139,1,4,134,134)
w(201,2,4,135,135)
w(13,8,4,136,136)
w(0,111,4,137,137)
w(6,18,4,138,138)
w(54,3,4,139,139)
w(239,1,4,140,140)
w(32,6,4,141,141)
w(0,112,4,142,142)
w(350,1,4,143,143)
w(168,1,4,144,144)
w(0,113,4,145,145)
w(5,24,4,146,146)
w(31,2,4,147,147)
w(1,60,4,148,148)
w(0,114,4,149,149)
r(0,114,4,150,150)
r(546,0,4,151,151)
r(190,1,4,152,152)
w(468,1,4,153,153)
w(4,22,4,154,154)
w(26,7,4,155,155)
w(0,115,4,156,156)
w(43,5,4,157,157)
r(162,1,4,158,158)
w(2,37,4,159,159)
r(71,2,4,160,160)
w(0,116,4,161,161)
w(774,1,4,162,162)
w(11,8,4,163,163)
w(5,25,4,164,164)
w(13,9,4,165,165)
w(0,117,4,166,166)
w(48,4,4,167,167)
w(0,118,4,168,168)
w(81,1,4,169,169)
w(47,3,4,170,170)
w(0,119,4,171,171)
w(58,2,4,172,172)
w(11,9,4,173,173)
w(79,2,4,174,174)
w(2,38,4,175,175)
w(0,120,4,176,176)
w(286,1,4,177,177)
w(25,2,4,178,178)
r(0,120,4,179,179)
w(0,121,4,180,180)
w(819,1,4,181,181)
w(822,1,4,182,182)
w(604,1,4,183,183)
w(1,61,4,184,184)
w(69,3,4,185,185)
w(15,2,4,186,186)
w(502,1,4,187,187)
w(0,122,4,188,188)
w(1,62,4,189,189)
w(0,123,4,190,190)
r(1,62,4,191,191)
w(299,1,4,192,192)
w(77,6,4,193,193)
w(88,3,4,194,194)
w(1,63,4,195,195)
w(4,23,4,196,196)
w(68,4,4,197,197)
w(0,124,4,198,198)
r(263,0,4,199,199)
w(40,2,5,0,0)
w(412,1,5,1,1)
w(2,39,5,2,2)
w(18,9,5,3,3)
w(8,13,5,4,4)
w(87,3,5,5,5)
w(0,125,5,6,6)
w(9,21,5,7,7)
w(618,1,5,8,8)
w(0,126,5,9,9)
w(384,1,5,10,10)
w(0,127,5,11,11)
w(982,1,5,12,12)
w(46,5,5,13,13)
w(0,128,5,14,14)
w(1,64,5,15,15)
w(3,28,5,16,16)
w(590,1,5,17,17)
w(812,1,5,18,18)
r(322,0,5,19,19)
w(771,1,5,20,20)
w(1,65,5,21,21)
w(60,2,5,22,22)
r(53,2,5,23,23)
w(726,1,5,24,24)
w(239,2,5,25,25)
w(193,1,5,26,26)
w(120,3,5,27,27)
w(5,26,5,28,28)
w(2,40,5,29,29)
w(10,7,5,30,30)
w(134,1,5,31,31)
w(0,129,5,32,32)
w(6,19,5,33,33)
w(70,6,5,34,34)
w(5,27,5,35,35)
w(296,1,5,36,36)
w(316,1,5,37,37)
w(383,2,5,38,38)
w(360,2,5,39,39)
w(18,10,5,40,40)
r(24,2,5,41,41)
r(242,0,5,42,42)
w(1,66,5,43,43)
w(5,28,5,44,44)
w(39,6,5,45,45)
r(0,129,5,46,46)
r(64,4,5,47,47)
w(14,7,5,48,48)
w(142,2,5,49,49)
w(200,2,5,50,50)
w(81,2,5,51,51)
w(5,29,5,52,52)
w(1,67,5,53,53)
w(1,68,5,54,54)
w(2,41,5,55,55)
w(87,4,5,56,56)
w(33,5,5,57,57)
w(21,9,5,58,58)
w(1,69,5,59,59)
w(398,1,5,60,60)
w(4,24,5,61,61)
w(271,2,5,62,62)
w(6,20,5,63,63)
w(336,1,5,64,64)
w(820,2,5,65,65)
w(0,130,5,66,66)
w(676,2,5,67,67)
w(18,11,5,68,68)
w(117,1,5,69,69)
w(0,131,5,70,70)
w(7,16,5,71,71)
w(58,3,5,72,72)
w(1,70,5,73,73)
w(19,7,5,74,74)
w(0,132,5,75,75)
w(4,25,5,76,76)
w(441,1,5,77,77)
w(1,71,5,78,78)
w(94,3,5,79,79)
r(5,29,5,80,80)
w(86,3,5,81,81)
w(9,22,5,82,82)
w(87,5,5,83,83)
w(9,23,5,84,84)
w(10,8,5,85,85)
w(92,1,5,86,86)
w(3,29,5,87,87)
w(25,3,5,88,88)
w(0,133,5,89,89)
w(510,1,5,90,90)
w(8,14,5,91,91)
w(0,134,5,92,92)
w(4,26,5,93,93)
w(602,1,5,94,94)
w(2,42,5,95,95)
w(0,135,5,96,96)
r(171,3,5,97,97)
w(84,3,5,98,98)
w(39,7,5,99,99)
w(12,8,5,100,100)
r(203,0,5,101,101)
w(28,4,5,102,102)
w(145,2,5,103,103)
w(1,72,5,104,104)
w(184,3,5,105,105)
w(6,21,5,106,106)
w(18,12,5,107,107)
w(32,7,5,108,108)
w(175,1,5,109,109)
w(0,136,5,110,110)
w(157,2,5,111,111)
w(2,43,5,112,112)
w(12,9,5,113,113)
w(72,3,5,114,114)
w(1,73,5,115,115)
w(7,17,5,116,116)
w(917,1,5,117,117)
w(223,1,5,118,118)
r(0,136,5,119,119)
w(155,1,5,120,120)
w(15,3,5,121,121)
w(655,1,5,122,122)
w(178,1,5,123,123)
w(49,4,5,124,124)
w(1,74,5,125,125)
w(293,1,5,126,126)
r(257,0,5,127,127)
w(633,1,5,128,128)
w(891,1,5,129,129)
w(76,1,5,130,130)
w(0,137,5,131,131)
w(635,1,5,132,132)
w(10,9,5,133,133)
w(46,6,5,134,134)
w(334,1,5,135,135)
w(0,138,5,136,136)
w(401,2,5,137,137)
r(7,17,5,138,138)
w(3,30,5,139,139)
w(31,3,5,140,140)
w(492,2,5,141,141)
w(872,1,5,142,142)
w(4,27,5,143,143)
r(506,1,5,144,144)
w(0,139,5,145,145)
w(27,4,5,146,146)
w(0,140,5,147,147)
w(45,6,5,148,148)
w(377,1,5,149,149)
r(2,43,5,150,150)
w(26,8,5,151,151)
w(1,75,5,152,152)
w(176,1,5,153,153)
w(216,1,5,154,154)
w(0,141,5,155,155)
w(526,1,5,156,156)
w(59,5,5,157,157)
r(179,2,5,158,158)
w(9,24,5,159,159)
w(3,31,5,160,160)
w(1,76,5,161,161)
w(1,77,5,162,162)
w(67,4,5,163,163)
w(5,30,5,164,164)
w(147,2,5,165,165)
w(11,10,5,166,166)
w(58,4,5,167,167)
w(797,2,5,168,168)
r(195,1,5,169,169)
w(63,1,5,170,170)
w(31,4,5,171,171)
w(0,142,5,172,172)
w(1,78,5,173,173)
w(0,143,5,174,174)
r(1,78,5,175,175)
w(27,5,5,176,176)
w(0,144,5,177,177)
r(25,3,5,178,178)
w(0,145,5,179,179)
w(99,3,5,180,180)
w(573,1,5,181,181)
w(39,8,5,182,182)
r(6,21,5,183,183)
w(154,2,5,184,184)
w(122,1,5,185,185)
w(209,1,5,186,186)
w(7,18,5,187,187)
w(60,3,5,188,188)
w(309,1,5,189,189)
w(3,32,5,190,190)
w(850,1,5,191,191)
w(150,2,5,192,192)
w(1,79,5,193,193)
w(779,1,5,194,194)
w(118,1,5,195,195)
w(39,9,5,196,196)
w(1,80,5,197,197)
w(364,2,5,198,198)
w(749,1,5,199,199)
w(8,15,6,0,0)
w(26,9,6,1,1)
w(98,1,6,2,2)
w(34,2,6,3,3)
w(7,19,6,4,4)
r(10,9,6,5,5)
r(62,3,6,6,6)
w(67,5,6,7,7)
w(2,44,6,8,8)
w(315,1,6,9,9)
r(2,44,6,10,10)
w(213,1,6,11,11)
w(0,146,6,12,12)
w(1,81,6,13,13)
w(38,4,6,14,14)
w(31,5,6,15,15)
w(11,11,6,16,16)
w(332,2,6,17,17)
w(36,4,6,18,18)
w(1,82,6,19,19)
w(15,4,6,20,20)
r(11,11,6,21,21)
w(1,83,6,22,22)
w(244,2,6,23,23)
w(1,84,6,24,24)
w(12,10,6,25,25)
w(236,1,6,26,26)
w(394,1,6,27,27)
w(778,2,6,28,28)
w(1,85,6,29,29)
w(1,86,6,30,30)
w(0,147,6,31,31)
w(5,31,6,32,32)
w(531,4,6,33,33)
w(380,1,6,34,34)
r(1,86,6,35,35)
w(36,5,6,36,36)
w(109,2,6,37,37)
w(16,6,6,38,38)
w(3,33,6,39,39)
w(524,3,6,40,40)
w(358,3,6,41,41)
w(2,45,6,42,42)
r(1,86,6,43,43)
w(1,87,6,44,44)
w(1,88,6,45,45)
r(159,0,6,46,46)
w(27,6,6,47,47)
w(6,22,6,48,48)
w(2,46,6,49,49)
r(74,3,6,50,50)
w(13,10,6,51,51)
w(40,3,6,52,52)
w(13,11,6,53,53)
w(5,32,6,54,54)
w(2,47,6,55,55)
w(220,2,6,56,56)
w(3,34,6,57,57)
w(429,1,6,58,58)
w(42,4,6,59,59)
w(22,5,6,60,60)
w(31,6,6,61,61)
w(305,1,6,62,62)
w(28,5,6,63,63)
w(0,148,6,64,64)
w(0,149,6,65,65)
w(1,89,6,66,66)
w(155,2,6,67,67)
w(706,1,6,68,68)
w(4,28,6,69,69)
w(342,1,6,70,70)
w(0,150,6,71,71)
w(19,8,6,72,72)
w(52,4,6,73,73)
w(2,48,6,74,74)
w(493,2,6,75,75)
r(26,9,6,76,76)
w(490,1,6,77,77)
w(80,3,6,78,78)
w(0,151,6,79,79)
w(3,35,6,80,80)
w(839,2,6,81,81)
w(0,152,6,82,82)
w(173,3,6,83,83)
w(4,29,6,84,84)
w(0,153,6,85,85)
w(777,1,6,86,86)
w(15,5,6,87,87)
w(69,4,6,88,88)
w(2,49,6,89,89)
w(1,90,6,90,90)
w(19,9,6,91,91)
w(760,1,6,92,92)
w(82,1,6,93,93)
w(2,50,6,94,94)
w(76,2,6,95,95)
w(16,7,6,96,96)
r(8,15,6,97,97)
w(294,1,6,98,98)
w(1,91,6,99,99)
w(409,1,6,100,100)
w(95,2,6,101,101)
w(33,6,6,102,102)
w(34,3,6,103,103)
w(1,92,6,104,104)
w(0,154,6,105,105)
w(44,3,6,106,106)
w(0,155,6,107,107)
w(153,1,6,108,108)
w(607,1,6,109,109)
w(35,5,6,110,110)
w(0,156,6,111,111)
r(31,6,6,112,112)
w(222,1,6,113,113)
w(247,3,6,114,114)
w(80,4,6,115,115)
w(6,23,6,116,116)
r(25,3,6,117,117)
w(1,93,6,118,118)
w(3,36,6,119,119)
r(1,93,6,120,120)
w(0,157,6,121,121)
w(554,1,6,122,122)
w(22,6,6,123,123)
w(4,30,6,124,124)
r(0,157,6,125,125)
w(485,1,6,126,126)
w(26,10,6,127,127)
w(412,2,6,128,128)
w(28,6,6,129,129)
w(17,8,6,130,130)
w(0,158,6,131,131)
r(3,36,6,132,132)
w(24,3,6,133,133)
w(61,2,6,134,134)
w(3,37,6,135,135)
r(0,158,6,136,136)
w(2,51,6,137,137)
r(0,158,6,138,138)
w(430,2,6,139,139)
w(10,10,6,140,140)
w(87,6,6,141,141)
w(1,94,6,142,142)
w(0,159,6,143,143)
w(9,25,6,144,144)
w(23,5,6,145,145)
w(11,12,6,146,146)
w(486,3,6,147,147)
w(0,160,6,148,148)
w(26,11,6,149,149)
w(444,1,6,150,150)
w(55,1,6,151,151)
w(11,13,6,152,152)
w(2,52,6,153,153)
w(320,1,6,154,154)
w(15,6,6,155,155)
w(36,6,6,156,156)
r(2,52,6,157,157)
w(5,33,6,158,158)
w(0,161,6,159,159)
w(3,38,6,160,160)
w(0,162,6,161,161)
w(4,31,6,162,162)
w(0,163,6,163,163)
w(337,1,6,164,164)
w(2,53,6,165,165)
r(1,94,6,166,166)
w(1,95,6,167,167)
w(9,26,6,168,168)
w(310,2,6,169,169)
w(38,5,6,170,170)
w(15,7,6,171,171)
r(0,163,6,172,172)
w(5,34,6,173,173)
w(188,1,6,174,174)
w(48,5,6,175,175)
w(100,1,6,176,176)
w(30,4,6,177,177)
w(63,2,6,178,178)
w(21,10,6,179,179)
w(405,1,6,180,180)
w(28,7,6,181,181)
w(60,4,6,182,182)
w(703,1,6,183,183)
w(0,164,6,184,184)
w(4,32,6,185,185)
r(9,26,6,186,186)
w(192,1,6,187,187)
w(6,24,6,188,188)
w(0,165,6,189,189)
w(6,25,6,190,190)
w(91,2,6,191,191)
w(1,96,6,192,192)
w(72,4,6,193,193)
w(4,33,6,194,194)
r(179,2,6,195,195)
w(4,34,6,196,196)
w(0,166,6,197,197)
r(0,166,6,198,198)
w(185,1,6,199,199)
w(928,1,7,0,0)
w(534,1,7,1,1)
w(79,3,7,2,2)
w(8,16,7,3,3)
w(0,167,7,4,4)
w(829,1,7,5,5)
w(116,2,7,6,6)
w(1,97,7,7,7)
w(5,35,7,8,8)
w(27,7,7,9,9)
w(198,2,7,10,10)
w(44,4,7,11,11)
w(63,3,7,12,12)
w(148,2,7,13,13)
w(11,14,7,14,14)
w(49,5,7,15,15)
w(0,168,7,16,16)
w(211,1,7,17,17)
r(87,6,7,18,18)
w(23,6,7,19,19)
w(10,11,7,20,20)
w(0,169,7,21,21)
w(27,8,7,22,22)
w(0,170,7,23,23)
w(0,171,7,24,24)
w(144,1,7,25,25)
w(78,4,7,26,26)
w(27,9,7,27,27)
w(716,1,7,28,28)
w(194,2,7,29,29)
r(50,3,7,30,30)
w(6,26,7,31,31)
w(1,98,7,32,32)
w(7,20,7,33,33)
w(2,54,7,34,34)
w(3,39,7,35,35)
w(4,35,7,36,36)
w(47,4,7,37,37)
w(2,55,7,38,38)
w(463,1,7,39,39)
w(263,1,7,40,40)
w(881,1,7,41,41)
w(4,36,7,42,42)
w(906,1,7,43,43)
w(7,21,7,44,44)
w(75,3,7,45,45)
w(25,4,7,46,46)
w(229,2,7,47,47)
w(9,27,7,48,48)
w(20,5,7,49,49)
r(422,0,7,50,50)
w(3,40,7,51,51)
w(0,172,7,52,52)
w(108,2,7,53,53)
w(299,2,7,54,54)
w(5,36,7,55,55)
w(7,22,7,56,56)
w(451,1,7,57,57)
w(89,1,7,58,58)
w(25,5,7,59,59)
w(191,1,7,60,60)
w(3,41,7,61,61)
w(883,1,7,62,62)
r(7,22,7,63,63)
w(0,173,7,64,64)
w(108,3,7,65,65)
w(905,1,7,66,66)
r(135,0,7,67,67)
w(0,174,7,68,68)
w(344,1,7,69,69)
r(2,55,7,70,70)
w(3,42,7,71,71)
w(15,8,7,72,72)
r(714,0,7,73,73)
w(4,37,7,74,74)
w(0,175,7,75,75)
w(30,5,7,76,76)
w(54,4,7,77,77)
w(150,3,7,78,78)
w(1,99,7,79,79)
w(53,3,7,80,80)
w(837,1,7,81,81)
w(290,1,7,82,82)
w(195,2,7,83,83)
w(2,56,7,84,84)
w(0,176,7,85,85)
r(536,0,7,86,86)
w(0,177,7,87,87)
w(148,3,7,88,88)
w(159,1,7,89,89)
w(30,6,7,90,90)
w(3,43,7,91,91)
w(12,11,7,92,92)
w(396,2,7,93,93)
w(14,8,7,94,94)
w(8,17,7,95,95)
w(1,100,7,96,96)
w(6,27,7,97,97)
w(241,1,7,98,98)
w(2,57,7,99,99)
w(89,2,7,100,100)
w(433,2,7,101,101)
w(67,6,7,102,102)
r(776,0,7,103,103)
w(50,4,7,104,104)
w(641,1,7,105,105)
w(2,58,7,106,106)
r(3,43,7,107,107)
w(14,9,7,108,108)
w(7,23,7,109,109)
w(111,2,7,110,110)
w(0,178,7,111,111)
w(7,24,7,112,112)
w(47,5,7,113,113)
w(40,4,7,114,114)
w(50,5,7,115,115)
w(0,179,7,116,116)
w(824,1,7,117,117)
w(0,180,7,118,118)
w(149,1,7,119,119)
w(240,2,7,120,120)
w(475,1,7,121,121)
w(192,2,7,122,122)
w(71,3,7,123,123)
w(0,181,7,124,124)
w(7,25,7,125,125)
w(32,8,7,126,126)
w(255,3,7,127,127)
w(0,182,7,128,128)
w(17,9,7,129,129)
w(0,183,7,130,130)
w(2,59,7,131,131)
w(1,101,7,132,132)
w(0,184,7,133,133)
r(3,43,7,134,134)
w(1,102,7,135,135)
w(2,60,7,136,136)
w(15,9,7,137,137)
w(305,2,7,138,138)
w(22,7,7,139,139)
w(118,2,7,140,140)
w(3,44,7,141,141)
w(41,4,7,142,142)
r(17,9,7,143,143)
w(1,103,7,144,144)
w(70,7,7,145,145)
w(0,185,7,146,146)
w(0,186,7,147,147)
w(26,12,7,148,148)
w(26,13,7,149,149)
w(3,45,7,150,150)
w(26,14,7,151,151)
w(0,187,7,152,152)
w(3,46,7,153,153)
w(649,2,7,154,154)
w(76,3,7,155,155)
w(4,38,7,156,156)
w(0,188,7,157,157)
w(16,8,7,158,158)
w(976,1,7,159,159)
w(1,104,7,160,160)
w(81,3,7,161,161)
w(0,189,7,162,162)
w(0,190,7,163,163)
w(25,6,7,164,164)
r(2,60,7,165,165)
w(1,105,7,166,166)
w(16,9,7,167,167)
w(114,1,7,168,168)
w(527,2,7,169,169)
w(18,13,7,170,170)
w(187,2,7,171,171)
w(535,1,7,172,172)
w(0,191,7,173,173)
w(4,39,7,174,174)
w(131,2,7,175,175)
w(0,192,7,176,176)
w(10,12,7,177,177)
w(145,3,7,178,178)
w(0,193,7,179,179)
w(12,12,7,180,180)
w(9,28,7,181,181)
w(55,2,7,182,182)
w(93,1,7,183,183)
r(0,193,7,184,184)
w(21,11,7,185,185)
w(2,61,7,186,186)
w(16,10,7,187,187)
w(200,3,7,188,188)
w(3,47,7,189,189)
w(0,194,7,190,190)
w(15,10,7,191,191)
w(2,62,7,192,192)
w(368,1,7,193,193)
w(288,3,7,194,194)
r(34,3,7,195,195)
w(163,3,7,196,196)
w(203,1,7,197,197)
w(36,7,7,198,198)
w(1,106,7,199,199)
w(258,1,8,0,0)
w(336,2,8,1,1)
w(0,195,8,2,2)
w(1,107,8,3,3)
w(0,196,8,4,4)
w(5,37,8,5,5)
w(0,197,8,6,6)
w(1,108,8,7,7)
w(776,1,8,8,8)
w(1,109,8,9,9)
w(2,63,8,10,10)
w(6,28,8,11,11)
w(13,12,8,12,12)
w(73,3,8,13,13)
w(9,29,8,14,14)
r(24,3,8,15,15)
w(736,2,8,16,16)
w(271,3,8,17,17)
w(24,4,8,18,18)
w(2,64,8,19,19)
r(163,3,8,20,20)
w(412,3,8,21,21)
r(0,197,8,22,22)
w(3,48,8,23,23)
w(590,2,8,24,24)
w(394,2,8,25,25)
w(214,3,8,26,26)
w(341,1,8,27,27)
w(3,49,8,28,28)
w(63,4,8,29,29)
w(336,3,8,30,30)
w(2,65,8,31,31)
r(67,6,8,32,32)
w(77,7,8,33,33)
w(0,198,8,34,34)
w(711,1,8,35,35)
w(49,6,8,36,36)
w(2,66,8,37,37)
w(11,15,8,38,38)
r(32,8,8,39,39)
w(1,110,8,40,40)
r(15,10,8,41,41)
w(0,199,8,42,42)
w(2,67,8,43,43)
w(0,200,8,44,44)
r(20,5,8,45,45)
w(0,201,8,46,46)
w(154,3,8,47,47)
w(410,1,8,48,48)
w(0,202,8,49,49)
w(22,8,8,50,50)
w(628,1,8,51,51)
r(158,1,8,52,52)
w(7,26,8,53,53)
w(211,2,8,54,54)
w(127,1,8,55,55)
w(78,5,8,56,56)
w(0,203,8,57,57)
w(0,204,8,58,58)
w(75,4,8,59,59)
w(390,1,8,60,60)
w(20,6,8,61,61)
w(2,68,8,62,62)
w(3,50,8,63,63)
w(13,13,8,64,64)
w(488,1,8,65,65)
r(19,9,8,66,66)
w(150,4,8,67,67)
w(3,51,8,68,68)
w(0,205,8,69,69)
w(256,3,8,70,70)
w(1,111,8,71,71)
w(328,2,8,72,72)
r(169,1,8,73,73)
w(1,112,8,74,74)
w(13,14,8,75,75)
w(194,3,8,76,76)
w(3,52,8,77,77)
w(32,9,8,78,78)
w(2,69,8,79,79)
w(0,206,8,80,80)
w(0,207,8,81,81)
w(0,208,8,82,82)
w(50,6,8,83,83)
w(119,1,8,84,84)
w(0,209,8,85,85)
w(240,3,8,86,86)
w(4,40,8,87,87)
w(51,1,8,88,88)
w(1,113,8,89,89)
w(1,114,8,90,90)
w(295,1,8,91,91)
w(38,6,8,92,92)
w(201,3,8,93,93)
w(5,38,8,94,94)
r(576,0,8,95,95)
w(1,115,8,96,96)
w(0,210,8,97,97)
w(142,3,8,98,98)
w(66,1,8,99,99)
w(220,3,8,100,100)
w(61,3,8,101,101)
w(219,2,8,102,102)
w(1,116,8,103,103)
w(51,2,8,104,104)
r(5,38,8,105,105)
w(33,7,8,106,106)
w(72,5,8,107,107)
w(8,18,8,108,108)
w(336,4,8,109,109)
r(0,210,8,110,110)
w(0,211,8,111,111)
w(92,2,8,112,112)
w(563,1,8,113,113)
w(15,11,8,114,114)
w(247,4,8,115,115)
r(4,40,8,116,116)
w(225,3,8,117,117)
w(34,4,8,118,118)
w(6,29,8,119,119)
w(33,8,8,120,120)
w(333,1,8,121,121)
w(1,117,8,122,122)
w(5,39,8,123,123)
r(1,117,8,124,124)
w(36,8,8,125,125)
r(44,4,8,126,126)
w(4,41,8,127,127)
w(8,19,8,128,128)
w(1,118,8,129,129)
w(133,1,8,130,130)
w(0,212,8,131,131)
w(0,213,8,132,132)
w(36,9,8,133,133)
w(4,42,8,134,134)
w(0,214,8,135,135)
w(0,215,8,136,136)
w(4,43,8,137,137)
w(116,3,8,138,138)
w(0,216,8,139,139)
w(554,2,8,140,140)
r(152,1,8,141,141)
w(422,1,8,142,142)
w(0,217,8,143,143)
r(5,39,8,144,144)
w(6,30,8,145,145)
w(57,3,8,146,146)
w(24,5,8,147,147)
w(0,218,8,148,148)
w(7,27,8,149,149)
r(3,52,8,150,150)
w(0,219,8,151,151)
r(71,3,8,152,152)
w(170,3,8,153,153)
w(1,119,8,154,154)
w(2,70,8,155,155)
r(103,2,8,156,156)
w(897,1,8,157,157)
w(3,53,8,158,158)
w(0,220,8,159,159)
w(136,1,8,160,160)
w(15,12,8,161,161)
w(7,28,8,162,162)
w(5,40,8,163,163)
w(45,7,8,164,164)
w(616,1,8,165,165)
w(1,120,8,166,166)
w(361,1,8,167,167)
w(62,4,8,168,168)
w(16,11,8,169,169)
w(134,2,8,170,170)
w(1,121,8,171,171)
r(2,70,8,172,172)
w(8,20,8,173,173)
r(70,7,8,174,174)
w(32,10,8,175,175)
w(0,221,8,176,176)
w(360,3,8,177,177)
w(2,71,8,178,178)
w(12,13,8,179,179)
w(262,3,8,180,180)
w(5,41,8,181,181)
r(6,30,8,182,182)
w(2,72,8,183,183)
w(91,3,8,184,184)
w(0,222,8,185,185)
w(1,122,8,186,186)
w(6,31,8,187,187)
w(58,5,8,188,188)
w(110,2,8,189,189)
w(32,11,8,190,190)
w(0,223,8,191,191)
w(649,3,8,192,192)
w(27,10,8,193,193)
w(81,4,8,194,194)
w(1,123,8,195,195)
w(53,4,8,196,196)
w(543,1,8,197,197)
w(9,30,8,198,198)
w(233,1,8,199,199)
w(12,14,9,0,0)
w(230,1,9,1,1)
w(8,21,9,2,2)
w(187,3,9,3,3)
w(8,22,9,4,4)
w(535,2,9,5,5)
w(5,42,9,6,6)
w(12,15,9,7,7)
w(57,4,9,8,8)
r(3,53,9,9,9)
w(17,10,9,10,10)
w(33,9,9,11,11)
w(12,16,9,12,12)
w(872,2,9,13,13)
w(4,44,9,14,14)
r(1,123,9,15,15)
w(0,224,9,16,16)
w(11,16,9,17,17)
w(281,1,9,18,18)
w(267,2,9,19,19)
w(1,124,9,20,20)
w(19,10,9,21,21)
w(4,45,9,22,22)
w(5,43,9,23,23)
w(863,1,9,24,24)
w(63,5,9,25,25)
w(480,2,9,26,26)
w(0,225,9,27,27)
w(12,17,9,28,28)
w(0,226,9,29,29)
w(0,227,9,30,30)
w(158,2,9,31,31)
w(7,29,9,32,32)
w(20,7,9,33,33)
w(49,7,9,34,34)
w(589,1,9,35,35)
w(463,2,9,36,36)
w(19,11,9,37,37)
w(20,8,9,38,38)
w(10,13,9,39,39)
w(1,125,9,40,40)
w(315,2,9,41,41)
w(0,228,9,42,42)
w(0,229,9,43,43)
r(7,29,9,44,44)
w(459,1,9,45,45)
w(0,230,9,46,46)
w(54,5,9,47,47)
w(0,231,9,48,48)
r(24,5,9,49,49)
w(36,10,9,50,50)
r(23,6,9,51,51)
w(0,232,9,52,52)
w(11,17,9,53,53)
w(32,12,9,54,54)
w(24,6,9,55,55)
w(643,1,9,56,56)
w(584,1,9,57,57)
w(37,6,9,58,58)
w(6,32,9,59,59)
w(17,11,9,60,60)
w(63,6,9,61,61)
w(0,233,9,62,62)
r(237,1,9,63,63)
w(145,4,9,64,64)
w(138,2,9,65,65)
r(57,4,9,66,66)
w(6,33,9,67,67)
w(4,46,9,68,68)
w(35,6,9,69,69)
w(3,54,9,70,70)
w(60,5,9,71,71)
w(542,1,9,72,72)
w(24,7,9,73,73)
w(16,12,9,74,74)
w(118,3,9,75,75)
w(1,126,9,76,76)
w(638,1,9,77,77)
r(787,0,9,78,78)
w(222,2,9,79,79)
w(1,127,9,80,80)
w(565,1,9,81,81)
w(0,234,9,82,82)
r(6,33,9,83,83)
w(42,5,9,84,84)
r(5,43,9,85,85)
w(46,7,9,86,86)
w(4,47,9,87,87)
w(12,18,9,88,88)
w(248,1,9,89,89)
w(89,3,9,90,90)
w(111,3,9,91,91)
r(6,33,9,92,92)
r(186,1,9,93,93)
w(21,12,9,94,94)
w(4,48,9,95,95)
w(37,7,9,96,96)
w(68,5,9,97,97)
w(7,30,9,98,98)
w(36,11,9,99,99)
w(55,3,9,100,100)
w(315,3,9,101,101)
r(79,3,9,102,102)
w(52,5,9,103,103)
w(8,23,9,104,104)
r(906,1,9,105,105)
w(13,15,9,106,106)
r(3,54,9,107,107)
w(3,55,9,108,108)
w(306,1,9,109,109)
w(0,235,9,110,110)
w(39,10,9,111,111)
w(78,6,9,112,112)
w(27,11,9,113,113)
w(644,2,9,114,114)
w(6,34,9,115,115)
w(0,236,9,116,116)
w(769,1,9,117,117)
w(848,1,9,118,118)
w(189,1,9,119,119)
r(14,9,9,120,120)
w(103,3,9,121,121)
w(252,2,9,122,122)
w(464,1,9,123,123)
w(1,128,9,124,124)
r(13,15,9,125,125)
r(178,1,9,126,126)
r(478,0,9,127,127)
w(2,73,9,128,128)
w(373,2,9,129,129)
w(1,129,9,130,130)
w(2,74,9,131,131)
w(65,3,9,132,132)
w(105,2,9,133,133)
w(29,4,9,134,134)
w(305,3,9,135,135)
w(0,237,9,136,136)
w(114,2,9,137,137)
w(0,238,9,138,138)
w(136,2,9,139,139)
w(241,2,9,140,140)
w(303,1,9,141,141)
w(212,1,9,142,142)
w(4,49,9,143,143)
r(22,8,9,144,144)
w(146,2,9,145,145)
w(622,1,9,146,146)
w(22,9,9,147,147)
w(797,3,9,148,148)
r(91,3,9,149,149)
w(9,31,9,150,150)
w(962,1,9,151,151)
w(10,14,9,152,152)
w(307,1,9,153,153)
r(432,0,9,154,154)
w(44,5,9,155,155)
w(2,75,9,156,156)
r(101,1,9,157,157)
w(38,7,9,158,158)
w(0,239,9,159,159)
w(987,1,9,160,160)
w(15,13,9,161,161)
w(143,2,9,162,162)
w(7,31,9,163,163)
r(107,0,9,164,164)
w(1,130,9,165,165)
w(395,2,9,166,166)
w(154,4,9,167,167)
r(34,4,9,168,168)
w(888,1,9,169,169)
w(13,16,9,170,170)
w(10,15,9,171,171)
w(200,4,9,172,172)
w(4,50,9,173,173)
w(11,18,9,174,174)
w(289,1,9,175,175)
w(7,32,9,176,176)
r(11,18,9,177,177)
w(666,1,9,178,178)
w(35,7,9,179,179)
r(290,1,9,180,180)
w(913,1,9,181,181)
w(126,1,9,182,182)
w(287,1,9,183,183)
w(576,1,9,184,184)
w(19,12,9,185,185)
w(0,240,9,186,186)
w(31,7,9,187,187)
w(161,1,9,188,188)
w(166,1,9,189,189)
w(0,241,9,190,190)
w(961,1,9,191,191)
w(417,1,9,192,192)
w(37,8,9,193,193)
w(1,131,9,194,194)
w(251,2,9,195,195)
w(39,11,9,196,196)
w(68,6,9,197,197)
w(5,44,9,198,198)
w(488,2,9,199,199)
