w(31,1,0,0,0)
w(9,1,0,1,1)
w(0,1,0,2,2)
w(12,1,0,3,3)
r(2,0,0,4,4)
r(1,0,0,5,5)
r(96,0,0,6,6)
w(12,2,0,7,7)
w(12,3,0,8,8)
r(0,1,0,9,9)
w(34,1,0,10,10)
r(7,0,0,11,11)
r(1,0,0,12,12)
w(0,2,0,13,13)
r(36,0,0,14,14)
r(1,0,0,15,15)
w(69,1,0,16,16)
r(45,0,0,17,17)
r(8,0,0,18,18)
r(5,0,0,19,19)
r(1,0,0,20,20)
w(0,3,0,21,21)
r(1,0,0,22,22)
r(4,0,0,23,23)
w(85,1,0,24,24)
r(82,0,0,25,25)
w(65,1,0,26,26)
w(5,1,0,27,27)
r(0,3,0,28,28)
w(2,1,0,29,29)
r(0,3,0,30,30)
w(1,1,0,31,31)
w(66,1,0,32,32)
w(0,4,0,33,33)
r(37,0,0,34,34)
r(48,0,0,35,35)
w(18,1,0,36,36)
r(36,0,0,37,37)
w(13,1,0,38,38)
w(27,1,0,39,39)
r(4,0,0,40,40)
r(36,0,0,41,41)
w(48,1,0,42,42)
r(8,0,0,43,43)
r(6,0,0,44,44)
r(0,4,0,45,45)
r(30,0,0,46,46)
r(0,4,0,47,47)
w(12,4,0,48,48)
w(0,5,0,49,49)
r(24,0,0,50,50)
r(2,1,0,51,51)
w(11,1,0,52,52)
w(1,2,0,53,53)
w(59,1,0,54,54)
r(3,0,0,55,55)
w(80,1,0,56,56)
r(0,5,0,57,57)
w(19,1,0,58,58)
r(61,0,0,59,59)
w(1,3,0,60,60)
r(62,0,0,61,61)
r(18,1,0,62,62)
r(0,5,0,63,63)
w(0,6,0,64,64)
r(2,1,0,65,65)
r(5,1,0,66,66)
w(0,7,0,67,67)
r(1,3,0,68,68)
w(10,1,0,69,69)
r(81,0,0,70,70)
w(4,1,0,71,71)
w(5,2,0,72,72)
r(4,1,0,73,73)
r(1,3,0,74,74)
w(24,1,0,75,75)
r(4,1,0,76,76)
r(2,1,0,77,77)
w(14,1,0,78,78)
w(6,1,0,79,79)
r(3,0,0,80,80)
r(25,0,0,81,81)
w(32,1,0,82,82)
r(3,0,0,83,83)
w(2,2,0,84,84)
w(0,8,0,85,85)
r(8,0,0,86,86)
w(4,2,0,87,87)
w(3,1,0,88,88)
r(3,1,0,89,89)
w(9,2,0,90,90)
w(68,1,0,91,91)
w(8,1,0,92,92)
r(61,0,0,93,93)
r(99,0,0,94,94)
w(0,9,0,95,95)
w(2,3,0,96,96)
r(33,0,0,97,97)
w(3,2,0,98,98)
r(45,0,0,99,99)
w(0,10,0,100,100)
w(1,4,0,101,101)
w(23,1,0,102,102)
r(0,10,0,103,103)
w(0,11,0,104,104)
r(0,11,0,105,105)
r(0,11,0,106,106)
w(0,12,0,107,107)
r(1,4,0,108,108)
r(0,12,0,109,109)
w(65,2,0,110,110)
w(0,13,0,111,111)
w(8,2,0,112,112)
r(63,0,0,113,113)
r(2,3,0,114,114)
w(5,3,0,115,115)
w(19,2,0,116,116)
r(11,1,0,117,117)
r(1,4,0,118,118)
w(0,14,0,119,119)
w(1,5,0,120,120)
w(21,1,0,121,121)
r(46,0,0,122,122)
w(4,3,0,123,123)
r(9,2,0,124,124)
w(12,5,0,125,125)
w(0,15,0,126,126)
w(1,6,0,127,127)
r(4,3,0,128,128)
r(0,15,0,129,129)
w(10,2,0,130,130)
r(2,3,0,131,131)
r(1,6,0,132,132)
r(3,2,0,133,133)
w(65,3,0,134,134)
r(72,0,0,135,135)
r(50,0,0,136,136)
r(48,1,0,137,137)
w(0,16,0,138,138)
r(39,0,0,139,139)
r(1,6,0,140,140)
r(3,2,0,141,141)
r(4,3,0,142,142)
w(41,1,0,143,143)
r(3,2,0,144,144)
w(21,2,0,145,145)
r(1,6,0,146,146)
w(1,7,0,147,147)
w(48,2,0,148,148)
w(29,1,0,149,149)
w(12,6,0,150,150)
w(2,4,0,151,151)
w(67,1,0,152,152)
r(21,2,0,153,153)
w(8,3,0,154,154)
r(10,2,0,155,155)
w(6,2,0,156,156)
r(49,0,0,157,157)
w(37,1,0,158,158)
r(31,1,0,159,159)
w(57,1,0,160,160)
r(6,2,0,161,161)
r(1,7,0,162,162)
r(0,16,0,163,163)
w(0,17,0,164,164)
r(16,0,0,165,165)
r(0,17,0,166,166)
w(91,1,0,167,167)
w(6,3,0,168,168)
r(0,17,0,169,169)
w(44,1,0,170,170)
r(1,7,0,171,171)
r(12,6,0,172,172)
w(21,3,0,173,173)
w(0,18,0,174,174)
r(0,18,0,175,175)
r(5,3,0,176,176)
w(16,1,0,177,177)
r(42,0,0,178,178)
w(34,2,0,179,179)
w(2,5,0,180,180)
w(0,19,0,181,181)
r(26,0,0,182,182)
w(34,3,0,183,183)
w(31,2,0,184,184)
w(0,20,0,185,185)
r(2,5,0,186,186)
r(13,1,0,187,187)
w(3,3,0,188,188)
w(1,8,0,189,189)
w(68,2,0,190,190)
w(5,4,0,191,191)
w(15,1,0,192,192)
w(19,3,0,193,193)
r(4,3,0,194,194)
w(4,4,0,195,195)
r(0,20,0,196,196)
r(4,4,0,197,197)
w(7,1,0,198,198)
w(2,6,0,199,199)
r(0,20,1,0,0)
r(3,3,1,1,1)
w(22,1,1,2,2)
r(1,8,1,3,3)
r(59,1,1,4,4)
r(1,8,1,5,5)
r(40,0,1,6,6)
w(0,21,1,7,7)
w(16,2,1,8,8)
r(1,8,1,9,9)
r(4,4,1,10,10)
r(6,3,1,11,11)
w(62,1,1,12,12)
w(22,2,1,13,13)
r(15,1,1,14,14)
r(0,21,1,15,15)
w(0,22,1,16,16)
w(2,7,1,17,17)
w(5,5,1,18,18)
w(13,2,1,19,19)
r(9,2,1,20,20)
w(8,4,1,21,21)
w(18,2,1,22,22)
r(2,7,1,23,23)
r(20,0,1,24,24)
r(50,0,1,25,25)
w(0,23,1,26,26)
w(2,8,1,27,27)
r(3,3,1,28,28)
r(0,23,1,29,29)
r(7,1,1,30,30)
r(12,6,1,31,31)
r(2,8,1,32,32)
w(65,4,1,33,33)
r(2,8,1,34,34)
w(12,7,1,35,35)
r(3,3,1,36,36)
w(1,9,1,37,37)
r(2,8,1,38,38)
w(22,3,1,39,39)
w(5,6,1,40,40)
r(12,7,1,41,41)
w(79,1,1,42,42)
r(1,9,1,43,43)
w(12,8,1,44,44)
r(11,1,1,45,45)
r(73,0,1,46,46)
r(20,0,1,47,47)
r(1,9,1,48,48)
r(5,6,1,49,49)
w(48,3,1,50,50)
w(4,5,1,51,51)
w(27,2,1,52,52)
w(0,24,1,53,53)
r(33,0,1,54,54)
w(0,25,1,55,55)
r(6,3,1,56,56)
w(1,10,1,57,57)
w(4,6,1,58,58)
w(3,4,1,59,59)
r(1,10,1,60,60)
r(47,0,1,61,61)
w(83,1,1,62,62)
w(1,11,1,63,63)
w(1,12,1,64,64)
w(37,2,1,65,65)
w(11,2,1,66,66)
w(11,3,1,67,67)
r(0,25,1,68,68)
w(10,3,1,69,69)
r(37,2,1,70,70)
w(76,1,1,71,71)
w(0,26,1,72,72)
r(26,0,1,73,73)
w(2,9,1,74,74)
w(0,27,1,75,75)
r(12,8,1,76,76)
w(51,1,1,77,77)
r(11,3,1,78,78)
w(0,28,1,79,79)
w(55,1,1,80,80)
w(1,13,1,81,81)
r(10,3,1,82,82)
r(0,28,1,83,83)
r(30,0,1,84,84)
r(3,4,1,85,85)
w(0,29,1,86,86)
w(5,7,1,87,87)
r(6,3,1,88,88)
w(0,30,1,89,89)
w(49,1,1,90,90)
r(20,0,1,91,91)
r(15,1,1,92,92)
r(5,7,1,93,93)
r(61,0,1,94,94)
r(0,30,1,95,95)
w(1,14,1,96,96)
r(3,4,1,97,97)
r(12,8,1,98,98)
r(20,0,1,99,99)
w(34,4,1,100,100)
r(0,30,1,101,101)
r(0,30,1,102,102)
r(14,1,1,103,103)
w(83,2,1,104,104)
r(0,30,1,105,105)
r(91,1,1,106,106)
w(20,1,1,107,107)
r(5,7,1,108,108)
w(0,31,1,109,109)
w(2,10,1,110,110)
r(46,0,1,111,111)
r(72,0,1,112,112)
r(26,0,1,113,113)
r(8,4,1,114,114)
w(1,15,1,115,115)
r(2,10,1,116,116)
w(19,4,1,117,117)
w(1,16,1,118,118)
w(98,1,1,119,119)
r(10,3,1,120,120)
r(0,31,1,121,121)
r(0,31,1,122,122)
r(1,16,1,123,123)
w(8,5,1,124,124)
r(56,0,1,125,125)
w(52,1,1,126,126)
r(16,2,1,127,127)
w(3,5,1,128,128)
w(20,2,1,129,129)
w(21,4,1,130,130)
w(18,3,1,131,131)
r(8,5,1,132,132)
w(67,2,1,133,133)
r(21,4,1,134,134)
r(6,3,1,135,135)
w(0,32,1,136,136)
r(4,6,1,137,137)
r(11,3,1,138,138)
r(2,10,1,139,139)
r(28,0,1,140,140)
r(4,6,1,141,141)
r(34,4,1,142,142)
w(0,33,1,143,143)
w(0,34,1,144,144)
r(4,6,1,145,145)
w(6,4,1,146,146)
w(15,2,1,147,147)
r(58,0,1,148,148)
w(2,11,1,149,149)
w(96,1,1,150,150)
r(12,8,1,151,151)
r(56,0,1,152,152)
r(0,34,1,153,153)
r(90,0,1,154,154)
r(41,1,1,155,155)
r(23,1,1,156,156)
r(4,6,1,157,157)
r(67,2,1,158,158)
w(17,1,1,159,159)
w(3,6,1,160,160)
w(9,3,1,161,161)
r(40,0,1,162,162)
w(1,17,1,163,163)
w(8,6,1,164,164)
r(2,11,1,165,165)
w(6,5,1,166,166)
r(2,11,1,167,167)
w(0,35,1,168,168)
r(85,1,1,169,169)
r(63,0,1,170,170)
w(29,2,1,171,171)
w(1,18,1,172,172)
r(0,35,1,173,173)
r(81,0,1,174,174)
w(5,8,1,175,175)
w(4,7,1,176,176)
r(9,3,1,177,177)
w(1,19,1,178,178)
w(14,2,1,179,179)
w(75,1,1,180,180)
r(10,3,1,181,181)
w(26,1,1,182,182)
w(20,3,1,183,183)
w(5,9,1,184,184)
r(59,1,1,185,185)
r(2,11,1,186,186)
w(69,2,1,187,187)
w(11,4,1,188,188)
w(5,10,1,189,189)
w(55,2,1,190,190)
r(11,4,1,191,191)
r(62,1,1,192,192)
r(35,0,1,193,193)
r(9,3,1,194,194)
w(17,2,1,195,195)
w(26,2,1,196,196)
r(44,1,1,197,197)
w(3,7,1,198,198)
w(0,36,1,199,199)
w(0,37,2,0,0)
w(28,1,2,1,1)
r(23,1,2,2,2)
r(82,0,2,3,3)
w(65,5,2,4,4)
r(9,3,2,5,5)
r(21,4,2,6,6)
w(2,12,2,7,7)
r(68,2,2,8,8)
w(3,8,2,9,9)
r(76,1,2,10,10)
w(1,20,2,11,11)
w(18,4,2,12,12)
w(12,9,2,13,13)
r(0,37,2,14,14)
w(63,1,2,15,15)
r(1,20,2,16,16)
r(45,0,2,17,17)
w(0,38,2,18,18)
w(52,2,2,19,19)
r(47,0,2,20,20)
w(1,21,2,21,21)
w(1,22,2,22,22)
r(5,10,2,23,23)
w(0,39,2,24,24)
w(25,1,2,25,25)
r(62,1,2,26,26)
w(15,3,2,27,27)
w(16,3,2,28,28)
r(38,0,2,29,29)
w(2,13,2,30,30)
w(23,2,2,31,31)
w(34,5,2,32,32)
r(9,3,2,33,33)
w(14,3,2,34,34)
w(29,3,2,35,35)
r(0,39,2,36,36)
r(23,2,2,37,37)
w(2,14,2,38,38)
r(22,3,2,39,39)
r(1,22,2,40,40)
w(71,1,2,41,41)
r(0,39,2,42,42)
r(41,1,2,43,43)
r(8,6,2,44,44)
r(1,22,2,45,45)
r(28,1,2,46,46)
w(34,6,2,47,47)
r(12,9,2,48,48)
r(1,22,2,49,49)
w(36,1,2,50,50)
r(8,6,2,51,51)
w(0,40,2,52,52)
w(4,8,2,53,53)
r(16,3,2,54,54)
r(1,22,2,55,55)
w(2,15,2,56,56)
r(77,0,2,57,57)
r(75,1,2,58,58)
r(53,0,2,59,59)
r(1,22,2,60,60)
r(55,2,2,61,61)
w(0,41,2,62,62)
w(0,42,2,63,63)
r(7,1,2,64,64)
w(2,16,2,65,65)
r(4,8,2,66,66)
r(56,0,2,67,67)
r(34,6,2,68,68)
w(7,2,2,69,69)
w(0,43,2,70,70)
r(60,0,2,71,71)
r(3,8,2,72,72)
w(4,9,2,73,73)
r(1,22,2,74,74)
r(29,3,2,75,75)
w(9,4,2,76,76)
w(4,10,2,77,77)
r(69,2,2,78,78)
r(0,43,2,79,79)
r(1,22,2,80,80)
w(0,44,2,81,81)
w(0,45,2,82,82)
r(15,3,2,83,83)
w(11,5,2,84,84)
w(75,2,2,85,85)
r(0,45,2,86,86)
w(74,1,2,87,87)
r(4,10,2,88,88)
w(0,46,2,89,89)
w(38,1,2,90,90)
w(64,1,2,91,91)
r(3,8,2,92,92)
w(2,17,2,93,93)
w(26,3,2,94,94)
w(11,6,2,95,95)
r(30,0,2,96,96)
w(75,3,2,97,97)
w(69,3,2,98,98)
r(37,2,2,99,99)
r(7,2,2,100,100)
r(4,10,2,101,101)
r(13,2,2,102,102)
w(23,3,2,103,103)
w(1,23,2,104,104)
w(41,2,2,105,105)
r(34,6,2,106,106)
w(1,24,2,107,107)
r(34,6,2,108,108)
r(0,46,2,109,109)
r(26,3,2,110,110)
w(0,47,2,111,111)
w(1,25,2,112,112)
r(2,17,2,113,113)
r(5,10,2,114,114)
r(0,47,2,115,115)
w(1,26,2,116,116)
r(1,26,2,117,117)
w(1,27,2,118,118)
r(68,2,2,119,119)
w(2,18,2,120,120)
w(24,2,2,121,121)
r(1,27,2,122,122)
r(25,1,2,123,123)
r(69,3,2,124,124)
r(5,10,2,125,125)
r(23,3,2,126,126)
w(12,10,2,127,127)
w(0,48,2,128,128)
w(20,4,2,129,129)
r(3,8,2,130,130)
r(11,6,2,131,131)
r(0,48,2,132,132)
w(1,28,2,133,133)
w(0,49,2,134,134)
r(58,0,2,135,135)
w(4,11,2,136,136)
r(0,49,2,137,137)
w(40,1,2,138,138)
w(2,19,2,139,139)
r(1,28,2,140,140)
r(60,0,2,141,141)
w(49,2,2,142,142)
w(65,6,2,143,143)
r(37,2,2,144,144)
r(0,49,2,145,145)
r(5,10,2,146,146)
w(3,9,2,147,147)
r(6,5,2,148,148)
r(0,49,2,149,149)
w(36,2,2,150,150)
r(5,10,2,151,151)
r(13,2,2,152,152)
w(3,10,2,153,153)
w(47,1,2,154,154)
r(11,6,2,155,155)
r(1,28,2,156,156)
w(3,11,2,157,157)
w(47,2,2,158,158)
w(4,12,2,159,159)
w(59,2,2,160,160)
w(67,3,2,161,161)
w(2,20,2,162,162)
w(1,29,2,163,163)
w(0,50,2,164,164)
r(58,0,2,165,165)
r(2,20,2,166,166)
w(3,12,2,167,167)
r(5,10,2,168,168)
w(0,51,2,169,169)
w(57,2,2,170,170)
r(63,1,2,171,171)
r(0,51,2,172,172)
w(9,5,2,173,173)
r(6,5,2,174,174)
r(0,51,2,175,175)
w(4,13,2,176,176)
r(9,5,2,177,177)
r(4,13,2,178,178)
r(3,12,2,179,179)
w(23,4,2,180,180)
r(75,3,2,181,181)
w(4,14,2,182,182)
r(16,3,2,183,183)
w(0,52,2,184,184)
r(6,5,2,185,185)
w(8,7,2,186,186)
r(4,14,2,187,187)
w(42,1,2,188,188)
w(3,13,2,189,189)
w(23,5,2,190,190)
w(12,11,2,191,191)
r(19,4,2,192,192)
w(7,3,2,193,193)
r(0,52,2,194,194)
w(2,21,2,195,195)
r(1,29,2,196,196)
w(20,5,2,197,197)
w(40,2,2,198,198)
r(38,1,2,199,199)
w(0,53,3,0,0)
r(2,21,3,1,1)
w(0,54,3,2,2)
w(4,15,3,3,3)
w(4,16,3,4,4)
w(27,3,3,5,5)
r(20,5,3,6,6)
w(7,4,3,7,7)
r(0,54,3,8,8)
w(3,14,3,9,9)
r(12,11,3,10,10)
w(2,22,3,11,11)
w(1,30,3,12,12)
w(59,3,3,13,13)
w(18,5,3,14,14)
w(48,4,3,15,15)
r(27,3,3,16,16)
w(1,31,3,17,17)
r(7,4,3,18,18)
r(0,54,3,19,19)
r(21,4,3,20,20)
w(0,55,3,21,21)
w(2,23,3,22,22)
w(75,4,3,23,23)
r(10,3,3,24,24)
w(13,3,3,25,25)
w(0,56,3,26,26)
w(19,5,3,27,27)
r(4,16,3,28,28)
w(49,3,3,29,29)
r(37,2,3,30,30)
r(24,2,3,31,31)
w(6,6,3,32,32)
w(8,8,3,33,33)
w(0,57,3,34,34)
r(10,3,3,35,35)
r(9,5,3,36,36)
w(0,58,3,37,37)
w(97,1,3,38,38)
w(84,1,3,39,39)
w(2,24,3,40,40)
r(63,1,3,41,41)
w(12,12,3,42,42)
r(1,31,3,43,43)
r(79,1,3,44,44)
r(51,1,3,45,45)
w(5,11,3,46,46)
w(0,59,3,47,47)
w(0,60,3,48,48)
w(2,25,3,49,49)
w(0,61,3,50,50)
r(4,16,3,51,51)
r(15,3,3,52,52)
r(28,1,3,53,53)
w(3,15,3,54,54)
w(90,1,3,55,55)
r(9,5,3,56,56)
w(5,12,3,57,57)
w(0,62,3,58,58)
r(24,2,3,59,59)
w(0,63,3,60,60)
r(62,1,3,61,61)
r(2,25,3,62,62)
r(25,1,3,63,63)
r(20,5,3,64,64)
r(18,5,3,65,65)
r(1,31,3,66,66)
w(3,16,3,67,67)
w(2,26,3,68,68)
w(39,1,3,69,69)
r(32,1,3,70,70)
w(8,9,3,71,71)
w(6,7,3,72,72)
w(1,32,3,73,73)
r(0,63,3,74,74)
w(29,4,3,75,75)
r(0,63,3,76,76)
w(0,64,3,77,77)
w(8,10,3,78,78)
r(1,32,3,79,79)
w(44,2,3,80,80)
w(1,33,3,81,81)
w(0,65,3,82,82)
r(14,3,3,83,83)
w(20,6,3,84,84)
w(76,2,3,85,85)
w(6,8,3,86,86)
r(4,16,3,87,87)
w(1,34,3,88,88)
w(12,13,3,89,89)
w(69,4,3,90,90)
w(1,35,3,91,91)
r(3,16,3,92,92)
r(1,35,3,93,93)
r(36,2,3,94,94)
r(0,65,3,95,95)
w(6,9,3,96,96)
r(15,3,3,97,97)
r(2,26,3,98,98)
r(3,16,3,99,99)
r(4,16,3,100,100)
r(65,6,3,101,101)
r(1,35,3,102,102)
r(1,35,3,103,103)
w(11,7,3,104,104)
r(1,35,3,105,105)
w(0,66,3,106,106)
w(7,5,3,107,107)
w(28,2,3,108,108)
r(3,16,3,109,109)
r(1,35,3,110,110)
w(96,2,3,111,111)
r(7,5,3,112,112)
r(0,66,3,113,113)
r(0,66,3,114,114)
r(22,3,3,115,115)
w(10,4,3,116,116)
w(1,36,3,117,117)
r(0,66,3,118,118)
r(2,26,3,119,119)
r(4,16,3,120,120)
r(12,13,3,121,121)
r(1,36,3,122,122)
w(0,67,3,123,123)
r(15,3,3,124,124)
w(0,68,3,125,125)
w(37,3,3,126,126)
r(28,2,3,127,127)
w(69,5,3,128,128)
w(1,37,3,129,129)
r(6,9,3,130,130)
r(0,68,3,131,131)
r(38,1,3,132,132)
r(35,0,3,133,133)
w(5,13,3,134,134)
w(9,6,3,135,135)
w(4,17,3,136,136)
w(5,14,3,137,137)
w(16,4,3,138,138)
w(0,69,3,139,139)
r(4,17,3,140,140)
r(0,69,3,141,141)
w(0,70,3,142,142)
r(2,26,3,143,143)
w(2,27,3,144,144)
w(8,11,3,145,145)
w(15,4,3,146,146)
w(2,28,3,147,147)
r(0,70,3,148,148)
w(0,71,3,149,149)
w(2,29,3,150,150)
r(0,71,3,151,151)
w(14,4,3,152,152)
r(1,37,3,153,153)
r(67,3,3,154,154)
r(0,71,3,155,155)
w(0,72,3,156,156)
r(0,72,3,157,157)
w(18,6,3,158,158)
w(38,2,3,159,159)
w(6,10,3,160,160)
w(2,30,3,161,161)
r(36,2,3,162,162)
r(1,37,3,163,163)
w(1,38,3,164,164)
r(0,72,3,165,165)
w(14,5,3,166,166)
w(18,7,3,167,167)
w(7,6,3,168,168)
r(12,13,3,169,169)
w(45,1,3,170,170)
r(23,5,3,171,171)
r(19,5,3,172,172)
w(0,73,3,173,173)
w(0,74,3,174,174)
w(10,5,3,175,175)
w(4,18,3,176,176)
w(5,15,3,177,177)
w(30,1,3,178,178)
w(25,2,3,179,179)
w(10,6,3,180,180)
r(1,38,3,181,181)
r(0,74,3,182,182)
w(2,31,3,183,183)
w(8,12,3,184,184)
r(0,74,3,185,185)
r(76,2,3,186,186)
w(18,8,3,187,187)
w(57,3,3,188,188)
r(20,6,3,189,189)
w(0,75,3,190,190)
r(4,18,3,191,191)
w(97,2,3,192,192)
r(74,1,3,193,193)
w(85,2,3,194,194)
r(43,0,3,195,195)
w(3,17,3,196,196)
r(50,0,3,197,197)
w(47,3,3,198,198)
r(93,0,3,199,199)
r(28,2,4,0,0)
r(0,75,4,1,1)
r(0,75,4,2,2)
r(5,15,4,3,3)
w(0,76,4,4,4)
r(3,17,4,5,5)
w(82,1,4,6,6)
w(2,32,4,7,7)
w(3,18,4,8,8)
w(3,19,4,9,9)
r(1,38,4,10,10)
w(22,4,4,11,11)
r(0,76,4,12,12)
w(19,6,4,13,13)
w(8,13,4,14,14)
r(0,76,4,15,15)
r(0,76,4,16,16)
w(39,2,4,17,17)
w(0,77,4,18,18)
w(0,78,4,19,19)
w(0,79,4,20,20)
w(0,80,4,21,21)
r(0,80,4,22,22)
w(2,33,4,23,23)
w(0,81,4,24,24)
r(26,3,4,25,25)
r(1,38,4,26,26)
w(5,16,4,27,27)
w(11,8,4,28,28)
w(6,11,4,29,29)
w(49,4,4,30,30)
w(7,7,4,31,31)
w(1,39,4,32,32)
w(12,14,4,33,33)
r(0,81,4,34,34)
w(4,19,4,35,35)
w(0,82,4,36,36)
w(1,40,4,37,37)
w(90,2,4,38,38)
w(51,2,4,39,39)
w(20,7,4,40,40)
r(35,0,4,41,41)
w(2,34,4,42,42)
r(4,19,4,43,43)
r(0,82,4,44,44)
w(0,83,4,45,45)
r(76,2,4,46,46)
r(0,83,4,47,47)
w(0,84,4,48,48)
r(44,2,4,49,49)
r(23,5,4,50,50)
r(3,19,4,51,51)
r(30,1,4,52,52)
w(6,12,4,53,53)
w(19,7,4,54,54)
r(98,1,4,55,55)
w(3,20,4,56,56)
w(0,85,4,57,57)
r(53,0,4,58,58)
w(28,3,4,59,59)
w(4,20,4,60,60)
w(21,5,4,61,61)
r(0,85,4,62,62)
w(0,86,4,63,63)
w(10,7,4,64,64)
r(13,3,4,65,65)
w(13,4,4,66,66)
r(3,20,4,67,67)
w(8,14,4,68,68)
r(4,20,4,69,69)
r(65,6,4,70,70)
r(55,2,4,71,71)
w(29,5,4,72,72)
w(0,87,4,73,73)
r(0,87,4,74,74)
w(90,3,4,75,75)
r(46,0,4,76,76)
w(0,88,4,77,77)
w(0,89,4,78,78)
r(4,20,4,79,79)
r(9,6,4,80,80)
r(22,4,4,81,81)
w(23,6,4,82,82)
r(4,20,4,83,83)
r(13,4,4,84,84)
r(45,1,4,85,85)
w(1,41,4,86,86)
r(0,89,4,87,87)
w(5,17,4,88,88)
w(45,2,4,89,89)
w(8,15,4,90,90)
r(4,20,4,91,91)
w(0,90,4,92,92)
r(0,90,4,93,93)
w(10,8,4,94,94)
r(37,3,4,95,95)
w(14,6,4,96,96)
r(0,90,4,97,97)
w(2,35,4,98,98)
w(3,21,4,99,99)
w(3,22,4,100,100)
r(11,8,4,101,101)
r(11,8,4,102,102)
r(0,90,4,103,103)
w(87,1,4,104,104)
r(0,90,4,105,105)
w(60,1,4,106,106)
r(35,0,4,107,107)
w(4,21,4,108,108)
r(11,8,4,109,109)
r(10,8,4,110,110)
w(73,1,4,111,111)
r(0,90,4,112,112)
w(2,36,4,113,113)
w(6,13,4,114,114)
r(1,41,4,115,115)
w(0,91,4,116,116)
w(73,2,4,117,117)
r(0,91,4,118,118)
r(6,13,4,119,119)
r(33,0,4,120,120)
w(0,92,4,121,121)
r(1,41,4,122,122)
w(0,93,4,123,123)
w(5,18,4,124,124)
r(4,21,4,125,125)
r(0,93,4,126,126)
w(0,94,4,127,127)
w(35,1,4,128,128)
w(34,7,4,129,129)
r(0,94,4,130,130)
r(0,94,4,131,131)
w(0,95,4,132,132)
r(33,0,4,133,133)
w(63,2,4,134,134)
r(32,1,4,135,135)
w(93,1,4,136,136)
r(1,41,4,137,137)
r(28,3,4,138,138)
w(6,14,4,139,139)
w(14,7,4,140,140)
r(90,3,4,141,141)
r(5,18,4,142,142)
r(83,2,4,143,143)
r(47,3,4,144,144)
r(6,14,4,145,145)
r(15,4,4,146,146)
w(40,3,4,147,147)
r(14,7,4,148,148)
r(0,95,4,149,149)
w(0,96,4,150,150)
r(3,22,4,151,151)
r(1,41,4,152,152)
w(0,97,4,153,153)
w(2,37,4,154,154)
w(91,2,4,155,155)
w(1,42,4,156,156)
r(17,2,4,157,157)
r(33,0,4,158,158)
r(1,42,4,159,159)
w(0,98,4,160,160)
r(45,2,4,161,161)
r(6,14,4,162,162)
w(0,99,4,163,163)
w(12,15,4,164,164)
r(31,2,4,165,165)
r(42,1,4,166,166)
r(19,7,4,167,167)
r(0,99,4,168,168)
r(2,37,4,169,169)
r(4,21,4,170,170)
r(4,21,4,171,171)
r(19,7,4,172,172)
w(20,8,4,173,173)
w(6,15,4,174,174)
r(16,4,4,175,175)
w(1,43,4,176,176)
r(2,37,4,177,177)
r(7,7,4,178,178)
r(35,1,4,179,179)
r(2,37,4,180,180)
r(20,8,4,181,181)
w(0,100,4,182,182)
r(3,22,4,183,183)
r(62,1,4,184,184)
r(9,6,4,185,185)
r(74,1,4,186,186)
w(82,2,4,187,187)
r(0,100,4,188,188)
w(15,5,4,189,189)
w(7,8,4,190,190)
r(17,2,4,191,191)
w(44,3,4,192,192)
r(1,43,4,193,193)
r(8,15,4,194,194)
w(15,6,4,195,195)
w(85,3,4,196,196)
w(14,8,4,197,197)
r(66,1,4,198,198)
r(14,8,4,199,199)
w(8,16,5,0,0)
r(0,100,5,1,1)
w(67,4,5,2,2)
w(0,101,5,3,3)
w(6,16,5,4,4)
w(0,102,5,5,5)
r(20,8,5,6,6)
w(61,1,5,7,7)
w(0,103,5,8,8)
w(0,104,5,9,9)
w(9,7,5,10,10)
w(4,22,5,11,11)
w(43,1,5,12,12)
w(12,16,5,13,13)
r(6,16,5,14,14)
w(0,105,5,15,15)
r(3,22,5,16,16)
r(0,105,5,17,17)
w(1,44,5,18,18)
w(6,17,5,19,19)
r(2,37,5,20,20)
r(8,16,5,21,21)
r(55,2,5,22,22)
r(17,2,5,23,23)
r(6,17,5,24,24)
w(0,106,5,25,25)
w(6,18,5,26,26)
r(75,4,5,27,27)
w(5,19,5,28,28)
r(2,37,5,29,29)
r(0,106,5,30,30)
r(14,8,5,31,31)
r(23,6,5,32,32)
w(10,9,5,33,33)
r(1,44,5,34,34)
r(9,7,5,35,35)
w(4,23,5,36,36)
w(50,1,5,37,37)
r(3,22,5,38,38)
r(37,3,5,39,39)
r(74,1,5,40,40)
w(0,107,5,41,41)
w(29,6,5,42,42)
r(6,18,5,43,43)
w(8,17,5,44,44)
w(3,23,5,45,45)
r(2,37,5,46,46)
w(5,20,5,47,47)
r(1,44,5,48,48)
w(11,9,5,49,49)
r(5,20,5,50,50)
r(3,23,5,51,51)
r(3,23,5,52,52)
w(0,108,5,53,53)
r(67,4,5,54,54)
w(66,2,5,55,55)
r(51,2,5,56,56)
r(24,2,5,57,57)
r(8,17,5,58,58)
w(0,109,5,59,59)
w(1,45,5,60,60)
w(80,2,5,61,61)
r(18,8,5,62,62)
w(8,18,5,63,63)
r(61,1,5,64,64)
r(0,109,5,65,65)
w(13,5,5,66,66)
r(1,45,5,67,67)
w(5,21,5,68,68)
r(6,18,5,69,69)
w(7,9,5,70,70)
r(44,3,5,71,71)
w(0,110,5,72,72)
r(73,2,5,73,73)
w(3,24,5,74,74)
w(2,38,5,75,75)
w(7,10,5,76,76)
r(2,38,5,77,77)
w(0,111,5,78,78)
r(94,0,5,79,79)
w(0,112,5,80,80)
r(78,0,5,81,81)
w(10,10,5,82,82)
w(37,4,5,83,83)
w(0,113,5,84,84)
r(10,10,5,85,85)
r(36,2,5,86,86)
r(56,0,5,87,87)
r(18,8,5,88,88)
r(0,113,5,89,89)
r(5,21,5,90,90)
w(1,46,5,91,91)
w(1,47,5,92,92)
r(1,47,5,93,93)
w(1,48,5,94,94)
r(10,10,5,95,95)
w(78,1,5,96,96)
w(10,11,5,97,97)
w(0,114,5,98,98)
w(0,115,5,99,99)
w(63,3,5,100,100)
r(10,11,5,101,101)
w(52,3,5,102,102)
r(72,0,5,103,103)
w(17,3,5,104,104)
w(96,3,5,105,105)
r(9,7,5,106,106)
r(0,115,5,107,107)
r(2,38,5,108,108)
w(1,49,5,109,109)
w(4,24,5,110,110)
r(0,115,5,111,111)
w(18,9,5,112,112)
w(5,22,5,113,113)
r(8,18,5,114,114)
w(0,116,5,115,115)
r(96,3,5,116,116)
w(5,23,5,117,117)
r(15,6,5,118,118)
w(0,117,5,119,119)
w(11,10,5,120,120)
w(0,118,5,121,121)
w(29,7,5,122,122)
r(2,38,5,123,123)
w(9,8,5,124,124)
w(0,119,5,125,125)
r(1,49,5,126,126)
r(15,6,5,127,127)
w(7,11,5,128,128)
w(15,7,5,129,129)
r(4,24,5,130,130)
r(19,7,5,131,131)
w(2,39,5,132,132)
r(10,11,5,133,133)
r(7,11,5,134,134)
w(0,120,5,135,135)
r(2,39,5,136,136)
w(0,121,5,137,137)
w(38,3,5,138,138)
w(23,7,5,139,139)
w(1,50,5,140,140)
w(41,3,5,141,141)
w(2,40,5,142,142)
r(9,8,5,143,143)
w(0,122,5,144,144)
r(2,40,5,145,145)
w(56,1,5,146,146)
w(6,19,5,147,147)
w(1,51,5,148,148)
w(55,3,5,149,149)
w(35,2,5,150,150)
w(6,20,5,151,151)
r(5,23,5,152,152)
w(33,1,5,153,153)
w(3,25,5,154,154)
w(28,4,5,155,155)
r(2,40,5,156,156)
w(0,123,5,157,157)
r(31,2,5,158,158)
w(3,26,5,159,159)
r(19,7,5,160,160)
r(8,18,5,161,161)
r(1,51,5,162,162)
w(59,4,5,163,163)
w(23,8,5,164,164)
r(4,24,5,165,165)
w(25,3,5,166,166)
w(9,9,5,167,167)
r(16,4,5,168,168)
w(38,4,5,169,169)
w(3,27,5,170,170)
r(16,4,5,171,171)
w(44,4,5,172,172)
r(11,10,5,173,173)
r(1,51,5,174,174)
w(91,3,5,175,175)
w(2,41,5,176,176)
w(7,12,5,177,177)
w(84,2,5,178,178)
r(24,2,5,179,179)
w(0,124,5,180,180)
r(16,4,5,181,181)
w(10,12,5,182,182)
r(1,51,5,183,183)
w(0,125,5,184,184)
r(8,18,5,185,185)
w(1,52,5,186,186)
w(1,53,5,187,187)
r(1,53,5,188,188)
r(1,53,5,189,189)
r(2,41,5,190,190)
r(6,20,5,191,191)
w(0,126,5,192,192)
w(2,42,5,193,193)
w(72,1,5,194,194)
r(0,126,5,195,195)
r(10,12,5,196,196)
w(0,127,5,197,197)
w(1,54,5,198,198)
w(16,5,5,199,199)
w(0,128,6,0,0)
r(2,42,6,1,1)
r(1,54,6,2,2)
r(86,0,6,3,3)
w(65,7,6,4,4)
r(3,27,6,5,5)
w(31,3,6,6,6)
r(0,128,6,7,7)
w(11,11,6,8,8)
w(0,129,6,9,9)
r(1,54,6,10,10)
r(6,20,6,11,11)
r(17,3,6,12,12)
r(4,24,6,13,13)
w(16,6,6,14,14)
w(0,130,6,15,15)
r(0,130,6,16,16)
r(97,2,6,17,17)
w(0,131,6,18,18)
r(9,9,6,19,19)
r(0,131,6,20,20)
w(72,2,6,21,21)
w(0,132,6,22,22)
w(1,55,6,23,23)
r(19,7,6,24,24)
r(7,12,6,25,25)
r(40,3,6,26,26)
w(41,4,6,27,27)
w(11,12,6,28,28)
w(81,1,6,29,29)
w(0,133,6,30,30)
w(80,3,6,31,31)
w(19,8,6,32,32)
w(6,21,6,33,33)
w(0,134,6,34,34)
w(30,2,6,35,35)
r(23,8,6,36,36)
r(0,134,6,37,37)
w(29,8,6,38,38)
w(18,10,6,39,39)
r(1,55,6,40,40)
r(38,4,6,41,41)
r(49,4,6,42,42)
r(1,55,6,43,43)
r(17,3,6,44,44)
r(99,0,6,45,45)
w(6,22,6,46,46)
w(8,19,6,47,47)
w(5,24,6,48,48)
r(1,55,6,49,49)
r(17,3,6,50,50)
w(0,135,6,51,51)
w(0,136,6,52,52)
r(1,55,6,53,53)
w(1,56,6,54,54)
r(39,2,6,55,55)
r(68,2,6,56,56)
w(23,9,6,57,57)
w(0,137,6,58,58)
w(2,43,6,59,59)
r(29,8,6,60,60)
w(34,8,6,61,61)
w(3,28,6,62,62)
w(9,10,6,63,63)
r(59,4,6,64,64)
w(0,138,6,65,65)
r(1,56,6,66,66)
w(12,17,6,67,67)
w(5,25,6,68,68)
w(1,57,6,69,69)
w(1,58,6,70,70)
w(1,59,6,71,71)
w(38,5,6,72,72)
w(1,60,6,73,73)
w(4,25,6,74,74)
r(99,0,6,75,75)
w(15,8,6,76,76)
r(1,60,6,77,77)
r(8,19,6,78,78)
r(1,60,6,79,79)
r(12,17,6,80,80)
r(0,138,6,81,81)
w(39,3,6,82,82)
w(24,3,6,83,83)
w(5,26,6,84,84)
w(41,5,6,85,85)
w(3,29,6,86,86)
r(2,43,6,87,87)
r(22,4,6,88,88)
w(29,9,6,89,89)
w(45,3,6,90,90)
r(56,1,6,91,91)
r(53,0,6,92,92)
w(0,139,6,93,93)
w(3,30,6,94,94)
r(3,30,6,95,95)
r(48,4,6,96,96)
w(12,18,6,97,97)
r(0,139,6,98,98)
r(7,12,6,99,99)
r(0,139,6,100,100)
w(1,61,6,101,101)
w(7,13,6,102,102)
r(1,61,6,103,103)
r(4,25,6,104,104)
r(1,61,6,105,105)
w(38,6,6,106,106)
r(93,1,6,107,107)
r(0,139,6,108,108)
w(0,140,6,109,109)
w(3,31,6,110,110)
r(2,43,6,111,111)
r(12,18,6,112,112)
w(0,141,6,113,113)
r(92,0,6,114,114)
r(0,141,6,115,115)
w(76,3,6,116,116)
r(16,6,6,117,117)
r(1,61,6,118,118)
r(15,8,6,119,119)
r(2,43,6,120,120)
r(11,12,6,121,121)
w(36,3,6,122,122)
r(10,12,6,123,123)
w(4,26,6,124,124)
r(30,2,6,125,125)
w(90,4,6,126,126)
w(15,9,6,127,127)
w(54,1,6,128,128)
r(15,9,6,129,129)
r(1,61,6,130,130)
r(84,2,6,131,131)
r(68,2,6,132,132)
r(19,8,6,133,133)
r(40,3,6,134,134)
r(63,3,6,135,135)
r(0,141,6,136,136)
w(69,6,6,137,137)
w(52,4,6,138,138)
w(0,142,6,139,139)
w(13,6,6,140,140)
w(69,7,6,141,141)
w(17,4,6,142,142)
r(0,142,6,143,143)
w(0,143,6,144,144)
r(0,143,6,145,145)
r(33,1,6,146,146)
r(1,61,6,147,147)
r(15,9,6,148,148)
w(0,144,6,149,149)
r(1,61,6,150,150)
w(0,145,6,151,151)
w(84,3,6,152,152)
r(7,13,6,153,153)
w(53,1,6,154,154)
w(54,2,6,155,155)
w(0,146,6,156,156)
w(2,44,6,157,157)
w(24,4,6,158,158)
w(80,4,6,159,159)
r(1,61,6,160,160)
w(10,13,6,161,161)
w(81,2,6,162,162)
r(26,3,6,163,163)
r(21,5,6,164,164)
w(2,45,6,165,165)
w(3,32,6,166,166)
w(0,147,6,167,167)
w(0,148,6,168,168)
r(4,26,6,169,169)
w(0,149,6,170,170)
r(3,32,6,171,171)
r(17,4,6,172,172)
r(95,0,6,173,173)
w(23,10,6,174,174)
w(9,11,6,175,175)
w(52,5,6,176,176)
w(43,2,6,177,177)
r(27,3,6,178,178)
w(23,11,6,179,179)
r(45,3,6,180,180)
r(1,61,6,181,181)
w(58,1,6,182,182)
w(8,20,6,183,183)
r(0,149,6,184,184)
r(3,32,6,185,185)
w(37,5,6,186,186)
w(0,150,6,187,187)
w(0,151,6,188,188)
r(1,61,6,189,189)
w(1,62,6,190,190)
w(1,63,6,191,191)
w(0,152,6,192,192)
r(12,18,6,193,193)
r(3,32,6,194,194)
w(84,4,6,195,195)
w(0,153,6,196,196)
w(2,46,6,197,197)
r(0,153,6,198,198)
w(32,2,6,199,199)
r(4,26,7,0,0)
r(3,32,7,1,1)
r(53,1,7,2,2)
w(8,21,7,3,3)
w(15,10,7,4,4)
r(0,153,7,5,5)
r(14,8,7,6,6)
r(2,46,7,7,7)
w(12,19,7,8,8)
w(2,47,7,9,9)
r(54,2,7,10,10)
r(3,32,7,11,11)
w(0,154,7,12,12)
r(9,11,7,13,13)
w(3,33,7,14,14)
w(4,27,7,15,15)
r(10,13,7,16,16)
w(8,22,7,17,17)
r(0,154,7,18,18)
w(15,11,7,19,19)
w(6,23,7,20,20)
r(21,5,7,21,21)
w(0,155,7,22,22)
r(83,2,7,23,23)
r(0,155,7,24,24)
r(31,3,7,25,25)
r(77,0,7,26,26)
w(0,156,7,27,27)
r(9,11,7,28,28)
w(2,48,7,29,29)
w(41,6,7,30,30)
w(12,20,7,31,31)
w(8,23,7,32,32)
w(5,27,7,33,33)
r(0,156,7,34,34)
w(36,4,7,35,35)
r(1,63,7,36,36)
w(42,2,7,37,37)
w(96,4,7,38,38)
r(55,3,7,39,39)
r(97,2,7,40,40)
w(44,5,7,41,41)
w(11,13,7,42,42)
r(92,0,7,43,43)
r(4,27,7,44,44)
w(72,3,7,45,45)
r(11,13,7,46,46)
w(44,6,7,47,47)
w(0,157,7,48,48)
w(22,5,7,49,49)
w(7,14,7,50,50)
r(3,33,7,51,51)
w(5,28,7,52,52)
w(16,7,7,53,53)
w(0,158,7,54,54)
w(0,159,7,55,55)
w(93,2,7,56,56)
w(0,160,7,57,57)
r(76,3,7,58,58)
r(1,63,7,59,59)
r(6,23,7,60,60)
w(2,49,7,61,61)
w(4,28,7,62,62)
w(1,64,7,63,63)
r(0,160,7,64,64)
r(8,23,7,65,65)
w(15,12,7,66,66)
r(12,20,7,67,67)
r(1,64,7,68,68)
w(0,161,7,69,69)
r(22,5,7,70,70)
w(40,4,7,71,71)
w(9,12,7,72,72)
r(2,49,7,73,73)
r(0,161,7,74,74)
r(5,28,7,75,75)
w(2,50,7,76,76)
r(0,161,7,77,77)
r(11,13,7,78,78)
r(13,6,7,79,79)
r(3,33,7,80,80)
r(23,11,7,81,81)
w(29,10,7,82,82)
r(33,1,7,83,83)
w(40,5,7,84,84)
w(96,5,7,85,85)
w(37,6,7,86,86)
r(7,14,7,87,87)
w(0,162,7,88,88)
w(64,2,7,89,89)
w(1,65,7,90,90)
r(72,3,7,91,91)
w(0,163,7,92,92)
w(15,13,7,93,93)
w(0,164,7,94,94)
r(0,164,7,95,95)
r(8,23,7,96,96)
r(13,6,7,97,97)
r(26,3,7,98,98)
w(57,4,7,99,99)
r(41,6,7,100,100)
w(0,165,7,101,101)
r(30,2,7,102,102)
r(51,2,7,103,103)
r(34,8,7,104,104)
w(62,2,7,105,105)
r(95,0,7,106,106)
r(7,14,7,107,107)
r(0,165,7,108,108)
r(9,12,7,109,109)
w(13,7,7,110,110)
w(0,166,7,111,111)
r(0,166,7,112,112)
r(2,50,7,113,113)
r(1,65,7,114,114)
r(10,13,7,115,115)
w(18,11,7,116,116)
w(7,15,7,117,117)
w(12,21,7,118,118)
w(25,4,7,119,119)
w(37,7,7,120,120)
r(1,65,7,121,121)
w(30,3,7,122,122)
w(1,66,7,123,123)
w(8,24,7,124,124)
r(0,166,7,125,125)
r(36,4,7,126,126)
w(79,2,7,127,127)
w(0,167,7,128,128)
r(28,4,7,129,129)
r(27,3,7,130,130)
r(26,3,7,131,131)
r(0,167,7,132,132)
w(1,67,7,133,133)
w(3,34,7,134,134)
w(56,2,7,135,135)
w(3,35,7,136,136)
w(38,7,7,137,137)
w(22,6,7,138,138)
w(11,14,7,139,139)
r(31,3,7,140,140)
r(83,2,7,141,141)
w(37,8,7,142,142)
w(0,168,7,143,143)
w(1,68,7,144,144)
w(17,5,7,145,145)
r(55,3,7,146,146)
w(0,169,7,147,147)
r(80,4,7,148,148)
r(48,4,7,149,149)
w(15,14,7,150,150)
w(14,9,7,151,151)
r(0,169,7,152,152)
w(33,2,7,153,153)
w(2,51,7,154,154)
w(10,14,7,155,155)
r(71,1,7,156,156)
r(1,68,7,157,157)
w(17,6,7,158,158)
w(56,3,7,159,159)
r(63,3,7,160,160)
w(33,3,7,161,161)
r(17,6,7,162,162)
w(15,15,7,163,163)
r(1,68,7,164,164)
r(3,35,7,165,165)
w(0,170,7,166,166)
w(2,52,7,167,167)
w(0,171,7,168,168)
w(42,3,7,169,169)
r(16,7,7,170,170)
r(20,8,7,171,171)
r(73,2,7,172,172)
w(4,29,7,173,173)
w(9,13,7,174,174)
w(0,172,7,175,175)
r(5,28,7,176,176)
r(61,1,7,177,177)
w(31,4,7,178,178)
r(1,68,7,179,179)
w(83,3,7,180,180)
w(75,5,7,181,181)
r(27,3,7,182,182)
w(20,9,7,183,183)
r(2,52,7,184,184)
r(0,172,7,185,185)
w(23,12,7,186,186)
r(39,3,7,187,187)
r(9,13,7,188,188)
w(24,5,7,189,189)
r(0,172,7,190,190)
r(6,23,7,191,191)
r(44,6,7,192,192)
r(0,172,7,193,193)
w(68,3,7,194,194)
r(0,172,7,195,195)
r(25,4,7,196,196)
w(2,53,7,197,197)
r(83,3,7,198,198)
r(0,172,7,199,199)
r(1,68,8,0,0)
w(0,173,8,1,1)
w(0,174,8,2,2)
w(1,69,8,3,3)
r(0,174,8,4,4)
w(10,15,8,5,5)
w(98,2,8,6,6)
r(0,174,8,7,7)
w(1,70,8,8,8)
w(4,30,8,9,9)
w(1,71,8,10,10)
w(2,54,8,11,11)
r(3,35,8,12,12)
w(3,36,8,13,13)
w(22,7,8,14,14)
r(2,54,8,15,15)
w(3,37,8,16,16)
r(18,11,8,17,17)
w(0,175,8,18,18)
w(3,38,8,19,19)
r(2,54,8,20,20)
r(4,30,8,21,21)
r(37,8,8,22,22)
w(39,4,8,23,23)
w(2,55,8,24,24)
r(0,175,8,25,25)
w(88,1,8,26,26)
r(28,4,8,27,27)
r(62,2,8,28,28)
r(79,2,8,29,29)
r(1,71,8,30,30)
w(11,15,8,31,31)
w(2,56,8,32,32)
w(10,16,8,33,33)
r(75,5,8,34,34)
w(8,25,8,35,35)
w(18,12,8,36,36)
w(2,57,8,37,37)
r(0,175,8,38,38)
r(65,7,8,39,39)
w(1,72,8,40,40)
r(11,15,8,41,41)
r(0,175,8,42,42)
w(33,4,8,43,43)
w(4,31,8,44,44)
r(0,175,8,45,45)
w(34,9,8,46,46)
r(27,3,8,47,47)
r(2,57,8,48,48)
w(71,2,8,49,49)
w(3,39,8,50,50)
r(2,57,8,51,51)
w(2,58,8,52,52)
r(5,28,8,53,53)
r(2,58,8,54,54)
r(10,16,8,55,55)
w(1,73,8,56,56)
r(1,73,8,57,57)
w(0,176,8,58,58)
w(41,7,8,59,59)
r(3,39,8,60,60)
w(17,7,8,61,61)
r(1,73,8,62,62)
r(0,176,8,63,63)
r(2,58,8,64,64)
r(1,73,8,65,65)
w(5,29,8,66,66)
w(5,30,8,67,67)
r(32,2,8,68,68)
r(37,8,8,69,69)
w(41,8,8,70,70)
r(1,73,8,71,71)
w(0,177,8,72,72)
w(0,178,8,73,73)
r(13,7,8,74,74)
r(22,7,8,75,75)
r(25,4,8,76,76)
w(11,16,8,77,77)
r(2,58,8,78,78)
w(1,74,8,79,79)
w(43,3,8,80,80)
w(23,13,8,81,81)
w(17,8,8,82,82)
w(0,179,8,83,83)
w(0,180,8,84,84)
w(7,16,8,85,85)
w(0,181,8,86,86)
r(78,1,8,87,87)
w(25,5,8,88,88)
w(24,6,8,89,89)
w(3,40,8,90,90)
r(0,181,8,91,91)
w(3,41,8,92,92)
r(7,16,8,93,93)
r(17,8,8,94,94)
w(2,59,8,95,95)
r(3,41,8,96,96)
w(4,32,8,97,97)
w(1,75,8,98,98)
w(37,9,8,99,99)
w(13,8,8,100,100)
w(8,26,8,101,101)
w(5,31,8,102,102)
r(55,3,8,103,103)
r(4,32,8,104,104)
r(7,16,8,105,105)
r(6,23,8,106,106)
r(52,5,8,107,107)
w(27,4,8,108,108)
w(42,4,8,109,109)
w(7,17,8,110,110)
w(1,76,8,111,111)
r(8,26,8,112,112)
w(9,14,8,113,113)
w(61,2,8,114,114)
w(34,10,8,115,115)
w(32,3,8,116,116)
w(12,22,8,117,117)
r(0,181,8,118,118)
w(5,32,8,119,119)
r(17,8,8,120,120)
r(8,26,8,121,121)
w(27,5,8,122,122)
w(5,33,8,123,123)
w(9,15,8,124,124)
r(74,1,8,125,125)
w(33,5,8,126,126)
w(98,3,8,127,127)
r(24,6,8,128,128)
r(15,15,8,129,129)
w(84,5,8,130,130)
w(0,182,8,131,131)
w(0,183,8,132,132)
r(0,183,8,133,133)
w(1,77,8,134,134)
r(1,77,8,135,135)
w(1,78,8,136,136)
w(1,79,8,137,137)
r(1,79,8,138,138)
w(79,3,8,139,139)
w(45,4,8,140,140)
w(16,8,8,141,141)
w(18,13,8,142,142)
w(8,27,8,143,143)
r(35,2,8,144,144)
r(0,183,8,145,145)
w(4,33,8,146,146)
w(9,16,8,147,147)
r(0,183,8,148,148)
w(0,184,8,149,149)
r(99,0,8,150,150)
w(1,80,8,151,151)
w(12,23,8,152,152)
w(5,34,8,153,153)
w(0,185,8,154,154)
w(0,186,8,155,155)
r(8,27,8,156,156)
w(0,187,8,157,157)
r(0,187,8,158,158)
w(1,81,8,159,159)
w(29,11,8,160,160)
w(38,8,8,161,161)
r(74,1,8,162,162)
r(50,1,8,163,163)
r(3,41,8,164,164)
w(10,17,8,165,165)
w(3,42,8,166,166)
w(34,11,8,167,167)
r(13,8,8,168,168)
r(0,187,8,169,169)
w(2,60,8,170,170)
r(0,187,8,171,171)
r(22,7,8,172,172)
w(1,82,8,173,173)
r(7,17,8,174,174)
r(0,187,8,175,175)
w(4,34,8,176,176)
r(0,187,8,177,177)
w(93,3,8,178,178)
w(3,43,8,179,179)
r(0,187,8,180,180)
r(79,3,8,181,181)
r(30,3,8,182,182)
r(55,3,8,183,183)
w(67,5,8,184,184)
r(5,34,8,185,185)
w(14,10,8,186,186)
w(0,188,8,187,187)
w(0,189,8,188,188)
r(14,10,8,189,189)
w(55,4,8,190,190)
r(0,189,8,191,191)
r(36,4,8,192,192)
r(27,5,8,193,193)
w(24,7,8,194,194)
r(6,23,8,195,195)
w(5,35,8,196,196)
w(26,4,8,197,197)
w(10,18,8,198,198)
r(18,13,8,199,199)
r(26,4,9,0,0)
r(10,18,9,1,1)
r(0,189,9,2,2)
w(0,190,9,3,3)
w(2,61,9,4,4)
r(2,61,9,5,5)
w(0,191,9,6,6)
r(8,27,9,7,7)
w(12,24,9,8,8)
w(27,6,9,9,9)
w(6,24,9,10,10)
w(6,25,9,11,11)
r(42,4,9,12,12)
w(0,192,9,13,13)
w(13,9,9,14,14)
r(1,82,9,15,15)
r(1,82,9,16,16)
r(0,192,9,17,17)
r(68,3,9,18,18)
w(9,17,9,19,19)
r(2,61,9,20,20)
r(2,61,9,21,21)
r(16,8,9,22,22)
w(53,2,9,23,23)
w(0,193,9,24,24)
r(7,17,9,25,25)
w(2,62,9,26,26)
w(20,10,9,27,27)
r(68,3,9,28,28)
r(5,35,9,29,29)
w(3,44,9,30,30)
w(83,4,9,31,31)
r(7,17,9,32,32)
w(0,194,9,33,33)
w(0,195,9,34,34)
w(28,5,9,35,35)
r(38,8,9,36,36)
r(13,9,9,37,37)
r(1,82,9,38,38)
w(0,196,9,39,39)
w(2,63,9,40,40)
w(40,6,9,41,41)
w(0,197,9,42,42)
r(8,27,9,43,43)
r(2,63,9,44,44)
r(2,63,9,45,45)
r(5,35,9,46,46)
w(29,12,9,47,47)
w(0,198,9,48,48)
w(1,83,9,49,49)
r(3,44,9,50,50)
w(0,199,9,51,51)
w(40,7,9,52,52)
w(10,19,9,53,53)
r(0,199,9,54,54)
w(94,1,9,55,55)
w(1,84,9,56,56)
r(1,84,9,57,57)
w(4,35,9,58,58)
w(1,85,9,59,59)
w(13,10,9,60,60)
r(3,44,9,61,61)
r(0,199,9,62,62)
r(0,199,9,63,63)
w(2,64,9,64,64)
r(29,12,9,65,65)
r(54,2,9,66,66)
r(0,199,9,67,67)
r(32,3,9,68,68)
w(7,18,9,69,69)
w(34,12,9,70,70)
w(11,17,9,71,71)
r(3,44,9,72,72)
r(47,3,9,73,73)
r(50,1,9,74,74)
w(2,65,9,75,75)
w(1,86,9,76,76)
r(0,199,9,77,77)
w(55,5,9,78,78)
w(21,6,9,79,79)
r(2,65,9,80,80)
w(6,26,9,81,81)
w(64,3,9,82,82)
r(5,35,9,83,83)
r(11,17,9,84,84)
w(5,36,9,85,85)
w(25,6,9,86,86)
w(19,9,9,87,87)
r(23,13,9,88,88)
w(56,4,9,89,89)
w(0,200,9,90,90)
w(0,201,9,91,91)
w(2,66,9,92,92)
w(15,16,9,93,93)
w(0,202,9,94,94)
r(79,3,9,95,95)
w(4,36,9,96,96)
w(57,5,9,97,97)
r(39,4,9,98,98)
w(86,1,9,99,99)
w(4,37,9,100,100)
w(76,4,9,101,101)
w(0,203,9,102,102)
w(3,45,9,103,103)
w(6,27,9,104,104)
w(7,19,9,105,105)
w(1,87,9,106,106)
w(52,6,9,107,107)
r(2,66,9,108,108)
r(0,203,9,109,109)
r(20,10,9,110,110)
r(33,5,9,111,111)
r(93,3,9,112,112)
w(9,18,9,113,113)
r(82,2,9,114,114)
w(15,17,9,115,115)
r(2,66,9,116,116)
r(8,27,9,117,117)
r(5,36,9,118,118)
r(8,27,9,119,119)
w(11,18,9,120,120)
w(28,6,9,121,121)
w(0,204,9,122,122)
w(3,46,9,123,123)
r(87,1,9,124,124)
w(16,9,9,125,125)
w(14,11,9,126,126)
w(3,47,9,127,127)
w(18,14,9,128,128)
w(1,88,9,129,129)
w(16,10,9,130,130)
r(1,88,9,131,131)
r(0,204,9,132,132)
r(0,204,9,133,133)
r(2,66,9,134,134)
r(21,6,9,135,135)
r(8,27,9,136,136)
w(31,5,9,137,137)
r(13,10,9,138,138)
w(25,7,9,139,139)
w(9,19,9,140,140)
w(3,48,9,141,141)
w(10,20,9,142,142)
r(1,88,9,143,143)
w(43,4,9,144,144)
r(0,204,9,145,145)
w(11,19,9,146,146)
r(3,48,9,147,147)
w(78,2,9,148,148)
w(9,20,9,149,149)
r(2,66,9,150,150)
r(1,88,9,151,151)
w(11,20,9,152,152)
w(0,205,9,153,153)
w(0,206,9,154,154)
w(17,9,9,155,155)
r(4,37,9,156,156)
w(2,67,9,157,157)
r(0,206,9,158,158)
w(40,8,9,159,159)
w(3,49,9,160,160)
r(12,24,9,161,161)
r(2,67,9,162,162)
r(1,88,9,163,163)
w(9,21,9,164,164)
w(4,38,9,165,165)
w(1,89,9,166,166)
w(2,68,9,167,167)
w(20,11,9,168,168)
r(7,19,9,169,169)
w(0,207,9,170,170)
r(3,49,9,171,171)
r(38,8,9,172,172)
w(64,4,9,173,173)
r(15,17,9,174,174)
r(12,24,9,175,175)
r(6,27,9,176,176)
r(0,207,9,177,177)
w(2,69,9,178,178)
w(6,28,9,179,179)
r(4,38,9,180,180)
r(72,3,9,181,181)
w(7,20,9,182,182)
w(8,28,9,183,183)
w(39,5,9,184,184)
r(2,69,9,185,185)
w(0,208,9,186,186)
w(39,6,9,187,187)
w(14,12,9,188,188)
w(5,37,9,189,189)
r(80,4,9,190,190)
w(63,4,9,191,191)
w(0,209,9,192,192)
r(0,209,9,193,193)
r(9,21,9,194,194)
w(2,70,9,195,195)
w(9,22,9,196,196)
r(84,5,9,197,197)
r(1,89,9,198,198)
r(1,89,9,199,199)
w(1,90,10,0,0)
w(0,210,10,1,1)
r(50,1,10,2,2)
r(4,38,10,3,3)
r(3,49,10,4,4)
r(0,210,10,5,5)
w(70,1,10,6,6)
r(13,10,10,7,7)
w(87,2,10,8,8)
r(1,90,10,9,9)
w(2,71,10,10,10)
w(2,72,10,11,11)
w(26,5,10,12,12)
w(8,29,10,13,13)
w(15,18,10,14,14)
r(2,72,10,15,15)
w(3,50,10,16,16)
r(29,12,10,17,17)
r(20,11,10,18,18)
w(9,23,10,19,19)
r(95,0,10,20,20)
w(2,73,10,21,21)
r(3,50,10,22,22)
r(91,3,10,23,23)
w(19,10,10,24,24)
w(1,91,10,25,25)
w(0,211,10,26,26)
r(11,20,10,27,27)
r(94,1,10,28,28)
w(17,10,10,29,29)
w(1,92,10,30,30)
w(0,212,10,31,31)
r(0,212,10,32,32)
w(52,7,10,33,33)
w(1,93,10,34,34)
w(1,94,10,35,35)
r(25,7,10,36,36)
r(83,4,10,37,37)
w(50,2,10,38,38)
r(36,4,10,39,39)
w(14,13,10,40,40)
w(1,95,10,41,41)
w(1,96,10,42,42)
w(0,213,10,43,43)
w(0,214,10,44,44)
r(0,214,10,45,45)
w(1,97,10,46,46)
w(4,39,10,47,47)
r(12,24,10,48,48)
r(0,214,10,49,49)
w(12,25,10,50,50)
w(53,3,10,51,51)
w(0,215,10,52,52)
w(22,8,10,53,53)
w(3,51,10,54,54)
w(5,38,10,55,55)
w(2,74,10,56,56)
r(0,215,10,57,57)
r(0,215,10,58,58)
w(15,19,10,59,59)
r(1,97,10,60,60)
r(1,97,10,61,61)
w(0,216,10,62,62)
r(0,216,10,63,63)
r(43,4,10,64,64)
w(34,13,10,65,65)
w(1,98,10,66,66)
r(94,1,10,67,67)
r(9,23,10,68,68)
w(21,7,10,69,69)
r(0,216,10,70,70)
w(1,99,10,71,71)
w(36,5,10,72,72)
w(1,100,10,73,73)
w(1,101,10,74,74)
r(15,19,10,75,75)
r(0,216,10,76,76)
w(2,75,10,77,77)
r(92,0,10,78,78)
r(0,216,10,79,79)
w(2,76,10,80,80)
w(42,5,10,81,81)
w(0,217,10,82,82)
r(50,2,10,83,83)
w(0,218,10,84,84)
w(74,2,10,85,85)
r(18,14,10,86,86)
r(0,218,10,87,87)
w(4,40,10,88,88)
r(5,38,10,89,89)
w(1,102,10,90,90)
w(51,3,10,91,91)
w(0,219,10,92,92)
r(16,10,10,93,93)
r(7,20,10,94,94)
w(11,21,10,95,95)
w(0,220,10,96,96)
r(21,7,10,97,97)
w(6,29,10,98,98)
r(14,13,10,99,99)
r(0,220,10,100,100)
r(7,20,10,101,101)
w(1,103,10,102,102)
r(26,5,10,103,103)
w(0,221,10,104,104)
r(11,21,10,105,105)
r(20,11,10,106,106)
w(66,3,10,107,107)
r(10,20,10,108,108)
w(51,4,10,109,109)
w(69,8,10,110,110)
r(85,3,10,111,111)
w(88,2,10,112,112)
r(2,76,10,113,113)
r(54,2,10,114,114)
r(25,7,10,115,115)
w(53,4,10,116,116)
r(23,13,10,117,117)
r(2,76,10,118,118)
w(5,39,10,119,119)
w(0,222,10,120,120)
r(0,222,10,121,121)
w(35,3,10,122,122)
r(0,222,10,123,123)
w(1,104,10,124,124)
w(3,52,10,125,125)
w(67,6,10,126,126)
r(2,76,10,127,127)
w(20,12,10,128,128)
r(70,1,10,129,129)
w(72,4,10,130,130)
w(1,105,10,131,131)
w(24,8,10,132,132)
r(2,76,10,133,133)
w(3,53,10,134,134)
w(0,223,10,135,135)
r(1,105,10,136,136)
r(0,223,10,137,137)
r(57,5,10,138,138)
w(25,8,10,139,139)
w(11,22,10,140,140)
w(31,6,10,141,141)
r(21,7,10,142,142)
r(39,6,10,143,143)
w(0,224,10,144,144)
r(1,105,10,145,145)
w(0,225,10,146,146)
w(24,9,10,147,147)
w(21,8,10,148,148)
r(11,22,10,149,149)
w(22,9,10,150,150)
r(0,225,10,151,151)
w(1,106,10,152,152)
w(1,107,10,153,153)
w(74,3,10,154,154)
w(8,30,10,155,155)
r(0,225,10,156,156)
w(28,7,10,157,157)
r(5,39,10,158,158)
w(71,3,10,159,159)
r(3,53,10,160,160)
w(2,77,10,161,161)
r(3,53,10,162,162)
w(9,24,10,163,163)
w(8,31,10,164,164)
w(1,108,10,165,165)
r(0,225,10,166,166)
r(0,225,10,167,167)
r(67,6,10,168,168)
r(0,225,10,169,169)
w(11,23,10,170,170)
w(1,109,10,171,171)
w(27,7,10,172,172)
r(2,77,10,173,173)
w(23,14,10,174,174)
w(1,110,10,175,175)
r(2,77,10,176,176)
r(76,4,10,177,177)
r(0,225,10,178,178)
w(79,4,10,179,179)
w(8,32,10,180,180)
w(83,5,10,181,181)
r(0,225,10,182,182)
w(0,226,10,183,183)
w(33,6,10,184,184)
r(22,9,10,185,185)
w(12,26,10,186,186)
w(0,227,10,187,187)
r(11,23,10,188,188)
r(9,24,10,189,189)
w(57,6,10,190,190)
r(2,77,10,191,191)
r(2,77,10,192,192)
w(17,11,10,193,193)
r(4,40,10,194,194)
r(5,39,10,195,195)
w(40,9,10,196,196)
r(91,3,10,197,197)
w(73,3,10,198,198)
w(1,111,10,199,199)
r(7,20,11,0,0)
r(0,227,11,1,1)
r(1,111,11,2,2)
w(17,12,11,3,3)
w(24,10,11,4,4)
r(3,53,11,5,5)
r(17,12,11,6,6)
r(1,111,11,7,7)
w(1,112,11,8,8)
w(5,40,11,9,9)
r(7,20,11,10,10)
w(2,78,11,11,11)
w(3,54,11,12,12)
w(21,9,11,13,13)
r(8,32,11,14,14)
w(22,10,11,15,15)
r(43,4,11,16,16)
w(92,1,11,17,17)
w(81,3,11,18,18)
r(0,227,11,19,19)
w(12,27,11,20,20)
w(4,41,11,21,21)
r(0,227,11,22,22)
r(91,3,11,23,23)
r(0,227,11,24,24)
r(1,112,11,25,25)
r(10,20,11,26,26)
w(0,228,11,27,27)
w(56,5,11,28,28)
r(0,228,11,29,29)
w(26,6,11,30,30)
r(20,12,11,31,31)
w(40,10,11,32,32)
w(0,229,11,33,33)
r(4,41,11,34,34)
r(8,32,11,35,35)
w(54,3,11,36,36)
w(78,3,11,37,37)
r(1,112,11,38,38)
r(32,3,11,39,39)
w(89,1,11,40,40)
w(61,3,11,41,41)
r(2,78,11,42,42)
r(2,78,11,43,43)
r(3,54,11,44,44)
w(28,8,11,45,45)
w(11,24,11,46,46)
w(0,230,11,47,47)
r(3,54,11,48,48)
r(9,24,11,49,49)
r(1,112,11,50,50)
w(32,4,11,51,51)
r(28,8,11,52,52)
r(32,4,11,53,53)
w(31,7,11,54,54)
r(11,24,11,55,55)
w(62,3,11,56,56)
w(72,5,11,57,57)
r(9,24,11,58,58)
w(24,11,11,59,59)
r(4,41,11,60,60)
w(15,20,11,61,61)
w(6,30,11,62,62)
w(39,7,11,63,63)
w(81,4,11,64,64)
w(0,231,11,65,65)
r(1,112,11,66,66)
w(68,4,11,67,67)
w(88,3,11,68,68)
w(0,232,11,69,69)
w(1,113,11,70,70)
w(0,233,11,71,71)
r(21,9,11,72,72)
w(1,114,11,73,73)
r(3,54,11,74,74)
w(71,4,11,75,75)
w(35,4,11,76,76)
r(2,78,11,77,77)
r(0,233,11,78,78)
w(13,11,11,79,79)
r(59,4,11,80,80)
w(4,42,11,81,81)
w(10,21,11,82,82)
w(5,41,11,83,83)
r(76,4,11,84,84)
r(14,13,11,85,85)
r(14,13,11,86,86)
r(21,9,11,87,87)
r(14,13,11,88,88)
w(14,14,11,89,89)
r(3,54,11,90,90)
r(17,12,11,91,91)
r(5,41,11,92,92)
r(1,114,11,93,93)
w(3,55,11,94,94)
r(9,24,11,95,95)
w(1,115,11,96,96)
r(0,233,11,97,97)
r(20,12,11,98,98)
r(12,27,11,99,99)
w(13,12,11,100,100)
r(2,78,11,101,101)
r(74,3,11,102,102)
w(29,13,11,103,103)
r(24,11,11,104,104)
w(2,79,11,105,105)
w(9,25,11,106,106)
r(25,8,11,107,107)
r(4,42,11,108,108)
w(7,21,11,109,109)
r(1,115,11,110,110)
w(2,80,11,111,111)
w(30,4,11,112,112)
r(1,115,11,113,113)
r(26,6,11,114,114)
r(0,233,11,115,115)
r(8,32,11,116,116)
r(57,6,11,117,117)
r(34,13,11,118,118)
w(7,22,11,119,119)
w(4,43,11,120,120)
w(0,234,11,121,121)
r(3,55,11,122,122)
r(0,234,11,123,123)
r(1,115,11,124,124)
w(10,22,11,125,125)
r(9,25,11,126,126)
r(36,5,11,127,127)
r(18,14,11,128,128)
r(53,4,11,129,129)
w(4,44,11,130,130)
w(3,56,11,131,131)
r(0,234,11,132,132)
w(1,116,11,133,133)
r(4,44,11,134,134)
r(77,0,11,135,135)
r(0,234,11,136,136)
r(22,10,11,137,137)
w(14,15,11,138,138)
r(89,1,11,139,139)
r(66,3,11,140,140)
w(7,23,11,141,141)
r(62,3,11,142,142)
w(0,235,11,143,143)
w(4,45,11,144,144)
r(20,12,11,145,145)
w(31,8,11,146,146)
r(13,12,11,147,147)
w(13,13,11,148,148)
r(2,80,11,149,149)
w(8,33,11,150,150)
w(1,117,11,151,151)
r(0,235,11,152,152)
r(2,80,11,153,153)
r(0,235,11,154,154)
w(72,6,11,155,155)
w(0,236,11,156,156)
w(96,6,11,157,157)
w(7,24,11,158,158)
w(58,2,11,159,159)
w(1,118,11,160,160)
w(2,81,11,161,161)
r(63,4,11,162,162)
r(21,9,11,163,163)
w(0,237,11,164,164)
r(31,8,11,165,165)
w(63,5,11,166,166)
w(7,25,11,167,167)
w(0,238,11,168,168)
r(0,238,11,169,169)
r(80,4,11,170,170)
w(13,14,11,171,171)
w(10,23,11,172,172)
r(14,15,11,173,173)
w(1,119,11,174,174)
r(69,8,11,175,175)
r(2,81,11,176,176)
r(2,81,11,177,177)
r(0,238,11,178,178)
w(11,25,11,179,179)
w(0,239,11,180,180)
w(15,21,11,181,181)
w(2,82,11,182,182)
w(2,83,11,183,183)
r(0,239,11,184,184)
w(8,34,11,185,185)
r(0,239,11,186,186)
r(30,4,11,187,187)
w(54,4,11,188,188)
w(33,7,11,189,189)
r(23,14,11,190,190)
r(69,8,11,191,191)
w(0,240,11,192,192)
r(13,14,11,193,193)
r(26,6,11,194,194)
w(22,11,11,195,195)
w(0,241,11,196,196)
r(4,45,11,197,197)
r(3,56,11,198,198)
r(47,3,11,199,199)
r(5,41,12,0,0)
r(61,3,12,1,1)
r(8,34,12,2,2)
w(1,120,12,3,3)
w(1,121,12,4,4)
w(73,4,12,5,5)
r(1,121,12,6,6)
r(1,121,12,7,7)
r(99,0,12,8,8)
r(26,6,12,9,9)
r(5,41,12,10,10)
w(0,242,12,11,11)
w(63,6,12,12,12)
r(6,30,12,13,13)
r(66,3,12,14,14)
r(4,45,12,15,15)
r(24,11,12,16,16)
w(6,31,12,17,17)
r(1,121,12,18,18)
r(40,10,12,19,19)
r(1,121,12,20,20)
w(0,243,12,21,21)
r(0,243,12,22,22)
r(32,4,12,23,23)
w(4,46,12,24,24)
r(6,31,12,25,25)
w(8,35,12,26,26)
w(5,42,12,27,27)
w(0,244,12,28,28)
r(33,7,12,29,29)
w(4,47,12,30,30)
r(12,27,12,31,31)
r(71,4,12,32,32)
r(89,1,12,33,33)
r(53,4,12,34,34)
w(1,122,12,35,35)
w(6,32,12,36,36)
w(0,245,12,37,37)
w(9,26,12,38,38)
r(2,83,12,39,39)
w(0,246,12,40,40)
w(47,4,12,41,41)
r(1,122,12,42,42)
w(2,84,12,43,43)
r(11,25,12,44,44)
w(9,27,12,45,45)
w(9,28,12,46,46)
r(4,47,12,47,47)
w(65,8,12,48,48)
w(1,123,12,49,49)
r(0,246,12,50,50)
r(0,246,12,51,51)
w(3,57,12,52,52)
r(9,28,12,53,53)
r(13,14,12,54,54)
r(20,12,12,55,55)
r(1,123,12,56,56)
w(11,26,12,57,57)
w(1,124,12,58,58)
r(9,28,12,59,59)
r(0,246,12,60,60)
w(5,43,12,61,61)
r(25,8,12,62,62)
w(11,27,12,63,63)
w(4,48,12,64,64)
r(47,4,12,65,65)
w(0,247,12,66,66)
r(14,15,12,67,67)
r(0,247,12,68,68)
w(49,5,12,69,69)
r(0,247,12,70,70)
r(28,8,12,71,71)
r(27,7,12,72,72)
w(9,29,12,73,73)
w(84,6,12,74,74)
w(0,248,12,75,75)
w(2,85,12,76,76)
w(4,49,12,77,77)
r(3,57,12,78,78)
r(43,4,12,79,79)
w(0,249,12,80,80)
w(11,28,12,81,81)
w(0,250,12,82,82)
w(0,251,12,83,83)
w(1,125,12,84,84)
r(0,251,12,85,85)
w(29,14,12,86,86)
w(99,1,12,87,87)
w(3,58,12,88,88)
r(67,6,12,89,89)
w(10,24,12,90,90)
r(9,29,12,91,91)
r(11,28,12,92,92)
r(6,32,12,93,93)
r(12,27,12,94,94)
w(4,50,12,95,95)
w(97,3,12,96,96)
r(2,85,12,97,97)
r(0,251,12,98,98)
w(87,3,12,99,99)
r(12,27,12,100,100)
r(13,14,12,101,101)
w(5,44,12,102,102)
r(0,251,12,103,103)
w(51,5,12,104,104)
w(10,25,12,105,105)
r(17,12,12,106,106)
r(24,11,12,107,107)
w(7,26,12,108,108)
w(3,59,12,109,109)
r(3,59,12,110,110)
w(0,252,12,111,111)
r(31,8,12,112,112)
r(79,4,12,113,113)
r(8,35,12,114,114)
r(0,252,12,115,115)
w(18,15,12,116,116)
r(15,21,12,117,117)
r(3,59,12,118,118)
r(58,2,12,119,119)
w(7,27,12,120,120)
w(7,28,12,121,121)
w(8,36,12,122,122)
r(61,3,12,123,123)
w(0,253,12,124,124)
r(1,125,12,125,125)
w(48,5,12,126,126)
w(62,4,12,127,127)
r(13,14,12,128,128)
w(2,86,12,129,129)
r(0,253,12,130,130)
r(69,8,12,131,131)
w(1,126,12,132,132)
r(8,36,12,133,133)
r(1,126,12,134,134)
r(15,21,12,135,135)
r(0,253,12,136,136)
w(2,87,12,137,137)
r(49,5,12,138,138)
w(11,29,12,139,139)
w(2,88,12,140,140)
w(74,4,12,141,141)
w(26,7,12,142,142)
r(68,4,12,143,143)
w(1,127,12,144,144)
w(4,51,12,145,145)
r(19,10,12,146,146)
r(70,1,12,147,147)
w(0,254,12,148,148)
w(85,4,12,149,149)
w(11,30,12,150,150)
w(26,8,12,151,151)
w(22,12,12,152,152)
r(8,36,12,153,153)
r(0,254,12,154,154)
w(4,52,12,155,155)
w(0,255,12,156,156)
w(69,9,12,157,157)
r(86,1,12,158,158)
w(5,45,12,159,159)
r(20,12,12,160,160)
r(0,255,12,161,161)
w(18,16,12,162,162)
r(1,127,12,163,163)
r(81,4,12,164,164)
w(0,256,12,165,165)
r(1,127,12,166,166)
w(1,128,12,167,167)
r(0,256,12,168,168)
r(17,12,12,169,169)
w(1,129,12,170,170)
w(0,257,12,171,171)
w(58,3,12,172,172)
w(0,258,12,173,173)
w(1,130,12,174,174)
w(0,259,12,175,175)
r(0,259,12,176,176)
w(5,46,12,177,177)
w(6,33,12,178,178)
r(8,36,12,179,179)
w(1,131,12,180,180)
r(1,131,12,181,181)
r(0,259,12,182,182)
r(4,52,12,183,183)
r(0,259,12,184,184)
r(9,29,12,185,185)
w(1,132,12,186,186)
w(36,6,12,187,187)
w(6,34,12,188,188)
w(15,22,12,189,189)
r(15,22,12,190,190)
r(9,29,12,191,191)
w(3,60,12,192,192)
w(30,5,12,193,193)
r(0,259,12,194,194)
w(14,16,12,195,195)
r(0,259,12,196,196)
w(38,9,12,197,197)
w(19,11,12,198,198)
r(22,12,12,199,199)
w(15,23,13,0,0)
w(0,260,13,1,1)
w(0,261,13,2,2)
w(0,262,13,3,3)
r(14,16,13,4,4)
r(14,16,13,5,5)
w(0,263,13,6,6)
w(61,4,13,7,7)
w(6,35,13,8,8)
w(32,5,13,9,9)
r(0,263,13,10,10)
r(1,132,13,11,11)
w(5,47,13,12,12)
w(0,264,13,13,13)
r(0,264,13,14,14)
r(4,52,13,15,15)
w(5,48,13,16,16)
w(15,24,13,17,17)
w(45,5,13,18,18)
w(31,9,13,19,19)
r(0,264,13,20,20)
w(84,7,13,21,21)
w(10,26,13,22,22)
w(3,61,13,23,23)
w(62,5,13,24,24)
r(6,35,13,25,25)
r(21,9,13,26,26)
r(32,5,13,27,27)
w(2,89,13,28,28)
r(18,16,13,29,29)
r(4,52,13,30,30)
r(6,35,13,31,31)
w(7,29,13,32,32)
w(3,62,13,33,33)
w(0,265,13,34,34)
r(70,1,13,35,35)
w(2,90,13,36,36)
r(0,265,13,37,37)
r(1,132,13,38,38)
r(28,8,13,39,39)
w(0,266,13,40,40)
r(1,132,13,41,41)
w(0,267,13,42,42)
r(0,267,13,43,43)
r(4,52,13,44,44)
r(58,3,13,45,45)
w(0,268,13,46,46)
r(2,90,13,47,47)
w(46,1,13,48,48)
w(11,31,13,49,49)
r(4,52,13,50,50)
w(56,6,13,51,51)
w(0,269,13,52,52)
r(0,269,13,53,53)
w(4,53,13,54,54)
w(1,133,13,55,55)
w(81,5,13,56,56)
r(6,35,13,57,57)
w(36,7,13,58,58)
r(7,29,13,59,59)
r(0,269,13,60,60)
r(43,4,13,61,61)
r(24,11,13,62,62)
w(0,270,13,63,63)
r(49,5,13,64,64)
w(1,134,13,65,65)
r(0,270,13,66,66)
r(36,7,13,67,67)
r(94,1,13,68,68)
r(44,6,13,69,69)
r(2,90,13,70,70)
w(10,27,13,71,71)
r(23,14,13,72,72)
w(16,11,13,73,73)
r(0,270,13,74,74)
r(26,8,13,75,75)
r(0,270,13,76,76)
r(9,29,13,77,77)
w(7,30,13,78,78)
r(7,30,13,79,79)
r(69,9,13,80,80)
r(32,5,13,81,81)
w(27,8,13,82,82)
w(4,54,13,83,83)
r(1,134,13,84,84)
w(0,271,13,85,85)
w(8,37,13,86,86)
w(25,9,13,87,87)
r(0,271,13,88,88)
r(0,271,13,89,89)
r(11,31,13,90,90)
r(14,16,13,91,91)
w(19,12,13,92,92)
r(1,134,13,93,93)
w(0,272,13,94,94)
r(6,35,13,95,95)
w(1,135,13,96,96)
w(94,2,13,97,97)
r(50,2,13,98,98)
r(38,9,13,99,99)
w(1,136,13,100,100)
w(1,137,13,101,101)
w(1,138,13,102,102)
r(7,30,13,103,103)
w(3,63,13,104,104)
w(0,273,13,105,105)
r(35,4,13,106,106)
w(7,31,13,107,107)
r(0,273,13,108,108)
w(13,15,13,109,109)
w(56,7,13,110,110)
r(0,273,13,111,111)
r(25,9,13,112,112)
w(25,10,13,113,113)
r(3,63,13,114,114)
w(1,139,13,115,115)
w(15,25,13,116,116)
r(87,3,13,117,117)
r(14,16,13,118,118)
r(45,5,13,119,119)
w(0,274,13,120,120)
w(0,275,13,121,121)
r(13,15,13,122,122)
w(25,11,13,123,123)
r(0,275,13,124,124)
r(0,275,13,125,125)
r(7,31,13,126,126)
w(94,3,13,127,127)
w(64,5,13,128,128)
r(19,12,13,129,129)
w(0,276,13,130,130)
w(0,277,13,131,131)
r(2,90,13,132,132)
w(34,14,13,133,133)
w(8,38,13,134,134)
r(1,139,13,135,135)
w(5,49,13,136,136)
r(3,63,13,137,137)
w(11,32,13,138,138)
r(43,4,13,139,139)
r(11,32,13,140,140)
r(1,139,13,141,141)
w(4,55,13,142,142)
r(0,277,13,143,143)
r(0,277,13,144,144)
w(3,64,13,145,145)
w(17,13,13,146,146)
r(81,5,13,147,147)
r(1,139,13,148,148)
w(0,278,13,149,149)
w(0,279,13,150,150)
w(49,6,13,151,151)
r(5,49,13,152,152)
w(96,7,13,153,153)
r(3,64,13,154,154)
r(11,32,13,155,155)
r(37,9,13,156,156)
r(2,90,13,157,157)
w(61,5,13,158,158)
w(34,15,13,159,159)
r(35,4,13,160,160)
r(30,5,13,161,161)
r(23,14,13,162,162)
w(69,10,13,163,163)
r(5,49,13,164,164)
w(14,17,13,165,165)
w(32,6,13,166,166)
r(2,90,13,167,167)
w(43,5,13,168,168)
r(1,139,13,169,169)
r(4,55,13,170,170)
r(3,64,13,171,171)
w(11,33,13,172,172)
w(7,32,13,173,173)
w(30,6,13,174,174)
r(16,11,13,175,175)
w(1,140,13,176,176)
r(4,55,13,177,177)
r(1,140,13,178,178)
r(2,90,13,179,179)
w(5,50,13,180,180)
r(4,55,13,181,181)
w(4,56,13,182,182)
r(82,2,13,183,183)
w(0,280,13,184,184)
w(5,51,13,185,185)
r(1,140,13,186,186)
r(5,51,13,187,187)
r(6,35,13,188,188)
r(17,13,13,189,189)
r(0,280,13,190,190)
r(5,51,13,191,191)
w(12,28,13,192,192)
w(1,141,13,193,193)
w(2,91,13,194,194)
r(9,29,13,195,195)
w(4,57,13,196,196)
w(0,281,13,197,197)
w(3,65,13,198,198)
w(46,2,13,199,199)
r(7,32,14,0,0)
w(3,66,14,1,1)
w(9,30,14,2,2)
r(21,9,14,3,3)
w(83,6,14,4,4)
w(9,31,14,5,5)
r(2,91,14,6,6)
r(8,38,14,7,7)
w(3,67,14,8,8)
r(1,141,14,9,9)
w(0,282,14,10,10)
w(0,283,14,11,11)
r(2,91,14,12,12)
r(21,9,14,13,13)
w(0,284,14,14,14)
w(1,142,14,15,15)
w(0,285,14,16,16)
r(2,91,14,17,17)
r(2,91,14,18,18)
r(0,285,14,19,19)
w(5,52,14,20,20)
r(4,57,14,21,21)
w(0,286,14,22,22)
w(15,26,14,23,23)
r(0,286,14,24,24)
r(33,7,14,25,25)
r(27,8,14,26,26)
w(1,143,14,27,27)
w(0,287,14,28,28)
w(4,58,14,29,29)
r(3,67,14,30,30)
r(35,4,14,31,31)
r(2,91,14,32,32)
w(5,53,14,33,33)
r(0,287,14,34,34)
r(47,4,14,35,35)
w(4,59,14,36,36)
w(37,10,14,37,37)
w(36,8,14,38,38)
w(19,13,14,39,39)
r(1,143,14,40,40)
w(2,92,14,41,41)
r(2,92,14,42,42)
r(41,8,14,43,43)
r(60,1,14,44,44)
w(14,18,14,45,45)
r(0,287,14,46,46)
r(0,287,14,47,47)
w(15,27,14,48,48)
w(7,33,14,49,49)
w(2,93,14,50,50)
w(1,144,14,51,51)
w(7,34,14,52,52)
r(0,287,14,53,53)
r(5,53,14,54,54)
w(2,94,14,55,55)
r(2,94,14,56,56)
w(0,288,14,57,57)
w(3,68,14,58,58)
r(91,3,14,59,59)
w(83,7,14,60,60)
r(56,7,14,61,61)
w(6,36,14,62,62)
w(43,6,14,63,63)
w(10,28,14,64,64)
r(48,5,14,65,65)
r(62,5,14,66,66)
r(3,68,14,67,67)
w(1,145,14,68,68)
r(8,38,14,69,69)
w(6,37,14,70,70)
w(72,7,14,71,71)
w(2,95,14,72,72)
w(11,34,14,73,73)
w(2,96,14,74,74)
w(0,289,14,75,75)
w(0,290,14,76,76)
r(0,290,14,77,77)
r(45,5,14,78,78)
r(1,145,14,79,79)
r(12,28,14,80,80)
r(2,96,14,81,81)
r(4,59,14,82,82)
r(9,31,14,83,83)
r(1,145,14,84,84)
w(1,146,14,85,85)
w(14,19,14,86,86)
r(0,290,14,87,87)
r(24,11,14,88,88)
w(58,4,14,89,89)
w(97,4,14,90,90)
r(3,68,14,91,91)
w(3,69,14,92,92)
w(0,291,14,93,93)
w(58,5,14,94,94)
w(11,35,14,95,95)
w(2,97,14,96,96)
r(69,10,14,97,97)
r(0,291,14,98,98)
r(88,3,14,99,99)
r(2,97,14,100,100)
r(58,5,14,101,101)
w(90,5,14,102,102)
r(40,10,14,103,103)
w(62,6,14,104,104)
w(2,98,14,105,105)
w(0,292,14,106,106)
w(1,147,14,107,107)
w(0,293,14,108,108)
w(6,38,14,109,109)
r(0,293,14,110,110)
w(92,2,14,111,111)
w(4,60,14,112,112)
w(39,8,14,113,113)
r(7,34,14,114,114)
w(2,99,14,115,115)
r(0,293,14,116,116)
w(0,294,14,117,117)
w(2,100,14,118,118)
r(45,5,14,119,119)
w(5,54,14,120,120)
w(18,17,14,121,121)
w(71,5,14,122,122)
r(35,4,14,123,123)
w(2,101,14,124,124)
w(0,295,14,125,125)
r(2,101,14,126,126)
w(43,7,14,127,127)
r(0,295,14,128,128)
w(2,102,14,129,129)
r(11,35,14,130,130)
w(19,14,14,131,131)
r(3,69,14,132,132)
w(5,55,14,133,133)
r(0,295,14,134,134)
w(16,12,14,135,135)
r(3,69,14,136,136)
w(5,56,14,137,137)
w(42,6,14,138,138)
r(0,295,14,139,139)
w(0,296,14,140,140)
w(59,5,14,141,141)
r(1,147,14,142,142)
r(44,6,14,143,143)
w(0,297,14,144,144)
w(0,298,14,145,145)
r(24,11,14,146,146)
r(0,298,14,147,147)
r(0,298,14,148,148)
r(1,147,14,149,149)
w(64,6,14,150,150)
w(18,18,14,151,151)
r(13,15,14,152,152)
w(4,61,14,153,153)
w(28,9,14,154,154)
w(46,3,14,155,155)
r(0,298,14,156,156)
r(0,298,14,157,157)
r(3,69,14,158,158)
r(89,1,14,159,159)
w(1,148,14,160,160)
w(1,149,14,161,161)
r(4,61,14,162,162)
r(9,31,14,163,163)
r(83,7,14,164,164)
r(19,14,14,165,165)
r(0,298,14,166,166)
w(22,13,14,167,167)
r(8,38,14,168,168)
r(51,5,14,169,169)
w(70,2,14,170,170)
r(2,102,14,171,171)
w(0,299,14,172,172)
r(3,69,14,173,173)
w(21,10,14,174,174)
w(4,62,14,175,175)
r(1,149,14,176,176)
r(54,4,14,177,177)
r(5,56,14,178,178)
w(0,300,14,179,179)
r(60,1,14,180,180)
r(2,102,14,181,181)
w(5,57,14,182,182)
w(87,4,14,183,183)
r(0,300,14,184,184)
r(0,300,14,185,185)
w(0,301,14,186,186)
r(54,4,14,187,187)
w(0,302,14,188,188)
r(1,149,14,189,189)
r(59,5,14,190,190)
w(88,4,14,191,191)
r(4,62,14,192,192)
r(35,4,14,193,193)
r(56,7,14,194,194)
w(32,7,14,195,195)
r(12,28,14,196,196)
r(0,302,14,197,197)
r(3,69,14,198,198)
r(0,302,14,199,199)
w(69,11,15,0,0)
w(0,303,15,1,1)
r(12,28,15,2,2)
r(82,2,15,3,3)
w(1,150,15,4,4)
r(26,8,15,5,5)
w(2,103,15,6,6)
w(71,6,15,7,7)
w(5,58,15,8,8)
r(5,58,15,9,9)
w(6,39,15,10,10)
w(1,151,15,11,11)
r(3,69,15,12,12)
w(0,304,15,13,13)
r(54,4,15,14,14)
w(43,8,15,15,15)
w(2,104,15,16,16)
w(5,59,15,17,17)
w(0,305,15,18,18)
w(0,306,15,19,19)
w(22,14,15,20,20)
w(0,307,15,21,21)
r(3,69,15,22,22)
r(0,307,15,23,23)
w(2,105,15,24,24)
r(5,59,15,25,25)
r(3,69,15,26,26)
r(31,9,15,27,27)
w(0,308,15,28,28)
r(34,15,15,29,29)
r(9,31,15,30,30)
r(2,105,15,31,31)
r(4,62,15,32,32)
w(0,309,15,33,33)
w(7,35,15,34,34)
r(0,309,15,35,35)
r(0,309,15,36,36)
r(26,8,15,37,37)
w(6,40,15,38,38)
w(0,310,15,39,39)
r(7,35,15,40,40)
w(68,5,15,41,41)
r(53,4,15,42,42)
w(19,15,15,43,43)
r(4,62,15,44,44)
w(55,6,15,45,45)
r(0,310,15,46,46)
r(31,9,15,47,47)
r(19,15,15,48,48)
r(47,4,15,49,49)
r(5,59,15,50,50)
w(0,311,15,51,51)
r(5,59,15,52,52)
r(30,6,15,53,53)
w(39,9,15,54,54)
r(0,311,15,55,55)
w(92,3,15,56,56)
w(1,152,15,57,57)
w(1,153,15,58,58)
w(0,312,15,59,59)
r(2,105,15,60,60)
r(0,312,15,61,61)
w(0,313,15,62,62)
r(0,313,15,63,63)
w(8,39,15,64,64)
w(6,41,15,65,65)
r(9,31,15,66,66)
r(48,5,15,67,67)
w(0,314,15,68,68)
w(48,6,15,69,69)
w(11,36,15,70,70)
r(1,153,15,71,71)
w(12,29,15,72,72)
w(1,154,15,73,73)
w(64,7,15,74,74)
w(2,106,15,75,75)
w(2,107,15,76,76)
w(12,30,15,77,77)
w(0,315,15,78,78)
r(3,69,15,79,79)
w(40,11,15,80,80)
w(42,7,15,81,81)
r(30,6,15,82,82)
w(2,108,15,83,83)
r(0,315,15,84,84)
w(15,28,15,85,85)
r(30,6,15,86,86)
r(0,315,15,87,87)
w(78,4,15,88,88)
w(8,40,15,89,89)
w(43,9,15,90,90)
r(73,4,15,91,91)
w(11,37,15,92,92)
w(1,155,15,93,93)
w(42,8,15,94,94)
r(66,3,15,95,95)
w(0,316,15,96,96)
r(92,3,15,97,97)
w(59,6,15,98,98)
r(21,10,15,99,99)
r(0,316,15,100,100)
w(2,109,15,101,101)
r(0,316,15,102,102)
r(78,4,15,103,103)
w(7,36,15,104,104)
w(2,110,15,105,105)
r(0,316,15,106,106)
w(0,317,15,107,107)
r(0,317,15,108,108)
w(19,16,15,109,109)
w(24,12,15,110,110)
r(19,16,15,111,111)
r(6,41,15,112,112)
r(0,317,15,113,113)
r(31,9,15,114,114)
w(1,156,15,115,115)
w(0,318,15,116,116)
r(4,62,15,117,117)
r(33,7,15,118,118)
r(35,4,15,119,119)
w(67,7,15,120,120)
w(24,13,15,121,121)
w(21,11,15,122,122)
w(86,2,15,123,123)
r(8,40,15,124,124)
r(39,9,15,125,125)
w(11,38,15,126,126)
w(8,41,15,127,127)
w(0,319,15,128,128)
r(32,7,15,129,129)
r(0,319,15,130,130)
r(53,4,15,131,131)
w(84,8,15,132,132)
w(17,14,15,133,133)
r(0,319,15,134,134)
w(0,320,15,135,135)
r(53,4,15,136,136)
r(1,156,15,137,137)
r(4,62,15,138,138)
w(40,12,15,139,139)
w(29,15,15,140,140)
w(39,10,15,141,141)
r(33,7,15,142,142)
w(0,321,15,143,143)
w(7,37,15,144,144)
r(3,69,15,145,145)
w(1,157,15,146,146)
r(0,321,15,147,147)
r(2,110,15,148,148)
w(45,6,15,149,149)
w(29,16,15,150,150)
w(37,11,15,151,151)
r(4,62,15,152,152)
r(11,38,15,153,153)
w(1,158,15,154,154)
w(9,32,15,155,155)
w(20,13,15,156,156)
r(27,8,15,157,157)
r(4,62,15,158,158)
w(4,63,15,159,159)
r(6,41,15,160,160)
w(30,7,15,161,161)
r(29,16,15,162,162)
w(0,322,15,163,163)
w(33,8,15,164,164)
w(1,159,15,165,165)
w(6,42,15,166,166)
r(3,69,15,167,167)
r(72,7,15,168,168)
r(3,69,15,169,169)
w(70,3,15,170,170)
r(1,159,15,171,171)
r(0,322,15,172,172)
r(0,322,15,173,173)
r(3,69,15,174,174)
w(51,6,15,175,175)
w(84,9,15,176,176)
r(5,59,15,177,177)
w(80,5,15,178,178)
w(0,323,15,179,179)
w(89,2,15,180,180)
r(3,69,15,181,181)
r(1,159,15,182,182)
r(0,323,15,183,183)
r(0,323,15,184,184)
r(58,5,15,185,185)
r(3,69,15,186,186)
w(1,160,15,187,187)
r(3,69,15,188,188)
r(28,9,15,189,189)
w(4,64,15,190,190)
r(1,160,15,191,191)
r(35,4,15,192,192)
r(4,64,15,193,193)
r(12,30,15,194,194)
w(0,324,15,195,195)
w(4,65,15,196,196)
w(0,325,15,197,197)
r(1,160,15,198,198)
w(35,5,15,199,199)
r(82,2,16,0,0)
r(2,110,16,1,1)
r(0,325,16,2,2)
w(39,11,16,3,3)
r(48,6,16,4,4)
r(1,160,16,5,5)
w(2,111,16,6,6)
r(1,160,16,7,7)
w(2,112,16,8,8)
w(30,8,16,9,9)
w(4,66,16,10,10)
r(12,30,16,11,11)
r(2,112,16,12,12)
w(0,326,16,13,13)
r(0,326,16,14,14)
w(26,9,16,15,15)
r(29,16,16,16,16)
w(2,113,16,17,17)
w(69,12,16,18,18)
w(14,20,16,19,19)
r(81,5,16,20,20)
r(28,9,16,21,21)
w(43,10,16,22,22)
r(5,59,16,23,23)
r(2,113,16,24,24)
r(37,11,16,25,25)
w(0,327,16,26,26)
w(0,328,16,27,27)
w(19,17,16,28,28)
w(98,4,16,29,29)
r(4,66,16,30,30)
r(0,328,16,31,31)
r(0,328,16,32,32)
w(6,43,16,33,33)
r(14,20,16,34,34)
w(48,7,16,35,35)
w(42,9,16,36,36)
r(19,17,16,37,37)
r(0,328,16,38,38)
w(0,329,16,39,39)
w(11,39,16,40,40)
r(0,329,16,41,41)
r(0,329,16,42,42)
r(2,113,16,43,43)
w(0,330,16,44,44)
w(79,5,16,45,45)
r(5,59,16,46,46)
w(0,331,16,47,47)
w(0,332,16,48,48)
r(39,11,16,49,49)
w(69,13,16,50,50)
w(1,161,16,51,51)
w(28,10,16,52,52)
r(42,9,16,53,53)
r(1,161,16,54,54)
r(27,8,16,55,55)
r(32,7,16,56,56)
w(2,114,16,57,57)
w(4,67,16,58,58)
w(27,9,16,59,59)
w(53,5,16,60,60)
w(8,42,16,61,61)
w(14,21,16,62,62)
r(2,114,16,63,63)
r(2,114,16,64,64)
w(2,115,16,65,65)
r(86,2,16,66,66)
r(4,67,16,67,67)
r(0,332,16,68,68)
r(14,21,16,69,69)
r(81,5,16,70,70)
r(1,161,16,71,71)
w(17,15,16,72,72)
w(3,70,16,73,73)
r(47,4,16,74,74)
w(95,1,16,75,75)
r(30,8,16,76,76)
r(2,115,16,77,77)
r(10,28,16,78,78)
w(0,333,16,79,79)
r(27,9,16,80,80)
r(2,115,16,81,81)
r(0,333,16,82,82)
r(7,37,16,83,83)
w(1,162,16,84,84)
r(1,162,16,85,85)
r(0,333,16,86,86)
w(0,334,16,87,87)
r(17,15,16,88,88)
w(73,5,16,89,89)
r(0,334,16,90,90)
r(0,334,16,91,91)
r(0,334,16,92,92)
w(8,43,16,93,93)
r(23,14,16,94,94)
w(32,8,16,95,95)
w(1,163,16,96,96)
w(14,22,16,97,97)
r(3,70,16,98,98)
r(27,9,16,99,99)
r(17,15,16,100,100)
r(9,32,16,101,101)
w(0,335,16,102,102)
w(33,9,16,103,103)
w(7,38,16,104,104)
r(5,59,16,105,105)
w(2,116,16,106,106)
w(34,16,16,107,107)
r(4,67,16,108,108)
w(45,7,16,109,109)
w(0,336,16,110,110)
w(0,337,16,111,111)
w(40,13,16,112,112)
r(0,337,16,113,113)
w(16,13,16,114,114)
w(17,16,16,115,115)
r(16,13,16,116,116)
w(2,117,16,117,117)
w(13,16,16,118,118)
r(1,163,16,119,119)
w(4,68,16,120,120)
w(58,6,16,121,121)
r(10,28,16,122,122)
w(0,338,16,123,123)
w(3,71,16,124,124)
r(1,163,16,125,125)
w(23,15,16,126,126)
r(0,338,16,127,127)
r(3,71,16,128,128)
w(0,339,16,129,129)
w(2,118,16,130,130)
w(1,164,16,131,131)
w(4,69,16,132,132)
r(84,9,16,133,133)
w(16,14,16,134,134)
w(0,340,16,135,135)
w(7,39,16,136,136)
w(52,8,16,137,137)
r(1,164,16,138,138)
r(35,5,16,139,139)
r(24,13,16,140,140)
r(0,340,16,141,141)
w(0,341,16,142,142)
w(1,165,16,143,143)
w(0,342,16,144,144)
w(4,70,16,145,145)
w(0,343,16,146,146)
r(2,118,16,147,147)
r(0,343,16,148,148)
w(26,10,16,149,149)
w(74,5,16,150,150)
w(75,6,16,151,151)
w(34,17,16,152,152)
r(9,32,16,153,153)
w(12,31,16,154,154)
r(6,43,16,155,155)
r(18,18,16,156,156)
r(0,343,16,157,157)
w(53,6,16,158,158)
r(8,43,16,159,159)
w(51,7,16,160,160)
r(0,343,16,161,161)
w(7,40,16,162,162)
r(1,165,16,163,163)
r(1,165,16,164,164)
w(0,344,16,165,165)
r(18,18,16,166,166)
w(18,19,16,167,167)
r(0,344,16,168,168)
w(42,10,16,169,169)
r(8,43,16,170,170)
w(1,166,16,171,171)
r(11,39,16,172,172)
r(84,9,16,173,173)
w(8,44,16,174,174)
r(0,344,16,175,175)
r(26,10,16,176,176)
r(1,166,16,177,177)
w(4,71,16,178,178)
r(1,166,16,179,179)
w(0,345,16,180,180)
r(3,71,16,181,181)
w(12,32,16,182,182)
w(0,346,16,183,183)
w(66,4,16,184,184)
w(0,347,16,185,185)
w(0,348,16,186,186)
r(0,348,16,187,187)
w(9,33,16,188,188)
r(33,9,16,189,189)
r(54,4,16,190,190)
w(0,349,16,191,191)
r(21,11,16,192,192)
w(73,6,16,193,193)
r(1,166,16,194,194)
w(32,9,16,195,195)
w(1,167,16,196,196)
w(10,29,16,197,197)
w(95,2,16,198,198)
w(4,72,16,199,199)
r(41,8,17,0,0)
r(57,6,17,1,1)
r(0,349,17,2,2)
r(30,8,17,3,3)
w(11,40,17,4,4)
w(0,350,17,5,5)
w(6,44,17,6,6)
r(3,71,17,7,7)
r(1,167,17,8,8)
r(10,29,17,9,9)
w(2,119,17,10,10)
r(0,350,17,11,11)
w(4,73,17,12,12)
w(11,41,17,13,13)
r(6,44,17,14,14)
r(58,6,17,15,15)
r(1,167,17,16,16)
w(37,12,17,17,17)
r(5,59,17,18,18)
r(1,167,17,19,19)
r(44,6,17,20,20)
w(47,5,17,21,21)
r(12,32,17,22,22)
r(5,59,17,23,23)
w(29,17,17,24,24)
r(65,8,17,25,25)
w(0,351,17,26,26)
r(1,167,17,27,27)
w(1,168,17,28,28)
w(59,7,17,29,29)
r(0,351,17,30,30)
w(1,169,17,31,31)
w(1,170,17,32,32)
r(88,4,17,33,33)
w(17,17,17,34,34)
w(8,45,17,35,35)
w(45,8,17,36,36)
w(6,45,17,37,37)
r(1,170,17,38,38)
w(31,10,17,39,39)
r(16,14,17,40,40)
r(0,351,17,41,41)
r(8,45,17,42,42)
r(0,351,17,43,43)
w(16,15,17,44,44)
w(58,7,17,45,45)
w(4,74,17,46,46)
w(18,20,17,47,47)
w(3,72,17,48,48)
r(6,45,17,49,49)
w(32,10,17,50,50)
w(23,16,17,51,51)
r(7,40,17,52,52)
r(18,20,17,53,53)
r(2,119,17,54,54)
w(0,352,17,55,55)
w(1,171,17,56,56)
r(16,15,17,57,57)
w(29,18,17,58,58)
w(4,75,17,59,59)
w(23,17,17,60,60)
r(59,7,17,61,61)
r(14,22,17,62,62)
w(11,42,17,63,63)
r(10,29,17,64,64)
r(5,59,17,65,65)
r(94,3,17,66,66)
r(16,15,17,67,67)
w(15,29,17,68,68)
w(14,23,17,69,69)
r(0,352,17,70,70)
w(50,3,17,71,71)
w(0,353,17,72,72)
w(1,172,17,73,73)
r(2,119,17,74,74)
r(0,353,17,75,75)
r(2,119,17,76,76)
r(0,353,17,77,77)
w(3,73,17,78,78)
w(3,74,17,79,79)
r(7,40,17,80,80)
r(3,74,17,81,81)
w(15,30,17,82,82)
w(13,17,17,83,83)
r(0,353,17,84,84)
w(8,46,17,85,85)
r(9,33,17,86,86)
r(19,17,17,87,87)
r(5,59,17,88,88)
w(1,173,17,89,89)
r(0,353,17,90,90)
w(80,6,17,91,91)
r(44,6,17,92,92)
r(0,353,17,93,93)
w(3,75,17,94,94)
r(3,75,17,95,95)
w(92,4,17,96,96)
w(33,10,17,97,97)
r(0,353,17,98,98)
r(1,173,17,99,99)
w(16,16,17,100,100)
r(2,119,17,101,101)
r(45,8,17,102,102)
w(5,60,17,103,103)
r(12,32,17,104,104)
r(0,353,17,105,105)
r(3,75,17,106,106)
r(40,13,17,107,107)
w(5,61,17,108,108)
r(14,23,17,109,109)
w(16,17,17,110,110)
r(0,353,17,111,111)
w(4,76,17,112,112)
w(70,4,17,113,113)
r(7,40,17,114,114)
r(1,173,17,115,115)
r(37,12,17,116,116)
w(16,18,17,117,117)
w(10,30,17,118,118)
w(45,9,17,119,119)
r(16,18,17,120,120)
w(12,33,17,121,121)
r(0,353,17,122,122)
r(3,75,17,123,123)
w(7,41,17,124,124)
w(0,354,17,125,125)
r(6,45,17,126,126)
w(26,11,17,127,127)
r(0,354,17,128,128)
w(5,62,17,129,129)
r(97,4,17,130,130)
r(0,354,17,131,131)
w(0,355,17,132,132)
w(65,9,17,133,133)
w(62,7,17,134,134)
w(4,77,17,135,135)
r(93,3,17,136,136)
r(0,355,17,137,137)
r(6,45,17,138,138)
w(19,18,17,139,139)
r(7,41,17,140,140)
w(0,356,17,141,141)
r(0,356,17,142,142)
w(12,34,17,143,143)
r(32,10,17,144,144)
w(59,8,17,145,145)
r(1,173,17,146,146)
r(8,46,17,147,147)
r(59,8,17,148,148)
w(61,6,17,149,149)
w(6,46,17,150,150)
w(41,9,17,151,151)
w(2,120,17,152,152)
w(0,357,17,153,153)
r(16,18,17,154,154)
w(0,358,17,155,155)
w(21,12,17,156,156)
r(33,10,17,157,157)
w(0,359,17,158,158)
w(0,360,17,159,159)
r(17,17,17,160,160)
r(0,360,17,161,161)
w(19,19,17,162,162)
w(0,361,17,163,163)
r(9,33,17,164,164)
r(8,46,17,165,165)
w(9,34,17,166,166)
w(85,5,17,167,167)
w(33,11,17,168,168)
w(1,174,17,169,169)
w(2,121,17,170,170)
r(37,12,17,171,171)
w(13,18,17,172,172)
r(14,23,17,173,173)
r(0,361,17,174,174)
r(0,361,17,175,175)
r(0,361,17,176,176)
r(30,8,17,177,177)
w(3,76,17,178,178)
r(0,361,17,179,179)
r(37,12,17,180,180)
w(32,11,17,181,181)
w(45,10,17,182,182)
r(1,174,17,183,183)
w(0,362,17,184,184)
w(0,363,17,185,185)
r(23,17,17,186,186)
r(1,174,17,187,187)
r(7,41,17,188,188)
w(40,14,17,189,189)
r(0,363,17,190,190)
r(1,174,17,191,191)
r(2,121,17,192,192)
w(13,19,17,193,193)
w(1,175,17,194,194)
r(55,6,17,195,195)
r(27,9,17,196,196)
r(28,10,17,197,197)
w(75,7,17,198,198)
r(4,77,17,199,199)
w(75,8,18,0,0)
r(4,77,18,1,1)
w(0,364,18,2,2)
r(9,34,18,3,3)
w(98,5,18,4,4)
r(37,12,18,5,5)
w(29,19,18,6,6)
r(0,364,18,7,7)
w(7,42,18,8,8)
w(0,365,18,9,9)
w(1,176,18,10,10)
r(5,62,18,11,11)
w(52,9,18,12,12)
r(4,77,18,13,13)
r(21,12,18,14,14)
r(0,365,18,15,15)
r(18,20,18,16,16)
w(15,31,18,17,17)
w(18,21,18,18,18)
w(0,366,18,19,19)
w(25,12,18,20,20)
r(5,62,18,21,21)
r(4,77,18,22,22)
w(3,77,18,23,23)
r(66,4,18,24,24)
w(56,8,18,25,25)
w(2,122,18,26,26)
r(12,34,18,27,27)
w(1,177,18,28,28)
w(6,47,18,29,29)
r(20,13,18,30,30)
r(4,77,18,31,31)
w(3,78,18,32,32)
r(1,177,18,33,33)
w(18,22,18,34,34)
r(21,12,18,35,35)
w(16,19,18,36,36)
r(1,177,18,37,37)
r(79,5,18,38,38)
r(22,14,18,39,39)
r(8,46,18,40,40)
r(61,6,18,41,41)
r(33,11,18,42,42)
r(2,122,18,43,43)
r(4,77,18,44,44)
w(3,79,18,45,45)
w(10,31,18,46,46)
r(5,62,18,47,47)
r(8,46,18,48,48)
r(21,12,18,49,49)
r(1,177,18,50,50)
w(15,32,18,51,51)
r(0,366,18,52,52)
r(10,31,18,53,53)
w(24,14,18,54,54)
r(0,366,18,55,55)
r(3,79,18,56,56)
r(70,4,18,57,57)
w(1,178,18,58,58)
w(15,33,18,59,59)
w(34,18,18,60,60)
w(0,367,18,61,61)
w(1,179,18,62,62)
r(60,1,18,63,63)
r(24,14,18,64,64)
r(50,3,18,65,65)
w(8,47,18,66,66)
r(25,12,18,67,67)
r(0,367,18,68,68)
r(30,8,18,69,69)
w(1,180,18,70,70)
r(1,180,18,71,71)
w(0,368,18,72,72)
w(12,35,18,73,73)
w(65,10,18,74,74)
w(1,181,18,75,75)
r(28,10,18,76,76)
r(62,7,18,77,77)
w(5,63,18,78,78)
r(4,77,18,79,79)
r(17,17,18,80,80)
r(0,368,18,81,81)
w(17,18,18,82,82)
w(0,369,18,83,83)
r(0,369,18,84,84)
w(13,20,18,85,85)
w(37,13,18,86,86)
r(4,77,18,87,87)
w(13,21,18,88,88)
w(67,8,18,89,89)
w(1,182,18,90,90)
r(1,182,18,91,91)
r(0,369,18,92,92)
w(4,78,18,93,93)
r(16,19,18,94,94)
w(32,12,18,95,95)
w(51,8,18,96,96)
r(59,8,18,97,97)
r(11,42,18,98,98)
r(38,9,18,99,99)
w(51,9,18,100,100)
w(10,32,18,101,101)
w(21,13,18,102,102)
w(1,183,18,103,103)
w(81,6,18,104,104)
r(4,78,18,105,105)
r(5,63,18,106,106)
w(34,19,18,107,107)
r(13,21,18,108,108)
r(0,369,18,109,109)
w(0,370,18,110,110)
w(13,22,18,111,111)
w(20,14,18,112,112)
r(0,370,18,113,113)
r(4,78,18,114,114)
w(17,19,18,115,115)
r(9,34,18,116,116)
r(25,12,18,117,117)
w(0,371,18,118,118)
r(0,371,18,119,119)
r(3,79,18,120,120)
r(0,371,18,121,121)
r(1,183,18,122,122)
w(2,123,18,123,123)
r(0,371,18,124,124)
w(4,79,18,125,125)
w(38,10,18,126,126)
r(82,2,18,127,127)
r(6,47,18,128,128)
w(53,7,18,129,129)
w(0,372,18,130,130)
w(1,184,18,131,131)
w(52,10,18,132,132)
r(1,184,18,133,133)
w(10,33,18,134,134)
w(46,4,18,135,135)
w(0,373,18,136,136)
w(1,185,18,137,137)
r(3,79,18,138,138)
r(26,11,18,139,139)
w(35,6,18,140,140)
w(80,7,18,141,141)
r(2,123,18,142,142)
r(69,13,18,143,143)
r(0,373,18,144,144)
w(3,80,18,145,145)
r(20,14,18,146,146)
w(10,34,18,147,147)
w(1,186,18,148,148)
r(1,186,18,149,149)
w(56,9,18,150,150)
r(0,373,18,151,151)
w(17,20,18,152,152)
r(0,373,18,153,153)
w(0,374,18,154,154)
w(37,14,18,155,155)
r(2,123,18,156,156)
w(5,64,18,157,157)
r(10,34,18,158,158)
r(7,42,18,159,159)
r(67,8,18,160,160)
w(37,15,18,161,161)
r(0,374,18,162,162)
w(27,10,18,163,163)
r(27,10,18,164,164)
w(8,48,18,165,165)
w(39,12,18,166,166)
r(0,374,18,167,167)
r(11,42,18,168,168)
w(75,9,18,169,169)
w(2,124,18,170,170)
r(3,80,18,171,171)
r(6,47,18,172,172)
w(9,35,18,173,173)
r(78,4,18,174,174)
r(1,186,18,175,175)
w(0,375,18,176,176)
r(5,64,18,177,177)
w(1,187,18,178,178)
r(1,187,18,179,179)
w(0,376,18,180,180)
r(4,79,18,181,181)
w(7,43,18,182,182)
w(39,13,18,183,183)
r(10,34,18,184,184)
w(58,8,18,185,185)
w(1,188,18,186,186)
w(4,80,18,187,187)
w(4,81,18,188,188)
r(8,48,18,189,189)
r(66,4,18,190,190)
w(6,48,18,191,191)
w(1,189,18,192,192)
w(73,7,18,193,193)
w(0,377,18,194,194)
w(0,378,18,195,195)
r(5,64,18,196,196)
r(1,189,18,197,197)
w(3,81,18,198,198)
w(7,44,18,199,199)
r(22,14,19,0,0)
r(1,189,19,1,1)
w(14,24,19,2,2)
w(16,20,19,3,3)
w(17,21,19,4,4)
r(7,44,19,5,5)
w(50,4,19,6,6)
r(36,8,19,7,7)
w(13,23,19,8,8)
r(5,64,19,9,9)
w(19,20,19,10,10)
r(4,81,19,11,11)
r(11,42,19,12,12)
r(0,378,19,13,13)
w(0,379,19,14,14)
w(8,49,19,15,15)
w(39,14,19,16,16)
r(3,81,19,17,17)
r(0,379,19,18,18)
w(0,380,19,19,19)
w(11,43,19,20,20)
w(4,82,19,21,21)
r(71,6,19,22,22)
w(0,381,19,23,23)
r(35,6,19,24,24)
w(14,25,19,25,25)
r(77,0,19,26,26)
w(11,44,19,27,27)
r(13,23,19,28,28)
w(5,65,19,29,29)
w(0,382,19,30,30)
w(33,12,19,31,31)
w(1,190,19,32,32)
w(4,83,19,33,33)
r(15,33,19,34,34)
r(12,35,19,35,35)
w(0,383,19,36,36)
r(1,190,19,37,37)
w(0,384,19,38,38)
w(81,7,19,39,39)
w(63,7,19,40,40)
r(8,49,19,41,41)
w(2,125,19,42,42)
w(0,385,19,43,43)
w(76,5,19,44,44)
w(10,35,19,45,45)
r(10,35,19,46,46)
w(48,8,19,47,47)
w(75,10,19,48,48)
r(8,49,19,49,49)
w(3,82,19,50,50)
w(1,191,19,51,51)
r(91,3,19,52,52)
r(1,191,19,53,53)
r(3,82,19,54,54)
r(79,5,19,55,55)
r(58,8,19,56,56)
w(0,386,19,57,57)
w(36,9,19,58,58)
r(74,5,19,59,59)
w(12,36,19,60,60)
w(84,10,19,61,61)
r(0,386,19,62,62)
w(7,45,19,63,63)
w(58,9,19,64,64)
r(14,25,19,65,65)
w(27,11,19,66,66)
w(7,46,19,67,67)
r(2,125,19,68,68)
r(0,386,19,69,69)
r(90,5,19,70,70)
r(30,8,19,71,71)
r(4,83,19,72,72)
w(35,7,19,73,73)
w(2,126,19,74,74)
w(46,5,19,75,75)
w(1,192,19,76,76)
w(15,34,19,77,77)
w(9,36,19,78,78)
r(2,126,19,79,79)
r(8,49,19,80,80)
w(0,387,19,81,81)
w(0,388,19,82,82)
r(69,13,19,83,83)
w(25,13,19,84,84)
w(59,9,19,85,85)
r(4,83,19,86,86)
w(30,9,19,87,87)
w(64,8,19,88,88)
w(84,11,19,89,89)
r(0,388,19,90,90)
r(0,388,19,91,91)
r(2,126,19,92,92)
w(5,66,19,93,93)
w(2,127,19,94,94)
r(4,83,19,95,95)
w(18,23,19,96,96)
r(0,388,19,97,97)
w(3,83,19,98,98)
r(11,44,19,99,99)
r(6,48,19,100,100)
w(0,389,19,101,101)
w(5,67,19,102,102)
w(18,24,19,103,103)
r(35,7,19,104,104)
w(0,390,19,105,105)
w(1,193,19,106,106)
r(4,83,19,107,107)
r(10,35,19,108,108)
r(9,36,19,109,109)
w(23,18,19,110,110)
r(22,14,19,111,111)
r(16,20,19,112,112)
w(45,11,19,113,113)
w(5,68,19,114,114)
w(0,391,19,115,115)
r(14,25,19,116,116)
w(36,10,19,117,117)
w(85,6,19,118,118)
w(2,128,19,119,119)
r(0,391,19,120,120)
w(72,8,19,121,121)
r(5,68,19,122,122)
w(8,50,19,123,123)
w(1,194,19,124,124)
r(9,36,19,125,125)
w(1,195,19,126,126)
w(0,392,19,127,127)
w(13,24,19,128,128)
w(8,51,19,129,129)
r(12,36,19,130,130)
w(1,196,19,131,131)
w(23,19,19,132,132)
r(6,48,19,133,133)
r(36,10,19,134,134)
r(12,36,19,135,135)
r(0,392,19,136,136)
w(8,52,19,137,137)
r(8,52,19,138,138)
r(4,83,19,139,139)
r(4,83,19,140,140)
w(0,393,19,141,141)
r(4,83,19,142,142)
w(0,394,19,143,143)
r(15,34,19,144,144)
r(5,68,19,145,145)
r(13,24,19,146,146)
r(22,14,19,147,147)
r(47,5,19,148,148)
r(0,394,19,149,149)
r(14,25,19,150,150)
w(6,49,19,151,151)
w(45,12,19,152,152)
w(31,11,19,153,153)
w(5,69,19,154,154)
r(1,196,19,155,155)
r(8,52,19,156,156)
r(8,52,19,157,157)
r(8,52,19,158,158)
w(21,14,19,159,159)
w(20,15,19,160,160)
w(81,8,19,161,161)
r(0,394,19,162,162)
w(7,47,19,163,163)
w(4,84,19,164,164)
r(0,394,19,165,165)
w(55,7,19,166,166)
r(0,394,19,167,167)
r(8,52,19,168,168)
w(3,84,19,169,169)
w(1,197,19,170,170)
r(9,36,19,171,171)
r(20,15,19,172,172)
r(41,9,19,173,173)
r(7,47,19,174,174)
r(0,394,19,175,175)
w(42,11,19,176,176)
w(0,395,19,177,177)
w(14,26,19,178,178)
w(4,85,19,179,179)
r(23,19,19,180,180)
w(29,20,19,181,181)
w(9,37,19,182,182)
r(16,20,19,183,183)
w(2,129,19,184,184)
w(63,8,19,185,185)
r(1,197,19,186,186)
w(4,86,19,187,187)
r(2,129,19,188,188)
r(7,47,19,189,189)
r(33,12,19,190,190)
w(7,48,19,191,191)
r(19,20,19,192,192)
r(54,4,19,193,193)
w(15,35,19,194,194)
r(2,129,19,195,195)
r(2,129,19,196,196)
w(3,85,19,197,197)
r(0,395,19,198,198)
r(2,129,19,199,199)
