w(1,1,0,0,0)
r(45,0,0,1,1)
w(10,1,0,2,2)
w(86,1,0,3,3)
r(0,0,0,4,4)
w(14,1,0,5,5)
r(50,0,0,6,6)
w(85,1,0,7,7)
w(26,1,0,8,8)
r(8,0,0,9,9)
w(95,1,0,10,10)
w(5,1,0,11,11)
w(0,1,0,12,12)
r(27,0,0,13,13)
w(9,1,0,14,14)
w(50,1,0,15,15)
w(74,1,0,16,16)
w(25,1,0,17,17)
r(24,0,0,18,18)
r(43,0,0,19,19)
w(8,1,0,20,20)
r(0,1,0,21,21)
r(11,0,0,22,22)
r(3,0,0,23,23)
r(3,0,0,24,24)
r(0,1,0,25,25)
w(1,2,0,26,26)
w(2,1,0,27,27)
w(70,1,0,28,28)
w(0,2,0,29,29)
r(11,0,0,30,30)
r(1,2,0,31,31)
r(39,0,0,32,32)
w(4,1,0,33,33)
r(65,0,0,34,34)
w(0,3,0,35,35)
w(0,4,0,36,36)
r(0,4,0,37,37)
w(7,1,0,38,38)
r(62,0,0,39,39)
r(1,2,0,40,40)
r(5,1,0,41,41)
w(0,5,0,42,42)
r(21,0,0,43,43)
r(7,1,0,44,44)
r(0,5,0,45,45)
w(1,3,0,46,46)
w(2,2,0,47,47)
w(3,1,0,48,48)
w(8,2,0,49,49)
r(8,2,0,50,50)
r(2,2,0,51,51)
w(0,6,0,52,52)
r(9,1,0,53,53)
r(1,3,0,54,54)
r(32,0,0,55,55)
r(5,1,0,56,56)
r(24,0,0,57,57)
w(0,7,0,58,58)
r(11,0,0,59,59)
w(14,2,0,60,60)
w(2,3,0,61,61)
w(0,8,0,62,62)
r(20,0,0,63,63)
r(92,0,0,64,64)
w(1,4,0,65,65)
r(83,0,0,66,66)
w(60,1,0,67,67)
r(0,8,0,68,68)
w(0,9,0,69,69)
r(8,2,0,70,70)
w(46,1,0,71,71)
w(20,1,0,72,72)
w(7,2,0,73,73)
r(33,0,0,74,74)
w(0,10,0,75,75)
r(0,10,0,76,76)
w(3,2,0,77,77)
w(6,1,0,78,78)
r(12,0,0,79,79)
w(6,2,0,80,80)
r(0,10,0,81,81)
w(6,3,0,82,82)
r(85,1,0,83,83)
w(33,1,0,84,84)
r(0,10,0,85,85)
r(0,10,0,86,86)
r(39,0,0,87,87)
r(50,1,0,88,88)
r(19,0,0,89,89)
r(46,1,0,90,90)
w(36,1,0,91,91)
w(1,5,0,92,92)
r(24,0,0,93,93)
r(1,5,0,94,94)
r(33,1,0,95,95)
r(24,0,0,96,96)
r(4,1,0,97,97)
r(0,10,0,98,98)
r(22,0,0,99,99)
r(4,1,0,100,100)
w(96,1,0,101,101)
w(0,11,0,102,102)
r(0,11,0,103,103)
r(9,1,0,104,104)
r(0,11,0,105,105)
r(4,1,0,106,106)
r(16,0,0,107,107)
w(2,4,0,108,108)
w(49,1,0,109,109)
w(48,1,0,110,110)
w(4,2,0,111,111)
w(83,1,0,112,112)
r(2,4,0,113,113)
r(0,11,0,114,114)
w(69,1,0,115,115)
w(1,6,0,116,116)
w(46,2,0,117,117)
r(12,0,0,118,118)
w(0,12,0,119,119)
w(9,2,0,120,120)
w(80,1,0,121,121)
w(0,13,0,122,122)
w(3,3,0,123,123)
w(63,1,0,124,124)
r(16,0,0,125,125)
w(1,7,0,126,126)
r(7,2,0,127,127)
w(20,2,0,128,128)
r(0,13,0,129,129)
w(15,1,0,130,130)
w(1,8,0,131,131)
w(5,2,0,132,132)
r(0,13,0,133,133)
w(7,3,0,134,134)
r(1,8,0,135,135)
w(3,4,0,136,136)
r(16,0,0,137,137)
r(8,2,0,138,138)
w(30,1,0,139,139)
w(73,1,0,140,140)
w(4,3,0,141,141)
w(16,1,0,142,142)
w(3,5,0,143,143)
r(70,1,0,144,144)
r(20,2,0,145,145)
w(2,5,0,146,146)
w(45,1,0,147,147)
r(4,3,0,148,148)
r(10,1,0,149,149)
r(3,5,0,150,150)
r(1,8,0,151,151)
w(24,1,0,152,152)
w(10,2,0,153,153)
r(0,13,0,154,154)
w(5,3,0,155,155)
r(0,13,0,156,156)
r(0,13,0,157,157)
w(6,4,0,158,158)
r(0,13,0,159,159)
w(6,5,0,160,160)
r(10,2,0,161,161)
r(3,5,0,162,162)
r(22,0,0,163,163)
r(1,8,0,164,164)
w(2,6,0,165,165)
w(54,1,0,166,166)
w(46,3,0,167,167)
w(8,3,0,168,168)
r(0,13,0,169,169)
w(1,9,0,170,170)
w(27,1,0,171,171)
w(2,7,0,172,172)
w(0,14,0,173,173)
w(6,6,0,174,174)
w(0,15,0,175,175)
r(3,5,0,176,176)
w(0,16,0,177,177)
r(5,3,0,178,178)
w(0,17,0,179,179)
r(4,3,0,180,180)
w(50,2,0,181,181)
r(4,3,0,182,182)
w(38,1,0,183,183)
w(64,1,0,184,184)
w(0,18,0,185,185)
r(6,6,0,186,186)
r(66,0,0,187,187)
w(2,8,0,188,188)
w(4,4,0,189,189)
w(0,19,0,190,190)
w(25,2,0,191,191)
w(14,3,0,192,192)
w(55,1,0,193,193)
w(39,1,0,194,194)
w(7,4,0,195,195)
r(0,19,0,196,196)
w(40,1,0,197,197)
r(38,1,0,198,198)
w(7,5,0,199,199)
w(3,6,1,0,0)
r(2,8,1,1,1)
r(1,9,1,2,2)
w(0,20,1,3,3)
r(56,0,1,4,4)
r(0,20,1,5,5)
w(30,2,1,6,6)
w(10,3,1,7,7)
r(67,0,1,8,8)
r(3,6,1,9,9)
r(14,3,1,10,10)
r(78,0,1,11,11)
w(42,1,1,12,12)
r(24,1,1,13,13)
r(3,6,1,14,14)
w(23,1,1,15,15)
r(24,1,1,16,16)
w(1,10,1,17,17)
w(30,3,1,18,18)
r(2,8,1,19,19)
r(6,6,1,20,20)
w(40,2,1,21,21)
r(1,10,1,22,22)
r(11,0,1,23,23)
r(0,20,1,24,24)
r(7,5,1,25,25)
w(0,21,1,26,26)
w(2,9,1,27,27)
r(7,5,1,28,28)
r(1,10,1,29,29)
w(4,5,1,30,30)
r(0,21,1,31,31)
w(41,1,1,32,32)
w(0,22,1,33,33)
w(19,1,1,34,34)
w(0,23,1,35,35)
w(10,4,1,36,36)
w(6,7,1,37,37)
r(5,3,1,38,38)
r(6,7,1,39,39)
w(16,2,1,40,40)
w(0,24,1,41,41)
w(34,1,1,42,42)
w(91,1,1,43,43)
w(2,10,1,44,44)
r(28,0,1,45,45)
r(49,1,1,46,46)
r(26,1,1,47,47)
w(61,1,1,48,48)
w(6,8,1,49,49)
w(81,1,1,50,50)
w(6,9,1,51,51)
w(8,4,1,52,52)
r(17,0,1,53,53)
w(0,25,1,54,54)
w(2,11,1,55,55)
w(16,3,1,56,56)
r(10,4,1,57,57)
w(3,7,1,58,58)
w(32,1,1,59,59)
w(18,1,1,60,60)
w(40,3,1,61,61)
w(0,26,1,62,62)
r(1,10,1,63,63)
w(1,11,1,64,64)
w(12,1,1,65,65)
r(16,3,1,66,66)
w(10,5,1,67,67)
w(10,6,1,68,68)
r(0,26,1,69,69)
r(42,1,1,70,70)
w(1,12,1,71,71)
r(8,4,1,72,72)
r(36,1,1,73,73)
r(2,11,1,74,74)
w(2,12,1,75,75)
w(0,27,1,76,76)
r(2,12,1,77,77)
r(43,0,1,78,78)
w(83,2,1,79,79)
w(21,1,1,80,80)
r(13,0,1,81,81)
w(4,6,1,82,82)
r(32,1,1,83,83)
w(91,2,1,84,84)
w(1,13,1,85,85)
w(30,4,1,86,86)
r(0,27,1,87,87)
r(17,0,1,88,88)
w(9,3,1,89,89)
w(3,8,1,90,90)
w(6,10,1,91,91)
r(28,0,1,92,92)
w(16,4,1,93,93)
w(0,28,1,94,94)
w(0,29,1,95,95)
w(0,30,1,96,96)
w(1,14,1,97,97)
w(29,1,1,98,98)
r(5,3,1,99,99)
w(77,1,1,100,100)
w(65,1,1,101,101)
w(0,31,1,102,102)
w(25,3,1,103,103)
w(5,4,1,104,104)
w(3,9,1,105,105)
r(14,3,1,106,106)
w(10,7,1,107,107)
r(17,0,1,108,108)
r(0,31,1,109,109)
r(2,12,1,110,110)
w(8,5,1,111,111)
r(0,31,1,112,112)
r(0,31,1,113,113)
r(1,14,1,114,114)
r(87,0,1,115,115)
r(63,1,1,116,116)
w(19,2,1,117,117)
r(9,3,1,118,118)
w(1,15,1,119,119)
r(2,12,1,120,120)
w(2,13,1,121,121)
w(0,32,1,122,122)
w(26,2,1,123,123)
r(60,1,1,124,124)
r(3,9,1,125,125)
r(3,9,1,126,126)
w(61,2,1,127,127)
r(2,13,1,128,128)
w(14,4,1,129,129)
w(14,5,1,130,130)
r(1,15,1,131,131)
r(25,3,1,132,132)
w(70,2,1,133,133)
r(4,6,1,134,134)
r(95,1,1,135,135)
w(10,8,1,136,136)
r(40,3,1,137,137)
r(1,15,1,138,138)
w(4,7,1,139,139)
w(3,10,1,140,140)
w(56,1,1,141,141)
w(3,11,1,142,142)
r(1,15,1,143,143)
w(9,4,1,144,144)
w(4,8,1,145,145)
w(0,33,1,146,146)
r(32,1,1,147,147)
w(8,6,1,148,148)
r(3,11,1,149,149)
w(0,34,1,150,150)
r(7,5,1,151,151)
w(28,1,1,152,152)
r(0,34,1,153,153)
w(2,14,1,154,154)
r(0,34,1,155,155)
w(22,1,1,156,156)
w(49,2,1,157,157)
r(18,1,1,158,158)
r(2,14,1,159,159)
r(0,34,1,160,160)
r(3,11,1,161,161)
r(65,1,1,162,162)
w(49,3,1,163,163)
r(95,1,1,164,164)
w(0,35,1,165,165)
r(0,35,1,166,166)
w(40,4,1,167,167)
r(1,15,1,168,168)
r(0,35,1,169,169)
w(0,36,1,170,170)
w(27,2,1,171,171)
r(67,0,1,172,172)
w(3,12,1,173,173)
r(51,0,1,174,174)
r(5,4,1,175,175)
r(67,0,1,176,176)
w(67,1,1,177,177)
r(22,1,1,178,178)
w(53,1,1,179,179)
w(11,1,1,180,180)
w(6,11,1,181,181)
r(48,1,1,182,182)
r(0,36,1,183,183)
r(0,36,1,184,184)
r(64,1,1,185,185)
w(46,4,1,186,186)
r(1,15,1,187,187)
w(8,7,1,188,188)
w(76,1,1,189,189)
w(2,15,1,190,190)
r(2,15,1,191,191)
w(1,16,1,192,192)
r(12,1,1,193,193)
r(11,1,1,194,194)
w(53,2,1,195,195)
r(8,7,1,196,196)
r(49,3,1,197,197)
w(32,2,1,198,198)
w(0,37,1,199,199)
w(30,5,2,0,0)
w(0,38,2,1,1)
r(56,1,2,2,2)
r(6,11,2,3,3)
w(9,5,2,4,4)
r(0,38,2,5,5)
w(1,17,2,6,6)
w(5,5,2,7,7)
r(33,1,2,8,8)
w(21,2,2,9,9)
r(0,38,2,10,10)
w(15,2,2,11,11)
r(4,8,2,12,12)
w(49,4,2,13,13)
r(7,5,2,14,14)
w(9,6,2,15,15)
r(35,0,2,16,16)
w(68,1,2,17,17)
r(0,38,2,18,18)
r(40,4,2,19,19)
r(2,15,2,20,20)
r(0,38,2,21,21)
r(6,11,2,22,22)
w(1,18,2,23,23)
w(1,19,2,24,24)
w(73,2,2,25,25)
r(33,1,2,26,26)
r(2,15,2,27,27)
r(0,38,2,28,28)
w(17,1,2,29,29)
r(3,12,2,30,30)
r(54,1,2,31,31)
r(0,38,2,32,32)
w(0,39,2,33,33)
w(42,2,2,34,34)
w(5,6,2,35,35)
r(32,2,2,36,36)
w(59,1,2,37,37)
r(52,0,2,38,38)
r(20,2,2,39,39)
w(1,20,2,40,40)
w(7,6,2,41,41)
w(3,13,2,42,42)
w(1,21,2,43,43)
w(87,1,2,44,44)
r(2,15,2,45,45)
r(7,6,2,46,46)
r(86,1,2,47,47)
w(66,1,2,48,48)
w(5,7,2,49,49)
r(6,11,2,50,50)
w(4,9,2,51,51)
w(2,16,2,52,52)
r(10,8,2,53,53)
r(7,6,2,54,54)
w(94,1,2,55,55)
r(30,5,2,56,56)
r(28,1,2,57,57)
w(57,1,2,58,58)
w(6,12,2,59,59)
w(0,40,2,60,60)
w(1,22,2,61,61)
r(6,12,2,62,62)
r(10,8,2,63,63)
r(0,40,2,64,64)
w(4,10,2,65,65)
r(2,16,2,66,66)
w(0,41,2,67,67)
r(2,16,2,68,68)
w(65,2,2,69,69)
r(4,10,2,70,70)
r(45,1,2,71,71)
w(11,2,2,72,72)
r(2,16,2,73,73)
r(2,16,2,74,74)
w(2,17,2,75,75)
w(1,23,2,76,76)
r(89,0,2,77,77)
w(21,3,2,78,78)
r(0,41,2,79,79)
w(25,4,2,80,80)
w(52,1,2,81,81)
w(0,42,2,82,82)
r(37,0,2,83,83)
w(22,2,2,84,84)
r(0,42,2,85,85)
w(26,3,2,86,86)
r(0,42,2,87,87)
w(16,5,2,88,88)
w(2,18,2,89,89)
r(23,1,2,90,90)
w(1,24,2,91,91)
r(23,1,2,92,92)
r(71,0,2,93,93)
r(34,1,2,94,94)
r(4,10,2,95,95)
r(0,42,2,96,96)
w(1,25,2,97,97)
w(87,2,2,98,98)
w(11,3,2,99,99)
r(0,42,2,100,100)
w(64,2,2,101,101)
r(0,42,2,102,102)
w(53,3,2,103,103)
r(51,0,2,104,104)
r(0,42,2,105,105)
w(22,3,2,106,106)
w(8,8,2,107,107)
w(9,7,2,108,108)
w(5,8,2,109,109)
w(1,26,2,110,110)
w(19,3,2,111,111)
r(41,1,2,112,112)
w(9,8,2,113,113)
w(1,27,2,114,114)
r(94,1,2,115,115)
r(18,1,2,116,116)
w(5,9,2,117,117)
w(16,6,2,118,118)
r(5,9,2,119,119)
r(17,1,2,120,120)
r(81,1,2,121,121)
r(14,5,2,122,122)
r(0,42,2,123,123)
r(86,1,2,124,124)
r(47,0,2,125,125)
r(0,42,2,126,126)
w(0,43,2,127,127)
r(1,27,2,128,128)
r(1,27,2,129,129)
w(5,10,2,130,130)
r(6,12,2,131,131)
r(25,4,2,132,132)
r(2,18,2,133,133)
w(4,11,2,134,134)
r(21,3,2,135,135)
r(36,1,2,136,136)
w(57,2,2,137,137)
w(5,11,2,138,138)
r(8,8,2,139,139)
w(14,6,2,140,140)
w(2,19,2,141,141)
w(8,9,2,142,142)
w(6,13,2,143,143)
w(11,4,2,144,144)
w(24,2,2,145,145)
w(9,9,2,146,146)
r(1,27,2,147,147)
r(15,2,2,148,148)
r(58,0,2,149,149)
w(0,44,2,150,150)
r(1,27,2,151,151)
w(18,2,2,152,152)
w(1,28,2,153,153)
r(5,11,2,154,154)
w(26,4,2,155,155)
r(3,13,2,156,156)
r(24,2,2,157,157)
r(1,28,2,158,158)
w(91,3,2,159,159)
r(12,1,2,160,160)
r(15,2,2,161,161)
w(6,14,2,162,162)
r(0,44,2,163,163)
r(3,13,2,164,164)
w(82,1,2,165,165)
r(18,2,2,166,166)
r(1,28,2,167,167)
r(36,1,2,168,168)
r(85,1,2,169,169)
r(5,11,2,170,170)
r(91,3,2,171,171)
r(0,44,2,172,172)
r(0,44,2,173,173)
r(30,5,2,174,174)
r(0,44,2,175,175)
w(9,10,2,176,176)
w(31,1,2,177,177)
w(21,4,2,178,178)
w(0,45,2,179,179)
w(49,5,2,180,180)
w(7,7,2,181,181)
r(2,19,2,182,182)
r(1,28,2,183,183)
w(58,1,2,184,184)
w(55,2,2,185,185)
w(29,2,2,186,186)
r(65,2,2,187,187)
r(0,45,2,188,188)
r(7,7,2,189,189)
w(39,2,2,190,190)
r(87,2,2,191,191)
w(0,46,2,192,192)
r(40,4,2,193,193)
w(2,20,2,194,194)
w(87,3,2,195,195)
w(95,2,2,196,196)
w(19,4,2,197,197)
w(7,8,2,198,198)
r(0,46,2,199,199)
w(25,5,3,0,0)
r(0,46,3,1,1)
r(2,20,3,2,2)
w(2,21,3,3,3)
r(34,1,3,4,4)
w(1,29,3,5,5)
r(0,46,3,6,6)
r(1,29,3,7,7)
r(12,1,3,8,8)
w(0,47,3,9,9)
r(0,47,3,10,10)
w(27,3,3,11,11)
w(13,1,3,12,12)
r(1,29,3,13,13)
r(0,47,3,14,14)
r(2,21,3,15,15)
w(18,3,3,16,16)
r(9,10,3,17,17)
r(5,11,3,18,18)
w(2,22,3,19,19)
r(14,6,3,20,20)
w(37,1,3,21,21)
w(3,14,3,22,22)
w(17,2,3,23,23)
w(0,48,3,24,24)
w(1,30,3,25,25)
r(88,0,3,26,26)
r(41,1,3,27,27)
r(12,1,3,28,28)
w(0,49,3,29,29)
r(18,3,3,30,30)
r(3,14,3,31,31)
r(32,2,3,32,32)
w(3,15,3,33,33)
r(6,14,3,34,34)
w(4,12,3,35,35)
r(98,0,3,36,36)
w(88,1,3,37,37)
w(0,50,3,38,38)
r(2,22,3,39,39)
r(52,1,3,40,40)
r(33,1,3,41,41)
r(17,2,3,42,42)
r(0,50,3,43,43)
w(62,1,3,44,44)
r(2,22,3,45,45)
w(0,51,3,46,46)
w(29,3,3,47,47)
w(3,16,3,48,48)
r(2,22,3,49,49)
w(10,9,3,50,50)
w(0,52,3,51,51)
r(1,30,3,52,52)
w(3,17,3,53,53)
r(9,10,3,54,54)
r(2,22,3,55,55)
w(54,2,3,56,56)
w(0,53,3,57,57)
r(2,22,3,58,58)
w(1,31,3,59,59)
w(4,13,3,60,60)
r(0,53,3,61,61)
r(9,10,3,62,62)
w(0,54,3,63,63)
r(19,4,3,64,64)
w(16,7,3,65,65)
w(1,32,3,66,66)
r(0,54,3,67,67)
w(22,4,3,68,68)
r(90,0,3,69,69)
r(4,13,3,70,70)
w(66,2,3,71,71)
w(0,55,3,72,72)
w(8,10,3,73,73)
w(0,56,3,74,74)
w(85,2,3,75,75)
r(30,5,3,76,76)
r(1,32,3,77,77)
w(0,57,3,78,78)
w(0,58,3,79,79)
w(1,33,3,80,80)
r(30,5,3,81,81)
r(16,7,3,82,82)
r(3,17,3,83,83)
r(0,58,3,84,84)
w(23,2,3,85,85)
r(15,2,3,86,86)
w(0,59,3,87,87)
r(10,9,3,88,88)
w(6,15,3,89,89)
w(12,2,3,90,90)
r(4,13,3,91,91)
r(0,59,3,92,92)
r(43,0,3,93,93)
w(15,3,3,94,94)
r(0,59,3,95,95)
r(1,33,3,96,96)
r(0,59,3,97,97)
r(26,4,3,98,98)
w(70,3,3,99,99)
r(0,59,3,100,100)
w(2,23,3,101,101)
w(33,2,3,102,102)
w(1,34,3,103,103)
w(0,60,3,104,104)
r(2,23,3,105,105)
r(2,23,3,106,106)
r(0,60,3,107,107)
w(12,3,3,108,108)
w(19,5,3,109,109)
r(8,10,3,110,110)
r(9,10,3,111,111)
r(3,17,3,112,112)
w(63,2,3,113,113)
w(22,5,3,114,114)
w(0,61,3,115,115)
r(3,17,3,116,116)
r(23,2,3,117,117)
r(0,61,3,118,118)
w(1,35,3,119,119)
r(0,61,3,120,120)
w(52,2,3,121,121)
r(1,35,3,122,122)
w(0,62,3,123,123)
r(15,3,3,124,124)
w(2,24,3,125,125)
r(82,1,3,126,126)
r(3,17,3,127,127)
w(75,1,3,128,128)
r(6,15,3,129,129)
r(0,62,3,130,130)
r(0,62,3,131,131)
r(13,1,3,132,132)
w(1,36,3,133,133)
w(9,11,3,134,134)
r(78,0,3,135,135)
r(22,5,3,136,136)
w(69,2,3,137,137)
w(38,2,3,138,138)
w(4,14,3,139,139)
r(22,5,3,140,140)
w(0,63,3,141,141)
r(16,7,3,142,142)
r(0,63,3,143,143)
w(19,6,3,144,144)
r(13,1,3,145,145)
r(71,0,3,146,146)
r(0,63,3,147,147)
w(0,64,3,148,148)
r(0,64,3,149,149)
r(0,64,3,150,150)
w(7,9,3,151,151)
w(0,65,3,152,152)
r(0,65,3,153,153)
r(19,6,3,154,154)
r(4,14,3,155,155)
r(0,65,3,156,156)
w(45,2,3,157,157)
w(0,66,3,158,158)
r(33,2,3,159,159)
r(2,24,3,160,160)
r(2,24,3,161,161)
r(24,2,3,162,162)
w(16,8,3,163,163)
w(30,6,3,164,164)
w(0,67,3,165,165)
r(28,1,3,166,166)
w(12,4,3,167,167)
w(33,3,3,168,168)
w(13,2,3,169,169)
w(16,9,3,170,170)
r(0,67,3,171,171)
w(1,37,3,172,172)
r(9,11,3,173,173)
w(34,2,3,174,174)
r(5,11,3,175,175)
w(5,12,3,176,176)
w(48,2,3,177,177)
r(8,10,3,178,178)
r(34,2,3,179,179)
r(0,67,3,180,180)
r(4,14,3,181,181)
r(1,37,3,182,182)
r(48,2,3,183,183)
r(0,67,3,184,184)
r(11,4,3,185,185)
w(35,1,3,186,186)
w(44,1,3,187,187)
r(2,24,3,188,188)
w(78,1,3,189,189)
w(10,10,3,190,190)
w(1,38,3,191,191)
r(8,10,3,192,192)
r(19,6,3,193,193)
r(6,15,3,194,194)
w(8,11,3,195,195)
w(17,3,3,196,196)
w(3,18,3,197,197)
w(5,13,3,198,198)
w(24,3,3,199,199)
r(21,4,4,0,0)
r(3,18,4,1,1)
w(2,25,4,2,2)
w(3,19,4,3,3)
r(63,2,4,4,4)
r(6,15,4,5,5)
r(12,4,4,6,6)
r(41,1,4,7,7)
w(0,68,4,8,8)
w(7,10,4,9,9)
r(0,68,4,10,10)
r(1,38,4,11,11)
r(2,25,4,12,12)
w(0,69,4,13,13)
r(17,3,4,14,14)
w(1,39,4,15,15)
r(39,2,4,16,16)
w(3,20,4,17,17)
r(0,69,4,18,18)
w(1,40,4,19,19)
w(32,3,4,20,20)
r(1,40,4,21,21)
w(34,3,4,22,22)
w(9,12,4,23,23)
r(4,14,4,24,24)
w(5,14,4,25,25)
w(22,6,4,26,26)
r(0,69,4,27,27)
w(10,11,4,28,28)
w(34,4,4,29,29)
r(38,2,4,30,30)
w(3,21,4,31,31)
r(0,69,4,32,32)
w(39,3,4,33,33)
w(0,70,4,34,34)
r(22,6,4,35,35)
w(1,41,4,36,36)
r(35,1,4,37,37)
w(2,26,4,38,38)
w(21,5,4,39,39)
w(19,7,4,40,40)
w(4,15,4,41,41)
w(11,5,4,42,42)
r(0,70,4,43,43)
r(83,2,4,44,44)
w(0,71,4,45,45)
r(0,71,4,46,46)
r(3,21,4,47,47)
w(19,8,4,48,48)
r(6,15,4,49,49)
w(15,4,4,50,50)
w(39,4,4,51,51)
r(1,41,4,52,52)
w(0,72,4,53,53)
r(3,21,4,54,54)
r(0,72,4,55,55)
w(97,1,4,56,56)
w(19,9,4,57,57)
r(8,11,4,58,58)
r(1,41,4,59,59)
w(7,11,4,60,60)
w(1,42,4,61,61)
r(62,1,4,62,62)
r(0,72,4,63,63)
w(48,3,4,64,64)
r(5,14,4,65,65)
r(8,11,4,66,66)
r(5,14,4,67,67)
r(67,1,4,68,68)
w(22,7,4,69,69)
r(3,21,4,70,70)
w(0,73,4,71,71)
w(8,12,4,72,72)
r(35,1,4,73,73)
w(1,43,4,74,74)
r(52,2,4,75,75)
r(61,2,4,76,76)
r(91,3,4,77,77)
w(16,10,4,78,78)
w(2,27,4,79,79)
r(0,73,4,80,80)
w(4,16,4,81,81)
w(9,13,4,82,82)
r(13,2,4,83,83)
r(6,15,4,84,84)
w(29,4,4,85,85)
r(3,21,4,86,86)
w(20,3,4,87,87)
w(9,14,4,88,88)
w(6,16,4,89,89)
r(24,3,4,90,90)
r(57,2,4,91,91)
r(10,11,4,92,92)
r(23,2,4,93,93)
r(5,14,4,94,94)
r(15,4,4,95,95)
r(9,14,4,96,96)
r(6,16,4,97,97)
r(0,73,4,98,98)
w(2,28,4,99,99)
w(7,12,4,100,100)
r(28,1,4,101,101)
w(12,5,4,102,102)
r(17,3,4,103,103)
r(4,16,4,104,104)
w(34,5,4,105,105)
w(64,3,4,106,106)
r(99,0,4,107,107)
w(13,3,4,108,108)
w(20,4,4,109,109)
r(15,4,4,110,110)
w(0,74,4,111,111)
w(5,15,4,112,112)
r(2,28,4,113,113)
w(5,16,4,114,114)
w(0,75,4,115,115)
w(20,5,4,116,116)
w(1,44,4,117,117)
r(10,11,4,118,118)
w(0,76,4,119,119)
w(78,2,4,120,120)
r(0,76,4,121,121)
w(15,5,4,122,122)
w(82,2,4,123,123)
r(22,7,4,124,124)
w(1,45,4,125,125)
w(6,17,4,126,126)
r(34,5,4,127,127)
w(21,6,4,128,128)
r(3,21,4,129,129)
w(0,77,4,130,130)
w(5,17,4,131,131)
w(17,4,4,132,132)
w(2,29,4,133,133)
r(2,29,4,134,134)
r(3,21,4,135,135)
r(96,1,4,136,136)
w(36,2,4,137,137)
r(0,77,4,138,138)
w(4,17,4,139,139)
r(0,77,4,140,140)
r(25,5,4,141,141)
r(2,29,4,142,142)
r(26,4,4,143,143)
r(72,0,4,144,144)
r(2,29,4,145,145)
r(25,5,4,146,146)
w(94,2,4,147,147)
r(2,29,4,148,148)
r(0,77,4,149,149)
r(34,5,4,150,150)
r(78,2,4,151,151)
w(22,8,4,152,152)
r(4,17,4,153,153)
r(22,8,4,154,154)
r(33,3,4,155,155)
r(0,77,4,156,156)
w(99,1,4,157,157)
w(0,78,4,158,158)
w(4,18,4,159,159)
w(12,6,4,160,160)
w(2,30,4,161,161)
r(13,3,4,162,162)
r(16,10,4,163,163)
r(3,21,4,164,164)
r(5,17,4,165,165)
w(14,7,4,166,166)
w(12,7,4,167,167)
r(17,4,4,168,168)
r(0,78,4,169,169)
r(7,12,4,170,170)
r(20,5,4,171,171)
w(1,46,4,172,172)
w(1,47,4,173,173)
r(22,8,4,174,174)
r(94,2,4,175,175)
r(33,3,4,176,176)
w(1,48,4,177,177)
r(0,78,4,178,178)
w(10,12,4,179,179)
w(13,4,4,180,180)
r(3,21,4,181,181)
r(0,78,4,182,182)
w(73,3,4,183,183)
w(12,8,4,184,184)
w(17,5,4,185,185)
r(0,78,4,186,186)
r(52,2,4,187,187)
w(0,79,4,188,188)
r(34,5,4,189,189)
w(4,19,4,190,190)
w(1,49,4,191,191)
w(12,9,4,192,192)
w(8,13,4,193,193)
w(16,11,4,194,194)
r(3,21,4,195,195)
r(93,0,4,196,196)
w(64,4,4,197,197)
r(94,2,4,198,198)
r(40,4,4,199,199)
r(14,7,5,0,0)
r(30,6,5,1,1)
w(2,31,5,2,2)
r(97,1,5,3,3)
r(1,49,5,4,4)
w(1,50,5,5,5)
r(0,79,5,6,6)
w(25,6,5,7,7)
r(5,17,5,8,8)
w(1,51,5,9,9)
r(2,31,5,10,10)
r(0,79,5,11,11)
w(10,13,5,12,12)
w(1,52,5,13,13)
w(3,22,5,14,14)
w(0,80,5,15,15)
r(32,3,5,16,16)
r(0,80,5,17,17)
w(23,3,5,18,18)
w(0,81,5,19,19)
r(13,4,5,20,20)
r(34,5,5,21,21)
w(17,6,5,22,22)
r(3,22,5,23,23)
r(38,2,5,24,24)
r(1,52,5,25,25)
r(6,17,5,26,26)
r(1,52,5,27,27)
w(12,10,5,28,28)
w(83,3,5,29,29)
r(11,5,5,30,30)
r(8,13,5,31,31)
r(0,81,5,32,32)
w(1,53,5,33,33)
r(1,53,5,34,34)
w(9,15,5,35,35)
w(38,3,5,36,36)
w(1,54,5,37,37)
w(18,4,5,38,38)
r(12,10,5,39,39)
w(0,82,5,40,40)
w(0,83,5,41,41)
w(0,84,5,42,42)
w(40,5,5,43,43)
r(0,84,5,44,44)
w(93,1,5,45,45)
w(0,85,5,46,46)
r(24,3,5,47,47)
r(37,1,5,48,48)
r(2,31,5,49,49)
r(7,12,5,50,50)
w(19,10,5,51,51)
w(77,2,5,52,52)
r(9,15,5,53,53)
w(0,86,5,54,54)
r(33,3,5,55,55)
w(46,5,5,56,56)
r(1,54,5,57,57)
r(0,86,5,58,58)
r(9,15,5,59,59)
r(3,22,5,60,60)
w(16,12,5,61,61)
w(0,87,5,62,62)
w(1,55,5,63,63)
w(11,6,5,64,64)
w(3,23,5,65,65)
r(3,23,5,66,66)
w(17,7,5,67,67)
r(12,10,5,68,68)
r(1,55,5,69,69)
w(48,4,5,70,70)
w(6,18,5,71,71)
r(4,19,5,72,72)
r(71,0,5,73,73)
w(0,88,5,74,74)
w(3,24,5,75,75)
r(18,4,5,76,76)
w(2,32,5,77,77)
w(20,6,5,78,78)
r(2,32,5,79,79)
w(1,56,5,80,80)
w(4,20,5,81,81)
r(2,32,5,82,82)
r(6,18,5,83,83)
r(37,1,5,84,84)
w(0,89,5,85,85)
w(10,14,5,86,86)
r(0,89,5,87,87)
w(4,21,5,88,88)
w(14,8,5,89,89)
r(19,10,5,90,90)
r(4,21,5,91,91)
r(9,15,5,92,92)
w(2,33,5,93,93)
w(6,19,5,94,94)
r(1,56,5,95,95)
r(11,6,5,96,96)
r(50,2,5,97,97)
w(0,90,5,98,98)
w(25,7,5,99,99)
w(3,25,5,100,100)
w(37,2,5,101,101)
w(3,26,5,102,102)
w(15,6,5,103,103)
w(3,27,5,104,104)
r(0,90,5,105,105)
w(33,4,5,106,106)
r(68,1,5,107,107)
r(2,33,5,108,108)
r(9,15,5,109,109)
w(3,28,5,110,110)
r(27,3,5,111,111)
r(75,1,5,112,112)
w(0,91,5,113,113)
w(4,22,5,114,114)
r(74,1,5,115,115)
w(4,23,5,116,116)
w(62,2,5,117,117)
r(26,4,5,118,118)
r(16,12,5,119,119)
w(60,2,5,120,120)
r(5,17,5,121,121)
r(13,4,5,122,122)
r(1,56,5,123,123)
r(0,91,5,124,124)
r(0,91,5,125,125)
w(10,15,5,126,126)
w(8,14,5,127,127)
r(14,8,5,128,128)
w(1,57,5,129,129)
r(2,33,5,130,130)
r(2,33,5,131,131)
w(2,34,5,132,132)
r(10,15,5,133,133)
w(79,1,5,134,134)
w(2,35,5,135,135)
w(1,58,5,136,136)
w(3,29,5,137,137)
w(2,36,5,138,138)
r(19,10,5,139,139)
r(97,1,5,140,140)
r(1,58,5,141,141)
w(1,59,5,142,142)
w(7,13,5,143,143)
r(1,59,5,144,144)
r(44,1,5,145,145)
r(17,7,5,146,146)
r(18,4,5,147,147)
r(21,6,5,148,148)
w(1,60,5,149,149)
r(11,6,5,150,150)
r(1,60,5,151,151)
w(5,18,5,152,152)
r(19,10,5,153,153)
r(29,4,5,154,154)
w(6,20,5,155,155)
r(35,1,5,156,156)
w(18,5,5,157,157)
w(1,61,5,158,158)
r(7,13,5,159,159)
w(0,92,5,160,160)
r(1,61,5,161,161)
w(21,7,5,162,162)
r(2,36,5,163,163)
w(0,93,5,164,164)
r(23,3,5,165,165)
w(5,19,5,166,166)
r(3,29,5,167,167)
r(42,2,5,168,168)
r(23,3,5,169,169)
w(93,2,5,170,170)
r(14,8,5,171,171)
w(27,4,5,172,172)
w(0,94,5,173,173)
w(0,95,5,174,174)
r(49,5,5,175,175)
r(81,1,5,176,176)
w(0,96,5,177,177)
w(4,24,5,178,178)
r(9,15,5,179,179)
w(10,16,5,180,180)
w(3,30,5,181,181)
w(87,4,5,182,182)
r(3,30,5,183,183)
r(16,12,5,184,184)
r(2,36,5,185,185)
r(92,0,5,186,186)
w(1,62,5,187,187)
r(4,24,5,188,188)
r(0,96,5,189,189)
r(0,96,5,190,190)
r(0,96,5,191,191)
r(89,0,5,192,192)
r(0,96,5,193,193)
r(0,96,5,194,194)
r(33,4,5,195,195)
r(0,96,5,196,196)
w(0,97,5,197,197)
r(12,10,5,198,198)
r(0,97,5,199,199)
w(1,63,6,0,0)
w(37,3,6,1,1)
w(46,6,6,2,2)
w(10,17,6,3,3)
w(0,98,6,4,4)
w(0,99,6,5,5)
w(73,4,6,6,6)
r(1,63,6,7,7)
w(16,13,6,8,8)
r(96,1,6,9,9)
w(3,31,6,10,10)
w(54,3,6,11,11)
w(46,7,6,12,12)
w(14,9,6,13,13)
r(4,24,6,14,14)
r(0,99,6,15,15)
w(3,32,6,16,16)
r(0,99,6,17,17)
r(2,36,6,18,18)
w(0,100,6,19,19)
w(9,16,6,20,20)
r(7,13,6,21,21)
r(1,63,6,22,22)
r(38,3,6,23,23)
w(0,101,6,24,24)
r(0,101,6,25,25)
r(16,13,6,26,26)
w(20,7,6,27,27)
r(6,20,6,28,28)
r(14,9,6,29,29)
r(12,10,6,30,30)
r(0,101,6,31,31)
r(36,2,6,32,32)
r(8,14,6,33,33)
w(22,9,6,34,34)
r(0,101,6,35,35)
w(13,5,6,36,36)
w(67,2,6,37,37)
r(17,7,6,38,38)
r(0,101,6,39,39)
r(3,32,6,40,40)
r(11,6,6,41,41)
r(0,101,6,42,42)
w(8,15,6,43,43)
r(0,101,6,44,44)
w(0,102,6,45,45)
r(77,2,6,46,46)
r(1,63,6,47,47)
r(4,24,6,48,48)
r(36,2,6,49,49)
r(1,63,6,50,50)
r(0,102,6,51,51)
r(0,102,6,52,52)
r(57,2,6,53,53)
w(1,64,6,54,54)
r(12,10,6,55,55)
w(2,37,6,56,56)
r(3,32,6,57,57)
w(0,103,6,58,58)
r(10,17,6,59,59)
w(0,104,6,60,60)
r(13,5,6,61,61)
w(0,105,6,62,62)
r(0,105,6,63,63)
w(11,7,6,64,64)
w(0,106,6,65,65)
w(0,107,6,66,66)
r(31,1,6,67,67)
w(11,8,6,68,68)
r(0,107,6,69,69)
r(1,64,6,70,70)
r(4,24,6,71,71)
r(4,24,6,72,72)
w(8,16,6,73,73)
r(0,107,6,74,74)
r(6,20,6,75,75)
w(5,20,6,76,76)
w(2,38,6,77,77)
w(0,108,6,78,78)
r(1,64,6,79,79)
w(28,2,6,80,80)
w(0,109,6,81,81)
w(88,2,6,82,82)
r(19,10,6,83,83)
w(0,110,6,84,84)
w(11,9,6,85,85)
w(0,111,6,86,86)
w(2,39,6,87,87)
r(8,16,6,88,88)
r(48,4,6,89,89)
w(10,18,6,90,90)
r(19,10,6,91,91)
r(0,111,6,92,92)
r(20,7,6,93,93)
r(11,9,6,94,94)
w(0,112,6,95,95)
w(18,6,6,96,96)
r(0,112,6,97,97)
w(0,113,6,98,98)
w(25,8,6,99,99)
r(14,9,6,100,100)
w(2,40,6,101,101)
w(23,4,6,102,102)
w(12,11,6,103,103)
w(7,14,6,104,104)
r(1,64,6,105,105)
r(0,113,6,106,106)
r(3,32,6,107,107)
w(3,33,6,108,108)
w(0,114,6,109,109)
r(0,114,6,110,110)
w(29,5,6,111,111)
r(0,114,6,112,112)
r(13,5,6,113,113)
r(63,2,6,114,114)
r(6,20,6,115,115)
w(0,115,6,116,116)
r(0,115,6,117,117)
w(3,34,6,118,118)
r(40,5,6,119,119)
r(4,24,6,120,120)
w(0,116,6,121,121)
w(15,7,6,122,122)
w(7,15,6,123,123)
r(28,2,6,124,124)
r(0,116,6,125,125)
r(1,64,6,126,126)
r(0,116,6,127,127)
r(78,2,6,128,128)
w(15,8,6,129,129)
r(0,116,6,130,130)
w(43,1,6,131,131)
r(53,3,6,132,132)
w(6,21,6,133,133)
r(7,15,6,134,134)
w(3,35,6,135,135)
w(57,3,6,136,136)
r(22,9,6,137,137)
r(81,1,6,138,138)
w(18,7,6,139,139)
r(26,4,6,140,140)
w(13,6,6,141,141)
w(4,25,6,142,142)
w(3,36,6,143,143)
w(1,65,6,144,144)
r(6,21,6,145,145)
r(66,2,6,146,146)
w(82,3,6,147,147)
w(0,117,6,148,148)
r(9,16,6,149,149)
w(4,26,6,150,150)
r(0,117,6,151,151)
r(20,7,6,152,152)
w(7,16,6,153,153)
w(0,118,6,154,154)
w(26,5,6,155,155)
r(6,21,6,156,156)
r(3,36,6,157,157)
r(0,118,6,158,158)
w(66,3,6,159,159)
w(14,10,6,160,160)
r(6,21,6,161,161)
r(39,4,6,162,162)
r(1,65,6,163,163)
r(2,40,6,164,164)
w(1,66,6,165,165)
r(0,118,6,166,166)
w(0,119,6,167,167)
r(7,16,6,168,168)
r(2,40,6,169,169)
r(8,16,6,170,170)
w(7,17,6,171,171)
w(29,6,6,172,172)
w(0,120,6,173,173)
w(43,2,6,174,174)
r(43,2,6,175,175)
r(0,120,6,176,176)
w(16,14,6,177,177)
w(0,121,6,178,178)
r(6,21,6,179,179)
w(26,6,6,180,180)
w(7,18,6,181,181)
r(9,16,6,182,182)
w(45,3,6,183,183)
w(9,17,6,184,184)
w(73,5,6,185,185)
r(25,8,6,186,186)
w(32,4,6,187,187)
w(8,17,6,188,188)
r(0,121,6,189,189)
r(24,3,6,190,190)
r(24,3,6,191,191)
w(0,122,6,192,192)
r(0,122,6,193,193)
r(98,0,6,194,194)
r(10,18,6,195,195)
w(48,5,6,196,196)
r(5,20,6,197,197)
r(3,36,6,198,198)
r(4,26,6,199,199)
r(39,4,7,0,0)
r(1,66,7,1,1)
r(5,20,7,2,2)
w(0,123,7,3,3)
w(79,2,7,4,4)
w(0,124,7,5,5)
r(2,40,7,6,6)
w(1,67,7,7,7)
w(18,8,7,8,8)
r(0,124,7,9,9)
w(58,2,7,10,10)
w(8,18,7,11,11)
r(62,2,7,12,12)
r(18,8,7,13,13)
w(31,2,7,14,14)
w(2,41,7,15,15)
w(2,42,7,16,16)
w(0,125,7,17,17)
w(1,68,7,18,18)
r(1,68,7,19,19)
w(29,7,7,20,20)
r(3,36,7,21,21)
r(0,125,7,22,22)
w(5,21,7,23,23)
w(39,5,7,24,24)
r(1,68,7,25,25)
w(2,43,7,26,26)
r(0,125,7,27,27)
r(5,21,7,28,28)
w(14,11,7,29,29)
w(8,19,7,30,30)
r(0,125,7,31,31)
w(19,11,7,32,32)
w(1,69,7,33,33)
r(79,2,7,34,34)
w(2,44,7,35,35)
w(86,2,7,36,36)
w(35,2,7,37,37)
r(52,2,7,38,38)
w(1,70,7,39,39)
r(3,36,7,40,40)
w(26,7,7,41,41)
w(21,8,7,42,42)
r(6,21,7,43,43)
w(7,19,7,44,44)
r(24,3,7,45,45)
w(16,15,7,46,46)
r(31,2,7,47,47)
w(38,4,7,48,48)
r(1,70,7,49,49)
w(99,2,7,50,50)
r(1,70,7,51,51)
w(53,4,7,52,52)
r(0,125,7,53,53)
r(19,11,7,54,54)
r(6,21,7,55,55)
w(1,71,7,56,56)
r(86,2,7,57,57)
r(37,3,7,58,58)
w(12,12,7,59,59)
r(23,4,7,60,60)
r(0,125,7,61,61)
w(41,2,7,62,62)
r(1,71,7,63,63)
r(1,71,7,64,64)
w(2,45,7,65,65)
w(2,46,7,66,66)
r(9,17,7,67,67)
r(46,7,7,68,68)
w(19,12,7,69,69)
w(0,126,7,70,70)
w(30,7,7,71,71)
r(21,8,7,72,72)
r(1,71,7,73,73)
r(68,1,7,74,74)
r(0,126,7,75,75)
w(52,3,7,76,76)
r(0,126,7,77,77)
r(8,19,7,78,78)
w(18,9,7,79,79)
w(9,18,7,80,80)
w(39,6,7,81,81)
r(1,71,7,82,82)
w(69,3,7,83,83)
r(48,5,7,84,84)
w(0,127,7,85,85)
w(0,128,7,86,86)
w(0,129,7,87,87)
w(6,22,7,88,88)
w(11,10,7,89,89)
r(0,129,7,90,90)
r(45,3,7,91,91)
w(0,130,7,92,92)
w(0,131,7,93,93)
w(10,19,7,94,94)
w(0,132,7,95,95)
w(18,10,7,96,96)
r(10,19,7,97,97)
w(0,133,7,98,98)
r(0,133,7,99,99)
r(24,3,7,100,100)
w(10,20,7,101,101)
r(32,4,7,102,102)
w(0,134,7,103,103)
r(39,6,7,104,104)
r(3,36,7,105,105)
r(2,46,7,106,106)
r(7,19,7,107,107)
r(60,2,7,108,108)
r(5,21,7,109,109)
w(2,47,7,110,110)
w(16,16,7,111,111)
r(0,134,7,112,112)
w(75,2,7,113,113)
r(1,71,7,114,114)
r(26,7,7,115,115)
w(3,37,7,116,116)
r(2,47,7,117,117)
r(92,0,7,118,118)
r(7,19,7,119,119)
r(4,26,7,120,120)
r(35,2,7,121,121)
r(95,2,7,122,122)
w(15,9,7,123,123)
w(13,7,7,124,124)
w(10,21,7,125,125)
r(67,2,7,126,126)
r(18,10,7,127,127)
w(9,19,7,128,128)
r(58,2,7,129,129)
w(55,3,7,130,130)
r(4,26,7,131,131)
r(10,21,7,132,132)
w(15,10,7,133,133)
w(9,20,7,134,134)
w(0,135,7,135,135)
w(2,48,7,136,136)
w(0,136,7,137,137)
r(12,12,7,138,138)
w(51,1,7,139,139)
r(1,71,7,140,140)
w(5,22,7,141,141)
w(35,3,7,142,142)
r(28,2,7,143,143)
w(45,4,7,144,144)
r(9,20,7,145,145)
w(0,137,7,146,146)
r(38,4,7,147,147)
w(3,38,7,148,148)
w(21,9,7,149,149)
w(0,138,7,150,150)
r(7,19,7,151,151)
r(5,22,7,152,152)
w(2,49,7,153,153)
w(9,21,7,154,154)
w(0,139,7,155,155)
w(11,11,7,156,156)
w(0,140,7,157,157)
r(10,21,7,158,158)
r(0,140,7,159,159)
r(1,71,7,160,160)
w(1,72,7,161,161)
w(14,12,7,162,162)
r(64,4,7,163,163)
w(0,141,7,164,164)
w(5,23,7,165,165)
w(22,10,7,166,166)
w(29,8,7,167,167)
w(0,142,7,168,168)
w(1,73,7,169,169)
w(1,74,7,170,170)
w(67,3,7,171,171)
r(5,23,7,172,172)
w(0,143,7,173,173)
w(8,20,7,174,174)
r(21,9,7,175,175)
r(3,38,7,176,176)
w(23,5,7,177,177)
r(5,23,7,178,178)
r(26,7,7,179,179)
w(14,13,7,180,180)
w(27,5,7,181,181)
w(65,3,7,182,182)
w(37,4,7,183,183)
r(0,143,7,184,184)
r(59,1,7,185,185)
r(2,49,7,186,186)
r(7,19,7,187,187)
r(30,7,7,188,188)
r(29,8,7,189,189)
r(1,74,7,190,190)
w(84,1,7,191,191)
r(58,2,7,192,192)
r(20,7,7,193,193)
w(15,11,7,194,194)
w(99,3,7,195,195)
w(0,144,7,196,196)
w(18,11,7,197,197)
w(27,6,7,198,198)
r(1,74,7,199,199)
r(82,3,8,0,0)
r(65,3,8,1,1)
w(0,145,8,2,2)
w(0,146,8,3,3)
w(0,147,8,4,4)
r(18,11,8,5,5)
w(0,148,8,6,6)
r(1,74,8,7,7)
r(0,148,8,8,8)
w(0,149,8,9,9)
w(62,3,8,10,10)
r(55,3,8,11,11)
r(0,149,8,12,12)
w(7,20,8,13,13)
w(51,2,8,14,14)
r(32,4,8,15,15)
r(7,20,8,16,16)
w(8,21,8,17,17)
w(19,13,8,18,18)
r(5,23,8,19,19)
w(0,150,8,20,20)
w(1,75,8,21,21)
r(7,20,8,22,22)
r(1,75,8,23,23)
w(1,76,8,24,24)
r(60,2,8,25,25)
w(90,1,8,26,26)
w(2,50,8,27,27)
w(0,151,8,28,28)
r(1,76,8,29,29)
r(4,26,8,30,30)
w(22,11,8,31,31)
w(20,8,8,32,32)
w(56,2,8,33,33)
w(0,152,8,34,34)
r(0,152,8,35,35)
r(0,152,8,36,36)
w(0,153,8,37,37)
r(93,2,8,38,38)
r(4,26,8,39,39)
r(0,153,8,40,40)
r(0,153,8,41,41)
w(17,8,8,42,42)
r(3,38,8,43,43)
w(96,2,8,44,44)
r(0,153,8,45,45)
w(6,23,8,46,46)
r(1,76,8,47,47)
w(13,8,8,48,48)
r(37,4,8,49,49)
r(0,153,8,50,50)
w(0,154,8,51,51)
r(39,6,8,52,52)
w(62,4,8,53,53)
w(0,155,8,54,54)
r(4,26,8,55,55)
r(1,76,8,56,56)
w(4,27,8,57,57)
w(12,13,8,58,58)
r(14,13,8,59,59)
r(68,1,8,60,60)
w(80,2,8,61,61)
w(8,22,8,62,62)
w(11,12,8,63,63)
w(9,22,8,64,64)
w(1,77,8,65,65)
r(9,22,8,66,66)
w(1,78,8,67,67)
r(0,155,8,68,68)
w(13,9,8,69,69)
w(62,5,8,70,70)
r(0,155,8,71,71)
r(28,2,8,72,72)
r(4,27,8,73,73)
r(77,2,8,74,74)
r(83,3,8,75,75)
w(74,2,8,76,76)
r(62,5,8,77,77)
r(43,2,8,78,78)
w(32,5,8,79,79)
r(19,13,8,80,80)
r(1,78,8,81,81)
r(1,78,8,82,82)
r(67,3,8,83,83)
r(0,155,8,84,84)
r(2,50,8,85,85)
r(39,6,8,86,86)
w(1,79,8,87,87)
r(8,22,8,88,88)
w(7,21,8,89,89)
w(0,156,8,90,90)
r(3,38,8,91,91)
w(16,17,8,92,92)
r(13,9,8,93,93)
r(0,156,8,94,94)
w(1,80,8,95,95)
r(2,50,8,96,96)
w(1,81,8,97,97)
r(0,156,8,98,98)
r(31,2,8,99,99)
w(4,28,8,100,100)
w(36,3,8,101,101)
w(0,157,8,102,102)
r(2,50,8,103,103)
r(8,22,8,104,104)
r(0,157,8,105,105)
w(78,3,8,106,106)
r(17,8,8,107,107)
r(61,2,8,108,108)
r(1,81,8,109,109)
w(0,158,8,110,110)
r(14,13,8,111,111)
r(21,9,8,112,112)
r(0,158,8,113,113)
w(35,4,8,114,114)
r(1,81,8,115,115)
w(0,159,8,116,116)
w(1,82,8,117,117)
w(0,160,8,118,118)
w(12,14,8,119,119)
r(9,22,8,120,120)
w(0,161,8,121,121)
w(7,22,8,122,122)
r(27,6,8,123,123)
w(6,24,8,124,124)
w(21,10,8,125,125)
r(7,22,8,126,126)
r(62,5,8,127,127)
r(38,4,8,128,128)
r(35,4,8,129,129)
r(13,9,8,130,130)
r(16,17,8,131,131)
r(4,28,8,132,132)
w(24,4,8,133,133)
r(2,50,8,134,134)
r(0,161,8,135,135)
r(47,0,8,136,136)
w(6,25,8,137,137)
w(51,3,8,138,138)
r(6,25,8,139,139)
w(26,8,8,140,140)
r(11,12,8,141,141)
w(3,39,8,142,142)
w(3,40,8,143,143)
w(32,6,8,144,144)
w(46,8,8,145,145)
w(16,18,8,146,146)
r(0,161,8,147,147)
r(1,82,8,148,148)
r(89,0,8,149,149)
w(38,5,8,150,150)
w(78,4,8,151,151)
w(6,26,8,152,152)
w(13,10,8,153,153)
w(0,162,8,154,154)
w(34,6,8,155,155)
r(1,82,8,156,156)
r(34,6,8,157,157)
w(61,3,8,158,158)
r(91,3,8,159,159)
w(9,23,8,160,160)
w(18,12,8,161,161)
w(30,8,8,162,162)
w(1,83,8,163,163)
r(2,50,8,164,164)
r(1,83,8,165,165)
r(9,23,8,166,166)
r(0,162,8,167,167)
w(13,11,8,168,168)
r(13,11,8,169,169)
w(22,12,8,170,170)
r(19,13,8,171,171)
w(9,24,8,172,172)
w(1,84,8,173,173)
r(42,2,8,174,174)
w(58,3,8,175,175)
w(19,14,8,176,176)
w(54,4,8,177,177)
w(9,25,8,178,178)
r(0,162,8,179,179)
r(19,14,8,180,180)
w(1,85,8,181,181)
w(34,7,8,182,182)
r(0,162,8,183,183)
r(4,28,8,184,184)
w(0,163,8,185,185)
w(2,51,8,186,186)
r(37,4,8,187,187)
r(2,51,8,188,188)
w(0,164,8,189,189)
w(39,7,8,190,190)
w(5,24,8,191,191)
r(72,0,8,192,192)
r(5,24,8,193,193)
r(2,51,8,194,194)
w(0,165,8,195,195)
r(2,51,8,196,196)
w(41,3,8,197,197)
w(1,86,8,198,198)
w(54,5,8,199,199)
r(12,14,9,0,0)
w(0,166,9,1,1)
r(3,40,9,2,2)
r(0,166,9,3,3)
w(0,167,9,4,4)
w(31,3,9,5,5)
w(1,87,9,6,6)
r(13,11,9,7,7)
r(27,6,9,8,8)
r(0,167,9,9,9)
w(1,88,9,10,10)
w(46,9,9,11,11)
w(2,52,9,12,12)
w(71,1,9,13,13)
w(4,29,9,14,14)
r(0,167,9,15,15)
w(2,53,9,16,16)
w(11,13,9,17,17)
r(18,12,9,18,18)
r(11,13,9,19,19)
r(0,167,9,20,20)
r(11,13,9,21,21)
r(7,22,9,22,22)
w(12,15,9,23,23)
w(6,27,9,24,24)
w(8,23,9,25,25)
r(6,27,9,26,26)
w(0,168,9,27,27)
r(13,11,9,28,28)
r(85,2,9,29,29)
r(1,88,9,30,30)
w(18,13,9,31,31)
r(7,22,9,32,32)
w(1,89,9,33,33)
w(8,24,9,34,34)
r(11,13,9,35,35)
r(0,168,9,36,36)
r(0,168,9,37,37)
w(13,12,9,38,38)
w(37,5,9,39,39)
r(68,1,9,40,40)
w(3,41,9,41,41)
r(0,168,9,42,42)
r(0,168,9,43,43)
w(1,90,9,44,44)
w(1,91,9,45,45)
w(0,169,9,46,46)
w(24,5,9,47,47)
w(0,170,9,48,48)
w(65,4,9,49,49)
w(74,3,9,50,50)
r(23,5,9,51,51)
r(0,170,9,52,52)
r(12,15,9,53,53)
w(9,26,9,54,54)
w(15,12,9,55,55)
r(8,24,9,56,56)
r(6,27,9,57,57)
w(59,2,9,58,58)
r(3,41,9,59,59)
w(49,6,9,60,60)
w(30,9,9,61,61)
w(2,54,9,62,62)
w(3,42,9,63,63)
w(27,7,9,64,64)
r(14,13,9,65,65)
r(0,170,9,66,66)
r(31,3,9,67,67)
w(26,9,9,68,68)
w(28,3,9,69,69)
w(31,4,9,70,70)
r(0,170,9,71,71)
w(57,4,9,72,72)
r(61,3,9,73,73)
w(2,55,9,74,74)
w(13,13,9,75,75)
w(18,14,9,76,76)
w(1,92,9,77,77)
r(30,9,9,78,78)
w(85,3,9,79,79)
r(4,29,9,80,80)
w(0,171,9,81,81)
r(36,3,9,82,82)
r(1,92,9,83,83)
r(21,10,9,84,84)
w(0,172,9,85,85)
w(8,25,9,86,86)
r(48,5,9,87,87)
r(22,12,9,88,88)
w(77,3,9,89,89)
r(0,172,9,90,90)
r(5,24,9,91,91)
r(1,92,9,92,92)
w(20,9,9,93,93)
r(0,172,9,94,94)
r(34,7,9,95,95)
r(21,10,9,96,96)
r(10,21,9,97,97)
r(70,3,9,98,98)
w(49,7,9,99,99)
w(2,56,9,100,100)
r(0,172,9,101,101)
r(44,1,9,102,102)
w(11,14,9,103,103)
r(0,172,9,104,104)
w(4,30,9,105,105)
w(95,3,9,106,106)
w(63,3,9,107,107)
r(0,172,9,108,108)
r(21,10,9,109,109)
w(82,4,9,110,110)
w(1,93,9,111,111)
r(4,30,9,112,112)
r(1,93,9,113,113)
r(48,5,9,114,114)
w(0,173,9,115,115)
w(5,25,9,116,116)
w(61,4,9,117,117)
r(30,9,9,118,118)
w(9,27,9,119,119)
r(9,27,9,120,120)
r(12,15,9,121,121)
r(0,173,9,122,122)
r(21,10,9,123,123)
r(10,21,9,124,124)
r(14,13,9,125,125)
r(16,18,9,126,126)
w(2,57,9,127,127)
w(2,58,9,128,128)
r(5,25,9,129,129)
r(2,58,9,130,130)
w(50,3,9,131,131)
r(0,173,9,132,132)
w(22,13,9,133,133)
w(0,174,9,134,134)
w(0,175,9,135,135)
r(0,175,9,136,136)
r(0,175,9,137,137)
w(15,13,9,138,138)
w(8,26,9,139,139)
r(0,175,9,140,140)
w(40,6,9,141,141)
r(0,175,9,142,142)
w(1,94,9,143,143)
r(5,25,9,144,144)
r(15,13,9,145,145)
w(19,15,9,146,146)
w(1,95,9,147,147)
r(6,27,9,148,148)
r(20,9,9,149,149)
r(23,5,9,150,150)
w(0,176,9,151,151)
r(1,95,9,152,152)
r(2,58,9,153,153)
r(98,0,9,154,154)
w(1,96,9,155,155)
w(0,177,9,156,156)
w(14,14,9,157,157)
r(1,96,9,158,158)
r(34,7,9,159,159)
r(0,177,9,160,160)
r(55,3,9,161,161)
w(1,97,9,162,162)
r(31,4,9,163,163)
r(67,3,9,164,164)
w(13,14,9,165,165)
r(18,14,9,166,166)
w(22,14,9,167,167)
r(30,9,9,168,168)
w(3,43,9,169,169)
r(1,97,9,170,170)
r(48,5,9,171,171)
r(9,27,9,172,172)
w(3,44,9,173,173)
r(0,177,9,174,174)
r(12,15,9,175,175)
r(80,2,9,176,176)
r(6,27,9,177,177)
r(0,177,9,178,178)
r(12,15,9,179,179)
r(7,22,9,180,180)
w(59,3,9,181,181)
w(35,5,9,182,182)
r(0,177,9,183,183)
w(0,178,9,184,184)
r(1,97,9,185,185)
w(0,179,9,186,186)
r(16,18,9,187,187)
w(5,26,9,188,188)
r(14,14,9,189,189)
w(0,180,9,190,190)
w(10,22,9,191,191)
w(4,31,9,192,192)
w(0,181,9,193,193)
w(4,32,9,194,194)
r(30,9,9,195,195)
r(11,14,9,196,196)
w(35,6,9,197,197)
w(48,6,9,198,198)
r(5,26,9,199,199)
w(20,10,10,0,0)
r(99,3,10,1,1)
w(5,27,10,2,2)
w(36,4,10,3,3)
r(2,58,10,4,4)
r(1,97,10,5,5)
w(0,182,10,6,6)
r(34,7,10,7,7)
w(4,33,10,8,8)
r(1,97,10,9,9)
w(57,5,10,10,10)
r(0,182,10,11,11)
r(0,182,10,12,12)
w(0,183,10,13,13)
r(1,97,10,14,14)
w(0,184,10,15,15)
r(0,184,10,16,16)
w(2,59,10,17,17)
r(50,3,10,18,18)
r(15,13,10,19,19)
r(0,184,10,20,20)
r(83,3,10,21,21)
r(79,2,10,22,22)
w(62,6,10,23,23)
w(3,45,10,24,24)
r(1,97,10,25,25)
r(27,7,10,26,26)
w(33,5,10,27,27)
w(79,3,10,28,28)
w(8,27,10,29,29)
w(0,185,10,30,30)
w(28,4,10,31,31)
r(17,8,10,32,32)
w(2,60,10,33,33)
w(8,28,10,34,34)
w(10,23,10,35,35)
r(37,5,10,36,36)
w(13,15,10,37,37)
r(6,27,10,38,38)
r(5,27,10,39,39)
w(0,186,10,40,40)
w(2,61,10,41,41)
w(22,15,10,42,42)
w(1,98,10,43,43)
w(1,99,10,44,44)
r(16,18,10,45,45)
w(55,4,10,46,46)
w(21,11,10,47,47)
r(11,14,10,48,48)
r(0,186,10,49,49)
r(50,3,10,50,50)
r(35,6,10,51,51)
r(0,186,10,52,52)
w(0,187,10,53,53)
w(16,19,10,54,54)
r(43,2,10,55,55)
w(30,10,10,56,56)
w(0,188,10,57,57)
w(35,7,10,58,58)
w(0,189,10,59,59)
w(21,12,10,60,60)
w(26,10,10,61,61)
r(17,8,10,62,62)
r(14,14,10,63,63)
r(30,10,10,64,64)
r(0,189,10,65,65)
r(7,22,10,66,66)
w(7,23,10,67,67)
w(34,8,10,68,68)
r(20,10,10,69,69)
r(7,23,10,70,70)
w(1,100,10,71,71)
r(32,6,10,72,72)
r(91,3,10,73,73)
r(48,6,10,74,74)
w(8,29,10,75,75)
r(27,7,10,76,76)
w(0,190,10,77,77)
r(84,1,10,78,78)
r(0,190,10,79,79)
r(0,190,10,80,80)
r(11,14,10,81,81)
w(2,62,10,82,82)
r(5,27,10,83,83)
w(14,15,10,84,84)
r(3,45,10,85,85)
w(7,24,10,86,86)
r(23,5,10,87,87)
r(5,27,10,88,88)
w(5,28,10,89,89)
r(43,2,10,90,90)
r(2,62,10,91,91)
w(4,34,10,92,92)
r(4,34,10,93,93)
w(0,191,10,94,94)
r(2,62,10,95,95)
w(0,192,10,96,96)
r(34,8,10,97,97)
r(9,27,10,98,98)
r(13,15,10,99,99)
r(0,192,10,100,100)
w(96,3,10,101,101)
r(0,192,10,102,102)
r(3,45,10,103,103)
r(8,29,10,104,104)
r(1,100,10,105,105)
w(0,193,10,106,106)
r(0,193,10,107,107)
r(2,62,10,108,108)
r(60,2,10,109,109)
w(10,24,10,110,110)
r(3,45,10,111,111)
w(0,194,10,112,112)
r(7,24,10,113,113)
r(1,100,10,114,114)
r(38,5,10,115,115)
r(0,194,10,116,116)
w(11,15,10,117,117)
w(8,30,10,118,118)
r(38,5,10,119,119)
r(68,1,10,120,120)
w(8,31,10,121,121)
r(52,3,10,122,122)
r(38,5,10,123,123)
r(4,34,10,124,124)
w(4,35,10,125,125)
w(26,11,10,126,126)
r(28,4,10,127,127)
w(18,15,10,128,128)
w(23,6,10,129,129)
r(1,100,10,130,130)
r(4,35,10,131,131)
w(65,5,10,132,132)
w(8,32,10,133,133)
r(2,62,10,134,134)
r(84,1,10,135,135)
r(1,100,10,136,136)
r(3,45,10,137,137)
r(23,6,10,138,138)
r(1,100,10,139,139)
r(6,27,10,140,140)
r(0,194,10,141,141)
w(18,16,10,142,142)
w(71,2,10,143,143)
w(52,4,10,144,144)
r(3,45,10,145,145)
w(50,4,10,146,146)
w(0,195,10,147,147)
w(14,16,10,148,148)
w(8,33,10,149,149)
w(0,196,10,150,150)
r(10,24,10,151,151)
r(3,45,10,152,152)
w(6,28,10,153,153)
w(0,197,10,154,154)
w(9,28,10,155,155)
w(0,198,10,156,156)
r(16,19,10,157,157)
r(20,10,10,158,158)
w(99,4,10,159,159)
r(29,8,10,160,160)
w(3,46,10,161,161)
w(8,34,10,162,162)
r(1,100,10,163,163)
r(1,100,10,164,164)
w(3,47,10,165,165)
r(1,100,10,166,166)
r(1,100,10,167,167)
w(0,199,10,168,168)
w(1,101,10,169,169)
r(3,47,10,170,170)
r(30,10,10,171,171)
w(10,25,10,172,172)
w(8,35,10,173,173)
r(58,3,10,174,174)
w(2,63,10,175,175)
r(16,19,10,176,176)
w(11,16,10,177,177)
w(0,200,10,178,178)
w(3,48,10,179,179)
r(5,28,10,180,180)
w(8,36,10,181,181)
w(76,2,10,182,182)
r(1,101,10,183,183)
r(70,3,10,184,184)
w(0,201,10,185,185)
w(62,7,10,186,186)
w(0,202,10,187,187)
r(1,101,10,188,188)
r(1,101,10,189,189)
w(4,36,10,190,190)
r(28,4,10,191,191)
r(0,202,10,192,192)
w(17,9,10,193,193)
w(6,29,10,194,194)
w(89,1,10,195,195)
r(0,202,10,196,196)
w(9,29,10,197,197)
r(82,4,10,198,198)
r(61,4,10,199,199)
w(7,25,11,0,0)
r(0,202,11,1,1)
w(1,102,11,2,2)
r(91,3,11,3,3)
w(3,49,11,4,4)
r(40,6,11,5,5)
r(12,15,11,6,6)
w(0,203,11,7,7)
r(2,63,11,8,8)
w(3,50,11,9,9)
w(7,26,11,10,10)
w(14,17,11,11,11)
r(3,50,11,12,12)
w(80,3,11,13,13)
w(2,64,11,14,14)
w(22,16,11,15,15)
r(0,203,11,16,16)
r(12,15,11,17,17)
r(0,203,11,18,18)
w(8,37,11,19,19)
w(81,2,11,20,20)
r(0,203,11,21,21)
w(73,6,11,22,22)
w(2,65,11,23,23)
w(58,4,11,24,24)
r(85,3,11,25,25)
w(4,37,11,26,26)
r(0,203,11,27,27)
r(84,1,11,28,28)
w(54,6,11,29,29)
r(32,6,11,30,30)
r(0,203,11,31,31)
r(16,19,11,32,32)
w(3,51,11,33,33)
w(2,66,11,34,34)
w(5,29,11,35,35)
r(0,203,11,36,36)
w(8,38,11,37,37)
w(0,204,11,38,38)
r(6,29,11,39,39)
w(65,6,11,40,40)
r(89,1,11,41,41)
w(93,3,11,42,42)
r(41,3,11,43,43)
r(53,4,11,44,44)
r(2,66,11,45,45)
r(22,16,11,46,46)
r(0,204,11,47,47)
r(3,51,11,48,48)
w(1,103,11,49,49)
r(33,5,11,50,50)
r(5,29,11,51,51)
w(1,104,11,52,52)
r(1,104,11,53,53)
r(15,13,11,54,54)
w(13,16,11,55,55)
w(75,3,11,56,56)
r(2,66,11,57,57)
r(1,104,11,58,58)
w(2,67,11,59,59)
w(1,105,11,60,60)
r(50,4,11,61,61)
w(4,38,11,62,62)
r(1,105,11,63,63)
r(0,204,11,64,64)
w(0,205,11,65,65)
r(13,16,11,66,66)
r(0,205,11,67,67)
w(8,39,11,68,68)
r(1,105,11,69,69)
r(11,16,11,70,70)
r(0,205,11,71,71)
r(0,205,11,72,72)
r(4,38,11,73,73)
w(0,206,11,74,74)
w(0,207,11,75,75)
w(36,5,11,76,76)
r(10,25,11,77,77)
w(5,30,11,78,78)
w(7,27,11,79,79)
r(21,12,11,80,80)
w(2,68,11,81,81)
r(45,4,11,82,82)
w(7,28,11,83,83)
w(0,208,11,84,84)
r(4,38,11,85,85)
r(13,16,11,86,86)
r(0,208,11,87,87)
w(4,39,11,88,88)
w(1,106,11,89,89)
w(47,1,11,90,90)
r(0,208,11,91,91)
w(0,209,11,92,92)
w(17,10,11,93,93)
r(40,6,11,94,94)
r(3,51,11,95,95)
w(8,40,11,96,96)
r(3,51,11,97,97)
r(11,16,11,98,98)
r(11,16,11,99,99)
r(0,209,11,100,100)
r(0,209,11,101,101)
w(17,11,11,102,102)
w(1,107,11,103,103)
r(26,11,11,104,104)
r(77,3,11,105,105)
w(9,30,11,106,106)
r(8,40,11,107,107)
r(4,39,11,108,108)
w(4,40,11,109,109)
w(0,210,11,110,110)
r(57,5,11,111,111)
w(0,211,11,112,112)
r(1,107,11,113,113)
r(46,9,11,114,114)
w(9,31,11,115,115)
r(33,5,11,116,116)
w(47,2,11,117,117)
r(3,51,11,118,118)
w(37,6,11,119,119)
w(13,17,11,120,120)
r(41,3,11,121,121)
r(29,8,11,122,122)
w(49,8,11,123,123)
w(2,69,11,124,124)
r(0,211,11,125,125)
w(5,31,11,126,126)
w(79,4,11,127,127)
w(4,41,11,128,128)
r(94,2,11,129,129)
w(3,52,11,130,130)
r(0,211,11,131,131)
w(66,4,11,132,132)
r(5,31,11,133,133)
w(22,17,11,134,134)
w(8,41,11,135,135)
r(14,17,11,136,136)
w(80,4,11,137,137)
r(83,3,11,138,138)
w(0,212,11,139,139)
w(65,7,11,140,140)
w(0,213,11,141,141)
r(8,41,11,142,142)
r(0,213,11,143,143)
r(25,8,11,144,144)
r(78,4,11,145,145)
w(22,18,11,146,146)
r(2,69,11,147,147)
r(0,213,11,148,148)
r(0,213,11,149,149)
w(16,20,11,150,150)
r(9,31,11,151,151)
w(0,214,11,152,152)
w(2,70,11,153,153)
r(0,214,11,154,154)
w(17,12,11,155,155)
r(0,214,11,156,156)
w(9,32,11,157,157)
w(1,108,11,158,158)
w(6,30,11,159,159)
r(1,108,11,160,160)
r(6,30,11,161,161)
w(23,7,11,162,162)
r(38,5,11,163,163)
w(9,33,11,164,164)
w(79,5,11,165,165)
w(66,5,11,166,166)
r(2,70,11,167,167)
w(5,32,11,168,168)
r(1,108,11,169,169)
w(0,215,11,170,170)
r(33,5,11,171,171)
r(1,108,11,172,172)
w(5,33,11,173,173)
w(2,71,11,174,174)
r(0,215,11,175,175)
r(0,215,11,176,176)
r(69,3,11,177,177)
w(0,216,11,178,178)
w(25,9,11,179,179)
w(82,5,11,180,180)
w(0,217,11,181,181)
w(32,7,11,182,182)
w(22,19,11,183,183)
w(8,42,11,184,184)
w(6,31,11,185,185)
w(35,8,11,186,186)
r(28,4,11,187,187)
w(1,109,11,188,188)
w(4,42,11,189,189)
r(39,7,11,190,190)
w(12,16,11,191,191)
w(69,4,11,192,192)
w(53,5,11,193,193)
r(6,31,11,194,194)
w(21,13,11,195,195)
w(26,12,11,196,196)
r(1,109,11,197,197)
r(11,16,11,198,198)
r(5,33,11,199,199)
w(11,17,12,0,0)
w(29,9,12,1,1)
w(0,218,12,2,2)
r(0,218,12,3,3)
r(1,109,12,4,4)
w(21,14,12,5,5)
r(0,218,12,6,6)
w(18,17,12,7,7)
r(1,109,12,8,8)
w(3,53,12,9,9)
w(1,110,12,10,10)
r(0,218,12,11,11)
w(5,34,12,12,12)
w(8,43,12,13,13)
w(7,29,12,14,14)
w(0,219,12,15,15)
r(35,8,12,16,16)
r(7,29,12,17,17)
r(35,8,12,18,18)
w(8,44,12,19,19)
r(14,17,12,20,20)
r(59,3,12,21,21)
r(43,2,12,22,22)
r(1,110,12,23,23)
w(0,220,12,24,24)
r(8,44,12,25,25)
r(0,220,12,26,26)
r(25,9,12,27,27)
r(26,12,12,28,28)
r(0,220,12,29,29)
w(1,111,12,30,30)
w(8,45,12,31,31)
w(0,221,12,32,32)
r(6,31,12,33,33)
w(35,9,12,34,34)
r(6,31,12,35,35)
r(15,13,12,36,36)
r(43,2,12,37,37)
w(1,112,12,38,38)
r(10,25,12,39,39)
r(1,112,12,40,40)
r(14,17,12,41,41)
r(0,221,12,42,42)
w(14,18,12,43,43)
r(21,14,12,44,44)
r(1,112,12,45,45)
r(3,53,12,46,46)
w(1,113,12,47,47)
w(15,14,12,48,48)
r(12,16,12,49,49)
w(0,222,12,50,50)
w(21,15,12,51,51)
w(48,7,12,52,52)
r(14,18,12,53,53)
w(20,11,12,54,54)
r(3,53,12,55,55)
r(21,15,12,56,56)
w(37,7,12,57,57)
w(16,21,12,58,58)
r(0,222,12,59,59)
r(0,222,12,60,60)
w(5,35,12,61,61)
w(4,43,12,62,62)
w(1,114,12,63,63)
r(2,71,12,64,64)
r(7,29,12,65,65)
r(13,17,12,66,66)
w(0,223,12,67,67)
w(2,72,12,68,68)
r(18,17,12,69,69)
w(0,224,12,70,70)
w(47,3,12,71,71)
r(67,3,12,72,72)
r(35,9,12,73,73)
r(2,72,12,74,74)
w(9,34,12,75,75)
w(10,26,12,76,76)
r(30,10,12,77,77)
r(4,43,12,78,78)
w(5,36,12,79,79)
r(12,16,12,80,80)
w(1,115,12,81,81)
r(1,115,12,82,82)
w(2,73,12,83,83)
r(53,5,12,84,84)
r(46,9,12,85,85)
w(15,15,12,86,86)
r(2,73,12,87,87)
r(5,36,12,88,88)
r(1,115,12,89,89)
w(1,116,12,90,90)
w(20,12,12,91,91)
w(24,6,12,92,92)
w(32,8,12,93,93)
w(10,27,12,94,94)
r(93,3,12,95,95)
r(2,73,12,96,96)
r(1,116,12,97,97)
w(42,3,12,98,98)
w(33,6,12,99,99)
r(0,224,12,100,100)
r(52,4,12,101,101)
w(6,32,12,102,102)
r(1,116,12,103,103)
r(7,29,12,104,104)
w(0,225,12,105,105)
r(0,225,12,106,106)
r(0,225,12,107,107)
r(0,225,12,108,108)
r(66,5,12,109,109)
w(4,44,12,110,110)
r(1,116,12,111,111)
w(2,74,12,112,112)
r(4,44,12,113,113)
r(67,3,12,114,114)
w(1,117,12,115,115)
r(2,74,12,116,116)
w(0,226,12,117,117)
w(78,5,12,118,118)
w(10,28,12,119,119)
w(76,3,12,120,120)
w(16,22,12,121,121)
w(0,227,12,122,122)
w(13,18,12,123,123)
r(92,0,12,124,124)
r(65,7,12,125,125)
r(22,19,12,126,126)
r(61,4,12,127,127)
r(1,117,12,128,128)
w(73,7,12,129,129)
w(45,5,12,130,130)
w(65,8,12,131,131)
w(0,228,12,132,132)
w(41,4,12,133,133)
r(3,53,12,134,134)
w(0,229,12,135,135)
w(1,118,12,136,136)
r(32,8,12,137,137)
r(1,118,12,138,138)
w(33,7,12,139,139)
r(58,4,12,140,140)
w(2,75,12,141,141)
w(23,8,12,142,142)
r(4,44,12,143,143)
w(2,76,12,144,144)
r(13,18,12,145,145)
r(73,7,12,146,146)
w(90,2,12,147,147)
w(14,19,12,148,148)
r(72,0,12,149,149)
r(81,2,12,150,150)
w(32,9,12,151,151)
w(5,37,12,152,152)
r(2,76,12,153,153)
w(0,230,12,154,154)
w(7,30,12,155,155)
r(9,34,12,156,156)
w(12,17,12,157,157)
w(54,7,12,158,158)
r(2,76,12,159,159)
r(3,53,12,160,160)
r(0,230,12,161,161)
w(12,18,12,162,162)
r(18,17,12,163,163)
w(72,1,12,164,164)
r(99,4,12,165,165)
w(6,33,12,166,166)
w(5,38,12,167,167)
r(4,44,12,168,168)
w(28,5,12,169,169)
r(35,9,12,170,170)
w(58,5,12,171,171)
w(4,45,12,172,172)
w(5,39,12,173,173)
r(5,39,12,174,174)
r(61,4,12,175,175)
r(0,230,12,176,176)
w(74,4,12,177,177)
w(0,231,12,178,178)
w(8,46,12,179,179)
w(19,16,12,180,180)
w(45,6,12,181,181)
r(23,8,12,182,182)
w(11,18,12,183,183)
r(16,22,12,184,184)
w(0,232,12,185,185)
w(67,4,12,186,186)
r(1,118,12,187,187)
w(3,54,12,188,188)
r(3,54,12,189,189)
w(27,8,12,190,190)
w(5,40,12,191,191)
r(0,232,12,192,192)
w(20,13,12,193,193)
w(1,119,12,194,194)
r(0,232,12,195,195)
w(91,4,12,196,196)
r(4,45,12,197,197)
r(5,40,12,198,198)
w(7,31,12,199,199)
w(57,6,13,0,0)
r(94,2,13,1,1)
w(98,1,13,2,2)
w(4,46,13,3,3)
w(2,77,13,4,4)
r(0,232,13,5,5)
r(11,18,13,6,6)
w(11,19,13,7,7)
r(14,19,13,8,8)
w(7,32,13,9,9)
w(55,5,13,10,10)
w(24,7,13,11,11)
r(32,9,13,12,12)
r(0,232,13,13,13)
r(0,232,13,14,14)
r(89,1,13,15,15)
r(1,119,13,16,16)
w(3,55,13,17,17)
r(60,2,13,18,18)
w(55,6,13,19,19)
r(6,33,13,20,20)
w(2,78,13,21,21)
r(4,46,13,22,22)
r(16,22,13,23,23)
w(6,34,13,24,24)
r(3,55,13,25,25)
w(7,33,13,26,26)
w(1,120,13,27,27)
r(17,12,13,28,28)
r(8,46,13,29,29)
w(21,16,13,30,30)
r(1,120,13,31,31)
r(65,8,13,32,32)
r(2,78,13,33,33)
w(2,79,13,34,34)
r(47,3,13,35,35)
w(35,10,13,36,36)
w(24,8,13,37,37)
r(91,4,13,38,38)
w(67,5,13,39,39)
r(69,4,13,40,40)
r(0,232,13,41,41)
w(21,17,13,42,42)
w(2,80,13,43,43)
r(2,80,13,44,44)
w(88,3,13,45,45)
r(0,232,13,46,46)
r(41,4,13,47,47)
r(20,13,13,48,48)
w(6,35,13,49,49)
w(0,233,13,50,50)
r(31,4,13,51,51)
w(63,4,13,52,52)
w(13,19,13,53,53)
w(0,234,13,54,54)
w(28,6,13,55,55)
w(81,3,13,56,56)
r(0,234,13,57,57)
r(6,35,13,58,58)
w(23,9,13,59,59)
w(5,41,13,60,60)
r(55,6,13,61,61)
r(4,46,13,62,62)
w(27,9,13,63,63)
w(5,42,13,64,64)
r(2,80,13,65,65)
w(1,121,13,66,66)
w(4,47,13,67,67)
w(0,235,13,68,68)
w(0,236,13,69,69)
w(4,48,13,70,70)
w(0,237,13,71,71)
r(44,1,13,72,72)
r(4,48,13,73,73)
w(68,2,13,74,74)
w(12,19,13,75,75)
w(46,10,13,76,76)
r(62,7,13,77,77)
w(1,122,13,78,78)
r(58,5,13,79,79)
r(7,33,13,80,80)
r(0,237,13,81,81)
r(1,122,13,82,82)
r(0,237,13,83,83)
w(3,56,13,84,84)
w(58,6,13,85,85)
w(0,238,13,86,86)
w(0,239,13,87,87)
r(6,35,13,88,88)
r(0,239,13,89,89)
w(0,240,13,90,90)
r(0,240,13,91,91)
w(62,8,13,92,92)
w(48,8,13,93,93)
w(2,81,13,94,94)
w(23,10,13,95,95)
r(28,6,13,96,96)
r(1,122,13,97,97)
r(8,46,13,98,98)
w(0,241,13,99,99)
r(4,48,13,100,100)
r(2,81,13,101,101)
r(6,35,13,102,102)
r(16,22,13,103,103)
w(21,18,13,104,104)
w(13,20,13,105,105)
r(0,241,13,106,106)
w(6,36,13,107,107)
w(1,123,13,108,108)
w(27,10,13,109,109)
w(98,2,13,110,110)
w(5,43,13,111,111)
r(1,123,13,112,112)
w(16,23,13,113,113)
r(7,33,13,114,114)
r(87,4,13,115,115)
w(66,6,13,116,116)
w(57,7,13,117,117)
r(15,15,13,118,118)
w(16,24,13,119,119)
w(28,7,13,120,120)
r(69,4,13,121,121)
r(59,3,13,122,122)
w(0,242,13,123,123)
w(8,47,13,124,124)
w(43,3,13,125,125)
w(10,29,13,126,126)
w(4,49,13,127,127)
r(0,242,13,128,128)
r(3,56,13,129,129)
w(52,5,13,130,130)
r(94,2,13,131,131)
w(30,11,13,132,132)
w(7,34,13,133,133)
r(0,242,13,134,134)
r(0,242,13,135,135)
r(0,242,13,136,136)
r(10,29,13,137,137)
r(7,34,13,138,138)
r(1,123,13,139,139)
r(2,81,13,140,140)
r(13,20,13,141,141)
r(0,242,13,142,142)
r(4,49,13,143,143)
w(1,124,13,144,144)
w(46,11,13,145,145)
r(1,124,13,146,146)
r(40,6,13,147,147)
r(0,242,13,148,148)
w(0,243,13,149,149)
w(41,5,13,150,150)
r(6,36,13,151,151)
r(1,124,13,152,152)
r(26,12,13,153,153)
w(23,11,13,154,154)
r(16,24,13,155,155)
r(7,34,13,156,156)
w(30,12,13,157,157)
w(60,3,13,158,158)
w(2,82,13,159,159)
w(2,83,13,160,160)
r(1,124,13,161,161)
r(6,36,13,162,162)
w(8,48,13,163,163)
w(26,13,13,164,164)
w(13,21,13,165,165)
w(2,84,13,166,166)
w(1,125,13,167,167)
r(2,84,13,168,168)
w(19,17,13,169,169)
r(0,243,13,170,170)
w(24,9,13,171,171)
w(2,85,13,172,172)
r(58,6,13,173,173)
r(12,19,13,174,174)
w(0,244,13,175,175)
r(1,125,13,176,176)
r(29,9,13,177,177)
w(2,86,13,178,178)
r(1,125,13,179,179)
r(15,15,13,180,180)
r(1,125,13,181,181)
w(37,8,13,182,182)
w(15,16,13,183,183)
r(18,17,13,184,184)
r(4,49,13,185,185)
r(65,8,13,186,186)
r(16,24,13,187,187)
w(0,245,13,188,188)
w(1,126,13,189,189)
r(45,6,13,190,190)
r(39,7,13,191,191)
w(24,10,13,192,192)
r(29,9,13,193,193)
r(0,245,13,194,194)
w(0,246,13,195,195)
r(11,19,13,196,196)
w(0,247,13,197,197)
w(9,35,13,198,198)
r(8,48,13,199,199)
r(9,35,14,0,0)
r(0,247,14,1,1)
r(0,247,14,2,2)
w(11,20,14,3,3)
w(12,20,14,4,4)
r(31,4,14,5,5)
w(1,127,14,6,6)
r(10,29,14,7,7)
w(11,21,14,8,8)
r(9,35,14,9,9)
w(0,248,14,10,10)
r(22,19,14,11,11)
w(8,49,14,12,12)
w(6,37,14,13,13)
w(14,20,14,14,14)
r(9,35,14,15,15)
w(3,57,14,16,16)
w(7,35,14,17,17)
r(10,29,14,18,18)
w(1,128,14,19,19)
w(11,22,14,20,20)
r(2,86,14,21,21)
r(4,49,14,22,22)
w(9,36,14,23,23)
r(82,5,14,24,24)
w(3,58,14,25,25)
r(94,2,14,26,26)
w(1,129,14,27,27)
r(0,248,14,28,28)
w(0,249,14,29,29)
r(2,86,14,30,30)
r(1,129,14,31,31)
r(2,86,14,32,32)
w(22,20,14,33,33)
r(12,20,14,34,34)
w(0,250,14,35,35)
r(0,250,14,36,36)
w(4,50,14,37,37)
w(17,13,14,38,38)
w(20,14,14,39,39)
w(16,25,14,40,40)
r(0,250,14,41,41)
w(5,44,14,42,42)
r(7,35,14,43,43)
w(53,6,14,44,44)
w(1,130,14,45,45)
r(0,250,14,46,46)
r(0,250,14,47,47)
r(88,3,14,48,48)
r(2,86,14,49,49)
r(43,3,14,50,50)
w(4,51,14,51,51)
w(47,4,14,52,52)
r(4,51,14,53,53)
r(46,11,14,54,54)
r(23,11,14,55,55)
w(5,45,14,56,56)
r(3,58,14,57,57)
r(22,20,14,58,58)
r(40,6,14,59,59)
r(42,3,14,60,60)
r(0,250,14,61,61)
r(95,3,14,62,62)
r(0,250,14,63,63)
w(78,6,14,64,64)
w(1,131,14,65,65)
r(32,9,14,66,66)
r(40,6,14,67,67)
w(6,38,14,68,68)
w(4,52,14,69,69)
w(66,7,14,70,70)
r(80,4,14,71,71)
r(35,10,14,72,72)
w(2,87,14,73,73)
r(7,35,14,74,74)
w(29,10,14,75,75)
r(8,49,14,76,76)
r(40,6,14,77,77)
w(2,88,14,78,78)
w(3,59,14,79,79)
w(0,251,14,80,80)
w(79,6,14,81,81)
w(1,132,14,82,82)
r(1,132,14,83,83)
r(13,21,14,84,84)
r(20,14,14,85,85)
r(17,13,14,86,86)
r(17,13,14,87,87)
w(5,46,14,88,88)
w(13,22,14,89,89)
w(16,26,14,90,90)
w(18,18,14,91,91)
w(0,252,14,92,92)
r(0,252,14,93,93)
r(13,22,14,94,94)
r(3,59,14,95,95)
w(55,7,14,96,96)
w(3,60,14,97,97)
r(84,1,14,98,98)
w(30,13,14,99,99)
w(9,37,14,100,100)
r(9,37,14,101,101)
w(25,10,14,102,102)
w(2,89,14,103,103)
w(44,2,14,104,104)
r(5,46,14,105,105)
r(84,1,14,106,106)
r(29,10,14,107,107)
w(13,23,14,108,108)
w(0,253,14,109,109)
r(1,132,14,110,110)
w(10,30,14,111,111)
w(2,90,14,112,112)
r(0,253,14,113,113)
r(96,3,14,114,114)
w(7,36,14,115,115)
w(24,11,14,116,116)
w(57,8,14,117,117)
w(4,53,14,118,118)
w(0,254,14,119,119)
r(14,20,14,120,120)
r(1,132,14,121,121)
w(2,91,14,122,122)
w(0,255,14,123,123)
w(0,256,14,124,124)
w(0,257,14,125,125)
w(24,12,14,126,126)
w(59,4,14,127,127)
r(48,8,14,128,128)
r(0,257,14,129,129)
w(16,27,14,130,130)
w(42,4,14,131,131)
w(51,4,14,132,132)
r(98,2,14,133,133)
r(4,53,14,134,134)
r(6,38,14,135,135)
r(1,132,14,136,136)
w(6,39,14,137,137)
w(7,37,14,138,138)
r(35,10,14,139,139)
r(6,39,14,140,140)
w(29,11,14,141,141)
r(30,13,14,142,142)
w(0,258,14,143,143)
w(29,12,14,144,144)
r(16,27,14,145,145)
w(9,38,14,146,146)
r(39,7,14,147,147)
r(1,132,14,148,148)
r(28,7,14,149,149)
w(0,259,14,150,150)
w(9,39,14,151,151)
r(1,132,14,152,152)
r(52,5,14,153,153)
w(1,133,14,154,154)
w(20,15,14,155,155)
w(16,28,14,156,156)
w(0,260,14,157,157)
w(1,134,14,158,158)
w(1,135,14,159,159)
w(2,92,14,160,160)
r(4,53,14,161,161)
w(3,61,14,162,162)
w(0,261,14,163,163)
w(35,11,14,164,164)
w(4,54,14,165,165)
w(9,40,14,166,166)
r(72,1,14,167,167)
w(3,62,14,168,168)
r(72,1,14,169,169)
r(58,6,14,170,170)
r(9,40,14,171,171)
w(28,8,14,172,172)
w(20,16,14,173,173)
w(33,8,14,174,174)
w(2,93,14,175,175)
w(4,55,14,176,176)
r(4,55,14,177,177)
w(0,262,14,178,178)
r(32,9,14,179,179)
r(77,3,14,180,180)
r(10,30,14,181,181)
w(0,263,14,182,182)
r(91,4,14,183,183)
w(1,136,14,184,184)
r(14,20,14,185,185)
r(76,3,14,186,186)
r(1,136,14,187,187)
w(0,264,14,188,188)
r(10,30,14,189,189)
r(5,46,14,190,190)
w(1,137,14,191,191)
w(7,38,14,192,192)
r(3,62,14,193,193)
w(1,138,14,194,194)
r(67,5,14,195,195)
w(0,265,14,196,196)
w(0,266,14,197,197)
w(0,267,14,198,198)
w(20,17,14,199,199)
w(9,41,15,0,0)
w(45,7,15,1,1)
r(21,18,15,2,2)
w(3,63,15,3,3)
r(17,13,15,4,4)
r(0,267,15,5,5)
r(0,267,15,6,6)
w(66,8,15,7,7)
r(1,138,15,8,8)
w(0,268,15,9,9)
r(0,268,15,10,10)
w(95,4,15,11,11)
w(29,13,15,12,12)
w(83,4,15,13,13)
r(0,268,15,14,14)
r(1,138,15,15,15)
r(0,268,15,16,16)
r(7,38,15,17,17)
w(0,269,15,18,18)
r(87,4,15,19,19)
r(22,20,15,20,20)
w(39,8,15,21,21)
w(1,139,15,22,22)
r(6,39,15,23,23)
w(1,140,15,24,24)
w(14,21,15,25,25)
w(83,5,15,26,26)
w(44,3,15,27,27)
r(9,41,15,28,28)
r(0,269,15,29,29)
w(50,5,15,30,30)
r(2,93,15,31,31)
w(35,12,15,32,32)
r(23,11,15,33,33)
r(13,23,15,34,34)
r(0,269,15,35,35)
w(0,270,15,36,36)
r(6,39,15,37,37)
w(10,31,15,38,38)
w(1,141,15,39,39)
w(53,7,15,40,40)
r(4,55,15,41,41)
r(4,55,15,42,42)
r(1,141,15,43,43)
w(37,9,15,44,44)
r(2,93,15,45,45)
r(11,22,15,46,46)
w(29,14,15,47,47)
r(2,93,15,48,48)
r(34,8,15,49,49)
w(7,39,15,50,50)
r(3,63,15,51,51)
w(14,22,15,52,52)
w(3,64,15,53,53)
w(11,23,15,54,54)
w(3,65,15,55,55)
w(0,271,15,56,56)
r(7,39,15,57,57)
w(0,272,15,58,58)
w(0,273,15,59,59)
w(92,1,15,60,60)
w(0,274,15,61,61)
w(69,5,15,62,62)
r(29,14,15,63,63)
w(6,40,15,64,64)
w(0,275,15,65,65)
r(52,5,15,66,66)
r(21,18,15,67,67)
w(2,94,15,68,68)
r(3,65,15,69,69)
r(26,13,15,70,70)
w(92,2,15,71,71)
r(90,2,15,72,72)
w(2,95,15,73,73)
w(2,96,15,74,74)
r(0,275,15,75,75)
w(27,11,15,76,76)
r(5,46,15,77,77)
w(7,40,15,78,78)
w(9,42,15,79,79)
r(22,20,15,80,80)
r(1,141,15,81,81)
w(52,6,15,82,82)
w(11,24,15,83,83)
w(27,12,15,84,84)
w(3,66,15,85,85)
w(8,50,15,86,86)
w(27,13,15,87,87)
r(46,11,15,88,88)
r(2,96,15,89,89)
w(3,67,15,90,90)
w(18,19,15,91,91)
r(7,40,15,92,92)
w(0,276,15,93,93)
w(1,142,15,94,94)
w(29,15,15,95,95)
w(1,143,15,96,96)
w(9,43,15,97,97)
w(22,21,15,98,98)
w(15,17,15,99,99)
w(64,5,15,100,100)
w(0,277,15,101,101)
w(27,14,15,102,102)
r(7,40,15,103,103)
r(7,40,15,104,104)
w(2,97,15,105,105)
r(2,97,15,106,106)
r(27,14,15,107,107)
r(1,143,15,108,108)
w(0,278,15,109,109)
w(6,41,15,110,110)
r(1,143,15,111,111)
r(0,278,15,112,112)
w(1,144,15,113,113)
w(0,279,15,114,114)
w(12,21,15,115,115)
r(38,5,15,116,116)
r(0,279,15,117,117)
w(1,145,15,118,118)
w(15,18,15,119,119)
w(3,68,15,120,120)
w(1,146,15,121,121)
w(2,98,15,122,122)
r(12,21,15,123,123)
w(3,69,15,124,124)
r(8,50,15,125,125)
r(38,5,15,126,126)
w(0,280,15,127,127)
r(32,9,15,128,128)
w(1,147,15,129,129)
w(4,56,15,130,130)
w(0,281,15,131,131)
r(28,8,15,132,132)
w(3,70,15,133,133)
r(1,147,15,134,134)
w(40,7,15,135,135)
w(0,282,15,136,136)
r(0,282,15,137,137)
r(95,4,15,138,138)
r(0,282,15,139,139)
r(0,282,15,140,140)
w(1,148,15,141,141)
r(60,3,15,142,142)
r(16,28,15,143,143)
r(10,31,15,144,144)
w(19,18,15,145,145)
w(1,149,15,146,146)
r(2,98,15,147,147)
r(1,149,15,148,148)
r(14,22,15,149,149)
r(81,3,15,150,150)
r(16,28,15,151,151)
r(0,282,15,152,152)
r(0,282,15,153,153)
r(98,2,15,154,154)
r(0,282,15,155,155)
w(93,4,15,156,156)
w(3,71,15,157,157)
w(0,283,15,158,158)
w(0,284,15,159,159)
r(22,21,15,160,160)
w(0,285,15,161,161)
w(9,44,15,162,162)
w(57,9,15,163,163)
w(36,6,15,164,164)
w(0,286,15,165,165)
r(50,5,15,166,166)
r(84,1,15,167,167)
r(38,5,15,168,168)
r(1,149,15,169,169)
r(2,98,15,170,170)
r(0,286,15,171,171)
w(7,41,15,172,172)
w(3,72,15,173,173)
w(2,99,15,174,174)
w(0,287,15,175,175)
w(0,288,15,176,176)
r(34,8,15,177,177)
r(33,8,15,178,178)
r(5,46,15,179,179)
r(7,41,15,180,180)
r(0,288,15,181,181)
r(1,149,15,182,182)
r(3,72,15,183,183)
w(0,289,15,184,184)
w(2,100,15,185,185)
r(0,289,15,186,186)
w(0,290,15,187,187)
w(17,14,15,188,188)
r(0,290,15,189,189)
w(0,291,15,190,190)
r(0,291,15,191,191)
w(0,292,15,192,192)
w(2,101,15,193,193)
w(79,7,15,194,194)
w(10,32,15,195,195)
w(16,29,15,196,196)
w(37,10,15,197,197)
w(20,18,15,198,198)
w(36,7,15,199,199)
w(3,73,16,0,0)
r(4,56,16,1,1)
w(3,74,16,2,2)
w(22,22,16,3,3)
r(28,8,16,4,4)
w(9,45,16,5,5)
r(0,292,16,6,6)
r(5,46,16,7,7)
r(4,56,16,8,8)
r(88,3,16,9,9)
w(1,150,16,10,10)
r(3,74,16,11,11)
r(22,22,16,12,12)
r(7,41,16,13,13)
r(8,50,16,14,14)
r(3,74,16,15,15)
w(28,9,16,16,16)
w(0,293,16,17,17)
r(47,4,16,18,18)
w(3,75,16,19,19)
r(1,150,16,20,20)
r(60,3,16,21,21)
r(4,56,16,22,22)
w(37,11,16,23,23)
w(3,76,16,24,24)
w(13,24,16,25,25)
w(84,2,16,26,26)
r(45,7,16,27,27)
w(7,42,16,28,28)
r(31,4,16,29,29)
w(43,4,16,30,30)
r(7,42,16,31,31)
r(36,7,16,32,32)
r(0,293,16,33,33)
w(81,4,16,34,34)
w(56,3,16,35,35)
r(3,76,16,36,36)
r(24,12,16,37,37)
r(0,293,16,38,38)
w(30,14,16,39,39)
w(85,4,16,40,40)
w(82,6,16,41,41)
w(1,151,16,42,42)
w(1,152,16,43,43)
r(1,152,16,44,44)
r(64,5,16,45,45)
r(0,293,16,46,46)
r(28,9,16,47,47)
r(6,41,16,48,48)
w(0,294,16,49,49)
r(30,14,16,50,50)
w(1,153,16,51,51)
w(37,12,16,52,52)
r(5,46,16,53,53)
w(0,295,16,54,54)
r(1,153,16,55,55)
r(0,295,16,56,56)
w(8,51,16,57,57)
w(0,296,16,58,58)
w(1,154,16,59,59)
w(14,23,16,60,60)
r(3,76,16,61,61)
w(0,297,16,62,62)
r(34,8,16,63,63)
r(14,23,16,64,64)
r(5,46,16,65,65)
r(33,8,16,66,66)
w(9,46,16,67,67)
w(44,4,16,68,68)
r(1,154,16,69,69)
r(2,101,16,70,70)
r(22,22,16,71,71)
r(0,297,16,72,72)
r(56,3,16,73,73)
r(0,297,16,74,74)
w(0,298,16,75,75)
w(25,11,16,76,76)
w(72,2,16,77,77)
w(0,299,16,78,78)
w(1,155,16,79,79)
w(36,8,16,80,80)
r(14,23,16,81,81)
w(18,20,16,82,82)
w(83,6,16,83,83)
r(46,11,16,84,84)
r(61,4,16,85,85)
w(17,15,16,86,86)
r(5,46,16,87,87)
r(3,76,16,88,88)
w(41,6,16,89,89)
w(76,4,16,90,90)
r(2,101,16,91,91)
r(7,42,16,92,92)
r(4,56,16,93,93)
r(7,42,16,94,94)
r(6,41,16,95,95)
w(20,19,16,96,96)
r(20,19,16,97,97)
w(1,156,16,98,98)
r(10,32,16,99,99)
r(81,4,16,100,100)
w(2,102,16,101,101)
w(2,103,16,102,102)
r(27,14,16,103,103)
w(72,3,16,104,104)
w(1,157,16,105,105)
r(0,299,16,106,106)
w(22,23,16,107,107)
r(48,8,16,108,108)
r(1,157,16,109,109)
r(11,24,16,110,110)
r(89,1,16,111,111)
r(47,4,16,112,112)
w(0,300,16,113,113)
w(54,8,16,114,114)
w(0,301,16,115,115)
r(5,46,16,116,116)
r(3,76,16,117,117)
w(3,77,16,118,118)
r(4,56,16,119,119)
r(1,157,16,120,120)
r(7,42,16,121,121)
r(11,24,16,122,122)
r(0,301,16,123,123)
r(6,41,16,124,124)
w(47,5,16,125,125)
w(1,158,16,126,126)
w(0,302,16,127,127)
r(0,302,16,128,128)
w(13,25,16,129,129)
w(12,22,16,130,130)
r(2,103,16,131,131)
r(28,9,16,132,132)
r(0,302,16,133,133)
r(1,158,16,134,134)
w(11,25,16,135,135)
w(22,24,16,136,136)
r(92,2,16,137,137)
r(0,302,16,138,138)
w(0,303,16,139,139)
w(10,33,16,140,140)
r(56,3,16,141,141)
r(0,303,16,142,142)
w(0,304,16,143,143)
r(16,29,16,144,144)
w(1,159,16,145,145)
w(3,78,16,146,146)
w(39,9,16,147,147)
r(2,103,16,148,148)
w(38,6,16,149,149)
r(3,78,16,150,150)
r(99,4,16,151,151)
w(0,305,16,152,152)
r(2,103,16,153,153)
r(22,24,16,154,154)
r(0,305,16,155,155)
r(1,159,16,156,156)
w(89,2,16,157,157)
r(0,305,16,158,158)
w(0,306,16,159,159)
r(1,159,16,160,160)
w(0,307,16,161,161)
w(44,5,16,162,162)
w(25,12,16,163,163)
w(84,3,16,164,164)
w(31,5,16,165,165)
r(25,12,16,166,166)
w(0,308,16,167,167)
r(7,42,16,168,168)
r(44,5,16,169,169)
r(1,159,16,170,170)
r(14,23,16,171,171)
r(36,8,16,172,172)
w(15,19,16,173,173)
w(10,34,16,174,174)
w(39,10,16,175,175)
w(4,57,16,176,176)
r(11,25,16,177,177)
w(80,5,16,178,178)
r(7,42,16,179,179)
r(6,41,16,180,180)
r(7,42,16,181,181)
r(84,3,16,182,182)
w(1,160,16,183,183)
w(0,309,16,184,184)
r(94,2,16,185,185)
r(4,57,16,186,186)
w(3,79,16,187,187)
r(0,309,16,188,188)
r(39,10,16,189,189)
r(26,13,16,190,190)
w(74,5,16,191,191)
r(0,309,16,192,192)
w(97,2,16,193,193)
r(50,5,16,194,194)
r(2,103,16,195,195)
r(12,22,16,196,196)
r(0,309,16,197,197)
w(4,58,16,198,198)
r(4,58,16,199,199)
w(26,14,17,0,0)
r(16,29,17,1,1)
w(17,16,17,2,2)
r(0,309,17,3,3)
w(0,310,17,4,4)
r(8,51,17,5,5)
r(4,58,17,6,6)
w(22,25,17,7,7)
w(40,8,17,8,8)
w(0,311,17,9,9)
r(64,5,17,10,10)
w(45,8,17,11,11)
w(7,43,17,12,12)
w(0,312,17,13,13)
w(52,7,17,14,14)
r(44,5,17,15,15)
w(16,30,17,16,16)
r(2,103,17,17,17)
r(18,20,17,18,18)
w(12,23,17,19,19)
w(0,313,17,20,20)
w(39,11,17,21,21)
r(0,313,17,22,22)
w(3,80,17,23,23)
r(5,46,17,24,24)
w(18,21,17,25,25)
w(5,47,17,26,26)
r(21,18,17,27,27)
w(25,13,17,28,28)
r(5,47,17,29,29)
r(0,313,17,30,30)
w(1,161,17,31,31)
w(0,314,17,32,32)
r(28,9,17,33,33)
r(2,103,17,34,34)
w(75,4,17,35,35)
r(14,23,17,36,36)
w(40,9,17,37,37)
w(70,4,17,38,38)
w(87,5,17,39,39)
r(1,161,17,40,40)
w(4,59,17,41,41)
w(1,162,17,42,42)
r(60,3,17,43,43)
r(81,4,17,44,44)
w(34,9,17,45,45)
r(0,314,17,46,46)
r(57,9,17,47,47)
w(1,163,17,48,48)
r(2,103,17,49,49)
r(59,4,17,50,50)
w(1,164,17,51,51)
r(78,6,17,52,52)
r(34,9,17,53,53)
r(1,164,17,54,54)
r(0,314,17,55,55)
r(0,314,17,56,56)
r(16,30,17,57,57)
w(2,104,17,58,58)
r(22,25,17,59,59)
w(0,315,17,60,60)
r(7,43,17,61,61)
r(33,8,17,62,62)
r(1,164,17,63,63)
r(57,9,17,64,64)
w(0,316,17,65,65)
r(61,4,17,66,66)
r(21,18,17,67,67)
w(0,317,17,68,68)
w(8,52,17,69,69)
w(0,318,17,70,70)
w(55,8,17,71,71)
w(8,53,17,72,72)
w(10,35,17,73,73)
w(1,165,17,74,74)
w(17,17,17,75,75)
w(0,319,17,76,76)
w(4,60,17,77,77)
w(58,7,17,78,78)
w(1,166,17,79,79)
w(11,26,17,80,80)
r(61,4,17,81,81)
w(21,19,17,82,82)
r(1,166,17,83,83)
r(41,6,17,84,84)
r(27,14,17,85,85)
r(2,104,17,86,86)
w(12,24,17,87,87)
r(41,6,17,88,88)
w(6,42,17,89,89)
r(80,5,17,90,90)
w(19,19,17,91,91)
w(0,320,17,92,92)
r(2,104,17,93,93)
r(28,9,17,94,94)
r(67,5,17,95,95)
w(54,9,17,96,96)
r(0,320,17,97,97)
r(2,104,17,98,98)
r(4,60,17,99,99)
r(9,46,17,100,100)
r(1,166,17,101,101)
w(30,15,17,102,102)
r(2,104,17,103,103)
w(10,36,17,104,104)
r(38,6,17,105,105)
r(13,25,17,106,106)
w(0,321,17,107,107)
w(7,44,17,108,108)
w(36,9,17,109,109)
w(3,81,17,110,110)
w(2,105,17,111,111)
r(5,47,17,112,112)
w(4,61,17,113,113)
w(0,322,17,114,114)
w(23,12,17,115,115)
r(0,322,17,116,116)
w(5,48,17,117,117)
w(8,54,17,118,118)
w(0,323,17,119,119)
r(0,323,17,120,120)
r(4,61,17,121,121)
w(8,55,17,122,122)
r(0,323,17,123,123)
r(6,42,17,124,124)
r(0,323,17,125,125)
w(7,45,17,126,126)
w(0,324,17,127,127)
r(78,6,17,128,128)
r(8,55,17,129,129)
w(13,26,17,130,130)
w(5,49,17,131,131)
w(4,62,17,132,132)
w(21,20,17,133,133)
w(3,82,17,134,134)
r(8,55,17,135,135)
r(35,12,17,136,136)
r(1,166,17,137,137)
w(84,4,17,138,138)
r(37,12,17,139,139)
w(2,106,17,140,140)
w(43,5,17,141,141)
r(90,2,17,142,142)
r(0,324,17,143,143)
r(0,324,17,144,144)
w(0,325,17,145,145)
r(0,325,17,146,146)
w(3,83,17,147,147)
w(29,16,17,148,148)
r(55,8,17,149,149)
r(13,26,17,150,150)
w(17,18,17,151,151)
w(0,326,17,152,152)
r(0,326,17,153,153)
w(6,43,17,154,154)
r(33,8,17,155,155)
r(18,21,17,156,156)
r(4,62,17,157,157)
r(0,326,17,158,158)
w(85,5,17,159,159)
w(41,7,17,160,160)
r(30,15,17,161,161)
r(3,83,17,162,162)
r(6,43,17,163,163)
w(0,327,17,164,164)
r(5,49,17,165,165)
w(39,12,17,166,166)
w(0,328,17,167,167)
r(60,3,17,168,168)
r(5,49,17,169,169)
w(0,329,17,170,170)
r(49,8,17,171,171)
w(24,13,17,172,172)
r(4,62,17,173,173)
w(66,9,17,174,174)
w(68,3,17,175,175)
r(4,62,17,176,176)
w(0,330,17,177,177)
w(2,107,17,178,178)
w(7,46,17,179,179)
r(10,36,17,180,180)
w(7,47,17,181,181)
w(57,10,17,182,182)
r(93,4,17,183,183)
w(22,26,17,184,184)
w(2,108,17,185,185)
r(0,330,17,186,186)
w(19,20,17,187,187)
r(1,166,17,188,188)
r(74,5,17,189,189)
w(13,27,17,190,190)
w(4,63,17,191,191)
r(46,11,17,192,192)
r(37,12,17,193,193)
r(5,49,17,194,194)
w(1,167,17,195,195)
r(1,167,17,196,196)
r(0,330,17,197,197)
r(0,330,17,198,198)
w(15,20,17,199,199)
w(19,21,18,0,0)
w(1,168,18,1,1)
w(32,10,18,2,2)
w(10,37,18,3,3)
r(18,21,18,4,4)
r(96,3,18,5,5)
r(5,49,18,6,6)
w(26,15,18,7,7)
r(22,26,18,8,8)
w(2,109,18,9,9)
r(2,109,18,10,10)
r(0,330,18,11,11)
w(3,84,18,12,12)
w(0,331,18,13,13)
w(24,14,18,14,14)
r(5,49,18,15,15)
r(82,6,18,16,16)
w(42,5,18,17,17)
r(45,8,18,18,18)
w(3,85,18,19,19)
r(0,331,18,20,20)
r(29,16,18,21,21)
r(1,168,18,22,22)
r(26,15,18,23,23)
r(50,5,18,24,24)
w(5,50,18,25,25)
r(19,21,18,26,26)
w(43,6,18,27,27)
r(72,3,18,28,28)
w(14,24,18,29,29)
r(2,109,18,30,30)
w(78,7,18,31,31)
r(4,63,18,32,32)
w(72,4,18,33,33)
w(67,6,18,34,34)
w(0,332,18,35,35)
r(71,2,18,36,36)
w(8,56,18,37,37)
w(1,169,18,38,38)
r(11,26,18,39,39)
w(43,7,18,40,40)
w(34,10,18,41,41)
w(66,10,18,42,42)
r(1,169,18,43,43)
w(53,8,18,44,44)
r(75,4,18,45,45)
r(14,24,18,46,46)
r(2,109,18,47,47)
w(4,64,18,48,48)
w(0,333,18,49,49)
w(0,334,18,50,50)
r(40,9,18,51,51)
r(3,85,18,52,52)
r(4,64,18,53,53)
r(2,109,18,54,54)
r(49,8,18,55,55)
w(16,31,18,56,56)
w(2,110,18,57,57)
r(29,16,18,58,58)
w(7,48,18,59,59)
w(24,15,18,60,60)
r(6,43,18,61,61)
r(0,334,18,62,62)
r(51,4,18,63,63)
r(32,10,18,64,64)
w(42,6,18,65,65)
w(10,38,18,66,66)
r(75,4,18,67,67)
w(10,39,18,68,68)
w(1,170,18,69,69)
w(75,5,18,70,70)
r(1,170,18,71,71)
w(1,171,18,72,72)
w(1,172,18,73,73)
w(2,111,18,74,74)
r(0,334,18,75,75)
r(18,21,18,76,76)
r(14,24,18,77,77)
r(41,7,18,78,78)
w(9,47,18,79,79)
w(0,335,18,80,80)
r(3,85,18,81,81)
r(0,335,18,82,82)
r(21,20,18,83,83)
w(3,86,18,84,84)
w(90,3,18,85,85)
w(1,173,18,86,86)
w(14,25,18,87,87)
r(0,335,18,88,88)
r(5,50,18,89,89)
w(19,22,18,90,90)
r(1,173,18,91,91)
r(16,31,18,92,92)
w(6,44,18,93,93)
w(16,32,18,94,94)
r(12,24,18,95,95)
r(2,111,18,96,96)
w(24,16,18,97,97)
w(1,174,18,98,98)
r(13,27,18,99,99)
r(0,335,18,100,100)
r(3,86,18,101,101)
w(0,336,18,102,102)
w(10,40,18,103,103)
w(3,87,18,104,104)
w(1,175,18,105,105)
w(4,65,18,106,106)
w(0,337,18,107,107)
r(28,9,18,108,108)
r(0,337,18,109,109)
w(9,48,18,110,110)
r(41,7,18,111,111)
w(4,66,18,112,112)
w(5,51,18,113,113)
r(0,337,18,114,114)
w(0,338,18,115,115)
r(36,9,18,116,116)
w(0,339,18,117,117)
w(2,112,18,118,118)
w(11,27,18,119,119)
r(10,40,18,120,120)
r(8,56,18,121,121)
r(64,5,18,122,122)
r(20,19,18,123,123)
r(1,175,18,124,124)
r(0,339,18,125,125)
w(18,22,18,126,126)
r(0,339,18,127,127)
r(12,24,18,128,128)
r(5,51,18,129,129)
w(3,88,18,130,130)
r(0,339,18,131,131)
r(1,175,18,132,132)
r(2,112,18,133,133)
r(58,7,18,134,134)
r(0,339,18,135,135)
w(23,13,18,136,136)
w(43,8,18,137,137)
w(67,7,18,138,138)
r(1,175,18,139,139)
w(5,52,18,140,140)
r(1,175,18,141,141)
r(10,40,18,142,142)
r(0,339,18,143,143)
w(0,340,18,144,144)
r(10,40,18,145,145)
r(3,88,18,146,146)
r(5,52,18,147,147)
w(15,21,18,148,148)
w(5,53,18,149,149)
r(3,88,18,150,150)
w(5,54,18,151,151)
r(2,112,18,152,152)
w(0,341,18,153,153)
w(10,41,18,154,154)
r(2,112,18,155,155)
r(1,175,18,156,156)
r(22,26,18,157,157)
w(1,176,18,158,158)
r(0,341,18,159,159)
r(4,66,18,160,160)
r(0,341,18,161,161)
r(3,88,18,162,162)
r(20,19,18,163,163)
r(4,66,18,164,164)
r(12,24,18,165,165)
r(4,66,18,166,166)
w(4,67,18,167,167)
w(48,9,18,168,168)
w(0,342,18,169,169)
w(0,343,18,170,170)
w(0,344,18,171,171)
r(43,8,18,172,172)
w(3,89,18,173,173)
w(2,113,18,174,174)
w(3,90,18,175,175)
r(30,15,18,176,176)
r(4,67,18,177,177)
r(15,21,18,178,178)
r(39,12,18,179,179)
r(18,22,18,180,180)
r(12,24,18,181,181)
r(57,10,18,182,182)
w(0,345,18,183,183)
r(3,90,18,184,184)
w(0,346,18,185,185)
r(40,9,18,186,186)
r(27,14,18,187,187)
w(34,11,18,188,188)
r(66,10,18,189,189)
r(10,41,18,190,190)
w(77,4,18,191,191)
w(82,7,18,192,192)
w(7,49,18,193,193)
r(23,13,18,194,194)
r(45,8,18,195,195)
w(6,45,18,196,196)
r(28,9,18,197,197)
r(10,41,18,198,198)
r(8,56,18,199,199)
r(2,113,19,0,0)
r(6,45,19,1,1)
w(16,33,19,2,2)
w(12,25,19,3,3)
w(1,177,19,4,4)
w(7,50,19,5,5)
w(46,12,19,6,6)
r(26,15,19,7,7)
w(9,49,19,8,8)
w(1,178,19,9,9)
r(0,346,19,10,10)
r(1,178,19,11,11)
w(4,68,19,12,12)
w(1,179,19,13,13)
w(2,114,19,14,14)
w(41,8,19,15,15)
r(12,25,19,16,16)
w(0,347,19,17,17)
r(6,45,19,18,18)
r(6,45,19,19,19)
w(30,16,19,20,20)
w(56,4,19,21,21)
r(1,179,19,22,22)
r(0,347,19,23,23)
w(14,26,19,24,24)
w(34,12,19,25,25)
w(57,11,19,26,26)
w(8,57,19,27,27)
r(1,179,19,28,28)
w(0,348,19,29,29)
r(0,348,19,30,30)
r(1,179,19,31,31)
w(21,21,19,32,32)
w(63,5,19,33,33)
w(2,115,19,34,34)
r(1,179,19,35,35)
w(3,91,19,36,36)
w(67,8,19,37,37)
w(12,26,19,38,38)
w(31,6,19,39,39)
w(43,9,19,40,40)
r(0,348,19,41,41)
w(8,58,19,42,42)
r(2,115,19,43,43)
w(0,349,19,44,44)
w(4,69,19,45,45)
r(0,349,19,46,46)
w(3,92,19,47,47)
r(71,2,19,48,48)
r(4,69,19,49,49)
r(25,13,19,50,50)
w(7,51,19,51,51)
w(22,27,19,52,52)
r(1,179,19,53,53)
w(0,350,19,54,54)
r(16,33,19,55,55)
w(5,55,19,56,56)
r(1,179,19,57,57)
r(23,13,19,58,58)
r(3,92,19,59,59)
r(77,4,19,60,60)
w(21,22,19,61,61)
r(2,115,19,62,62)
r(7,51,19,63,63)
r(52,7,19,64,64)
w(54,10,19,65,65)
w(0,351,19,66,66)
w(1,180,19,67,67)
w(0,352,19,68,68)
r(1,180,19,69,69)
w(7,52,19,70,70)
w(6,46,19,71,71)
w(88,4,19,72,72)
w(0,353,19,73,73)
r(87,5,19,74,74)
w(9,50,19,75,75)
w(0,354,19,76,76)
r(11,27,19,77,77)
r(42,6,19,78,78)
w(0,355,19,79,79)
r(0,355,19,80,80)
w(0,356,19,81,81)
w(39,13,19,82,82)
r(1,180,19,83,83)
w(5,56,19,84,84)
r(5,56,19,85,85)
w(0,357,19,86,86)
r(34,12,19,87,87)
w(33,9,19,88,88)
w(7,53,19,89,89)
w(16,34,19,90,90)
r(36,9,19,91,91)
r(0,357,19,92,92)
r(30,16,19,93,93)
w(0,358,19,94,94)
w(8,59,19,95,95)
r(0,358,19,96,96)
w(4,70,19,97,97)
r(22,27,19,98,98)
r(35,12,19,99,99)
w(0,359,19,100,100)
r(36,9,19,101,101)
w(0,360,19,102,102)
w(0,361,19,103,103)
r(4,70,19,104,104)
r(2,115,19,105,105)
r(69,5,19,106,106)
w(4,71,19,107,107)
w(2,116,19,108,108)
w(51,5,19,109,109)
r(17,18,19,110,110)
r(3,92,19,111,111)
r(2,116,19,112,112)
r(1,180,19,113,113)
w(11,28,19,114,114)
w(19,23,19,115,115)
w(30,17,19,116,116)
r(5,56,19,117,117)
r(0,361,19,118,118)
w(19,24,19,119,119)
w(1,181,19,120,120)
r(0,361,19,121,121)
w(2,117,19,122,122)
r(26,15,19,123,123)
r(0,361,19,124,124)
r(37,12,19,125,125)
r(1,181,19,126,126)
w(5,57,19,127,127)
w(1,182,19,128,128)
r(0,361,19,129,129)
w(4,72,19,130,130)
r(2,117,19,131,131)
w(2,118,19,132,132)
w(7,54,19,133,133)
r(1,182,19,134,134)
w(58,8,19,135,135)
r(5,57,19,136,136)
r(74,5,19,137,137)
w(2,119,19,138,138)
r(16,34,19,139,139)
w(3,93,19,140,140)
r(18,22,19,141,141)
w(18,23,19,142,142)
w(9,51,19,143,143)
w(0,362,19,144,144)
w(0,363,19,145,145)
w(9,52,19,146,146)
w(6,47,19,147,147)
r(56,4,19,148,148)
r(1,182,19,149,149)
r(11,28,19,150,150)
w(7,55,19,151,151)
r(24,16,19,152,152)
r(0,363,19,153,153)
w(0,364,19,154,154)
r(58,8,19,155,155)
w(1,183,19,156,156)
r(1,183,19,157,157)
r(0,364,19,158,158)
w(73,8,19,159,159)
w(14,27,19,160,160)
r(2,119,19,161,161)
r(16,34,19,162,162)
r(17,18,19,163,163)
r(6,47,19,164,164)
w(42,7,19,165,165)
w(87,6,19,166,166)
w(28,10,19,167,167)
w(82,8,19,168,168)
w(2,120,19,169,169)
w(1,184,19,170,170)
r(3,93,19,171,171)
w(19,25,19,172,172)
w(0,365,19,173,173)
w(6,48,19,174,174)
w(8,60,19,175,175)
r(82,8,19,176,176)
r(0,365,19,177,177)
w(9,53,19,178,178)
r(1,184,19,179,179)
w(29,17,19,180,180)
w(47,6,19,181,181)
w(5,58,19,182,182)
w(6,49,19,183,183)
r(0,365,19,184,184)
r(0,365,19,185,185)
r(1,184,19,186,186)
w(56,5,19,187,187)
r(77,4,19,188,188)
r(0,365,19,189,189)
r(77,4,19,190,190)
w(21,23,19,191,191)
w(1,185,19,192,192)
w(0,366,19,193,193)
w(2,121,19,194,194)
w(1,186,19,195,195)
r(0,366,19,196,196)
w(1,187,19,197,197)
w(1,188,19,198,198)
r(0,366,19,199,199)
