r(756,0,0,0,0)
r(215,0,0,1,1)
w(899,1,0,2,2)
r(445,0,0,3,3)
w(553,1,0,4,4)
w(496,1,0,5,5)
w(714,1,0,6,6)
w(146,1,0,7,7)
w(255,1,0,8,8)
w(455,1,0,9,9)
w(93,1,0,10,10)
w(559,1,0,11,11)
w(62,1,0,12,12)
w(987,1,0,13,13)
w(925,1,0,14,14)
w(528,1,0,15,15)
w(886,1,0,16,16)
w(839,1,0,17,17)
w(10,1,0,18,18)
w(176,1,0,19,19)
r(460,0,0,20,20)
w(393,1,0,21,21)
w(939,1,0,22,22)
w(428,1,0,23,23)
w(764,1,0,24,24)
w(217,1,0,25,25)
w(596,1,0,26,26)
w(500,1,0,27,27)
w(761,1,0,28,28)
w(559,2,0,29,29)
w(305,1,0,30,30)
w(864,1,0,31,31)
w(929,1,0,32,32)
w(936,1,0,33,33)
w(27,1,0,34,34)
w(194,1,0,35,35)
w(111,1,0,36,36)
r(796,0,0,37,37)
w(641,1,0,38,38)
r(476,0,0,39,39)
w(293,1,0,40,40)
w(476,1,0,41,41)
w(623,1,0,42,42)
w(391,1,0,43,43)
w(840,1,0,44,44)
w(559,3,0,45,45)
w(549,1,0,46,46)
w(286,1,0,47,47)
w(630,1,0,48,48)
r(808,0,0,49,49)
w(435,1,0,50,50)
w(815,1,0,51,51)
w(664,1,0,52,52)
w(729,1,0,53,53)
w(834,1,0,54,54)
w(445,1,0,55,55)
w(297,1,0,56,56)
w(140,1,0,57,57)
w(286,2,0,58,58)
w(757,1,0,59,59)
w(302,1,0,60,60)
w(447,1,0,61,61)
r(598,0,0,62,62)
w(351,1,0,63,63)
w(236,1,0,64,64)
w(748,1,0,65,65)
r(878,0,0,66,66)
w(284,1,0,67,67)
w(834,2,0,68,68)
w(788,1,0,69,69)
w(860,1,0,70,70)
w(442,1,0,71,71)
w(872,1,0,72,72)
w(720,1,0,73,73)
w(376,1,0,74,74)
w(190,1,0,75,75)
r(717,0,0,76,76)
w(733,1,0,77,77)
w(133,1,0,78,78)
w(293,2,0,79,79)
w(840,2,0,80,80)
w(667,1,0,81,81)
w(411,1,0,82,82)
w(5,1,0,83,83)
w(992,1,0,84,84)
r(764,1,0,85,85)
w(486,1,0,86,86)
w(463,1,0,87,87)
w(189,1,0,88,88)
w(62,2,0,89,89)
r(688,0,0,90,90)
w(405,1,0,91,91)
w(389,1,0,92,92)
w(107,1,0,93,93)
w(935,1,0,94,94)
w(919,1,0,95,95)
w(229,1,0,96,96)
w(981,1,0,97,97)
w(27,2,0,98,98)
w(969,1,0,99,99)
w(928,1,0,100,100)
w(863,1,0,101,101)
w(537,1,0,102,102)
w(445,2,0,103,103)
w(414,1,0,104,104)
r(773,0,0,105,105)
w(474,1,0,106,106)
w(39,1,0,107,107)
w(474,2,0,108,108)
r(946,0,0,109,109)
w(762,1,0,110,110)
r(641,1,0,111,111)
w(143,1,0,112,112)
w(888,1,0,113,113)
w(967,1,0,114,114)
w(845,1,0,115,115)
w(130,1,0,116,116)
w(37,1,0,117,117)
w(700,1,0,118,118)
w(263,1,0,119,119)
w(757,2,0,120,120)
w(147,1,0,121,121)
r(269,0,0,122,122)
w(803,1,0,123,123)
w(15,1,0,124,124)
w(458,1,0,125,125)
w(505,1,0,126,126)
r(691,0,0,127,127)
w(926,1,0,128,128)
w(477,1,0,129,129)
w(625,1,0,130,130)
w(91,1,0,131,131)
w(911,1,0,132,132)
r(950,0,0,133,133)
r(806,0,0,134,134)
w(443,1,0,135,135)
w(634,1,0,136,136)
w(483,1,0,137,137)
w(63,1,0,138,138)
w(245,1,0,139,139)
r(590,0,0,140,140)
w(100,1,0,141,141)
w(696,1,0,142,142)
w(62,3,0,143,143)
w(547,1,0,144,144)
w(915,1,0,145,145)
w(39,2,0,146,146)
w(728,1,0,147,147)
w(404,1,0,148,148)
w(741,1,0,149,149)
w(265,1,0,150,150)
w(881,1,0,151,151)
w(129,1,0,152,152)
r(563,0,0,153,153)
w(219,1,0,154,154)
w(590,1,0,155,155)
w(385,1,0,156,156)
w(130,2,0,157,157)
w(380,1,0,158,158)
w(783,1,0,159,159)
w(909,1,0,160,160)
r(916,0,0,161,161)
w(113,1,0,162,162)
w(644,1,0,163,163)
w(315,1,0,164,164)
w(203,1,0,165,165)
w(823,1,0,166,166)
w(539,1,0,167,167)
w(932,1,0,168,168)
w(41,1,0,169,169)
w(548,1,0,170,170)
w(833,1,0,171,171)
w(808,1,0,172,172)
w(14,1,0,173,173)
w(464,1,0,174,174)
w(203,2,0,175,175)
w(61,1,0,176,176)
w(762,2,0,177,177)
w(87,1,0,178,178)
r(733,1,0,179,179)
w(15,2,0,180,180)
w(130,3,0,181,181)
w(420,1,0,182,182)
w(64,1,0,183,183)
w(563,1,0,184,184)
w(194,2,0,185,185)
r(148,0,0,186,186)
w(153,1,0,187,187)
w(140,2,0,188,188)
w(385,2,0,189,189)
r(364,0,0,190,190)
r(727,0,0,191,191)
w(211,1,0,192,192)
w(816,1,0,193,193)
w(14,2,0,194,194)
w(760,1,0,195,195)
w(670,1,0,196,196)
w(174,1,0,197,197)
w(992,2,0,198,198)
w(778,1,0,199,199)
w(480,1,1,0,0)
w(899,2,1,1,1)
w(546,1,1,2,2)
w(211,2,1,3,3)
w(269,1,1,4,4)
w(529,1,1,5,5)
w(921,1,1,6,6)
w(888,2,1,7,7)
w(904,1,1,8,8)
w(424,1,1,9,9)
r(17,0,1,10,10)
w(890,1,1,11,11)
w(52,1,1,12,12)
w(658,1,1,13,13)
w(631,1,1,14,14)
w(691,1,1,15,15)
w(216,1,1,16,16)
w(940,1,1,17,17)
w(516,1,1,18,18)
w(336,1,1,19,19)
w(11,1,1,20,20)
w(41,2,1,21,21)
r(581,0,1,22,22)
w(52,2,1,23,23)
w(60,1,1,24,24)
w(854,1,1,25,25)
w(952,1,1,26,26)
w(859,1,1,27,27)
r(738,0,1,28,28)
w(533,1,1,29,29)
w(291,1,1,30,30)
w(927,1,1,31,31)
w(178,1,1,32,32)
w(956,1,1,33,33)
w(852,1,1,34,34)
w(129,2,1,35,35)
w(159,1,1,36,36)
w(338,1,1,37,37)
r(47,0,1,38,38)
w(479,1,1,39,39)
w(861,1,1,40,40)
w(36,1,1,41,41)
w(746,1,1,42,42)
w(363,1,1,43,43)
w(697,1,1,44,44)
w(306,1,1,45,45)
w(439,1,1,46,46)
w(546,2,1,47,47)
w(969,2,1,48,48)
r(359,0,1,49,49)
w(914,1,1,50,50)
r(34,0,1,51,51)
r(21,0,1,52,52)
w(515,1,1,53,53)
w(146,2,1,54,54)
r(459,0,1,55,55)
w(556,1,1,56,56)
r(655,0,1,57,57)
w(875,1,1,58,58)
w(171,1,1,59,59)
w(433,1,1,60,60)
w(499,1,1,61,61)
w(269,2,1,62,62)
w(759,1,1,63,63)
w(68,1,1,64,64)
w(704,1,1,65,65)
w(819,1,1,66,66)
w(4,1,1,67,67)
w(454,1,1,68,68)
w(365,1,1,69,69)
w(556,2,1,70,70)
w(703,1,1,71,71)
w(462,1,1,72,72)
w(127,1,1,73,73)
w(36,2,1,74,74)
w(652,1,1,75,75)
w(796,1,1,76,76)
w(316,1,1,77,77)
r(103,0,1,78,78)
r(77,0,1,79,79)
w(679,1,1,80,80)
w(693,1,1,81,81)
w(499,2,1,82,82)
w(150,1,1,83,83)
w(526,1,1,84,84)
w(458,2,1,85,85)
r(174,1,1,86,86)
w(774,1,1,87,87)
w(11,2,1,88,88)
w(453,1,1,89,89)
w(884,1,1,90,90)
w(153,2,1,91,91)
w(296,1,1,92,92)
r(369,0,1,93,93)
w(182,1,1,94,94)
w(598,1,1,95,95)
w(879,1,1,96,96)
w(254,1,1,97,97)
w(325,1,1,98,98)
r(666,0,1,99,99)
w(954,1,1,100,100)
r(944,0,1,101,101)
w(397,1,1,102,102)
w(621,1,1,103,103)
w(220,1,1,104,104)
w(634,2,1,105,105)
w(909,2,1,106,106)
r(769,0,1,107,107)
w(130,4,1,108,108)
w(923,1,1,109,109)
w(342,1,1,110,110)
w(952,2,1,111,111)
w(189,2,1,112,112)
w(530,1,1,113,113)
w(742,1,1,114,114)
w(491,1,1,115,115)
w(838,1,1,116,116)
w(161,1,1,117,117)
w(808,2,1,118,118)
w(526,2,1,119,119)
w(671,1,1,120,120)
w(9,1,1,121,121)
w(5,2,1,122,122)
w(406,1,1,123,123)
w(835,1,1,124,124)
w(277,1,1,125,125)
r(555,0,1,126,126)
w(376,2,1,127,127)
r(277,1,1,128,128)
w(728,2,1,129,129)
r(330,0,1,130,130)
w(143,2,1,131,131)
w(917,1,1,132,132)
w(155,1,1,133,133)
w(818,1,1,134,134)
w(454,2,1,135,135)
w(657,1,1,136,136)
w(362,1,1,137,137)
w(94,1,1,138,138)
w(470,1,1,139,139)
w(150,2,1,140,140)
w(541,1,1,141,141)
w(211,3,1,142,142)
w(170,1,1,143,143)
w(111,2,1,144,144)
w(742,2,1,145,145)
w(481,1,1,146,146)
w(443,2,1,147,147)
w(239,1,1,148,148)
w(979,1,1,149,149)
w(261,1,1,150,150)
w(80,1,1,151,151)
w(188,1,1,152,152)
w(225,1,1,153,153)
w(82,1,1,154,154)
w(628,1,1,155,155)
w(138,1,1,156,156)
w(86,1,1,157,157)
r(262,0,1,158,158)
w(304,1,1,159,159)
w(226,1,1,160,160)
w(383,1,1,161,161)
w(44,1,1,162,162)
w(335,1,1,163,163)
w(443,3,1,164,164)
w(506,1,1,165,165)
r(289,0,1,166,166)
w(347,1,1,167,167)
w(61,2,1,168,168)
w(325,2,1,169,169)
w(494,1,1,170,170)
w(657,2,1,171,171)
w(808,3,1,172,172)
w(635,1,1,173,173)
w(391,2,1,174,174)
w(451,1,1,175,175)
w(942,1,1,176,176)
w(24,1,1,177,177)
w(509,1,1,178,178)
w(445,3,1,179,179)
w(966,1,1,180,180)
w(456,1,1,181,181)
w(365,2,1,182,182)
w(87,2,1,183,183)
w(554,1,1,184,184)
w(152,1,1,185,185)
w(91,2,1,186,186)
w(315,2,1,187,187)
w(520,1,1,188,188)
w(733,2,1,189,189)
w(36,3,1,190,190)
w(623,2,1,191,191)
r(710,0,1,192,192)
w(401,1,1,193,193)
r(550,0,1,194,194)
w(196,1,1,195,195)
w(623,3,1,196,196)
w(154,1,1,197,197)
w(195,1,1,198,198)
w(942,2,1,199,199)
