r(28,0,0,0,0)
r(73,0,0,1,1)
w(31,1,0,2,2)
w(89,1,0,3,3)
w(9,1,0,4,4)
w(47,1,0,5,5)
r(44,0,0,6,6)
r(72,0,0,7,7)
r(82,0,0,8,8)
r(60,0,0,9,9)
w(43,1,0,10,10)
r(24,0,0,11,11)
r(65,0,0,12,12)
w(41,1,0,13,13)
r(70,0,0,14,14)
r(77,0,0,15,15)
w(46,1,0,16,16)
w(40,1,0,17,17)
w(80,1,0,18,18)
w(24,1,0,19,19)
w(24,2,0,20,20)
w(12,1,0,21,21)
r(49,0,0,22,22)
r(96,0,0,23,23)
w(57,1,0,24,24)
w(80,2,0,25,25)
w(37,1,0,26,26)
w(49,1,0,27,27)
r(48,0,0,28,28)
w(68,1,0,29,29)
w(3,1,0,30,30)
r(73,0,0,31,31)
r(43,1,0,32,32)
r(86,0,0,33,33)
w(61,1,0,34,34)
r(84,0,0,35,35)
r(4,0,0,36,36)
w(65,1,0,37,37)
r(51,0,0,38,38)
r(52,0,0,39,39)
w(17,1,0,40,40)
r(89,1,0,41,41)
r(8,0,0,42,42)
r(87,0,0,43,43)
w(98,1,0,44,44)
r(11,0,0,45,45)
w(25,1,0,46,46)
r(18,0,0,47,47)
w(64,1,0,48,48)
r(74,0,0,49,49)
w(11,1,0,50,50)
w(53,1,0,51,51)
r(12,1,0,52,52)
w(43,2,0,53,53)
w(4,1,0,54,54)
w(86,1,0,55,55)
r(10,0,0,56,56)
r(88,0,0,57,57)
w(77,1,0,58,58)
r(29,0,0,59,59)
w(15,1,0,60,60)
w(92,1,0,61,61)
w(22,1,0,62,62)
w(55,1,0,63,63)
w(66,1,0,64,64)
r(64,1,0,65,65)
w(35,1,0,66,66)
r(40,1,0,67,67)
w(88,1,0,68,68)
r(45,0,0,69,69)
w(55,2,0,70,70)
r(63,0,0,71,71)
r(93,0,0,72,72)
r(59,0,0,73,73)
r(80,2,0,74,74)
w(31,2,0,75,75)
w(65,2,0,76,76)
r(41,1,0,77,77)
w(79,1,0,78,78)
r(11,1,0,79,79)
w(85,1,0,80,80)
w(48,1,0,81,81)
r(53,1,0,82,82)
r(66,1,0,83,83)
r(58,0,0,84,84)
w(74,1,0,85,85)
w(98,2,0,86,86)
r(85,1,0,87,87)
w(94,1,0,88,88)
r(30,0,0,89,89)
w(94,2,0,90,90)
r(92,1,0,91,91)
r(69,0,0,92,92)
r(2,0,0,93,93)
w(61,2,0,94,94)
r(13,0,0,95,95)
r(34,0,0,96,96)
w(90,1,0,97,97)
w(98,3,0,98,98)
r(71,0,0,99,99)
w(32,1,0,100,100)
w(68,2,0,101,101)
w(67,1,0,102,102)
r(26,0,0,103,103)
r(91,0,0,104,104)
w(16,1,0,105,105)
r(74,1,0,106,106)
r(77,1,0,107,107)
w(25,2,0,108,108)
w(34,1,0,109,109)
r(57,1,0,110,110)
r(48,1,0,111,111)
w(73,1,0,112,112)
r(94,2,0,113,113)
r(71,0,0,114,114)
r(53,1,0,115,115)
w(20,1,0,116,116)
w(0,1,0,117,117)
r(37,1,0,118,118)
w(41,2,0,119,119)
r(56,0,0,120,120)
r(14,0,0,121,121)
w(67,2,0,122,122)
w(24,3,0,123,123)
w(91,1,0,124,124)
w(7,1,0,125,125)
r(14,0,0,126,126)
r(26,0,0,127,127)
r(53,1,0,128,128)
r(62,0,0,129,129)
r(8,0,0,130,130)
w(33,1,0,131,131)
w(4,2,0,132,132)
w(1,1,0,133,133)
w(82,1,0,134,134)
w(28,1,0,135,135)
r(56,0,0,136,136)
r(65,2,0,137,137)
w(34,2,0,138,138)
r(47,1,0,139,139)
w(26,1,0,140,140)
r(71,0,0,141,141)
r(74,1,0,142,142)
r(73,1,0,143,143)
r(70,0,0,144,144)
w(30,1,0,145,145)
w(89,2,0,146,146)
w(48,2,0,147,147)
r(5,0,0,148,148)
w(59,1,0,149,149)
w(21,1,0,150,150)
r(72,0,0,151,151)
w(45,1,0,152,152)
w(1,2,0,153,153)
r(60,0,0,154,154)
r(44,0,0,155,155)
w(16,2,0,156,156)
r(31,2,0,157,157)
r(23,0,0,158,158)
r(99,0,0,159,159)
r(60,0,0,160,160)
w(67,3,0,161,161)
r(54,0,0,162,162)
w(78,1,0,163,163)
w(80,3,0,164,164)
w(5,1,0,165,165)
r(0,1,0,166,166)
r(6,0,0,167,167)
r(47,1,0,168,168)
r(48,2,0,169,169)
r(38,0,0,170,170)
w(41,3,0,171,171)
r(99,0,0,172,172)
w(16,3,0,173,173)
w(12,2,0,174,174)
w(76,1,0,175,175)
w(76,2,0,176,176)
w(38,1,0,177,177)
r(95,0,0,178,178)
w(76,3,0,179,179)
w(70,1,0,180,180)
r(92,1,0,181,181)
w(13,1,0,182,182)
r(97,0,0,183,183)
r(2,0,0,184,184)
r(16,3,0,185,185)
w(30,2,0,186,186)
w(71,1,0,187,187)
r(89,2,0,188,188)
w(87,1,0,189,189)
r(73,1,0,190,190)
r(1,2,0,191,191)
w(46,2,0,192,192)
w(35,2,0,193,193)
w(0,2,0,194,194)
r(40,1,0,195,195)
r(20,1,0,196,196)
w(95,1,0,197,197)
w(31,3,0,198,198)
w(54,1,0,199,199)
r(5,1,1,0,0)
w(54,2,1,1,1)
w(35,3,1,2,2)
w(23,1,1,3,3)
r(4,2,1,4,4)
w(74,2,1,5,5)
w(12,3,1,6,6)
w(59,2,1,7,7)
w(83,1,1,8,8)
r(61,2,1,9,9)
r(11,1,1,10,10)
w(42,1,1,11,11)
w(27,1,1,12,12)
r(63,0,1,13,13)
w(8,1,1,14,14)
r(77,1,1,15,15)
r(49,1,1,16,16)
w(13,2,1,17,17)
w(92,2,1,18,18)
r(79,1,1,19,19)
w(19,1,1,20,20)
r(78,1,1,21,21)
w(4,3,1,22,22)
w(45,2,1,23,23)
w(89,3,1,24,24)
w(4,4,1,25,25)
w(48,3,1,26,26)
r(64,1,1,27,27)
r(94,2,1,28,28)
w(7,2,1,29,29)
w(72,1,1,30,30)
r(4,4,1,31,31)
w(2,1,1,32,32)
r(41,3,1,33,33)
r(85,1,1,34,34)
w(93,1,1,35,35)
r(84,0,1,36,36)
r(61,2,1,37,37)
w(4,5,1,38,38)
r(58,0,1,39,39)
r(30,2,1,40,40)
r(41,3,1,41,41)
r(62,0,1,42,42)
r(23,1,1,43,43)
w(85,2,1,44,44)
r(3,1,1,45,45)
r(36,0,1,46,46)
w(50,1,1,47,47)
r(77,1,1,48,48)
r(75,0,1,49,49)
w(40,2,1,50,50)
r(43,2,1,51,51)
r(58,0,1,52,52)
w(29,1,1,53,53)
w(83,2,1,54,54)
w(56,1,1,55,55)
w(34,3,1,56,56)
w(40,3,1,57,57)
r(11,1,1,58,58)
w(30,3,1,59,59)
r(14,0,1,60,60)
w(10,1,1,61,61)
w(38,2,1,62,62)
w(59,3,1,63,63)
r(35,3,1,64,64)
w(4,6,1,65,65)
w(65,3,1,66,66)
w(36,1,1,67,67)
w(6,1,1,68,68)
r(45,2,1,69,69)
r(24,3,1,70,70)
w(60,1,1,71,71)
r(13,2,1,72,72)
w(11,2,1,73,73)
r(88,1,1,74,74)
r(17,1,1,75,75)
r(68,2,1,76,76)
r(20,1,1,77,77)
r(53,1,1,78,78)
r(32,1,1,79,79)
w(88,2,1,80,80)
r(26,1,1,81,81)
w(74,3,1,82,82)
r(89,3,1,83,83)
w(65,4,1,84,84)
w(60,2,1,85,85)
w(9,2,1,86,86)
r(61,2,1,87,87)
r(70,1,1,88,88)
w(41,4,1,89,89)
r(98,3,1,90,90)
r(86,1,1,91,91)
r(44,0,1,92,92)
r(26,1,1,93,93)
w(27,2,1,94,94)
w(31,4,1,95,95)
w(10,2,1,96,96)
r(42,1,1,97,97)
r(81,0,1,98,98)
r(59,3,1,99,99)
w(90,2,1,100,100)
w(63,1,1,101,101)
w(26,2,1,102,102)
r(67,3,1,103,103)
r(88,2,1,104,104)
r(29,1,1,105,105)
r(2,1,1,106,106)
w(34,4,1,107,107)
r(21,1,1,108,108)
w(11,3,1,109,109)
w(30,4,1,110,110)
r(15,1,1,111,111)
w(87,2,1,112,112)
r(6,1,1,113,113)
r(87,2,1,114,114)
r(70,1,1,115,115)
r(63,1,1,116,116)
w(90,3,1,117,117)
w(4,7,1,118,118)
w(62,1,1,119,119)
r(2,1,1,120,120)
w(69,1,1,121,121)
w(4,8,1,122,122)
r(64,1,1,123,123)
w(54,3,1,124,124)
r(82,1,1,125,125)
r(10,2,1,126,126)
w(69,2,1,127,127)
w(39,1,1,128,128)
r(90,3,1,129,129)
w(36,2,1,130,130)
r(97,0,1,131,131)
w(37,2,1,132,132)
w(58,1,1,133,133)
w(60,3,1,134,134)
r(13,2,1,135,135)
w(39,2,1,136,136)
w(92,3,1,137,137)
w(8,2,1,138,138)
r(63,1,1,139,139)
w(12,4,1,140,140)
w(52,1,1,141,141)
r(87,2,1,142,142)
w(38,3,1,143,143)
r(8,2,1,144,144)
w(38,4,1,145,145)
w(8,3,1,146,146)
w(49,2,1,147,147)
w(96,1,1,148,148)
w(8,4,1,149,149)
w(54,4,1,150,150)
w(24,4,1,151,151)
w(66,2,1,152,152)
r(15,1,1,153,153)
r(38,4,1,154,154)
r(92,3,1,155,155)
r(4,8,1,156,156)
w(54,5,1,157,157)
w(43,3,1,158,158)
w(14,1,1,159,159)
w(60,4,1,160,160)
r(10,2,1,161,161)
r(80,3,1,162,162)
w(12,5,1,163,163)
w(87,3,1,164,164)
r(22,1,1,165,165)
r(1,2,1,166,166)
r(32,1,1,167,167)
r(98,3,1,168,168)
r(15,1,1,169,169)
w(5,2,1,170,170)
r(24,4,1,171,171)
w(17,2,1,172,172)
r(7,2,1,173,173)
w(4,9,1,174,174)
r(27,2,1,175,175)
r(78,1,1,176,176)
w(9,3,1,177,177)
w(90,4,1,178,178)
r(12,5,1,179,179)
r(80,3,1,180,180)
r(93,1,1,181,181)
r(84,0,1,182,182)
r(96,1,1,183,183)
w(93,2,1,184,184)
w(89,4,1,185,185)
r(2,1,1,186,186)
w(3,2,1,187,187)
w(4,10,1,188,188)
r(14,1,1,189,189)
r(67,3,1,190,190)
w(71,2,1,191,191)
w(3,3,1,192,192)
w(57,2,1,193,193)
w(47,2,1,194,194)
r(65,4,1,195,195)
w(62,2,1,196,196)
r(24,4,1,197,197)
r(50,1,1,198,198)
r(91,1,1,199,199)
r(84,0,2,0,0)
w(53,2,2,1,1)
w(48,4,2,2,2)
w(49,3,2,3,3)
r(27,2,2,4,4)
r(89,4,2,5,5)
w(37,3,2,6,6)
w(80,4,2,7,7)
w(87,4,2,8,8)
r(15,1,2,9,9)
w(5,3,2,10,10)
r(38,4,2,11,11)
r(65,4,2,12,12)
r(32,1,2,13,13)
w(49,4,2,14,14)
r(8,4,2,15,15)
w(54,6,2,16,16)
w(21,2,2,17,17)
r(54,6,2,18,18)
w(17,3,2,19,19)
r(43,3,2,20,20)
r(37,3,2,21,21)
w(68,3,2,22,22)
r(88,2,2,23,23)
r(66,2,2,24,24)
r(80,4,2,25,25)
w(99,1,2,26,26)
w(17,4,2,27,27)
w(16,4,2,28,28)
w(81,1,2,29,29)
r(83,2,2,30,30)
r(6,1,2,31,31)
r(92,3,2,32,32)
r(17,4,2,33,33)
w(12,6,2,34,34)
r(95,1,2,35,35)
w(36,3,2,36,36)
r(99,1,2,37,37)
r(76,3,2,38,38)
w(74,4,2,39,39)
w(36,4,2,40,40)
r(59,3,2,41,41)
r(44,0,2,42,42)
w(12,7,2,43,43)
r(86,1,2,44,44)
w(24,5,2,45,45)
w(54,7,2,46,46)
w(63,2,2,47,47)
w(63,3,2,48,48)
r(91,1,2,49,49)
w(47,3,2,50,50)
w(98,4,2,51,51)
w(71,3,2,52,52)
r(96,1,2,53,53)
w(74,5,2,54,54)
r(7,2,2,55,55)
w(2,2,2,56,56)
r(79,1,2,57,57)
r(73,1,2,58,58)
r(3,3,2,59,59)
r(22,1,2,60,60)
w(34,5,2,61,61)
r(84,0,2,62,62)
r(10,2,2,63,63)
r(79,1,2,64,64)
w(72,2,2,65,65)
r(68,3,2,66,66)
w(3,4,2,67,67)
r(29,1,2,68,68)
w(91,2,2,69,69)
r(39,2,2,70,70)
r(75,0,2,71,71)
w(93,3,2,72,72)
r(0,2,2,73,73)
r(61,2,2,74,74)
w(89,5,2,75,75)
w(13,3,2,76,76)
r(42,1,2,77,77)
r(37,3,2,78,78)
r(21,2,2,79,79)
w(17,5,2,80,80)
w(35,4,2,81,81)
r(30,4,2,82,82)
r(51,0,2,83,83)
r(87,4,2,84,84)
w(88,3,2,85,85)
w(86,2,2,86,86)
w(46,3,2,87,87)
r(67,3,2,88,88)
w(88,4,2,89,89)
r(13,3,2,90,90)
w(51,1,2,91,91)
r(99,1,2,92,92)
r(15,1,2,93,93)
w(12,8,2,94,94)
w(6,2,2,95,95)
w(46,4,2,96,96)
w(68,4,2,97,97)
w(30,5,2,98,98)
r(25,2,2,99,99)
r(41,4,2,100,100)
w(97,1,2,101,101)
r(43,3,2,102,102)
r(47,3,2,103,103)
r(45,2,2,104,104)
r(73,1,2,105,105)
w(48,5,2,106,106)
r(9,3,2,107,107)
r(91,2,2,108,108)
r(23,1,2,109,109)
r(16,4,2,110,110)
w(67,4,2,111,111)
w(59,4,2,112,112)
w(90,5,2,113,113)
w(37,4,2,114,114)
r(17,5,2,115,115)
w(12,9,2,116,116)
w(79,2,2,117,117)
w(52,2,2,118,118)
w(45,3,2,119,119)
w(70,2,2,120,120)
r(87,4,2,121,121)
r(22,1,2,122,122)
r(34,5,2,123,123)
r(39,2,2,124,124)
w(15,2,2,125,125)
w(64,2,2,126,126)
r(67,4,2,127,127)
w(2,3,2,128,128)
r(76,3,2,129,129)
r(85,2,2,130,130)
r(66,2,2,131,131)
r(64,2,2,132,132)
w(73,2,2,133,133)
r(81,1,2,134,134)
r(79,2,2,135,135)
w(36,5,2,136,136)
w(1,3,2,137,137)
r(27,2,2,138,138)
w(57,3,2,139,139)
r(24,5,2,140,140)
w(89,6,2,141,141)
w(23,2,2,142,142)
w(79,3,2,143,143)
w(15,3,2,144,144)
r(62,2,2,145,145)
r(47,3,2,146,146)
r(31,4,2,147,147)
w(24,6,2,148,148)
r(61,2,2,149,149)
w(45,4,2,150,150)
r(70,2,2,151,151)
w(41,5,2,152,152)
w(52,3,2,153,153)
r(19,1,2,154,154)
w(41,6,2,155,155)
w(68,5,2,156,156)
r(40,3,2,157,157)
w(65,5,2,158,158)
r(10,2,2,159,159)
r(19,1,2,160,160)
w(80,5,2,161,161)
w(28,2,2,162,162)
w(67,5,2,163,163)
r(5,3,2,164,164)
r(2,3,2,165,165)
r(64,2,2,166,166)
w(72,3,2,167,167)
r(66,2,2,168,168)
w(72,4,2,169,169)
r(90,5,2,170,170)
w(80,6,2,171,171)
r(82,1,2,172,172)
r(11,3,2,173,173)
r(24,6,2,174,174)
w(53,3,2,175,175)
w(46,5,2,176,176)
r(64,2,2,177,177)
r(0,2,2,178,178)
w(5,4,2,179,179)
r(41,6,2,180,180)
r(21,2,2,181,181)
w(2,4,2,182,182)
w(74,6,2,183,183)
r(18,0,2,184,184)
r(78,1,2,185,185)
r(68,5,2,186,186)
w(47,4,2,187,187)
r(59,4,2,188,188)
r(52,3,2,189,189)
r(38,4,2,190,190)
w(83,3,2,191,191)
w(55,3,2,192,192)
r(10,2,2,193,193)
w(89,7,2,194,194)
w(97,2,2,195,195)
r(16,4,2,196,196)
r(8,4,2,197,197)
w(53,4,2,198,198)
r(22,1,2,199,199)
w(41,7,3,0,0)
w(78,2,3,1,1)
r(40,3,3,2,2)
r(96,1,3,3,3)
w(35,5,3,4,4)
r(24,6,3,5,5)
r(11,3,3,6,6)
r(62,2,3,7,7)
r(64,2,3,8,8)
w(64,3,3,9,9)
r(53,4,3,10,10)
r(70,2,3,11,11)
w(65,6,3,12,12)
r(60,4,3,13,13)
r(7,2,3,14,14)
r(63,3,3,15,15)
r(41,7,3,16,16)
r(14,1,3,17,17)
w(85,3,3,18,18)
w(28,3,3,19,19)
w(69,3,3,20,20)
r(11,3,3,21,21)
r(76,3,3,22,22)
r(17,5,3,23,23)
r(94,2,3,24,24)
w(20,2,3,25,25)
r(41,7,3,26,26)
r(80,6,3,27,27)
w(52,4,3,28,28)
r(36,5,3,29,29)
w(11,4,3,30,30)
w(81,2,3,31,31)
r(18,0,3,32,32)
r(11,4,3,33,33)
w(73,3,3,34,34)
r(10,2,3,35,35)
r(48,5,3,36,36)
r(25,2,3,37,37)
r(51,1,3,38,38)
r(81,2,3,39,39)
w(54,8,3,40,40)
w(52,5,3,41,41)
r(18,0,3,42,42)
r(31,4,3,43,43)
r(50,1,3,44,44)
r(56,1,3,45,45)
w(53,5,3,46,46)
r(81,2,3,47,47)
r(42,1,3,48,48)
w(95,2,3,49,49)
w(56,2,3,50,50)
r(43,3,3,51,51)
w(48,6,3,52,52)
w(64,4,3,53,53)
w(20,3,3,54,54)
w(40,4,3,55,55)
w(6,3,3,56,56)
r(69,3,3,57,57)
r(89,7,3,58,58)
r(59,4,3,59,59)
r(13,3,3,60,60)
w(56,3,3,61,61)
w(90,6,3,62,62)
w(85,4,3,63,63)
r(67,5,3,64,64)
w(57,4,3,65,65)
r(97,2,3,66,66)
w(35,6,3,67,67)
w(57,5,3,68,68)
w(77,2,3,69,69)
w(13,4,3,70,70)
w(65,7,3,71,71)
r(19,1,3,72,72)
r(50,1,3,73,73)
w(82,2,3,74,74)
r(9,3,3,75,75)
w(44,1,3,76,76)
w(85,5,3,77,77)
r(10,2,3,78,78)
r(97,2,3,79,79)
r(52,5,3,80,80)
r(42,1,3,81,81)
r(46,5,3,82,82)
r(27,2,3,83,83)
w(79,4,3,84,84)
r(42,1,3,85,85)
w(12,10,3,86,86)
w(43,4,3,87,87)
r(86,2,3,88,88)
w(65,8,3,89,89)
w(38,5,3,90,90)
r(16,4,3,91,91)
r(29,1,3,92,92)
w(40,5,3,93,93)
w(11,5,3,94,94)
r(43,4,3,95,95)
r(69,3,3,96,96)
w(93,4,3,97,97)
r(22,1,3,98,98)
w(67,6,3,99,99)
r(7,2,3,100,100)
w(27,3,3,101,101)
w(98,5,3,102,102)
r(5,4,3,103,103)
r(84,0,3,104,104)
w(94,3,3,105,105)
w(17,6,3,106,106)
w(92,4,3,107,107)
w(86,3,3,108,108)
r(52,5,3,109,109)
r(2,4,3,110,110)
w(96,2,3,111,111)
w(11,6,3,112,112)
r(50,1,3,113,113)
w(55,4,3,114,114)
w(21,3,3,115,115)
w(55,5,3,116,116)
r(57,5,3,117,117)
w(31,5,3,118,118)
r(79,4,3,119,119)
w(31,6,3,120,120)
r(89,7,3,121,121)
w(17,7,3,122,122)
w(66,3,3,123,123)
r(74,6,3,124,124)
w(53,6,3,125,125)
r(37,4,3,126,126)
r(66,3,3,127,127)
w(93,5,3,128,128)
w(41,8,3,129,129)
w(18,1,3,130,130)
r(57,5,3,131,131)
r(50,1,3,132,132)
r(65,8,3,133,133)
r(13,4,3,134,134)
w(5,5,3,135,135)
r(79,4,3,136,136)
w(28,4,3,137,137)
r(20,3,3,138,138)
r(46,5,3,139,139)
r(52,5,3,140,140)
w(38,6,3,141,141)
w(13,5,3,142,142)
r(59,4,3,143,143)
r(45,4,3,144,144)
w(16,5,3,145,145)
w(8,5,3,146,146)
w(18,2,3,147,147)
r(61,2,3,148,148)
r(92,4,3,149,149)
w(77,3,3,150,150)
w(84,1,3,151,151)
w(78,3,3,152,152)
w(17,8,3,153,153)
r(96,2,3,154,154)
r(95,2,3,155,155)
r(42,1,3,156,156)
w(17,9,3,157,157)
w(38,7,3,158,158)
w(75,1,3,159,159)
w(54,9,3,160,160)
r(25,2,3,161,161)
w(80,7,3,162,162)
r(44,1,3,163,163)
w(51,2,3,164,164)
r(45,4,3,165,165)
r(92,4,3,166,166)
w(88,5,3,167,167)
w(79,5,3,168,168)
r(15,3,3,169,169)
r(93,5,3,170,170)
r(62,2,3,171,171)
w(60,5,3,172,172)
r(77,3,3,173,173)
r(58,1,3,174,174)
w(48,7,3,175,175)
r(99,1,3,176,176)
w(15,4,3,177,177)
w(47,5,3,178,178)
r(92,4,3,179,179)
r(83,3,3,180,180)
w(86,4,3,181,181)
w(24,7,3,182,182)
r(62,2,3,183,183)
r(61,2,3,184,184)
r(46,5,3,185,185)
w(4,11,3,186,186)
w(89,8,3,187,187)
w(68,6,3,188,188)
w(62,3,3,189,189)
r(75,1,3,190,190)
r(13,5,3,191,191)
r(34,5,3,192,192)
r(40,5,3,193,193)
r(16,5,3,194,194)
r(76,3,3,195,195)
w(16,6,3,196,196)
w(48,8,3,197,197)
r(42,1,3,198,198)
r(61,2,3,199,199)
r(69,3,4,0,0)
w(83,4,4,1,1)
w(79,6,4,2,2)
w(76,4,4,3,3)
w(32,2,4,4,4)
r(81,2,4,5,5)
w(52,6,4,6,6)
w(45,5,4,7,7)
r(52,6,4,8,8)
r(28,4,4,9,9)
w(92,5,4,10,10)
r(31,6,4,11,11)
r(42,1,4,12,12)
r(61,2,4,13,13)
w(14,2,4,14,14)
w(17,10,4,15,15)
r(27,3,4,16,16)
w(96,3,4,17,17)
w(61,3,4,18,18)
r(69,3,4,19,19)
w(57,6,4,20,20)
r(26,2,4,21,21)
r(37,4,4,22,22)
r(69,3,4,23,23)
w(87,5,4,24,24)
w(16,7,4,25,25)
w(87,6,4,26,26)
w(68,7,4,27,27)
r(40,5,4,28,28)
w(28,5,4,29,29)
w(36,6,4,30,30)
r(57,6,4,31,31)
w(8,6,4,32,32)
r(57,6,4,33,33)
w(68,8,4,34,34)
r(27,3,4,35,35)
r(81,2,4,36,36)
r(3,4,4,37,37)
w(23,3,4,38,38)
r(48,8,4,39,39)
r(31,6,4,40,40)
r(34,5,4,41,41)
r(35,6,4,42,42)
r(64,4,4,43,43)
w(13,6,4,44,44)
w(48,9,4,45,45)
w(7,3,4,46,46)
w(16,8,4,47,47)
r(25,2,4,48,48)
w(15,5,4,49,49)
r(12,10,4,50,50)
w(57,7,4,51,51)
w(89,9,4,52,52)
w(98,6,4,53,53)
r(43,4,4,54,54)
w(48,10,4,55,55)
r(68,8,4,56,56)
r(68,8,4,57,57)
w(82,3,4,58,58)
r(91,2,4,59,59)
w(26,3,4,60,60)
r(94,3,4,61,61)
w(93,6,4,62,62)
w(33,2,4,63,63)
w(32,3,4,64,64)
r(22,1,4,65,65)
w(3,5,4,66,66)
w(43,5,4,67,67)
w(1,4,4,68,68)
w(7,4,4,69,69)
r(93,6,4,70,70)
w(73,4,4,71,71)
r(43,5,4,72,72)
r(3,5,4,73,73)
w(23,4,4,74,74)
w(60,6,4,75,75)
w(87,7,4,76,76)
r(50,1,4,77,77)
w(57,8,4,78,78)
w(93,7,4,79,79)
r(50,1,4,80,80)
r(2,4,4,81,81)
r(48,10,4,82,82)
r(83,4,4,83,83)
w(96,4,4,84,84)
w(71,4,4,85,85)
r(24,7,4,86,86)
r(80,7,4,87,87)
w(45,6,4,88,88)
w(63,4,4,89,89)
r(64,4,4,90,90)
r(18,2,4,91,91)
r(45,6,4,92,92)
r(45,6,4,93,93)
w(9,4,4,94,94)
r(33,2,4,95,95)
w(72,5,4,96,96)
w(56,4,4,97,97)
r(3,5,4,98,98)
w(33,3,4,99,99)
w(54,10,4,100,100)
w(34,6,4,101,101)
r(76,4,4,102,102)
w(68,9,4,103,103)
r(57,8,4,104,104)
w(76,5,4,105,105)
r(28,5,4,106,106)
r(36,6,4,107,107)
r(13,6,4,108,108)
r(51,2,4,109,109)
w(53,7,4,110,110)
r(92,5,4,111,111)
w(31,7,4,112,112)
w(2,5,4,113,113)
r(2,5,4,114,114)
w(37,5,4,115,115)
w(58,2,4,116,116)
r(7,4,4,117,117)
r(58,2,4,118,118)
r(14,2,4,119,119)
r(23,4,4,120,120)
r(31,7,4,121,121)
w(11,7,4,122,122)
r(30,5,4,123,123)
r(22,1,4,124,124)
r(91,2,4,125,125)
r(99,1,4,126,126)
w(52,7,4,127,127)
w(72,6,4,128,128)
w(46,6,4,129,129)
r(99,1,4,130,130)
w(45,7,4,131,131)
w(25,3,4,132,132)
w(65,9,4,133,133)
w(0,3,4,134,134)
w(52,8,4,135,135)
r(22,1,4,136,136)
r(85,5,4,137,137)
w(93,8,4,138,138)
r(74,6,4,139,139)
w(5,6,4,140,140)
w(88,6,4,141,141)
w(1,5,4,142,142)
w(66,4,4,143,143)
r(33,3,4,144,144)
r(38,7,4,145,145)
r(19,1,4,146,146)
r(77,3,4,147,147)
r(91,2,4,148,148)
r(57,8,4,149,149)
w(39,3,4,150,150)
r(71,4,4,151,151)
w(85,6,4,152,152)
r(59,4,4,153,153)
w(81,3,4,154,154)
w(63,5,4,155,155)
r(22,1,4,156,156)
w(44,2,4,157,157)
w(57,9,4,158,158)
w(59,5,4,159,159)
r(19,1,4,160,160)
w(39,4,4,161,161)
w(25,4,4,162,162)
r(86,4,4,163,163)
r(49,4,4,164,164)
r(33,3,4,165,165)
w(84,2,4,166,166)
r(60,6,4,167,167)
w(11,8,4,168,168)
w(62,4,4,169,169)
r(25,4,4,170,170)
r(26,3,4,171,171)
w(15,6,4,172,172)
w(97,3,4,173,173)
w(32,4,4,174,174)
w(63,6,4,175,175)
w(45,8,4,176,176)
w(8,7,4,177,177)
r(12,10,4,178,178)
w(4,12,4,179,179)
r(94,3,4,180,180)
r(78,3,4,181,181)
r(73,4,4,182,182)
r(40,5,4,183,183)
r(98,6,4,184,184)
r(93,8,4,185,185)
r(18,2,4,186,186)
r(79,6,4,187,187)
r(23,4,4,188,188)
r(57,9,4,189,189)
w(18,3,4,190,190)
w(25,5,4,191,191)
r(71,4,4,192,192)
r(12,10,4,193,193)
r(5,6,4,194,194)
r(16,8,4,195,195)
w(12,11,4,196,196)
r(82,3,4,197,197)
r(93,8,4,198,198)
w(82,4,4,199,199)
w(68,10,5,0,0)
r(66,4,5,1,1)
w(52,9,5,2,2)
r(19,1,5,3,3)
w(2,6,5,4,4)
w(26,4,5,5,5)
r(21,3,5,6,6)
r(34,6,5,7,7)
r(18,3,5,8,8)
w(16,9,5,9,9)
w(59,6,5,10,10)
r(45,8,5,11,11)
r(38,7,5,12,12)
w(44,3,5,13,13)
r(39,4,5,14,14)
r(6,3,5,15,15)
w(25,6,5,16,16)
w(60,7,5,17,17)
r(3,5,5,18,18)
r(98,6,5,19,19)
w(38,8,5,20,20)
r(99,1,5,21,21)
w(25,7,5,22,22)
r(6,3,5,23,23)
r(4,12,5,24,24)
r(76,5,5,25,25)
w(35,7,5,26,26)
r(93,8,5,27,27)
r(42,1,5,28,28)
w(44,4,5,29,29)
w(82,5,5,30,30)
w(66,5,5,31,31)
w(77,4,5,32,32)
r(84,2,5,33,33)
r(20,3,5,34,34)
r(77,4,5,35,35)
w(65,10,5,36,36)
w(44,5,5,37,37)
r(12,11,5,38,38)
w(8,8,5,39,39)
r(81,3,5,40,40)
r(29,1,5,41,41)
w(71,5,5,42,42)
w(5,7,5,43,43)
w(33,4,5,44,44)
r(85,6,5,45,45)
w(84,3,5,46,46)
w(34,7,5,47,47)
r(87,7,5,48,48)
w(52,10,5,49,49)
r(45,8,5,50,50)
r(39,4,5,51,51)
r(98,6,5,52,52)
r(20,3,5,53,53)
w(19,2,5,54,54)
w(93,9,5,55,55)
r(47,5,5,56,56)
r(20,3,5,57,57)
r(63,6,5,58,58)
r(22,1,5,59,59)
r(85,6,5,60,60)
r(88,6,5,61,61)
w(71,6,5,62,62)
r(33,4,5,63,63)
r(38,8,5,64,64)
w(77,5,5,65,65)
w(28,6,5,66,66)
r(51,2,5,67,67)
r(78,3,5,68,68)
r(56,4,5,69,69)
r(74,6,5,70,70)
r(68,10,5,71,71)
r(52,10,5,72,72)
r(57,9,5,73,73)
w(33,5,5,74,74)
r(17,10,5,75,75)
r(78,3,5,76,76)
w(50,2,5,77,77)
r(64,4,5,78,78)
r(13,6,5,79,79)
w(87,8,5,80,80)
r(3,5,5,81,81)
w(76,6,5,82,82)
w(9,5,5,83,83)
w(45,9,5,84,84)
r(6,3,5,85,85)
w(21,4,5,86,86)
w(84,4,5,87,87)
w(45,10,5,88,88)
w(5,8,5,89,89)
r(99,1,5,90,90)
w(50,3,5,91,91)
w(42,2,5,92,92)
r(94,3,5,93,93)
w(63,7,5,94,94)
r(42,2,5,95,95)
w(90,7,5,96,96)
r(70,2,5,97,97)
w(41,9,5,98,98)
r(53,7,5,99,99)
r(79,6,5,100,100)
r(7,4,5,101,101)
r(2,6,5,102,102)
r(22,1,5,103,103)
w(50,4,5,104,104)
r(13,6,5,105,105)
w(91,3,5,106,106)
r(29,1,5,107,107)
w(28,7,5,108,108)
r(15,6,5,109,109)
r(56,4,5,110,110)
w(85,7,5,111,111)
w(50,5,5,112,112)
r(13,6,5,113,113)
w(49,5,5,114,114)
w(28,8,5,115,115)
r(68,10,5,116,116)
w(77,6,5,117,117)
r(27,3,5,118,118)
r(67,6,5,119,119)
w(68,11,5,120,120)
r(16,9,5,121,121)
r(3,5,5,122,122)
w(23,5,5,123,123)
r(0,3,5,124,124)
w(22,2,5,125,125)
r(20,3,5,126,126)
w(30,6,5,127,127)
r(17,10,5,128,128)
r(30,6,5,129,129)
r(4,12,5,130,130)
w(31,8,5,131,131)
r(51,2,5,132,132)
r(58,2,5,133,133)
r(53,7,5,134,134)
r(19,2,5,135,135)
w(69,4,5,136,136)
r(59,6,5,137,137)
w(81,4,5,138,138)
r(91,3,5,139,139)
r(88,6,5,140,140)
w(94,4,5,141,141)
w(41,10,5,142,142)
r(31,8,5,143,143)
r(94,4,5,144,144)
r(4,12,5,145,145)
r(38,8,5,146,146)
r(7,4,5,147,147)
w(95,3,5,148,148)
r(33,5,5,149,149)
r(37,5,5,150,150)
w(58,3,5,151,151)
w(97,4,5,152,152)
w(48,11,5,153,153)
w(61,4,5,154,154)
w(3,6,5,155,155)
r(75,1,5,156,156)
w(66,6,5,157,157)
r(58,3,5,158,158)
r(3,6,5,159,159)
r(47,5,5,160,160)
w(75,2,5,161,161)
w(87,9,5,162,162)
w(39,5,5,163,163)
w(91,4,5,164,164)
r(82,5,5,165,165)
r(36,6,5,166,166)
w(41,11,5,167,167)
w(74,7,5,168,168)
r(5,8,5,169,169)
r(24,7,5,170,170)
w(30,7,5,171,171)
r(37,5,5,172,172)
w(79,7,5,173,173)
r(99,1,5,174,174)
w(39,6,5,175,175)
r(30,7,5,176,176)
r(45,10,5,177,177)
w(67,7,5,178,178)
w(5,9,5,179,179)
r(53,7,5,180,180)
r(91,4,5,181,181)
w(6,4,5,182,182)
r(22,2,5,183,183)
r(93,9,5,184,184)
w(73,5,5,185,185)
r(34,7,5,186,186)
w(58,4,5,187,187)
r(51,2,5,188,188)
r(82,5,5,189,189)
w(45,11,5,190,190)
w(27,4,5,191,191)
w(35,8,5,192,192)
r(83,4,5,193,193)
w(21,5,5,194,194)
r(13,6,5,195,195)
w(84,5,5,196,196)
w(87,10,5,197,197)
r(56,4,5,198,198)
w(11,9,5,199,199)
r(61,4,6,0,0)
r(29,1,6,1,1)
w(73,6,6,2,2)
r(47,5,6,3,3)
w(63,8,6,4,4)
r(91,4,6,5,5)
w(68,12,6,6,6)
w(11,10,6,7,7)
w(90,8,6,8,8)
r(79,7,6,9,9)
w(10,3,6,10,10)
r(78,3,6,11,11)
w(95,4,6,12,12)
w(69,5,6,13,13)
w(49,6,6,14,14)
w(88,7,6,15,15)
w(81,5,6,16,16)
w(87,11,6,17,17)
w(3,7,6,18,18)
w(38,9,6,19,19)
r(40,5,6,20,20)
r(31,8,6,21,21)
w(67,8,6,22,22)
w(13,7,6,23,23)
r(39,6,6,24,24)
w(8,9,6,25,25)
r(87,11,6,26,26)
r(31,8,6,27,27)
r(34,7,6,28,28)
r(47,5,6,29,29)
w(1,6,6,30,30)
w(2,7,6,31,31)
r(28,8,6,32,32)
r(68,12,6,33,33)
r(24,7,6,34,34)
r(11,10,6,35,35)
r(31,8,6,36,36)
w(40,6,6,37,37)
w(90,9,6,38,38)
w(8,10,6,39,39)
r(77,6,6,40,40)
w(7,5,6,41,41)
r(63,8,6,42,42)
r(39,6,6,43,43)
r(4,12,6,44,44)
w(66,7,6,45,45)
r(74,7,6,46,46)
r(83,4,6,47,47)
r(13,7,6,48,48)
w(66,8,6,49,49)
w(23,6,6,50,50)
r(59,6,6,51,51)
r(75,2,6,52,52)
w(95,5,6,53,53)
r(49,6,6,54,54)
w(10,4,6,55,55)
r(18,3,6,56,56)
w(83,5,6,57,57)
w(30,8,6,58,58)
r(15,6,6,59,59)
r(25,7,6,60,60)
w(99,2,6,61,61)
w(86,5,6,62,62)
w(49,7,6,63,63)
r(51,2,6,64,64)
r(41,11,6,65,65)
w(53,8,6,66,66)
w(0,4,6,67,67)
r(35,8,6,68,68)
w(75,3,6,69,69)
w(63,9,6,70,70)
w(16,10,6,71,71)
w(64,5,6,72,72)
r(91,4,6,73,73)
r(52,10,6,74,74)
w(52,11,6,75,75)
r(58,4,6,76,76)
w(65,11,6,77,77)
r(87,11,6,78,78)
r(41,11,6,79,79)
w(84,6,6,80,80)
w(9,6,6,81,81)
w(47,6,6,82,82)
r(19,2,6,83,83)
w(39,7,6,84,84)
r(82,5,6,85,85)
r(95,5,6,86,86)
r(43,5,6,87,87)
r(7,5,6,88,88)
r(62,4,6,89,89)
r(34,7,6,90,90)
r(77,6,6,91,91)
r(84,6,6,92,92)
w(7,6,6,93,93)
w(39,8,6,94,94)
r(38,9,6,95,95)
w(75,4,6,96,96)
r(34,7,6,97,97)
r(9,6,6,98,98)
w(98,7,6,99,99)
w(23,7,6,100,100)
r(86,5,6,101,101)
w(52,12,6,102,102)
r(4,12,6,103,103)
r(73,6,6,104,104)
r(26,4,6,105,105)
w(77,7,6,106,106)
w(1,7,6,107,107)
w(0,5,6,108,108)
w(18,4,6,109,109)
w(35,9,6,110,110)
r(21,5,6,111,111)
r(85,7,6,112,112)
w(30,9,6,113,113)
r(55,5,6,114,114)
r(24,7,6,115,115)
w(32,5,6,116,116)
r(85,7,6,117,117)
r(56,4,6,118,118)
r(40,6,6,119,119)
r(61,4,6,120,120)
r(63,9,6,121,121)
w(55,6,6,122,122)
r(12,11,6,123,123)
w(15,7,6,124,124)
r(9,6,6,125,125)
w(3,8,6,126,126)
r(51,2,6,127,127)
r(82,5,6,128,128)
r(62,4,6,129,129)
r(43,5,6,130,130)
w(76,7,6,131,131)
r(83,5,6,132,132)
r(64,5,6,133,133)
w(36,7,6,134,134)
r(52,12,6,135,135)
w(26,5,6,136,136)
w(2,8,6,137,137)
w(87,12,6,138,138)
w(89,10,6,139,139)
w(71,7,6,140,140)
r(93,9,6,141,141)
w(7,7,6,142,142)
r(67,8,6,143,143)
r(26,5,6,144,144)
r(13,7,6,145,145)
w(17,11,6,146,146)
w(27,5,6,147,147)
w(75,5,6,148,148)
r(1,7,6,149,149)
r(41,11,6,150,150)
r(63,9,6,151,151)
r(33,5,6,152,152)
w(88,8,6,153,153)
r(5,9,6,154,154)
r(95,5,6,155,155)
w(16,11,6,156,156)
w(92,6,6,157,157)
r(37,5,6,158,158)
w(21,6,6,159,159)
w(32,6,6,160,160)
r(89,10,6,161,161)
r(40,6,6,162,162)
r(69,5,6,163,163)
w(76,8,6,164,164)
w(87,13,6,165,165)
r(14,2,6,166,166)
r(76,8,6,167,167)
w(52,13,6,168,168)
w(28,9,6,169,169)
w(83,6,6,170,170)
r(56,4,6,171,171)
r(49,7,6,172,172)
w(6,5,6,173,173)
r(31,8,6,174,174)
w(4,13,6,175,175)
w(85,8,6,176,176)
w(13,8,6,177,177)
w(75,6,6,178,178)
w(22,3,6,179,179)
w(37,6,6,180,180)
r(38,9,6,181,181)
w(81,6,6,182,182)
w(46,7,6,183,183)
r(27,5,6,184,184)
r(61,4,6,185,185)
w(40,7,6,186,186)
r(95,5,6,187,187)
r(81,6,6,188,188)
r(7,7,6,189,189)
r(96,4,6,190,190)
w(84,7,6,191,191)
w(62,5,6,192,192)
r(55,6,6,193,193)
w(20,4,6,194,194)
w(1,8,6,195,195)
r(77,7,6,196,196)
w(69,6,6,197,197)
r(52,13,6,198,198)
w(4,14,6,199,199)
w(22,4,7,0,0)
w(53,9,7,1,1)
w(40,8,7,2,2)
w(12,12,7,3,3)
r(9,6,7,4,4)
r(62,5,7,5,5)
w(18,5,7,6,6)
w(30,10,7,7,7)
w(89,11,7,8,8)
w(3,9,7,9,9)
w(46,8,7,10,10)
r(1,8,7,11,11)
r(69,6,7,12,12)
r(23,7,7,13,13)
w(22,5,7,14,14)
w(36,8,7,15,15)
w(5,10,7,16,16)
r(29,1,7,17,17)
r(94,4,7,18,18)
r(80,7,7,19,19)
r(74,7,7,20,20)
r(13,8,7,21,21)
r(93,9,7,22,22)
r(70,2,7,23,23)
w(84,8,7,24,24)
r(58,4,7,25,25)
w(72,7,7,26,26)
r(34,7,7,27,27)
r(55,6,7,28,28)
r(58,4,7,29,29)
w(62,6,7,30,30)
w(50,6,7,31,31)
r(36,8,7,32,32)
w(41,12,7,33,33)
r(9,6,7,34,34)
w(36,9,7,35,35)
w(2,9,7,36,36)
w(72,8,7,37,37)
r(17,11,7,38,38)
w(31,9,7,39,39)
r(87,13,7,40,40)
r(77,7,7,41,41)
r(1,8,7,42,42)
r(65,11,7,43,43)
r(83,6,7,44,44)
w(97,5,7,45,45)
r(57,9,7,46,46)
r(96,4,7,47,47)
w(84,9,7,48,48)
r(30,10,7,49,49)
r(94,4,7,50,50)
r(46,8,7,51,51)
w(34,8,7,52,52)
r(69,6,7,53,53)
r(37,6,7,54,54)
w(69,7,7,55,55)
w(24,8,7,56,56)
w(49,8,7,57,57)
w(32,7,7,58,58)
w(67,9,7,59,59)
r(33,5,7,60,60)
r(60,7,7,61,61)
w(55,7,7,62,62)
w(55,8,7,63,63)
r(8,10,7,64,64)
w(56,5,7,65,65)
w(3,10,7,66,66)
w(1,9,7,67,67)
w(62,7,7,68,68)
w(64,6,7,69,69)
w(5,11,7,70,70)
r(28,9,7,71,71)
w(8,11,7,72,72)
w(7,8,7,73,73)
r(66,8,7,74,74)
w(98,8,7,75,75)
w(39,9,7,76,76)
r(84,9,7,77,77)
r(42,2,7,78,78)
w(14,3,7,79,79)
r(30,10,7,80,80)
r(37,6,7,81,81)
r(80,7,7,82,82)
w(88,9,7,83,83)
w(59,7,7,84,84)
w(16,12,7,85,85)
r(7,8,7,86,86)
w(44,6,7,87,87)
w(32,8,7,88,88)
r(68,12,7,89,89)
w(5,12,7,90,90)
w(43,6,7,91,91)
r(2,9,7,92,92)
r(58,4,7,93,93)
w(78,4,7,94,94)
r(8,11,7,95,95)
r(23,7,7,96,96)
r(68,12,7,97,97)
w(24,9,7,98,98)
r(12,12,7,99,99)
w(86,6,7,100,100)
w(3,11,7,101,101)
r(36,9,7,102,102)
r(58,4,7,103,103)
w(51,3,7,104,104)
w(90,10,7,105,105)
w(52,14,7,106,106)
w(51,4,7,107,107)
r(25,7,7,108,108)
w(83,7,7,109,109)
r(10,4,7,110,110)
w(70,3,7,111,111)
r(34,8,7,112,112)
w(45,12,7,113,113)
r(72,8,7,114,114)
r(5,12,7,115,115)
r(52,14,7,116,116)
r(55,8,7,117,117)
w(95,6,7,118,118)
w(25,8,7,119,119)
r(34,8,7,120,120)
r(33,5,7,121,121)
w(8,12,7,122,122)
r(62,7,7,123,123)
r(56,5,7,124,124)
r(57,9,7,125,125)
r(15,7,7,126,126)
w(27,6,7,127,127)
r(31,9,7,128,128)
w(84,10,7,129,129)
w(4,15,7,130,130)
r(50,6,7,131,131)
r(26,5,7,132,132)
r(99,2,7,133,133)
r(45,12,7,134,134)
r(64,6,7,135,135)
r(22,5,7,136,136)
r(20,4,7,137,137)
w(43,7,7,138,138)
r(56,5,7,139,139)
w(59,8,7,140,140)
w(56,6,7,141,141)
r(31,9,7,142,142)
r(10,4,7,143,143)
r(65,11,7,144,144)
w(1,10,7,145,145)
r(44,6,7,146,146)
w(75,7,7,147,147)
r(47,6,7,148,148)
r(13,8,7,149,149)
r(17,11,7,150,150)
w(59,9,7,151,151)
r(28,9,7,152,152)
r(18,5,7,153,153)
r(17,11,7,154,154)
w(74,8,7,155,155)
w(67,10,7,156,156)
r(58,4,7,157,157)
r(64,6,7,158,158)
w(31,10,7,159,159)
r(79,7,7,160,160)
r(34,8,7,161,161)
r(77,7,7,162,162)
r(16,12,7,163,163)
w(70,4,7,164,164)
w(16,13,7,165,165)
w(60,8,7,166,166)
w(24,10,7,167,167)
r(93,9,7,168,168)
r(49,8,7,169,169)
r(16,13,7,170,170)
r(58,4,7,171,171)
r(31,10,7,172,172)
r(9,6,7,173,173)
w(70,5,7,174,174)
w(12,13,7,175,175)
r(53,9,7,176,176)
w(25,9,7,177,177)
w(35,10,7,178,178)
r(28,9,7,179,179)
r(22,5,7,180,180)
w(43,8,7,181,181)
w(53,10,7,182,182)
w(77,8,7,183,183)
w(56,7,7,184,184)
w(27,7,7,185,185)
r(16,13,7,186,186)
w(79,8,7,187,187)
w(69,8,7,188,188)
w(80,8,7,189,189)
r(77,8,7,190,190)
w(96,5,7,191,191)
r(63,9,7,192,192)
w(77,9,7,193,193)
w(84,11,7,194,194)
w(96,6,7,195,195)
r(54,10,7,196,196)
w(58,5,7,197,197)
r(37,6,7,198,198)
r(18,5,7,199,199)
w(13,9,8,0,0)
r(34,8,8,1,1)
w(43,9,8,2,2)
w(48,12,8,3,3)
r(94,4,8,4,4)
r(8,12,8,5,5)
r(96,6,8,6,6)
r(27,7,8,7,7)
r(99,2,8,8,8)
w(59,10,8,9,9)
r(56,7,8,10,10)
r(78,4,8,11,11)
w(29,2,8,12,12)
w(20,5,8,13,13)
r(83,7,8,14,14)
r(92,6,8,15,15)
w(9,7,8,16,16)
r(53,10,8,17,17)
r(16,13,8,18,18)
w(7,9,8,19,19)
w(7,10,8,20,20)
w(99,3,8,21,21)
r(17,11,8,22,22)
w(68,13,8,23,23)
w(87,14,8,24,24)
r(2,9,8,25,25)
w(1,11,8,26,26)
r(95,6,8,27,27)
w(81,7,8,28,28)
r(45,12,8,29,29)
r(92,6,8,30,30)
w(51,5,8,31,31)
r(47,6,8,32,32)
w(61,5,8,33,33)
r(43,9,8,34,34)
r(53,10,8,35,35)
r(50,6,8,36,36)
w(11,11,8,37,37)
w(97,6,8,38,38)
w(91,5,8,39,39)
r(76,8,8,40,40)
w(12,14,8,41,41)
r(7,10,8,42,42)
r(10,4,8,43,43)
r(13,9,8,44,44)
w(86,7,8,45,45)
w(15,8,8,46,46)
w(67,11,8,47,47)
w(40,9,8,48,48)
r(37,6,8,49,49)
w(73,7,8,50,50)
r(67,11,8,51,51)
w(3,12,8,52,52)
w(58,6,8,53,53)
w(63,10,8,54,54)
w(0,6,8,55,55)
w(9,8,8,56,56)
w(66,9,8,57,57)
w(77,10,8,58,58)
r(75,7,8,59,59)
w(2,10,8,60,60)
w(94,5,8,61,61)
w(17,12,8,62,62)
r(74,8,8,63,63)
r(84,11,8,64,64)
w(71,8,8,65,65)
r(64,6,8,66,66)
w(66,10,8,67,67)
r(63,10,8,68,68)
w(59,11,8,69,69)
r(72,8,8,70,70)
r(15,8,8,71,71)
r(66,10,8,72,72)
r(16,13,8,73,73)
w(23,8,8,74,74)
w(63,11,8,75,75)
r(42,2,8,76,76)
w(31,11,8,77,77)
w(54,11,8,78,78)
r(85,8,8,79,79)
r(44,6,8,80,80)
w(70,6,8,81,81)
r(93,9,8,82,82)
w(28,10,8,83,83)
w(25,10,8,84,84)
w(66,11,8,85,85)
w(42,3,8,86,86)
w(5,13,8,87,87)
r(18,5,8,88,88)
w(79,9,8,89,89)
r(54,11,8,90,90)
w(60,9,8,91,91)
r(99,3,8,92,92)
w(18,6,8,93,93)
w(69,9,8,94,94)
r(98,8,8,95,95)
w(20,6,8,96,96)
w(9,9,8,97,97)
r(43,9,8,98,98)
w(54,12,8,99,99)
r(76,8,8,100,100)
w(77,11,8,101,101)
w(21,7,8,102,102)
w(16,14,8,103,103)
w(20,7,8,104,104)
w(51,6,8,105,105)
w(56,8,8,106,106)
w(38,10,8,107,107)
w(40,10,8,108,108)
w(31,12,8,109,109)
r(43,9,8,110,110)
w(31,13,8,111,111)
w(68,14,8,112,112)
w(18,7,8,113,113)
r(90,10,8,114,114)
w(58,7,8,115,115)
w(47,7,8,116,116)
w(3,13,8,117,117)
r(18,7,8,118,118)
w(12,15,8,119,119)
r(78,4,8,120,120)
w(43,10,8,121,121)
w(18,8,8,122,122)
w(39,10,8,123,123)
w(94,6,8,124,124)
w(47,8,8,125,125)
r(87,14,8,126,126)
w(23,9,8,127,127)
w(90,11,8,128,128)
w(15,9,8,129,129)
w(5,14,8,130,130)
w(92,7,8,131,131)
r(49,8,8,132,132)
w(73,8,8,133,133)
w(10,5,8,134,134)
w(68,15,8,135,135)
w(0,7,8,136,136)
w(7,11,8,137,137)
r(13,9,8,138,138)
w(59,12,8,139,139)
r(96,6,8,140,140)
w(7,12,8,141,141)
w(33,6,8,142,142)
r(43,10,8,143,143)
w(26,6,8,144,144)
r(22,5,8,145,145)
r(27,7,8,146,146)
r(21,7,8,147,147)
r(81,7,8,148,148)
w(42,4,8,149,149)
r(9,9,8,150,150)
w(70,7,8,151,151)
w(67,12,8,152,152)
r(23,9,8,153,153)
w(92,8,8,154,154)
w(1,12,8,155,155)
w(21,8,8,156,156)
r(21,8,8,157,157)
w(1,13,8,158,158)
w(96,7,8,159,159)
w(56,9,8,160,160)
w(27,8,8,161,161)
r(1,13,8,162,162)
w(22,6,8,163,163)
w(50,7,8,164,164)
w(9,10,8,165,165)
w(71,9,8,166,166)
r(14,3,8,167,167)
w(87,15,8,168,168)
w(48,13,8,169,169)
r(52,14,8,170,170)
r(90,11,8,171,171)
r(24,10,8,172,172)
w(50,8,8,173,173)
r(70,7,8,174,174)
w(34,9,8,175,175)
r(50,8,8,176,176)
r(23,9,8,177,177)
w(68,16,8,178,178)
r(7,12,8,179,179)
r(62,7,8,180,180)
w(42,5,8,181,181)
r(74,8,8,182,182)
w(92,9,8,183,183)
w(12,16,8,184,184)
r(93,9,8,185,185)
r(53,10,8,186,186)
w(81,8,8,187,187)
w(40,11,8,188,188)
r(95,6,8,189,189)
w(13,10,8,190,190)
w(3,14,8,191,191)
r(53,10,8,192,192)
r(73,8,8,193,193)
r(38,10,8,194,194)
r(43,10,8,195,195)
w(17,13,8,196,196)
w(47,9,8,197,197)
w(40,12,8,198,198)
r(82,5,8,199,199)
r(68,16,9,0,0)
r(59,12,9,1,1)
r(84,11,9,2,2)
r(52,14,9,3,3)
r(44,6,9,4,4)
w(38,11,9,5,5)
r(99,3,9,6,6)
r(86,7,9,7,7)
w(32,9,9,8,8)
r(75,7,9,9,9)
w(96,8,9,10,10)
r(2,10,9,11,11)
r(77,11,9,12,12)
w(84,12,9,13,13)
r(18,8,9,14,14)
r(88,9,9,15,15)
w(57,10,9,16,16)
w(47,10,9,17,17)
w(8,13,9,18,18)
w(48,14,9,19,19)
r(52,14,9,20,20)
r(52,14,9,21,21)
w(44,7,9,22,22)
w(20,8,9,23,23)
r(17,13,9,24,24)
w(27,9,9,25,25)
r(31,13,9,26,26)
r(61,5,9,27,27)
w(89,12,9,28,28)
w(25,11,9,29,29)
w(61,6,9,30,30)
w(56,10,9,31,31)
r(45,12,9,32,32)
r(74,8,9,33,33)
r(58,7,9,34,34)
r(46,8,9,35,35)
w(7,13,9,36,36)
r(92,9,9,37,37)
w(3,15,9,38,38)
w(12,17,9,39,39)
r(21,8,9,40,40)
r(15,9,9,41,41)
r(20,8,9,42,42)
w(82,6,9,43,43)
r(61,6,9,44,44)
r(29,2,9,45,45)
r(83,7,9,46,46)
w(61,7,9,47,47)
r(3,15,9,48,48)
r(32,9,9,49,49)
w(38,12,9,50,50)
r(93,9,9,51,51)
w(75,8,9,52,52)
w(41,13,9,53,53)
r(80,8,9,54,54)
w(76,9,9,55,55)
w(4,16,9,56,56)
w(61,8,9,57,57)
w(13,11,9,58,58)
w(33,7,9,59,59)
r(75,8,9,60,60)
w(41,14,9,61,61)
r(66,11,9,62,62)
r(14,3,9,63,63)
w(9,11,9,64,64)
r(72,8,9,65,65)
r(34,9,9,66,66)
w(59,13,9,67,67)
r(69,9,9,68,68)
r(33,7,9,69,69)
w(32,10,9,70,70)
w(61,9,9,71,71)
r(31,13,9,72,72)
w(94,7,9,73,73)
r(39,10,9,74,74)
r(83,7,9,75,75)
r(46,8,9,76,76)
r(23,9,9,77,77)
w(73,9,9,78,78)
w(35,11,9,79,79)
r(73,9,9,80,80)
r(15,9,9,81,81)
r(47,10,9,82,82)
w(24,11,9,83,83)
r(53,10,9,84,84)
r(37,6,9,85,85)
w(46,9,9,86,86)
w(35,12,9,87,87)
r(22,6,9,88,88)
w(50,9,9,89,89)
w(99,4,9,90,90)
w(80,9,9,91,91)
r(11,11,9,92,92)
r(9,11,9,93,93)
w(81,9,9,94,94)
r(64,6,9,95,95)
w(56,11,9,96,96)
r(80,9,9,97,97)
r(25,11,9,98,98)
w(87,16,9,99,99)
r(67,12,9,100,100)
r(80,9,9,101,101)
r(12,17,9,102,102)
w(74,9,9,103,103)
w(0,8,9,104,104)
r(66,11,9,105,105)
r(63,11,9,106,106)
w(70,8,9,107,107)
w(90,12,9,108,108)
r(55,8,9,109,109)
w(22,7,9,110,110)
r(84,12,9,111,111)
w(41,15,9,112,112)
r(50,9,9,113,113)
w(80,10,9,114,114)
w(25,12,9,115,115)
w(14,4,9,116,116)
r(93,9,9,117,117)
w(60,10,9,118,118)
w(24,12,9,119,119)
r(87,16,9,120,120)
w(78,5,9,121,121)
w(91,6,9,122,122)
r(94,7,9,123,123)
r(94,7,9,124,124)
r(4,16,9,125,125)
r(78,5,9,126,126)
r(38,12,9,127,127)
r(54,12,9,128,128)
r(97,6,9,129,129)
w(12,18,9,130,130)
r(41,15,9,131,131)
w(68,17,9,132,132)
r(69,9,9,133,133)
w(99,5,9,134,134)
r(40,12,9,135,135)
r(23,9,9,136,136)
w(66,12,9,137,137)
w(57,11,9,138,138)
w(64,7,9,139,139)
w(99,6,9,140,140)
w(81,10,9,141,141)
w(40,13,9,142,142)
r(11,11,9,143,143)
r(65,11,9,144,144)
r(49,8,9,145,145)
r(99,6,9,146,146)
w(66,13,9,147,147)
r(58,7,9,148,148)
r(75,8,9,149,149)
w(50,10,9,150,150)
w(69,10,9,151,151)
w(17,14,9,152,152)
r(93,9,9,153,153)
r(24,12,9,154,154)
r(47,10,9,155,155)
r(65,11,9,156,156)
r(18,8,9,157,157)
r(24,12,9,158,158)
w(5,15,9,159,159)
w(60,11,9,160,160)
r(97,6,9,161,161)
w(50,11,9,162,162)
w(62,8,9,163,163)
w(39,11,9,164,164)
w(39,12,9,165,165)
w(51,7,9,166,166)
w(23,10,9,167,167)
w(75,9,9,168,168)
w(40,14,9,169,169)
r(51,7,9,170,170)
w(87,17,9,171,171)
r(31,13,9,172,172)
w(30,11,9,173,173)
w(51,8,9,174,174)
r(7,13,9,175,175)
w(23,11,9,176,176)
r(71,9,9,177,177)
w(96,9,9,178,178)
r(58,7,9,179,179)
r(37,6,9,180,180)
w(20,9,9,181,181)
r(99,6,9,182,182)
r(74,9,9,183,183)
r(31,13,9,184,184)
r(33,7,9,185,185)
w(0,9,9,186,186)
w(95,7,9,187,187)
r(67,12,9,188,188)
w(28,11,9,189,189)
r(85,8,9,190,190)
w(61,10,9,191,191)
r(14,4,9,192,192)
r(40,14,9,193,193)
r(76,9,9,194,194)
r(34,9,9,195,195)
w(13,12,9,196,196)
w(96,10,9,197,197)
r(2,10,9,198,198)
r(13,12,9,199,199)
r(59,13,10,0,0)
r(47,10,10,1,1)
r(49,8,10,2,2)
r(66,13,10,3,3)
w(60,12,10,4,4)
r(54,12,10,5,5)
w(57,12,10,6,6)
r(20,9,10,7,7)
w(87,18,10,8,8)
r(80,10,10,9,9)
r(52,14,10,10,10)
r(16,14,10,11,11)
w(96,11,10,12,12)
w(25,13,10,13,13)
w(72,9,10,14,14)
r(10,5,10,15,15)
w(28,12,10,16,16)
r(13,12,10,17,17)
r(12,18,10,18,18)
w(43,11,10,19,19)
r(34,9,10,20,20)
w(49,9,10,21,21)
w(27,10,10,22,22)
w(81,11,10,23,23)
w(42,6,10,24,24)
w(32,11,10,25,25)
w(50,12,10,26,26)
w(47,11,10,27,27)
w(99,7,10,28,28)
r(72,9,10,29,29)
w(46,10,10,30,30)
w(48,15,10,31,31)
w(61,11,10,32,32)
w(57,13,10,33,33)
r(68,17,10,34,34)
r(82,6,10,35,35)
r(29,2,10,36,36)
w(28,13,10,37,37)
r(29,2,10,38,38)
w(6,6,10,39,39)
r(45,12,10,40,40)
w(39,13,10,41,41)
r(29,2,10,42,42)
w(64,8,10,43,43)
r(85,8,10,44,44)
w(67,13,10,45,45)
w(23,12,10,46,46)
r(22,7,10,47,47)
r(78,5,10,48,48)
w(93,10,10,49,49)
r(71,9,10,50,50)
w(80,11,10,51,51)
w(76,10,10,52,52)
w(38,13,10,53,53)
r(23,12,10,54,54)
r(22,7,10,55,55)
w(67,14,10,56,56)
r(86,7,10,57,57)
r(77,11,10,58,58)
w(94,8,10,59,59)
r(49,9,10,60,60)
w(91,7,10,61,61)
w(87,19,10,62,62)
w(78,6,10,63,63)
r(19,2,10,64,64)
r(59,13,10,65,65)
w(91,8,10,66,66)
w(15,10,10,67,67)
w(18,9,10,68,68)
r(13,12,10,69,69)
r(53,10,10,70,70)
w(34,10,10,71,71)
r(67,14,10,72,72)
r(26,6,10,73,73)
w(72,10,10,74,74)
r(94,8,10,75,75)
w(49,10,10,76,76)
r(66,13,10,77,77)
w(40,15,10,78,78)
w(69,11,10,79,79)
w(40,16,10,80,80)
w(3,16,10,81,81)
r(45,12,10,82,82)
w(8,14,10,83,83)
w(20,10,10,84,84)
r(10,5,10,85,85)
r(52,14,10,86,86)
w(12,19,10,87,87)
w(95,8,10,88,88)
w(31,14,10,89,89)
w(68,18,10,90,90)
w(95,9,10,91,91)
w(31,15,10,92,92)
w(72,11,10,93,93)
r(28,13,10,94,94)
r(44,7,10,95,95)
r(79,9,10,96,96)
w(75,10,10,97,97)
r(37,6,10,98,98)
r(43,11,10,99,99)
w(44,8,10,100,100)
r(71,9,10,101,101)
w(74,10,10,102,102)
r(58,7,10,103,103)
r(40,16,10,104,104)
w(95,10,10,105,105)
r(18,9,10,106,106)
r(34,10,10,107,107)
w(53,11,10,108,108)
r(47,11,10,109,109)
r(87,19,10,110,110)
r(46,10,10,111,111)
w(93,11,10,112,112)
w(31,16,10,113,113)
r(1,13,10,114,114)
w(67,15,10,115,115)
r(35,12,10,116,116)
w(4,17,10,117,117)
r(43,11,10,118,118)
w(19,3,10,119,119)
r(0,9,10,120,120)
r(65,11,10,121,121)
r(35,12,10,122,122)
w(46,11,10,123,123)
w(76,11,10,124,124)
w(52,15,10,125,125)
w(48,16,10,126,126)
w(25,14,10,127,127)
w(44,9,10,128,128)
r(88,9,10,129,129)
w(43,12,10,130,130)
w(61,12,10,131,131)
r(68,18,10,132,132)
w(46,12,10,133,133)
r(82,6,10,134,134)
r(34,10,10,135,135)
r(28,13,10,136,136)
w(62,9,10,137,137)
r(14,4,10,138,138)
w(64,9,10,139,139)
w(7,14,10,140,140)
w(14,5,10,141,141)
w(22,8,10,142,142)
w(24,13,10,143,143)
w(26,7,10,144,144)
r(1,13,10,145,145)
w(91,9,10,146,146)
w(14,6,10,147,147)
w(85,9,10,148,148)
w(93,12,10,149,149)
r(44,9,10,150,150)
r(38,13,10,151,151)
w(82,7,10,152,152)
w(13,13,10,153,153)
r(21,8,10,154,154)
w(95,11,10,155,155)
w(3,17,10,156,156)
r(5,15,10,157,157)
r(67,15,10,158,158)
w(66,14,10,159,159)
r(3,17,10,160,160)
r(40,16,10,161,161)
r(31,16,10,162,162)
w(35,13,10,163,163)
r(4,17,10,164,164)
r(10,5,10,165,165)
w(14,7,10,166,166)
w(33,8,10,167,167)
w(32,12,10,168,168)
w(81,12,10,169,169)
r(34,10,10,170,170)
w(14,8,10,171,171)
r(20,10,10,172,172)
r(47,11,10,173,173)
w(74,11,10,174,174)
r(58,7,10,175,175)
r(67,15,10,176,176)
w(46,13,10,177,177)
r(81,12,10,178,178)
w(40,17,10,179,179)
r(50,12,10,180,180)
w(81,13,10,181,181)
r(3,17,10,182,182)
r(95,11,10,183,183)
r(94,8,10,184,184)
r(96,11,10,185,185)
w(27,11,10,186,186)
w(53,12,10,187,187)
r(38,13,10,188,188)
r(56,11,10,189,189)
r(85,9,10,190,190)
r(12,19,10,191,191)
w(79,10,10,192,192)
r(32,12,10,193,193)
r(85,9,10,194,194)
w(7,15,10,195,195)
w(77,12,10,196,196)
w(5,16,10,197,197)
r(19,3,10,198,198)
w(53,13,10,199,199)
r(78,6,11,0,0)
r(36,9,11,1,1)
r(83,7,11,2,2)
w(91,10,11,3,3)
w(52,16,11,4,4)
r(68,18,11,5,5)
w(36,10,11,6,6)
w(62,10,11,7,7)
r(85,9,11,8,8)
r(0,9,11,9,9)
r(72,11,11,10,10)
r(93,12,11,11,11)
w(66,15,11,12,12)
r(90,12,11,13,13)
w(78,7,11,14,14)
r(75,10,11,15,15)
r(27,11,11,16,16)
w(59,14,11,17,17)
w(65,12,11,18,18)
w(39,14,11,19,19)
w(45,13,11,20,20)
r(64,9,11,21,21)
r(25,14,11,22,22)
r(51,8,11,23,23)
w(44,10,11,24,24)
w(80,12,11,25,25)
w(0,10,11,26,26)
r(2,10,11,27,27)
w(81,14,11,28,28)
r(75,10,11,29,29)
r(78,7,11,30,30)
r(99,7,11,31,31)
r(75,10,11,32,32)
w(49,11,11,33,33)
w(76,12,11,34,34)
w(83,8,11,35,35)
w(65,13,11,36,36)
r(7,15,11,37,37)
r(60,12,11,38,38)
w(28,14,11,39,39)
r(98,8,11,40,40)
w(28,15,11,41,41)
r(3,17,11,42,42)
r(88,9,11,43,43)
r(32,12,11,44,44)
r(87,19,11,45,45)
r(15,10,11,46,46)
w(85,10,11,47,47)
r(81,14,11,48,48)
w(19,4,11,49,49)
r(45,13,11,50,50)
w(91,11,11,51,51)
w(32,13,11,52,52)
w(51,9,11,53,53)
r(7,15,11,54,54)
r(74,11,11,55,55)
w(83,9,11,56,56)
w(37,7,11,57,57)
r(93,12,11,58,58)
r(27,11,11,59,59)
w(75,11,11,60,60)
r(6,6,11,61,61)
r(58,7,11,62,62)
r(16,14,11,63,63)
r(96,11,11,64,64)
r(29,2,11,65,65)
w(25,15,11,66,66)
r(51,9,11,67,67)
w(60,13,11,68,68)
r(9,11,11,69,69)
w(57,14,11,70,70)
r(74,11,11,71,71)
w(98,9,11,72,72)
r(85,10,11,73,73)
r(80,12,11,74,74)
r(29,2,11,75,75)
w(67,16,11,76,76)
r(36,10,11,77,77)
r(37,7,11,78,78)
r(17,14,11,79,79)
r(75,11,11,80,80)
r(80,12,11,81,81)
w(48,17,11,82,82)
r(85,10,11,83,83)
r(72,11,11,84,84)
w(34,11,11,85,85)
w(33,9,11,86,86)
r(97,6,11,87,87)
r(75,11,11,88,88)
w(19,5,11,89,89)
r(85,10,11,90,90)
w(43,13,11,91,91)
r(18,9,11,92,92)
w(22,9,11,93,93)
w(23,13,11,94,94)
w(74,12,11,95,95)
w(70,9,11,96,96)
r(52,16,11,97,97)
w(77,13,11,98,98)
w(25,16,11,99,99)
r(82,7,11,100,100)
r(35,13,11,101,101)
w(4,18,11,102,102)
w(38,14,11,103,103)
w(28,16,11,104,104)
w(71,10,11,105,105)
w(32,14,11,106,106)
w(21,9,11,107,107)
w(58,8,11,108,108)
w(75,12,11,109,109)
w(45,14,11,110,110)
w(25,17,11,111,111)
r(46,13,11,112,112)
w(54,13,11,113,113)
r(90,12,11,114,114)
w(69,12,11,115,115)
w(61,13,11,116,116)
r(35,13,11,117,117)
r(57,14,11,118,118)
r(2,10,11,119,119)
w(94,9,11,120,120)
r(40,17,11,121,121)
r(61,13,11,122,122)
r(43,13,11,123,123)
w(56,12,11,124,124)
r(42,6,11,125,125)
w(30,12,11,126,126)
w(80,13,11,127,127)
r(66,15,11,128,128)
r(19,5,11,129,129)
r(4,18,11,130,130)
r(54,13,11,131,131)
w(37,8,11,132,132)
w(11,12,11,133,133)
w(60,14,11,134,134)
r(46,13,11,135,135)
r(73,9,11,136,136)
r(36,10,11,137,137)
r(86,7,11,138,138)
r(90,12,11,139,139)
r(25,17,11,140,140)
w(4,19,11,141,141)
r(66,15,11,142,142)
w(54,14,11,143,143)
r(24,13,11,144,144)
r(72,11,11,145,145)
w(78,8,11,146,146)
w(93,13,11,147,147)
w(80,14,11,148,148)
w(12,20,11,149,149)
r(31,16,11,150,150)
r(34,11,11,151,151)
r(42,6,11,152,152)
w(56,13,11,153,153)
w(67,17,11,154,154)
r(90,12,11,155,155)
w(29,3,11,156,156)
r(34,11,11,157,157)
w(6,7,11,158,158)
w(73,10,11,159,159)
w(69,13,11,160,160)
w(82,8,11,161,161)
r(16,14,11,162,162)
w(29,4,11,163,163)
r(8,14,11,164,164)
r(81,14,11,165,165)
w(95,12,11,166,166)
r(52,16,11,167,167)
r(70,9,11,168,168)
r(65,13,11,169,169)
w(56,14,11,170,170)
r(72,11,11,171,171)
r(84,12,11,172,172)
w(10,6,11,173,173)
w(95,13,11,174,174)
r(28,16,11,175,175)
w(38,15,11,176,176)
w(42,7,11,177,177)
r(94,9,11,178,178)
r(46,13,11,179,179)
r(1,13,11,180,180)
w(89,13,11,181,181)
r(98,9,11,182,182)
r(49,11,11,183,183)
r(79,10,11,184,184)
r(87,19,11,185,185)
w(64,10,11,186,186)
r(72,11,11,187,187)
r(23,13,11,188,188)
r(61,13,11,189,189)
w(19,6,11,190,190)
w(41,16,11,191,191)
w(39,15,11,192,192)
w(19,7,11,193,193)
r(31,16,11,194,194)
r(29,4,11,195,195)
w(58,9,11,196,196)
r(15,10,11,197,197)
r(90,12,11,198,198)
w(19,8,11,199,199)
w(42,8,12,0,0)
w(76,13,12,1,1)
w(33,10,12,2,2)
r(78,8,12,3,3)
w(52,17,12,4,4)
r(10,6,12,5,5)
r(37,8,12,6,6)
w(35,14,12,7,7)
w(42,9,12,8,8)
w(10,7,12,9,9)
w(2,11,12,10,10)
r(52,17,12,11,11)
w(28,17,12,12,12)
r(91,11,12,13,13)
w(35,15,12,14,14)
w(0,11,12,15,15)
r(33,10,12,16,16)
r(62,10,12,17,17)
w(15,11,12,18,18)
r(16,14,12,19,19)
r(79,10,12,20,20)
w(22,10,12,21,21)
r(0,11,12,22,22)
r(24,13,12,23,23)
w(17,15,12,24,24)
w(86,8,12,25,25)
w(92,10,12,26,26)
r(26,7,12,27,27)
r(92,10,12,28,28)
r(53,13,12,29,29)
r(66,15,12,30,30)
w(3,18,12,31,31)
w(50,13,12,32,32)
r(15,11,12,33,33)
w(6,8,12,34,34)
w(59,15,12,35,35)
r(83,9,12,36,36)
r(40,17,12,37,37)
w(27,12,12,38,38)
w(40,18,12,39,39)
w(64,11,12,40,40)
r(59,15,12,41,41)
w(39,16,12,42,42)
w(31,17,12,43,43)
r(63,11,12,44,44)
r(45,14,12,45,45)
r(94,9,12,46,46)
w(11,13,12,47,47)
w(46,14,12,48,48)
r(79,10,12,49,49)
r(20,10,12,50,50)
w(41,17,12,51,51)
w(26,8,12,52,52)
w(24,14,12,53,53)
r(55,8,12,54,54)
w(0,12,12,55,55)
w(85,11,12,56,56)
w(58,10,12,57,57)
w(69,14,12,58,58)
w(21,10,12,59,59)
w(78,9,12,60,60)
w(71,11,12,61,61)
r(50,13,12,62,62)
r(78,9,12,63,63)
w(63,12,12,64,64)
w(26,9,12,65,65)
r(63,12,12,66,66)
r(62,10,12,67,67)
w(48,18,12,68,68)
r(60,14,12,69,69)
r(7,15,12,70,70)
r(47,11,12,71,71)
w(76,14,12,72,72)
r(24,14,12,73,73)
r(19,8,12,74,74)
r(65,13,12,75,75)
w(80,15,12,76,76)
r(10,7,12,77,77)
r(3,18,12,78,78)
r(92,10,12,79,79)
r(92,10,12,80,80)
w(85,12,12,81,81)
w(21,11,12,82,82)
w(47,12,12,83,83)
r(10,7,12,84,84)
r(56,14,12,85,85)
r(60,14,12,86,86)
r(13,13,12,87,87)
r(52,17,12,88,88)
r(74,12,12,89,89)
w(7,16,12,90,90)
r(22,10,12,91,91)
r(57,14,12,92,92)
w(19,9,12,93,93)
r(26,9,12,94,94)
r(52,17,12,95,95)
w(62,11,12,96,96)
w(74,13,12,97,97)
w(57,15,12,98,98)
w(19,10,12,99,99)
w(42,10,12,100,100)
w(8,15,12,101,101)
r(32,14,12,102,102)
r(43,13,12,103,103)
w(24,15,12,104,104)
w(2,12,12,105,105)
w(54,15,12,106,106)
w(36,11,12,107,107)
w(84,13,12,108,108)
r(90,12,12,109,109)
r(83,9,12,110,110)
w(66,16,12,111,111)
w(29,5,12,112,112)
w(56,15,12,113,113)
r(54,15,12,114,114)
r(89,13,12,115,115)
w(51,10,12,116,116)
w(97,7,12,117,117)
r(51,10,12,118,118)
w(23,14,12,119,119)
r(69,14,12,120,120)
w(99,8,12,121,121)
w(14,9,12,122,122)
r(47,12,12,123,123)
r(9,11,12,124,124)
w(21,12,12,125,125)
r(97,7,12,126,126)
w(13,14,12,127,127)
w(36,12,12,128,128)
r(53,13,12,129,129)
r(13,14,12,130,130)
r(87,19,12,131,131)
w(66,17,12,132,132)
r(46,14,12,133,133)
w(32,15,12,134,134)
w(67,18,12,135,135)
r(58,10,12,136,136)
r(34,11,12,137,137)
w(49,12,12,138,138)
w(79,11,12,139,139)
r(86,8,12,140,140)
w(40,19,12,141,141)
w(73,11,12,142,142)
r(33,10,12,143,143)
r(65,13,12,144,144)
r(17,15,12,145,145)
r(51,10,12,146,146)
w(99,9,12,147,147)
r(12,20,12,148,148)
r(26,9,12,149,149)
w(50,14,12,150,150)
w(30,13,12,151,151)
r(18,9,12,152,152)
w(80,16,12,153,153)
r(10,7,12,154,154)
r(30,13,12,155,155)
w(47,13,12,156,156)
r(80,16,12,157,157)
w(54,16,12,158,158)
w(33,11,12,159,159)
w(27,13,12,160,160)
w(50,15,12,161,161)
w(20,11,12,162,162)
r(53,13,12,163,163)
w(79,12,12,164,164)
r(76,14,12,165,165)
r(26,9,12,166,166)
r(71,11,12,167,167)
r(61,13,12,168,168)
r(43,13,12,169,169)
r(8,15,12,170,170)
w(90,13,12,171,171)
w(67,19,12,172,172)
w(72,12,12,173,173)
r(55,8,12,174,174)
w(54,17,12,175,175)
r(16,14,12,176,176)
w(83,10,12,177,177)
r(70,9,12,178,178)
r(50,15,12,179,179)
r(96,11,12,180,180)
r(82,8,12,181,181)
r(2,12,12,182,182)
r(16,14,12,183,183)
r(90,13,12,184,184)
r(71,11,12,185,185)
r(88,9,12,186,186)
r(48,18,12,187,187)
w(62,12,12,188,188)
r(87,19,12,189,189)
w(94,10,12,190,190)
w(93,14,12,191,191)
w(37,9,12,192,192)
w(98,10,12,193,193)
w(93,15,12,194,194)
w(40,20,12,195,195)
r(76,14,12,196,196)
r(90,13,12,197,197)
w(31,18,12,198,198)
r(67,19,12,199,199)
w(85,13,13,0,0)
w(53,14,13,1,1)
w(40,21,13,2,2)
r(31,18,13,3,3)
r(7,16,13,4,4)
r(24,15,13,5,5)
w(35,16,13,6,6)
w(78,10,13,7,7)
w(11,14,13,8,8)
r(28,17,13,9,9)
r(9,11,13,10,10)
r(18,9,13,11,11)
r(88,9,13,12,12)
r(48,18,13,13,13)
w(3,19,13,14,14)
r(7,16,13,15,15)
r(91,11,13,16,16)
w(78,11,13,17,17)
r(72,12,13,18,18)
r(56,15,13,19,19)
w(10,8,13,20,20)
r(1,13,13,21,21)
r(98,10,13,22,22)
r(15,11,13,23,23)
r(45,14,13,24,24)
r(14,9,13,25,25)
r(80,16,13,26,26)
r(27,13,13,27,27)
w(85,14,13,28,28)
w(90,14,13,29,29)
w(83,11,13,30,30)
w(33,12,13,31,31)
r(87,19,13,32,32)
r(61,13,13,33,33)
r(15,11,13,34,34)
w(23,15,13,35,35)
w(72,13,13,36,36)
r(40,21,13,37,37)
r(61,13,13,38,38)
w(22,11,13,39,39)
w(87,20,13,40,40)
w(16,15,13,41,41)
w(78,12,13,42,42)
w(94,11,13,43,43)
w(89,14,13,44,44)
r(99,9,13,45,45)
w(81,15,13,46,46)
r(87,20,13,47,47)
w(97,8,13,48,48)
w(11,15,13,49,49)
r(78,12,13,50,50)
w(61,14,13,51,51)
r(88,9,13,52,52)
w(8,16,13,53,53)
r(55,8,13,54,54)
r(46,14,13,55,55)
w(95,14,13,56,56)
r(4,19,13,57,57)
w(35,17,13,58,58)
r(38,15,13,59,59)
w(18,10,13,60,60)
w(90,15,13,61,61)
r(10,8,13,62,62)
w(89,15,13,63,63)
r(59,15,13,64,64)
r(77,13,13,65,65)
w(30,14,13,66,66)
r(74,13,13,67,67)
r(33,12,13,68,68)
w(35,18,13,69,69)
w(99,10,13,70,70)
w(75,13,13,71,71)
w(39,17,13,72,72)
r(53,14,13,73,73)
w(55,9,13,74,74)
r(96,11,13,75,75)
r(91,11,13,76,76)
w(90,16,13,77,77)
w(29,6,13,78,78)
w(68,19,13,79,79)
w(49,13,13,80,80)
w(1,14,13,81,81)
w(74,14,13,82,82)
r(51,10,13,83,83)
r(0,12,13,84,84)
r(52,17,13,85,85)
w(5,17,13,86,86)
r(98,10,13,87,87)
w(46,15,13,88,88)
w(82,9,13,89,89)
r(23,15,13,90,90)
r(90,16,13,91,91)
r(54,17,13,92,92)
w(24,16,13,93,93)
w(92,11,13,94,94)
r(27,13,13,95,95)
r(84,13,13,96,96)
r(40,21,13,97,97)
w(52,18,13,98,98)
r(35,18,13,99,99)
w(96,12,13,100,100)
r(43,13,13,101,101)
r(7,16,13,102,102)
r(14,9,13,103,103)
r(90,16,13,104,104)
r(70,9,13,105,105)
r(38,15,13,106,106)
r(14,9,13,107,107)
w(20,12,13,108,108)
r(57,15,13,109,109)
r(3,19,13,110,110)
w(74,15,13,111,111)
w(65,14,13,112,112)
w(65,15,13,113,113)
r(89,15,13,114,114)
r(93,15,13,115,115)
w(65,16,13,116,116)
w(8,17,13,117,117)
w(34,12,13,118,118)
r(33,12,13,119,119)
r(32,15,13,120,120)
r(50,15,13,121,121)
w(44,11,13,122,122)
r(10,8,13,123,123)
r(2,12,13,124,124)
r(23,15,13,125,125)
w(92,12,13,126,126)
r(98,10,13,127,127)
w(81,16,13,128,128)
w(86,9,13,129,129)
r(7,16,13,130,130)
r(48,18,13,131,131)
w(57,16,13,132,132)
w(69,15,13,133,133)
r(85,14,13,134,134)
w(0,13,13,135,135)
r(44,11,13,136,136)
w(18,11,13,137,137)
r(44,11,13,138,138)
r(63,12,13,139,139)
w(60,15,13,140,140)
w(37,10,13,141,141)
w(40,22,13,142,142)
w(38,16,13,143,143)
r(37,10,13,144,144)
w(5,18,13,145,145)
r(53,14,13,146,146)
w(28,18,13,147,147)
r(35,18,13,148,148)
r(77,13,13,149,149)
r(98,10,13,150,150)
r(45,14,13,151,151)
w(0,14,13,152,152)
w(85,15,13,153,153)
r(10,8,13,154,154)
r(77,13,13,155,155)
w(29,7,13,156,156)
w(55,10,13,157,157)
w(14,10,13,158,158)
w(10,9,13,159,159)
w(35,19,13,160,160)
w(27,14,13,161,161)
w(77,14,13,162,162)
w(82,10,13,163,163)
w(58,11,13,164,164)
r(49,13,13,165,165)
w(23,16,13,166,166)
w(24,17,13,167,167)
w(74,16,13,168,168)
r(82,10,13,169,169)
w(71,12,13,170,170)
r(26,9,13,171,171)
r(66,17,13,172,172)
w(83,12,13,173,173)
w(44,12,13,174,174)
r(2,12,13,175,175)
w(95,15,13,176,176)
w(35,20,13,177,177)
w(61,15,13,178,178)
w(20,13,13,179,179)
r(88,9,13,180,180)
r(8,17,13,181,181)
w(27,15,13,182,182)
r(50,15,13,183,183)
r(90,16,13,184,184)
r(10,9,13,185,185)
w(95,16,13,186,186)
r(77,14,13,187,187)
r(72,13,13,188,188)
w(7,17,13,189,189)
w(98,11,13,190,190)
w(61,16,13,191,191)
r(43,13,13,192,192)
w(8,18,13,193,193)
w(79,13,13,194,194)
r(42,10,13,195,195)
r(45,14,13,196,196)
r(68,19,13,197,197)
w(53,15,13,198,198)
w(8,19,13,199,199)
w(58,12,14,0,0)
r(47,13,14,1,1)
w(61,17,14,2,2)
r(29,7,14,3,3)
w(90,17,14,4,4)
w(80,17,14,5,5)
w(10,10,14,6,6)
r(69,15,14,7,7)
r(14,10,14,8,8)
r(73,11,14,9,9)
r(57,16,14,10,10)
w(52,19,14,11,11)
r(26,9,14,12,12)
w(25,18,14,13,13)
r(43,13,14,14,14)
w(42,11,14,15,15)
w(96,13,14,16,16)
w(19,11,14,17,17)
w(37,11,14,18,18)
r(46,15,14,19,19)
w(19,12,14,20,20)
r(35,20,14,21,21)
w(92,13,14,22,22)
r(91,11,14,23,23)
w(97,9,14,24,24)
w(93,16,14,25,25)
w(93,17,14,26,26)
r(32,15,14,27,27)
r(74,16,14,28,28)
w(58,13,14,29,29)
w(39,18,14,30,30)
r(87,20,14,31,31)
r(42,11,14,32,32)
r(65,16,14,33,33)
r(53,15,14,34,34)
w(11,16,14,35,35)
r(89,15,14,36,36)
w(73,12,14,37,37)
r(91,11,14,38,38)
r(79,13,14,39,39)
r(39,18,14,40,40)
w(22,12,14,41,41)
r(42,11,14,42,42)
w(35,21,14,43,43)
r(50,15,14,44,44)
w(18,12,14,45,45)
r(52,19,14,46,46)
r(81,16,14,47,47)
w(8,20,14,48,48)
w(77,15,14,49,49)
w(70,10,14,50,50)
r(64,11,14,51,51)
r(59,15,14,52,52)
w(65,17,14,53,53)
w(87,21,14,54,54)
r(53,15,14,55,55)
w(35,22,14,56,56)
r(88,9,14,57,57)
r(26,9,14,58,58)
r(62,12,14,59,59)
w(80,18,14,60,60)
r(23,16,14,61,61)
r(54,17,14,62,62)
r(71,12,14,63,63)
w(2,13,14,64,64)
r(32,15,14,65,65)
r(57,16,14,66,66)
r(51,10,14,67,67)
r(85,15,14,68,68)
w(51,11,14,69,69)
r(8,20,14,70,70)
r(23,16,14,71,71)
w(25,19,14,72,72)
r(71,12,14,73,73)
w(81,17,14,74,74)
r(27,15,14,75,75)
r(63,12,14,76,76)
r(50,15,14,77,77)
r(19,12,14,78,78)
w(1,15,14,79,79)
r(69,15,14,80,80)
w(75,14,14,81,81)
w(51,12,14,82,82)
w(94,12,14,83,83)
r(57,16,14,84,84)
r(9,11,14,85,85)
r(14,10,14,86,86)
w(73,13,14,87,87)
r(21,12,14,88,88)
w(30,15,14,89,89)
r(17,15,14,90,90)
r(81,17,14,91,91)
w(92,14,14,92,92)
r(80,18,14,93,93)
r(93,17,14,94,94)
r(75,14,14,95,95)
r(45,14,14,96,96)
r(63,12,14,97,97)
w(5,19,14,98,98)
w(40,23,14,99,99)
w(22,13,14,100,100)
w(85,16,14,101,101)
r(84,13,14,102,102)
r(15,11,14,103,103)
r(30,15,14,104,104)
r(21,12,14,105,105)
w(31,19,14,106,106)
r(32,15,14,107,107)
r(69,15,14,108,108)
w(71,13,14,109,109)
r(57,16,14,110,110)
r(0,14,14,111,111)
w(0,15,14,112,112)
r(65,17,14,113,113)
w(79,14,14,114,114)
r(16,15,14,115,115)
r(2,13,14,116,116)
r(83,12,14,117,117)
w(83,13,14,118,118)
r(75,14,14,119,119)
r(19,12,14,120,120)
r(60,15,14,121,121)
r(99,10,14,122,122)
r(88,9,14,123,123)
w(66,18,14,124,124)
r(10,10,14,125,125)
w(73,14,14,126,126)
w(6,9,14,127,127)
r(18,12,14,128,128)
r(98,11,14,129,129)
r(89,15,14,130,130)
r(18,12,14,131,131)
w(14,11,14,132,132)
w(83,14,14,133,133)
r(59,15,14,134,134)
w(20,14,14,135,135)
r(68,19,14,136,136)
r(59,15,14,137,137)
r(62,12,14,138,138)
w(64,12,14,139,139)
w(26,10,14,140,140)
r(52,19,14,141,141)
r(5,19,14,142,142)
r(13,14,14,143,143)
w(14,12,14,144,144)
w(26,11,14,145,145)
w(27,16,14,146,146)
r(78,12,14,147,147)
r(15,11,14,148,148)
w(7,18,14,149,149)
w(47,14,14,150,150)
r(32,15,14,151,151)
w(49,14,14,152,152)
r(35,22,14,153,153)
r(62,12,14,154,154)
r(68,19,14,155,155)
w(42,12,14,156,156)
r(33,12,14,157,157)
r(89,15,14,158,158)
r(10,10,14,159,159)
w(29,8,14,160,160)
r(85,16,14,161,161)
r(16,15,14,162,162)
r(51,12,14,163,163)
r(32,15,14,164,164)
r(60,15,14,165,165)
w(1,16,14,166,166)
w(40,24,14,167,167)
w(25,20,14,168,168)
w(66,19,14,169,169)
w(60,16,14,170,170)
r(35,22,14,171,171)
w(41,18,14,172,172)
w(38,17,14,173,173)
w(59,16,14,174,174)
r(71,13,14,175,175)
r(40,24,14,176,176)
w(65,18,14,177,177)
w(97,10,14,178,178)
r(55,10,14,179,179)
w(85,17,14,180,180)
w(97,11,14,181,181)
r(33,12,14,182,182)
w(33,13,14,183,183)
r(93,17,14,184,184)
r(99,10,14,185,185)
w(55,11,14,186,186)
w(55,12,14,187,187)
w(21,13,14,188,188)
r(24,17,14,189,189)
w(35,23,14,190,190)
w(99,11,14,191,191)
r(59,16,14,192,192)
r(52,19,14,193,193)
w(16,16,14,194,194)
r(60,16,14,195,195)
w(83,15,14,196,196)
w(71,14,14,197,197)
r(0,15,14,198,198)
w(39,19,14,199,199)
r(91,11,15,0,0)
w(6,10,15,1,1)
w(10,11,15,2,2)
w(36,13,15,3,3)
r(53,15,15,4,4)
w(10,12,15,5,5)
w(29,9,15,6,6)
w(87,22,15,7,7)
r(4,19,15,8,8)
w(73,15,15,9,9)
w(95,17,15,10,10)
w(40,25,15,11,11)
w(56,16,15,12,12)
w(38,18,15,13,13)
r(5,19,15,14,14)
r(82,10,15,15,15)
r(10,12,15,16,16)
w(83,16,15,17,17)
r(62,12,15,18,18)
r(9,11,15,19,19)
r(82,10,15,20,20)
r(68,19,15,21,21)
w(57,17,15,22,22)
r(87,22,15,23,23)
w(49,15,15,24,24)
w(70,11,15,25,25)
r(95,17,15,26,26)
w(50,16,15,27,27)
r(71,14,15,28,28)
r(56,16,15,29,29)
r(62,12,15,30,30)
w(18,13,15,31,31)
r(52,19,15,32,32)
r(82,10,15,33,33)
w(29,10,15,34,34)
r(54,17,15,35,35)
r(97,11,15,36,36)
w(87,23,15,37,37)
w(66,20,15,38,38)
w(59,17,15,39,39)
w(50,17,15,40,40)
r(93,17,15,41,41)
r(91,11,15,42,42)
r(86,9,15,43,43)
w(80,19,15,44,44)
w(40,26,15,45,45)
r(11,16,15,46,46)
r(31,19,15,47,47)
r(78,12,15,48,48)
w(18,14,15,49,49)
w(75,15,15,50,50)
w(50,18,15,51,51)
w(70,12,15,52,52)
r(51,12,15,53,53)
r(10,12,15,54,54)
r(31,19,15,55,55)
r(0,15,15,56,56)
w(50,19,15,57,57)
w(6,11,15,58,58)
r(45,14,15,59,59)
r(30,15,15,60,60)
w(49,16,15,61,61)
w(27,17,15,62,62)
r(69,15,15,63,63)
w(71,15,15,64,64)
r(49,16,15,65,65)
r(73,15,15,66,66)
w(22,14,15,67,67)
w(37,12,15,68,68)
w(88,10,15,69,69)
r(56,16,15,70,70)
w(16,17,15,71,71)
w(53,16,15,72,72)
w(8,21,15,73,73)
w(37,13,15,74,74)
r(11,16,15,75,75)
w(18,15,15,76,76)
w(69,16,15,77,77)
w(15,12,15,78,78)
w(53,17,15,79,79)
w(57,18,15,80,80)
r(71,15,15,81,81)
r(40,26,15,82,82)
w(99,12,15,83,83)
r(23,16,15,84,84)
w(9,12,15,85,85)
r(76,14,15,86,86)
r(82,10,15,87,87)
w(13,15,15,88,88)
w(41,19,15,89,89)
r(56,16,15,90,90)
r(55,12,15,91,91)
r(59,17,15,92,92)
w(32,16,15,93,93)
w(19,13,15,94,94)
r(74,16,15,95,95)
w(19,14,15,96,96)
r(38,18,15,97,97)
w(31,20,15,98,98)
r(32,16,15,99,99)
r(27,17,15,100,100)
r(72,13,15,101,101)
w(32,17,15,102,102)
r(31,20,15,103,103)
w(7,19,15,104,104)
r(92,14,15,105,105)
w(38,19,15,106,106)
r(15,12,15,107,107)
w(8,22,15,108,108)
w(37,14,15,109,109)
w(24,18,15,110,110)
r(94,12,15,111,111)
w(74,17,15,112,112)
w(49,17,15,113,113)
w(3,20,15,114,114)
w(18,16,15,115,115)
r(12,20,15,116,116)
w(77,16,15,117,117)
r(72,13,15,118,118)
w(17,16,15,119,119)
w(54,18,15,120,120)
r(54,18,15,121,121)
r(77,16,15,122,122)
w(60,17,15,123,123)
w(67,20,15,124,124)
w(22,15,15,125,125)
w(87,24,15,126,126)
w(7,20,15,127,127)
w(57,19,15,128,128)
r(92,14,15,129,129)
r(10,12,15,130,130)
w(8,23,15,131,131)
w(11,17,15,132,132)
w(85,18,15,133,133)
r(49,17,15,134,134)
r(85,18,15,135,135)
r(64,12,15,136,136)
w(91,12,15,137,137)
w(2,14,15,138,138)
r(5,19,15,139,139)
r(66,20,15,140,140)
w(96,14,15,141,141)
w(37,15,15,142,142)
r(52,19,15,143,143)
w(44,13,15,144,144)
r(20,14,15,145,145)
r(39,19,15,146,146)
w(43,14,15,147,147)
w(2,15,15,148,148)
r(78,12,15,149,149)
r(50,19,15,150,150)
r(52,19,15,151,151)
r(57,19,15,152,152)
r(39,19,15,153,153)
r(64,12,15,154,154)
w(4,20,15,155,155)
w(51,13,15,156,156)
r(95,17,15,157,157)
r(93,17,15,158,158)
r(90,17,15,159,159)
r(60,17,15,160,160)
r(29,10,15,161,161)
r(74,17,15,162,162)
r(14,12,15,163,163)
w(89,16,15,164,164)
w(16,18,15,165,165)
r(6,11,15,166,166)
w(5,20,15,167,167)
w(93,18,15,168,168)
w(71,16,15,169,169)
w(20,15,15,170,170)
r(46,15,15,171,171)
r(53,17,15,172,172)
r(34,12,15,173,173)
w(8,24,15,174,174)
w(89,17,15,175,175)
w(59,18,15,176,176)
r(25,20,15,177,177)
r(25,20,15,178,178)
r(29,10,15,179,179)
r(10,12,15,180,180)
r(38,19,15,181,181)
w(34,13,15,182,182)
w(83,17,15,183,183)
r(7,20,15,184,184)
w(33,14,15,185,185)
w(23,17,15,186,186)
w(39,20,15,187,187)
w(77,17,15,188,188)
w(26,12,15,189,189)
w(36,14,15,190,190)
w(26,13,15,191,191)
w(52,20,15,192,192)
w(25,21,15,193,193)
w(52,21,15,194,194)
r(6,11,15,195,195)
r(60,17,15,196,196)
r(93,18,15,197,197)
r(66,20,15,198,198)
r(74,17,15,199,199)
w(31,21,16,0,0)
w(67,21,16,1,1)
w(54,19,16,2,2)
w(18,17,16,3,3)
w(14,13,16,4,4)
r(7,20,16,5,5)
r(18,17,16,6,6)
w(80,20,16,7,7)
w(27,18,16,8,8)
w(51,14,16,9,9)
r(53,17,16,10,10)
r(61,17,16,11,11)
r(61,17,16,12,12)
r(75,15,16,13,13)
r(8,24,16,14,14)
w(77,18,16,15,15)
w(19,15,16,16,16)
r(32,17,16,17,17)
r(87,24,16,18,18)
w(65,19,16,19,19)
r(45,14,16,20,20)
r(89,17,16,21,21)
r(65,19,16,22,22)
w(49,18,16,23,23)
w(2,16,16,24,24)
r(6,11,16,25,25)
w(64,13,16,26,26)
w(10,13,16,27,27)
r(93,18,16,28,28)
r(30,15,16,29,29)
r(92,14,16,30,30)
w(15,13,16,31,31)
w(3,21,16,32,32)
w(84,14,16,33,33)
w(49,19,16,34,34)
w(2,17,16,35,35)
r(19,15,16,36,36)
w(44,14,16,37,37)
w(55,13,16,38,38)
w(80,21,16,39,39)
w(64,14,16,40,40)
w(69,17,16,41,41)
w(72,14,16,42,42)
r(70,12,16,43,43)
r(79,14,16,44,44)
r(45,14,16,45,45)
r(12,20,16,46,46)
w(56,17,16,47,47)
w(13,16,16,48,48)
r(60,17,16,49,49)
r(9,12,16,50,50)
w(77,19,16,51,51)
r(8,24,16,52,52)
r(87,24,16,53,53)
w(35,24,16,54,54)
r(58,13,16,55,55)
w(37,16,16,56,56)
r(7,20,16,57,57)
w(73,16,16,58,58)
r(35,24,16,59,59)
w(28,19,16,60,60)
w(61,18,16,61,61)
w(89,18,16,62,62)
w(46,16,16,63,63)
r(78,12,16,64,64)
w(96,15,16,65,65)
r(68,19,16,66,66)
w(28,20,16,67,67)
r(5,20,16,68,68)
w(20,16,16,69,69)
r(50,19,16,70,70)
w(28,21,16,71,71)
r(78,12,16,72,72)
w(30,16,16,73,73)
r(26,13,16,74,74)
w(67,22,16,75,75)
r(47,14,16,76,76)
w(72,15,16,77,77)
w(60,18,16,78,78)
w(81,18,16,79,79)
w(98,12,16,80,80)
w(22,16,16,81,81)
w(53,18,16,82,82)
w(42,13,16,83,83)
w(14,14,16,84,84)
r(79,14,16,85,85)
w(45,15,16,86,86)
w(77,20,16,87,87)
w(83,18,16,88,88)
r(23,17,16,89,89)
r(82,10,16,90,90)
r(47,14,16,91,91)
w(0,16,16,92,92)
r(70,12,16,93,93)
w(27,19,16,94,94)
r(22,16,16,95,95)
r(82,10,16,96,96)
w(60,19,16,97,97)
w(48,19,16,98,98)
w(45,16,16,99,99)
w(39,21,16,100,100)
w(36,15,16,101,101)
w(25,22,16,102,102)
r(82,10,16,103,103)
r(26,13,16,104,104)
r(47,14,16,105,105)
r(21,13,16,106,106)
w(41,20,16,107,107)
r(77,20,16,108,108)
r(26,13,16,109,109)
r(40,26,16,110,110)
r(87,24,16,111,111)
w(73,17,16,112,112)
w(85,19,16,113,113)
w(18,18,16,114,114)
w(71,17,16,115,115)
r(45,16,16,116,116)
w(84,15,16,117,117)
r(35,24,16,118,118)
w(80,22,16,119,119)
w(91,13,16,120,120)
r(91,13,16,121,121)
r(86,9,16,122,122)
r(94,12,16,123,123)
w(98,13,16,124,124)
w(22,17,16,125,125)
r(69,17,16,126,126)
r(3,21,16,127,127)
r(87,24,16,128,128)
w(79,15,16,129,129)
r(31,21,16,130,130)
r(76,14,16,131,131)
r(52,21,16,132,132)
w(51,15,16,133,133)
w(86,10,16,134,134)
r(98,13,16,135,135)
w(35,25,16,136,136)
w(85,20,16,137,137)
w(35,26,16,138,138)
w(12,21,16,139,139)
w(4,21,16,140,140)
r(27,19,16,141,141)
w(57,20,16,142,142)
r(23,17,16,143,143)
r(34,13,16,144,144)
w(87,25,16,145,145)
r(90,17,16,146,146)
w(68,20,16,147,147)
r(31,21,16,148,148)
r(51,15,16,149,149)
r(16,18,16,150,150)
r(34,13,16,151,151)
w(88,11,16,152,152)
r(74,17,16,153,153)
r(35,26,16,154,154)
r(54,19,16,155,155)
r(25,22,16,156,156)
r(98,13,16,157,157)
w(81,19,16,158,158)
w(97,12,16,159,159)
r(8,24,16,160,160)
w(45,17,16,161,161)
r(83,18,16,162,162)
w(49,20,16,163,163)
w(79,16,16,164,164)
w(99,13,16,165,165)
w(21,14,16,166,166)
r(43,14,16,167,167)
r(34,13,16,168,168)
r(62,12,16,169,169)
w(6,12,16,170,170)
w(42,14,16,171,171)
r(57,20,16,172,172)
r(67,22,16,173,173)
r(46,16,16,174,174)
r(74,17,16,175,175)
w(23,18,16,176,176)
w(99,14,16,177,177)
w(46,17,16,178,178)
r(96,15,16,179,179)
w(42,15,16,180,180)
w(17,17,16,181,181)
w(98,14,16,182,182)
r(52,21,16,183,183)
w(48,20,16,184,184)
r(26,13,16,185,185)
w(73,18,16,186,186)
r(95,17,16,187,187)
r(25,22,16,188,188)
r(18,18,16,189,189)
w(18,19,16,190,190)
r(49,20,16,191,191)
w(52,22,16,192,192)
r(6,12,16,193,193)
r(42,15,16,194,194)
w(98,15,16,195,195)
r(25,22,16,196,196)
r(60,19,16,197,197)
r(42,15,16,198,198)
r(40,26,16,199,199)
r(13,16,17,0,0)
w(24,19,17,1,1)
w(0,17,17,2,2)
r(74,17,17,3,3)
w(18,20,17,4,4)
r(75,15,17,5,5)
r(13,16,17,6,6)
w(94,13,17,7,7)
r(68,20,17,8,8)
r(76,14,17,9,9)
r(59,18,17,10,10)
w(83,19,17,11,11)
w(99,15,17,12,12)
r(3,21,17,13,13)
r(52,22,17,14,14)
w(28,22,17,15,15)
r(53,18,17,16,16)
r(70,12,17,17,17)
r(0,17,17,18,18)
r(55,13,17,19,19)
w(8,25,17,20,20)
r(48,20,17,21,21)
w(41,21,17,22,22)
r(44,14,17,23,23)
w(99,16,17,24,24)
r(58,13,17,25,25)
r(30,16,17,26,26)
w(95,18,17,27,27)
r(6,12,17,28,28)
r(99,16,17,29,29)
w(64,15,17,30,30)
r(46,17,17,31,31)
w(24,20,17,32,32)
r(53,18,17,33,33)
w(4,22,17,34,34)
r(4,22,17,35,35)
r(96,15,17,36,36)
w(42,16,17,37,37)
w(38,20,17,38,38)
w(20,17,17,39,39)
w(34,14,17,40,40)
w(33,15,17,41,41)
r(99,16,17,42,42)
r(69,17,17,43,43)
r(57,20,17,44,44)
r(85,20,17,45,45)
r(73,18,17,46,46)
w(33,16,17,47,47)
r(42,16,17,48,48)
w(6,13,17,49,49)
w(84,16,17,50,50)
r(77,20,17,51,51)
r(28,22,17,52,52)
w(70,13,17,53,53)
w(91,14,17,54,54)
w(2,18,17,55,55)
w(20,18,17,56,56)
w(2,19,17,57,57)
r(51,15,17,58,58)
w(17,18,17,59,59)
w(90,18,17,60,60)
w(94,14,17,61,61)
w(47,15,17,62,62)
w(1,17,17,63,63)
w(52,23,17,64,64)
w(75,16,17,65,65)
w(46,18,17,66,66)
w(75,17,17,67,67)
r(58,13,17,68,68)
w(95,19,17,69,69)
r(59,18,17,70,70)
w(32,18,17,71,71)
w(72,16,17,72,72)
r(84,16,17,73,73)
r(75,17,17,74,74)
w(4,23,17,75,75)
w(47,16,17,76,76)
w(46,19,17,77,77)
r(61,18,17,78,78)
w(24,21,17,79,79)
w(85,21,17,80,80)
w(77,21,17,81,81)
w(8,26,17,82,82)
w(70,14,17,83,83)
w(96,16,17,84,84)
w(62,13,17,85,85)
w(13,17,17,86,86)
r(21,14,17,87,87)
r(0,17,17,88,88)
r(74,17,17,89,89)
w(61,19,17,90,90)
w(94,15,17,91,91)
w(72,17,17,92,92)
w(99,17,17,93,93)
w(25,23,17,94,94)
r(44,14,17,95,95)
r(90,18,17,96,96)
w(58,14,17,97,97)
w(87,26,17,98,98)
w(43,15,17,99,99)
r(28,22,17,100,100)
w(90,19,17,101,101)
w(20,19,17,102,102)
r(80,22,17,103,103)
w(21,15,17,104,104)
r(37,16,17,105,105)
w(98,16,17,106,106)
r(30,16,17,107,107)
r(28,22,17,108,108)
w(10,14,17,109,109)
r(56,17,17,110,110)
w(69,18,17,111,111)
r(70,14,17,112,112)
w(37,17,17,113,113)
r(42,16,17,114,114)
w(82,11,17,115,115)
w(11,18,17,116,116)
w(53,19,17,117,117)
r(1,17,17,118,118)
r(49,20,17,119,119)
r(35,26,17,120,120)
w(98,17,17,121,121)
r(89,18,17,122,122)
w(38,21,17,123,123)
r(75,17,17,124,124)
r(83,19,17,125,125)
w(70,15,17,126,126)
r(43,15,17,127,127)
w(9,13,17,128,128)
r(36,15,17,129,129)
r(92,14,17,130,130)
w(12,22,17,131,131)
w(74,18,17,132,132)
w(61,20,17,133,133)
r(82,11,17,134,134)
r(86,10,17,135,135)
w(87,27,17,136,136)
w(49,21,17,137,137)
w(53,20,17,138,138)
r(52,23,17,139,139)
w(44,15,17,140,140)
r(82,11,17,141,141)
r(24,21,17,142,142)
w(9,14,17,143,143)
r(4,23,17,144,144)
r(8,26,17,145,145)
r(89,18,17,146,146)
r(59,18,17,147,147)
r(72,17,17,148,148)
w(19,16,17,149,149)
r(98,17,17,150,150)
r(53,20,17,151,151)
r(39,21,17,152,152)
r(62,13,17,153,153)
r(74,18,17,154,154)
w(82,12,17,155,155)
w(22,18,17,156,156)
r(9,14,17,157,157)
w(14,15,17,158,158)
w(99,18,17,159,159)
w(68,21,17,160,160)
r(17,18,17,161,161)
w(9,15,17,162,162)
r(76,14,17,163,163)
r(31,21,17,164,164)
w(81,20,17,165,165)
r(53,20,17,166,166)
r(59,18,17,167,167)
r(1,17,17,168,168)
r(45,17,17,169,169)
r(26,13,17,170,170)
r(33,16,17,171,171)
w(98,18,17,172,172)
r(14,15,17,173,173)
r(57,20,17,174,174)
w(11,19,17,175,175)
w(6,14,17,176,176)
r(71,17,17,177,177)
r(76,14,17,178,178)
r(33,16,17,179,179)
r(61,20,17,180,180)
r(74,18,17,181,181)
w(24,22,17,182,182)
w(85,22,17,183,183)
r(66,20,17,184,184)
w(2,20,17,185,185)
w(52,24,17,186,186)
w(69,19,17,187,187)
w(35,27,17,188,188)
r(66,20,17,189,189)
w(94,16,17,190,190)
r(23,18,17,191,191)
r(20,19,17,192,192)
r(6,14,17,193,193)
w(90,20,17,194,194)
w(77,22,17,195,195)
r(18,20,17,196,196)
r(8,26,17,197,197)
w(3,22,17,198,198)
r(44,15,17,199,199)
r(23,18,18,0,0)
r(71,17,18,1,1)
r(2,20,18,2,2)
r(11,19,18,3,3)
r(1,17,18,4,4)
w(4,24,18,5,5)
r(60,19,18,6,6)
r(80,22,18,7,7)
w(56,18,18,8,8)
r(46,19,18,9,9)
r(84,16,18,10,10)
r(28,22,18,11,11)
w(14,16,18,12,12)
r(16,18,18,13,13)
w(7,21,18,14,14)
w(74,19,18,15,15)
r(34,14,18,16,16)
w(3,23,18,17,17)
r(56,18,18,18,18)
w(68,22,18,19,19)
w(77,23,18,20,20)
r(22,18,18,21,21)
r(58,14,18,22,22)
w(37,18,18,23,23)
w(26,14,18,24,24)
r(10,14,18,25,25)
r(44,15,18,26,26)
w(70,16,18,27,27)
w(3,24,18,28,28)
w(63,13,18,29,29)
r(53,20,18,30,30)
r(17,18,18,31,31)
w(31,22,18,32,32)
w(48,21,18,33,33)
w(6,15,18,34,34)
w(98,19,18,35,35)
r(86,10,18,36,36)
w(23,19,18,37,37)
w(61,21,18,38,38)
w(95,20,18,39,39)
r(6,15,18,40,40)
w(83,20,18,41,41)
r(88,11,18,42,42)
w(38,22,18,43,43)
r(10,14,18,44,44)
w(59,19,18,45,45)
r(75,17,18,46,46)
w(28,23,18,47,47)
r(59,19,18,48,48)
w(1,18,18,49,49)
w(55,14,18,50,50)
w(39,22,18,51,51)
w(88,12,18,52,52)
w(10,15,18,53,53)
w(56,19,18,54,54)
w(93,19,18,55,55)
w(66,21,18,56,56)
r(90,20,18,57,57)
r(80,22,18,58,58)
r(68,22,18,59,59)
w(4,25,18,60,60)
w(99,19,18,61,61)
r(65,19,18,62,62)
w(90,21,18,63,63)
w(16,19,18,64,64)
w(27,20,18,65,65)
r(25,23,18,66,66)
w(70,17,18,67,67)
r(96,16,18,68,68)
w(41,22,18,69,69)
r(35,27,18,70,70)
r(34,14,18,71,71)
w(80,23,18,72,72)
r(78,12,18,73,73)
r(33,16,18,74,74)
r(43,15,18,75,75)
w(40,27,18,76,76)
w(48,22,18,77,77)
w(57,21,18,78,78)
r(32,18,18,79,79)
w(5,21,18,80,80)
r(27,20,18,81,81)
r(29,10,18,82,82)
w(45,18,18,83,83)
w(78,13,18,84,84)
w(99,20,18,85,85)
w(68,23,18,86,86)
r(4,25,18,87,87)
r(57,21,18,88,88)
r(49,21,18,89,89)
r(24,22,18,90,90)
r(90,21,18,91,91)
w(67,23,18,92,92)
w(68,24,18,93,93)
w(46,20,18,94,94)
r(99,20,18,95,95)
w(4,26,18,96,96)
w(52,25,18,97,97)
r(2,20,18,98,98)
r(85,22,18,99,99)
r(81,20,18,100,100)
w(78,14,18,101,101)
r(66,21,18,102,102)
r(72,17,18,103,103)
w(46,21,18,104,104)
r(89,18,18,105,105)
w(58,15,18,106,106)
w(50,20,18,107,107)
w(45,19,18,108,108)
r(43,15,18,109,109)
w(69,20,18,110,110)
w(27,21,18,111,111)
w(28,24,18,112,112)
r(64,15,18,113,113)
w(51,16,18,114,114)
r(95,20,18,115,115)
r(2,20,18,116,116)
r(14,16,18,117,117)
r(72,17,18,118,118)
w(1,19,18,119,119)
w(80,24,18,120,120)
r(44,15,18,121,121)
w(92,15,18,122,122)
r(96,16,18,123,123)
w(2,21,18,124,124)
r(97,12,18,125,125)
w(99,21,18,126,126)
w(56,20,18,127,127)
r(44,15,18,128,128)
w(10,16,18,129,129)
w(53,21,18,130,130)
r(26,14,18,131,131)
w(83,21,18,132,132)
w(71,18,18,133,133)
w(62,14,18,134,134)
w(16,20,18,135,135)
r(57,21,18,136,136)
w(92,16,18,137,137)
r(81,20,18,138,138)
w(6,16,18,139,139)
r(97,12,18,140,140)
w(90,22,18,141,141)
r(98,19,18,142,142)
r(61,21,18,143,143)
w(34,15,18,144,144)
r(88,12,18,145,145)
w(91,15,18,146,146)
r(82,12,18,147,147)
r(54,19,18,148,148)
w(41,23,18,149,149)
r(53,21,18,150,150)
r(30,16,18,151,151)
r(57,21,18,152,152)
w(43,16,18,153,153)
w(45,20,18,154,154)
w(50,21,18,155,155)
w(79,17,18,156,156)
r(17,18,18,157,157)
w(85,23,18,158,158)
w(12,23,18,159,159)
w(98,20,18,160,160)
w(18,21,18,161,161)
w(40,28,18,162,162)
r(5,21,18,163,163)
w(92,17,18,164,164)
w(22,19,18,165,165)
w(68,25,18,166,166)
r(70,17,18,167,167)
w(65,20,18,168,168)
w(10,17,18,169,169)
r(6,16,18,170,170)
w(12,24,18,171,171)
w(60,20,18,172,172)
r(27,21,18,173,173)
w(30,17,18,174,174)
r(57,21,18,175,175)
w(37,19,18,176,176)
w(23,20,18,177,177)
w(16,21,18,178,178)
r(92,17,18,179,179)
w(19,17,18,180,180)
r(4,26,18,181,181)
r(97,12,18,182,182)
w(57,22,18,183,183)
r(77,23,18,184,184)
w(34,16,18,185,185)
r(20,19,18,186,186)
w(21,16,18,187,187)
r(78,14,18,188,188)
r(47,16,18,189,189)
r(91,15,18,190,190)
w(99,22,18,191,191)
w(5,22,18,192,192)
r(94,16,18,193,193)
w(85,24,18,194,194)
r(67,23,18,195,195)
w(1,20,18,196,196)
w(53,22,18,197,197)
r(9,15,18,198,198)
w(85,25,18,199,199)
w(55,15,19,0,0)
r(32,18,19,1,1)
w(53,23,19,2,2)
r(85,25,19,3,3)
w(69,21,19,4,4)
r(49,21,19,5,5)
r(34,16,19,6,6)
r(96,16,19,7,7)
r(11,19,19,8,8)
w(98,21,19,9,9)
w(79,18,19,10,10)
r(54,19,19,11,11)
w(27,22,19,12,12)
r(20,19,19,13,13)
w(43,17,19,14,14)
w(84,17,19,15,15)
r(87,27,19,16,16)
w(74,20,19,17,17)
r(68,25,19,18,18)
w(55,16,19,19,19)
w(83,22,19,20,20)
r(57,22,19,21,21)
r(17,18,19,22,22)
r(36,15,19,23,23)
r(0,17,19,24,24)
w(63,14,19,25,25)
w(17,19,19,26,26)
w(78,15,19,27,27)
w(87,28,19,28,28)
w(33,17,19,29,29)
w(74,21,19,30,30)
w(14,17,19,31,31)
w(70,18,19,32,32)
w(3,25,19,33,33)
r(37,19,19,34,34)
r(60,20,19,35,35)
r(84,17,19,36,36)
w(89,19,19,37,37)
r(68,25,19,38,38)
r(28,24,19,39,39)
r(34,16,19,40,40)
w(25,24,19,41,41)
w(28,25,19,42,42)
r(89,19,19,43,43)
r(5,22,19,44,44)
w(98,22,19,45,45)
r(49,21,19,46,46)
r(11,19,19,47,47)
w(94,17,19,48,48)
r(50,21,19,49,49)
w(81,21,19,50,50)
w(51,17,19,51,51)
w(60,21,19,52,52)
r(33,17,19,53,53)
r(3,25,19,54,54)
r(81,21,19,55,55)
r(29,10,19,56,56)
w(72,18,19,57,57)
r(40,28,19,58,58)
w(76,15,19,59,59)
r(70,18,19,60,60)
w(57,23,19,61,61)
w(69,22,19,62,62)
r(59,19,19,63,63)
r(87,28,19,64,64)
r(23,20,19,65,65)
w(2,22,19,66,66)
r(57,23,19,67,67)
w(50,22,19,68,68)
r(41,23,19,69,69)
r(47,16,19,70,70)
r(12,24,19,71,71)
r(36,15,19,72,72)
r(57,23,19,73,73)
r(71,18,19,74,74)
w(6,17,19,75,75)
w(23,21,19,76,76)
w(78,16,19,77,77)
r(72,18,19,78,78)
r(88,12,19,79,79)
r(49,21,19,80,80)
r(9,15,19,81,81)
w(81,22,19,82,82)
r(0,17,19,83,83)
r(55,16,19,84,84)
r(82,12,19,85,85)
r(50,22,19,86,86)
w(44,16,19,87,87)
r(28,25,19,88,88)
w(55,17,19,89,89)
w(41,24,19,90,90)
w(74,22,19,91,91)
w(24,23,19,92,92)
r(81,22,19,93,93)
r(50,22,19,94,94)
w(16,22,19,95,95)
w(60,22,19,96,96)
w(11,20,19,97,97)
r(22,19,19,98,98)
w(63,15,19,99,99)
w(65,21,19,100,100)
w(57,24,19,101,101)
w(15,14,19,102,102)
w(22,20,19,103,103)
w(60,23,19,104,104)
r(58,15,19,105,105)
w(1,21,19,106,106)
w(81,23,19,107,107)
r(91,15,19,108,108)
w(67,24,19,109,109)
r(8,26,19,110,110)
r(34,16,19,111,111)
r(16,22,19,112,112)
w(34,17,19,113,113)
w(27,23,19,114,114)
w(23,22,19,115,115)
r(57,24,19,116,116)
w(30,18,19,117,117)
w(71,19,19,118,118)
w(19,18,19,119,119)
w(99,23,19,120,120)
w(86,11,19,121,121)
w(16,23,19,122,122)
w(8,27,19,123,123)
r(13,17,19,124,124)
w(6,18,19,125,125)
r(78,16,19,126,126)
w(8,28,19,127,127)
w(99,24,19,128,128)
w(84,18,19,129,129)
w(75,18,19,130,130)
w(55,18,19,131,131)
w(10,18,19,132,132)
r(45,20,19,133,133)
w(63,16,19,134,134)
r(64,15,19,135,135)
w(33,18,19,136,136)
w(36,16,19,137,137)
w(15,15,19,138,138)
r(17,19,19,139,139)
w(35,28,19,140,140)
r(62,14,19,141,141)
r(25,24,19,142,142)
r(38,22,19,143,143)
w(70,19,19,144,144)
r(40,28,19,145,145)
r(54,19,19,146,146)
r(80,24,19,147,147)
w(73,19,19,148,148)
w(73,20,19,149,149)
w(54,20,19,150,150)
w(5,23,19,151,151)
w(78,17,19,152,152)
w(0,18,19,153,153)
r(1,21,19,154,154)
r(2,22,19,155,155)
w(77,24,19,156,156)
w(47,17,19,157,157)
w(45,21,19,158,158)
w(50,23,19,159,159)
r(30,18,19,160,160)
w(25,25,19,161,161)
w(32,19,19,162,162)
w(16,24,19,163,163)
r(0,18,19,164,164)
w(77,25,19,165,165)
r(2,22,19,166,166)
r(65,21,19,167,167)
r(24,23,19,168,168)
w(65,22,19,169,169)
r(45,21,19,170,170)
r(82,12,19,171,171)
w(77,26,19,172,172)
w(74,23,19,173,173)
r(17,19,19,174,174)
w(68,26,19,175,175)
w(49,22,19,176,176)
w(90,23,19,177,177)
w(16,25,19,178,178)
r(14,17,19,179,179)
r(13,17,19,180,180)
r(68,26,19,181,181)
r(77,26,19,182,182)
w(41,25,19,183,183)
w(61,22,19,184,184)
r(10,18,19,185,185)
w(65,23,19,186,186)
w(99,25,19,187,187)
w(64,16,19,188,188)
w(33,19,19,189,189)
r(91,15,19,190,190)
w(63,17,19,191,191)
w(90,24,19,192,192)
w(79,19,19,193,193)
r(90,24,19,194,194)
w(84,19,19,195,195)
r(69,22,19,196,196)
w(85,26,19,197,197)
w(66,22,19,198,198)
w(53,24,19,199,199)
w(78,18,20,0,0)
r(42,16,20,1,1)
w(36,17,20,2,2)
r(68,26,20,3,3)
r(44,16,20,4,4)
r(66,22,20,5,5)
w(65,24,20,6,6)
w(68,27,20,7,7)
r(28,25,20,8,8)
r(94,17,20,9,9)
w(71,20,20,10,10)
w(13,18,20,11,11)
r(75,18,20,12,12)
r(37,19,20,13,13)
w(97,13,20,14,14)
r(71,20,20,15,15)
r(29,10,20,16,16)
w(59,20,20,17,17)
w(74,24,20,18,18)
w(60,24,20,19,19)
w(88,13,20,20,20)
r(5,23,20,21,21)
r(46,21,20,22,22)
r(35,28,20,23,23)
w(66,23,20,24,24)
r(11,20,20,25,25)
w(32,20,20,26,26)
r(9,15,20,27,27)
r(44,16,20,28,28)
r(76,15,20,29,29)
r(55,18,20,30,30)
r(97,13,20,31,31)
w(54,21,20,32,32)
r(70,19,20,33,33)
r(79,19,20,34,34)
r(16,25,20,35,35)
r(71,20,20,36,36)
w(55,19,20,37,37)
r(76,15,20,38,38)
r(7,21,20,39,39)
r(9,15,20,40,40)
w(30,19,20,41,41)
w(89,20,20,42,42)
r(1,21,20,43,43)
w(58,16,20,44,44)
w(77,27,20,45,45)
r(90,24,20,46,46)
w(1,22,20,47,47)
w(22,21,20,48,48)
w(34,18,20,49,49)
w(34,19,20,50,50)
w(48,23,20,51,51)
r(16,25,20,52,52)
r(95,20,20,53,53)
r(64,16,20,54,54)
r(52,25,20,55,55)
r(82,12,20,56,56)
w(48,24,20,57,57)
w(83,23,20,58,58)
w(18,22,20,59,59)
w(83,24,20,60,60)
r(25,25,20,61,61)
w(83,25,20,62,62)
w(60,25,20,63,63)
w(3,26,20,64,64)
r(55,19,20,65,65)
w(80,25,20,66,66)
r(26,14,20,67,67)
r(50,23,20,68,68)
r(13,18,20,69,69)
w(76,16,20,70,70)
r(10,18,20,71,71)
r(84,19,20,72,72)
w(80,26,20,73,73)
w(63,18,20,74,74)
w(11,21,20,75,75)
r(64,16,20,76,76)
r(5,23,20,77,77)
r(37,19,20,78,78)
w(60,26,20,79,79)
r(67,24,20,80,80)
w(43,18,20,81,81)
w(74,25,20,82,82)
r(86,11,20,83,83)
r(93,19,20,84,84)
r(79,19,20,85,85)
w(46,22,20,86,86)
r(41,25,20,87,87)
r(36,17,20,88,88)
r(54,21,20,89,89)
r(90,24,20,90,90)
w(70,20,20,91,91)
r(62,14,20,92,92)
r(98,22,20,93,93)
r(82,12,20,94,94)
w(93,20,20,95,95)
r(99,25,20,96,96)
w(29,11,20,97,97)
r(15,15,20,98,98)
r(74,25,20,99,99)
r(94,17,20,100,100)
w(90,25,20,101,101)
r(32,20,20,102,102)
r(17,19,20,103,103)
r(2,22,20,104,104)
w(72,19,20,105,105)
r(57,24,20,106,106)
w(45,22,20,107,107)
r(50,23,20,108,108)
w(2,23,20,109,109)
w(17,20,20,110,110)
r(58,16,20,111,111)
r(51,17,20,112,112)
w(3,27,20,113,113)
r(74,25,20,114,114)
w(85,27,20,115,115)
w(95,21,20,116,116)
r(45,22,20,117,117)
w(87,29,20,118,118)
r(38,22,20,119,119)
w(46,23,20,120,120)
w(35,29,20,121,121)
r(78,18,20,122,122)
w(49,23,20,123,123)
r(44,16,20,124,124)
r(84,19,20,125,125)
r(47,17,20,126,126)
w(82,13,20,127,127)
w(23,23,20,128,128)
r(74,25,20,129,129)
w(96,17,20,130,130)
r(83,25,20,131,131)
w(11,22,20,132,132)
w(95,22,20,133,133)
r(75,18,20,134,134)
r(87,29,20,135,135)
w(73,21,20,136,136)
w(86,12,20,137,137)
r(7,21,20,138,138)
r(88,13,20,139,139)
w(93,21,20,140,140)
r(90,25,20,141,141)
w(78,19,20,142,142)
w(51,18,20,143,143)
w(85,28,20,144,144)
r(65,24,20,145,145)
r(90,25,20,146,146)
w(29,12,20,147,147)
w(50,24,20,148,148)
w(21,17,20,149,149)
r(13,18,20,150,150)
r(74,25,20,151,151)
w(53,25,20,152,152)
r(30,19,20,153,153)
w(72,20,20,154,154)
w(36,18,20,155,155)
r(37,19,20,156,156)
r(32,20,20,157,157)
r(93,21,20,158,158)
r(14,17,20,159,159)
w(89,21,20,160,160)
w(52,26,20,161,161)
w(59,21,20,162,162)
r(46,23,20,163,163)
w(92,18,20,164,164)
r(34,19,20,165,165)
r(91,15,20,166,166)
w(42,17,20,167,167)
w(80,27,20,168,168)
w(82,14,20,169,169)
w(40,29,20,170,170)
w(8,29,20,171,171)
r(8,29,20,172,172)
w(70,21,20,173,173)
w(87,30,20,174,174)
w(36,19,20,175,175)
w(47,18,20,176,176)
w(21,18,20,177,177)
w(69,23,20,178,178)
r(45,22,20,179,179)
r(96,17,20,180,180)
w(91,16,20,181,181)
r(80,27,20,182,182)
w(56,21,20,183,183)
w(10,19,20,184,184)
r(90,25,20,185,185)
r(24,23,20,186,186)
r(4,26,20,187,187)
w(2,24,20,188,188)
r(41,25,20,189,189)
w(79,20,20,190,190)
w(64,17,20,191,191)
w(54,22,20,192,192)
w(65,25,20,193,193)
r(74,25,20,194,194)
w(84,20,20,195,195)
w(51,19,20,196,196)
w(76,17,20,197,197)
r(15,15,20,198,198)
r(42,17,20,199,199)
w(52,27,21,0,0)
w(85,29,21,1,1)
w(17,21,21,2,2)
w(94,18,21,3,3)
w(20,20,21,4,4)
r(9,15,21,5,5)
w(81,24,21,6,6)
w(94,19,21,7,7)
w(54,23,21,8,8)
w(20,21,21,9,9)
w(96,18,21,10,10)
w(1,23,21,11,11)
r(41,25,21,12,12)
r(79,20,21,13,13)
w(9,16,21,14,14)
r(59,21,21,15,15)
w(80,28,21,16,16)
w(48,25,21,17,17)
w(28,26,21,18,18)
r(36,19,21,19,19)
r(29,12,21,20,20)
w(97,14,21,21,21)
r(65,25,21,22,22)
w(92,19,21,23,23)
w(75,19,21,24,24)
r(19,18,21,25,25)
w(14,18,21,26,26)
w(73,22,21,27,27)
r(66,23,21,28,28)
r(77,27,21,29,29)
w(45,23,21,30,30)
r(54,23,21,31,31)
r(58,16,21,32,32)
w(11,23,21,33,33)
w(52,28,21,34,34)
r(58,16,21,35,35)
w(6,19,21,36,36)
r(41,25,21,37,37)
r(19,18,21,38,38)
r(62,14,21,39,39)
w(95,23,21,40,40)
w(42,18,21,41,41)
r(45,23,21,42,42)
r(8,29,21,43,43)
r(3,27,21,44,44)
r(47,18,21,45,45)
w(21,19,21,46,46)
w(54,24,21,47,47)
w(20,22,21,48,48)
w(40,30,21,49,49)
r(56,21,21,50,50)
w(51,20,21,51,51)
w(20,23,21,52,52)
w(81,25,21,53,53)
w(92,20,21,54,54)
w(9,17,21,55,55)
r(36,19,21,56,56)
r(19,18,21,57,57)
r(87,30,21,58,58)
w(57,25,21,59,59)
w(54,25,21,60,60)
r(94,19,21,61,61)
w(4,27,21,62,62)
r(97,14,21,63,63)
w(10,20,21,64,64)
w(86,13,21,65,65)
r(3,27,21,66,66)
r(69,23,21,67,67)
w(71,21,21,68,68)
r(60,26,21,69,69)
w(78,20,21,70,70)
w(36,20,21,71,71)
r(58,16,21,72,72)
w(83,26,21,73,73)
r(97,14,21,74,74)
w(37,20,21,75,75)
r(26,14,21,76,76)
w(66,24,21,77,77)
w(82,15,21,78,78)
w(87,31,21,79,79)
r(97,14,21,80,80)
w(58,17,21,81,81)
w(65,26,21,82,82)
w(89,22,21,83,83)
r(9,17,21,84,84)
w(69,24,21,85,85)
w(85,30,21,86,86)
r(34,19,21,87,87)
w(44,17,21,88,88)
r(16,25,21,89,89)
w(66,25,21,90,90)
w(6,20,21,91,91)
w(98,23,21,92,92)
r(94,19,21,93,93)
r(25,25,21,94,94)
w(65,27,21,95,95)
w(91,17,21,96,96)
w(29,13,21,97,97)
w(87,32,21,98,98)
r(48,25,21,99,99)
w(79,21,21,100,100)
r(60,26,21,101,101)
r(94,19,21,102,102)
r(52,28,21,103,103)
w(82,16,21,104,104)
w(62,15,21,105,105)
w(73,23,21,106,106)
r(46,23,21,107,107)
w(13,19,21,108,108)
r(16,25,21,109,109)
w(39,23,21,110,110)
w(14,19,21,111,111)
w(71,22,21,112,112)
w(76,18,21,113,113)
r(16,25,21,114,114)
w(16,26,21,115,115)
r(81,25,21,116,116)
r(91,17,21,117,117)
w(64,18,21,118,118)
w(10,21,21,119,119)
r(51,20,21,120,120)
w(22,22,21,121,121)
r(22,22,21,122,122)
r(46,23,21,123,123)
w(73,24,21,124,124)
r(76,18,21,125,125)
r(40,30,21,126,126)
r(0,18,21,127,127)
w(91,18,21,128,128)
w(31,23,21,129,129)
r(46,23,21,130,130)
w(77,28,21,131,131)
r(41,25,21,132,132)
r(2,24,21,133,133)
w(31,24,21,134,134)
r(92,20,21,135,135)
w(74,26,21,136,136)
r(16,26,21,137,137)
w(33,20,21,138,138)
r(1,23,21,139,139)
r(19,18,21,140,140)
r(33,20,21,141,141)
r(68,27,21,142,142)
w(16,27,21,143,143)
r(38,22,21,144,144)
w(83,27,21,145,145)
r(95,23,21,146,146)
w(50,25,21,147,147)
r(50,25,21,148,148)
r(46,23,21,149,149)
r(83,27,21,150,150)
r(66,25,21,151,151)
w(53,26,21,152,152)
r(57,25,21,153,153)
w(44,18,21,154,154)
r(7,21,21,155,155)
r(49,23,21,156,156)
w(74,27,21,157,157)
w(93,22,21,158,158)
r(35,29,21,159,159)
r(37,20,21,160,160)
r(87,32,21,161,161)
r(3,27,21,162,162)
r(39,23,21,163,163)
r(3,27,21,164,164)
r(68,27,21,165,165)
w(66,26,21,166,166)
r(89,22,21,167,167)
w(55,20,21,168,168)
w(77,29,21,169,169)
w(87,33,21,170,170)
w(87,34,21,171,171)
w(76,19,21,172,172)
w(29,14,21,173,173)
w(25,26,21,174,174)
r(70,21,21,175,175)
w(82,17,21,176,176)
w(18,23,21,177,177)
r(76,19,21,178,178)
w(48,26,21,179,179)
w(10,22,21,180,180)
w(53,27,21,181,181)
r(85,30,21,182,182)
r(23,23,21,183,183)
w(67,25,21,184,184)
r(84,20,21,185,185)
w(59,22,21,186,186)
w(97,15,21,187,187)
r(50,25,21,188,188)
w(70,22,21,189,189)
w(68,28,21,190,190)
w(73,25,21,191,191)
w(94,20,21,192,192)
r(36,20,21,193,193)
w(97,16,21,194,194)
w(64,19,21,195,195)
r(91,18,21,196,196)
w(77,30,21,197,197)
w(99,26,21,198,198)
r(26,14,21,199,199)
r(23,23,22,0,0)
r(88,13,22,1,1)
w(44,19,22,2,2)
w(95,24,22,3,3)
r(63,18,22,4,4)
r(64,19,22,5,5)
r(98,23,22,6,6)
r(70,22,22,7,7)
w(99,27,22,8,8)
w(1,24,22,9,9)
r(70,22,22,10,10)
r(84,20,22,11,11)
w(5,24,22,12,12)
r(55,20,22,13,13)
r(45,23,22,14,14)
r(42,18,22,15,15)
r(46,23,22,16,16)
w(61,23,22,17,17)
w(63,19,22,18,18)
r(14,19,22,19,19)
w(56,22,22,20,20)
w(93,23,22,21,21)
r(86,13,22,22,22)
r(9,17,22,23,23)
r(17,21,22,24,24)
w(50,26,22,25,25)
r(88,13,22,26,26)
r(98,23,22,27,27)
r(71,22,22,28,28)
r(50,26,22,29,29)
r(57,25,22,30,30)
w(24,24,22,31,31)
r(75,19,22,32,32)
r(52,28,22,33,33)
w(19,19,22,34,34)
r(8,29,22,35,35)
w(0,19,22,36,36)
r(82,17,22,37,37)
r(40,30,22,38,38)
r(94,20,22,39,39)
r(45,23,22,40,40)
r(64,19,22,41,41)
w(9,18,22,42,42)
w(66,27,22,43,43)
w(82,18,22,44,44)
w(8,30,22,45,45)
w(67,26,22,46,46)
r(51,20,22,47,47)
r(57,25,22,48,48)
r(17,21,22,49,49)
w(84,21,22,50,50)
w(6,21,22,51,51)
r(80,28,22,52,52)
r(90,25,22,53,53)
r(10,22,22,54,54)
r(57,25,22,55,55)
r(72,20,22,56,56)
w(83,28,22,57,57)
w(76,20,22,58,58)
r(39,23,22,59,59)
r(8,30,22,60,60)
w(34,20,22,61,61)
w(95,25,22,62,62)
w(69,25,22,63,63)
w(53,28,22,64,64)
w(30,20,22,65,65)
w(81,26,22,66,66)
w(31,25,22,67,67)
r(39,23,22,68,68)
w(27,24,22,69,69)
r(62,15,22,70,70)
r(71,22,22,71,71)
w(86,14,22,72,72)
r(81,26,22,73,73)
r(44,19,22,74,74)
w(40,31,22,75,75)
w(23,24,22,76,76)
r(96,18,22,77,77)
r(79,21,22,78,78)
w(40,32,22,79,79)
w(47,19,22,80,80)
r(37,20,22,81,81)
w(43,19,22,82,82)
w(77,31,22,83,83)
w(41,26,22,84,84)
r(26,14,22,85,85)
w(35,30,22,86,86)
r(50,26,22,87,87)
r(6,21,22,88,88)
r(80,28,22,89,89)
r(46,23,22,90,90)
w(85,31,22,91,91)
r(76,20,22,92,92)
w(39,24,22,93,93)
r(54,25,22,94,94)
r(88,13,22,95,95)
r(54,25,22,96,96)
w(74,28,22,97,97)
r(80,28,22,98,98)
w(27,25,22,99,99)
r(53,28,22,100,100)
w(11,24,22,101,101)
w(57,26,22,102,102)
r(89,22,22,103,103)
w(3,28,22,104,104)
r(16,27,22,105,105)
w(97,17,22,106,106)
r(36,20,22,107,107)
r(2,24,22,108,108)
w(81,27,22,109,109)
r(53,28,22,110,110)
r(37,20,22,111,111)
w(12,25,22,112,112)
r(86,14,22,113,113)
w(9,19,22,114,114)
r(52,28,22,115,115)
r(16,27,22,116,116)
w(94,21,22,117,117)
r(0,19,22,118,118)
w(32,21,22,119,119)
w(10,23,22,120,120)
r(5,24,22,121,121)
r(25,26,22,122,122)
w(40,33,22,123,123)
w(27,26,22,124,124)
r(65,27,22,125,125)
w(40,34,22,126,126)
r(70,22,22,127,127)
w(35,31,22,128,128)
w(8,31,22,129,129)
r(96,18,22,130,130)
w(51,21,22,131,131)
w(24,25,22,132,132)
r(74,28,22,133,133)
r(64,19,22,134,134)
r(98,23,22,135,135)
r(99,27,22,136,136)
w(70,23,22,137,137)
w(95,26,22,138,138)
r(35,31,22,139,139)
r(58,17,22,140,140)
w(99,28,22,141,141)
r(41,26,22,142,142)
r(4,27,22,143,143)
r(33,20,22,144,144)
w(25,27,22,145,145)
r(15,15,22,146,146)
w(26,15,22,147,147)
r(16,27,22,148,148)
w(91,19,22,149,149)
r(47,19,22,150,150)
w(44,20,22,151,151)
r(8,31,22,152,152)
r(45,23,22,153,153)
r(19,19,22,154,154)
w(56,23,22,155,155)
r(21,19,22,156,156)
w(97,18,22,157,157)
w(74,29,22,158,158)
r(88,13,22,159,159)
w(45,24,22,160,160)
w(50,27,22,161,161)
r(87,34,22,162,162)
w(13,20,22,163,163)
w(5,25,22,164,164)
w(41,27,22,165,165)
w(8,32,22,166,166)
w(48,27,22,167,167)
r(49,23,22,168,168)
w(7,22,22,169,169)
r(50,27,22,170,170)
w(70,24,22,171,171)
r(57,26,22,172,172)
r(50,27,22,173,173)
r(0,19,22,174,174)
r(37,20,22,175,175)
r(84,21,22,176,176)
r(74,29,22,177,177)
w(33,21,22,178,178)
r(90,25,22,179,179)
r(46,23,22,180,180)
r(3,28,22,181,181)
r(72,20,22,182,182)
w(16,28,22,183,183)
w(23,25,22,184,184)
w(9,20,22,185,185)
w(60,27,22,186,186)
r(25,27,22,187,187)
r(83,28,22,188,188)
r(2,24,22,189,189)
w(55,21,22,190,190)
r(22,22,22,191,191)
w(40,35,22,192,192)
r(10,23,22,193,193)
r(97,18,22,194,194)
w(27,27,22,195,195)
r(42,18,22,196,196)
w(61,24,22,197,197)
w(76,21,22,198,198)
w(17,22,22,199,199)
r(28,26,23,0,0)
r(36,20,23,1,1)
r(82,18,23,2,2)
w(58,18,23,3,3)
r(16,28,23,4,4)
w(22,23,23,5,5)
r(46,23,23,6,6)
r(4,27,23,7,7)
w(0,20,23,8,8)
w(35,32,23,9,9)
w(37,21,23,10,10)
r(41,27,23,11,11)
r(4,27,23,12,12)
r(73,25,23,13,13)
w(35,33,23,14,14)
r(32,21,23,15,15)
r(87,34,23,16,16)
w(18,24,23,17,17)
w(6,22,23,18,18)
r(2,24,23,19,19)
w(15,16,23,20,20)
r(86,14,23,21,21)
w(94,22,23,22,22)
w(43,20,23,23,23)
r(70,24,23,24,24)
w(41,28,23,25,25)
w(1,25,23,26,26)
w(14,20,23,27,27)
w(29,15,23,28,28)
w(7,23,23,29,29)
r(80,28,23,30,30)
w(15,17,23,31,31)
r(85,31,23,32,32)
r(63,19,23,33,33)
w(63,20,23,34,34)
w(64,20,23,35,35)
r(56,23,23,36,36)
w(17,23,23,37,37)
w(59,23,23,38,38)
r(86,14,23,39,39)
w(90,26,23,40,40)
r(12,25,23,41,41)
w(65,28,23,42,42)
w(50,28,23,43,43)
w(6,23,23,44,44)
w(84,22,23,45,45)
w(97,19,23,46,46)
r(54,25,23,47,47)
r(65,28,23,48,48)
r(30,20,23,49,49)
r(74,29,23,50,50)
w(20,24,23,51,51)
r(3,28,23,52,52)
r(34,20,23,53,53)
r(26,15,23,54,54)
w(90,27,23,55,55)
r(42,18,23,56,56)
w(22,24,23,57,57)
r(12,25,23,58,58)
w(26,16,23,59,59)
w(23,26,23,60,60)
r(91,19,23,61,61)
w(72,21,23,62,62)
r(52,28,23,63,63)
w(3,29,23,64,64)
w(29,16,23,65,65)
r(41,28,23,66,66)
r(19,19,23,67,67)
w(4,28,23,68,68)
w(22,25,23,69,69)
r(40,35,23,70,70)
w(80,29,23,71,71)
w(83,29,23,72,72)
w(76,22,23,73,73)
r(40,35,23,74,74)
r(64,20,23,75,75)
r(52,28,23,76,76)
r(76,22,23,77,77)
r(62,15,23,78,78)
w(95,27,23,79,79)
w(69,26,23,80,80)
r(60,27,23,81,81)
w(57,27,23,82,82)
r(57,27,23,83,83)
r(96,18,23,84,84)
r(55,21,23,85,85)
r(35,33,23,86,86)
w(63,21,23,87,87)
r(79,21,23,88,88)
r(95,27,23,89,89)
w(72,22,23,90,90)
r(74,29,23,91,91)
r(52,28,23,92,92)
w(23,27,23,93,93)
w(90,28,23,94,94)
r(84,22,23,95,95)
r(37,21,23,96,96)
r(49,23,23,97,97)
w(85,32,23,98,98)
w(25,28,23,99,99)
w(60,28,23,100,100)
w(34,21,23,101,101)
r(80,29,23,102,102)
w(61,25,23,103,103)
r(21,19,23,104,104)
w(17,24,23,105,105)
r(50,28,23,106,106)
r(24,25,23,107,107)
r(52,28,23,108,108)
w(87,35,23,109,109)
r(74,29,23,110,110)
r(87,35,23,111,111)
r(9,20,23,112,112)
w(94,23,23,113,113)
w(6,24,23,114,114)
w(76,23,23,115,115)
r(30,20,23,116,116)
w(23,28,23,117,117)
r(31,25,23,118,118)
r(13,20,23,119,119)
w(23,29,23,120,120)
w(48,28,23,121,121)
w(16,29,23,122,122)
r(16,29,23,123,123)
w(18,25,23,124,124)
r(8,32,23,125,125)
r(41,28,23,126,126)
r(86,14,23,127,127)
w(83,30,23,128,128)
w(59,24,23,129,129)
w(89,23,23,130,130)
w(49,24,23,131,131)
w(8,33,23,132,132)
w(12,26,23,133,133)
r(32,21,23,134,134)
r(82,18,23,135,135)
r(94,23,23,136,136)
w(55,22,23,137,137)
r(44,20,23,138,138)
r(25,28,23,139,139)
w(1,26,23,140,140)
w(29,17,23,141,141)
r(79,21,23,142,142)
r(12,26,23,143,143)
w(36,21,23,144,144)
r(81,27,23,145,145)
w(88,14,23,146,146)
r(58,18,23,147,147)
w(70,25,23,148,148)
w(37,22,23,149,149)
r(67,26,23,150,150)
r(54,25,23,151,151)
w(81,28,23,152,152)
w(82,19,23,153,153)
w(78,21,23,154,154)
r(90,28,23,155,155)
r(2,24,23,156,156)
w(29,18,23,157,157)
w(32,22,23,158,158)
w(26,17,23,159,159)
w(84,23,23,160,160)
r(80,29,23,161,161)
w(46,24,23,162,162)
r(33,21,23,163,163)
w(26,18,23,164,164)
w(81,29,23,165,165)
w(32,23,23,166,166)
r(6,24,23,167,167)
r(37,22,23,168,168)
r(52,28,23,169,169)
r(20,24,23,170,170)
w(84,24,23,171,171)
w(53,29,23,172,172)
w(21,20,23,173,173)
w(20,25,23,174,174)
w(68,29,23,175,175)
r(59,24,23,176,176)
w(66,28,23,177,177)
r(45,24,23,178,178)
r(33,21,23,179,179)
w(31,26,23,180,180)
w(73,26,23,181,181)
w(46,25,23,182,182)
w(4,29,23,183,183)
r(65,28,23,184,184)
r(63,21,23,185,185)
w(48,29,23,186,186)
w(67,27,23,187,187)
r(68,29,23,188,188)
w(85,33,23,189,189)
w(54,26,23,190,190)
r(4,29,23,191,191)
r(89,23,23,192,192)
r(33,21,23,193,193)
r(72,22,23,194,194)
w(72,23,23,195,195)
r(56,23,23,196,196)
w(51,22,23,197,197)
w(66,29,23,198,198)
r(7,23,23,199,199)
w(12,27,24,0,0)
w(6,25,24,1,1)
r(39,24,24,2,2)
w(15,18,24,3,3)
w(61,26,24,4,4)
w(86,15,24,5,5)
r(55,22,24,6,6)
r(9,20,24,7,7)
r(1,26,24,8,8)
w(64,21,24,9,9)
r(26,18,24,10,10)
r(89,23,24,11,11)
r(9,20,24,12,12)
w(33,22,24,13,13)
r(9,20,24,14,14)
r(14,20,24,15,15)
w(64,22,24,16,16)
r(94,23,24,17,17)
r(48,29,24,18,18)
w(78,22,24,19,19)
w(33,23,24,20,20)
w(97,20,24,21,21)
w(35,34,24,22,22)
w(94,24,24,23,23)
r(54,26,24,24,24)
r(73,26,24,25,25)
r(90,28,24,26,26)
w(82,20,24,27,27)
r(51,22,24,28,28)
r(36,21,24,29,29)
r(56,23,24,30,30)
w(1,27,24,31,31)
r(18,25,24,32,32)
w(75,20,24,33,33)
r(24,25,24,34,34)
w(49,25,24,35,35)
r(45,24,24,36,36)
r(90,28,24,37,37)
r(98,23,24,38,38)
r(85,33,24,39,39)
r(90,28,24,40,40)
w(19,20,24,41,41)
w(8,34,24,42,42)
w(91,20,24,43,43)
w(8,35,24,44,44)
w(90,29,24,45,45)
r(38,22,24,46,46)
r(86,15,24,47,47)
r(93,23,24,48,48)
r(52,28,24,49,49)
w(36,22,24,50,50)
w(69,27,24,51,51)
w(87,36,24,52,52)
w(94,25,24,53,53)
w(57,28,24,54,54)
w(9,21,24,55,55)
r(13,20,24,56,56)
w(46,26,24,57,57)
w(9,22,24,58,58)
r(82,20,24,59,59)
w(31,27,24,60,60)
w(35,35,24,61,61)
r(24,25,24,62,62)
r(26,18,24,63,63)
r(12,27,24,64,64)
r(55,22,24,65,65)
w(71,23,24,66,66)
w(9,23,24,67,67)
w(41,29,24,68,68)
r(26,18,24,69,69)
w(5,26,24,70,70)
r(68,29,24,71,71)
r(25,28,24,72,72)
r(45,24,24,73,73)
w(47,20,24,74,74)
r(48,29,24,75,75)
w(58,19,24,76,76)
r(92,20,24,77,77)
r(15,18,24,78,78)
r(93,23,24,79,79)
w(48,30,24,80,80)
w(61,27,24,81,81)
w(64,23,24,82,82)
w(32,24,24,83,83)
r(38,22,24,84,84)
w(58,20,24,85,85)
r(3,29,24,86,86)
r(38,22,24,87,87)
r(64,23,24,88,88)
r(56,23,24,89,89)
w(38,23,24,90,90)
r(49,25,24,91,91)
w(84,25,24,92,92)
r(99,28,24,93,93)
r(61,27,24,94,94)
r(35,35,24,95,95)
w(90,30,24,96,96)
r(67,27,24,97,97)
w(66,30,24,98,98)
r(32,24,24,99,99)
r(37,22,24,100,100)
w(32,25,24,101,101)
r(7,23,24,102,102)
w(97,21,24,103,103)
r(88,14,24,104,104)
r(45,24,24,105,105)
w(41,30,24,106,106)
r(74,29,24,107,107)
w(26,19,24,108,108)
w(52,29,24,109,109)
w(88,15,24,110,110)
r(13,20,24,111,111)
w(48,31,24,112,112)
r(94,25,24,113,113)
w(12,28,24,114,114)
w(94,26,24,115,115)
r(44,20,24,116,116)
w(94,27,24,117,117)
w(74,30,24,118,118)
r(6,25,24,119,119)
w(18,26,24,120,120)
w(73,27,24,121,121)
w(63,22,24,122,122)
r(26,19,24,123,123)
w(39,25,24,124,124)
r(14,20,24,125,125)
w(71,24,24,126,126)
w(76,24,24,127,127)
r(38,23,24,128,128)
r(49,25,24,129,129)
r(24,25,24,130,130)
r(34,21,24,131,131)
r(29,18,24,132,132)
r(17,24,24,133,133)
w(63,23,24,134,134)
w(48,32,24,135,135)
r(51,22,24,136,136)
w(55,23,24,137,137)
r(54,26,24,138,138)
r(30,20,24,139,139)
w(49,26,24,140,140)
r(15,18,24,141,141)
w(96,19,24,142,142)
w(50,29,24,143,143)
w(1,28,24,144,144)
r(46,26,24,145,145)
w(9,24,24,146,146)
r(57,28,24,147,147)
r(42,18,24,148,148)
w(5,27,24,149,149)
w(24,26,24,150,150)
w(94,28,24,151,151)
r(30,20,24,152,152)
w(90,31,24,153,153)
r(25,28,24,154,154)
r(51,22,24,155,155)
r(74,30,24,156,156)
r(0,20,24,157,157)
r(23,29,24,158,158)
r(19,20,24,159,159)
r(76,24,24,160,160)
w(94,29,24,161,161)
r(15,18,24,162,162)
r(41,30,24,163,163)
w(2,25,24,164,164)
w(69,28,24,165,165)
w(65,29,24,166,166)
r(64,23,24,167,167)
r(11,24,24,168,168)
w(2,26,24,169,169)
r(73,27,24,170,170)
w(2,27,24,171,171)
w(73,28,24,172,172)
w(82,21,24,173,173)
r(11,24,24,174,174)
w(8,36,24,175,175)
w(98,24,24,176,176)
w(26,20,24,177,177)
r(1,28,24,178,178)
w(11,25,24,179,179)
r(28,26,24,180,180)
r(25,28,24,181,181)
r(24,26,24,182,182)
r(93,23,24,183,183)
r(95,27,24,184,184)
w(91,21,24,185,185)
r(26,20,24,186,186)
r(34,21,24,187,187)
r(64,23,24,188,188)
w(64,24,24,189,189)
r(42,18,24,190,190)
r(2,27,24,191,191)
w(85,34,24,192,192)
w(19,21,24,193,193)
r(79,21,24,194,194)
w(33,24,24,195,195)
w(17,25,24,196,196)
w(34,22,24,197,197)
r(37,22,24,198,198)
w(5,28,24,199,199)
