w(73,1,0,0,0)
w(2,1,0,1,1)
w(0,1,0,2,2)
w(0,2,0,3,3)
w(1,1,0,4,4)
w(1,2,0,5,5)
w(8,1,0,6,6)
r(53,0,0,7,7)
w(30,1,0,8,8)
w(7,1,0,9,9)
r(0,2,0,10,10)
w(41,1,0,11,11)
w(0,3,0,12,12)
w(0,4,0,13,13)
w(0,5,0,14,14)
w(0,6,0,15,15)
w(0,7,0,16,16)
w(3,1,0,17,17)
r(3,1,0,18,18)
w(0,8,0,19,19)
w(0,9,0,20,20)
w(41,2,0,21,21)
w(5,1,0,22,22)
w(28,1,0,23,23)
w(0,10,0,24,24)
w(1,3,0,25,25)
w(0,11,0,26,26)
w(14,1,0,27,27)
w(9,1,0,28,28)
w(73,2,0,29,29)
w(7,2,0,30,30)
w(70,1,0,31,31)
w(54,1,0,32,32)
w(2,2,0,33,33)
w(0,12,0,34,34)
w(1,4,0,35,35)
w(36,1,0,36,36)
w(3,2,0,37,37)
w(3,3,0,38,38)
w(23,1,0,39,39)
w(0,13,0,40,40)
w(0,14,0,41,41)
r(0,14,0,42,42)
w(0,15,0,43,43)
w(10,1,0,44,44)
w(2,3,0,45,45)
w(41,3,0,46,46)
w(3,4,0,47,47)
w(78,1,0,48,48)
w(15,1,0,49,49)
w(1,5,0,50,50)
w(2,4,0,51,51)
w(1,6,0,52,52)
w(60,1,0,53,53)
w(1,7,0,54,54)
w(0,16,0,55,55)
r(0,16,0,56,56)
w(59,1,0,57,57)
w(1,8,0,58,58)
w(2,5,0,59,59)
w(26,1,0,60,60)
w(49,1,0,61,61)
w(8,2,0,62,62)
w(3,5,0,63,63)
w(9,2,0,64,64)
w(0,17,0,65,65)
w(42,1,0,66,66)
w(0,18,0,67,67)
w(1,9,0,68,68)
w(77,1,0,69,69)
w(6,1,0,70,70)
w(1,10,0,71,71)
w(25,1,0,72,72)
w(10,2,0,73,73)
w(93,1,0,74,74)
r(5,1,0,75,75)
r(4,0,0,76,76)
w(0,19,0,77,77)
r(0,19,0,78,78)
w(75,1,0,79,79)
w(24,1,0,80,80)
w(0,20,0,81,81)
w(0,21,0,82,82)
r(5,1,0,83,83)
w(12,1,0,84,84)
w(88,1,0,85,85)
r(2,5,0,86,86)
w(59,2,0,87,87)
w(1,11,0,88,88)
w(7,3,0,89,89)
w(47,1,0,90,90)
r(8,2,0,91,91)
w(26,2,0,92,92)
w(15,2,0,93,93)
r(32,0,0,94,94)
w(0,22,0,95,95)
w(0,23,0,96,96)
w(1,12,0,97,97)
w(0,24,0,98,98)
w(63,1,0,99,99)
w(1,13,1,0,0)
w(26,3,1,1,1)
w(11,1,1,2,2)
w(25,2,1,3,3)
r(31,0,1,4,4)
r(10,2,1,5,5)
w(12,2,1,6,6)
w(3,6,1,7,7)
w(2,6,1,8,8)
w(5,2,1,9,9)
w(0,25,1,10,10)
w(9,3,1,11,11)
w(39,1,1,12,12)
w(65,1,1,13,13)
w(27,1,1,14,14)
w(2,7,1,15,15)
r(12,2,1,16,16)
w(18,1,1,17,17)
w(0,26,1,18,18)
w(20,1,1,19,19)
w(60,2,1,20,20)
w(15,3,1,21,21)
w(0,27,1,22,22)
w(4,1,1,23,23)
w(95,1,1,24,24)
r(11,1,1,25,25)
w(1,14,1,26,26)
w(7,4,1,27,27)
w(3,7,1,28,28)
w(8,3,1,29,29)
w(12,3,1,30,30)
w(2,8,1,31,31)
w(69,1,1,32,32)
r(93,1,1,33,33)
w(83,1,1,34,34)
w(28,2,1,35,35)
w(5,3,1,36,36)
w(0,28,1,37,37)
w(3,8,1,38,38)
w(0,29,1,39,39)
r(1,14,1,40,40)
w(83,2,1,41,41)
w(3,9,1,42,42)
r(2,8,1,43,43)
w(7,5,1,44,44)
w(2,9,1,45,45)
w(0,30,1,46,46)
w(0,31,1,47,47)
w(63,2,1,48,48)
w(20,2,1,49,49)
w(2,10,1,50,50)
w(3,10,1,51,51)
w(41,4,1,52,52)
w(2,11,1,53,53)
w(73,3,1,54,54)
w(19,1,1,55,55)
w(3,11,1,56,56)
w(21,1,1,57,57)
w(21,2,1,58,58)
w(45,1,1,59,59)
w(23,2,1,60,60)
w(1,15,1,61,61)
w(4,2,1,62,62)
w(8,4,1,63,63)
w(0,32,1,64,64)
w(2,12,1,65,65)
w(1,16,1,66,66)
w(65,2,1,67,67)
w(2,13,1,68,68)
w(7,6,1,69,69)
w(0,33,1,70,70)
w(0,34,1,71,71)
r(40,0,1,72,72)
w(38,1,1,73,73)
w(31,1,1,74,74)
w(3,12,1,75,75)
w(9,4,1,76,76)
w(0,35,1,77,77)
w(71,1,1,78,78)
w(30,2,1,79,79)
w(0,36,1,80,80)
r(1,16,1,81,81)
r(4,2,1,82,82)
w(9,5,1,83,83)
w(28,3,1,84,84)
w(6,2,1,85,85)
w(33,1,1,86,86)
w(20,3,1,87,87)
r(86,0,1,88,88)
w(8,5,1,89,89)
w(6,3,1,90,90)
w(9,6,1,91,91)
w(10,3,1,92,92)
w(5,4,1,93,93)
w(18,2,1,94,94)
w(68,1,1,95,95)
w(12,4,1,96,96)
w(0,37,1,97,97)
w(2,14,1,98,98)
r(0,37,1,99,99)
w(1,17,2,0,0)
w(29,1,2,1,1)
w(0,38,2,2,2)
w(0,39,2,3,3)
r(30,2,2,4,4)
w(14,2,2,5,5)
r(0,39,2,6,6)
w(44,1,2,7,7)
w(48,1,2,8,8)
w(77,2,2,9,9)
w(45,2,2,10,10)
w(22,1,2,11,11)
w(1,18,2,12,12)
w(0,40,2,13,13)
w(17,1,2,14,14)
w(2,15,2,15,15)
w(28,4,2,16,16)
r(24,1,2,17,17)
w(34,1,2,18,18)
w(0,41,2,19,19)
w(16,1,2,20,20)
w(90,1,2,21,21)
w(28,5,2,22,22)
w(6,4,2,23,23)
w(1,19,2,24,24)
w(3,13,2,25,25)
w(0,42,2,26,26)
w(64,1,2,27,27)
w(7,7,2,28,28)
w(0,43,2,29,29)
r(1,19,2,30,30)
w(11,2,2,31,31)
w(4,3,2,32,32)
w(0,44,2,33,33)
w(41,5,2,34,34)
w(0,45,2,35,35)
w(4,4,2,36,36)
w(35,1,2,37,37)
w(10,4,2,38,38)
r(4,4,2,39,39)
r(67,0,2,40,40)
w(0,46,2,41,41)
w(75,2,2,42,42)
w(20,4,2,43,43)
w(0,47,2,44,44)
w(2,16,2,45,45)
w(2,17,2,46,46)
w(19,2,2,47,47)
w(0,48,2,48,48)
w(80,1,2,49,49)
w(16,2,2,50,50)
w(0,49,2,51,51)
w(4,5,2,52,52)
w(1,20,2,53,53)
w(1,21,2,54,54)
w(0,50,2,55,55)
r(3,13,2,56,56)
w(9,7,2,57,57)
r(49,1,2,58,58)
w(0,51,2,59,59)
w(40,1,2,60,60)
w(0,52,2,61,61)
w(0,53,2,62,62)
w(70,2,2,63,63)
w(1,22,2,64,64)
w(0,54,2,65,65)
w(0,55,2,66,66)
w(0,56,2,67,67)
w(0,57,2,68,68)
w(2,18,2,69,69)
w(8,6,2,70,70)
w(0,58,2,71,71)
r(1,22,2,72,72)
r(13,0,2,73,73)
w(0,59,2,74,74)
w(13,1,2,75,75)
w(79,1,2,76,76)
r(16,2,2,77,77)
w(20,5,2,78,78)
w(4,6,2,79,79)
w(67,1,2,80,80)
w(0,60,2,81,81)
w(11,3,2,82,82)
r(0,60,2,83,83)
w(94,1,2,84,84)
w(35,2,2,85,85)
r(0,60,2,86,86)
w(0,61,2,87,87)
r(25,2,2,88,88)
w(19,3,2,89,89)
w(2,19,2,90,90)
w(0,62,2,91,91)
w(26,4,2,92,92)
r(1,22,2,93,93)
w(1,23,2,94,94)
w(12,5,2,95,95)
w(10,5,2,96,96)
w(1,24,2,97,97)
w(72,1,2,98,98)
w(31,2,2,99,99)
w(0,63,3,0,0)
w(25,3,3,1,1)
w(7,8,3,2,2)
w(31,3,3,3,3)
w(0,64,3,4,4)
w(50,1,3,5,5)
r(0,64,3,6,6)
w(0,65,3,7,7)
w(57,1,3,8,8)
w(0,66,3,9,9)
w(0,67,3,10,10)
w(2,20,3,11,11)
w(10,6,3,12,12)
w(3,14,3,13,13)
w(21,3,3,14,14)
w(16,3,3,15,15)
w(0,68,3,16,16)
w(15,4,3,17,17)
w(15,5,3,18,18)
w(4,7,3,19,19)
w(46,1,3,20,20)
w(0,69,3,21,21)
w(0,70,3,22,22)
w(56,1,3,23,23)
w(1,25,3,24,24)
w(7,9,3,25,25)
r(0,70,3,26,26)
w(1,26,3,27,27)
w(0,71,3,28,28)
w(66,1,3,29,29)
r(1,26,3,30,30)
w(0,72,3,31,31)
w(44,2,3,32,32)
w(4,8,3,33,33)
w(7,10,3,34,34)
w(42,2,3,35,35)
w(6,5,3,36,36)
w(22,2,3,37,37)
w(96,1,3,38,38)
w(18,3,3,39,39)
w(20,6,3,40,40)
r(6,5,3,41,41)
w(33,2,3,42,42)
w(2,21,3,43,43)
w(26,5,3,44,44)
w(0,73,3,45,45)
w(38,2,3,46,46)
w(48,2,3,47,47)
w(1,27,3,48,48)
w(9,8,3,49,49)
w(4,9,3,50,50)
w(87,1,3,51,51)
w(7,11,3,52,52)
w(20,7,3,53,53)
w(19,4,3,54,54)
r(90,1,3,55,55)
w(26,6,3,56,56)
r(1,27,3,57,57)
w(0,74,3,58,58)
w(12,6,3,59,59)
w(63,3,3,60,60)
w(6,6,3,61,61)
w(13,2,3,62,62)
w(9,9,3,63,63)
w(4,10,3,64,64)
w(3,15,3,65,65)
w(29,2,3,66,66)
w(66,2,3,67,67)
w(23,3,3,68,68)
w(1,28,3,69,69)
w(58,1,3,70,70)
w(3,16,3,71,71)
w(0,75,3,72,72)
w(23,4,3,73,73)
w(4,11,3,74,74)
w(21,4,3,75,75)
w(89,1,3,76,76)
w(70,3,3,77,77)
w(11,4,3,78,78)
w(0,76,3,79,79)
r(84,0,3,80,80)
w(12,7,3,81,81)
w(0,77,3,82,82)
r(30,2,3,83,83)
w(14,3,3,84,84)
w(26,7,3,85,85)
w(93,2,3,86,86)
w(2,22,3,87,87)
w(44,3,3,88,88)
w(0,78,3,89,89)
w(4,12,3,90,90)
w(0,79,3,91,91)
w(0,80,3,92,92)
w(2,23,3,93,93)
r(2,23,3,94,94)
w(2,24,3,95,95)
w(24,2,3,96,96)
w(2,25,3,97,97)
r(17,1,3,98,98)
r(6,6,3,99,99)
w(0,81,4,0,0)
w(22,3,4,1,1)
w(2,26,4,2,2)
w(0,82,4,3,3)
w(5,5,4,4,4)
w(2,27,4,5,5)
w(6,7,4,6,6)
w(3,17,4,7,7)
r(89,1,4,8,8)
w(3,18,4,9,9)
w(0,83,4,10,10)
w(6,8,4,11,11)
w(3,19,4,12,12)
w(1,29,4,13,13)
w(5,6,4,14,14)
w(27,2,4,15,15)
w(23,5,4,16,16)
w(5,7,4,17,17)
w(2,28,4,18,18)
r(0,83,4,19,19)
w(30,3,4,20,20)
w(0,84,4,21,21)
w(14,4,4,22,22)
w(4,13,4,23,23)
r(90,1,4,24,24)
w(5,8,4,25,25)
w(53,1,4,26,26)
r(12,7,4,27,27)
w(0,85,4,28,28)
r(3,19,4,29,29)
w(18,4,4,30,30)
w(0,86,4,31,31)
w(0,87,4,32,32)
w(3,20,4,33,33)
w(7,12,4,34,34)
w(22,4,4,35,35)
w(0,88,4,36,36)
w(6,9,4,37,37)
w(11,5,4,38,38)
w(38,3,4,39,39)
w(11,6,4,40,40)
w(51,1,4,41,41)
w(21,5,4,42,42)
w(16,4,4,43,43)
w(2,29,4,44,44)
w(69,2,4,45,45)
w(1,30,4,46,46)
r(1,30,4,47,47)
w(28,6,4,48,48)
w(0,89,4,49,49)
w(2,30,4,50,50)
w(92,1,4,51,51)
w(5,9,4,52,52)
w(24,3,4,53,53)
w(85,1,4,54,54)
r(29,2,4,55,55)
w(0,90,4,56,56)
w(27,3,4,57,57)
w(0,91,4,58,58)
w(4,14,4,59,59)
r(24,3,4,60,60)
w(35,3,4,61,61)
w(2,31,4,62,62)
w(0,92,4,63,63)
w(10,7,4,64,64)
w(15,6,4,65,65)
w(2,32,4,66,66)
w(48,3,4,67,67)
w(2,33,4,68,68)
w(0,93,4,69,69)
w(2,34,4,70,70)
w(69,3,4,71,71)
r(6,9,4,72,72)
w(89,2,4,73,73)
w(3,21,4,74,74)
w(11,7,4,75,75)
w(32,1,4,76,76)
w(9,10,4,77,77)
w(30,4,4,78,78)
w(0,94,4,79,79)
w(0,95,4,80,80)
w(0,96,4,81,81)
w(0,97,4,82,82)
r(0,97,4,83,83)
w(1,31,4,84,84)
w(38,4,4,85,85)
w(3,22,4,86,86)
w(11,8,4,87,87)
r(33,2,4,88,88)
w(5,10,4,89,89)
w(39,2,4,90,90)
w(2,35,4,91,91)
w(29,3,4,92,92)
w(52,1,4,93,93)
w(10,8,4,94,94)
w(44,4,4,95,95)
w(38,5,4,96,96)
w(0,98,4,97,97)
w(3,23,4,98,98)
w(0,99,4,99,99)
w(0,100,5,0,0)
r(24,3,5,1,1)
w(1,32,5,2,2)
w(4,15,5,3,3)
w(0,101,5,4,4)
w(15,7,5,5,5)
w(2,36,5,6,6)
w(4,16,5,7,7)
w(0,102,5,8,8)
w(7,13,5,9,9)
w(0,103,5,10,10)
w(4,17,5,11,11)
r(34,1,5,12,12)
w(0,104,5,13,13)
w(3,24,5,14,14)
w(0,105,5,15,15)
w(4,18,5,16,16)
w(19,5,5,17,17)
w(1,33,5,18,18)
w(1,34,5,19,19)
w(5,11,5,20,20)
w(4,19,5,21,21)
w(37,1,5,22,22)
w(5,12,5,23,23)
w(81,1,5,24,24)
w(2,37,5,25,25)
w(1,35,5,26,26)
w(24,4,5,27,27)
w(27,4,5,28,28)
w(1,36,5,29,29)
r(47,1,5,30,30)
w(2,38,5,31,31)
w(21,6,5,32,32)
w(0,106,5,33,33)
w(0,107,5,34,34)
w(49,2,5,35,35)
w(0,108,5,36,36)
w(85,2,5,37,37)
w(4,20,5,38,38)
w(0,109,5,39,39)
w(59,3,5,40,40)
r(49,2,5,41,41)
w(7,14,5,42,42)
w(0,110,5,43,43)
w(18,5,5,44,44)
w(19,6,5,45,45)
w(20,8,5,46,46)
w(1,37,5,47,47)
w(6,10,5,48,48)
w(3,25,5,49,49)
w(16,5,5,50,50)
w(21,7,5,51,51)
r(0,110,5,52,52)
w(1,38,5,53,53)
w(6,11,5,54,54)
w(3,26,5,55,55)
w(0,111,5,56,56)
w(1,39,5,57,57)
w(1,40,5,58,58)
w(2,39,5,59,59)
w(55,1,5,60,60)
w(0,112,5,61,61)
w(41,6,5,62,62)
w(3,27,5,63,63)
w(1,41,5,64,64)
w(58,2,5,65,65)
w(24,5,5,66,66)
w(16,6,5,67,67)
w(35,4,5,68,68)
w(9,11,5,69,69)
w(12,8,5,70,70)
w(1,42,5,71,71)
w(1,43,5,72,72)
w(2,40,5,73,73)
w(7,15,5,74,74)
w(80,2,5,75,75)
w(7,16,5,76,76)
w(12,9,5,77,77)
w(1,44,5,78,78)
w(11,9,5,79,79)
w(7,17,5,80,80)
w(0,113,5,81,81)
w(0,114,5,82,82)
w(1,45,5,83,83)
w(18,6,5,84,84)
w(39,3,5,85,85)
w(75,3,5,86,86)
w(21,8,5,87,87)
w(4,21,5,88,88)
w(24,6,5,89,89)
w(29,4,5,90,90)
w(66,3,5,91,91)
r(0,114,5,92,92)
r(4,21,5,93,93)
r(0,114,5,94,94)
w(3,28,5,95,95)
w(36,2,5,96,96)
w(0,115,5,97,97)
w(1,46,5,98,98)
w(93,3,5,99,99)
w(0,116,6,0,0)
w(73,4,6,1,1)
w(0,117,6,2,2)
w(0,118,6,3,3)
w(19,7,6,4,4)
w(0,119,6,5,5)
w(0,120,6,6,6)
w(69,4,6,7,7)
r(1,46,6,8,8)
w(14,5,6,9,9)
w(1,47,6,10,10)
w(1,48,6,11,11)
w(37,2,6,12,12)
w(5,13,6,13,13)
w(0,121,6,14,14)
w(50,2,6,15,15)
w(24,7,6,16,16)
w(0,122,6,17,17)
w(1,49,6,18,18)
w(28,7,6,19,19)
w(35,5,6,20,20)
w(0,123,6,21,21)
w(3,29,6,22,22)
r(0,123,6,23,23)
w(0,124,6,24,24)
w(21,9,6,25,25)
w(44,5,6,26,26)
r(4,21,6,27,27)
w(2,41,6,28,28)
w(55,2,6,29,29)
r(14,5,6,30,30)
w(0,125,6,31,31)
w(5,14,6,32,32)
w(68,2,6,33,33)
w(1,50,6,34,34)
w(33,3,6,35,35)
w(4,22,6,36,36)
w(0,126,6,37,37)
w(28,8,6,38,38)
w(16,7,6,39,39)
w(15,8,6,40,40)
w(1,51,6,41,41)
w(10,9,6,42,42)
w(34,2,6,43,43)
r(1,51,6,44,44)
w(1,52,6,45,45)
w(39,4,6,46,46)
w(77,3,6,47,47)
w(2,42,6,48,48)
w(0,127,6,49,49)
w(1,53,6,50,50)
w(17,2,6,51,51)
r(80,2,6,52,52)
w(0,128,6,53,53)
w(37,3,6,54,54)
w(1,54,6,55,55)
w(68,3,6,56,56)
r(29,4,6,57,57)
w(2,43,6,58,58)
w(2,44,6,59,59)
r(15,8,6,60,60)
w(28,9,6,61,61)
w(32,2,6,62,62)
w(1,55,6,63,63)
w(68,4,6,64,64)
w(35,6,6,65,65)
r(31,3,6,66,66)
w(1,56,6,67,67)
w(86,1,6,68,68)
w(5,15,6,69,69)
w(0,129,6,70,70)
w(37,4,6,71,71)
w(2,45,6,72,72)
w(53,2,6,73,73)
w(0,130,6,74,74)
w(3,30,6,75,75)
r(5,15,6,76,76)
w(1,57,6,77,77)
w(64,2,6,78,78)
w(1,58,6,79,79)
w(5,16,6,80,80)
w(0,131,6,81,81)
w(5,17,6,82,82)
w(83,3,6,83,83)
w(0,132,6,84,84)
w(10,10,6,85,85)
w(0,133,6,86,86)
w(0,134,6,87,87)
w(27,5,6,88,88)
w(4,23,6,89,89)
r(2,45,6,90,90)
w(0,135,6,91,91)
w(12,10,6,92,92)
w(69,5,6,93,93)
w(92,2,6,94,94)
w(7,18,6,95,95)
w(1,59,6,96,96)
w(0,136,6,97,97)
r(1,59,6,98,98)
w(0,137,6,99,99)
w(71,2,7,0,0)
w(51,2,7,1,1)
w(1,60,7,2,2)
w(33,4,7,3,3)
w(4,24,7,4,4)
w(2,46,7,5,5)
r(95,1,7,6,6)
w(46,2,7,7,7)
w(12,11,7,8,8)
w(8,7,7,9,9)
w(1,61,7,10,10)
w(9,12,7,11,11)
w(7,19,7,12,12)
r(5,17,7,13,13)
w(4,25,7,14,14)
w(21,10,7,15,15)
w(92,3,7,16,16)
w(1,62,7,17,17)
w(0,138,7,18,18)
w(41,7,7,19,19)
w(2,47,7,20,20)
w(6,12,7,21,21)
w(17,3,7,22,22)
r(45,2,7,23,23)
w(22,5,7,24,24)
r(4,25,7,25,25)
w(18,7,7,26,26)
w(6,13,7,27,27)
w(2,48,7,28,28)
r(0,138,7,29,29)
w(34,3,7,30,30)
w(0,139,7,31,31)
w(1,63,7,32,32)
w(23,6,7,33,33)
w(14,6,7,34,34)
w(22,6,7,35,35)
w(2,49,7,36,36)
w(77,4,7,37,37)
w(3,31,7,38,38)
w(83,4,7,39,39)
w(7,20,7,40,40)
w(4,26,7,41,41)
w(24,8,7,42,42)
r(55,2,7,43,43)
w(1,64,7,44,44)
w(0,140,7,45,45)
w(55,3,7,46,46)
w(99,1,7,47,47)
w(74,1,7,48,48)
w(0,141,7,49,49)
w(91,1,7,50,50)
w(3,32,7,51,51)
w(0,142,7,52,52)
w(23,7,7,53,53)
w(1,65,7,54,54)
w(32,3,7,55,55)
w(53,3,7,56,56)
w(0,143,7,57,57)
w(67,2,7,58,58)
r(2,49,7,59,59)
w(4,27,7,60,60)
w(9,13,7,61,61)
w(13,3,7,62,62)
w(54,2,7,63,63)
w(0,144,7,64,64)
w(0,145,7,65,65)
w(0,146,7,66,66)
w(94,2,7,67,67)
w(41,8,7,68,68)
w(3,33,7,69,69)
w(10,11,7,70,70)
w(8,8,7,71,71)
w(1,66,7,72,72)
w(0,147,7,73,73)
w(0,148,7,74,74)
w(0,149,7,75,75)
w(2,50,7,76,76)
w(68,5,7,77,77)
w(3,34,7,78,78)
w(27,6,7,79,79)
w(97,1,7,80,80)
w(86,2,7,81,81)
w(65,3,7,82,82)
w(0,150,7,83,83)
w(18,8,7,84,84)
w(45,3,7,85,85)
w(31,4,7,86,86)
w(19,8,7,87,87)
w(3,35,7,88,88)
w(19,9,7,89,89)
w(8,9,7,90,90)
w(50,3,7,91,91)
w(63,4,7,92,92)
w(16,8,7,93,93)
w(95,2,7,94,94)
w(6,14,7,95,95)
w(0,151,7,96,96)
w(42,3,7,97,97)
w(46,3,7,98,98)
w(5,18,7,99,99)
w(6,15,8,0,0)
r(0,151,8,1,1)
w(6,16,8,2,2)
w(8,10,8,3,3)
w(0,152,8,4,4)
w(3,36,8,5,5)
w(7,21,8,6,6)
w(0,153,8,7,7)
w(8,11,8,8,8)
w(0,154,8,9,9)
w(2,51,8,10,10)
w(2,52,8,11,11)
w(0,155,8,12,12)
w(8,12,8,13,13)
w(3,37,8,14,14)
w(82,1,8,15,15)
w(15,9,8,16,16)
r(23,7,8,17,17)
r(2,52,8,18,18)
w(0,156,8,19,19)
w(0,157,8,20,20)
w(15,10,8,21,21)
w(9,14,8,22,22)
w(96,2,8,23,23)
w(0,158,8,24,24)
r(54,2,8,25,25)
w(40,2,8,26,26)
w(1,67,8,27,27)
w(77,5,8,28,28)
w(80,3,8,29,29)
r(13,3,8,30,30)
w(8,13,8,31,31)
w(1,68,8,32,32)
w(18,9,8,33,33)
w(81,2,8,34,34)
w(1,69,8,35,35)
w(15,11,8,36,36)
w(46,4,8,37,37)
w(24,9,8,38,38)
w(7,22,8,39,39)
w(39,5,8,40,40)
w(1,70,8,41,41)
w(0,159,8,42,42)
w(0,160,8,43,43)
w(45,4,8,44,44)
r(9,14,8,45,45)
w(1,71,8,46,46)
w(14,7,8,47,47)
w(1,72,8,48,48)
w(17,4,8,49,49)
w(17,5,8,50,50)
w(21,11,8,51,51)
w(9,15,8,52,52)
w(0,161,8,53,53)
w(2,53,8,54,54)
w(0,162,8,55,55)
w(3,38,8,56,56)
w(22,7,8,57,57)
w(0,163,8,58,58)
w(3,39,8,59,59)
w(8,14,8,60,60)
w(19,10,8,61,61)
w(13,4,8,62,62)
w(1,73,8,63,63)
w(0,164,8,64,64)
w(1,74,8,65,65)
w(2,54,8,66,66)
w(37,5,8,67,67)
w(0,165,8,68,68)
w(5,19,8,69,69)
w(7,23,8,70,70)
w(9,16,8,71,71)
r(76,0,8,72,72)
w(3,40,8,73,73)
w(1,75,8,74,74)
w(41,9,8,75,75)
w(8,15,8,76,76)
w(0,166,8,77,77)
w(27,7,8,78,78)
w(4,28,8,79,79)
w(28,10,8,80,80)
w(1,76,8,81,81)
w(80,4,8,82,82)
w(0,167,8,83,83)
w(5,20,8,84,84)
r(1,76,8,85,85)
w(87,2,8,86,86)
w(78,2,8,87,87)
w(63,5,8,88,88)
w(59,4,8,89,89)
w(6,17,8,90,90)
w(74,2,8,91,91)
w(4,29,8,92,92)
w(3,41,8,93,93)
w(9,17,8,94,94)
w(1,77,8,95,95)
w(0,168,8,96,96)
w(33,5,8,97,97)
w(24,10,8,98,98)
w(45,5,8,99,99)
w(0,169,9,0,0)
w(65,4,9,1,1)
r(75,3,9,2,2)
w(10,12,9,3,3)
r(80,4,9,4,4)
w(30,5,9,5,5)
w(4,30,9,6,6)
w(0,170,9,7,7)
w(5,21,9,8,8)
w(0,171,9,9,9)
w(27,8,9,10,10)
w(12,12,9,11,11)
w(88,2,9,12,12)
w(58,3,9,13,13)
w(19,11,9,14,14)
w(17,6,9,15,15)
r(61,0,9,16,16)
w(2,55,9,17,17)
w(85,3,9,18,18)
w(74,3,9,19,19)
w(0,172,9,20,20)
r(9,17,9,21,21)
w(0,173,9,22,22)
w(5,22,9,23,23)
r(3,41,9,24,24)
w(44,6,9,25,25)
w(13,5,9,26,26)
w(2,56,9,27,27)
w(0,174,9,28,28)
w(2,57,9,29,29)
w(4,31,9,30,30)
w(1,78,9,31,31)
w(4,32,9,32,32)
w(10,13,9,33,33)
w(4,33,9,34,34)
w(16,9,9,35,35)
w(1,79,9,36,36)
r(20,8,9,37,37)
r(47,1,9,38,38)
w(7,24,9,39,39)
w(33,6,9,40,40)
w(0,175,9,41,41)
w(11,10,9,42,42)
r(14,7,9,43,43)
w(67,3,9,44,44)
w(10,14,9,45,45)
w(2,58,9,46,46)
w(1,80,9,47,47)
w(0,176,9,48,48)
r(47,1,9,49,49)
w(6,18,9,50,50)
w(1,81,9,51,51)
w(41,10,9,52,52)
w(9,18,9,53,53)
r(3,41,9,54,54)
w(0,177,9,55,55)
w(4,34,9,56,56)
w(0,178,9,57,57)
w(2,59,9,58,58)
w(4,35,9,59,59)
w(3,42,9,60,60)
w(0,179,9,61,61)
w(3,43,9,62,62)
w(0,180,9,63,63)
w(36,3,9,64,64)
w(2,60,9,65,65)
w(61,1,9,66,66)
w(1,82,9,67,67)
w(3,44,9,68,68)
r(1,82,9,69,69)
w(21,12,9,70,70)
r(0,180,9,71,71)
w(67,4,9,72,72)
w(12,13,9,73,73)
r(36,3,9,74,74)
w(6,19,9,75,75)
w(4,36,9,76,76)
w(4,37,9,77,77)
w(4,38,9,78,78)
w(2,61,9,79,79)
w(18,10,9,80,80)
w(45,6,9,81,81)
w(86,3,9,82,82)
w(58,4,9,83,83)
w(12,14,9,84,84)
w(2,62,9,85,85)
r(0,180,9,86,86)
w(3,45,9,87,87)
w(2,63,9,88,88)
w(0,181,9,89,89)
w(1,83,9,90,90)
w(1,84,9,91,91)
w(0,182,9,92,92)
w(5,23,9,93,93)
r(53,3,9,94,94)
w(78,3,9,95,95)
w(6,20,9,96,96)
w(30,6,9,97,97)
w(20,9,9,98,98)
w(0,183,9,99,99)
r(1,84,10,0,0)
w(12,15,10,1,1)
w(49,3,10,2,2)
w(13,6,10,3,3)
r(1,84,10,4,4)
w(4,39,10,5,5)
w(16,10,10,6,6)
w(0,184,10,7,7)
w(65,5,10,8,8)
w(12,16,10,9,9)
w(9,19,10,10,10)
w(1,85,10,11,11)
w(1,86,10,12,12)
w(1,87,10,13,13)
w(4,40,10,14,14)
w(1,88,10,15,15)
w(0,185,10,16,16)
w(58,5,10,17,17)
w(16,11,10,18,18)
w(3,46,10,19,19)
w(25,4,10,20,20)
w(1,89,10,21,21)
w(16,12,10,22,22)
r(5,23,10,23,23)
w(2,64,10,24,24)
w(11,11,10,25,25)
w(4,41,10,26,26)
w(9,20,10,27,27)
w(11,12,10,28,28)
w(5,24,10,29,29)
w(47,2,10,30,30)
w(1,90,10,31,31)
w(30,7,10,32,32)
w(1,91,10,33,33)
w(0,186,10,34,34)
w(2,65,10,35,35)
w(53,4,10,36,36)
w(2,66,10,37,37)
w(1,92,10,38,38)
w(3,47,10,39,39)
w(92,4,10,40,40)
w(1,93,10,41,41)
w(54,3,10,42,42)
w(47,3,10,43,43)
w(38,6,10,44,44)
r(0,186,10,45,45)
w(1,94,10,46,46)
w(0,187,10,47,47)
w(46,5,10,48,48)
w(24,11,10,49,49)
w(31,5,10,50,50)
w(30,8,10,51,51)
w(6,21,10,52,52)
w(0,188,10,53,53)
w(14,8,10,54,54)
w(7,25,10,55,55)
w(33,7,10,56,56)
w(58,6,10,57,57)
w(9,21,10,58,58)
w(1,95,10,59,59)
w(65,6,10,60,60)
r(54,3,10,61,61)
w(53,5,10,62,62)
w(23,8,10,63,63)
w(7,26,10,64,64)
w(20,10,10,65,65)
w(12,17,10,66,66)
w(0,189,10,67,67)
w(0,190,10,68,68)
w(5,25,10,69,69)
r(3,47,10,70,70)
w(0,191,10,71,71)
w(2,67,10,72,72)
w(1,96,10,73,73)
w(12,18,10,74,74)
w(12,19,10,75,75)
w(40,3,10,76,76)
w(38,7,10,77,77)
w(94,3,10,78,78)
w(8,16,10,79,79)
w(73,5,10,80,80)
w(89,3,10,81,81)
w(79,2,10,82,82)
w(1,97,10,83,83)
w(6,22,10,84,84)
w(1,98,10,85,85)
w(16,13,10,86,86)
w(10,15,10,87,87)
w(7,27,10,88,88)
w(58,7,10,89,89)
w(0,192,10,90,90)
w(0,193,10,91,91)
w(43,1,10,92,92)
w(1,99,10,93,93)
w(97,2,10,94,94)
w(5,26,10,95,95)
w(1,100,10,96,96)
r(3,47,10,97,97)
w(5,27,10,98,98)
w(2,68,10,99,99)
w(19,12,11,0,0)
w(1,101,11,1,1)
w(5,28,11,2,2)
w(66,4,11,3,3)
w(8,17,11,4,4)
w(2,69,11,5,5)
w(7,28,11,6,6)
w(1,102,11,7,7)
r(0,193,11,8,8)
w(10,16,11,9,9)
w(0,194,11,10,10)
w(1,103,11,11,11)
w(17,7,11,12,12)
w(6,23,11,13,13)
w(0,195,11,14,14)
w(21,13,11,15,15)
w(2,70,11,16,16)
w(18,11,11,17,17)
w(1,104,11,18,18)
w(4,42,11,19,19)
w(4,43,11,20,20)
w(41,11,11,21,21)
w(7,29,11,22,22)
w(42,4,11,23,23)
w(0,196,11,24,24)
w(1,105,11,25,25)
w(13,7,11,26,26)
w(36,4,11,27,27)
w(18,12,11,28,28)
w(0,197,11,29,29)
w(23,9,11,30,30)
w(0,198,11,31,31)
w(2,71,11,32,32)
w(25,5,11,33,33)
w(41,12,11,34,34)
w(1,106,11,35,35)
r(3,47,11,36,36)
w(43,2,11,37,37)
w(12,20,11,38,38)
w(8,18,11,39,39)
w(7,30,11,40,40)
w(66,5,11,41,41)
w(1,107,11,42,42)
w(6,24,11,43,43)
w(1,108,11,44,44)
r(2,71,11,45,45)
w(6,25,11,46,46)
w(39,6,11,47,47)
w(1,109,11,48,48)
w(47,4,11,49,49)
w(4,44,11,50,50)
w(95,3,11,51,51)
w(50,4,11,52,52)
w(10,17,11,53,53)
w(1,110,11,54,54)
w(1,111,11,55,55)
w(4,45,11,56,56)
w(11,13,11,57,57)
w(15,12,11,58,58)
w(47,5,11,59,59)
r(38,7,11,60,60)
r(22,7,11,61,61)
w(0,199,11,62,62)
w(3,48,11,63,63)
w(0,200,11,64,64)
w(52,2,11,65,65)
w(21,14,11,66,66)
w(3,49,11,67,67)
w(0,201,11,68,68)
r(16,13,11,69,69)
w(0,202,11,70,70)
r(11,13,11,71,71)
w(88,3,11,72,72)
w(77,6,11,73,73)
w(40,4,11,74,74)
w(1,112,11,75,75)
w(13,8,11,76,76)
w(0,203,11,77,77)
w(0,204,11,78,78)
w(1,113,11,79,79)
w(9,22,11,80,80)
w(46,6,11,81,81)
r(67,4,11,82,82)
w(8,19,11,83,83)
w(0,205,11,84,84)
w(4,46,11,85,85)
w(15,13,11,86,86)
w(3,50,11,87,87)
w(2,72,11,88,88)
w(1,114,11,89,89)
w(12,21,11,90,90)
w(1,115,11,91,91)
w(33,8,11,92,92)
w(34,4,11,93,93)
w(0,206,11,94,94)
w(67,5,11,95,95)
w(56,2,11,96,96)
w(2,73,11,97,97)
w(0,207,11,98,98)
w(21,15,11,99,99)
w(89,4,12,0,0)
w(12,22,12,1,1)
w(0,208,12,2,2)
w(0,209,12,3,3)
w(0,210,12,4,4)
w(1,116,12,5,5)
w(52,3,12,6,6)
w(96,3,12,7,7)
w(73,6,12,8,8)
w(98,1,12,9,9)
w(99,2,12,10,10)
w(19,13,12,11,11)
w(12,23,12,12,12)
w(59,5,12,13,13)
w(86,4,12,14,14)
r(3,50,12,15,15)
w(1,117,12,16,16)
w(0,211,12,17,17)
w(9,23,12,18,18)
w(16,14,12,19,19)
w(79,3,12,20,20)
w(21,16,12,21,21)
w(13,9,12,22,22)
w(9,24,12,23,23)
r(2,73,12,24,24)
r(24,11,12,25,25)
w(33,9,12,26,26)
w(4,47,12,27,27)
w(28,11,12,28,28)
w(2,74,12,29,29)
w(3,51,12,30,30)
r(86,4,12,31,31)
w(56,3,12,32,32)
w(15,14,12,33,33)
w(9,25,12,34,34)
w(76,1,12,35,35)
r(0,211,12,36,36)
r(3,51,12,37,37)
w(5,29,12,38,38)
w(0,212,12,39,39)
w(1,118,12,40,40)
r(1,118,12,41,41)
w(1,119,12,42,42)
w(78,4,12,43,43)
w(12,24,12,44,44)
w(2,75,12,45,45)
w(48,4,12,46,46)
w(36,5,12,47,47)
w(6,26,12,48,48)
w(0,213,12,49,49)
w(25,6,12,50,50)
w(0,214,12,51,51)
w(0,215,12,52,52)
w(14,9,12,53,53)
w(88,4,12,54,54)
w(0,216,12,55,55)
w(8,20,12,56,56)
w(36,6,12,57,57)
r(0,216,12,58,58)
w(1,120,12,59,59)
w(17,8,12,60,60)
w(40,5,12,61,61)
w(6,27,12,62,62)
w(0,217,12,63,63)
w(20,11,12,64,64)
w(1,121,12,65,65)
w(0,218,12,66,66)
w(0,219,12,67,67)
w(0,220,12,68,68)
w(74,4,12,69,69)
w(8,21,12,70,70)
w(23,10,12,71,71)
w(0,221,12,72,72)
w(4,48,12,73,73)
w(19,14,12,74,74)
w(8,22,12,75,75)
w(3,52,12,76,76)
w(0,222,12,77,77)
w(75,4,12,78,78)
w(79,4,12,79,79)
w(6,28,12,80,80)
w(69,6,12,81,81)
w(49,4,12,82,82)
w(44,7,12,83,83)
w(19,15,12,84,84)
w(12,25,12,85,85)
w(0,223,12,86,86)
w(12,26,12,87,87)
w(8,23,12,88,88)
w(0,224,12,89,89)
w(1,122,12,90,90)
w(46,7,12,91,91)
w(94,4,12,92,92)
w(19,16,12,93,93)
w(41,13,12,94,94)
w(0,225,12,95,95)
w(76,2,12,96,96)
w(32,4,12,97,97)
w(85,4,12,98,98)
w(1,123,12,99,99)
w(9,26,13,0,0)
w(8,24,13,1,1)
w(43,3,13,2,2)
r(1,123,13,3,3)
w(5,30,13,4,4)
r(1,123,13,5,5)
w(25,7,13,6,6)
w(24,12,13,7,7)
w(0,226,13,8,8)
w(5,31,13,9,9)
w(2,76,13,10,10)
w(1,124,13,11,11)
w(1,125,13,12,12)
w(46,8,13,13,13)
r(5,31,13,14,14)
w(44,8,13,15,15)
w(69,7,13,16,16)
w(8,25,13,17,17)
w(3,53,13,18,18)
w(53,6,13,19,19)
w(62,1,13,20,20)
w(1,126,13,21,21)
w(5,32,13,22,22)
w(56,4,13,23,23)
w(1,127,13,24,24)
w(0,227,13,25,25)
w(3,54,13,26,26)
w(3,55,13,27,27)
w(16,15,13,28,28)
w(8,26,13,29,29)
w(54,4,13,30,30)
w(6,29,13,31,31)
w(0,228,13,32,32)
w(46,9,13,33,33)
w(0,229,13,34,34)
w(64,3,13,35,35)
w(1,128,13,36,36)
w(63,6,13,37,37)
r(45,6,13,38,38)
w(8,27,13,39,39)
w(31,6,13,40,40)
w(5,33,13,41,41)
w(34,5,13,42,42)
w(0,230,13,43,43)
w(0,231,13,44,44)
w(17,9,13,45,45)
r(0,231,13,46,46)
w(0,232,13,47,47)
w(3,56,13,48,48)
w(37,6,13,49,49)
w(8,28,13,50,50)
w(26,8,13,51,51)
w(0,233,13,52,52)
w(8,29,13,53,53)
w(2,77,13,54,54)
w(80,5,13,55,55)
w(7,31,13,56,56)
w(99,3,13,57,57)
w(9,27,13,58,58)
w(0,234,13,59,59)
w(3,57,13,60,60)
w(87,3,13,61,61)
w(1,129,13,62,62)
w(22,8,13,63,63)
w(68,6,13,64,64)
w(21,17,13,65,65)
w(5,34,13,66,66)
w(2,78,13,67,67)
w(35,7,13,68,68)
w(16,16,13,69,69)
w(0,235,13,70,70)
w(81,3,13,71,71)
w(60,3,13,72,72)
w(28,12,13,73,73)
w(58,8,13,74,74)
w(0,236,13,75,75)
w(0,237,13,76,76)
w(0,238,13,77,77)
w(0,239,13,78,78)
w(42,5,13,79,79)
w(1,130,13,80,80)
w(45,7,13,81,81)
w(57,2,13,82,82)
w(0,240,13,83,83)
w(10,18,13,84,84)
r(68,6,13,85,85)
w(10,19,13,86,86)
w(0,241,13,87,87)
w(10,20,13,88,88)
w(41,14,13,89,89)
w(11,14,13,90,90)
w(14,10,13,91,91)
r(10,20,13,92,92)
w(2,79,13,93,93)
w(22,9,13,94,94)
w(14,11,13,95,95)
w(9,28,13,96,96)
w(38,8,13,97,97)
r(12,26,13,98,98)
w(1,131,13,99,99)
w(2,80,14,0,0)
w(1,132,14,1,1)
w(0,242,14,2,2)
w(8,30,14,3,3)
w(0,243,14,4,4)
w(11,15,14,5,5)
w(53,7,14,6,6)
r(2,80,14,7,7)
w(34,6,14,8,8)
w(14,12,14,9,9)
w(16,17,14,10,10)
w(40,6,14,11,11)
w(13,10,14,12,12)
w(58,9,14,13,13)
w(0,244,14,14,14)
w(11,16,14,15,15)
w(0,245,14,16,16)
w(73,7,14,17,17)
w(0,246,14,18,18)
r(3,57,14,19,19)
w(18,13,14,20,20)
w(0,247,14,21,21)
w(52,4,14,22,22)
w(0,248,14,23,23)
w(11,17,14,24,24)
w(1,133,14,25,25)
w(25,8,14,26,26)
w(16,18,14,27,27)
w(0,249,14,28,28)
r(64,3,14,29,29)
w(33,10,14,30,30)
w(0,250,14,31,31)
w(0,251,14,32,32)
w(24,13,14,33,33)
w(0,252,14,34,34)
w(4,49,14,35,35)
w(32,5,14,36,36)
w(14,13,14,37,37)
w(0,253,14,38,38)
w(66,6,14,39,39)
w(0,254,14,40,40)
w(0,255,14,41,41)
w(36,7,14,42,42)
w(13,11,14,43,43)
w(34,7,14,44,44)
w(21,18,14,45,45)
w(14,14,14,46,46)
w(8,31,14,47,47)
w(99,4,14,48,48)
w(66,7,14,49,49)
w(14,15,14,50,50)
w(19,17,14,51,51)
w(35,8,14,52,52)
w(9,29,14,53,53)
w(22,10,14,54,54)
w(5,35,14,55,55)
w(1,134,14,56,56)
w(0,256,14,57,57)
w(22,11,14,58,58)
w(0,257,14,59,59)
w(95,4,14,60,60)
r(2,80,14,61,61)
w(1,135,14,62,62)
w(2,81,14,63,63)
w(1,136,14,64,64)
w(0,258,14,65,65)
w(0,259,14,66,66)
r(1,136,14,67,67)
w(0,260,14,68,68)
w(4,50,14,69,69)
w(4,51,14,70,70)
w(12,27,14,71,71)
w(54,5,14,72,72)
r(62,1,14,73,73)
w(86,5,14,74,74)
w(0,261,14,75,75)
w(31,7,14,76,76)
w(10,21,14,77,77)
r(60,3,14,78,78)
w(53,8,14,79,79)
w(57,3,14,80,80)
w(7,32,14,81,81)
w(45,8,14,82,82)
w(72,2,14,83,83)
w(2,82,14,84,84)
w(8,32,14,85,85)
w(0,262,14,86,86)
w(7,33,14,87,87)
w(0,263,14,88,88)
w(0,264,14,89,89)
w(0,265,14,90,90)
w(13,12,14,91,91)
w(5,36,14,92,92)
w(13,13,14,93,93)
r(56,4,14,94,94)
w(5,37,14,95,95)
r(0,265,14,96,96)
w(64,4,14,97,97)
w(50,5,14,98,98)
r(77,6,14,99,99)
r(14,15,15,0,0)
r(0,265,15,1,1)
w(15,15,15,2,2)
w(35,9,15,3,3)
r(0,265,15,4,4)
w(0,266,15,5,5)
w(2,83,15,6,6)
w(1,137,15,7,7)
w(0,267,15,8,8)
w(10,22,15,9,9)
w(3,58,15,10,10)
w(35,10,15,11,11)
w(84,1,15,12,12)
w(60,4,15,13,13)
w(20,12,15,14,14)
w(3,59,15,15,15)
w(1,138,15,16,16)
w(96,4,15,17,17)
w(4,52,15,18,18)
w(10,23,15,19,19)
w(1,139,15,20,20)
w(37,7,15,21,21)
w(24,14,15,22,22)
w(26,9,15,23,23)
w(24,15,15,24,24)
w(6,30,15,25,25)
w(4,53,15,26,26)
r(6,30,15,27,27)
w(58,10,15,28,28)
w(42,6,15,29,29)
w(0,268,15,30,30)
w(1,140,15,31,31)
w(45,9,15,32,32)
w(82,2,15,33,33)
r(40,6,15,34,34)
w(66,8,15,35,35)
w(0,269,15,36,36)
w(1,141,15,37,37)
w(2,84,15,38,38)
w(25,9,15,39,39)
w(1,142,15,40,40)
w(36,8,15,41,41)
w(22,12,15,42,42)
w(3,60,15,43,43)
w(9,30,15,44,44)
w(0,270,15,45,45)
w(0,271,15,46,46)
w(5,38,15,47,47)
w(8,33,15,48,48)
w(36,9,15,49,49)
w(45,10,15,50,50)
w(1,143,15,51,51)
w(0,272,15,52,52)
w(1,144,15,53,53)
w(0,273,15,54,54)
w(0,274,15,55,55)
w(30,9,15,56,56)
w(12,28,15,57,57)
r(6,30,15,58,58)
w(1,145,15,59,59)
w(35,11,15,60,60)
w(30,10,15,61,61)
r(0,274,15,62,62)
w(49,5,15,63,63)
w(8,34,15,64,64)
w(99,5,15,65,65)
w(6,31,15,66,66)
w(2,85,15,67,67)
w(16,19,15,68,68)
w(45,11,15,69,69)
w(10,24,15,70,70)
w(12,29,15,71,71)
w(2,86,15,72,72)
w(12,30,15,73,73)
w(0,275,15,74,74)
w(0,276,15,75,75)
w(1,146,15,76,76)
w(8,35,15,77,77)
w(15,16,15,78,78)
w(17,10,15,79,79)
w(5,39,15,80,80)
w(1,147,15,81,81)
w(70,4,15,82,82)
w(32,6,15,83,83)
w(1,148,15,84,84)
w(1,149,15,85,85)
w(29,5,15,86,86)
w(19,18,15,87,87)
w(15,17,15,88,88)
w(0,277,15,89,89)
w(2,87,15,90,90)
w(23,11,15,91,91)
w(2,88,15,92,92)
w(4,54,15,93,93)
w(26,10,15,94,94)
w(79,5,15,95,95)
w(38,9,15,96,96)
w(0,278,15,97,97)
w(2,89,15,98,98)
w(0,279,15,99,99)
w(20,13,16,0,0)
r(8,35,16,1,1)
w(91,2,16,2,2)
w(1,150,16,3,3)
w(78,5,16,4,4)
w(2,90,16,5,5)
w(3,61,16,6,6)
r(0,279,16,7,7)
w(95,5,16,8,8)
w(5,40,16,9,9)
w(2,91,16,10,10)
w(37,8,16,11,11)
w(41,15,16,12,12)
w(1,151,16,13,13)
w(1,152,16,14,14)
w(2,92,16,15,15)
r(43,3,16,16,16)
w(0,280,16,17,17)
w(59,6,16,18,18)
w(8,36,16,19,19)
w(0,281,16,20,20)
w(49,6,16,21,21)
w(1,153,16,22,22)
w(21,19,16,23,23)
w(1,154,16,24,24)
r(26,10,16,25,25)
w(4,55,16,26,26)
w(99,6,16,27,27)
w(0,282,16,28,28)
w(0,283,16,29,29)
w(0,284,16,30,30)
w(7,34,16,31,31)
w(5,41,16,32,32)
w(23,12,16,33,33)
w(0,285,16,34,34)
w(24,16,16,35,35)
w(30,11,16,36,36)
w(64,5,16,37,37)
w(1,155,16,38,38)
w(1,156,16,39,39)
w(24,17,16,40,40)
w(9,31,16,41,41)
w(4,56,16,42,42)
w(0,286,16,43,43)
w(0,287,16,44,44)
w(0,288,16,45,45)
w(17,11,16,46,46)
w(0,289,16,47,47)
w(2,93,16,48,48)
w(68,7,16,49,49)
w(4,57,16,50,50)
w(30,12,16,51,51)
r(1,156,16,52,52)
w(4,58,16,53,53)
w(30,13,16,54,54)
w(50,6,16,55,55)
w(4,59,16,56,56)
w(2,94,16,57,57)
w(15,18,16,58,58)
w(0,290,16,59,59)
w(18,14,16,60,60)
w(2,95,16,61,61)
w(2,96,16,62,62)
w(3,62,16,63,63)
w(0,291,16,64,64)
w(86,6,16,65,65)
w(1,157,16,66,66)
w(3,63,16,67,67)
w(11,18,16,68,68)
w(6,32,16,69,69)
w(22,13,16,70,70)
w(60,5,16,71,71)
r(37,8,16,72,72)
w(2,97,16,73,73)
w(0,292,16,74,74)
r(7,34,16,75,75)
w(1,158,16,76,76)
r(32,6,16,77,77)
w(34,8,16,78,78)
r(11,18,16,79,79)
w(0,293,16,80,80)
r(1,158,16,81,81)
r(22,13,16,82,82)
w(1,159,16,83,83)
w(0,294,16,84,84)
w(76,3,16,85,85)
w(7,35,16,86,86)
w(0,295,16,87,87)
w(35,12,16,88,88)
w(9,32,16,89,89)
w(16,20,16,90,90)
r(0,295,16,91,91)
w(23,13,16,92,92)
w(30,14,16,93,93)
r(1,159,16,94,94)
w(43,4,16,95,95)
w(4,60,16,96,96)
w(70,5,16,97,97)
w(1,160,16,98,98)
w(12,31,16,99,99)
w(34,9,17,0,0)
w(55,4,17,1,1)
w(0,296,17,2,2)
w(59,7,17,3,3)
w(24,18,17,4,4)
w(0,297,17,5,5)
w(89,5,17,6,6)
w(94,5,17,7,7)
w(14,16,17,8,8)
w(0,298,17,9,9)
w(0,299,17,10,10)
w(9,33,17,11,11)
w(1,161,17,12,12)
w(25,10,17,13,13)
w(2,98,17,14,14)
w(96,5,17,15,15)
w(2,99,17,16,16)
w(0,300,17,17,17)
w(0,301,17,18,18)
w(77,7,17,19,19)
w(71,3,17,20,20)
w(12,32,17,21,21)
w(5,42,17,22,22)
r(1,161,17,23,23)
w(2,100,17,24,24)
r(3,63,17,25,25)
r(11,18,17,26,26)
w(64,6,17,27,27)
w(0,302,17,28,28)
w(86,7,17,29,29)
w(3,64,17,30,30)
w(78,6,17,31,31)
w(14,17,17,32,32)
w(0,303,17,33,33)
w(36,10,17,34,34)
w(28,13,17,35,35)
w(0,304,17,36,36)
w(1,162,17,37,37)
w(32,7,17,38,38)
w(11,19,17,39,39)
r(4,60,17,40,40)
w(54,6,17,41,41)
w(30,15,17,42,42)
w(4,61,17,43,43)
r(61,1,17,44,44)
w(6,33,17,45,45)
w(12,33,17,46,46)
r(2,100,17,47,47)
w(3,65,17,48,48)
w(1,163,17,49,49)
w(1,164,17,50,50)
w(4,62,17,51,51)
w(0,305,17,52,52)
w(0,306,17,53,53)
r(37,8,17,54,54)
w(0,307,17,55,55)
w(47,6,17,56,56)
w(0,308,17,57,57)
w(22,14,17,58,58)
w(0,309,17,59,59)
w(5,43,17,60,60)
w(18,15,17,61,61)
w(71,4,17,62,62)
w(10,25,17,63,63)
w(3,66,17,64,64)
w(23,14,17,65,65)
w(2,101,17,66,66)
w(40,7,17,67,67)
w(18,16,17,68,68)
w(1,165,17,69,69)
w(0,310,17,70,70)
w(7,36,17,71,71)
w(0,311,17,72,72)
w(46,10,17,73,73)
w(4,63,17,74,74)
w(1,166,17,75,75)
w(49,7,17,76,76)
w(33,11,17,77,77)
w(1,167,17,78,78)
w(0,312,17,79,79)
w(70,6,17,80,80)
w(2,102,17,81,81)
w(28,14,17,82,82)
w(21,20,17,83,83)
r(0,312,17,84,84)
r(3,66,17,85,85)
w(56,5,17,86,86)
w(0,313,17,87,87)
w(17,12,17,88,88)
w(5,44,17,89,89)
w(7,37,17,90,90)
r(15,18,17,91,91)
w(0,314,17,92,92)
w(62,2,17,93,93)
w(1,168,17,94,94)
w(30,16,17,95,95)
w(7,38,17,96,96)
w(18,17,17,97,97)
w(34,10,17,98,98)
w(5,45,17,99,99)
r(0,314,18,0,0)
w(1,169,18,1,1)
r(3,66,18,2,2)
w(1,170,18,3,3)
w(15,19,18,4,4)
w(0,315,18,5,5)
w(0,316,18,6,6)
w(9,34,18,7,7)
w(0,317,18,8,8)
w(6,34,18,9,9)
w(0,318,18,10,10)
r(94,5,18,11,11)
w(3,67,18,12,12)
w(5,46,18,13,13)
w(14,18,18,14,14)
w(68,8,18,15,15)
w(8,37,18,16,16)
w(0,319,18,17,17)
w(20,14,18,18,18)
w(20,15,18,19,19)
w(3,68,18,20,20)
w(0,320,18,21,21)
w(1,171,18,22,22)
w(9,35,18,23,23)
w(29,6,18,24,24)
w(83,5,18,25,25)
w(50,7,18,26,26)
w(1,172,18,27,27)
w(3,69,18,28,28)
w(7,39,18,29,29)
w(41,16,18,30,30)
w(39,7,18,31,31)
w(1,173,18,32,32)
w(1,174,18,33,33)
w(5,47,18,34,34)
r(0,320,18,35,35)
w(1,175,18,36,36)
w(48,5,18,37,37)
w(1,176,18,38,38)
w(32,8,18,39,39)
w(0,321,18,40,40)
w(0,322,18,41,41)
w(4,64,18,42,42)
r(16,20,18,43,43)
w(93,4,18,44,44)
w(0,323,18,45,45)
w(11,20,18,46,46)
w(0,324,18,47,47)
w(1,177,18,48,48)
w(1,178,18,49,49)
w(11,21,18,50,50)
r(0,324,18,51,51)
w(0,325,18,52,52)
w(6,35,18,53,53)
w(33,12,18,54,54)
w(66,9,18,55,55)
w(34,11,18,56,56)
w(0,326,18,57,57)
w(6,36,18,58,58)
w(0,327,18,59,59)
w(5,48,18,60,60)
w(17,13,18,61,61)
w(2,103,18,62,62)
w(24,19,18,63,63)
w(4,65,18,64,64)
w(29,7,18,65,65)
w(1,179,18,66,66)
w(17,14,18,67,67)
w(65,7,18,68,68)
w(10,26,18,69,69)
w(20,16,18,70,70)
w(0,328,18,71,71)
w(0,329,18,72,72)
w(68,9,18,73,73)
w(20,17,18,74,74)
w(15,20,18,75,75)
w(2,104,18,76,76)
w(25,11,18,77,77)
w(1,180,18,78,78)
w(19,19,18,79,79)
w(10,27,18,80,80)
w(8,38,18,81,81)
w(3,70,18,82,82)
w(3,71,18,83,83)
w(1,181,18,84,84)
w(16,21,18,85,85)
w(16,22,18,86,86)
w(56,6,18,87,87)
w(6,37,18,88,88)
w(8,39,18,89,89)
w(58,11,18,90,90)
r(47,6,18,91,91)
w(51,3,18,92,92)
w(0,330,18,93,93)
w(29,8,18,94,94)
r(61,1,18,95,95)
r(5,48,18,96,96)
w(27,9,18,97,97)
w(25,12,18,98,98)
w(27,10,18,99,99)
w(2,105,19,0,0)
w(71,5,19,1,1)
w(1,182,19,2,2)
r(38,9,19,3,3)
w(1,183,19,4,4)
w(24,20,19,5,5)
w(0,331,19,6,6)
w(2,106,19,7,7)
w(1,184,19,8,8)
w(24,21,19,9,9)
w(26,11,19,10,10)
r(39,7,19,11,11)
w(34,12,19,12,12)
w(0,332,19,13,13)
w(0,333,19,14,14)
w(0,334,19,15,15)
w(3,72,19,16,16)
w(24,22,19,17,17)
w(2,107,19,18,18)
r(20,17,19,19,19)
r(1,184,19,20,20)
w(23,15,19,21,21)
w(0,335,19,22,22)
w(0,336,19,23,23)
w(1,185,19,24,24)
w(53,9,19,25,25)
r(0,336,19,26,26)
w(6,38,19,27,27)
r(22,14,19,28,28)
w(21,21,19,29,29)
r(30,16,19,30,30)
r(2,107,19,31,31)
w(16,23,19,32,32)
w(3,73,19,33,33)
w(27,11,19,34,34)
w(35,13,19,35,35)
w(0,337,19,36,36)
w(10,28,19,37,37)
w(28,15,19,38,38)
w(0,338,19,39,39)
r(2,107,19,40,40)
w(0,339,19,41,41)
w(9,36,19,42,42)
w(1,186,19,43,43)
w(0,340,19,44,44)
w(59,8,19,45,45)
r(2,107,19,46,46)
r(48,5,19,47,47)
w(3,74,19,48,48)
w(55,5,19,49,49)
w(8,40,19,50,50)
w(5,49,19,51,51)
w(32,9,19,52,52)
w(15,21,19,53,53)
w(0,341,19,54,54)
w(17,15,19,55,55)
w(5,50,19,56,56)
w(1,187,19,57,57)
w(0,342,19,58,58)
w(48,6,19,59,59)
w(0,343,19,60,60)
w(32,10,19,61,61)
w(1,188,19,62,62)
w(0,344,19,63,63)
w(18,18,19,64,64)
w(1,189,19,65,65)
w(0,345,19,66,66)
w(93,5,19,67,67)
w(61,2,19,68,68)
r(5,50,19,69,69)
w(11,22,19,70,70)
w(1,190,19,71,71)
r(16,23,19,72,72)
w(10,29,19,73,73)
w(0,346,19,74,74)
w(80,6,19,75,75)
r(4,65,19,76,76)
w(16,24,19,77,77)
w(1,191,19,78,78)
r(85,4,19,79,79)
w(8,41,19,80,80)
w(22,15,19,81,81)
w(0,347,19,82,82)
w(77,8,19,83,83)
w(16,25,19,84,84)
w(13,14,19,85,85)
w(0,348,19,86,86)
w(17,16,19,87,87)
w(21,22,19,88,88)
w(9,37,19,89,89)
w(2,108,19,90,90)
w(0,349,19,91,91)
w(0,350,19,92,92)
w(1,192,19,93,93)
w(0,351,19,94,94)
w(0,352,19,95,95)
w(0,353,19,96,96)
w(0,354,19,97,97)
w(9,38,19,98,98)
w(20,18,19,99,99)
